header: 
  seq: 2338
  stamp: 
    secs: 1548820815
    nsecs: 655914936
  frame_id: "base_link"
angle_min: -2.35619449615
angle_max: 2.35619449615
angle_increment: 0.00436332309619
time_increment: 1.73611151695e-05
scan_time: 0.0250000003725
range_min: 0.019999999553
range_max: 30.0
ranges: [0.3140000104904175, 0.3179999887943268, 0.31200000643730164, 0.3230000138282776, 0.32499998807907104, 0.3199999928474426, 0.3160000145435333, 0.3160000145435333, 0.3160000145435333, 0.3230000138282776, 0.3230000138282776, 0.3179999887943268, 0.3179999887943268, 0.3179999887943268, 0.2930000126361847, 0.2930000126361847, 0.2930000126361847, 0.26600000262260437, 0.27000001072883606, 0.25099998712539673, 0.25099998712539673, 0.3009999990463257, 0.30799999833106995, 0.30799999833106995, 0.3070000112056732, 0.30399999022483826, 0.30399999022483826, 0.2849999964237213, 0.29100000858306885, 0.30799999833106995, 0.31299999356269836, 0.3050000071525574, 0.3050000071525574, 0.3050000071525574, 0.3050000071525574, 0.29899999499320984, 0.3019999861717224, 0.3059999942779541, 0.30300000309944153, 0.30000001192092896, 0.2939999997615814, 0.2930000126361847, 0.29100000858306885, 0.28999999165534973, 0.28999999165534973, 0.29100000858306885, 0.296999990940094, 0.2939999997615814, 0.29499998688697815, 0.30000001192092896, 0.30000001192092896, 0.2939999997615814, 0.29499998688697815, 0.30399999022483826, 0.2849999964237213, 0.2919999957084656, 0.2849999964237213, 0.28200000524520874, 0.28700000047683716, 0.2919999957084656, 0.2939999997615814, 0.2939999997615814, 0.2939999997615814, 0.2939999997615814, 0.29100000858306885, 0.2879999876022339, 0.2809999883174896, 0.2770000100135803, 0.2770000100135803, 0.2770000100135803, 0.2720000147819519, 0.27900001406669617, 0.289000004529953, 0.289000004529953, 0.29100000858306885, 0.28200000524520874, 0.28299999237060547, 0.2930000126361847, 0.28999999165534973, 0.2840000092983246, 0.28200000524520874, 0.27399998903274536, 0.2709999978542328, 0.2709999978542328, 0.26899999380111694, 0.2800000011920929, 0.2800000011920929, 0.27799999713897705, 0.27799999713897705, 0.289000004529953, 0.28999999165534973, 0.28200000524520874, 0.2759999930858612, 0.2720000147819519, 0.2709999978542328, 0.2759999930858612, 0.2720000147819519, 0.2680000066757202, 0.27399998903274536, 0.2770000100135803, 0.27000001072883606, 0.27000001072883606, 0.27799999713897705, 0.27900001406669617, 0.2750000059604645, 0.27300000190734863, 0.2750000059604645, 0.27900001406669617, 0.2770000100135803, 0.27300000190734863, 0.2759999930858612, 0.2840000092983246, 0.2800000011920929, 0.2720000147819519, 0.2709999978542328, 0.2709999978542328, 0.27000001072883606, 0.2709999978542328, 0.2709999978542328, 0.2709999978542328, 0.2709999978542328, 0.2680000066757202, 0.26600000262260437, 0.26600000262260437, 0.2709999978542328, 0.27300000190734863, 0.2720000147819519, 0.2680000066757202, 0.26600000262260437, 0.26600000262260437, 0.26899999380111694, 0.26899999380111694, 0.26899999380111694, 0.26600000262260437, 0.2669999897480011, 0.2669999897480011, 0.26600000262260437, 0.26600000262260437, 0.26899999380111694, 0.26600000262260437, 0.26899999380111694, 0.26100000739097595, 0.26100000739097595, 0.26600000262260437, 0.2720000147819519, 0.26899999380111694, 0.25699999928474426, 0.25699999928474426, 0.2669999897480011, 0.27300000190734863, 0.2709999978542328, 0.2669999897480011, 0.26499998569488525, 0.2669999897480011, 0.2720000147819519, 0.26600000262260437, 0.26899999380111694, 0.26899999380111694, 0.26499998569488525, 0.2709999978542328, 0.2709999978542328, 0.2720000147819519, 0.26899999380111694, 0.26600000262260437, 0.26600000262260437, 0.2680000066757202, 0.27300000190734863, 0.2709999978542328, 0.2639999985694885, 0.2669999897480011, 0.2590000033378601, 0.26100000739097595, 0.26600000262260437, 0.26899999380111694, 0.2709999978542328, 0.2680000066757202, 0.26899999380111694, 0.2720000147819519, 0.27000001072883606, 0.2669999897480011, 0.26100000739097595, 0.25999999046325684, 0.25999999046325684, 0.2619999945163727, 0.2669999897480011, 0.27300000190734863, 0.2549999952316284, 0.2669999897480011, 0.2680000066757202, 0.2669999897480011, 0.2549999952316284, 0.257999986410141, 0.2619999945163727, 0.26899999380111694, 0.26899999380111694, 0.2720000147819519, 0.2639999985694885, 0.2619999945163727, 0.2639999985694885, 0.2680000066757202, 0.25600001215934753, 0.25600001215934753, 0.2630000114440918, 0.27000001072883606, 0.2770000100135803, 0.2630000114440918, 0.26100000739097595, 0.26499998569488525, 0.2680000066757202, 0.26600000262260437, 0.27000001072883606, 0.27000001072883606, 0.2669999897480011, 0.2639999985694885, 0.2630000114440918, 0.26600000262260437, 0.2669999897480011, 0.2669999897480011, 0.2669999897480011, 0.2770000100135803, 0.2680000066757202, 0.2680000066757202, 0.2680000066757202, 0.2720000147819519, 0.26600000262260437, 0.27000001072883606, 0.2750000059604645, 0.2750000059604645, 0.2770000100135803, 0.2770000100135803, 0.2759999930858612, 0.2759999930858612, 0.28299999237060547, 0.2849999964237213, 0.2800000011920929, 0.27399998903274536, 0.27399998903274536, 0.27900001406669617, 0.289000004529953, 0.28200000524520874, 0.2800000011920929, 0.28200000524520874, 0.29100000858306885, 0.2840000092983246, 0.2809999883174896, 0.2800000011920929, 0.2800000011920929, 0.2800000011920929, 0.28200000524520874, 0.2849999964237213, 0.2840000092983246, 0.28700000047683716, 0.28999999165534973, 0.289000004529953, 0.289000004529953, 0.28600001335144043, 0.2919999957084656, 0.30300000309944153, 0.28999999165534973, 0.30000001192092896, 0.30000001192092896, 0.29499998688697815, 0.29100000858306885, 0.2980000078678131, 0.3059999942779541, 0.30399999022483826, 0.3070000112056732, 0.3089999854564667, 0.3070000112056732, 0.30300000309944153, 0.30300000309944153, 0.30399999022483826, 0.30399999022483826, 0.3059999942779541, 0.3190000057220459, 0.32100000977516174, 0.3190000057220459, 0.31200000643730164, 0.3140000104904175, 0.3149999976158142, 0.31700000166893005, 0.3199999928474426, 0.3199999928474426, 0.3179999887943268, 0.32499998807907104, 0.328000009059906, 0.328000009059906, 0.3269999921321869, 0.3269999921321869, 0.3269999921321869, 0.33000001311302185, 0.3230000138282776, 0.3199999928474426, 0.32199999690055847, 0.32600000500679016, 0.32499998807907104, 0.3269999921321869, 0.32600000500679016, 0.3319999873638153, 0.32899999618530273, 0.32899999618530273, 0.335999995470047, 0.3449999988079071, 0.3529999852180481, 0.3440000116825104, 0.3449999988079071, 0.3499999940395355, 0.3490000069141388, 0.3490000069141388, 0.34700000286102295, 0.3479999899864197, 0.3540000021457672, 0.3529999852180481, 0.35199999809265137, 0.35499998927116394, 0.3580000102519989, 0.35600000619888306, 0.3630000054836273, 0.367000013589859, 0.375, 0.375, 0.36800000071525574, 0.3659999966621399, 0.3720000088214874, 0.3700000047683716, 0.36800000071525574, 0.38499999046325684, 0.382999986410141, 0.3709999918937683, 0.3930000066757202, 0.3930000066757202, 0.38999998569488525, 0.3930000066757202, 0.3970000147819519, 0.3959999978542328, 0.3959999978542328, 0.39500001072883606, 0.39399999380111694, 0.39500001072883606, 0.3959999978542328, 0.4050000011920929, 0.40400001406669617, 0.40799999237060547, 0.4189999997615814, 0.4189999997615814, 0.4269999861717224, 0.414000004529953, 0.414000004529953, 0.42399999499320984, 0.4269999861717224, 0.4269999861717224, 0.4339999854564667, 0.4390000104904175, 0.4390000104904175, 0.4429999887943268, 0.44699999690055847, 0.4480000138282776, 0.453000009059906, 0.4519999921321869, 0.4569999873638153, 0.4569999873638153, 0.4569999873638153, 0.4650000035762787, 0.46799999475479126, 0.4740000069141388, 0.4749999940395355, 0.48100000619888306, 0.48399999737739563, 0.4860000014305115, 0.4880000054836273, 0.48899999260902405, 0.49000000953674316, 0.4909999966621399, 0.492000013589859, 0.49799999594688416, 0.503000020980835, 0.5049999952316284, 0.5109999775886536, 0.515999972820282, 0.5299999713897705, 0.5270000100135803, 0.5239999890327454, 0.5270000100135803, 0.5370000004768372, 0.5360000133514404, 0.5370000004768372, 0.5370000004768372, 0.5400000214576721, 0.5609999895095825, 0.5600000023841858, 0.5619999766349792, 0.5649999976158142, 0.5649999976158142, 0.5659999847412109, 0.5759999752044678, 0.5799999833106995, 0.5809999704360962, 0.5860000252723694, 0.5989999771118164, 0.6060000061988831, 0.6079999804496765, 0.6060000061988831, 0.6129999756813049, 0.6179999709129333, 0.628000020980835, 0.6380000114440918, 0.6420000195503235, 0.6510000228881836, 0.652999997138977, 0.656000018119812, 0.6589999794960022, 0.6629999876022339, 0.6639999747276306, 0.6759999990463257, 0.6850000023841858, 0.6980000138282776, 0.699999988079071, 0.7089999914169312, 0.7170000076293945, 0.7210000157356262, 0.7379999756813049, 0.7480000257492065, 0.7599999904632568, 0.7689999938011169, 0.7770000100135803, 0.7850000262260437, 0.7990000247955322, 0.8080000281333923, 0.8169999718666077, 0.8389999866485596, 0.8569999933242798, 0.9240000247955322, 1.0180000066757202, 1.2269999980926514, 1.9170000553131104, 1.9299999475479126, 1.9320000410079956, 1.934000015258789, 1.9320000410079956, 1.9320000410079956, 1.9299999475479126, 1.9279999732971191, 1.9270000457763672, 1.9249999523162842, 1.9229999780654907, 1.9229999780654907, 1.9190000295639038, 1.9170000553131104, 1.9129999876022339, 1.9129999876022339, 1.9149999618530273, 1.909999966621399, 1.9119999408721924, 1.9049999713897705, 1.8990000486373901, 1.8980000019073486, 1.8969999551773071, 1.8969999551773071, 1.8890000581741333, 1.8860000371932983, 1.8839999437332153, 1.8839999437332153, 1.8830000162124634, 1.8839999437332153, 1.8849999904632568, 1.8739999532699585, 1.875, 1.875, 1.878999948501587, 1.8799999952316284, 1.8830000162124634, 1.8799999952316284, 1.8760000467300415, 1.8730000257492065, 1.8730000257492065, 1.8730000257492065, 1.8760000467300415, 1.8760000467300415, 1.8700000047683716, 1.8669999837875366, 1.8630000352859497, 1.8639999628067017, 1.8639999628067017, 1.8669999837875366, 1.871000051498413, 1.8639999628067017, 1.8580000400543213, 1.850000023841858, 1.8459999561309814, 1.843000054359436, 1.843000054359436, 1.840000033378601, 1.840000033378601, 1.8339999914169312, 1.8309999704360962, 1.8240000009536743, 1.8259999752044678, 1.8289999961853027, 1.8270000219345093, 1.8229999542236328, 1.819000005722046, 1.819000005722046, 1.812000036239624, 1.809000015258789, 1.809999942779541, 1.8109999895095825, 1.8070000410079956, 1.7999999523162842, 1.7949999570846558, 1.7949999570846558, 1.7920000553131104, 1.781999945640564, 1.781000018119812, 1.7769999504089355, 1.781000018119812, 1.7730000019073486, 1.7719999551773071, 1.7690000534057617, 1.7680000066757202, 1.7610000371932983, 1.7619999647140503, 1.7549999952316284, 1.7510000467300415, 1.746999979019165, 1.7410000562667847, 1.7410000562667847, 1.7359999418258667, 1.7269999980926514, 1.722000002861023, 1.715000033378601, 1.7139999866485596, 1.7139999866485596, 1.7070000171661377, 1.7000000476837158, 1.7000000476837158, 1.6920000314712524, 1.690999984741211, 1.6890000104904175, 1.6890000104904175, 1.680999994277954, 1.6759999990463257, 1.6710000038146973, 1.6679999828338623, 1.6660000085830688, 1.6619999408721924, 1.6610000133514404, 1.6540000438690186, 1.6440000534057617, 1.6430000066757202, 1.6369999647140503, 1.628999948501587, 1.6200000047683716, 1.6180000305175781, 1.6169999837875366, 1.6109999418258667, 1.6080000400543213, 1.6009999513626099, 1.5950000286102295, 1.590999960899353, 1.5870000123977661, 1.5789999961853027, 1.5700000524520874, 1.5709999799728394, 1.5700000524520874, 1.565000057220459, 1.559999942779541, 1.5479999780654907, 1.5449999570846558, 1.5360000133514404, 1.527999997138977, 1.5240000486373901, 1.5290000438690186, 1.5240000486373901, 1.5149999856948853, 1.5130000114440918, 1.503999948501587, 1.50600004196167, 1.5, 1.4869999885559082, 1.4819999933242798, 1.4769999980926514, 1.472000002861023, 1.4670000076293945, 1.4630000591278076, 1.4579999446868896, 1.437000036239624, 1.434000015258789, 1.4299999475479126, 1.4270000457763672, 1.4229999780654907, 1.4199999570846558, 1.4160000085830688, 1.4019999504089355, 1.399999976158142, 1.3930000066757202, 1.3869999647140503, 1.378000020980835, 1.371000051498413, 1.3630000352859497, 1.3589999675750732, 1.3509999513626099, 1.3450000286102295, 1.3380000591278076, 1.3320000171661377, 1.3289999961853027, 1.3220000267028809, 1.3179999589920044, 1.3079999685287476, 1.2949999570846558, 1.2960000038146973, 1.2910000085830688, 1.284999966621399, 1.274999976158142, 1.2660000324249268, 1.2649999856948853, 1.2619999647140503, 1.2580000162124634, 1.2400000095367432, 1.2369999885559082, 1.2339999675750732, 1.2130000591278076, 1.215999960899353, 1.2100000381469727, 1.2029999494552612, 1.1920000314712524, 1.184999942779541, 1.1740000247955322, 1.1660000085830688, 1.1549999713897705, 1.1480000019073486, 1.1330000162124634, 1.1139999628067017, 1.1080000400543213, 1.1050000190734863, 1.1039999723434448, 1.1019999980926514, 1.090000033378601, 1.0779999494552612, 1.0729999542236328, 1.0700000524520874, 1.059999942779541, 1.0499999523162842, 1.0470000505447388, 1.0429999828338623, 1.0429999828338623, 1.034999966621399, 1.034999966621399, 1.0299999713897705, 1.0230000019073486, 1.0180000066757202, 1.00600004196167, 0.9959999918937683, 0.9929999709129333, 0.9879999756813049, 0.9850000143051147, 0.9750000238418579, 0.9710000157356262, 0.9629999995231628, 0.9570000171661377, 0.9570000171661377, 0.9520000219345093, 0.9449999928474426, 0.9430000185966492, 0.9390000104904175, 0.9419999718666077, 0.949999988079071, 0.9340000152587891, 0.9229999780654907, 0.9259999990463257, 0.9259999990463257, 0.9210000038146973, 0.9049999713897705, 0.8999999761581421, 0.9010000228881836, 0.8930000066757202, 0.8930000066757202, 0.8859999775886536, 0.8849999904632568, 0.8840000033378601, 0.8820000290870667, 0.8799999952316284, 0.8730000257492065, 0.8690000176429749, 0.8690000176429749, 0.8669999837875366, 0.8529999852180481, 0.8529999852180481, 0.8489999771118164, 0.8489999771118164, 0.8489999771118164, 0.8489999771118164, 0.8410000205039978, 0.8360000252723694, 0.8360000252723694, 0.8410000205039978, 0.8399999737739563, 0.8349999785423279, 0.8240000009536743, 0.8149999976158142, 0.8069999814033508, 0.8090000152587891, 0.8090000152587891, 0.8069999814033508, 0.7960000038146973, 0.7929999828338623, 0.7940000295639038, 0.7940000295639038, 0.7929999828338623, 0.7919999957084656, 0.7900000214576721, 0.7839999794960022, 0.7770000100135803, 0.7770000100135803, 0.7730000019073486, 0.7620000243186951, 0.7620000243186951, 0.7590000033378601, 0.7609999775886536, 0.7609999775886536, 0.7609999775886536, 0.7570000290870667, 0.7540000081062317, 0.7540000081062317, 0.7480000257492065, 0.7429999709129333, 0.7440000176429749, 0.7459999918937683, 0.7440000176429749, 0.7369999885559082, 0.7260000109672546, 0.7260000109672546, 0.7350000143051147, 0.7409999966621399, 0.7229999899864197, 0.7250000238418579, 0.7269999980926514, 0.718999981880188, 0.718999981880188, 0.7160000205039978, 0.7120000123977661, 0.7120000123977661, 0.7120000123977661, 0.7099999785423279, 0.7059999704360962, 0.7059999704360962, 0.7089999914169312, 0.7089999914169312, 0.7059999704360962, 0.7039999961853027, 0.6959999799728394, 0.6959999799728394, 0.6959999799728394, 0.6880000233650208, 0.6880000233650208, 0.6880000233650208, 0.6880000233650208, 0.6880000233650208, 0.6880000233650208, 0.6880000233650208, 0.6859999895095825, 0.6809999942779541, 0.6859999895095825, 0.6840000152587891, 0.6819999814033508, 0.6800000071525574, 0.6840000152587891, 0.6819999814033508, 0.675000011920929, 0.671999990940094, 0.6759999990463257, 0.6779999732971191, 0.6690000295639038, 0.6710000038146973, 0.671999990940094, 0.6740000247955322, 0.6700000166893005, 0.6650000214576721, 0.6639999747276306, 0.6610000133514404, 0.6579999923706055, 0.6579999923706055, 0.6629999876022339, 0.6679999828338623, 0.6639999747276306, 0.6639999747276306, 0.6639999747276306, 0.6679999828338623, 0.6639999747276306, 0.6589999794960022, 0.6600000262260437, 0.652999997138977, 0.6499999761581421, 0.6520000100135803, 0.6539999842643738, 0.6539999842643738, 0.652999997138977, 0.652999997138977, 0.6539999842643738, 0.6539999842643738, 0.6549999713897705, 0.6549999713897705, 0.6449999809265137, 0.6430000066757202, 0.640999972820282, 0.640999972820282, 0.6439999938011169, 0.6439999938011169, 0.6420000195503235, 0.6420000195503235, 0.6480000019073486, 0.6439999938011169, 0.6389999985694885, 0.6399999856948853, 0.6439999938011169, 0.6420000195503235, 0.6359999775886536, 0.6349999904632568, 0.6380000114440918, 0.6449999809265137, 0.6330000162124634, 0.6330000162124634, 0.6320000290870667, 0.6340000033378601, 0.640999972820282, 0.6449999809265137, 0.6399999856948853, 0.6349999904632568, 0.6349999904632568, 0.6349999904632568, 0.6380000114440918, 0.6359999775886536, 0.6340000033378601, 0.6449999809265137, 0.6420000195503235, 0.6389999985694885, 0.6320000290870667, 0.6320000290870667, 0.6340000033378601, 0.6340000033378601, 0.6330000162124634, 0.640999972820282, 0.6330000162124634, 0.6259999871253967, 0.6259999871253967, 0.6269999742507935, 0.628000020980835, 0.6340000033378601, 0.6330000162124634, 0.6309999823570251, 0.6309999823570251, 0.6330000162124634, 0.6370000243186951, 0.6370000243186951, 0.6320000290870667, 0.625, 0.6309999823570251, 0.6349999904632568, 0.6330000162124634, 0.6299999952316284, 0.6299999952316284, 0.6290000081062317, 0.6299999952316284, 0.6309999823570251, 0.6359999775886536, 0.6399999856948853, 0.6299999952316284, 0.6290000081062317, 0.6299999952316284, 0.6299999952316284, 0.6299999952316284, 0.6299999952316284, 0.6309999823570251, 0.6320000290870667, 0.6309999823570251, 0.6370000243186951, 0.6330000162124634, 0.6299999952316284, 0.6320000290870667, 0.6359999775886536, 0.6359999775886536, 0.6330000162124634, 0.6320000290870667, 0.6299999952316284, 0.6330000162124634, 0.6320000290870667, 0.6309999823570251, 0.6330000162124634, 0.6349999904632568, 0.6359999775886536, 0.6340000033378601, 0.6399999856948853, 0.6399999856948853, 0.6420000195503235, 0.6389999985694885, 0.6439999938011169, 0.6439999938011169, 0.6399999856948853, 0.6399999856948853, 0.6449999809265137, 0.6449999809265137, 0.6420000195503235, 0.6399999856948853, 0.6420000195503235, 0.6439999938011169, 0.6460000276565552, 0.6439999938011169, 0.6439999938011169, 0.6449999809265137, 0.6480000019073486, 0.6480000019073486, 0.6520000100135803, 0.6510000228881836, 0.6480000019073486, 0.6510000228881836, 0.652999997138977, 0.6510000228881836, 0.6480000019073486, 0.6480000019073486, 0.6499999761581421, 0.6520000100135803, 0.6520000100135803, 0.6520000100135803, 0.6499999761581421, 0.6499999761581421, 0.6510000228881836, 0.656000018119812, 0.6570000052452087, 0.6579999923706055, 0.6539999842643738, 0.652999997138977, 0.652999997138977, 0.6579999923706055, 0.6589999794960022, 0.656000018119812, 0.6600000262260437, 0.6629999876022339, 0.6629999876022339, 0.6620000004768372, 0.6679999828338623, 0.6669999957084656, 0.6679999828338623, 0.6669999957084656, 0.6669999957084656, 0.6620000004768372, 0.6570000052452087, 0.6570000052452087, 0.6589999794960022, 0.6589999794960022, 0.6620000004768372, 0.6690000295639038, 0.6769999861717224, 0.6769999861717224, 0.675000011920929, 0.6769999861717224, 0.6790000200271606, 0.6800000071525574, 0.6800000071525574, 0.6830000281333923, 0.6830000281333923, 0.6830000281333923, 0.6859999895095825, 0.6919999718666077, 0.6919999718666077, 0.6940000057220459, 0.6959999799728394, 0.7059999704360962, 0.7020000219345093, 0.7020000219345093, 0.7049999833106995, 0.7039999961853027, 0.7009999752044678, 0.7039999961853027, 0.7049999833106995, 0.7070000171661377, 0.7080000042915344, 0.7080000042915344, 0.7080000042915344, 0.7089999914169312, 0.7139999866485596, 0.718999981880188, 0.7179999947547913, 0.7129999995231628, 0.7210000157356262, 0.7250000238418579, 0.7239999771118164, 0.7250000238418579, 0.7300000190734863, 0.7360000014305115, 0.7360000014305115, 0.7350000143051147, 0.7379999756813049, 0.7390000224113464, 0.7390000224113464, 0.7440000176429749, 0.7440000176429749, 0.7490000128746033, 0.7519999742507935, 0.7519999742507935, 0.7519999742507935, 0.7519999742507935, 0.7559999823570251, 0.7540000081062317, 0.7540000081062317, 0.7549999952316284, 0.7680000066757202, 0.7749999761581421, 0.7720000147819519, 0.7680000066757202, 0.7680000066757202, 0.7739999890327454, 0.7799999713897705, 0.7789999842643738, 0.7789999842643738, 0.7799999713897705, 0.7789999842643738, 0.7720000147819519, 0.7770000100135803, 0.7870000004768372, 0.7950000166893005, 0.796999990940094, 0.796999990940094, 0.7929999828338623, 0.8029999732971191, 0.8029999732971191, 0.8029999732971191, 0.7979999780654907, 0.796999990940094, 0.800000011920929, 0.8080000281333923, 0.8080000281333923, 0.8100000023841858, 0.8130000233650208, 0.8230000138282776, 0.8320000171661377, 0.8360000252723694, 0.8389999866485596, 0.843999981880188, 0.843999981880188, 0.843999981880188, 0.8420000076293945, 0.8489999771118164, 0.843999981880188, 0.8460000157356262, 0.8489999771118164, 0.8569999933242798, 0.8650000095367432, 0.8709999918937683, 0.8709999918937683, 0.8730000257492065, 0.8799999952316284, 0.8830000162124634, 0.8840000033378601, 0.8809999823570251, 0.8809999823570251, 0.8870000243186951, 0.8859999775886536, 0.8830000162124634, 0.8840000033378601, 0.8920000195503235, 0.8970000147819519, 0.9010000228881836, 0.9070000052452087, 0.9200000166893005, 0.9240000247955322, 0.9340000152587891, 0.9419999718666077, 0.9430000185966492, 0.9459999799728394, 0.953000009059906, 0.9649999737739563, 0.9649999737739563, 0.9649999737739563, 0.9660000205039978, 0.972000002861023, 0.9750000238418579, 0.9769999980926514, 0.9829999804496765, 0.9860000014305115, 1.0049999952316284, 1.0099999904632568, 1.0119999647140503]
intensities: [1102.0, 1129.0, 1185.0, 1294.0, 1353.0, 1382.0, 1419.0, 1419.0, 1439.0, 1434.0, 1434.0, 1439.0, 1439.0, 1399.0, 1128.0, 1128.0, 1088.0, 894.0, 878.0, 816.0, 816.0, 954.0, 1010.0, 1024.0, 1017.0, 1026.0, 1085.0, 1164.0, 1205.0, 1377.0, 1404.0, 1520.0, 1520.0, 1522.0, 1524.0, 1510.0, 1504.0, 1500.0, 1513.0, 1526.0, 1495.0, 1483.0, 1487.0, 1487.0, 1487.0, 1473.0, 1468.0, 1459.0, 1465.0, 1460.0, 1458.0, 1453.0, 1462.0, 1443.0, 1452.0, 1443.0, 1450.0, 1462.0, 1437.0, 1445.0, 1443.0, 1442.0, 1435.0, 1435.0, 1430.0, 1426.0, 1427.0, 1415.0, 1414.0, 1423.0, 1425.0, 1411.0, 1428.0, 1428.0, 1432.0, 1408.0, 1418.0, 1408.0, 1394.0, 1384.0, 1376.0, 1371.0, 1369.0, 1356.0, 1349.0, 1374.0, 1382.0, 1363.0, 1359.0, 1365.0, 1353.0, 1357.0, 1367.0, 1358.0, 1346.0, 1350.0, 1350.0, 1342.0, 1345.0, 1333.0, 1328.0, 1324.0, 1309.0, 1317.0, 1321.0, 1333.0, 1317.0, 1314.0, 1322.0, 1316.0, 1324.0, 1309.0, 1316.0, 1317.0, 1316.0, 1316.0, 1310.0, 1313.0, 1317.0, 1317.0, 1320.0, 1309.0, 1309.0, 1309.0, 1283.0, 1281.0, 1300.0, 1294.0, 1301.0, 1289.0, 1297.0, 1300.0, 1297.0, 1274.0, 1284.0, 1284.0, 1265.0, 1277.0, 1298.0, 1277.0, 1271.0, 1258.0, 1258.0, 1260.0, 1256.0, 1267.0, 1256.0, 1256.0, 1269.0, 1269.0, 1267.0, 1249.0, 1233.0, 1240.0, 1260.0, 1246.0, 1253.0, 1242.0, 1235.0, 1241.0, 1241.0, 1233.0, 1243.0, 1238.0, 1228.0, 1231.0, 1224.0, 1227.0, 1219.0, 1219.0, 1226.0, 1237.0, 1233.0, 1212.0, 1220.0, 1217.0, 1231.0, 1247.0, 1229.0, 1211.0, 1215.0, 1208.0, 1198.0, 1189.0, 1192.0, 1199.0, 1196.0, 1180.0, 1178.0, 1175.0, 1150.0, 1156.0, 1154.0, 1176.0, 1176.0, 1172.0, 1167.0, 1163.0, 1157.0, 1150.0, 1153.0, 1158.0, 1145.0, 1145.0, 1140.0, 1141.0, 1135.0, 1137.0, 1131.0, 1120.0, 1145.0, 1116.0, 1124.0, 1124.0, 1128.0, 1134.0, 1141.0, 1133.0, 1114.0, 1116.0, 1116.0, 1132.0, 1132.0, 1127.0, 1124.0, 1116.0, 1117.0, 1117.0, 1128.0, 1118.0, 1124.0, 1121.0, 1137.0, 1161.0, 1162.0, 1127.0, 1101.0, 1114.0, 1138.0, 1117.0, 1120.0, 1133.0, 1146.0, 1143.0, 1128.0, 1123.0, 1123.0, 1123.0, 1124.0, 1126.0, 1114.0, 1129.0, 1144.0, 1139.0, 1139.0, 1125.0, 1138.0, 1150.0, 1111.0, 1128.0, 1128.0, 1122.0, 1118.0, 1127.0, 1133.0, 1136.0, 1120.0, 1110.0, 1117.0, 1110.0, 1110.0, 1132.0, 1132.0, 1126.0, 1131.0, 1111.0, 1124.0, 1122.0, 1143.0, 1134.0, 1126.0, 1118.0, 1138.0, 1147.0, 1143.0, 1123.0, 1139.0, 1149.0, 1134.0, 1119.0, 1134.0, 1114.0, 1111.0, 1134.0, 1109.0, 1102.0, 1108.0, 1111.0, 1147.0, 1152.0, 1141.0, 1135.0, 1137.0, 1143.0, 1131.0, 1133.0, 1173.0, 1164.0, 1180.0, 1178.0, 1183.0, 1168.0, 1161.0, 1154.0, 1167.0, 1180.0, 1190.0, 1193.0, 1207.0, 1214.0, 1217.0, 1216.0, 1204.0, 1212.0, 1212.0, 1212.0, 1205.0, 1196.0, 1218.0, 1230.0, 1230.0, 1235.0, 1241.0, 1248.0, 1254.0, 1254.0, 1229.0, 1214.0, 1228.0, 1226.0, 1218.0, 1193.0, 1210.0, 1226.0, 1226.0, 1235.0, 1239.0, 1239.0, 1245.0, 1237.0, 1239.0, 1244.0, 1257.0, 1263.0, 1280.0, 1300.0, 1259.0, 1286.0, 1287.0, 1323.0, 1323.0, 1308.0, 1357.0, 1355.0, 1330.0, 1344.0, 1345.0, 1363.0, 1357.0, 1344.0, 1327.0, 1321.0, 1304.0, 1294.0, 1291.0, 1301.0, 1272.0, 1304.0, 1291.0, 1327.0, 1307.0, 1287.0, 1279.0, 1294.0, 1298.0, 1287.0, 1280.0, 1285.0, 1263.0, 1257.0, 1251.0, 1251.0, 1251.0, 1241.0, 1231.0, 1232.0, 1242.0, 1218.0, 1220.0, 1208.0, 1223.0, 1197.0, 1201.0, 1210.0, 1186.0, 1216.0, 1214.0, 1205.0, 1182.0, 1178.0, 1157.0, 1133.0, 1124.0, 1128.0, 1127.0, 1133.0, 1113.0, 1106.0, 1116.0, 1114.0, 1107.0, 1115.0, 1124.0, 1102.0, 1113.0, 1097.0, 1117.0, 1106.0, 1104.0, 1150.0, 1225.0, 1455.0, 1494.0, 1422.0, 1100.0, 1102.0, 1099.0, 1100.0, 1108.0, 1104.0, 1118.0, 1126.0, 1118.0, 1113.0, 1105.0, 1105.0, 1105.0, 1105.0, 1105.0, 1105.0, 1107.0, 1109.0, 1108.0, 1109.0, 1115.0, 1119.0, 1120.0, 1115.0, 1109.0, 1118.0, 1117.0, 1123.0, 1120.0, 1116.0, 1115.0, 1112.0, 1113.0, 1113.0, 1116.0, 1104.0, 1097.0, 1102.0, 1110.0, 1126.0, 1126.0, 1100.0, 1108.0, 1108.0, 1106.0, 1091.0, 1113.0, 1122.0, 1115.0, 1103.0, 1110.0, 1116.0, 1106.0, 1112.0, 1109.0, 1101.0, 1111.0, 1112.0, 1123.0, 1103.0, 1114.0, 1099.0, 1111.0, 1123.0, 1109.0, 1110.0, 1123.0, 1123.0, 1106.0, 1098.0, 1104.0, 1113.0, 1119.0, 1122.0, 1104.0, 1117.0, 1117.0, 1105.0, 1102.0, 1115.0, 1112.0, 1095.0, 1090.0, 1105.0, 1104.0, 1110.0, 1117.0, 1109.0, 1098.0, 1109.0, 1099.0, 1099.0, 1099.0, 1105.0, 1105.0, 1115.0, 1112.0, 1109.0, 1099.0, 1101.0, 1114.0, 1099.0, 1101.0, 1095.0, 1095.0, 1106.0, 1099.0, 1111.0, 1108.0, 1106.0, 1099.0, 1098.0, 1111.0, 1094.0, 1111.0, 1103.0, 1100.0, 1100.0, 1101.0, 1107.0, 1096.0, 1095.0, 1104.0, 1102.0, 1110.0, 1117.0, 1113.0, 1100.0, 1121.0, 1115.0, 1098.0, 1110.0, 1101.0, 1124.0, 1121.0, 1115.0, 1136.0, 1091.0, 1125.0, 1128.0, 1125.0, 1117.0, 1118.0, 1111.0, 1126.0, 1111.0, 1111.0, 1113.0, 1104.0, 1107.0, 1113.0, 1124.0, 1110.0, 1111.0, 1117.0, 1107.0, 1111.0, 1104.0, 1105.0, 1126.0, 1112.0, 1107.0, 1111.0, 1113.0, 1113.0, 1125.0, 1117.0, 1103.0, 1120.0, 1112.0, 1123.0, 1121.0, 1134.0, 1116.0, 1123.0, 1132.0, 1132.0, 1138.0, 1146.0, 1134.0, 1142.0, 1131.0, 1138.0, 1130.0, 1134.0, 1132.0, 1123.0, 1151.0, 1138.0, 1141.0, 1150.0, 1156.0, 1144.0, 1131.0, 1137.0, 1135.0, 1142.0, 1132.0, 1119.0, 1131.0, 1129.0, 1139.0, 1148.0, 1151.0, 1165.0, 1167.0, 1165.0, 1165.0, 1190.0, 1193.0, 1207.0, 1218.0, 1234.0, 1226.0, 1213.0, 1240.0, 1241.0, 1246.0, 1249.0, 1246.0, 1255.0, 1245.0, 1260.0, 1264.0, 1267.0, 1267.0, 1270.0, 1282.0, 1282.0, 1290.0, 1304.0, 1300.0, 1318.0, 1323.0, 1316.0, 1332.0, 1343.0, 1314.0, 1336.0, 1345.0, 1353.0, 1366.0, 1365.0, 1373.0, 1377.0, 1364.0, 1373.0, 1390.0, 1395.0, 1403.0, 1410.0, 1406.0, 1405.0, 1419.0, 1418.0, 1419.0, 1450.0, 1421.0, 1422.0, 1422.0, 1449.0, 1462.0, 1469.0, 1455.0, 1469.0, 1470.0, 1472.0, 1472.0, 1483.0, 1472.0, 1483.0, 1490.0, 1494.0, 1484.0, 1495.0, 1509.0, 1512.0, 1513.0, 1512.0, 1518.0, 1525.0, 1525.0, 1529.0, 1533.0, 1525.0, 1530.0, 1530.0, 1508.0, 1534.0, 1527.0, 1540.0, 1545.0, 1543.0, 1533.0, 1563.0, 1552.0, 1549.0, 1557.0, 1573.0, 1568.0, 1558.0, 1549.0, 1588.0, 1562.0, 1571.0, 1575.0, 1593.0, 1576.0, 1565.0, 1579.0, 1589.0, 1599.0, 1601.0, 1610.0, 1619.0, 1609.0, 1621.0, 1623.0, 1627.0, 1627.0, 1627.0, 1628.0, 1632.0, 1635.0, 1635.0, 1642.0, 1630.0, 1625.0, 1637.0, 1647.0, 1646.0, 1652.0, 1639.0, 1627.0, 1627.0, 1639.0, 1625.0, 1622.0, 1650.0, 1652.0, 1654.0, 1638.0, 1641.0, 1618.0, 1609.0, 1623.0, 1623.0, 1623.0, 1629.0, 1637.0, 1620.0, 1635.0, 1617.0, 1622.0, 1636.0, 1630.0, 1636.0, 1622.0, 1619.0, 1621.0, 1607.0, 1598.0, 1598.0, 1613.0, 1607.0, 1629.0, 1622.0, 1602.0, 1617.0, 1631.0, 1629.0, 1603.0, 1603.0, 1594.0, 1596.0, 1593.0, 1593.0, 1600.0, 1602.0, 1579.0, 1585.0, 1581.0, 1586.0, 1584.0, 1587.0, 1605.0, 1605.0, 1589.0, 1590.0, 1594.0, 1599.0, 1589.0, 1587.0, 1588.0, 1608.0, 1571.0, 1589.0, 1566.0, 1559.0, 1554.0, 1564.0, 1557.0, 1544.0, 1533.0, 1533.0, 1517.0, 1541.0, 1536.0, 1509.0, 1529.0, 1526.0, 1520.0, 1498.0, 1513.0, 1505.0, 1505.0, 1508.0, 1513.0, 1499.0, 1521.0, 1490.0, 1518.0, 1439.0, 1464.0, 1478.0, 1487.0, 1488.0, 1489.0, 1489.0, 1463.0, 1467.0, 1430.0, 1430.0, 1439.0, 1433.0, 1433.0, 1436.0, 1432.0, 1433.0, 1427.0, 1446.0, 1429.0, 1419.0, 1417.0, 1413.0, 1413.0, 1414.0, 1413.0, 1413.0, 1413.0, 1413.0, 1413.0, 1422.0, 1432.0, 1415.0, 1414.0, 1413.0, 1413.0, 1411.0, 1410.0, 1394.0, 1394.0, 1375.0, 1375.0, 1387.0, 1379.0, 1374.0, 1358.0, 1363.0, 1366.0, 1369.0, 1364.0, 1360.0, 1367.0, 1371.0, 1371.0, 1359.0, 1359.0, 1350.0, 1344.0, 1338.0, 1342.0, 1324.0, 1331.0, 1331.0, 1317.0, 1313.0, 1313.0, 1321.0, 1292.0, 1294.0, 1306.0, 1294.0, 1296.0, 1300.0, 1287.0, 1283.0, 1293.0, 1295.0, 1289.0, 1298.0, 1298.0, 1298.0, 1268.0, 1279.0, 1263.0, 1271.0, 1279.0, 1281.0, 1276.0, 1265.0, 1265.0, 1262.0, 1262.0, 1248.0, 1263.0, 1267.0, 1263.0, 1231.0, 1235.0, 1240.0, 1243.0, 1243.0, 1234.0, 1238.0, 1234.0, 1243.0, 1250.0, 1221.0, 1228.0, 1227.0, 1255.0, 1218.0, 1218.0, 1226.0, 1242.0, 1239.0, 1244.0, 1239.0, 1228.0, 1220.0, 1220.0, 1219.0, 1236.0, 1234.0, 1234.0, 1246.0, 1223.0, 1240.0, 1227.0, 1231.0, 1235.0, 1240.0, 1225.0, 1230.0, 1238.0, 1233.0, 1231.0, 1231.0, 1224.0, 1224.0, 1222.0, 1215.0, 1213.0, 1212.0, 1212.0, 1219.0, 1225.0, 1225.0, 1218.0, 1214.0, 1225.0, 1218.0, 1201.0, 1211.0, 1196.0, 1196.0, 1194.0, 1207.0, 1203.0, 1213.0, 1203.0, 1203.0, 1188.0, 1203.0, 1206.0, 1206.0, 1194.0, 1204.0, 1204.0, 1199.0, 1186.0, 1183.0, 1166.0, 1183.0, 1183.0, 1205.0, 1211.0, 1197.0, 1208.0, 1207.0, 1201.0, 1223.0, 1223.0, 1214.0, 1212.0, 1215.0, 1218.0, 1231.0, 1236.0, 1231.0, 1206.0, 1222.0, 1226.0, 1234.0, 1242.0, 1259.0, 1265.0, 1256.0, 1251.0, 1265.0, 1260.0, 1249.0, 1252.0, 1241.0, 1250.0, 1226.0, 1228.0, 1216.0, 1224.0, 1203.0, 1193.0, 1197.0, 1194.0, 1193.0, 1211.0, 1211.0, 1215.0, 1208.0, 1210.0, 1207.0, 1208.0, 1212.0, 1222.0, 1220.0, 1217.0, 1210.0]