header: 
  seq: 1130
  stamp: 
    secs: 1548820785
    nsecs: 389069297
  frame_id: "base_link"
angle_min: -2.35619449615
angle_max: 2.35619449615
angle_increment: 0.00436332309619
time_increment: 1.73611151695e-05
scan_time: 0.0250000003725
range_min: 0.019999999553
range_max: 30.0
ranges: [0.3199999928474426, 0.3160000145435333, 0.3160000145435333, 0.3109999895095825, 0.30300000309944153, 0.28999999165534973, 0.2879999876022339, 0.27799999713897705, 0.2669999897480011, 0.2639999985694885, 0.25999999046325684, 0.25699999928474426, 0.25600001215934753, 0.25600001215934753, 0.25699999928474426, 0.24300000071525574, 0.25600001215934753, 0.2460000067949295, 0.21699999272823334, 0.20999999344348907, 0.23100000619888306, 0.24199999868869781, 0.25, 0.23999999463558197, 0.2460000067949295, 0.25200000405311584, 0.2290000021457672, 0.23100000619888306, 0.23000000417232513, 0.23399999737739563, 0.23199999332427979, 0.23600000143051147, 0.23000000417232513, 0.2290000021457672, 0.23000000417232513, 0.23100000619888306, 0.23100000619888306, 0.23000000417232513, 0.2280000001192093, 0.23399999737739563, 0.22599999606609344, 0.23499999940395355, 0.2280000001192093, 0.22699999809265137, 0.22599999606609344, 0.22499999403953552, 0.22599999606609344, 0.22499999403953552, 0.2240000069141388, 0.2240000069141388, 0.22200000286102295, 0.2240000069141388, 0.22300000488758087, 0.22300000488758087, 0.2240000069141388, 0.2199999988079071, 0.2199999988079071, 0.21899999678134918, 0.22200000286102295, 0.2280000001192093, 0.2280000001192093, 0.22100000083446503, 0.21799999475479126, 0.21899999678134918, 0.2150000035762787, 0.2160000056028366, 0.21899999678134918, 0.22300000488758087, 0.21899999678134918, 0.21899999678134918, 0.2199999988079071, 0.22100000083446503, 0.21799999475479126, 0.22100000083446503, 0.22599999606609344, 0.21899999678134918, 0.2160000056028366, 0.2150000035762787, 0.2160000056028366, 0.2160000056028366, 0.2199999988079071, 0.2199999988079071, 0.21899999678134918, 0.2199999988079071, 0.21899999678134918, 0.2160000056028366, 0.2160000056028366, 0.21699999272823334, 0.2199999988079071, 0.22300000488758087, 0.22200000286102295, 0.21899999678134918, 0.2150000035762787, 0.21400000154972076, 0.21400000154972076, 0.21199999749660492, 0.2150000035762787, 0.2199999988079071, 0.2199999988079071, 0.21899999678134918, 0.21699999272823334, 0.2160000056028366, 0.2150000035762787, 0.21299999952316284, 0.21299999952316284, 0.2199999988079071, 0.21899999678134918, 0.2160000056028366, 0.21899999678134918, 0.22200000286102295, 0.2160000056028366, 0.210999995470047, 0.210999995470047, 0.21299999952316284, 0.21199999749660492, 0.20900000631809235, 0.20499999821186066, 0.21199999749660492, 0.2150000035762787, 0.21799999475479126, 0.2160000056028366, 0.21799999475479126, 0.21400000154972076, 0.20999999344348907, 0.2150000035762787, 0.21400000154972076, 0.2150000035762787, 0.2160000056028366, 0.21400000154972076, 0.20900000631809235, 0.20900000631809235, 0.2070000022649765, 0.2070000022649765, 0.20900000631809235, 0.20499999821186066, 0.20100000500679016, 0.20200000703334808, 0.20399999618530273, 0.20900000631809235, 0.20499999821186066, 0.20499999821186066, 0.20399999618530273, 0.20600000023841858, 0.20900000631809235, 0.21199999749660492, 0.21199999749660492, 0.210999995470047, 0.20800000429153442, 0.21199999749660492, 0.21299999952316284, 0.21400000154972076, 0.20999999344348907, 0.20999999344348907, 0.20800000429153442, 0.20800000429153442, 0.20900000631809235, 0.210999995470047, 0.21400000154972076, 0.22100000083446503, 0.21699999272823334, 0.21699999272823334, 0.22100000083446503, 0.22200000286102295, 0.2199999988079071, 0.22200000286102295, 0.2290000021457672, 0.2290000021457672, 0.2280000001192093, 0.23100000619888306, 0.23499999940395355, 0.23499999940395355, 0.2370000034570694, 0.23800000548362732, 0.23399999737739563, 0.23000000417232513, 0.2329999953508377, 0.2370000034570694, 0.2370000034570694, 0.23600000143051147, 0.25, 0.24300000071525574, 0.24199999868869781, 0.24300000071525574, 0.25699999928474426, 0.25699999928474426, 0.25, 0.2540000081062317, 0.2680000066757202, 0.2669999897480011, 0.26899999380111694, 0.26600000262260437, 0.2809999883174896, 0.2809999883174896, 0.27799999713897705, 0.2800000011920929, 0.2849999964237213, 0.28999999165534973, 0.2980000078678131, 0.3070000112056732, 0.30799999833106995, 0.3089999854564667, 0.3100000023841858, 0.31700000166893005, 0.32899999618530273, 0.3400000035762787, 0.3499999940395355, 0.3540000021457672, 0.367000013589859, 0.37299999594688416, 0.37400001287460327, 0.3799999952316284, 0.39800000190734863, 0.4129999876022339, 0.4320000112056732, 0.4390000104904175, 0.4560000002384186, 0.4699999988079071, 0.4790000021457672, 0.49900001287460327, 0.515999972820282, 0.5339999794960022, 0.5609999895095825, 0.5830000042915344, 0.6129999756813049, 0.6439999938011169, 0.6690000295639038, 0.718999981880188, 0.7599999904632568, 0.7950000166893005, 0.843999981880188, 0.9020000100135803, 0.9509999752044678, 1.027999997138977, 1.1089999675750732, 1.2289999723434448, 1.3609999418258667, 1.5049999952316284, 1.6920000314712524, 2.628000020980835, 2.627000093460083, 2.630000114440918, 2.628000020980835, 2.628999948501587, 2.619999885559082, 2.625999927520752, 2.61899995803833, 2.619999885559082, 2.622999906539917, 2.61899995803833, 2.615000009536743, 2.609999895095825, 2.609999895095825, 2.614000082015991, 2.615999937057495, 2.615000009536743, 2.619999885559082, 2.611999988555908, 2.6019999980926514, 2.6040000915527344, 2.5980000495910645, 2.5999999046325684, 2.5999999046325684, 2.5940001010894775, 2.5920000076293945, 2.5910000801086426, 2.5810000896453857, 2.572000026702881, 2.572999954223633, 2.562000036239624, 2.5799999237060547, 2.5810000896453857, 2.575000047683716, 2.562999963760376, 2.559000015258789, 2.561000108718872, 2.558000087738037, 2.553999900817871, 2.5439999103546143, 2.5399999618530273, 2.5329999923706055, 2.5320000648498535, 2.5220000743865967, 2.515000104904175, 2.5190000534057617, 2.515000104904175, 2.5139999389648438, 2.50600004196167, 2.492000102996826, 2.489000082015991, 2.490000009536743, 2.4830000400543213, 2.4769999980926514, 2.4709999561309814, 2.4570000171661377, 2.4519999027252197, 2.453000068664551, 2.444000005722046, 2.434000015258789, 2.427999973297119, 2.4210000038146973, 2.4140000343322754, 2.4110000133514404, 2.4059998989105225, 2.3919999599456787, 2.380000114440918, 2.381999969482422, 2.378999948501587, 2.36899995803833, 2.359999895095825, 2.3480000495910645, 2.3459999561309814, 2.3420000076293945, 2.3289999961853027, 2.309999942779541, 2.2990000247955322, 2.2960000038146973, 2.2860000133514404, 2.2720000743865967, 2.2679998874664307, 2.255000114440918, 2.252000093460083, 2.243000030517578, 2.2300000190734863, 2.2219998836517334, 2.2079999446868896, 2.191999912261963, 2.188999891281128, 2.187000036239624, 2.171999931335449, 2.1559998989105225, 2.1410000324249268, 2.128999948501587, 2.1110000610351562, 2.1010000705718994, 2.0889999866485596, 2.0840001106262207, 2.0799999237060547, 2.066999912261963, 2.053999900817871, 2.0230000019073486, 2.0230000019073486, 2.01200008392334, 1.9889999628067017, 1.9780000448226929, 1.9579999446868896, 1.940000057220459, 1.9220000505447388, 1.9049999713897705, 1.8880000114440918, 1.86899995803833, 1.8539999723434448, 1.8329999446868896, 1.815999984741211, 1.8049999475479126, 1.7890000343322754, 1.7740000486373901, 1.7599999904632568, 1.7330000400543213, 1.722000002861023, 1.7170000076293945, 1.715000033378601, 1.6979999542236328, 1.680999994277954, 1.6660000085830688, 1.6510000228881836, 1.6440000534057617, 1.625, 1.6089999675750732, 1.6009999513626099, 1.5759999752044678, 1.569000005722046, 1.562000036239624, 1.5440000295639038, 1.5379999876022339, 1.5199999809265137, 1.5169999599456787, 1.5049999952316284, 1.4989999532699585, 1.4950000047683716, 1.4869999885559082, 1.4839999675750732, 1.4639999866485596, 1.4479999542236328, 1.4509999752044678, 1.4390000104904175, 1.4290000200271606, 1.4190000295639038, 1.4119999408721924, 1.399999976158142, 1.3940000534057617, 1.3869999647140503, 1.3730000257492065, 1.3669999837875366, 1.3600000143051147, 1.3530000448226929, 1.3530000448226929, 1.340999960899353, 1.3279999494552612, 1.3209999799728394, 1.3140000104904175, 1.3140000104904175, 1.3029999732971191, 1.2940000295639038, 1.2869999408721924, 1.2799999713897705, 1.2790000438690186, 1.277999997138977, 1.2710000276565552, 1.25, 1.246000051498413, 1.2389999628067017, 1.2330000400543213, 1.2239999771118164, 1.2230000495910645, 1.2230000495910645, 1.2200000286102295, 1.2100000381469727, 1.2009999752044678, 1.190999984741211, 1.1890000104904175, 1.1820000410079956, 1.1779999732971191, 1.1699999570846558, 1.159000039100647, 1.1490000486373901, 1.1469999551773071, 1.149999976158142, 1.1469999551773071, 1.1339999437332153, 1.1319999694824219, 1.128000020980835, 1.1239999532699585, 1.1260000467300415, 1.125, 1.1109999418258667, 1.1080000400543213, 1.1009999513626099, 1.0989999771118164, 1.100000023841858, 1.0980000495910645, 1.0850000381469727, 1.0770000219345093, 1.0789999961853027, 1.0759999752044678, 1.0770000219345093, 1.0740000009536743, 1.065000057220459, 1.065999984741211, 1.065000057220459, 1.062999963760376, 1.059999942779541, 1.0570000410079956, 1.0529999732971191, 1.0529999732971191, 1.0440000295639038, 1.0440000295639038, 1.0460000038146973, 1.0399999618530273, 1.0360000133514404, 1.0260000228881836, 1.0219999551773071, 1.0149999856948853, 1.0130000114440918, 1.0110000371932983, 1.0099999904632568, 1.0099999904632568, 0.9909999966621399, 0.9940000176429749, 0.9980000257492065, 0.9990000128746033, 0.9940000176429749, 0.9909999966621399, 0.9890000224113464, 0.984000027179718, 0.9829999804496765, 0.9810000061988831, 0.9829999804496765, 0.9789999723434448, 0.9660000205039978, 0.9629999995231628, 0.9639999866485596, 0.9639999866485596, 0.9639999866485596, 0.9660000205039978, 0.9629999995231628, 0.9599999785423279, 0.9559999704360962, 0.9509999752044678, 0.949999988079071, 0.949999988079071, 0.9430000185966492, 0.949999988079071, 0.949999988079071, 0.9480000138282776, 0.9430000185966492, 0.9399999976158142, 0.9380000233650208, 0.9279999732971191, 0.925000011920929, 0.925000011920929, 0.9259999990463257, 0.9259999990463257, 0.9210000038146973, 0.9210000038146973, 0.9190000295639038, 0.9200000166893005, 0.9089999794960022, 0.8999999761581421, 0.8999999761581421, 0.8999999761581421, 0.8999999761581421, 0.8970000147819519, 0.8970000147819519, 0.8989999890327454, 0.8980000019073486, 0.8980000019073486, 0.9049999713897705, 0.8930000066757202, 0.8899999856948853, 0.8899999856948853, 0.8889999985694885, 0.8849999904632568, 0.8889999985694885, 0.8840000033378601, 0.8840000033378601, 0.8809999823570251, 0.8840000033378601, 0.8840000033378601, 0.8790000081062317, 0.875, 0.875, 0.8730000257492065, 0.8679999709129333, 0.8709999918937683, 0.875, 0.8740000128746033, 0.8690000176429749, 0.8659999966621399, 0.8679999709129333, 0.8669999837875366, 0.8600000143051147, 0.8600000143051147, 0.8600000143051147, 0.8629999756813049, 0.8600000143051147, 0.8600000143051147, 0.8610000014305115, 0.8619999885559082, 0.8629999756813049, 0.8629999756813049, 0.8560000061988831, 0.8529999852180481, 0.8539999723434448, 0.8519999980926514, 0.8519999980926514, 0.8529999852180481, 0.8529999852180481, 0.8529999852180481, 0.8500000238418579, 0.8489999771118164, 0.847000002861023, 0.8510000109672546, 0.8510000109672546, 0.8510000109672546, 0.8489999771118164, 0.8489999771118164, 0.8489999771118164, 0.8539999723434448, 0.8519999980926514, 0.8500000238418579, 0.8500000238418579, 0.8489999771118164, 0.843999981880188, 0.8399999737739563, 0.8399999737739563, 0.8370000123977661, 0.8379999995231628, 0.8399999737739563, 0.8450000286102295, 0.8429999947547913, 0.8379999995231628, 0.8330000042915344, 0.8370000123977661, 0.8500000238418579, 0.8500000238418579, 0.8460000157356262, 0.8399999737739563, 0.8399999737739563, 0.8389999866485596, 0.8429999947547913, 0.8360000252723694, 0.8360000252723694, 0.8339999914169312, 0.8299999833106995, 0.828000009059906, 0.8360000252723694, 0.8299999833106995, 0.8360000252723694, 0.8360000252723694, 0.8360000252723694, 0.8370000123977661, 0.8360000252723694, 0.8360000252723694, 0.8399999737739563, 0.8410000205039978, 0.8410000205039978, 0.8379999995231628, 0.8360000252723694, 0.8349999785423279, 0.8370000123977661, 0.8399999737739563, 0.8379999995231628, 0.8339999914169312, 0.8460000157356262, 0.8479999899864197, 0.8410000205039978, 0.8370000123977661, 0.8360000252723694, 0.8309999704360962, 0.8309999704360962, 0.8330000042915344, 0.8370000123977661, 0.8339999914169312, 0.8309999704360962, 0.824999988079071, 0.8209999799728394, 0.828000009059906, 0.8320000171661377, 0.8320000171661377, 0.8309999704360962, 0.8299999833106995, 0.8289999961853027, 0.8270000219345093, 0.8240000009536743, 0.8240000009536743, 0.8230000138282776, 0.828000009059906, 0.8259999752044678, 0.824999988079071, 0.8230000138282776, 0.8240000009536743, 0.824999988079071, 0.8240000009536743, 0.828000009059906, 0.8309999704360962, 0.824999988079071, 0.8240000009536743, 0.824999988079071, 0.8289999961853027, 0.8320000171661377, 0.824999988079071, 0.8259999752044678, 0.8209999799728394, 0.8209999799728394, 0.824999988079071, 0.824999988079071, 0.8209999799728394, 0.8209999799728394, 0.8220000267028809, 0.8240000009536743, 0.824999988079071, 0.8199999928474426, 0.8190000057220459, 0.8190000057220459, 0.8190000057220459, 0.8190000057220459, 0.8169999718666077, 0.8140000104904175, 0.8090000152587891, 0.8140000104904175, 0.8140000104904175, 0.8220000267028809, 0.8220000267028809, 0.8209999799728394, 0.8209999799728394, 0.8209999799728394, 0.8130000233650208, 0.8040000200271606, 0.8059999942779541, 0.8140000104904175, 0.8159999847412109, 0.8140000104904175, 0.8109999895095825, 0.8100000023841858, 0.8059999942779541, 0.8050000071525574, 0.8059999942779541, 0.8090000152587891, 0.8109999895095825, 0.8090000152587891, 0.8090000152587891, 0.8090000152587891, 0.8130000233650208, 0.8130000233650208, 0.8090000152587891, 0.800000011920929, 0.800000011920929, 0.8059999942779541, 0.8040000200271606, 0.8040000200271606, 0.8029999732971191, 0.8029999732971191, 0.8119999766349792, 0.8119999766349792, 0.8090000152587891, 0.800000011920929, 0.8009999990463257, 0.8050000071525574, 0.8109999895095825, 0.8059999942779541, 0.8009999990463257, 0.7990000247955322, 0.8009999990463257, 0.796999990940094, 0.8029999732971191, 0.8009999990463257, 0.8080000281333923, 0.8140000104904175, 0.8140000104904175, 0.8050000071525574, 0.8050000071525574, 0.7979999780654907, 0.8050000071525574, 0.8050000071525574, 0.7990000247955322, 0.8040000200271606, 0.8050000071525574, 0.8069999814033508, 0.8050000071525574, 0.8050000071525574, 0.7929999828338623, 0.7940000295639038, 0.7990000247955322, 0.796999990940094, 0.8059999942779541, 0.8140000104904175, 0.7990000247955322, 0.8069999814033508, 0.8040000200271606, 0.8029999732971191, 0.8029999732971191, 0.8029999732971191, 0.8029999732971191, 0.800000011920929, 0.7960000038146973, 0.7990000247955322, 0.8009999990463257, 0.8009999990463257, 0.796999990940094, 0.7929999828338623, 0.7940000295639038, 0.7990000247955322, 0.8029999732971191, 0.800000011920929, 0.8009999990463257, 0.8040000200271606, 0.8069999814033508, 0.8029999732971191, 0.800000011920929, 0.800000011920929, 0.800000011920929, 0.7990000247955322, 0.7979999780654907, 0.7990000247955322, 0.7979999780654907, 0.7990000247955322, 0.8019999861717224, 0.8009999990463257, 0.7990000247955322, 0.7979999780654907, 0.8040000200271606, 0.796999990940094, 0.796999990940094, 0.8009999990463257, 0.8029999732971191, 0.8029999732971191, 0.7940000295639038, 0.7900000214576721, 0.7900000214576721, 0.7940000295639038, 0.7950000166893005, 0.800000011920929, 0.8029999732971191, 0.8029999732971191, 0.7990000247955322, 0.7990000247955322, 0.7950000166893005, 0.8050000071525574, 0.7990000247955322, 0.8009999990463257, 0.796999990940094, 0.796999990940094, 0.796999990940094, 0.796999990940094, 0.796999990940094, 0.7929999828338623, 0.7929999828338623, 0.7979999780654907, 0.8019999861717224, 0.8019999861717224, 0.8009999990463257, 0.8009999990463257, 0.8019999861717224, 0.8019999861717224, 0.8009999990463257, 0.8009999990463257, 0.8029999732971191, 0.7960000038146973, 0.7979999780654907, 0.7990000247955322, 0.8009999990463257, 0.8009999990463257, 0.796999990940094, 0.7960000038146973, 0.7940000295639038, 0.7940000295639038, 0.7960000038146973, 0.7990000247955322, 0.8019999861717224, 0.800000011920929, 0.7979999780654907, 0.7950000166893005, 0.796999990940094, 0.8019999861717224, 0.8059999942779541, 0.8069999814033508, 0.8090000152587891, 0.8059999942779541, 0.8009999990463257, 0.8009999990463257, 0.8019999861717224, 0.796999990940094, 0.796999990940094, 0.796999990940094, 0.7960000038146973, 0.800000011920929, 0.8029999732971191, 0.8029999732971191, 0.7960000038146973, 0.8050000071525574, 0.8050000071525574, 0.8009999990463257, 0.796999990940094, 0.7940000295639038, 0.8019999861717224, 0.800000011920929, 0.8019999861717224, 0.7990000247955322, 0.8019999861717224, 0.8019999861717224, 0.800000011920929, 0.8050000071525574, 0.8050000071525574, 0.8050000071525574, 0.8019999861717224, 0.7960000038146973, 0.8019999861717224, 0.8090000152587891, 0.8109999895095825, 0.8069999814033508, 0.8050000071525574, 0.8040000200271606, 0.8040000200271606, 0.8050000071525574, 0.8050000071525574, 0.8090000152587891, 0.8100000023841858, 0.8029999732971191, 0.800000011920929, 0.8040000200271606, 0.8029999732971191, 0.8040000200271606, 0.8040000200271606, 0.8029999732971191, 0.7990000247955322, 0.800000011920929, 0.800000011920929, 0.8069999814033508, 0.8059999942779541, 0.8050000071525574, 0.8050000071525574, 0.8040000200271606, 0.8159999847412109, 0.8149999976158142, 0.8159999847412109, 0.8109999895095825, 0.8050000071525574, 0.8050000071525574, 0.8040000200271606, 0.7990000247955322, 0.7960000038146973, 0.8019999861717224, 0.8040000200271606, 0.8050000071525574, 0.8090000152587891, 0.8119999766349792, 0.8100000023841858, 0.8040000200271606, 0.8019999861717224, 0.8029999732971191, 0.8059999942779541, 0.8050000071525574, 0.8019999861717224, 0.8059999942779541, 0.8050000071525574, 0.8029999732971191, 0.8029999732971191, 0.8119999766349792, 0.8109999895095825, 0.8119999766349792, 0.8140000104904175, 0.8169999718666077, 0.8240000009536743, 0.8190000057220459, 0.8149999976158142, 0.8130000233650208, 0.8119999766349792, 0.8080000281333923, 0.8090000152587891, 0.8140000104904175, 0.8159999847412109, 0.8140000104904175, 0.8119999766349792, 0.8109999895095825, 0.8109999895095825, 0.8119999766349792, 0.8109999895095825, 0.8080000281333923, 0.8059999942779541, 0.8090000152587891, 0.8130000233650208, 0.8109999895095825, 0.8140000104904175, 0.8140000104904175, 0.8140000104904175, 0.8180000185966492, 0.8169999718666077, 0.8159999847412109, 0.8159999847412109, 0.8119999766349792, 0.8169999718666077, 0.8140000104904175, 0.8059999942779541, 0.8059999942779541, 0.8140000104904175, 0.8140000104904175, 0.8149999976158142, 0.8149999976158142, 0.8149999976158142, 0.8180000185966492, 0.8130000233650208, 0.8069999814033508, 0.8109999895095825, 0.8130000233650208, 0.8130000233650208, 0.8220000267028809, 0.8090000152587891, 0.8140000104904175, 0.8140000104904175, 0.8169999718666077, 0.8149999976158142, 0.8130000233650208, 0.8149999976158142, 0.8169999718666077, 0.8169999718666077, 0.8190000057220459, 0.8119999766349792, 0.8109999895095825, 0.8180000185966492, 0.8190000057220459, 0.8240000009536743, 0.8259999752044678, 0.8220000267028809, 0.8209999799728394, 0.8209999799728394, 0.8230000138282776, 0.8259999752044678, 0.8259999752044678, 0.824999988079071, 0.8159999847412109, 0.8169999718666077, 0.8199999928474426, 0.8220000267028809, 0.8270000219345093, 0.8140000104904175, 0.8209999799728394, 0.8209999799728394, 0.8230000138282776, 0.8259999752044678, 0.8270000219345093, 0.8240000009536743, 0.8240000009536743, 0.8259999752044678, 0.8309999704360962, 0.8289999961853027, 0.8309999704360962, 0.8259999752044678, 0.8240000009536743, 0.8240000009536743, 0.8240000009536743, 0.828000009059906, 0.8259999752044678, 0.8339999914169312, 0.8339999914169312, 0.8299999833106995, 0.8299999833106995, 0.828000009059906, 0.8309999704360962, 0.8270000219345093, 0.8299999833106995, 0.8289999961853027, 0.8289999961853027, 0.8190000057220459, 0.8230000138282776, 0.8180000185966492, 0.8159999847412109, 0.8140000104904175, 0.8149999976158142, 0.8180000185966492, 0.8230000138282776, 0.8199999928474426, 0.8180000185966492, 0.8149999976158142, 0.8100000023841858, 0.8059999942779541, 0.8109999895095825, 0.8159999847412109, 0.8140000104904175, 0.8029999732971191, 0.8009999990463257, 0.8019999861717224, 0.8009999990463257, 0.8040000200271606, 0.8059999942779541, 0.8069999814033508, 0.8090000152587891, 0.8130000233650208, 0.8159999847412109, 0.8159999847412109, 0.8090000152587891, 0.8059999942779541, 0.8059999942779541, 0.8050000071525574, 0.8040000200271606, 0.8040000200271606, 0.8050000071525574, 0.8069999814033508, 0.8009999990463257, 0.7900000214576721, 0.7950000166893005, 0.7960000038146973, 0.7960000038146973, 0.7940000295639038, 0.7789999842643738, 0.7820000052452087, 0.7820000052452087, 0.7730000019073486, 0.7710000276565552, 0.7829999923706055, 0.7829999923706055, 0.7789999842643738, 0.7749999761581421, 0.7870000004768372, 0.7919999957084656, 0.8040000200271606, 0.8069999814033508, 0.8050000071525574, 0.8059999942779541, 0.8209999799728394, 0.8259999752044678, 0.8180000185966492, 0.8180000185966492, 0.8180000185966492, 0.8109999895095825, 0.8050000071525574, 0.8069999814033508, 0.8100000023841858, 0.8119999766349792, 0.8209999799728394, 0.8220000267028809, 0.8230000138282776]
intensities: [948.0, 954.0, 976.0, 1014.0, 1019.0, 1046.0, 1091.0, 1114.0, 1116.0, 1116.0, 1119.0, 1113.0, 1115.0, 1126.0, 1138.0, 1045.0, 1048.0, 926.0, 812.0, 778.0, 827.0, 888.0, 939.0, 972.0, 1002.0, 1032.0, 1073.0, 1091.0, 1101.0, 1139.0, 1173.0, 1189.0, 1194.0, 1220.0, 1209.0, 1201.0, 1205.0, 1199.0, 1202.0, 1200.0, 1214.0, 1229.0, 1223.0, 1237.0, 1249.0, 1247.0, 1250.0, 1247.0, 1248.0, 1240.0, 1271.0, 1261.0, 1268.0, 1254.0, 1274.0, 1278.0, 1281.0, 1275.0, 1261.0, 1284.0, 1284.0, 1277.0, 1275.0, 1273.0, 1274.0, 1275.0, 1273.0, 1272.0, 1276.0, 1271.0, 1268.0, 1276.0, 1284.0, 1286.0, 1288.0, 1274.0, 1281.0, 1272.0, 1281.0, 1281.0, 1285.0, 1285.0, 1276.0, 1285.0, 1277.0, 1254.0, 1254.0, 1258.0, 1263.0, 1269.0, 1263.0, 1263.0, 1267.0, 1277.0, 1295.0, 1293.0, 1280.0, 1267.0, 1267.0, 1279.0, 1274.0, 1256.0, 1257.0, 1262.0, 1255.0, 1263.0, 1257.0, 1236.0, 1261.0, 1267.0, 1249.0, 1232.0, 1232.0, 1228.0, 1233.0, 1234.0, 1222.0, 1233.0, 1226.0, 1221.0, 1210.0, 1211.0, 1215.0, 1194.0, 1196.0, 1190.0, 1188.0, 1208.0, 1196.0, 1185.0, 1200.0, 1173.0, 1167.0, 1166.0, 1151.0, 1157.0, 1158.0, 1140.0, 1166.0, 1144.0, 1142.0, 1136.0, 1134.0, 1127.0, 1125.0, 1127.0, 1131.0, 1124.0, 1128.0, 1110.0, 1108.0, 1085.0, 1105.0, 1116.0, 1109.0, 1107.0, 1114.0, 1120.0, 1122.0, 1130.0, 1134.0, 1128.0, 1124.0, 1117.0, 1110.0, 1095.0, 1095.0, 1088.0, 1101.0, 1105.0, 1094.0, 1105.0, 1111.0, 1089.0, 1067.0, 1074.0, 1082.0, 1100.0, 1093.0, 1096.0, 1097.0, 1096.0, 1094.0, 1094.0, 1092.0, 1061.0, 1053.0, 1052.0, 1039.0, 1041.0, 1040.0, 1034.0, 1033.0, 1033.0, 1031.0, 1026.0, 1015.0, 1003.0, 1013.0, 994.0, 979.0, 974.0, 983.0, 996.0, 999.0, 998.0, 996.0, 989.0, 994.0, 981.0, 979.0, 962.0, 957.0, 960.0, 957.0, 995.0, 997.0, 1012.0, 1011.0, 1017.0, 1012.0, 1023.0, 1008.0, 1005.0, 1012.0, 1008.0, 1013.0, 1014.0, 1007.0, 999.0, 981.0, 979.0, 962.0, 982.0, 1001.0, 1049.0, 1187.0, 1329.0, 964.0, 959.0, 966.0, 964.0, 966.0, 961.0, 965.0, 960.0, 964.0, 963.0, 957.0, 964.0, 958.0, 958.0, 953.0, 957.0, 946.0, 968.0, 957.0, 952.0, 956.0, 954.0, 951.0, 951.0, 965.0, 962.0, 960.0, 952.0, 953.0, 956.0, 959.0, 952.0, 958.0, 963.0, 956.0, 951.0, 952.0, 956.0, 959.0, 948.0, 956.0, 961.0, 963.0, 956.0, 956.0, 969.0, 963.0, 966.0, 960.0, 948.0, 952.0, 956.0, 954.0, 949.0, 957.0, 955.0, 943.0, 949.0, 955.0, 946.0, 948.0, 949.0, 945.0, 948.0, 951.0, 949.0, 942.0, 960.0, 951.0, 954.0, 945.0, 943.0, 950.0, 953.0, 956.0, 950.0, 952.0, 944.0, 946.0, 945.0, 953.0, 946.0, 951.0, 952.0, 954.0, 954.0, 952.0, 948.0, 955.0, 949.0, 956.0, 959.0, 953.0, 953.0, 954.0, 960.0, 951.0, 951.0, 948.0, 955.0, 956.0, 944.0, 952.0, 944.0, 946.0, 954.0, 935.0, 940.0, 934.0, 932.0, 954.0, 956.0, 961.0, 961.0, 960.0, 968.0, 966.0, 968.0, 964.0, 968.0, 980.0, 977.0, 976.0, 980.0, 1005.0, 998.0, 1020.0, 1002.0, 1009.0, 1023.0, 1012.0, 1021.0, 1025.0, 1040.0, 1037.0, 1045.0, 1052.0, 1051.0, 1042.0, 1042.0, 1051.0, 1057.0, 1068.0, 1063.0, 1064.0, 1082.0, 1071.0, 1081.0, 1080.0, 1090.0, 1100.0, 1091.0, 1115.0, 1093.0, 1103.0, 1099.0, 1093.0, 1092.0, 1100.0, 1110.0, 1115.0, 1103.0, 1108.0, 1095.0, 1110.0, 1098.0, 1084.0, 1099.0, 1124.0, 1127.0, 1115.0, 1107.0, 1113.0, 1112.0, 1108.0, 1109.0, 1119.0, 1110.0, 1123.0, 1121.0, 1136.0, 1140.0, 1127.0, 1136.0, 1136.0, 1144.0, 1129.0, 1123.0, 1133.0, 1135.0, 1143.0, 1149.0, 1154.0, 1174.0, 1200.0, 1200.0, 1201.0, 1229.0, 1220.0, 1232.0, 1242.0, 1230.0, 1257.0, 1273.0, 1293.0, 1270.0, 1284.0, 1272.0, 1280.0, 1286.0, 1285.0, 1293.0, 1292.0, 1304.0, 1299.0, 1298.0, 1311.0, 1320.0, 1320.0, 1317.0, 1327.0, 1339.0, 1336.0, 1339.0, 1344.0, 1361.0, 1345.0, 1380.0, 1384.0, 1382.0, 1380.0, 1376.0, 1386.0, 1400.0, 1397.0, 1404.0, 1410.0, 1407.0, 1415.0, 1402.0, 1398.0, 1409.0, 1425.0, 1430.0, 1419.0, 1423.0, 1423.0, 1427.0, 1427.0, 1428.0, 1425.0, 1429.0, 1445.0, 1458.0, 1460.0, 1457.0, 1462.0, 1463.0, 1465.0, 1480.0, 1471.0, 1473.0, 1475.0, 1479.0, 1466.0, 1477.0, 1485.0, 1496.0, 1505.0, 1511.0, 1511.0, 1507.0, 1503.0, 1498.0, 1498.0, 1495.0, 1485.0, 1485.0, 1521.0, 1508.0, 1510.0, 1525.0, 1517.0, 1518.0, 1517.0, 1512.0, 1512.0, 1535.0, 1533.0, 1530.0, 1537.0, 1536.0, 1568.0, 1567.0, 1570.0, 1575.0, 1572.0, 1574.0, 1576.0, 1576.0, 1576.0, 1582.0, 1596.0, 1590.0, 1590.0, 1586.0, 1586.0, 1586.0, 1603.0, 1596.0, 1590.0, 1590.0, 1611.0, 1592.0, 1605.0, 1587.0, 1587.0, 1603.0, 1613.0, 1624.0, 1622.0, 1635.0, 1636.0, 1628.0, 1628.0, 1628.0, 1648.0, 1648.0, 1661.0, 1649.0, 1642.0, 1640.0, 1640.0, 1642.0, 1636.0, 1628.0, 1630.0, 1622.0, 1657.0, 1642.0, 1643.0, 1631.0, 1622.0, 1624.0, 1608.0, 1602.0, 1602.0, 1608.0, 1587.0, 1587.0, 1594.0, 1601.0, 1598.0, 1599.0, 1598.0, 1603.0, 1598.0, 1589.0, 1596.0, 1598.0, 1603.0, 1603.0, 1609.0, 1592.0, 1589.0, 1605.0, 1605.0, 1605.0, 1597.0, 1600.0, 1612.0, 1604.0, 1610.0, 1607.0, 1599.0, 1606.0, 1610.0, 1617.0, 1614.0, 1618.0, 1620.0, 1616.0, 1608.0, 1610.0, 1605.0, 1605.0, 1612.0, 1620.0, 1631.0, 1641.0, 1641.0, 1615.0, 1610.0, 1612.0, 1625.0, 1641.0, 1641.0, 1621.0, 1621.0, 1633.0, 1625.0, 1637.0, 1619.0, 1610.0, 1619.0, 1629.0, 1628.0, 1637.0, 1638.0, 1641.0, 1649.0, 1625.0, 1637.0, 1648.0, 1647.0, 1647.0, 1625.0, 1632.0, 1647.0, 1647.0, 1649.0, 1654.0, 1653.0, 1658.0, 1652.0, 1652.0, 1656.0, 1656.0, 1665.0, 1674.0, 1680.0, 1681.0, 1681.0, 1666.0, 1666.0, 1658.0, 1651.0, 1660.0, 1661.0, 1649.0, 1655.0, 1656.0, 1665.0, 1660.0, 1650.0, 1648.0, 1666.0, 1673.0, 1667.0, 1656.0, 1676.0, 1681.0, 1683.0, 1666.0, 1656.0, 1653.0, 1665.0, 1661.0, 1663.0, 1672.0, 1684.0, 1675.0, 1664.0, 1664.0, 1665.0, 1665.0, 1664.0, 1663.0, 1665.0, 1663.0, 1661.0, 1668.0, 1688.0, 1681.0, 1687.0, 1691.0, 1669.0, 1671.0, 1672.0, 1679.0, 1679.0, 1679.0, 1672.0, 1672.0, 1681.0, 1681.0, 1673.0, 1665.0, 1671.0, 1676.0, 1676.0, 1667.0, 1673.0, 1671.0, 1672.0, 1670.0, 1670.0, 1673.0, 1660.0, 1671.0, 1673.0, 1679.0, 1685.0, 1672.0, 1672.0, 1671.0, 1672.0, 1681.0, 1691.0, 1691.0, 1695.0, 1695.0, 1684.0, 1677.0, 1685.0, 1683.0, 1677.0, 1671.0, 1666.0, 1673.0, 1678.0, 1679.0, 1683.0, 1676.0, 1680.0, 1689.0, 1680.0, 1677.0, 1669.0, 1674.0, 1672.0, 1667.0, 1669.0, 1662.0, 1649.0, 1652.0, 1655.0, 1659.0, 1630.0, 1629.0, 1629.0, 1633.0, 1642.0, 1634.0, 1642.0, 1648.0, 1619.0, 1619.0, 1649.0, 1626.0, 1631.0, 1612.0, 1623.0, 1623.0, 1620.0, 1602.0, 1602.0, 1602.0, 1602.0, 1607.0, 1614.0, 1613.0, 1604.0, 1581.0, 1590.0, 1590.0, 1596.0, 1596.0, 1604.0, 1600.0, 1600.0, 1601.0, 1593.0, 1589.0, 1593.0, 1584.0, 1593.0, 1590.0, 1579.0, 1593.0, 1594.0, 1586.0, 1579.0, 1567.0, 1562.0, 1589.0, 1585.0, 1575.0, 1565.0, 1576.0, 1578.0, 1578.0, 1557.0, 1554.0, 1558.0, 1562.0, 1570.0, 1562.0, 1561.0, 1544.0, 1536.0, 1542.0, 1536.0, 1534.0, 1529.0, 1533.0, 1527.0, 1530.0, 1533.0, 1512.0, 1522.0, 1524.0, 1536.0, 1502.0, 1496.0, 1496.0, 1491.0, 1490.0, 1479.0, 1487.0, 1483.0, 1484.0, 1500.0, 1486.0, 1486.0, 1475.0, 1474.0, 1465.0, 1452.0, 1448.0, 1455.0, 1466.0, 1448.0, 1481.0, 1483.0, 1476.0, 1459.0, 1464.0, 1464.0, 1437.0, 1454.0, 1458.0, 1458.0, 1447.0, 1458.0, 1446.0, 1439.0, 1438.0, 1449.0, 1448.0, 1444.0, 1450.0, 1459.0, 1432.0, 1442.0, 1427.0, 1415.0, 1400.0, 1410.0, 1412.0, 1419.0, 1403.0, 1395.0, 1409.0, 1421.0, 1412.0, 1422.0, 1410.0, 1399.0, 1427.0, 1399.0, 1383.0, 1400.0, 1394.0, 1391.0, 1402.0, 1414.0, 1379.0, 1376.0, 1381.0, 1382.0, 1380.0, 1380.0, 1397.0, 1398.0, 1371.0, 1371.0, 1371.0, 1365.0, 1365.0, 1361.0, 1340.0, 1351.0, 1353.0, 1340.0, 1340.0, 1350.0, 1354.0, 1340.0, 1339.0, 1339.0, 1337.0, 1342.0, 1335.0, 1340.0, 1340.0, 1337.0, 1337.0, 1352.0, 1350.0, 1350.0, 1341.0, 1345.0, 1350.0, 1340.0, 1332.0, 1332.0, 1348.0, 1332.0, 1335.0, 1335.0, 1335.0, 1335.0, 1333.0, 1331.0, 1330.0, 1330.0, 1344.0, 1333.0, 1328.0, 1328.0, 1329.0, 1321.0, 1323.0, 1332.0, 1328.0, 1316.0, 1308.0, 1335.0, 1335.0, 1328.0, 1300.0, 1345.0, 1345.0, 1342.0, 1349.0, 1365.0, 1347.0, 1347.0, 1347.0, 1348.0, 1349.0, 1351.0, 1351.0, 1378.0, 1397.0, 1375.0, 1379.0, 1372.0, 1391.0, 1380.0, 1370.0, 1358.0, 1370.0, 1381.0, 1381.0, 1361.0, 1387.0, 1394.0, 1404.0, 1384.0, 1383.0, 1373.0, 1375.0, 1393.0, 1404.0, 1407.0, 1407.0, 1399.0, 1396.0, 1399.0, 1412.0, 1402.0, 1412.0, 1419.0, 1423.0, 1425.0, 1439.0, 1442.0, 1442.0, 1437.0, 1448.0, 1459.0, 1456.0, 1445.0, 1441.0, 1428.0, 1424.0, 1443.0, 1442.0, 1442.0, 1442.0, 1441.0, 1457.0, 1455.0, 1474.0, 1474.0, 1483.0, 1489.0, 1491.0, 1492.0, 1482.0, 1479.0, 1491.0, 1498.0, 1499.0, 1517.0, 1517.0, 1527.0, 1503.0, 1493.0, 1493.0, 1547.0, 1555.0, 1543.0, 1546.0, 1544.0, 1539.0, 1536.0, 1534.0, 1522.0, 1517.0, 1503.0, 1530.0, 1521.0, 1507.0, 1501.0, 1518.0, 1509.0, 1514.0, 1530.0, 1534.0, 1525.0]