header: 
  seq: 1429
  stamp: 
    secs: 1548820792
    nsecs: 882077803
  frame_id: "base_link"
angle_min: -2.35619449615
angle_max: 2.35619449615
angle_increment: 0.00436332309619
time_increment: 1.73611151695e-05
scan_time: 0.0250000003725
range_min: 0.019999999553
range_max: 30.0
ranges: [0.4020000100135803, 0.4020000100135803, 0.39800000190734863, 0.3919999897480011, 0.3779999911785126, 0.3790000081062317, 0.3840000033378601, 0.38199999928474426, 0.37599998712539673, 0.37700000405311584, 0.37400001287460327, 0.3659999966621399, 0.3659999966621399, 0.35899999737739563, 0.34599998593330383, 0.34599998593330383, 0.3330000042915344, 0.3269999921321869, 0.30300000309944153, 0.24899999797344208, 0.29899999499320984, 0.2879999876022339, 0.33899998664855957, 0.3499999940395355, 0.3529999852180481, 0.35600000619888306, 0.34700000286102295, 0.335999995470047, 0.33399999141693115, 0.33000001311302185, 0.3269999921321869, 0.335999995470047, 0.335999995470047, 0.335999995470047, 0.3319999873638153, 0.32899999618530273, 0.3319999873638153, 0.3319999873638153, 0.32499998807907104, 0.3230000138282776, 0.3199999928474426, 0.3109999895095825, 0.3050000071525574, 0.30399999022483826, 0.31299999356269836, 0.31299999356269836, 0.3050000071525574, 0.30300000309944153, 0.296999990940094, 0.29499998688697815, 0.296999990940094, 0.29600000381469727, 0.29600000381469727, 0.28999999165534973, 0.28600001335144043, 0.2849999964237213, 0.28700000047683716, 0.28700000047683716, 0.2770000100135803, 0.28700000047683716, 0.27799999713897705, 0.2759999930858612, 0.2759999930858612, 0.2759999930858612, 0.2750000059604645, 0.2759999930858612, 0.2680000066757202, 0.26499998569488525, 0.26499998569488525, 0.26600000262260437, 0.2720000147819519, 0.2709999978542328, 0.26600000262260437, 0.257999986410141, 0.25699999928474426, 0.2639999985694885, 0.257999986410141, 0.25699999928474426, 0.25200000405311584, 0.25200000405311584, 0.25600001215934753, 0.25699999928474426, 0.2619999945163727, 0.2630000114440918, 0.25099998712539673, 0.25200000405311584, 0.25600001215934753, 0.2549999952316284, 0.2460000067949295, 0.24300000071525574, 0.24300000071525574, 0.2460000067949295, 0.25, 0.2529999911785126, 0.25, 0.25, 0.25099998712539673, 0.24899999797344208, 0.24799999594688416, 0.24500000476837158, 0.2409999966621399, 0.2409999966621399, 0.23899999260902405, 0.23600000143051147, 0.23899999260902405, 0.2370000034570694, 0.23600000143051147, 0.2329999953508377, 0.23600000143051147, 0.23800000548362732, 0.23800000548362732, 0.23899999260902405, 0.23800000548362732, 0.2409999966621399, 0.23600000143051147, 0.23800000548362732, 0.2370000034570694, 0.23800000548362732, 0.23499999940395355, 0.23100000619888306, 0.2329999953508377, 0.23499999940395355, 0.23499999940395355, 0.23499999940395355, 0.23399999737739563, 0.23499999940395355, 0.23399999737739563, 0.23899999260902405, 0.23899999260902405, 0.23899999260902405, 0.23399999737739563, 0.23199999332427979, 0.23100000619888306, 0.23100000619888306, 0.2329999953508377, 0.23600000143051147, 0.23399999737739563, 0.23600000143051147, 0.2370000034570694, 0.2370000034570694, 0.23499999940395355, 0.23000000417232513, 0.23000000417232513, 0.23000000417232513, 0.23600000143051147, 0.23800000548362732, 0.2290000021457672, 0.23000000417232513, 0.23000000417232513, 0.2240000069141388, 0.23100000619888306, 0.23100000619888306, 0.23399999737739563, 0.23600000143051147, 0.23100000619888306, 0.23000000417232513, 0.22699999809265137, 0.2290000021457672, 0.22699999809265137, 0.22699999809265137, 0.23499999940395355, 0.23800000548362732, 0.23899999260902405, 0.2370000034570694, 0.23399999737739563, 0.23100000619888306, 0.23100000619888306, 0.22699999809265137, 0.2290000021457672, 0.22200000286102295, 0.22200000286102295, 0.22599999606609344, 0.23199999332427979, 0.23100000619888306, 0.2280000001192093, 0.2280000001192093, 0.2290000021457672, 0.23100000619888306, 0.23100000619888306, 0.23199999332427979, 0.23800000548362732, 0.22599999606609344, 0.23000000417232513, 0.2329999953508377, 0.23499999940395355, 0.2329999953508377, 0.23499999940395355, 0.23999999463558197, 0.24500000476837158, 0.24500000476837158, 0.24500000476837158, 0.24500000476837158, 0.24500000476837158, 0.24500000476837158, 0.24300000071525574, 0.24300000071525574, 0.24300000071525574, 0.24699999392032623, 0.24500000476837158, 0.24699999392032623, 0.2460000067949295, 0.25, 0.25999999046325684, 0.2639999985694885, 0.25099998712539673, 0.24899999797344208, 0.26100000739097595, 0.26600000262260437, 0.2669999897480011, 0.27000001072883606, 0.2720000147819519, 0.2720000147819519, 0.27300000190734863, 0.2720000147819519, 0.2770000100135803, 0.2750000059604645, 0.2770000100135803, 0.2809999883174896, 0.28299999237060547, 0.28299999237060547, 0.28299999237060547, 0.28700000047683716, 0.29100000858306885, 0.28600001335144043, 0.28600001335144043, 0.29499998688697815, 0.296999990940094, 0.30300000309944153, 0.3089999854564667, 0.31299999356269836, 0.3149999976158142, 0.3230000138282776, 0.33799999952316284, 0.3610000014305115, 0.36800000071525574, 0.3919999897480011, 0.39899998903274536, 0.4099999964237213, 0.45500001311302185, 0.4729999899864197, 0.4970000088214874, 0.531000018119812, 0.5669999718666077, 0.6039999723434448, 0.6639999747276306, 0.7419999837875366, 0.8100000023841858, 0.9100000262260437, 1.059000015258789, 1.2400000095367432, 2.2139999866485596, 2.2200000286102295, 2.2139999866485596, 2.2070000171661377, 2.2109999656677246, 2.2160000801086426, 2.2109999656677246, 2.2049999237060547, 2.2009999752044678, 2.197999954223633, 2.193000078201294, 2.190999984741211, 2.187999963760376, 2.184000015258789, 2.177999973297119, 2.178999900817871, 2.177999973297119, 2.1659998893737793, 2.1619999408721924, 2.1589999198913574, 2.1640000343322754, 2.1640000343322754, 2.1579999923706055, 2.1559998989105225, 2.1549999713897705, 2.1510000228881836, 2.1480000019073486, 2.1480000019073486, 2.1489999294281006, 2.1480000019073486, 2.1419999599456787, 2.1389999389648438, 2.132999897003174, 2.127000093460083, 2.124000072479248, 2.128000020980835, 2.119999885559082, 2.118000030517578, 2.117000102996826, 2.115000009536743, 2.115999937057495, 2.115000009536743, 2.115000009536743, 2.1080000400543213, 2.1080000400543213, 2.1029999256134033, 2.0980000495910645, 2.0899999141693115, 2.0950000286102295, 2.0950000286102295, 2.0920000076293945, 2.0829999446868896, 2.0789999961853027, 2.0769999027252197, 2.0789999961853027, 2.0759999752044678, 2.071000099182129, 2.071000099182129, 2.072000026702881, 2.071000099182129, 2.065999984741211, 2.068000078201294, 2.052000045776367, 2.052000045776367, 2.0450000762939453, 2.0439999103546143, 2.0350000858306885, 2.0329999923706055, 2.0329999923706055, 2.0329999923706055, 2.0169999599456787, 2.006999969482422, 2.006999969482422, 2.003000020980835, 2.0, 2.0, 1.996000051498413, 1.9859999418258667, 1.9850000143051147, 1.9739999771118164, 1.968000054359436, 1.968000054359436, 1.9630000591278076, 1.9579999446868896, 1.9509999752044678, 1.9490000009536743, 1.940999984741211, 1.9420000314712524, 1.937999963760376, 1.9249999523162842, 1.909000039100647, 1.909000039100647, 1.9079999923706055, 1.8980000019073486, 1.8910000324249268, 1.8830000162124634, 1.878000020980835, 1.875, 1.8730000257492065, 1.8760000467300415, 1.8630000352859497, 1.8550000190734863, 1.843999981880188, 1.840000033378601, 1.8250000476837158, 1.809999942779541, 1.805999994277954, 1.8040000200271606, 1.7910000085830688, 1.7920000553131104, 1.777999997138977, 1.777999997138977, 1.7719999551773071, 1.7669999599456787, 1.7489999532699585, 1.7389999628067017, 1.7309999465942383, 1.718000054359436, 1.715000033378601, 1.7130000591278076, 1.7139999866485596, 1.7009999752044678, 1.690000057220459, 1.687000036239624, 1.680999994277954, 1.6660000085830688, 1.659000039100647, 1.6469999551773071, 1.6369999647140503, 1.6330000162124634, 1.625, 1.6100000143051147, 1.593000054359436, 1.5800000429153442, 1.5770000219345093, 1.5609999895095825, 1.5520000457763672, 1.5479999780654907, 1.5390000343322754, 1.5269999504089355, 1.5219999551773071, 1.5119999647140503, 1.4950000047683716, 1.496999979019165, 1.4859999418258667, 1.4759999513626099, 1.4630000591278076, 1.4529999494552612, 1.4390000104904175, 1.4329999685287476, 1.4299999475479126, 1.4229999780654907, 1.4129999876022339, 1.406000018119812, 1.4010000228881836, 1.3980000019073486, 1.3880000114440918, 1.3739999532699585, 1.3609999418258667, 1.3609999418258667, 1.3550000190734863, 1.343999981880188, 1.3359999656677246, 1.3320000171661377, 1.3220000267028809, 1.3179999589920044, 1.3079999685287476, 1.3040000200271606, 1.2960000038146973, 1.284000039100647, 1.2769999504089355, 1.2710000276565552, 1.2690000534057617, 1.2690000534057617, 1.2599999904632568, 1.2480000257492065, 1.2380000352859497, 1.2339999675750732, 1.2289999723434448, 1.2289999723434448, 1.222000002861023, 1.215000033378601, 1.2050000429153442, 1.1979999542236328, 1.190000057220459, 1.190999984741211, 1.187000036239624, 1.1820000410079956, 1.1779999732971191, 1.1729999780654907, 1.1649999618530273, 1.1610000133514404, 1.156999945640564, 1.1519999504089355, 1.1460000276565552, 1.1399999856948853, 1.1369999647140503, 1.1349999904632568, 1.1299999952316284, 1.1230000257492065, 1.11899995803833, 1.1169999837875366, 1.1160000562667847, 1.1139999628067017, 1.1039999723434448, 1.0950000286102295, 1.093000054359436, 1.093000054359436, 1.093000054359436, 1.093999981880188, 1.0870000123977661, 1.0800000429153442, 1.0770000219345093, 1.0770000219345093, 1.0759999752044678, 1.0759999752044678, 1.0809999704360962, 1.062000036239624, 1.059999942779541, 1.0529999732971191, 1.0509999990463257, 1.0520000457763672, 1.0520000457763672, 1.0470000505447388, 1.0460000038146973, 1.0460000038146973, 1.0360000133514404, 1.034999966621399, 1.0329999923706055, 1.027999997138977, 1.0240000486373901, 1.0210000276565552, 1.003999948501587, 1.003999948501587, 1.00600004196167, 1.0130000114440918, 1.0080000162124634, 0.9940000176429749, 0.9909999966621399, 0.9929999709129333, 0.996999979019165, 0.9980000257492065, 0.996999979019165, 0.9900000095367432, 0.9829999804496765, 0.9779999852180481, 0.9739999771118164, 0.9750000238418579, 0.9750000238418579, 0.972000002861023, 0.9660000205039978, 0.9589999914169312, 0.9559999704360962, 0.9570000171661377, 0.9559999704360962, 0.9520000219345093, 0.9520000219345093, 0.9520000219345093, 0.953000009059906, 0.9589999914169312, 0.9580000042915344, 0.9580000042915344, 0.9520000219345093, 0.9490000009536743, 0.9470000267028809, 0.9470000267028809, 0.949999988079071, 0.9440000057220459, 0.9409999847412109, 0.9359999895095825, 0.9359999895095825, 0.9399999976158142, 0.9380000233650208, 0.9350000023841858, 0.9380000233650208, 0.9259999990463257, 0.925000011920929, 0.9200000166893005, 0.9179999828338623, 0.9229999780654907, 0.9229999780654907, 0.9190000295639038, 0.9210000038146973, 0.925000011920929, 0.9169999957084656, 0.9089999794960022, 0.9100000262260437, 0.9070000052452087, 0.906000018119812, 0.9049999713897705, 0.8999999761581421, 0.8970000147819519, 0.8970000147819519, 0.8939999938011169, 0.8939999938011169, 0.8989999890327454, 0.8989999890327454, 0.8960000276565552, 0.8939999938011169, 0.8939999938011169, 0.8920000195503235, 0.8880000114440918, 0.8849999904632568, 0.8880000114440918, 0.8889999985694885, 0.8889999985694885, 0.8840000033378601, 0.8840000033378601, 0.8799999952316284, 0.8809999823570251, 0.8769999742507935, 0.8769999742507935, 0.8840000033378601, 0.8730000257492065, 0.8759999871253967, 0.8799999952316284, 0.8820000290870667, 0.8820000290870667, 0.8759999871253967, 0.8730000257492065, 0.8740000128746033, 0.8730000257492065, 0.871999979019165, 0.871999979019165, 0.871999979019165, 0.871999979019165, 0.871999979019165, 0.8730000257492065, 0.8740000128746033, 0.875, 0.8730000257492065, 0.8619999885559082, 0.8519999980926514, 0.8730000257492065, 0.8769999742507935, 0.8820000290870667, 0.8579999804496765, 0.8550000190734863, 0.8600000143051147, 0.8629999756813049, 0.8629999756813049, 0.8629999756813049, 0.8600000143051147, 0.8519999980926514, 0.8519999980926514, 0.8640000224113464, 0.8579999804496765, 0.8539999723434448, 0.8539999723434448, 0.8550000190734863, 0.8560000061988831, 0.859000027179718, 0.859000027179718, 0.8550000190734863, 0.8519999980926514, 0.8550000190734863, 0.8579999804496765, 0.8519999980926514, 0.8489999771118164, 0.8500000238418579, 0.8550000190734863, 0.8500000238418579, 0.8420000076293945, 0.8420000076293945, 0.8489999771118164, 0.8489999771118164, 0.8450000286102295, 0.8450000286102295, 0.8399999737739563, 0.8349999785423279, 0.8349999785423279, 0.8370000123977661, 0.8410000205039978, 0.8389999866485596, 0.8360000252723694, 0.8349999785423279, 0.8360000252723694, 0.8360000252723694, 0.8339999914169312, 0.8339999914169312, 0.8360000252723694, 0.8370000123977661, 0.8370000123977661, 0.8289999961853027, 0.8299999833106995, 0.8309999704360962, 0.8330000042915344, 0.8330000042915344, 0.8299999833106995, 0.8270000219345093, 0.8240000009536743, 0.824999988079071, 0.8209999799728394, 0.8180000185966492, 0.8169999718666077, 0.8180000185966492, 0.8230000138282776, 0.8240000009536743, 0.8259999752044678, 0.8320000171661377, 0.824999988079071, 0.8190000057220459, 0.8190000057220459, 0.8190000057220459, 0.8149999976158142, 0.8109999895095825, 0.8190000057220459, 0.8190000057220459, 0.8080000281333923, 0.8059999942779541, 0.8080000281333923, 0.8090000152587891, 0.8100000023841858, 0.8140000104904175, 0.8050000071525574, 0.800000011920929, 0.8040000200271606, 0.8090000152587891, 0.8090000152587891, 0.8080000281333923, 0.8069999814033508, 0.8050000071525574, 0.8100000023841858, 0.8190000057220459, 0.8190000057220459, 0.8040000200271606, 0.8029999732971191, 0.7940000295639038, 0.7979999780654907, 0.8009999990463257, 0.8009999990463257, 0.8009999990463257, 0.800000011920929, 0.800000011920929, 0.7910000085830688, 0.7929999828338623, 0.7929999828338623, 0.800000011920929, 0.8029999732971191, 0.8009999990463257, 0.7979999780654907, 0.7879999876022339, 0.7900000214576721, 0.7900000214576721, 0.7900000214576721, 0.7929999828338623, 0.7919999957084656, 0.7889999747276306, 0.7820000052452087, 0.7799999713897705, 0.777999997138977, 0.777999997138977, 0.7820000052452087, 0.7879999876022339, 0.7919999957084656, 0.7910000085830688, 0.7870000004768372, 0.7860000133514404, 0.7799999713897705, 0.7789999842643738, 0.7820000052452087, 0.7860000133514404, 0.7860000133514404, 0.7850000262260437, 0.777999997138977, 0.7789999842643738, 0.7860000133514404, 0.7860000133514404, 0.7839999794960022, 0.765999972820282, 0.7649999856948853, 0.7720000147819519, 0.7710000276565552, 0.7670000195503235, 0.7680000066757202, 0.7710000276565552, 0.7710000276565552, 0.7630000114440918, 0.7559999823570251, 0.7580000162124634, 0.7590000033378601, 0.7620000243186951, 0.7649999856948853, 0.765999972820282, 0.7609999775886536, 0.7590000033378601, 0.7590000033378601, 0.7590000033378601, 0.7590000033378601, 0.7630000114440918, 0.7590000033378601, 0.7649999856948853, 0.7620000243186951, 0.7609999775886536, 0.7609999775886536, 0.7559999823570251, 0.7509999871253967, 0.7480000257492065, 0.7519999742507935, 0.7509999871253967, 0.7590000033378601, 0.7720000147819519, 0.7710000276565552, 0.7609999775886536, 0.7599999904632568, 0.7590000033378601, 0.7459999918937683, 0.7540000081062317, 0.7649999856948853, 0.7639999985694885, 0.7549999952316284, 0.7519999742507935, 0.7549999952316284, 0.753000020980835, 0.753000020980835, 0.7519999742507935, 0.7440000176429749, 0.7440000176429749, 0.7549999952316284, 0.7549999952316284, 0.7480000257492065, 0.7480000257492065, 0.7480000257492065, 0.746999979019165, 0.75, 0.7549999952316284, 0.7490000128746033, 0.7459999918937683, 0.7519999742507935, 0.7540000081062317, 0.75, 0.7480000257492065, 0.7459999918937683, 0.746999979019165, 0.7440000176429749, 0.7480000257492065, 0.75, 0.7490000128746033, 0.7519999742507935, 0.7450000047683716, 0.7400000095367432, 0.7409999966621399, 0.7400000095367432, 0.7409999966621399, 0.7390000224113464, 0.7390000224113464, 0.7369999885559082, 0.7440000176429749, 0.7440000176429749, 0.7360000014305115, 0.7350000143051147, 0.734000027179718, 0.7429999709129333, 0.7429999709129333, 0.7400000095367432, 0.7379999756813049, 0.7429999709129333, 0.734000027179718, 0.7329999804496765, 0.7400000095367432, 0.7459999918937683, 0.7429999709129333, 0.7409999966621399, 0.7329999804496765, 0.7329999804496765, 0.7329999804496765, 0.7360000014305115, 0.7400000095367432, 0.7409999966621399, 0.7390000224113464, 0.7369999885559082, 0.734000027179718, 0.7300000190734863, 0.7269999980926514, 0.7279999852180481, 0.7250000238418579, 0.7260000109672546, 0.7260000109672546, 0.7350000143051147, 0.7369999885559082, 0.7390000224113464, 0.7350000143051147, 0.7329999804496765, 0.7390000224113464, 0.7319999933242798, 0.7260000109672546, 0.7260000109672546, 0.7279999852180481, 0.7279999852180481, 0.7310000061988831, 0.7310000061988831, 0.7329999804496765, 0.7319999933242798, 0.7279999852180481, 0.7319999933242798, 0.7319999933242798, 0.7329999804496765, 0.7329999804496765, 0.7310000061988831, 0.7260000109672546, 0.7250000238418579, 0.7250000238418579, 0.7300000190734863, 0.7279999852180481, 0.7279999852180481, 0.7310000061988831, 0.7390000224113464, 0.7369999885559082, 0.7289999723434448, 0.7260000109672546, 0.7250000238418579, 0.7250000238418579, 0.7250000238418579, 0.7289999723434448, 0.7289999723434448, 0.7260000109672546, 0.7279999852180481, 0.7279999852180481, 0.7250000238418579, 0.7229999899864197, 0.722000002861023, 0.722000002861023, 0.7279999852180481, 0.734000027179718, 0.7329999804496765, 0.7239999771118164, 0.7239999771118164, 0.7300000190734863, 0.7300000190734863, 0.7300000190734863, 0.7279999852180481, 0.7269999980926514, 0.7260000109672546, 0.7250000238418579, 0.7250000238418579, 0.7269999980926514, 0.7269999980926514, 0.7269999980926514, 0.7269999980926514, 0.718999981880188, 0.718999981880188, 0.722000002861023, 0.7250000238418579, 0.7260000109672546, 0.722000002861023, 0.7200000286102295, 0.7210000157356262, 0.7210000157356262, 0.7210000157356262, 0.7210000157356262, 0.7210000157356262, 0.7179999947547913, 0.722000002861023, 0.7260000109672546, 0.7369999885559082, 0.7300000190734863, 0.718999981880188, 0.7160000205039978, 0.7179999947547913, 0.7200000286102295, 0.7200000286102295, 0.7170000076293945, 0.7149999737739563, 0.7179999947547913, 0.7210000157356262, 0.718999981880188, 0.7160000205039978, 0.722000002861023, 0.722000002861023, 0.722000002861023, 0.718999981880188, 0.7289999723434448, 0.7350000143051147, 0.7279999852180481, 0.7200000286102295, 0.7210000157356262, 0.7260000109672546, 0.7260000109672546, 0.7279999852180481, 0.7250000238418579, 0.7160000205039978, 0.7160000205039978, 0.718999981880188, 0.718999981880188, 0.7160000205039978, 0.718999981880188, 0.7200000286102295, 0.7200000286102295, 0.7170000076293945, 0.7110000252723694, 0.7149999737739563, 0.7229999899864197, 0.7229999899864197, 0.722000002861023, 0.7179999947547913, 0.7289999723434448, 0.7260000109672546, 0.718999981880188, 0.7129999995231628, 0.7139999866485596, 0.7170000076293945, 0.7200000286102295, 0.7200000286102295, 0.7110000252723694, 0.7160000205039978, 0.7250000238418579, 0.7250000238418579, 0.7239999771118164, 0.7229999899864197, 0.7250000238418579, 0.7250000238418579, 0.7239999771118164, 0.7229999899864197, 0.722000002861023, 0.718999981880188, 0.718999981880188, 0.7200000286102295, 0.7200000286102295, 0.718999981880188, 0.7170000076293945, 0.7160000205039978, 0.7149999737739563, 0.7179999947547913, 0.7279999852180481, 0.7239999771118164, 0.7279999852180481, 0.7310000061988831, 0.7310000061988831, 0.7200000286102295, 0.7200000286102295, 0.7200000286102295, 0.722000002861023, 0.7229999899864197, 0.722000002861023, 0.718999981880188, 0.7179999947547913, 0.718999981880188, 0.7210000157356262, 0.7229999899864197, 0.7239999771118164, 0.7239999771118164, 0.7279999852180481, 0.7260000109672546, 0.7229999899864197, 0.7229999899864197, 0.7289999723434448, 0.7329999804496765, 0.7289999723434448, 0.7260000109672546, 0.7229999899864197, 0.722000002861023, 0.7260000109672546, 0.7319999933242798, 0.7310000061988831, 0.7279999852180481, 0.7279999852180481, 0.7300000190734863, 0.7289999723434448, 0.722000002861023, 0.7300000190734863, 0.734000027179718, 0.7300000190734863, 0.7279999852180481, 0.7239999771118164, 0.718999981880188, 0.7210000157356262, 0.7210000157356262, 0.7170000076293945, 0.7160000205039978, 0.7210000157356262, 0.7269999980926514, 0.7269999980926514, 0.7229999899864197, 0.722000002861023, 0.7210000157356262, 0.7229999899864197, 0.7269999980926514, 0.7229999899864197, 0.7200000286102295, 0.722000002861023, 0.722000002861023, 0.7310000061988831, 0.7350000143051147, 0.7279999852180481, 0.7319999933242798, 0.7239999771118164, 0.7239999771118164, 0.7200000286102295, 0.7229999899864197, 0.7269999980926514, 0.7260000109672546, 0.7300000190734863, 0.7300000190734863, 0.7300000190734863, 0.718999981880188, 0.7250000238418579, 0.722000002861023, 0.7250000238418579, 0.7229999899864197, 0.7210000157356262, 0.718999981880188, 0.718999981880188, 0.7179999947547913, 0.718999981880188, 0.7149999737739563, 0.7170000076293945, 0.7170000076293945, 0.7120000123977661, 0.718999981880188, 0.7210000157356262, 0.7229999899864197, 0.722000002861023, 0.7200000286102295, 0.722000002861023, 0.7379999756813049, 0.7379999756813049, 0.7429999709129333, 0.7409999966621399, 0.7459999918937683, 0.75, 0.7549999952316284, 0.7450000047683716, 0.7409999966621399, 0.7429999709129333, 0.7429999709129333, 0.7540000081062317, 0.7540000081062317, 0.7570000290870667, 0.7580000162124634, 0.7570000290870667, 0.7540000081062317]
intensities: [1023.0, 1096.0, 1094.0, 1109.0, 1114.0, 1134.0, 1184.0, 1194.0, 1204.0, 1234.0, 1230.0, 1243.0, 1241.0, 1213.0, 1148.0, 1148.0, 1053.0, 984.0, 875.0, 740.0, 820.0, 797.0, 910.0, 933.0, 943.0, 953.0, 965.0, 1011.0, 1078.0, 1139.0, 1134.0, 1241.0, 1235.0, 1258.0, 1271.0, 1267.0, 1281.0, 1281.0, 1280.0, 1277.0, 1256.0, 1266.0, 1254.0, 1239.0, 1253.0, 1253.0, 1228.0, 1232.0, 1246.0, 1247.0, 1233.0, 1218.0, 1214.0, 1219.0, 1220.0, 1214.0, 1219.0, 1219.0, 1174.0, 1176.0, 1199.0, 1195.0, 1192.0, 1192.0, 1181.0, 1175.0, 1200.0, 1177.0, 1177.0, 1183.0, 1160.0, 1162.0, 1157.0, 1165.0, 1134.0, 1143.0, 1142.0, 1165.0, 1191.0, 1191.0, 1192.0, 1202.0, 1210.0, 1222.0, 1210.0, 1218.0, 1230.0, 1223.0, 1234.0, 1237.0, 1231.0, 1237.0, 1238.0, 1244.0, 1237.0, 1233.0, 1248.0, 1238.0, 1229.0, 1236.0, 1237.0, 1237.0, 1224.0, 1218.0, 1220.0, 1229.0, 1223.0, 1218.0, 1223.0, 1234.0, 1234.0, 1241.0, 1239.0, 1239.0, 1237.0, 1245.0, 1246.0, 1240.0, 1246.0, 1241.0, 1255.0, 1256.0, 1256.0, 1257.0, 1255.0, 1242.0, 1239.0, 1250.0, 1262.0, 1250.0, 1243.0, 1247.0, 1240.0, 1234.0, 1251.0, 1249.0, 1242.0, 1237.0, 1246.0, 1240.0, 1246.0, 1238.0, 1239.0, 1237.0, 1225.0, 1241.0, 1239.0, 1241.0, 1245.0, 1238.0, 1242.0, 1238.0, 1230.0, 1225.0, 1211.0, 1211.0, 1209.0, 1209.0, 1214.0, 1188.0, 1190.0, 1188.0, 1188.0, 1186.0, 1184.0, 1182.0, 1177.0, 1171.0, 1170.0, 1154.0, 1157.0, 1155.0, 1155.0, 1140.0, 1136.0, 1134.0, 1137.0, 1134.0, 1127.0, 1121.0, 1137.0, 1121.0, 1108.0, 1118.0, 1116.0, 1121.0, 1135.0, 1123.0, 1120.0, 1120.0, 1117.0, 1119.0, 1119.0, 1109.0, 1099.0, 1094.0, 1094.0, 1076.0, 1074.0, 1083.0, 1078.0, 1090.0, 1086.0, 1098.0, 1073.0, 1092.0, 1102.0, 1097.0, 1093.0, 1098.0, 1103.0, 1103.0, 1093.0, 1080.0, 1088.0, 1064.0, 1064.0, 1076.0, 1076.0, 1060.0, 1060.0, 1065.0, 1071.0, 1058.0, 1047.0, 1029.0, 1019.0, 1023.0, 1017.0, 1002.0, 993.0, 1004.0, 995.0, 997.0, 991.0, 994.0, 993.0, 987.0, 982.0, 976.0, 994.0, 1001.0, 999.0, 993.0, 996.0, 1021.0, 1073.0, 1099.0, 1295.0, 1398.0, 974.0, 975.0, 986.0, 983.0, 985.0, 985.0, 984.0, 986.0, 982.0, 984.0, 985.0, 982.0, 976.0, 995.0, 992.0, 999.0, 989.0, 986.0, 993.0, 996.0, 993.0, 993.0, 996.0, 997.0, 997.0, 1004.0, 999.0, 999.0, 1005.0, 1004.0, 1004.0, 1012.0, 1010.0, 1005.0, 1005.0, 1019.0, 1008.0, 1014.0, 1009.0, 1010.0, 1011.0, 1011.0, 1014.0, 1013.0, 1015.0, 1019.0, 1017.0, 1011.0, 1018.0, 1020.0, 1009.0, 1012.0, 1004.0, 1004.0, 1005.0, 1021.0, 1019.0, 1019.0, 1017.0, 1011.0, 1024.0, 1036.0, 1014.0, 1027.0, 1017.0, 1012.0, 1012.0, 1015.0, 1015.0, 1004.0, 1016.0, 999.0, 1020.0, 1017.0, 1013.0, 1020.0, 1031.0, 1015.0, 1018.0, 1013.0, 1010.0, 1009.0, 1012.0, 1017.0, 1017.0, 1020.0, 1021.0, 1016.0, 1023.0, 1020.0, 1014.0, 1014.0, 1004.0, 1012.0, 1026.0, 1024.0, 1016.0, 1019.0, 1018.0, 1020.0, 1016.0, 1026.0, 1022.0, 1018.0, 1023.0, 1017.0, 1035.0, 1037.0, 1016.0, 1027.0, 1036.0, 1036.0, 1020.0, 1037.0, 1025.0, 1015.0, 1028.0, 1034.0, 1027.0, 1030.0, 1061.0, 1041.0, 1031.0, 1033.0, 1040.0, 1031.0, 1033.0, 1037.0, 1037.0, 1037.0, 1037.0, 1043.0, 1030.0, 1029.0, 1039.0, 1042.0, 1040.0, 1046.0, 1045.0, 1041.0, 1049.0, 1059.0, 1051.0, 1073.0, 1064.0, 1073.0, 1088.0, 1093.0, 1091.0, 1101.0, 1090.0, 1096.0, 1106.0, 1081.0, 1088.0, 1092.0, 1085.0, 1104.0, 1092.0, 1101.0, 1107.0, 1094.0, 1098.0, 1103.0, 1108.0, 1113.0, 1105.0, 1109.0, 1111.0, 1102.0, 1121.0, 1111.0, 1129.0, 1129.0, 1124.0, 1115.0, 1120.0, 1140.0, 1145.0, 1152.0, 1146.0, 1151.0, 1139.0, 1127.0, 1138.0, 1143.0, 1144.0, 1161.0, 1170.0, 1178.0, 1176.0, 1178.0, 1189.0, 1202.0, 1196.0, 1204.0, 1212.0, 1207.0, 1213.0, 1224.0, 1213.0, 1239.0, 1243.0, 1237.0, 1239.0, 1246.0, 1253.0, 1267.0, 1265.0, 1286.0, 1282.0, 1304.0, 1299.0, 1297.0, 1303.0, 1303.0, 1335.0, 1311.0, 1337.0, 1336.0, 1339.0, 1343.0, 1343.0, 1346.0, 1345.0, 1349.0, 1358.0, 1355.0, 1365.0, 1358.0, 1363.0, 1369.0, 1369.0, 1378.0, 1386.0, 1393.0, 1401.0, 1402.0, 1392.0, 1400.0, 1412.0, 1414.0, 1419.0, 1421.0, 1416.0, 1421.0, 1414.0, 1416.0, 1425.0, 1433.0, 1421.0, 1423.0, 1416.0, 1431.0, 1437.0, 1433.0, 1433.0, 1449.0, 1448.0, 1457.0, 1451.0, 1439.0, 1463.0, 1448.0, 1478.0, 1478.0, 1489.0, 1470.0, 1456.0, 1460.0, 1477.0, 1477.0, 1481.0, 1491.0, 1504.0, 1486.0, 1492.0, 1505.0, 1503.0, 1509.0, 1509.0, 1515.0, 1518.0, 1518.0, 1508.0, 1508.0, 1524.0, 1520.0, 1528.0, 1532.0, 1525.0, 1557.0, 1561.0, 1548.0, 1550.0, 1549.0, 1549.0, 1549.0, 1561.0, 1561.0, 1567.0, 1566.0, 1566.0, 1563.0, 1570.0, 1570.0, 1570.0, 1583.0, 1588.0, 1580.0, 1580.0, 1580.0, 1565.0, 1567.0, 1579.0, 1584.0, 1581.0, 1581.0, 1577.0, 1565.0, 1566.0, 1568.0, 1570.0, 1568.0, 1570.0, 1570.0, 1570.0, 1575.0, 1571.0, 1570.0, 1572.0, 1574.0, 1577.0, 1575.0, 1585.0, 1572.0, 1569.0, 1572.0, 1575.0, 1582.0, 1575.0, 1582.0, 1575.0, 1579.0, 1579.0, 1564.0, 1572.0, 1569.0, 1569.0, 1578.0, 1583.0, 1579.0, 1579.0, 1579.0, 1576.0, 1577.0, 1580.0, 1580.0, 1580.0, 1579.0, 1584.0, 1587.0, 1580.0, 1584.0, 1610.0, 1610.0, 1596.0, 1601.0, 1600.0, 1602.0, 1608.0, 1587.0, 1612.0, 1611.0, 1604.0, 1618.0, 1608.0, 1599.0, 1594.0, 1594.0, 1594.0, 1606.0, 1619.0, 1613.0, 1639.0, 1626.0, 1591.0, 1591.0, 1609.0, 1612.0, 1611.0, 1614.0, 1610.0, 1605.0, 1612.0, 1603.0, 1612.0, 1614.0, 1618.0, 1618.0, 1619.0, 1620.0, 1642.0, 1644.0, 1626.0, 1629.0, 1639.0, 1640.0, 1634.0, 1647.0, 1648.0, 1647.0, 1629.0, 1626.0, 1625.0, 1646.0, 1657.0, 1669.0, 1669.0, 1659.0, 1657.0, 1662.0, 1654.0, 1660.0, 1660.0, 1667.0, 1671.0, 1662.0, 1631.0, 1647.0, 1647.0, 1671.0, 1665.0, 1665.0, 1671.0, 1669.0, 1669.0, 1661.0, 1673.0, 1665.0, 1659.0, 1654.0, 1667.0, 1672.0, 1667.0, 1664.0, 1667.0, 1668.0, 1671.0, 1622.0, 1661.0, 1661.0, 1648.0, 1648.0, 1656.0, 1683.0, 1670.0, 1669.0, 1663.0, 1648.0, 1651.0, 1656.0, 1659.0, 1663.0, 1662.0, 1665.0, 1664.0, 1669.0, 1661.0, 1682.0, 1685.0, 1681.0, 1675.0, 1671.0, 1672.0, 1684.0, 1684.0, 1668.0, 1672.0, 1651.0, 1649.0, 1664.0, 1652.0, 1657.0, 1655.0, 1673.0, 1684.0, 1684.0, 1679.0, 1665.0, 1669.0, 1676.0, 1682.0, 1673.0, 1682.0, 1670.0, 1665.0, 1683.0, 1660.0, 1664.0, 1671.0, 1678.0, 1656.0, 1660.0, 1672.0, 1654.0, 1665.0, 1645.0, 1664.0, 1655.0, 1681.0, 1658.0, 1665.0, 1646.0, 1657.0, 1669.0, 1643.0, 1643.0, 1638.0, 1638.0, 1635.0, 1635.0, 1621.0, 1636.0, 1637.0, 1638.0, 1629.0, 1627.0, 1626.0, 1631.0, 1625.0, 1625.0, 1623.0, 1626.0, 1635.0, 1622.0, 1625.0, 1622.0, 1625.0, 1624.0, 1621.0, 1621.0, 1624.0, 1624.0, 1620.0, 1620.0, 1616.0, 1610.0, 1621.0, 1618.0, 1620.0, 1614.0, 1601.0, 1591.0, 1601.0, 1597.0, 1585.0, 1587.0, 1581.0, 1582.0, 1598.0, 1585.0, 1572.0, 1572.0, 1574.0, 1574.0, 1570.0, 1565.0, 1570.0, 1559.0, 1558.0, 1571.0, 1567.0, 1563.0, 1550.0, 1553.0, 1540.0, 1565.0, 1585.0, 1562.0, 1540.0, 1524.0, 1532.0, 1536.0, 1544.0, 1545.0, 1530.0, 1518.0, 1518.0, 1497.0, 1490.0, 1531.0, 1512.0, 1510.0, 1512.0, 1512.0, 1490.0, 1473.0, 1472.0, 1492.0, 1487.0, 1468.0, 1479.0, 1461.0, 1479.0, 1490.0, 1477.0, 1490.0, 1462.0, 1461.0, 1448.0, 1448.0, 1448.0, 1442.0, 1442.0, 1443.0, 1438.0, 1436.0, 1436.0, 1446.0, 1450.0, 1450.0, 1417.0, 1432.0, 1434.0, 1434.0, 1434.0, 1413.0, 1406.0, 1402.0, 1374.0, 1375.0, 1377.0, 1385.0, 1379.0, 1394.0, 1394.0, 1394.0, 1388.0, 1380.0, 1384.0, 1382.0, 1377.0, 1374.0, 1381.0, 1372.0, 1374.0, 1371.0, 1367.0, 1375.0, 1374.0, 1374.0, 1372.0, 1371.0, 1374.0, 1374.0, 1366.0, 1367.0, 1374.0, 1376.0, 1376.0, 1368.0, 1366.0, 1374.0, 1374.0, 1366.0, 1360.0, 1361.0, 1359.0, 1359.0, 1357.0, 1353.0, 1348.0, 1341.0, 1363.0, 1375.0, 1358.0, 1334.0, 1346.0, 1348.0, 1346.0, 1344.0, 1334.0, 1334.0, 1341.0, 1343.0, 1336.0, 1336.0, 1332.0, 1332.0, 1334.0, 1339.0, 1339.0, 1330.0, 1322.0, 1326.0, 1328.0, 1329.0, 1320.0, 1325.0, 1313.0, 1311.0, 1307.0, 1302.0, 1313.0, 1343.0, 1343.0, 1344.0, 1346.0, 1356.0, 1363.0, 1345.0, 1353.0, 1355.0, 1355.0, 1362.0, 1365.0, 1365.0, 1373.0, 1367.0, 1365.0, 1378.0, 1376.0, 1375.0, 1375.0, 1376.0, 1352.0, 1352.0, 1353.0, 1353.0, 1353.0, 1367.0, 1378.0, 1382.0, 1366.0, 1371.0, 1371.0, 1374.0, 1375.0, 1375.0, 1375.0, 1375.0, 1373.0, 1370.0, 1370.0, 1378.0, 1375.0, 1374.0, 1374.0, 1374.0, 1380.0, 1380.0, 1384.0, 1375.0, 1372.0, 1372.0, 1369.0, 1379.0, 1389.0, 1385.0, 1381.0, 1385.0, 1397.0, 1400.0, 1398.0, 1412.0, 1412.0, 1387.0, 1402.0, 1395.0, 1402.0, 1402.0, 1409.0, 1406.0, 1389.0, 1413.0, 1430.0, 1418.0, 1429.0, 1432.0, 1432.0, 1441.0, 1430.0, 1429.0, 1438.0, 1426.0, 1426.0, 1443.0, 1446.0, 1451.0, 1454.0, 1441.0, 1436.0, 1438.0, 1441.0, 1457.0, 1455.0, 1466.0, 1483.0, 1466.0, 1480.0, 1485.0, 1482.0, 1492.0, 1451.0, 1470.0, 1470.0, 1476.0, 1461.0, 1463.0, 1472.0, 1474.0, 1482.0, 1484.0, 1472.0, 1484.0, 1475.0, 1471.0, 1475.0, 1467.0, 1465.0, 1487.0, 1483.0, 1473.0, 1467.0, 1487.0, 1471.0, 1456.0, 1455.0, 1460.0, 1465.0]