header: 
  seq: 2391
  stamp: 
    secs: 1548820816
    nsecs: 980917286
  frame_id: "base_link"
angle_min: -2.35619449615
angle_max: 2.35619449615
angle_increment: 0.00436332309619
time_increment: 1.73611151695e-05
scan_time: 0.0250000003725
range_min: 0.019999999553
range_max: 30.0
ranges: [0.40799999237060547, 0.40799999237060547, 0.40400001406669617, 0.40700000524520874, 0.40700000524520874, 0.40799999237060547, 0.40700000524520874, 0.41200000047683716, 0.40700000524520874, 0.40400001406669617, 0.4050000011920929, 0.40299999713897705, 0.4020000100135803, 0.39899998903274536, 0.3880000114440918, 0.36800000071525574, 0.36800000071525574, 0.25999999046325684, 0.24500000476837158, 0.29100000858306885, 0.36000001430511475, 0.3720000088214874, 0.38100001215934753, 0.38600000739097595, 0.39100000262260437, 0.39500001072883606, 0.3959999978542328, 0.38600000739097595, 0.36899998784065247, 0.36800000071525574, 0.3889999985694885, 0.38999998569488525, 0.38499999046325684, 0.38199999928474426, 0.3869999945163727, 0.38600000739097595, 0.3790000081062317, 0.3790000081062317, 0.3790000081062317, 0.3790000081062317, 0.38100001215934753, 0.382999986410141, 0.3790000081062317, 0.375, 0.37599998712539673, 0.375, 0.375, 0.37700000405311584, 0.37599998712539673, 0.3700000047683716, 0.36899998784065247, 0.3659999966621399, 0.3659999966621399, 0.3659999966621399, 0.3659999966621399, 0.3659999966621399, 0.3659999966621399, 0.3659999966621399, 0.36500000953674316, 0.3619999885559082, 0.3610000014305115, 0.3610000014305115, 0.3610000014305115, 0.3619999885559082, 0.36500000953674316, 0.36500000953674316, 0.36000001430511475, 0.3580000102519989, 0.35899999737739563, 0.3580000102519989, 0.3610000014305115, 0.3610000014305115, 0.3610000014305115, 0.3610000014305115, 0.3580000102519989, 0.35499998927116394, 0.35499998927116394, 0.35499998927116394, 0.35499998927116394, 0.35600000619888306, 0.35600000619888306, 0.35899999737739563, 0.35499998927116394, 0.35199999809265137, 0.35199999809265137, 0.3540000021457672, 0.35100001096725464, 0.3529999852180481, 0.35899999737739563, 0.3540000021457672, 0.3499999940395355, 0.3529999852180481, 0.3580000102519989, 0.35199999809265137, 0.35100001096725464, 0.3490000069141388, 0.34700000286102295, 0.34599998593330383, 0.3400000035762787, 0.34299999475479126, 0.34200000762939453, 0.3370000123977661, 0.3440000116825104, 0.3440000116825104, 0.3440000116825104, 0.3440000116825104, 0.3440000116825104, 0.3449999988079071, 0.34599998593330383, 0.34299999475479126, 0.34299999475479126, 0.3440000116825104, 0.34299999475479126, 0.3409999907016754, 0.3409999907016754, 0.33899998664855957, 0.34200000762939453, 0.3370000123977661, 0.33899998664855957, 0.3330000042915344, 0.33399999141693115, 0.3330000042915344, 0.33500000834465027, 0.3319999873638153, 0.328000009059906, 0.32899999618530273, 0.3330000042915344, 0.3330000042915344, 0.328000009059906, 0.3269999921321869, 0.3269999921321869, 0.33399999141693115, 0.3310000002384186, 0.3269999921321869, 0.328000009059906, 0.33000001311302185, 0.33000001311302185, 0.33000001311302185, 0.328000009059906, 0.32499998807907104, 0.32199999690055847, 0.32100000977516174, 0.32199999690055847, 0.3240000009536743, 0.3269999921321869, 0.3269999921321869, 0.328000009059906, 0.3269999921321869, 0.32899999618530273, 0.3269999921321869, 0.328000009059906, 0.32600000500679016, 0.32600000500679016, 0.32600000500679016, 0.3230000138282776, 0.3230000138282776, 0.32499998807907104, 0.32199999690055847, 0.32199999690055847, 0.3269999921321869, 0.33000001311302185, 0.3269999921321869, 0.32199999690055847, 0.32199999690055847, 0.32199999690055847, 0.32199999690055847, 0.32100000977516174, 0.3190000057220459, 0.32100000977516174, 0.3179999887943268, 0.3160000145435333, 0.3190000057220459, 0.32199999690055847, 0.32600000500679016, 0.32600000500679016, 0.3199999928474426, 0.32100000977516174, 0.32100000977516174, 0.32199999690055847, 0.3160000145435333, 0.3160000145435333, 0.31700000166893005, 0.3190000057220459, 0.3179999887943268, 0.3140000104904175, 0.3140000104904175, 0.31700000166893005, 0.3190000057220459, 0.3140000104904175, 0.3149999976158142, 0.32199999690055847, 0.32499998807907104, 0.3140000104904175, 0.3149999976158142, 0.3199999928474426, 0.3199999928474426, 0.3179999887943268, 0.31200000643730164, 0.31200000643730164, 0.3179999887943268, 0.32199999690055847, 0.32100000977516174, 0.32100000977516174, 0.3179999887943268, 0.32199999690055847, 0.32199999690055847, 0.3190000057220459, 0.3140000104904175, 0.31299999356269836, 0.3109999895095825, 0.3149999976158142, 0.32100000977516174, 0.32600000500679016, 0.32100000977516174, 0.32100000977516174, 0.3160000145435333, 0.31299999356269836, 0.3140000104904175, 0.32100000977516174, 0.328000009059906, 0.328000009059906, 0.32499998807907104, 0.3230000138282776, 0.32199999690055847, 0.3240000009536743, 0.32100000977516174, 0.32100000977516174, 0.3190000057220459, 0.3230000138282776, 0.3240000009536743, 0.3240000009536743, 0.3269999921321869, 0.32499998807907104, 0.32499998807907104, 0.32499998807907104, 0.3240000009536743, 0.33000001311302185, 0.33500000834465027, 0.33899998664855957, 0.3319999873638153, 0.3240000009536743, 0.3269999921321869, 0.3269999921321869, 0.3240000009536743, 0.3230000138282776, 0.3190000057220459, 0.32100000977516174, 0.33000001311302185, 0.34299999475479126, 0.33000001311302185, 0.3319999873638153, 0.33399999141693115, 0.33000001311302185, 0.33000001311302185, 0.335999995470047, 0.3370000123977661, 0.3370000123977661, 0.33799999952316284, 0.3370000123977661, 0.34700000286102295, 0.3490000069141388, 0.34700000286102295, 0.34599998593330383, 0.34599998593330383, 0.34599998593330383, 0.3449999988079071, 0.35199999809265137, 0.3529999852180481, 0.35100001096725464, 0.3479999899864197, 0.34700000286102295, 0.34700000286102295, 0.35899999737739563, 0.35899999737739563, 0.367000013589859, 0.3700000047683716, 0.37299999594688416, 0.3709999918937683, 0.37700000405311584, 0.3799999952316284, 0.37599998712539673, 0.3799999952316284, 0.3889999985694885, 0.3919999897480011, 0.39800000190734863, 0.39899998903274536, 0.4000000059604645, 0.4000000059604645, 0.4050000011920929, 0.4180000126361847, 0.4230000078678131, 0.4410000145435333, 0.5130000114440918, 0.593999981880188, 0.4429999887943268, 2.2639999389648438, 2.240999937057495, 2.2330000400543213, 2.2170000076293945, 2.200000047683716, 2.184999942779541, 2.1619999408721924, 2.1470000743865967, 2.128000020980835, 2.118000030517578, 2.109999895095825, 2.0980000495910645, 2.0739998817443848, 2.062000036239624, 2.053999900817871, 2.0360000133514404, 2.0199999809265137, 2.006999969482422, 2.003000020980835, 1.9919999837875366, 1.9800000190734863, 1.9639999866485596, 1.9539999961853027, 1.9390000104904175, 1.9240000247955322, 1.9170000553131104, 1.9049999713897705, 1.9040000438690186, 1.8930000066757202, 1.878999948501587, 1.8650000095367432, 1.8530000448226929, 1.8370000123977661, 1.8289999961853027, 1.8200000524520874, 1.812000036239624, 1.8070000410079956, 1.7890000343322754, 1.7899999618530273, 1.7740000486373901, 1.7649999856948853, 1.7569999694824219, 1.7380000352859497, 1.7309999465942383, 1.7269999980926514, 1.715000033378601, 1.7079999446868896, 1.7039999961853027, 1.6929999589920044, 1.6890000104904175, 1.6770000457763672, 1.6690000295639038, 1.6579999923706055, 1.649999976158142, 1.6419999599456787, 1.6399999856948853, 1.628999948501587, 1.6139999628067017, 1.6139999628067017, 1.6160000562667847, 1.6109999418258667, 1.593999981880188, 1.5850000381469727, 1.5729999542236328, 1.565000057220459, 1.562000036239624, 1.5609999895095825, 1.5570000410079956, 1.5549999475479126, 1.5429999828338623, 1.531000018119812, 1.527999997138977, 1.5240000486373901, 1.5240000486373901, 1.5130000114440918, 1.5099999904632568, 1.5069999694824219, 1.5, 1.49399995803833, 1.4869999885559082, 1.4809999465942383, 1.4769999980926514, 1.4730000495910645, 1.465000033378601, 1.4570000171661377, 1.4509999752044678, 1.4450000524520874, 1.440000057220459, 1.4329999685287476, 1.4279999732971191, 1.4210000038146973, 1.4229999780654907, 1.4220000505447388, 1.409999966621399, 1.4019999504089355, 1.4010000228881836, 1.3940000534057617, 1.3919999599456787, 1.3890000581741333, 1.3890000581741333, 1.38100004196167, 1.375, 1.371999979019165, 1.3650000095367432, 1.3550000190734863, 1.3559999465942383, 1.3539999723434448, 1.3509999513626099, 1.3420000076293945, 1.3420000076293945, 1.3359999656677246, 1.3380000591278076, 1.3359999656677246, 1.3240000009536743, 1.3179999589920044, 1.3229999542236328, 1.3229999542236328, 1.315999984741211, 1.315999984741211, 1.3140000104904175, 1.3109999895095825, 1.3049999475479126, 1.3009999990463257, 1.3009999990463257, 1.3020000457763672, 1.2920000553131104, 1.2890000343322754, 1.2790000438690186, 1.277999997138977, 1.2799999713897705, 1.2769999504089355, 1.2740000486373901, 1.2699999809265137, 1.2669999599456787, 1.2640000581741333, 1.2610000371932983, 1.2580000162124634, 1.2640000581741333, 1.2619999647140503, 1.2660000324249268, 1.2599999904632568, 1.2569999694824219, 1.246999979019165, 1.246999979019165, 1.2519999742507935, 1.2519999742507935, 1.2450000047683716, 1.246000051498413, 1.2450000047683716, 1.2430000305175781, 1.2380000352859497, 1.2339999675750732, 1.2369999885559082, 1.2339999675750732, 1.2350000143051147, 1.2309999465942383, 1.2309999465942383, 1.2289999723434448, 1.2269999980926514, 1.2239999771118164, 1.218000054359436, 1.2170000076293945, 1.218999981880188, 1.215000033378601, 1.2130000591278076, 1.2109999656677246, 1.2079999446868896, 1.2050000429153442, 1.2059999704360962, 1.2100000381469727, 1.2050000429153442, 1.2000000476837158, 1.1990000009536743, 1.2020000219345093, 1.2020000219345093, 1.2009999752044678, 1.1929999589920044, 1.1929999589920044, 1.1950000524520874, 1.194000005722046, 1.1929999589920044, 1.1929999589920044, 1.187999963760376, 1.1829999685287476, 1.1790000200271606, 1.1790000200271606, 1.1829999685287476, 1.1799999475479126, 1.1829999685287476, 1.180999994277954, 1.1790000200271606, 1.1740000247955322, 1.1710000038146973, 1.1720000505447388, 1.1720000505447388, 1.1699999570846558, 1.1679999828338623, 1.1679999828338623, 1.1649999618530273, 1.1619999408721924, 1.159999966621399, 1.1649999618530273, 1.1649999618530273, 1.1610000133514404, 1.1490000486373901, 1.1490000486373901, 1.1480000019073486, 1.1460000276565552, 1.1419999599456787, 1.1380000114440918, 1.1390000581741333, 1.1349999904632568, 1.13100004196167, 1.13100004196167, 1.1299999952316284, 1.1260000467300415, 1.121999979019165, 1.1230000257492065, 1.1260000467300415, 1.121999979019165, 1.11899995803833, 1.11899995803833, 1.1150000095367432, 1.1130000352859497, 1.1119999885559082, 1.1109999418258667, 1.1119999885559082, 1.1050000190734863, 1.100000023841858, 1.097000002861023, 1.093999981880188, 1.0959999561309814, 1.0950000286102295, 1.097000002861023, 1.1009999513626099, 1.0989999771118164, 1.0920000076293945, 1.0829999446868896, 1.0839999914169312, 1.0859999656677246, 1.0820000171661377, 1.0789999961853027, 1.0789999961853027, 1.0740000009536743, 1.0729999542236328, 1.0740000009536743, 1.0709999799728394, 1.0640000104904175, 1.065999984741211, 1.0679999589920044, 1.065999984741211, 1.065000057220459, 1.0640000104904175, 1.062000036239624, 1.0579999685287476, 1.055999994277954, 1.055999994277954, 1.0509999990463257, 1.0529999732971191, 1.0509999990463257, 1.0520000457763672, 1.0490000247955322, 1.0479999780654907, 1.0360000133514404, 1.0290000438690186, 1.027999997138977, 1.031999945640564, 1.0290000438690186, 1.0269999504089355, 1.027999997138977, 1.0180000066757202, 1.0089999437332153, 1.0130000114440918, 1.0130000114440918, 1.0049999952316284, 1.0049999952316284, 1.00600004196167, 1.0089999437332153, 1.003000020980835, 0.9990000128746033, 0.9959999918937683, 0.9940000176429749, 0.9940000176429749, 0.9909999966621399, 0.9860000014305115, 0.9769999980926514, 0.9760000109672546, 0.9769999980926514, 0.9760000109672546, 0.9769999980926514, 0.9760000109672546, 0.9679999947547913, 0.9649999737739563, 0.9639999866485596, 0.9620000123977661, 0.9620000123977661, 0.9610000252723694, 0.9599999785423279, 0.9599999785423279, 0.9539999961853027, 0.9509999752044678, 0.949999988079071, 0.9490000009536743, 0.9490000009536743, 0.9480000138282776, 0.9480000138282776, 0.9459999799728394, 0.9409999847412109, 0.9350000023841858, 0.9340000152587891, 0.9340000152587891, 0.9309999942779541, 0.9290000200271606, 0.9290000200271606, 0.9290000200271606, 0.9290000200271606, 0.921999990940094, 0.9160000085830688, 0.9169999957084656, 0.9129999876022339, 0.9089999794960022, 0.9039999842643738, 0.906000018119812, 0.9169999957084656, 0.9039999842643738, 0.8989999890327454, 0.8989999890327454, 0.8999999761581421, 0.8920000195503235, 0.8920000195503235, 0.8939999938011169, 0.8970000147819519, 0.8970000147819519, 0.8939999938011169, 0.8899999856948853, 0.8870000243186951, 0.8809999823570251, 0.8790000081062317, 0.8769999742507935, 0.875, 0.8740000128746033, 0.875, 0.875, 0.871999979019165, 0.8690000176429749, 0.8700000047683716, 0.8669999837875366, 0.8650000095367432, 0.8640000224113464, 0.859000027179718, 0.8550000190734863, 0.8569999933242798, 0.8569999933242798, 0.8539999723434448, 0.8479999899864197, 0.8450000286102295, 0.8460000157356262, 0.8479999899864197, 0.8529999852180481, 0.8460000157356262, 0.8389999866485596, 0.8339999914169312, 0.8289999961853027, 0.8289999961853027, 0.8289999961853027, 0.8240000009536743, 0.8230000138282776, 0.8220000267028809, 0.8230000138282776, 0.8220000267028809, 0.8209999799728394, 0.8119999766349792, 0.8090000152587891, 0.8159999847412109, 0.8140000104904175, 0.8059999942779541, 0.8050000071525574, 0.8050000071525574, 0.7950000166893005, 0.796999990940094, 0.796999990940094, 0.796999990940094, 0.7950000166893005, 0.7900000214576721, 0.7900000214576721, 0.7879999876022339, 0.7839999794960022, 0.7860000133514404, 0.7839999794960022, 0.7770000100135803, 0.7749999761581421, 0.7820000052452087, 0.7749999761581421, 0.7730000019073486, 0.7680000066757202, 0.7680000066757202, 0.7639999985694885, 0.7670000195503235, 0.7620000243186951, 0.7580000162124634, 0.7559999823570251, 0.753000020980835, 0.7519999742507935, 0.75, 0.75, 0.7459999918937683, 0.746999979019165, 0.7459999918937683, 0.7429999709129333, 0.7429999709129333, 0.7429999709129333, 0.7409999966621399, 0.7409999966621399, 0.7319999933242798, 0.7310000061988831, 0.7229999899864197, 0.7229999899864197, 0.722000002861023, 0.7170000076293945, 0.722000002861023, 0.722000002861023, 0.722000002861023, 0.7179999947547913, 0.7179999947547913, 0.7170000076293945, 0.7160000205039978, 0.7160000205039978, 0.7149999737739563, 0.7059999704360962, 0.7059999704360962, 0.7059999704360962, 0.7059999704360962, 0.7009999752044678, 0.7009999752044678, 0.7009999752044678, 0.6949999928474426, 0.6909999847412109, 0.6899999976158142, 0.6909999847412109, 0.6909999847412109, 0.6850000023841858, 0.6819999814033508, 0.6740000247955322, 0.6769999861717224, 0.6809999942779541, 0.6779999732971191, 0.6779999732971191, 0.6769999861717224, 0.6759999990463257, 0.6809999942779541, 0.6779999732971191, 0.671999990940094, 0.6690000295639038, 0.6650000214576721, 0.6669999957084656, 0.6710000038146973, 0.6710000038146973, 0.6639999747276306, 0.6629999876022339, 0.6650000214576721, 0.6600000262260437, 0.6610000133514404, 0.6610000133514404, 0.6579999923706055, 0.656000018119812, 0.6579999923706055, 0.6579999923706055, 0.656000018119812, 0.6539999842643738, 0.652999997138977, 0.6489999890327454, 0.6439999938011169, 0.6430000066757202, 0.6430000066757202, 0.6460000276565552, 0.6489999890327454, 0.6449999809265137, 0.640999972820282, 0.640999972820282, 0.640999972820282, 0.6420000195503235, 0.640999972820282, 0.6430000066757202, 0.6359999775886536, 0.6269999742507935, 0.6259999871253967, 0.6230000257492065, 0.6200000047683716, 0.625, 0.6299999952316284, 0.6190000176429749, 0.6129999756813049, 0.6110000014305115, 0.6150000095367432, 0.6190000176429749, 0.6179999709129333, 0.6169999837875366, 0.6129999756813049, 0.6159999966621399, 0.6110000014305115, 0.6110000014305115, 0.6069999933242798, 0.6039999723434448, 0.6039999723434448, 0.6100000143051147, 0.6119999885559082, 0.6119999885559082, 0.6100000143051147, 0.6100000143051147, 0.6100000143051147, 0.609000027179718, 0.6079999804496765, 0.6029999852180481, 0.5960000157356262, 0.5960000157356262, 0.5950000286102295, 0.5950000286102295, 0.5960000157356262, 0.5889999866485596, 0.5889999866485596, 0.5929999947547913, 0.5950000286102295, 0.593999981880188, 0.5899999737739563, 0.5889999866485596, 0.5889999866485596, 0.5950000286102295, 0.5889999866485596, 0.5879999995231628, 0.5879999995231628, 0.5849999785423279, 0.5839999914169312, 0.5849999785423279, 0.5870000123977661, 0.5870000123977661, 0.5759999752044678, 0.5830000042915344, 0.5820000171661377, 0.5820000171661377, 0.5820000171661377, 0.5860000252723694, 0.5860000252723694, 0.5799999833106995, 0.5699999928474426, 0.5799999833106995, 0.5809999704360962, 0.5770000219345093, 0.5740000009536743, 0.578000009059906, 0.578000009059906, 0.5799999833106995, 0.578000009059906, 0.5799999833106995, 0.5770000219345093, 0.5720000267028809, 0.574999988079071, 0.5799999833106995, 0.5839999914169312, 0.5770000219345093, 0.5759999752044678, 0.5730000138282776, 0.5730000138282776, 0.574999988079071, 0.5730000138282776, 0.5659999847412109, 0.5649999976158142, 0.5699999928474426, 0.5759999752044678, 0.5799999833106995, 0.5799999833106995, 0.5720000267028809, 0.5720000267028809, 0.5709999799728394, 0.5690000057220459, 0.5709999799728394, 0.5720000267028809, 0.574999988079071, 0.5709999799728394, 0.5720000267028809, 0.5709999799728394, 0.5709999799728394, 0.5720000267028809, 0.574999988079071, 0.5720000267028809, 0.5680000185966492, 0.5709999799728394, 0.574999988079071, 0.574999988079071, 0.574999988079071, 0.5669999718666077, 0.5649999976158142, 0.5649999976158142, 0.5699999928474426, 0.5699999928474426, 0.5690000057220459, 0.5680000185966492, 0.5709999799728394, 0.5759999752044678, 0.5759999752044678, 0.5730000138282776, 0.5770000219345093, 0.5740000009536743, 0.5740000009536743, 0.5709999799728394, 0.5690000057220459, 0.5690000057220459, 0.5669999718666077, 0.5699999928474426, 0.5699999928474426, 0.5699999928474426, 0.5699999928474426, 0.5690000057220459, 0.5720000267028809, 0.5709999799728394, 0.5709999799728394, 0.574999988079071, 0.5789999961853027, 0.5789999961853027, 0.574999988079071, 0.574999988079071, 0.574999988079071, 0.5770000219345093, 0.574999988079071, 0.5690000057220459, 0.5740000009536743, 0.5720000267028809, 0.574999988079071, 0.5799999833106995, 0.5759999752044678, 0.5759999752044678, 0.5699999928474426, 0.5690000057220459, 0.5699999928474426, 0.5730000138282776, 0.5730000138282776, 0.5730000138282776, 0.5730000138282776, 0.5740000009536743, 0.5770000219345093, 0.5740000009536743, 0.574999988079071, 0.574999988079071, 0.574999988079071, 0.5799999833106995, 0.5799999833106995, 0.5799999833106995, 0.5809999704360962, 0.5809999704360962, 0.5879999995231628, 0.5860000252723694, 0.5870000123977661, 0.5860000252723694, 0.5860000252723694, 0.5899999737739563, 0.5860000252723694, 0.5889999866485596, 0.5849999785423279, 0.5849999785423279, 0.5879999995231628, 0.5879999995231628, 0.5860000252723694, 0.5889999866485596, 0.5950000286102295, 0.5989999771118164, 0.5950000286102295, 0.6019999980926514, 0.6060000061988831, 0.5960000157356262, 0.5979999899864197, 0.6000000238418579, 0.6019999980926514, 0.6039999723434448, 0.6060000061988831, 0.6060000061988831, 0.6110000014305115, 0.6079999804496765, 0.609000027179718, 0.6060000061988831, 0.6110000014305115, 0.6069999933242798, 0.6110000014305115, 0.6110000014305115, 0.6119999885559082, 0.6190000176429749, 0.6190000176429749, 0.6190000176429749, 0.6209999918937683, 0.6209999918937683, 0.6169999837875366, 0.6230000257492065, 0.628000020980835, 0.6299999952316284, 0.6290000081062317, 0.6269999742507935, 0.6269999742507935, 0.6290000081062317, 0.6290000081062317, 0.6299999952316284, 0.6269999742507935, 0.6340000033378601, 0.6439999938011169, 0.6460000276565552, 0.6439999938011169, 0.6449999809265137, 0.6460000276565552, 0.6439999938011169, 0.6389999985694885, 0.6380000114440918, 0.6399999856948853, 0.6480000019073486, 0.6539999842643738, 0.6539999842643738, 0.652999997138977, 0.6570000052452087, 0.656000018119812, 0.6570000052452087, 0.6549999713897705, 0.652999997138977, 0.652999997138977, 0.6499999761581421, 0.652999997138977, 0.6520000100135803, 0.6539999842643738, 0.6600000262260437, 0.6669999957084656, 0.6660000085830688, 0.6639999747276306, 0.6669999957084656, 0.6629999876022339, 0.6620000004768372, 0.6690000295639038, 0.6779999732971191, 0.6740000247955322, 0.6669999957084656, 0.6710000038146973, 0.6710000038146973, 0.6740000247955322, 0.6759999990463257, 0.6729999780654907, 0.6790000200271606, 0.6779999732971191, 0.6779999732971191, 0.6880000233650208, 0.6899999976158142, 0.6959999799728394, 0.6930000185966492, 0.6880000233650208, 0.6830000281333923, 0.6919999718666077, 0.6990000009536743, 0.6990000009536743, 0.703000009059906, 0.6980000138282776, 0.6980000138282776, 0.7039999961853027, 0.7049999833106995, 0.703000009059906, 0.703000009059906, 0.7070000171661377, 0.7039999961853027, 0.6930000185966492, 0.6840000152587891, 0.7089999914169312, 0.7080000042915344, 0.7070000171661377, 0.7260000109672546, 0.7310000061988831, 0.7360000014305115, 0.7419999837875366, 0.7540000081062317, 0.7540000081062317, 0.7680000066757202, 0.746999979019165, 0.7570000290870667, 0.7710000276565552, 0.777999997138977, 0.7799999713897705, 0.7839999794960022, 0.7770000100135803, 0.7770000100135803, 0.7850000262260437, 0.7850000262260437, 0.7870000004768372, 0.796999990940094, 0.8059999942779541, 0.7990000247955322]
intensities: [1088.0, 1119.0, 1135.0, 1219.0, 1276.0, 1309.0, 1455.0, 1468.0, 1472.0, 1495.0, 1476.0, 1514.0, 1487.0, 1396.0, 1284.0, 1142.0, 1142.0, 803.0, 766.0, 840.0, 958.0, 964.0, 995.0, 996.0, 1001.0, 1005.0, 1006.0, 1062.0, 1128.0, 1143.0, 1335.0, 1425.0, 1433.0, 1514.0, 1536.0, 1549.0, 1565.0, 1578.0, 1589.0, 1601.0, 1571.0, 1575.0, 1587.0, 1598.0, 1593.0, 1588.0, 1579.0, 1578.0, 1568.0, 1572.0, 1576.0, 1536.0, 1533.0, 1536.0, 1540.0, 1535.0, 1527.0, 1526.0, 1538.0, 1535.0, 1533.0, 1532.0, 1531.0, 1532.0, 1530.0, 1530.0, 1529.0, 1535.0, 1535.0, 1532.0, 1529.0, 1529.0, 1529.0, 1529.0, 1530.0, 1531.0, 1531.0, 1526.0, 1498.0, 1508.0, 1516.0, 1504.0, 1497.0, 1492.0, 1508.0, 1507.0, 1500.0, 1483.0, 1469.0, 1465.0, 1490.0, 1480.0, 1499.0, 1465.0, 1463.0, 1466.0, 1467.0, 1463.0, 1457.0, 1455.0, 1457.0, 1436.0, 1457.0, 1444.0, 1444.0, 1424.0, 1424.0, 1436.0, 1439.0, 1448.0, 1448.0, 1432.0, 1412.0, 1408.0, 1409.0, 1413.0, 1421.0, 1417.0, 1411.0, 1410.0, 1421.0, 1379.0, 1380.0, 1369.0, 1385.0, 1396.0, 1402.0, 1402.0, 1385.0, 1367.0, 1372.0, 1378.0, 1374.0, 1353.0, 1355.0, 1364.0, 1364.0, 1362.0, 1360.0, 1353.0, 1353.0, 1341.0, 1350.0, 1352.0, 1347.0, 1327.0, 1335.0, 1326.0, 1323.0, 1332.0, 1336.0, 1321.0, 1319.0, 1319.0, 1291.0, 1295.0, 1305.0, 1308.0, 1285.0, 1302.0, 1287.0, 1281.0, 1285.0, 1285.0, 1285.0, 1285.0, 1278.0, 1275.0, 1276.0, 1285.0, 1283.0, 1284.0, 1273.0, 1273.0, 1273.0, 1270.0, 1275.0, 1271.0, 1285.0, 1233.0, 1233.0, 1239.0, 1237.0, 1238.0, 1221.0, 1223.0, 1220.0, 1235.0, 1212.0, 1225.0, 1224.0, 1229.0, 1205.0, 1215.0, 1201.0, 1193.0, 1199.0, 1197.0, 1197.0, 1200.0, 1194.0, 1203.0, 1206.0, 1200.0, 1192.0, 1181.0, 1175.0, 1169.0, 1145.0, 1131.0, 1136.0, 1142.0, 1150.0, 1159.0, 1158.0, 1149.0, 1141.0, 1146.0, 1149.0, 1159.0, 1159.0, 1141.0, 1121.0, 1119.0, 1132.0, 1122.0, 1134.0, 1121.0, 1125.0, 1129.0, 1131.0, 1139.0, 1109.0, 1106.0, 1113.0, 1114.0, 1160.0, 1136.0, 1133.0, 1123.0, 1119.0, 1119.0, 1119.0, 1119.0, 1132.0, 1116.0, 1081.0, 1118.0, 1171.0, 1137.0, 1147.0, 1150.0, 1116.0, 1116.0, 1135.0, 1132.0, 1113.0, 1112.0, 1106.0, 1134.0, 1142.0, 1118.0, 1105.0, 1105.0, 1099.0, 1086.0, 1095.0, 1089.0, 1093.0, 1089.0, 1089.0, 1090.0, 1090.0, 1090.0, 1113.0, 1106.0, 1124.0, 1115.0, 1126.0, 1109.0, 1079.0, 1100.0, 1086.0, 1090.0, 1092.0, 1092.0, 1082.0, 1047.0, 1028.0, 1015.0, 1004.0, 994.0, 1345.0, 1537.0, 506.0, 895.0, 890.0, 922.0, 926.0, 946.0, 940.0, 950.0, 941.0, 941.0, 948.0, 935.0, 945.0, 944.0, 931.0, 941.0, 930.0, 931.0, 935.0, 946.0, 944.0, 942.0, 948.0, 958.0, 955.0, 954.0, 959.0, 948.0, 959.0, 972.0, 967.0, 968.0, 986.0, 988.0, 1004.0, 1012.0, 994.0, 989.0, 978.0, 992.0, 981.0, 990.0, 999.0, 998.0, 999.0, 1000.0, 1006.0, 1009.0, 1013.0, 1019.0, 1021.0, 1013.0, 1027.0, 1023.0, 1029.0, 1037.0, 1056.0, 1052.0, 1053.0, 1066.0, 1076.0, 1064.0, 1070.0, 1074.0, 1066.0, 1077.0, 1082.0, 1081.0, 1083.0, 1090.0, 1099.0, 1104.0, 1100.0, 1109.0, 1112.0, 1108.0, 1095.0, 1108.0, 1102.0, 1119.0, 1109.0, 1114.0, 1099.0, 1095.0, 1097.0, 1104.0, 1110.0, 1105.0, 1105.0, 1102.0, 1089.0, 1095.0, 1083.0, 1105.0, 1093.0, 1104.0, 1105.0, 1108.0, 1108.0, 1102.0, 1111.0, 1132.0, 1116.0, 1139.0, 1133.0, 1124.0, 1129.0, 1124.0, 1125.0, 1135.0, 1153.0, 1120.0, 1132.0, 1133.0, 1112.0, 1108.0, 1117.0, 1118.0, 1116.0, 1116.0, 1114.0, 1109.0, 1119.0, 1121.0, 1122.0, 1124.0, 1118.0, 1119.0, 1113.0, 1109.0, 1123.0, 1124.0, 1127.0, 1130.0, 1127.0, 1147.0, 1164.0, 1153.0, 1185.0, 1197.0, 1209.0, 1222.0, 1228.0, 1262.0, 1262.0, 1275.0, 1275.0, 1267.0, 1269.0, 1252.0, 1260.0, 1277.0, 1274.0, 1282.0, 1276.0, 1284.0, 1278.0, 1283.0, 1285.0, 1281.0, 1280.0, 1282.0, 1284.0, 1290.0, 1306.0, 1311.0, 1315.0, 1319.0, 1319.0, 1320.0, 1329.0, 1333.0, 1337.0, 1320.0, 1336.0, 1334.0, 1349.0, 1327.0, 1340.0, 1354.0, 1344.0, 1339.0, 1337.0, 1334.0, 1332.0, 1332.0, 1332.0, 1343.0, 1340.0, 1351.0, 1355.0, 1350.0, 1352.0, 1339.0, 1343.0, 1343.0, 1343.0, 1340.0, 1340.0, 1334.0, 1329.0, 1348.0, 1358.0, 1365.0, 1345.0, 1350.0, 1348.0, 1363.0, 1335.0, 1337.0, 1347.0, 1346.0, 1353.0, 1334.0, 1343.0, 1339.0, 1344.0, 1339.0, 1338.0, 1353.0, 1339.0, 1333.0, 1356.0, 1338.0, 1342.0, 1345.0, 1351.0, 1356.0, 1347.0, 1353.0, 1360.0, 1347.0, 1355.0, 1355.0, 1356.0, 1360.0, 1358.0, 1346.0, 1377.0, 1368.0, 1356.0, 1351.0, 1346.0, 1367.0, 1355.0, 1347.0, 1349.0, 1357.0, 1363.0, 1362.0, 1343.0, 1350.0, 1361.0, 1385.0, 1383.0, 1367.0, 1373.0, 1373.0, 1385.0, 1379.0, 1378.0, 1380.0, 1381.0, 1384.0, 1405.0, 1398.0, 1391.0, 1386.0, 1384.0, 1404.0, 1434.0, 1430.0, 1426.0, 1423.0, 1423.0, 1416.0, 1417.0, 1410.0, 1408.0, 1405.0, 1414.0, 1417.0, 1410.0, 1419.0, 1414.0, 1430.0, 1423.0, 1422.0, 1420.0, 1420.0, 1403.0, 1389.0, 1417.0, 1407.0, 1423.0, 1425.0, 1430.0, 1410.0, 1401.0, 1409.0, 1416.0, 1409.0, 1420.0, 1410.0, 1406.0, 1420.0, 1429.0, 1436.0, 1438.0, 1449.0, 1453.0, 1441.0, 1436.0, 1447.0, 1472.0, 1463.0, 1459.0, 1465.0, 1477.0, 1484.0, 1492.0, 1478.0, 1456.0, 1456.0, 1474.0, 1463.0, 1465.0, 1474.0, 1485.0, 1475.0, 1483.0, 1464.0, 1444.0, 1458.0, 1479.0, 1487.0, 1490.0, 1487.0, 1496.0, 1499.0, 1502.0, 1506.0, 1512.0, 1511.0, 1506.0, 1501.0, 1498.0, 1494.0, 1502.0, 1523.0, 1504.0, 1515.0, 1504.0, 1504.0, 1521.0, 1518.0, 1522.0, 1529.0, 1521.0, 1531.0, 1526.0, 1522.0, 1527.0, 1531.0, 1525.0, 1533.0, 1534.0, 1545.0, 1547.0, 1544.0, 1550.0, 1546.0, 1551.0, 1561.0, 1559.0, 1536.0, 1559.0, 1558.0, 1558.0, 1546.0, 1568.0, 1561.0, 1565.0, 1557.0, 1585.0, 1578.0, 1558.0, 1586.0, 1545.0, 1567.0, 1582.0, 1575.0, 1593.0, 1580.0, 1585.0, 1583.0, 1579.0, 1579.0, 1605.0, 1593.0, 1581.0, 1585.0, 1584.0, 1586.0, 1595.0, 1588.0, 1587.0, 1567.0, 1586.0, 1592.0, 1606.0, 1605.0, 1607.0, 1611.0, 1607.0, 1600.0, 1595.0, 1616.0, 1609.0, 1623.0, 1608.0, 1608.0, 1619.0, 1618.0, 1618.0, 1612.0, 1602.0, 1596.0, 1610.0, 1615.0, 1607.0, 1611.0, 1611.0, 1630.0, 1618.0, 1604.0, 1622.0, 1613.0, 1617.0, 1615.0, 1605.0, 1600.0, 1605.0, 1601.0, 1598.0, 1605.0, 1615.0, 1607.0, 1603.0, 1584.0, 1611.0, 1597.0, 1629.0, 1634.0, 1636.0, 1617.0, 1621.0, 1621.0, 1612.0, 1615.0, 1618.0, 1626.0, 1629.0, 1629.0, 1627.0, 1625.0, 1634.0, 1636.0, 1627.0, 1631.0, 1635.0, 1627.0, 1624.0, 1618.0, 1639.0, 1625.0, 1622.0, 1626.0, 1617.0, 1603.0, 1603.0, 1610.0, 1602.0, 1601.0, 1614.0, 1601.0, 1586.0, 1617.0, 1608.0, 1615.0, 1622.0, 1597.0, 1601.0, 1612.0, 1607.0, 1602.0, 1598.0, 1603.0, 1565.0, 1587.0, 1601.0, 1610.0, 1600.0, 1591.0, 1593.0, 1583.0, 1576.0, 1579.0, 1601.0, 1601.0, 1594.0, 1585.0, 1583.0, 1586.0, 1586.0, 1588.0, 1588.0, 1597.0, 1562.0, 1542.0, 1542.0, 1561.0, 1558.0, 1554.0, 1583.0, 1579.0, 1579.0, 1557.0, 1597.0, 1562.0, 1562.0, 1569.0, 1566.0, 1566.0, 1568.0, 1568.0, 1598.0, 1547.0, 1546.0, 1541.0, 1536.0, 1551.0, 1544.0, 1532.0, 1533.0, 1522.0, 1516.0, 1523.0, 1530.0, 1535.0, 1535.0, 1529.0, 1506.0, 1525.0, 1519.0, 1494.0, 1499.0, 1485.0, 1501.0, 1499.0, 1503.0, 1525.0, 1508.0, 1499.0, 1496.0, 1516.0, 1501.0, 1490.0, 1489.0, 1484.0, 1484.0, 1475.0, 1480.0, 1464.0, 1460.0, 1470.0, 1477.0, 1467.0, 1452.0, 1460.0, 1441.0, 1444.0, 1452.0, 1451.0, 1451.0, 1446.0, 1426.0, 1416.0, 1417.0, 1417.0, 1428.0, 1430.0, 1408.0, 1416.0, 1416.0, 1401.0, 1412.0, 1386.0, 1381.0, 1386.0, 1377.0, 1373.0, 1376.0, 1376.0, 1365.0, 1349.0, 1349.0, 1347.0, 1344.0, 1344.0, 1354.0, 1354.0, 1340.0, 1336.0, 1338.0, 1337.0, 1354.0, 1374.0, 1374.0, 1338.0, 1336.0, 1335.0, 1342.0, 1326.0, 1324.0, 1313.0, 1318.0, 1320.0, 1329.0, 1337.0, 1325.0, 1303.0, 1299.0, 1301.0, 1304.0, 1299.0, 1284.0, 1284.0, 1274.0, 1286.0, 1285.0, 1298.0, 1307.0, 1300.0, 1281.0, 1281.0, 1283.0, 1292.0, 1287.0, 1290.0, 1285.0, 1281.0, 1271.0, 1271.0, 1277.0, 1276.0, 1282.0, 1255.0, 1270.0, 1286.0, 1286.0, 1278.0, 1275.0, 1279.0, 1260.0, 1266.0, 1261.0, 1263.0, 1271.0, 1278.0, 1268.0, 1271.0, 1279.0, 1254.0, 1254.0, 1279.0, 1274.0, 1287.0, 1283.0, 1289.0, 1304.0, 1287.0, 1287.0, 1281.0, 1301.0, 1306.0, 1282.0, 1313.0, 1313.0, 1298.0, 1305.0, 1310.0, 1297.0, 1290.0, 1296.0, 1296.0, 1283.0, 1296.0, 1301.0, 1290.0, 1294.0, 1282.0, 1314.0, 1325.0, 1317.0, 1303.0, 1291.0, 1285.0, 1292.0, 1296.0, 1302.0, 1314.0, 1314.0, 1274.0, 1279.0, 1278.0, 1279.0, 1268.0, 1268.0, 1291.0, 1262.0, 1280.0, 1276.0, 1289.0, 1290.0, 1295.0, 1298.0, 1299.0, 1307.0, 1304.0, 1300.0, 1326.0, 1334.0, 1339.0, 1336.0, 1344.0, 1334.0, 1331.0, 1322.0, 1340.0, 1352.0, 1322.0, 1322.0, 1321.0, 1342.0, 1354.0, 1364.0, 1350.0, 1363.0, 1349.0, 1334.0, 1297.0, 1338.0, 1328.0, 1317.0, 1312.0, 1317.0, 1308.0, 1308.0, 1316.0, 1318.0, 1320.0, 1304.0, 1318.0, 1315.0, 1313.0, 1316.0, 1325.0, 1323.0, 1332.0, 1325.0, 1300.0, 1305.0, 1292.0, 1332.0, 1337.0, 1318.0, 1284.0, 1312.0, 1281.0, 1286.0, 1267.0, 1267.0, 1262.0, 1257.0, 1265.0, 1265.0]