header: 
  seq: 2431
  stamp: 
    secs: 1548820817
    nsecs: 983314120
  frame_id: "base_link"
angle_min: -2.35619449615
angle_max: 2.35619449615
angle_increment: 0.00436332309619
time_increment: 1.73611151695e-05
scan_time: 0.0250000003725
range_min: 0.019999999553
range_max: 30.0
ranges: [0.36399999260902405, 0.36000001430511475, 0.35899999737739563, 0.3580000102519989, 0.3619999885559082, 0.3479999899864197, 0.36500000953674316, 0.35600000619888306, 0.35899999737739563, 0.35600000619888306, 0.35600000619888306, 0.35199999809265137, 0.3490000069141388, 0.3479999899864197, 0.33899998664855957, 0.3310000002384186, 0.32100000977516174, 0.30000001192092896, 0.28299999237060547, 0.2759999930858612, 0.2759999930858612, 0.32899999618530273, 0.33000001311302185, 0.3269999921321869, 0.335999995470047, 0.3400000035762787, 0.33000001311302185, 0.3370000123977661, 0.33399999141693115, 0.328000009059906, 0.33799999952316284, 0.3370000123977661, 0.3400000035762787, 0.328000009059906, 0.32600000500679016, 0.3269999921321869, 0.3370000123977661, 0.3400000035762787, 0.33000001311302185, 0.32600000500679016, 0.32499998807907104, 0.3190000057220459, 0.3199999928474426, 0.3199999928474426, 0.32100000977516174, 0.3269999921321869, 0.3269999921321869, 0.3269999921321869, 0.33000001311302185, 0.32899999618530273, 0.32199999690055847, 0.3199999928474426, 0.3190000057220459, 0.3199999928474426, 0.32199999690055847, 0.32100000977516174, 0.32100000977516174, 0.3199999928474426, 0.32899999618530273, 0.32899999618530273, 0.32199999690055847, 0.3179999887943268, 0.3179999887943268, 0.32199999690055847, 0.32600000500679016, 0.32600000500679016, 0.3230000138282776, 0.32499998807907104, 0.32600000500679016, 0.3330000042915344, 0.33500000834465027, 0.33000001311302185, 0.328000009059906, 0.32199999690055847, 0.3319999873638153, 0.3319999873638153, 0.3310000002384186, 0.33000001311302185, 0.3310000002384186, 0.33000001311302185, 0.328000009059906, 0.3310000002384186, 0.3319999873638153, 0.33399999141693115, 0.3310000002384186, 0.3330000042915344, 0.3330000042915344, 0.3319999873638153, 0.3319999873638153, 0.3319999873638153, 0.33399999141693115, 0.33500000834465027, 0.33799999952316284, 0.3370000123977661, 0.34200000762939453, 0.3400000035762787, 0.34599998593330383, 0.3479999899864197, 0.3499999940395355, 0.3540000021457672, 0.3440000116825104, 0.34599998593330383, 0.34700000286102295, 0.3540000021457672, 0.3540000021457672, 0.35100001096725464, 0.35199999809265137, 0.35100001096725464, 0.3499999940395355, 0.3529999852180481, 0.35499998927116394, 0.36000001430511475, 0.367000013589859, 0.3659999966621399, 0.3569999933242798, 0.3569999933242798, 0.3569999933242798, 0.3659999966621399, 0.37299999594688416, 0.37400001287460327, 0.3799999952316284, 0.38199999928474426, 0.3610000014305115, 0.3569999933242798, 0.35899999737739563, 0.36000001430511475, 0.36000001430511475, 0.3610000014305115, 0.36399999260902405, 0.36500000953674316, 0.3709999918937683, 0.3709999918937683, 0.3840000033378601, 0.3799999952316284, 0.37599998712539673, 0.3779999911785126, 0.38199999928474426, 0.38499999046325684, 0.39899998903274536, 0.4059999883174896, 0.40799999237060547, 0.41100001335144043, 0.41600000858306885, 0.4059999883174896, 0.40799999237060547, 0.414000004529953, 0.41600000858306885, 0.4129999876022339, 0.41499999165534973, 0.42100000381469727, 0.421999990940094, 0.421999990940094, 0.42800000309944153, 0.42899999022483826, 0.4300000071525574, 0.44600000977516174, 0.46000000834465027, 0.45500001311302185, 0.4490000009536743, 0.4560000002384186, 0.4699999988079071, 0.4740000069141388, 0.47699999809265137, 0.47699999809265137, 0.47699999809265137, 0.48100000619888306, 0.48100000619888306, 0.49300000071525574, 0.49399998784065247, 0.4959999918937683, 0.5040000081062317, 0.5080000162124634, 0.5080000162124634, 0.5170000195503235, 0.5230000019073486, 0.5289999842643738, 0.5270000100135803, 0.5350000262260437, 0.5350000262260437, 0.5419999957084656, 0.5429999828338623, 0.5450000166893005, 0.5569999814033508, 0.5600000023841858, 0.5600000023841858, 0.5630000233650208, 0.5820000171661377, 0.5889999866485596, 0.5950000286102295, 0.6000000238418579, 0.6119999885559082, 0.6119999885559082, 0.6179999709129333, 0.6230000257492065, 0.6299999952316284, 0.6320000290870667, 0.6370000243186951, 0.6449999809265137, 0.6480000019073486, 0.6539999842643738, 0.6700000166893005, 0.6830000281333923, 0.6880000233650208, 0.6899999976158142, 0.6930000185966492, 0.7170000076293945, 0.7300000190734863, 0.7319999933242798, 0.7379999756813049, 0.7620000243186951, 0.7630000114440918, 0.7730000019073486, 0.7889999747276306, 0.7940000295639038, 0.8040000200271606, 0.8140000104904175, 0.8330000042915344, 0.8370000123977661, 0.847000002861023, 0.8690000176429749, 0.8820000290870667, 0.8939999938011169, 0.9049999713897705, 0.9190000295639038, 0.9309999942779541, 0.9520000219345093, 0.9729999899864197, 0.9929999709129333, 1.003999948501587, 1.0199999809265137, 1.0369999408721924, 1.059999942779541, 1.090999960899353, 1.1109999418258667, 1.1339999437332153, 1.1660000085830688, 1.187000036239624, 1.2130000591278076, 1.2410000562667847, 1.2589999437332153, 1.281999945640564, 1.3209999799728394, 1.3380000591278076, 1.3669999837875366, 1.4010000228881836, 1.4450000524520874, 1.503999948501587, 1.5549999475479126, 1.6169999837875366, 1.6950000524520874, 1.659000039100647, 1.7660000324249268, 2.7060000896453857, 2.7170000076293945, 2.7209999561309814, 2.7170000076293945, 2.7149999141693115, 2.7170000076293945, 2.7139999866485596, 2.7100000381469727, 2.7119998931884766, 2.7119998931884766, 2.7170000076293945, 2.7179999351501465, 2.7130000591278076, 2.7160000801086426, 2.7139999866485596, 2.7109999656677246, 2.7109999656677246, 2.7090001106262207, 2.7179999351501465, 2.7170000076293945, 2.703000068664551, 2.700000047683716, 2.7009999752044678, 2.703000068664551, 2.6989998817443848, 2.694000005722046, 2.700000047683716, 2.700000047683716, 2.687999963760376, 2.683000087738037, 2.678999900817871, 2.674999952316284, 2.6700000762939453, 2.6689999103546143, 2.6710000038146973, 2.6649999618530273, 2.6619999408721924, 2.6579999923706055, 2.6589999198913574, 2.6570000648498535, 2.6489999294281006, 2.6429998874664307, 2.640000104904175, 2.630000114440918, 2.630000114440918, 2.627000093460083, 2.63100004196167, 2.624000072479248, 2.609999895095825, 2.6010000705718994, 2.5959999561309814, 2.5889999866485596, 2.5859999656677246, 2.5820000171661377, 2.5810000896453857, 2.572999954223633, 2.563999891281128, 2.559999942779541, 2.552000045776367, 2.5420000553131104, 2.5369999408721924, 2.5299999713897705, 2.5179998874664307, 2.5209999084472656, 2.513000011444092, 2.506999969482422, 2.50600004196167, 2.500999927520752, 2.4820001125335693, 2.4730000495910645, 2.4670000076293945, 2.4579999446868896, 2.447999954223633, 2.437000036239624, 2.430000066757202, 2.424999952316284, 2.4100000858306885, 2.3970000743865967, 2.3949999809265137, 2.3910000324249268, 2.381999969482422, 2.361999988555908, 2.3510000705718994, 2.3459999561309814, 2.3380000591278076, 2.322000026702881, 2.305999994277954, 2.302000045776367, 2.296999931335449, 2.2780001163482666, 2.2669999599456787, 2.255000114440918, 2.23799991607666, 2.2139999866485596, 2.2139999866485596, 2.2049999237060547, 2.194000005722046, 2.174999952316284, 2.1570000648498535, 2.140000104904175, 2.122999906539917, 2.1070001125335693, 2.0920000076293945, 2.078000068664551, 2.069999933242798, 2.052999973297119, 2.0320000648498535, 2.010999917984009, 1.9859999418258667, 1.968999981880188, 1.9429999589920044, 1.9270000457763672, 1.9040000438690186, 1.8839999437332153, 1.8509999513626099, 1.843000054359436, 1.8229999542236328, 1.8029999732971191, 1.7649999856948853, 1.753000020980835, 1.7330000400543213, 1.7170000076293945, 1.694000005722046, 1.6859999895095825, 1.656000018119812, 1.6380000114440918, 1.6269999742507935, 1.6139999628067017, 1.593999981880188, 1.5880000591278076, 1.562000036239624, 1.5499999523162842, 1.5299999713897705, 1.5219999551773071, 1.5069999694824219, 1.5, 1.4889999628067017, 1.4780000448226929, 1.4509999752044678, 1.4459999799728394, 1.4459999799728394, 1.4270000457763672, 1.4129999876022339, 1.3949999809265137, 1.3769999742507935, 1.3739999532699585, 1.3619999885559082, 1.3589999675750732, 1.3550000190734863, 1.3309999704360962, 1.3200000524520874, 1.315000057220459, 1.309999942779541, 1.3020000457763672, 1.2879999876022339, 1.2719999551773071, 1.2619999647140503, 1.253999948501587, 1.253000020980835, 1.2450000047683716, 1.2289999723434448, 1.2200000286102295, 1.2070000171661377, 1.2009999752044678, 1.1979999542236328, 1.190000057220459, 1.1820000410079956, 1.1619999408721924, 1.156999945640564, 1.1480000019073486, 1.1330000162124634, 1.1319999694824219, 1.1119999885559082, 1.1080000400543213, 1.1050000190734863, 1.1059999465942383, 1.0989999771118164, 1.0859999656677246, 1.0729999542236328, 1.065000057220459, 1.062000036239624, 1.059000015258789, 1.0570000410079956, 1.0529999732971191, 1.0509999990463257, 1.0479999780654907, 1.0429999828338623, 1.0390000343322754, 1.031000018119812, 1.031000018119812, 1.0199999809265137, 1.0160000324249268, 1.0140000581741333, 1.0080000162124634, 1.0, 0.9990000128746033, 0.9850000143051147, 0.9819999933242798, 0.9779999852180481, 0.9769999980926514, 0.9729999899864197, 0.968999981880188, 0.9620000123977661, 0.9580000042915344, 0.953000009059906, 0.9430000185966492, 0.9440000057220459, 0.9440000057220459, 0.9470000267028809, 0.9369999766349792, 0.9330000281333923, 0.9290000200271606, 0.9269999861717224, 0.9240000247955322, 0.9200000166893005, 0.9120000004768372, 0.9110000133514404, 0.9049999713897705, 0.9020000100135803, 0.8989999890327454, 0.8930000066757202, 0.8830000162124634, 0.8790000081062317, 0.8790000081062317, 0.8730000257492065, 0.8690000176429749, 0.8659999966621399, 0.8709999918937683, 0.8679999709129333, 0.8709999918937683, 0.8709999918937683, 0.8579999804496765, 0.8489999771118164, 0.8450000286102295, 0.8479999899864197, 0.8479999899864197, 0.8429999947547913, 0.8399999737739563, 0.8360000252723694, 0.8360000252723694, 0.8349999785423279, 0.8320000171661377, 0.8289999961853027, 0.828000009059906, 0.8169999718666077, 0.8169999718666077, 0.8169999718666077, 0.8169999718666077, 0.8159999847412109, 0.8119999766349792, 0.7979999780654907, 0.7990000247955322, 0.800000011920929, 0.8009999990463257, 0.7979999780654907, 0.7839999794960022, 0.7829999923706055, 0.7839999794960022, 0.7829999923706055, 0.7860000133514404, 0.7860000133514404, 0.7820000052452087, 0.7730000019073486, 0.7730000019073486, 0.7739999890327454, 0.7739999890327454, 0.7770000100135803, 0.7689999938011169, 0.7630000114440918, 0.7649999856948853, 0.7639999985694885, 0.7570000290870667, 0.7549999952316284, 0.7549999952316284, 0.753000020980835, 0.7429999709129333, 0.7419999837875366, 0.75, 0.7490000128746033, 0.7490000128746033, 0.7459999918937683, 0.7440000176429749, 0.7369999885559082, 0.7459999918937683, 0.7409999966621399, 0.7429999709129333, 0.734000027179718, 0.7409999966621399, 0.7319999933242798, 0.7239999771118164, 0.7239999771118164, 0.7350000143051147, 0.7300000190734863, 0.7210000157356262, 0.7210000157356262, 0.7179999947547913, 0.7179999947547913, 0.7139999866485596, 0.7129999995231628, 0.7179999947547913, 0.7160000205039978, 0.7129999995231628, 0.7110000252723694, 0.7120000123977661, 0.7160000205039978, 0.7139999866485596, 0.7039999961853027, 0.7039999961853027, 0.7070000171661377, 0.7049999833106995, 0.7049999833106995, 0.703000009059906, 0.6970000267028809, 0.6970000267028809, 0.6930000185966492, 0.6980000138282776, 0.6970000267028809, 0.6959999799728394, 0.6909999847412109, 0.6909999847412109, 0.6850000023841858, 0.6850000023841858, 0.6959999799728394, 0.7020000219345093, 0.6949999928474426, 0.6880000233650208, 0.6869999766349792, 0.6790000200271606, 0.6769999861717224, 0.6880000233650208, 0.6880000233650208, 0.6859999895095825, 0.6779999732971191, 0.6809999942779541, 0.6800000071525574, 0.6880000233650208, 0.6809999942779541, 0.6880000233650208, 0.6819999814033508, 0.675000011920929, 0.6740000247955322, 0.6700000166893005, 0.675000011920929, 0.675000011920929, 0.6729999780654907, 0.6729999780654907, 0.675000011920929, 0.671999990940094, 0.6710000038146973, 0.6710000038146973, 0.675000011920929, 0.6740000247955322, 0.675000011920929, 0.6700000166893005, 0.671999990940094, 0.6729999780654907, 0.6769999861717224, 0.6779999732971191, 0.6700000166893005, 0.6650000214576721, 0.6710000038146973, 0.6740000247955322, 0.6729999780654907, 0.671999990940094, 0.6729999780654907, 0.6710000038146973, 0.671999990940094, 0.6710000038146973, 0.6690000295639038, 0.6759999990463257, 0.6759999990463257, 0.6740000247955322, 0.6669999957084656, 0.6650000214576721, 0.6639999747276306, 0.6650000214576721, 0.6650000214576721, 0.6639999747276306, 0.6650000214576721, 0.6669999957084656, 0.6650000214576721, 0.6669999957084656, 0.6669999957084656, 0.6629999876022339, 0.6589999794960022, 0.6610000133514404, 0.6660000085830688, 0.6660000085830688, 0.6579999923706055, 0.6600000262260437, 0.6629999876022339, 0.6589999794960022, 0.6539999842643738, 0.656000018119812, 0.6579999923706055, 0.6570000052452087, 0.656000018119812, 0.6579999923706055, 0.6620000004768372, 0.6589999794960022, 0.6579999923706055, 0.6549999713897705, 0.6570000052452087, 0.6600000262260437, 0.6570000052452087, 0.652999997138977, 0.6439999938011169, 0.6510000228881836, 0.6539999842643738, 0.6539999842643738, 0.6510000228881836, 0.6460000276565552, 0.6449999809265137, 0.6470000147819519, 0.6539999842643738, 0.6499999761581421, 0.6620000004768372, 0.6570000052452087, 0.656000018119812, 0.6499999761581421, 0.6449999809265137, 0.6439999938011169, 0.6430000066757202, 0.6449999809265137, 0.6439999938011169, 0.6430000066757202, 0.6430000066757202, 0.6480000019073486, 0.6480000019073486, 0.6480000019073486, 0.6480000019073486, 0.6510000228881836, 0.6520000100135803, 0.6499999761581421, 0.6499999761581421, 0.6489999890327454, 0.6470000147819519, 0.6470000147819519, 0.6460000276565552, 0.6439999938011169, 0.6420000195503235, 0.6420000195503235, 0.6359999775886536, 0.6399999856948853, 0.640999972820282, 0.6439999938011169, 0.640999972820282, 0.6449999809265137, 0.6439999938011169, 0.6430000066757202, 0.6420000195503235, 0.6380000114440918, 0.640999972820282, 0.6439999938011169, 0.6439999938011169, 0.6430000066757202, 0.6399999856948853, 0.640999972820282, 0.6380000114440918, 0.6389999985694885, 0.6399999856948853, 0.6399999856948853, 0.6389999985694885, 0.6370000243186951, 0.6359999775886536, 0.6389999985694885, 0.6340000033378601, 0.6290000081062317, 0.6309999823570251, 0.6399999856948853, 0.6389999985694885, 0.6299999952316284, 0.6299999952316284, 0.6320000290870667, 0.6370000243186951, 0.6349999904632568, 0.6340000033378601, 0.6309999823570251, 0.6290000081062317, 0.6320000290870667, 0.6359999775886536, 0.6340000033378601, 0.6330000162124634, 0.6340000033378601, 0.6340000033378601, 0.6309999823570251, 0.628000020980835, 0.6299999952316284, 0.6299999952316284, 0.6299999952316284, 0.6359999775886536, 0.6320000290870667, 0.6370000243186951, 0.6370000243186951, 0.6359999775886536, 0.6370000243186951, 0.6399999856948853, 0.6399999856948853, 0.6320000290870667, 0.6299999952316284, 0.6349999904632568, 0.6389999985694885, 0.6370000243186951, 0.6340000033378601, 0.6320000290870667, 0.6320000290870667, 0.6320000290870667, 0.6330000162124634, 0.6320000290870667, 0.6320000290870667, 0.628000020980835, 0.6359999775886536, 0.6359999775886536, 0.6370000243186951, 0.6370000243186951, 0.6340000033378601, 0.6309999823570251, 0.6320000290870667, 0.6340000033378601, 0.6380000114440918, 0.6340000033378601, 0.6299999952316284, 0.6269999742507935, 0.6299999952316284, 0.6320000290870667, 0.6340000033378601, 0.6389999985694885, 0.6359999775886536, 0.6349999904632568, 0.6340000033378601, 0.6340000033378601, 0.6299999952316284, 0.6420000195503235, 0.6430000066757202, 0.6380000114440918, 0.6340000033378601, 0.6349999904632568, 0.6359999775886536, 0.6399999856948853, 0.6349999904632568, 0.6330000162124634, 0.6309999823570251, 0.6359999775886536, 0.6320000290870667, 0.6290000081062317, 0.6320000290870667, 0.6370000243186951, 0.6370000243186951, 0.6370000243186951, 0.6439999938011169, 0.6340000033378601, 0.6330000162124634, 0.6320000290870667, 0.6320000290870667, 0.6349999904632568, 0.6399999856948853, 0.6380000114440918, 0.6399999856948853, 0.6470000147819519, 0.6470000147819519, 0.6399999856948853, 0.6370000243186951, 0.6340000033378601, 0.6340000033378601, 0.6349999904632568, 0.6359999775886536, 0.6370000243186951, 0.6399999856948853, 0.640999972820282, 0.6370000243186951, 0.6420000195503235, 0.6420000195503235, 0.6420000195503235, 0.640999972820282, 0.640999972820282, 0.640999972820282, 0.6370000243186951, 0.6370000243186951, 0.6399999856948853, 0.6420000195503235, 0.6420000195503235, 0.640999972820282, 0.640999972820282, 0.6539999842643738, 0.6470000147819519, 0.6460000276565552, 0.6460000276565552, 0.6430000066757202, 0.6399999856948853, 0.640999972820282, 0.6420000195503235, 0.6420000195503235, 0.6439999938011169, 0.6470000147819519, 0.6470000147819519, 0.6470000147819519, 0.6449999809265137, 0.6430000066757202, 0.640999972820282, 0.6430000066757202, 0.6470000147819519, 0.6489999890327454, 0.652999997138977, 0.652999997138977, 0.6499999761581421, 0.6510000228881836, 0.6579999923706055, 0.6570000052452087, 0.656000018119812, 0.6570000052452087, 0.656000018119812, 0.6520000100135803, 0.6520000100135803, 0.6520000100135803, 0.652999997138977, 0.6489999890327454, 0.652999997138977, 0.6600000262260437, 0.6600000262260437, 0.6549999713897705, 0.6539999842643738, 0.6610000133514404, 0.6629999876022339, 0.6629999876022339, 0.6629999876022339, 0.6610000133514404, 0.6589999794960022, 0.6520000100135803, 0.6549999713897705, 0.6629999876022339, 0.6589999794960022, 0.6570000052452087, 0.6650000214576721, 0.6620000004768372, 0.6620000004768372, 0.6620000004768372, 0.6650000214576721, 0.6650000214576721, 0.6639999747276306, 0.6660000085830688, 0.6740000247955322, 0.675000011920929, 0.6650000214576721, 0.6639999747276306, 0.6639999747276306, 0.6679999828338623, 0.6729999780654907, 0.6729999780654907, 0.6710000038146973, 0.6710000038146973, 0.6779999732971191, 0.6769999861717224, 0.6769999861717224, 0.6740000247955322, 0.6740000247955322, 0.6700000166893005, 0.6690000295639038, 0.6740000247955322, 0.6759999990463257, 0.675000011920929, 0.6769999861717224, 0.6819999814033508, 0.6800000071525574, 0.6800000071525574, 0.6790000200271606, 0.6800000071525574, 0.6779999732971191, 0.6740000247955322, 0.6790000200271606, 0.6859999895095825, 0.6840000152587891, 0.6830000281333923, 0.6790000200271606, 0.6800000071525574, 0.6800000071525574, 0.6850000023841858, 0.6840000152587891, 0.6840000152587891, 0.6819999814033508, 0.6830000281333923, 0.6819999814033508, 0.6869999766349792, 0.6890000104904175, 0.6859999895095825, 0.6840000152587891, 0.6840000152587891, 0.6859999895095825, 0.6869999766349792, 0.6869999766349792, 0.6899999976158142, 0.6859999895095825, 0.6859999895095825, 0.6890000104904175, 0.6919999718666077, 0.6919999718666077, 0.6909999847412109, 0.6919999718666077, 0.6940000057220459, 0.6990000009536743, 0.699999988079071, 0.6980000138282776, 0.6919999718666077, 0.6930000185966492, 0.7020000219345093, 0.7039999961853027, 0.7049999833106995, 0.7020000219345093, 0.7020000219345093, 0.7020000219345093, 0.703000009059906, 0.7009999752044678, 0.7070000171661377, 0.7070000171661377, 0.7080000042915344, 0.7059999704360962, 0.7080000042915344, 0.7120000123977661, 0.7089999914169312, 0.703000009059906, 0.7080000042915344, 0.7110000252723694, 0.7149999737739563, 0.7210000157356262, 0.718999981880188, 0.7200000286102295, 0.718999981880188, 0.7239999771118164, 0.718999981880188, 0.722000002861023, 0.718999981880188, 0.722000002861023, 0.7229999899864197, 0.7250000238418579, 0.7289999723434448, 0.7289999723434448, 0.7289999723434448, 0.722000002861023, 0.7250000238418579, 0.7260000109672546, 0.7250000238418579, 0.7260000109672546, 0.7319999933242798, 0.7409999966621399, 0.7300000190734863, 0.7260000109672546, 0.7279999852180481, 0.7310000061988831, 0.7329999804496765, 0.734000027179718, 0.7360000014305115, 0.7360000014305115, 0.7429999709129333, 0.7429999709129333, 0.7429999709129333, 0.7350000143051147, 0.7329999804496765, 0.7379999756813049, 0.7360000014305115, 0.7400000095367432, 0.7400000095367432, 0.7390000224113464, 0.7390000224113464, 0.7379999756813049, 0.7379999756813049, 0.7379999756813049, 0.7379999756813049, 0.734000027179718, 0.7369999885559082, 0.7369999885559082, 0.7369999885559082, 0.7360000014305115, 0.7360000014305115, 0.7390000224113464, 0.7360000014305115, 0.7369999885559082, 0.7350000143051147, 0.7319999933242798, 0.7289999723434448, 0.7289999723434448, 0.7269999980926514, 0.7269999980926514, 0.7329999804496765, 0.7379999756813049, 0.7440000176429749, 0.7440000176429749, 0.7400000095367432, 0.7419999837875366, 0.7440000176429749, 0.7490000128746033, 0.746999979019165, 0.7400000095367432, 0.7419999837875366, 0.7419999837875366, 0.7419999837875366, 0.7409999966621399, 0.7419999837875366, 0.7419999837875366, 0.7419999837875366, 0.7419999837875366, 0.7409999966621399, 0.7419999837875366, 0.7429999709129333, 0.7429999709129333, 0.7310000061988831, 0.7300000190734863, 0.7369999885559082, 0.7409999966621399, 0.734000027179718, 0.7300000190734863, 0.7310000061988831, 0.7390000224113464, 0.7450000047683716, 0.746999979019165, 0.7599999904632568, 0.7580000162124634, 0.7570000290870667, 0.7590000033378601, 0.7649999856948853, 0.7670000195503235, 0.7680000066757202, 0.7649999856948853, 0.7649999856948853, 0.7630000114440918, 0.7599999904632568, 0.7639999985694885, 0.7710000276565552, 0.7720000147819519, 0.7730000019073486, 0.7739999890327454]
intensities: [1022.0, 1101.0, 1119.0, 1134.0, 1212.0, 1160.0, 1285.0, 1301.0, 1378.0, 1385.0, 1385.0, 1384.0, 1364.0, 1315.0, 1240.0, 1124.0, 1050.0, 945.0, 866.0, 838.0, 838.0, 965.0, 984.0, 1004.0, 1014.0, 1025.0, 1044.0, 1122.0, 1184.0, 1301.0, 1455.0, 1479.0, 1498.0, 1546.0, 1599.0, 1607.0, 1606.0, 1598.0, 1613.0, 1610.0, 1607.0, 1612.0, 1618.0, 1618.0, 1603.0, 1605.0, 1609.0, 1616.0, 1629.0, 1630.0, 1641.0, 1649.0, 1637.0, 1656.0, 1655.0, 1626.0, 1626.0, 1650.0, 1665.0, 1665.0, 1660.0, 1629.0, 1629.0, 1612.0, 1598.0, 1601.0, 1611.0, 1622.0, 1611.0, 1596.0, 1591.0, 1597.0, 1579.0, 1556.0, 1560.0, 1557.0, 1548.0, 1545.0, 1532.0, 1525.0, 1520.0, 1503.0, 1509.0, 1512.0, 1504.0, 1497.0, 1497.0, 1489.0, 1489.0, 1463.0, 1425.0, 1452.0, 1437.0, 1416.0, 1411.0, 1403.0, 1416.0, 1381.0, 1368.0, 1354.0, 1356.0, 1338.0, 1337.0, 1364.0, 1347.0, 1349.0, 1343.0, 1345.0, 1332.0, 1339.0, 1320.0, 1310.0, 1298.0, 1313.0, 1323.0, 1292.0, 1292.0, 1323.0, 1348.0, 1352.0, 1362.0, 1340.0, 1181.0, 1141.0, 1129.0, 1132.0, 1132.0, 1136.0, 1140.0, 1138.0, 1105.0, 1113.0, 1153.0, 1129.0, 1105.0, 1111.0, 1113.0, 1112.0, 1139.0, 1133.0, 1143.0, 1143.0, 1139.0, 1123.0, 1110.0, 1115.0, 1111.0, 1103.0, 1099.0, 1098.0, 1092.0, 1092.0, 1087.0, 1094.0, 1101.0, 1105.0, 1111.0, 1114.0, 1102.0, 1111.0, 1099.0, 1107.0, 1124.0, 1112.0, 1100.0, 1112.0, 1094.0, 1106.0, 1103.0, 1099.0, 1094.0, 1096.0, 1096.0, 1083.0, 1076.0, 1070.0, 1062.0, 1075.0, 1075.0, 1085.0, 1061.0, 1055.0, 1053.0, 1049.0, 1049.0, 1052.0, 1037.0, 1032.0, 1029.0, 1027.0, 1029.0, 1030.0, 1036.0, 1027.0, 1034.0, 1018.0, 1021.0, 1025.0, 1019.0, 1017.0, 1013.0, 1022.0, 1002.0, 996.0, 999.0, 975.0, 988.0, 984.0, 982.0, 975.0, 970.0, 966.0, 967.0, 957.0, 956.0, 943.0, 953.0, 944.0, 940.0, 937.0, 940.0, 940.0, 918.0, 932.0, 912.0, 910.0, 895.0, 913.0, 891.0, 876.0, 864.0, 866.0, 859.0, 860.0, 871.0, 883.0, 881.0, 867.0, 848.0, 837.0, 842.0, 838.0, 822.0, 803.0, 796.0, 808.0, 836.0, 828.0, 898.0, 1210.0, 941.0, 1389.0, 967.0, 953.0, 960.0, 957.0, 955.0, 964.0, 958.0, 954.0, 962.0, 952.0, 952.0, 960.0, 951.0, 959.0, 954.0, 951.0, 947.0, 943.0, 950.0, 947.0, 948.0, 962.0, 963.0, 961.0, 962.0, 960.0, 960.0, 960.0, 951.0, 951.0, 948.0, 955.0, 955.0, 950.0, 948.0, 952.0, 954.0, 952.0, 954.0, 953.0, 949.0, 947.0, 956.0, 953.0, 972.0, 962.0, 965.0, 950.0, 962.0, 960.0, 954.0, 954.0, 960.0, 951.0, 953.0, 960.0, 964.0, 954.0, 949.0, 954.0, 955.0, 950.0, 954.0, 961.0, 957.0, 960.0, 955.0, 957.0, 954.0, 943.0, 955.0, 949.0, 949.0, 949.0, 950.0, 959.0, 950.0, 951.0, 950.0, 945.0, 953.0, 946.0, 946.0, 959.0, 962.0, 949.0, 949.0, 948.0, 957.0, 940.0, 941.0, 942.0, 953.0, 952.0, 953.0, 946.0, 942.0, 944.0, 952.0, 953.0, 944.0, 944.0, 943.0, 937.0, 932.0, 923.0, 937.0, 924.0, 925.0, 929.0, 940.0, 943.0, 937.0, 925.0, 911.0, 925.0, 935.0, 950.0, 955.0, 969.0, 966.0, 967.0, 957.0, 962.0, 955.0, 976.0, 975.0, 979.0, 990.0, 985.0, 989.0, 1002.0, 1007.0, 1005.0, 1015.0, 1020.0, 1021.0, 1032.0, 1041.0, 1047.0, 1047.0, 1057.0, 1058.0, 1086.0, 1072.0, 1086.0, 1089.0, 1086.0, 1080.0, 1089.0, 1085.0, 1087.0, 1087.0, 1086.0, 1081.0, 1085.0, 1085.0, 1091.0, 1091.0, 1095.0, 1092.0, 1109.0, 1108.0, 1105.0, 1105.0, 1118.0, 1123.0, 1106.0, 1105.0, 1116.0, 1092.0, 1109.0, 1119.0, 1124.0, 1129.0, 1143.0, 1150.0, 1149.0, 1115.0, 1125.0, 1128.0, 1164.0, 1193.0, 1195.0, 1189.0, 1219.0, 1231.0, 1232.0, 1236.0, 1236.0, 1238.0, 1251.0, 1253.0, 1261.0, 1255.0, 1263.0, 1253.0, 1255.0, 1261.0, 1261.0, 1278.0, 1282.0, 1281.0, 1285.0, 1283.0, 1294.0, 1309.0, 1302.0, 1309.0, 1326.0, 1344.0, 1341.0, 1364.0, 1369.0, 1371.0, 1373.0, 1383.0, 1393.0, 1382.0, 1405.0, 1401.0, 1401.0, 1408.0, 1408.0, 1413.0, 1420.0, 1424.0, 1432.0, 1426.0, 1435.0, 1435.0, 1426.0, 1432.0, 1445.0, 1455.0, 1456.0, 1466.0, 1471.0, 1492.0, 1487.0, 1479.0, 1473.0, 1487.0, 1502.0, 1502.0, 1502.0, 1511.0, 1502.0, 1494.0, 1504.0, 1509.0, 1513.0, 1519.0, 1519.0, 1525.0, 1541.0, 1542.0, 1559.0, 1545.0, 1564.0, 1561.0, 1565.0, 1570.0, 1556.0, 1567.0, 1567.0, 1561.0, 1590.0, 1585.0, 1587.0, 1587.0, 1584.0, 1599.0, 1591.0, 1601.0, 1625.0, 1631.0, 1625.0, 1623.0, 1625.0, 1625.0, 1625.0, 1625.0, 1625.0, 1628.0, 1627.0, 1630.0, 1632.0, 1648.0, 1648.0, 1648.0, 1637.0, 1635.0, 1644.0, 1644.0, 1651.0, 1657.0, 1663.0, 1676.0, 1708.0, 1717.0, 1726.0, 1711.0, 1711.0, 1717.0, 1716.0, 1714.0, 1714.0, 1709.0, 1737.0, 1737.0, 1737.0, 1722.0, 1714.0, 1729.0, 1727.0, 1740.0, 1730.0, 1718.0, 1718.0, 1713.0, 1720.0, 1747.0, 1736.0, 1730.0, 1734.0, 1729.0, 1729.0, 1747.0, 1762.0, 1762.0, 1755.0, 1744.0, 1768.0, 1750.0, 1769.0, 1728.0, 1736.0, 1724.0, 1679.0, 1681.0, 1695.0, 1771.0, 1771.0, 1756.0, 1750.0, 1744.0, 1747.0, 1727.0, 1735.0, 1737.0, 1742.0, 1747.0, 1735.0, 1741.0, 1744.0, 1754.0, 1760.0, 1768.0, 1780.0, 1772.0, 1770.0, 1788.0, 1796.0, 1790.0, 1779.0, 1773.0, 1775.0, 1769.0, 1767.0, 1766.0, 1771.0, 1781.0, 1783.0, 1790.0, 1783.0, 1783.0, 1782.0, 1778.0, 1774.0, 1776.0, 1769.0, 1766.0, 1788.0, 1792.0, 1782.0, 1780.0, 1785.0, 1783.0, 1776.0, 1783.0, 1789.0, 1802.0, 1797.0, 1811.0, 1819.0, 1792.0, 1800.0, 1782.0, 1790.0, 1799.0, 1797.0, 1783.0, 1792.0, 1767.0, 1785.0, 1798.0, 1828.0, 1815.0, 1797.0, 1812.0, 1840.0, 1817.0, 1833.0, 1814.0, 1798.0, 1802.0, 1812.0, 1808.0, 1807.0, 1818.0, 1810.0, 1802.0, 1807.0, 1819.0, 1827.0, 1835.0, 1799.0, 1804.0, 1797.0, 1797.0, 1799.0, 1809.0, 1806.0, 1798.0, 1817.0, 1809.0, 1805.0, 1804.0, 1798.0, 1813.0, 1813.0, 1813.0, 1831.0, 1799.0, 1802.0, 1793.0, 1784.0, 1785.0, 1779.0, 1792.0, 1782.0, 1776.0, 1789.0, 1785.0, 1782.0, 1813.0, 1803.0, 1778.0, 1802.0, 1810.0, 1814.0, 1809.0, 1797.0, 1806.0, 1829.0, 1823.0, 1818.0, 1809.0, 1766.0, 1791.0, 1796.0, 1808.0, 1796.0, 1797.0, 1789.0, 1775.0, 1725.0, 1675.0, 1680.0, 1742.0, 1772.0, 1772.0, 1767.0, 1773.0, 1768.0, 1762.0, 1752.0, 1752.0, 1753.0, 1741.0, 1746.0, 1769.0, 1769.0, 1761.0, 1744.0, 1763.0, 1748.0, 1732.0, 1747.0, 1747.0, 1742.0, 1744.0, 1743.0, 1733.0, 1739.0, 1733.0, 1763.0, 1720.0, 1726.0, 1756.0, 1745.0, 1741.0, 1727.0, 1717.0, 1720.0, 1723.0, 1738.0, 1721.0, 1716.0, 1710.0, 1704.0, 1685.0, 1693.0, 1696.0, 1683.0, 1684.0, 1679.0, 1677.0, 1677.0, 1677.0, 1693.0, 1678.0, 1678.0, 1679.0, 1677.0, 1675.0, 1673.0, 1670.0, 1671.0, 1671.0, 1670.0, 1670.0, 1673.0, 1675.0, 1673.0, 1671.0, 1671.0, 1671.0, 1671.0, 1629.0, 1651.0, 1649.0, 1649.0, 1637.0, 1660.0, 1652.0, 1653.0, 1614.0, 1614.0, 1625.0, 1625.0, 1626.0, 1623.0, 1627.0, 1623.0, 1620.0, 1625.0, 1613.0, 1616.0, 1616.0, 1616.0, 1604.0, 1581.0, 1570.0, 1579.0, 1589.0, 1590.0, 1579.0, 1587.0, 1587.0, 1583.0, 1593.0, 1558.0, 1556.0, 1553.0, 1548.0, 1548.0, 1522.0, 1544.0, 1544.0, 1536.0, 1518.0, 1516.0, 1504.0, 1504.0, 1492.0, 1490.0, 1491.0, 1484.0, 1482.0, 1486.0, 1486.0, 1486.0, 1463.0, 1470.0, 1468.0, 1458.0, 1454.0, 1471.0, 1446.0, 1424.0, 1424.0, 1424.0, 1433.0, 1445.0, 1433.0, 1441.0, 1441.0, 1417.0, 1410.0, 1412.0, 1414.0, 1414.0, 1425.0, 1426.0, 1415.0, 1402.0, 1402.0, 1413.0, 1402.0, 1391.0, 1400.0, 1401.0, 1399.0, 1399.0, 1382.0, 1382.0, 1381.0, 1391.0, 1396.0, 1397.0, 1367.0, 1369.0, 1371.0, 1366.0, 1357.0, 1354.0, 1361.0, 1361.0, 1359.0, 1353.0, 1352.0, 1360.0, 1354.0, 1352.0, 1354.0, 1361.0, 1356.0, 1348.0, 1351.0, 1352.0, 1350.0, 1350.0, 1334.0, 1330.0, 1325.0, 1352.0, 1337.0, 1328.0, 1330.0, 1325.0, 1320.0, 1325.0, 1320.0, 1330.0, 1315.0, 1315.0, 1314.0, 1347.0, 1325.0, 1321.0, 1313.0, 1325.0, 1293.0, 1293.0, 1307.0, 1321.0, 1321.0, 1323.0, 1319.0, 1318.0, 1323.0, 1332.0, 1314.0, 1306.0, 1303.0, 1307.0, 1313.0, 1298.0, 1305.0, 1299.0, 1303.0, 1305.0, 1314.0, 1323.0, 1303.0, 1297.0, 1303.0, 1301.0, 1306.0, 1306.0, 1311.0, 1316.0, 1288.0, 1298.0, 1312.0, 1308.0, 1319.0, 1323.0, 1320.0, 1317.0, 1346.0, 1317.0, 1337.0, 1339.0, 1344.0, 1340.0, 1342.0, 1340.0, 1331.0, 1334.0, 1307.0, 1322.0, 1329.0, 1346.0, 1333.0, 1337.0, 1346.0, 1346.0, 1349.0, 1349.0, 1369.0, 1340.0, 1335.0, 1350.0, 1361.0, 1346.0, 1353.0, 1360.0, 1332.0, 1344.0, 1344.0, 1366.0, 1344.0, 1352.0, 1360.0, 1354.0, 1367.0, 1368.0, 1378.0, 1377.0, 1375.0, 1374.0, 1369.0, 1374.0, 1375.0, 1378.0, 1378.0, 1375.0, 1377.0, 1384.0, 1380.0, 1375.0, 1388.0, 1369.0, 1389.0, 1403.0, 1396.0, 1401.0, 1401.0, 1412.0, 1424.0, 1413.0, 1414.0, 1409.0, 1425.0, 1422.0, 1412.0, 1420.0, 1436.0, 1436.0, 1441.0, 1435.0, 1443.0, 1455.0, 1455.0, 1460.0, 1466.0, 1468.0, 1468.0, 1478.0, 1478.0, 1487.0, 1475.0, 1497.0, 1496.0, 1490.0, 1495.0, 1505.0, 1502.0, 1514.0, 1500.0, 1509.0, 1494.0, 1479.0, 1471.0, 1471.0, 1479.0, 1494.0, 1489.0, 1508.0, 1505.0, 1490.0, 1496.0, 1498.0, 1509.0, 1500.0, 1507.0]