header: 
  seq: 2445
  stamp: 
    secs: 1548820818
    nsecs: 334302625
  frame_id: "base_link"
angle_min: -2.35619449615
angle_max: 2.35619449615
angle_increment: 0.00436332309619
time_increment: 1.73611151695e-05
scan_time: 0.0250000003725
range_min: 0.019999999553
range_max: 30.0
ranges: [0.35499998927116394, 0.3529999852180481, 0.35899999737739563, 0.36500000953674316, 0.3720000088214874, 0.37700000405311584, 0.375, 0.36899998784065247, 0.3700000047683716, 0.3700000047683716, 0.36899998784065247, 0.36800000071525574, 0.3709999918937683, 0.37299999594688416, 0.36899998784065247, 0.36500000953674316, 0.3409999907016754, 0.3050000071525574, 0.31299999356269836, 0.296999990940094, 0.32199999690055847, 0.3440000116825104, 0.34700000286102295, 0.35600000619888306, 0.3540000021457672, 0.35600000619888306, 0.3610000014305115, 0.35100001096725464, 0.3540000021457672, 0.3720000088214874, 0.3720000088214874, 0.3720000088214874, 0.36800000071525574, 0.3659999966621399, 0.36800000071525574, 0.375, 0.37700000405311584, 0.3779999911785126, 0.37599998712539673, 0.3799999952316284, 0.38199999928474426, 0.375, 0.375, 0.37599998712539673, 0.37599998712539673, 0.37599998712539673, 0.375, 0.37299999594688416, 0.38100001215934753, 0.3840000033378601, 0.3840000033378601, 0.38199999928474426, 0.3799999952316284, 0.3799999952316284, 0.38199999928474426, 0.382999986410141, 0.382999986410141, 0.3779999911785126, 0.3790000081062317, 0.38100001215934753, 0.3840000033378601, 0.38600000739097595, 0.38499999046325684, 0.3779999911785126, 0.382999986410141, 0.3889999985694885, 0.3880000114440918, 0.3880000114440918, 0.3889999985694885, 0.3889999985694885, 0.39100000262260437, 0.3919999897480011, 0.3919999897480011, 0.39500001072883606, 0.3970000147819519, 0.39800000190734863, 0.39899998903274536, 0.3930000066757202, 0.39399999380111694, 0.4000000059604645, 0.40299999713897705, 0.40299999713897705, 0.40299999713897705, 0.40299999713897705, 0.40299999713897705, 0.40700000524520874, 0.4090000092983246, 0.4090000092983246, 0.4090000092983246, 0.414000004529953, 0.414000004529953, 0.414000004529953, 0.414000004529953, 0.41499999165534973, 0.41600000858306885, 0.41499999165534973, 0.41600000858306885, 0.41600000858306885, 0.41499999165534973, 0.414000004529953, 0.4189999997615814, 0.4259999990463257, 0.4259999990463257, 0.4230000078678131, 0.4189999997615814, 0.4189999997615814, 0.43299999833106995, 0.4359999895095825, 0.4390000104904175, 0.4429999887943268, 0.44699999690055847, 0.4429999887943268, 0.4429999887943268, 0.44200000166893005, 0.44200000166893005, 0.44200000166893005, 0.4480000138282776, 0.4480000138282776, 0.4490000009536743, 0.4519999921321869, 0.45399999618530273, 0.453000009059906, 0.45399999618530273, 0.4519999921321869, 0.4519999921321869, 0.46000000834465027, 0.460999995470047, 0.46000000834465027, 0.4560000002384186, 0.4519999921321869, 0.4519999921321869, 0.45500001311302185, 0.4580000042915344, 0.46299999952316284, 0.4650000035762787, 0.4740000069141388, 0.4740000069141388, 0.47200000286102295, 0.47200000286102295, 0.47200000286102295, 0.4729999899864197, 0.4729999899864197, 0.4729999899864197, 0.4749999940395355, 0.4749999940395355, 0.47600001096725464, 0.48100000619888306, 0.48399999737739563, 0.48500001430511475, 0.47999998927116394, 0.4860000014305115, 0.48899999260902405, 0.49300000071525574, 0.4959999918937683, 0.49300000071525574, 0.49399998784065247, 0.49399998784065247, 0.4950000047683716, 0.5009999871253967, 0.5059999823570251, 0.5049999952316284, 0.5070000290870667, 0.5170000195503235, 0.5210000276565552, 0.5139999985694885, 0.5170000195503235, 0.5230000019073486, 0.5260000228881836, 0.527999997138977, 0.5249999761581421, 0.5289999842643738, 0.5360000133514404, 0.5429999828338623, 0.5419999957084656, 0.5440000295639038, 0.5440000295639038, 0.5460000038146973, 0.5519999861717224, 0.5580000281333923, 0.5649999976158142, 0.5690000057220459, 0.5669999718666077, 0.5690000057220459, 0.5740000009536743, 0.5789999961853027, 0.5849999785423279, 0.5870000123977661, 0.5910000205039978, 0.6060000061988831, 0.6100000143051147, 0.6110000014305115, 0.6129999756813049, 0.6140000224113464, 0.6159999966621399, 0.6240000128746033, 0.625, 0.6290000081062317, 0.6349999904632568, 0.640999972820282, 0.6449999809265137, 0.6480000019073486, 0.6470000147819519, 0.6510000228881836, 0.652999997138977, 0.6639999747276306, 0.6679999828338623, 0.6690000295639038, 0.6740000247955322, 0.6819999814033508, 0.6850000023841858, 0.6890000104904175, 0.6990000009536743, 0.7070000171661377, 0.7149999737739563, 0.7139999866485596, 0.7239999771118164, 0.7239999771118164, 0.7289999723434448, 0.7379999756813049, 0.7450000047683716, 0.7509999871253967, 0.753000020980835, 0.7609999775886536, 0.7749999761581421, 0.781000018119812, 0.7839999794960022, 0.7829999923706055, 0.8040000200271606, 0.8040000200271606, 0.8040000200271606, 0.8069999814033508, 0.828000009059906, 0.8309999704360962, 0.8339999914169312, 0.8420000076293945, 0.8519999980926514, 0.8629999756813049, 0.878000020980835, 0.8899999856948853, 0.8949999809265137, 0.8949999809265137, 0.9010000228881836, 0.9129999876022339, 0.925000011920929, 0.9399999976158142, 0.9509999752044678, 0.9589999914169312, 0.9760000109672546, 0.9860000014305115, 1.0010000467300415, 1.003999948501587, 1.0149999856948853, 1.024999976158142, 1.0379999876022339, 1.0529999732971191, 1.0720000267028809, 1.0800000429153442, 1.093999981880188, 1.1069999933242798, 1.1269999742507935, 1.1330000162124634, 1.159999966621399, 1.1690000295639038, 1.180999994277954, 1.2000000476837158, 1.215999960899353, 1.2419999837875366, 1.2510000467300415, 1.2769999504089355, 1.2940000295639038, 1.3209999799728394, 1.3289999961853027, 1.378000020980835, 1.3899999856948853, 1.402999997138977, 1.4190000295639038, 1.440000057220459, 1.4739999771118164, 1.5099999904632568, 1.5570000410079956, 1.5839999914169312, 1.6950000524520874, 2.5969998836517334, 2.6029999256134033, 2.6089999675750732, 2.611999988555908, 2.5999999046325684, 2.6019999980926514, 2.5980000495910645, 2.5989999771118164, 2.5929999351501465, 2.5950000286102295, 2.5980000495910645, 2.5980000495910645, 2.5980000495910645, 2.5929999351501465, 2.5920000076293945, 2.5929999351501465, 2.5859999656677246, 2.5850000381469727, 2.5820000171661377, 2.5820000171661377, 2.5850000381469727, 2.5810000896453857, 2.5759999752044678, 2.5739998817443848, 2.575000047683716, 2.572999954223633, 2.5739998817443848, 2.568000078201294, 2.569000005722046, 2.565000057220459, 2.565000057220459, 2.562000036239624, 2.563999891281128, 2.563999891281128, 2.562000036239624, 2.561000108718872, 2.5429999828338623, 2.5420000553131104, 2.5360000133514404, 2.5339999198913574, 2.5329999923706055, 2.5360000133514404, 2.5280001163482666, 2.5230000019073486, 2.5199999809265137, 2.515000104904175, 2.510999917984009, 2.500999927520752, 2.497999906539917, 2.496999979019165, 2.492000102996826, 2.490000009536743, 2.4860000610351562, 2.4739999771118164, 2.4739999771118164, 2.4700000286102295, 2.4600000381469727, 2.4509999752044678, 2.446000099182129, 2.437999963760376, 2.437000036239624, 2.434999942779541, 2.427999973297119, 2.4260001182556152, 2.4200000762939453, 2.4059998989105225, 2.4010000228881836, 2.3989999294281006, 2.3959999084472656, 2.390000104904175, 2.378000020980835, 2.36899995803833, 2.365999937057495, 2.3610000610351562, 2.3480000495910645, 2.328000068664551, 2.3269999027252197, 2.3239998817443848, 2.305000066757202, 2.299999952316284, 2.296999931335449, 2.2939999103546143, 2.2860000133514404, 2.2720000743865967, 2.2699999809265137, 2.259999990463257, 2.24399995803833, 2.234999895095825, 2.2260000705718994, 2.2190001010894775, 2.2179999351501465, 2.2119998931884766, 2.2049999237060547, 2.187999963760376, 2.1640000343322754, 2.1570000648498535, 2.1510000228881836, 2.140000104904175, 2.128000020980835, 2.121000051498413, 2.1040000915527344, 2.0969998836517334, 2.0859999656677246, 2.0789999961853027, 2.065999984741211, 2.0450000762939453, 2.0329999923706055, 2.0290000438690186, 2.0199999809265137, 2.005000114440918, 1.9800000190734863, 1.9620000123977661, 1.9609999656677246, 1.9290000200271606, 1.9220000505447388, 1.909000039100647, 1.8849999904632568, 1.8730000257492065, 1.8589999675750732, 1.8209999799728394, 1.8070000410079956, 1.781999945640564, 1.7649999856948853, 1.7450000047683716, 1.722000002861023, 1.6970000267028809, 1.6749999523162842, 1.6480000019073486, 1.6410000324249268, 1.6080000400543213, 1.5959999561309814, 1.5789999961853027, 1.5440000295639038, 1.531000018119812, 1.5089999437332153, 1.4989999532699585, 1.4819999933242798, 1.4700000286102295, 1.4570000171661377, 1.437999963760376, 1.4229999780654907, 1.4019999504089355, 1.3890000581741333, 1.3849999904632568, 1.3669999837875366, 1.343000054359436, 1.3350000381469727, 1.3300000429153442, 1.3109999895095825, 1.305999994277954, 1.2799999713897705, 1.2699999809265137, 1.2640000581741333, 1.2489999532699585, 1.2389999628067017, 1.2269999980926514, 1.215000033378601, 1.194000005722046, 1.1890000104904175, 1.1740000247955322, 1.1679999828338623, 1.1579999923706055, 1.1440000534057617, 1.1349999904632568, 1.1260000467300415, 1.1150000095367432, 1.1069999933242798, 1.0980000495910645, 1.0829999446868896, 1.0770000219345093, 1.0670000314712524, 1.0640000104904175, 1.059999942779541, 1.0490000247955322, 1.0360000133514404, 1.031000018119812, 1.0269999504089355, 1.0140000581741333, 1.0089999437332153, 1.0, 0.9909999966621399, 0.9800000190734863, 0.9739999771118164, 0.9739999771118164, 0.968999981880188, 0.9610000252723694, 0.9580000042915344, 0.949999988079071, 0.9430000185966492, 0.9380000233650208, 0.9359999895095825, 0.9340000152587891, 0.9229999780654907, 0.9179999828338623, 0.9120000004768372, 0.9100000262260437, 0.9020000100135803, 0.9020000100135803, 0.8970000147819519, 0.8930000066757202, 0.8849999904632568, 0.8830000162124634, 0.878000020980835, 0.8709999918937683, 0.8659999966621399, 0.8629999756813049, 0.8579999804496765, 0.843999981880188, 0.8479999899864197, 0.8519999980926514, 0.8489999771118164, 0.8429999947547913, 0.8420000076293945, 0.8320000171661377, 0.8270000219345093, 0.8259999752044678, 0.8159999847412109, 0.8130000233650208, 0.8119999766349792, 0.8069999814033508, 0.800000011920929, 0.7990000247955322, 0.7929999828338623, 0.7850000262260437, 0.7820000052452087, 0.7820000052452087, 0.781000018119812, 0.7749999761581421, 0.7699999809265137, 0.7680000066757202, 0.765999972820282, 0.7620000243186951, 0.7599999904632568, 0.7549999952316284, 0.753000020980835, 0.7509999871253967, 0.7480000257492065, 0.7390000224113464, 0.7390000224113464, 0.7369999885559082, 0.7369999885559082, 0.7329999804496765, 0.7329999804496765, 0.7300000190734863, 0.722000002861023, 0.7160000205039978, 0.718999981880188, 0.7170000076293945, 0.7120000123977661, 0.7110000252723694, 0.699999988079071, 0.6970000267028809, 0.6949999928474426, 0.6940000057220459, 0.6959999799728394, 0.6980000138282776, 0.6970000267028809, 0.6790000200271606, 0.6819999814033508, 0.6830000281333923, 0.6830000281333923, 0.6830000281333923, 0.6800000071525574, 0.6769999861717224, 0.6769999861717224, 0.6779999732971191, 0.6729999780654907, 0.6710000038146973, 0.6650000214576721, 0.6650000214576721, 0.6740000247955322, 0.6679999828338623, 0.6570000052452087, 0.6539999842643738, 0.6549999713897705, 0.6549999713897705, 0.652999997138977, 0.6489999890327454, 0.6439999938011169, 0.6449999809265137, 0.6449999809265137, 0.6430000066757202, 0.6399999856948853, 0.6370000243186951, 0.6359999775886536, 0.6309999823570251, 0.6320000290870667, 0.6349999904632568, 0.6349999904632568, 0.6330000162124634, 0.621999979019165, 0.621999979019165, 0.621999979019165, 0.6230000257492065, 0.625, 0.6159999966621399, 0.6159999966621399, 0.6159999966621399, 0.6140000224113464, 0.6150000095367432, 0.6140000224113464, 0.6119999885559082, 0.6110000014305115, 0.6079999804496765, 0.6079999804496765, 0.6079999804496765, 0.6069999933242798, 0.6039999723434448, 0.6000000238418579, 0.6000000238418579, 0.5920000076293945, 0.5929999947547913, 0.597000002861023, 0.5889999866485596, 0.5929999947547913, 0.593999981880188, 0.5920000076293945, 0.5910000205039978, 0.5920000076293945, 0.5870000123977661, 0.5830000042915344, 0.5820000171661377, 0.5820000171661377, 0.5809999704360962, 0.5860000252723694, 0.5870000123977661, 0.5759999752044678, 0.578000009059906, 0.5839999914169312, 0.5809999704360962, 0.5759999752044678, 0.5770000219345093, 0.574999988079071, 0.5770000219345093, 0.5759999752044678, 0.5740000009536743, 0.5720000267028809, 0.5699999928474426, 0.574999988079071, 0.5680000185966492, 0.5640000104904175, 0.5640000104904175, 0.5740000009536743, 0.5680000185966492, 0.5699999928474426, 0.5669999718666077, 0.5649999976158142, 0.5669999718666077, 0.5690000057220459, 0.5649999976158142, 0.5600000023841858, 0.5600000023841858, 0.5609999895095825, 0.5630000233650208, 0.5600000023841858, 0.5649999976158142, 0.5649999976158142, 0.5669999718666077, 0.5640000104904175, 0.5669999718666077, 0.5609999895095825, 0.5569999814033508, 0.5600000023841858, 0.5640000104904175, 0.5559999942779541, 0.5509999990463257, 0.5519999861717224, 0.5540000200271606, 0.5559999942779541, 0.5529999732971191, 0.5490000247955322, 0.5490000247955322, 0.5509999990463257, 0.5540000200271606, 0.5559999942779541, 0.5600000023841858, 0.5600000023841858, 0.5490000247955322, 0.5490000247955322, 0.5509999990463257, 0.5540000200271606, 0.5540000200271606, 0.5540000200271606, 0.5540000200271606, 0.5479999780654907, 0.5479999780654907, 0.5540000200271606, 0.5479999780654907, 0.5479999780654907, 0.5509999990463257, 0.5540000200271606, 0.5540000200271606, 0.5479999780654907, 0.5460000038146973, 0.5440000295639038, 0.5440000295639038, 0.5460000038146973, 0.5490000247955322, 0.5490000247955322, 0.5509999990463257, 0.5540000200271606, 0.5550000071525574, 0.5490000247955322, 0.5490000247955322, 0.5490000247955322, 0.5450000166893005, 0.5479999780654907, 0.5450000166893005, 0.5460000038146973, 0.5440000295639038, 0.5479999780654907, 0.5479999780654907, 0.5479999780654907, 0.550000011920929, 0.5479999780654907, 0.5540000200271606, 0.5540000200271606, 0.5540000200271606, 0.5540000200271606, 0.5540000200271606, 0.546999990940094, 0.5460000038146973, 0.5590000152587891, 0.5559999942779541, 0.5429999828338623, 0.5429999828338623, 0.5569999814033508, 0.5569999814033508, 0.5529999732971191, 0.550000011920929, 0.5460000038146973, 0.546999990940094, 0.5519999861717224, 0.5559999942779541, 0.5550000071525574, 0.5540000200271606, 0.5540000200271606, 0.5540000200271606, 0.550000011920929, 0.5540000200271606, 0.550000011920929, 0.550000011920929, 0.5509999990463257, 0.5540000200271606, 0.5519999861717224, 0.5569999814033508, 0.5569999814033508, 0.5529999732971191, 0.5529999732971191, 0.5550000071525574, 0.5540000200271606, 0.5529999732971191, 0.5529999732971191, 0.5540000200271606, 0.5600000023841858, 0.5559999942779541, 0.5550000071525574, 0.5540000200271606, 0.5540000200271606, 0.5529999732971191, 0.5529999732971191, 0.5590000152587891, 0.5600000023841858, 0.5600000023841858, 0.5559999942779541, 0.5540000200271606, 0.5580000281333923, 0.5569999814033508, 0.5569999814033508, 0.5529999732971191, 0.5550000071525574, 0.5540000200271606, 0.5600000023841858, 0.5630000233650208, 0.5609999895095825, 0.5609999895095825, 0.5630000233650208, 0.5630000233650208, 0.5649999976158142, 0.5649999976158142, 0.5590000152587891, 0.5590000152587891, 0.5580000281333923, 0.5580000281333923, 0.5580000281333923, 0.5580000281333923, 0.5580000281333923, 0.5590000152587891, 0.5669999718666077, 0.5669999718666077, 0.5659999847412109, 0.5659999847412109, 0.5709999799728394, 0.5669999718666077, 0.5669999718666077, 0.5649999976158142, 0.5659999847412109, 0.5669999718666077, 0.5659999847412109, 0.5649999976158142, 0.5720000267028809, 0.5759999752044678, 0.5720000267028809, 0.5690000057220459, 0.5740000009536743, 0.574999988079071, 0.574999988079071, 0.5759999752044678, 0.5770000219345093, 0.5770000219345093, 0.5759999752044678, 0.5759999752044678, 0.5770000219345093, 0.5770000219345093, 0.5759999752044678, 0.5680000185966492, 0.5730000138282776, 0.574999988079071, 0.574999988079071, 0.574999988079071, 0.574999988079071, 0.5759999752044678, 0.5799999833106995, 0.5799999833106995, 0.578000009059906, 0.578000009059906, 0.5759999752044678, 0.578000009059906, 0.5820000171661377, 0.5839999914169312, 0.5820000171661377, 0.5789999961853027, 0.5759999752044678, 0.5799999833106995, 0.5899999737739563, 0.5920000076293945, 0.5910000205039978, 0.5910000205039978, 0.5979999899864197, 0.5950000286102295, 0.5920000076293945, 0.5920000076293945, 0.5960000157356262, 0.5960000157356262, 0.5950000286102295, 0.5960000157356262, 0.5929999947547913, 0.5910000205039978, 0.593999981880188, 0.5989999771118164, 0.6029999852180481, 0.6019999980926514, 0.6010000109672546, 0.6010000109672546, 0.6019999980926514, 0.6029999852180481, 0.6019999980926514, 0.6010000109672546, 0.6039999723434448, 0.6050000190734863, 0.6029999852180481, 0.6019999980926514, 0.6019999980926514, 0.6050000190734863, 0.6110000014305115, 0.6100000143051147, 0.609000027179718, 0.6110000014305115, 0.6150000095367432, 0.6159999966621399, 0.6159999966621399, 0.6159999966621399, 0.6140000224113464, 0.6129999756813049, 0.6150000095367432, 0.6169999837875366, 0.6190000176429749, 0.6230000257492065, 0.6240000128746033, 0.6240000128746033, 0.625, 0.6309999823570251, 0.6330000162124634, 0.6309999823570251, 0.6299999952316284, 0.6299999952316284, 0.6349999904632568, 0.6320000290870667, 0.6299999952316284, 0.6299999952316284, 0.6299999952316284, 0.6320000290870667, 0.6320000290870667, 0.6330000162124634, 0.6320000290870667, 0.6359999775886536, 0.640999972820282, 0.6399999856948853, 0.6380000114440918, 0.6389999985694885, 0.6389999985694885, 0.6349999904632568, 0.6349999904632568, 0.6340000033378601, 0.6359999775886536, 0.6389999985694885, 0.6430000066757202, 0.6430000066757202, 0.6430000066757202, 0.6449999809265137, 0.6489999890327454, 0.6470000147819519, 0.6489999890327454, 0.656000018119812, 0.656000018119812, 0.6520000100135803, 0.6510000228881836, 0.6499999761581421, 0.6510000228881836, 0.6549999713897705, 0.6549999713897705, 0.6549999713897705, 0.6549999713897705, 0.652999997138977, 0.652999997138977, 0.6539999842643738, 0.6549999713897705, 0.6570000052452087, 0.6639999747276306, 0.6639999747276306, 0.6620000004768372, 0.6690000295639038, 0.6669999957084656, 0.6669999957084656, 0.6629999876022339, 0.6650000214576721, 0.6610000133514404, 0.6710000038146973, 0.671999990940094, 0.6710000038146973, 0.671999990940094, 0.6679999828338623, 0.6700000166893005, 0.6660000085830688, 0.6690000295639038, 0.6679999828338623, 0.6740000247955322, 0.6759999990463257, 0.6790000200271606, 0.6769999861717224, 0.6790000200271606, 0.6840000152587891, 0.6819999814033508, 0.6779999732971191, 0.675000011920929, 0.675000011920929, 0.6769999861717224, 0.6819999814033508, 0.6819999814033508, 0.6840000152587891, 0.6899999976158142, 0.6980000138282776, 0.6980000138282776, 0.6940000057220459, 0.699999988079071, 0.7009999752044678, 0.6959999799728394, 0.6990000009536743, 0.7009999752044678, 0.703000009059906, 0.6980000138282776, 0.6980000138282776, 0.6970000267028809, 0.703000009059906, 0.7049999833106995, 0.7059999704360962, 0.7059999704360962, 0.7120000123977661, 0.7120000123977661, 0.7089999914169312, 0.7129999995231628, 0.7129999995231628, 0.7200000286102295, 0.7210000157356262, 0.718999981880188, 0.718999981880188, 0.7260000109672546, 0.7260000109672546, 0.7269999980926514, 0.7319999933242798, 0.7289999723434448, 0.7300000190734863, 0.7310000061988831, 0.734000027179718, 0.7310000061988831, 0.7310000061988831, 0.7310000061988831, 0.7310000061988831, 0.7329999804496765, 0.7480000257492065, 0.7509999871253967, 0.7429999709129333, 0.7409999966621399, 0.7429999709129333, 0.7450000047683716, 0.7459999918937683, 0.7429999709129333, 0.7459999918937683, 0.7549999952316284, 0.7549999952316284, 0.7540000081062317, 0.7540000081062317, 0.7580000162124634, 0.7630000114440918, 0.7609999775886536, 0.765999972820282, 0.765999972820282, 0.7680000066757202, 0.7710000276565552, 0.7699999809265137, 0.7689999938011169, 0.7689999938011169, 0.7730000019073486, 0.7770000100135803, 0.7710000276565552, 0.7730000019073486, 0.7739999890327454, 0.7739999890327454, 0.777999997138977, 0.7770000100135803, 0.7799999713897705, 0.7799999713897705, 0.7770000100135803, 0.7749999761581421, 0.7739999890327454, 0.7799999713897705, 0.7900000214576721, 0.7919999957084656, 0.7829999923706055, 0.7820000052452087, 0.7770000100135803, 0.7829999923706055, 0.7829999923706055, 0.7829999923706055, 0.781000018119812, 0.781000018119812, 0.7720000147819519, 0.7710000276565552, 0.7760000228881836, 0.7820000052452087, 0.7820000052452087, 0.7870000004768372, 0.7850000262260437, 0.7879999876022339, 0.7879999876022339, 0.7889999747276306, 0.7889999747276306, 0.7900000214576721, 0.7879999876022339, 0.7839999794960022, 0.7829999923706055, 0.7950000166893005, 0.7900000214576721, 0.7900000214576721, 0.7919999957084656, 0.7950000166893005, 0.7940000295639038, 0.7940000295639038, 0.7940000295639038, 0.7889999747276306, 0.7799999713897705, 0.7860000133514404, 0.7919999957084656, 0.7860000133514404, 0.781000018119812, 0.7950000166893005, 0.7929999828338623, 0.7870000004768372, 0.7870000004768372, 0.7889999747276306, 0.7929999828338623, 0.8019999861717224, 0.8019999861717224, 0.8090000152587891, 0.8190000057220459, 0.8299999833106995, 0.8259999752044678, 0.8259999752044678, 0.8330000042915344, 0.8389999866485596, 0.8370000123977661, 0.8370000123977661, 0.8330000042915344, 0.8410000205039978, 0.8379999995231628, 0.8379999995231628, 0.8389999866485596, 0.847000002861023, 0.8510000109672546]
intensities: [1123.0, 1134.0, 1210.0, 1297.0, 1409.0, 1519.0, 1543.0, 1578.0, 1645.0, 1645.0, 1642.0, 1633.0, 1677.0, 1655.0, 1398.0, 1328.0, 1138.0, 929.0, 942.0, 866.0, 919.0, 976.0, 998.0, 1036.0, 1037.0, 1072.0, 1094.0, 1077.0, 1228.0, 1478.0, 1478.0, 1601.0, 1684.0, 1702.0, 1731.0, 1764.0, 1768.0, 1779.0, 1784.0, 1766.0, 1747.0, 1774.0, 1769.0, 1759.0, 1759.0, 1753.0, 1752.0, 1741.0, 1754.0, 1750.0, 1749.0, 1718.0, 1613.0, 1623.0, 1609.0, 1613.0, 1625.0, 1601.0, 1604.0, 1577.0, 1579.0, 1596.0, 1587.0, 1590.0, 1583.0, 1585.0, 1580.0, 1588.0, 1556.0, 1557.0, 1559.0, 1552.0, 1545.0, 1539.0, 1525.0, 1525.0, 1531.0, 1529.0, 1523.0, 1520.0, 1511.0, 1516.0, 1513.0, 1512.0, 1514.0, 1503.0, 1511.0, 1502.0, 1485.0, 1487.0, 1487.0, 1487.0, 1476.0, 1470.0, 1464.0, 1456.0, 1472.0, 1472.0, 1432.0, 1442.0, 1444.0, 1415.0, 1415.0, 1414.0, 1405.0, 1402.0, 1425.0, 1418.0, 1406.0, 1385.0, 1365.0, 1382.0, 1386.0, 1367.0, 1355.0, 1355.0, 1366.0, 1362.0, 1360.0, 1353.0, 1342.0, 1334.0, 1334.0, 1303.0, 1303.0, 1322.0, 1304.0, 1306.0, 1297.0, 1274.0, 1274.0, 1293.0, 1260.0, 1281.0, 1255.0, 1264.0, 1264.0, 1252.0, 1234.0, 1237.0, 1249.0, 1249.0, 1236.0, 1215.0, 1216.0, 1214.0, 1210.0, 1203.0, 1197.0, 1179.0, 1178.0, 1167.0, 1156.0, 1147.0, 1144.0, 1142.0, 1142.0, 1141.0, 1134.0, 1135.0, 1130.0, 1126.0, 1134.0, 1148.0, 1142.0, 1147.0, 1133.0, 1142.0, 1152.0, 1119.0, 1119.0, 1124.0, 1130.0, 1121.0, 1137.0, 1115.0, 1101.0, 1094.0, 1095.0, 1107.0, 1108.0, 1092.0, 1099.0, 1102.0, 1110.0, 1110.0, 1114.0, 1087.0, 1097.0, 1099.0, 1113.0, 1116.0, 1106.0, 1114.0, 1119.0, 1111.0, 1109.0, 1104.0, 1117.0, 1122.0, 1115.0, 1096.0, 1105.0, 1107.0, 1105.0, 1103.0, 1098.0, 1096.0, 1093.0, 1096.0, 1089.0, 1081.0, 1071.0, 1078.0, 1066.0, 1062.0, 1052.0, 1062.0, 1062.0, 1054.0, 1056.0, 1052.0, 1049.0, 1044.0, 1045.0, 1049.0, 1047.0, 1046.0, 1046.0, 1026.0, 1030.0, 1022.0, 1015.0, 1017.0, 1009.0, 1012.0, 1002.0, 1000.0, 997.0, 995.0, 995.0, 975.0, 971.0, 966.0, 967.0, 966.0, 961.0, 961.0, 963.0, 964.0, 950.0, 958.0, 952.0, 951.0, 944.0, 945.0, 940.0, 924.0, 918.0, 914.0, 904.0, 905.0, 895.0, 906.0, 897.0, 906.0, 899.0, 880.0, 885.0, 889.0, 877.0, 864.0, 894.0, 874.0, 870.0, 865.0, 873.0, 893.0, 924.0, 1126.0, 1328.0, 1394.0, 969.0, 957.0, 957.0, 959.0, 962.0, 969.0, 961.0, 970.0, 953.0, 968.0, 971.0, 963.0, 963.0, 966.0, 966.0, 970.0, 969.0, 975.0, 974.0, 961.0, 971.0, 966.0, 963.0, 954.0, 949.0, 958.0, 979.0, 970.0, 973.0, 967.0, 975.0, 960.0, 977.0, 977.0, 963.0, 949.0, 970.0, 973.0, 964.0, 962.0, 963.0, 977.0, 966.0, 964.0, 967.0, 973.0, 973.0, 968.0, 971.0, 973.0, 973.0, 983.0, 983.0, 962.0, 980.0, 983.0, 972.0, 973.0, 979.0, 975.0, 974.0, 978.0, 977.0, 978.0, 979.0, 978.0, 974.0, 973.0, 975.0, 970.0, 970.0, 975.0, 978.0, 970.0, 977.0, 972.0, 976.0, 995.0, 971.0, 977.0, 990.0, 990.0, 981.0, 978.0, 982.0, 975.0, 990.0, 979.0, 986.0, 980.0, 980.0, 975.0, 980.0, 984.0, 989.0, 990.0, 996.0, 1000.0, 1002.0, 1006.0, 996.0, 996.0, 995.0, 985.0, 989.0, 989.0, 983.0, 980.0, 984.0, 982.0, 1002.0, 989.0, 997.0, 988.0, 994.0, 982.0, 975.0, 972.0, 968.0, 951.0, 953.0, 964.0, 966.0, 977.0, 952.0, 945.0, 940.0, 946.0, 967.0, 966.0, 974.0, 983.0, 985.0, 994.0, 999.0, 999.0, 999.0, 996.0, 1004.0, 1015.0, 1015.0, 1015.0, 1025.0, 1037.0, 1045.0, 1056.0, 1048.0, 1063.0, 1065.0, 1079.0, 1081.0, 1101.0, 1104.0, 1105.0, 1109.0, 1109.0, 1104.0, 1115.0, 1123.0, 1112.0, 1110.0, 1100.0, 1091.0, 1110.0, 1097.0, 1103.0, 1103.0, 1094.0, 1108.0, 1115.0, 1120.0, 1138.0, 1139.0, 1122.0, 1124.0, 1143.0, 1139.0, 1125.0, 1124.0, 1164.0, 1174.0, 1181.0, 1192.0, 1192.0, 1200.0, 1225.0, 1243.0, 1248.0, 1256.0, 1258.0, 1271.0, 1278.0, 1277.0, 1284.0, 1286.0, 1289.0, 1286.0, 1287.0, 1298.0, 1299.0, 1312.0, 1325.0, 1326.0, 1334.0, 1333.0, 1361.0, 1367.0, 1360.0, 1367.0, 1374.0, 1399.0, 1383.0, 1414.0, 1394.0, 1425.0, 1434.0, 1414.0, 1417.0, 1407.0, 1419.0, 1402.0, 1391.0, 1428.0, 1424.0, 1431.0, 1437.0, 1436.0, 1456.0, 1444.0, 1454.0, 1459.0, 1462.0, 1461.0, 1477.0, 1459.0, 1459.0, 1485.0, 1491.0, 1487.0, 1499.0, 1507.0, 1514.0, 1517.0, 1513.0, 1516.0, 1529.0, 1530.0, 1538.0, 1538.0, 1541.0, 1551.0, 1555.0, 1565.0, 1572.0, 1573.0, 1560.0, 1566.0, 1581.0, 1583.0, 1584.0, 1593.0, 1602.0, 1596.0, 1590.0, 1605.0, 1605.0, 1622.0, 1621.0, 1632.0, 1633.0, 1635.0, 1638.0, 1659.0, 1655.0, 1665.0, 1665.0, 1661.0, 1670.0, 1678.0, 1690.0, 1688.0, 1680.0, 1677.0, 1675.0, 1691.0, 1691.0, 1684.0, 1683.0, 1683.0, 1690.0, 1691.0, 1704.0, 1693.0, 1702.0, 1699.0, 1687.0, 1699.0, 1703.0, 1704.0, 1716.0, 1719.0, 1719.0, 1702.0, 1704.0, 1703.0, 1731.0, 1711.0, 1709.0, 1694.0, 1698.0, 1699.0, 1707.0, 1738.0, 1738.0, 1735.0, 1737.0, 1728.0, 1720.0, 1726.0, 1744.0, 1749.0, 1744.0, 1744.0, 1744.0, 1748.0, 1767.0, 1755.0, 1767.0, 1779.0, 1793.0, 1777.0, 1796.0, 1783.0, 1786.0, 1792.0, 1786.0, 1780.0, 1766.0, 1765.0, 1776.0, 1770.0, 1770.0, 1763.0, 1784.0, 1812.0, 1797.0, 1805.0, 1796.0, 1789.0, 1795.0, 1799.0, 1784.0, 1792.0, 1796.0, 1815.0, 1803.0, 1803.0, 1839.0, 1847.0, 1844.0, 1850.0, 1849.0, 1847.0, 1847.0, 1854.0, 1844.0, 1849.0, 1845.0, 1833.0, 1840.0, 1853.0, 1836.0, 1836.0, 1843.0, 1852.0, 1845.0, 1845.0, 1849.0, 1849.0, 1844.0, 1845.0, 1855.0, 1858.0, 1860.0, 1876.0, 1857.0, 1858.0, 1840.0, 1856.0, 1861.0, 1883.0, 1883.0, 1872.0, 1891.0, 1874.0, 1881.0, 1866.0, 1869.0, 1851.0, 1864.0, 1888.0, 1891.0, 1890.0, 1879.0, 1862.0, 1879.0, 1885.0, 1879.0, 1861.0, 1818.0, 1853.0, 1782.0, 1782.0, 1823.0, 1879.0, 1883.0, 1885.0, 1883.0, 1881.0, 1881.0, 1840.0, 1863.0, 1867.0, 1869.0, 1877.0, 1877.0, 1904.0, 1887.0, 1886.0, 1855.0, 1862.0, 1849.0, 1865.0, 1874.0, 1870.0, 1871.0, 1882.0, 1882.0, 1870.0, 1853.0, 1861.0, 1853.0, 1863.0, 1850.0, 1839.0, 1824.0, 1824.0, 1832.0, 1845.0, 1822.0, 1831.0, 1830.0, 1819.0, 1827.0, 1832.0, 1831.0, 1804.0, 1787.0, 1787.0, 1792.0, 1813.0, 1800.0, 1797.0, 1797.0, 1789.0, 1785.0, 1805.0, 1816.0, 1788.0, 1776.0, 1772.0, 1791.0, 1784.0, 1776.0, 1786.0, 1786.0, 1770.0, 1770.0, 1772.0, 1751.0, 1762.0, 1763.0, 1741.0, 1743.0, 1741.0, 1742.0, 1743.0, 1748.0, 1726.0, 1726.0, 1727.0, 1727.0, 1703.0, 1704.0, 1704.0, 1706.0, 1706.0, 1709.0, 1709.0, 1709.0, 1696.0, 1691.0, 1693.0, 1699.0, 1699.0, 1672.0, 1680.0, 1692.0, 1696.0, 1691.0, 1675.0, 1686.0, 1691.0, 1691.0, 1675.0, 1671.0, 1664.0, 1657.0, 1657.0, 1652.0, 1640.0, 1647.0, 1617.0, 1617.0, 1608.0, 1608.0, 1617.0, 1623.0, 1621.0, 1614.0, 1616.0, 1623.0, 1606.0, 1599.0, 1610.0, 1605.0, 1583.0, 1583.0, 1587.0, 1591.0, 1571.0, 1596.0, 1586.0, 1569.0, 1552.0, 1558.0, 1563.0, 1566.0, 1569.0, 1540.0, 1556.0, 1551.0, 1539.0, 1537.0, 1527.0, 1518.0, 1519.0, 1519.0, 1520.0, 1521.0, 1522.0, 1516.0, 1501.0, 1482.0, 1482.0, 1483.0, 1484.0, 1479.0, 1450.0, 1467.0, 1480.0, 1475.0, 1469.0, 1456.0, 1450.0, 1437.0, 1430.0, 1421.0, 1419.0, 1419.0, 1433.0, 1416.0, 1418.0, 1414.0, 1412.0, 1404.0, 1411.0, 1410.0, 1413.0, 1413.0, 1404.0, 1404.0, 1407.0, 1412.0, 1409.0, 1412.0, 1409.0, 1400.0, 1379.0, 1401.0, 1401.0, 1370.0, 1356.0, 1365.0, 1358.0, 1365.0, 1370.0, 1369.0, 1355.0, 1361.0, 1342.0, 1360.0, 1351.0, 1333.0, 1345.0, 1350.0, 1356.0, 1336.0, 1345.0, 1331.0, 1331.0, 1345.0, 1345.0, 1323.0, 1323.0, 1335.0, 1331.0, 1330.0, 1341.0, 1341.0, 1335.0, 1313.0, 1307.0, 1304.0, 1311.0, 1313.0, 1300.0, 1308.0, 1304.0, 1308.0, 1309.0, 1294.0, 1293.0, 1291.0, 1280.0, 1290.0, 1281.0, 1276.0, 1271.0, 1278.0, 1283.0, 1280.0, 1274.0, 1270.0, 1281.0, 1281.0, 1302.0, 1274.0, 1274.0, 1285.0, 1302.0, 1274.0, 1270.0, 1285.0, 1281.0, 1279.0, 1281.0, 1275.0, 1271.0, 1276.0, 1271.0, 1277.0, 1272.0, 1279.0, 1295.0, 1287.0, 1265.0, 1291.0, 1281.0, 1278.0, 1264.0, 1256.0, 1275.0, 1279.0, 1278.0, 1278.0, 1285.0, 1285.0, 1294.0, 1296.0, 1289.0, 1293.0, 1276.0, 1272.0, 1267.0, 1280.0, 1286.0, 1294.0, 1299.0, 1310.0, 1305.0, 1294.0, 1301.0, 1298.0, 1285.0, 1290.0, 1285.0, 1295.0, 1296.0, 1290.0, 1293.0, 1291.0, 1301.0, 1306.0, 1306.0, 1281.0, 1281.0, 1303.0, 1305.0, 1285.0, 1294.0, 1294.0, 1313.0, 1315.0, 1301.0, 1307.0, 1320.0, 1320.0, 1298.0, 1297.0, 1313.0, 1313.0, 1324.0, 1343.0, 1336.0, 1341.0, 1327.0, 1344.0, 1348.0, 1346.0, 1333.0, 1348.0, 1348.0, 1348.0, 1346.0, 1346.0, 1355.0, 1352.0, 1348.0, 1346.0, 1346.0, 1346.0, 1347.0, 1353.0, 1344.0, 1355.0, 1363.0, 1363.0, 1367.0, 1371.0, 1370.0, 1390.0, 1376.0, 1376.0, 1375.0, 1380.0, 1388.0, 1387.0, 1390.0, 1394.0, 1398.0, 1399.0, 1401.0, 1395.0, 1388.0, 1396.0, 1391.0, 1404.0, 1404.0, 1403.0, 1410.0, 1420.0, 1411.0, 1414.0, 1419.0, 1379.0, 1411.0, 1411.0, 1403.0, 1398.0, 1405.0, 1405.0, 1406.0, 1404.0, 1404.0, 1404.0, 1420.0, 1418.0, 1422.0]