header: 
  seq: 1609
  stamp: 
    secs: 1548820797
    nsecs: 390880075
  frame_id: "base_link"
angle_min: -2.35619449615
angle_max: 2.35619449615
angle_increment: 0.00436332309619
time_increment: 1.73611151695e-05
scan_time: 0.0250000003725
range_min: 0.019999999553
range_max: 30.0
ranges: [0.46299999952316284, 0.46700000762939453, 0.46399998664855957, 0.46399998664855957, 0.46299999952316284, 0.4699999988079071, 0.47200000286102295, 0.4779999852180481, 0.4869999885559082, 0.47699999809265137, 0.4699999988079071, 0.4690000116825104, 0.4690000116825104, 0.4650000035762787, 0.4650000035762787, 0.4189999997615814, 0.39800000190734863, 0.36800000071525574, 0.29100000858306885, 0.29100000858306885, 0.34700000286102295, 0.41499999165534973, 0.42100000381469727, 0.4519999921321869, 0.4620000123977661, 0.4560000002384186, 0.45500001311302185, 0.4480000138282776, 0.4519999921321869, 0.4440000057220459, 0.4359999895095825, 0.4440000057220459, 0.45899999141693115, 0.4560000002384186, 0.45399999618530273, 0.4490000009536743, 0.44999998807907104, 0.44999998807907104, 0.45100000500679016, 0.45399999618530273, 0.4440000057220459, 0.4359999895095825, 0.4350000023841858, 0.4339999854564667, 0.4390000104904175, 0.43799999356269836, 0.43299999833106995, 0.42800000309944153, 0.42800000309944153, 0.42800000309944153, 0.4269999861717224, 0.4309999942779541, 0.4339999854564667, 0.4339999854564667, 0.4300000071525574, 0.42899999022483826, 0.4259999990463257, 0.4230000078678131, 0.4230000078678131, 0.42500001192092896, 0.4269999861717224, 0.42399999499320984, 0.42899999022483826, 0.42899999022483826, 0.42399999499320984, 0.414000004529953, 0.41100001335144043, 0.41100001335144043, 0.41100001335144043, 0.41100001335144043, 0.4129999876022339, 0.41499999165534973, 0.41200000047683716, 0.42100000381469727, 0.4189999997615814, 0.4129999876022339, 0.4129999876022339, 0.4169999957084656, 0.4169999957084656, 0.4189999997615814, 0.4189999997615814, 0.41200000047683716, 0.4059999883174896, 0.40700000524520874, 0.41100001335144043, 0.41100001335144043, 0.4099999964237213, 0.4099999964237213, 0.41200000047683716, 0.40799999237060547, 0.4180000126361847, 0.40700000524520874, 0.40400001406669617, 0.40799999237060547, 0.40799999237060547, 0.40700000524520874, 0.40700000524520874, 0.40400001406669617, 0.40700000524520874, 0.40400001406669617, 0.39800000190734863, 0.3970000147819519, 0.40400001406669617, 0.40400001406669617, 0.39500001072883606, 0.3930000066757202, 0.39800000190734863, 0.39800000190734863, 0.3970000147819519, 0.3930000066757202, 0.3930000066757202, 0.39500001072883606, 0.39800000190734863, 0.39100000262260437, 0.39399999380111694, 0.38999998569488525, 0.3919999897480011, 0.3919999897480011, 0.3959999978542328, 0.4009999930858612, 0.4009999930858612, 0.4050000011920929, 0.40700000524520874, 0.39100000262260437, 0.39100000262260437, 0.3930000066757202, 0.3930000066757202, 0.39100000262260437, 0.38999998569488525, 0.38999998569488525, 0.38499999046325684, 0.3880000114440918, 0.3880000114440918, 0.39500001072883606, 0.39500001072883606, 0.38600000739097595, 0.38600000739097595, 0.3869999945163727, 0.3889999985694885, 0.3869999945163727, 0.3889999985694885, 0.39500001072883606, 0.3919999897480011, 0.3889999985694885, 0.3930000066757202, 0.3970000147819519, 0.3970000147819519, 0.3869999945163727, 0.38600000739097595, 0.3880000114440918, 0.3959999978542328, 0.4009999930858612, 0.39800000190734863, 0.3930000066757202, 0.3880000114440918, 0.38600000739097595, 0.38999998569488525, 0.39800000190734863, 0.39100000262260437, 0.38499999046325684, 0.38499999046325684, 0.39399999380111694, 0.3880000114440918, 0.382999986410141, 0.38199999928474426, 0.38600000739097595, 0.3889999985694885, 0.38499999046325684, 0.38199999928474426, 0.38100001215934753, 0.38199999928474426, 0.38199999928474426, 0.382999986410141, 0.3869999945163727, 0.3869999945163727, 0.3779999911785126, 0.3799999952316284, 0.382999986410141, 0.3880000114440918, 0.3880000114440918, 0.382999986410141, 0.3720000088214874, 0.3709999918937683, 0.3720000088214874, 0.3779999911785126, 0.3779999911785126, 0.3779999911785126, 0.3779999911785126, 0.3790000081062317, 0.382999986410141, 0.3840000033378601, 0.3840000033378601, 0.382999986410141, 0.38600000739097595, 0.38600000739097595, 0.38600000739097595, 0.382999986410141, 0.3790000081062317, 0.382999986410141, 0.38499999046325684, 0.38499999046325684, 0.3840000033378601, 0.38600000739097595, 0.38600000739097595, 0.38499999046325684, 0.382999986410141, 0.3799999952316284, 0.38199999928474426, 0.382999986410141, 0.38499999046325684, 0.38600000739097595, 0.38199999928474426, 0.3799999952316284, 0.3799999952316284, 0.38199999928474426, 0.38199999928474426, 0.38199999928474426, 0.3840000033378601, 0.38600000739097595, 0.38600000739097595, 0.3799999952316284, 0.3880000114440918, 0.37599998712539673, 0.3799999952316284, 0.3799999952316284, 0.3869999945163727, 0.3869999945163727, 0.3840000033378601, 0.38499999046325684, 0.37599998712539673, 0.375, 0.3790000081062317, 0.39100000262260437, 0.39100000262260437, 0.3880000114440918, 0.3840000033378601, 0.38499999046325684, 0.38499999046325684, 0.38499999046325684, 0.3840000033378601, 0.38499999046325684, 0.38499999046325684, 0.3889999985694885, 0.3880000114440918, 0.3880000114440918, 0.38600000739097595, 0.38600000739097595, 0.3880000114440918, 0.3919999897480011, 0.3919999897480011, 0.3919999897480011, 0.38999998569488525, 0.3889999985694885, 0.39800000190734863, 0.4050000011920929, 0.4090000092983246, 0.4099999964237213, 0.4099999964237213, 0.40799999237060547, 0.40400001406669617, 0.40400001406669617, 0.4099999964237213, 0.4129999876022339, 0.41200000047683716, 0.41999998688697815, 0.4259999990463257, 0.42100000381469727, 0.41100001335144043, 0.41200000047683716, 0.414000004529953, 0.4169999957084656, 0.4169999957084656, 0.41600000858306885, 0.41600000858306885, 0.4180000126361847, 0.4180000126361847, 0.4180000126361847, 0.4189999997615814, 0.42100000381469727, 0.4189999997615814, 0.4259999990463257, 0.4309999942779541, 0.4339999854564667, 0.4350000023841858, 0.4339999854564667, 0.43700000643730164, 0.43700000643730164, 0.4320000112056732, 0.42899999022483826, 0.42899999022483826, 0.43299999833106995, 0.4350000023841858, 0.43799999356269836, 0.4490000009536743, 0.4560000002384186, 0.45399999618530273, 0.44600000977516174, 0.4440000057220459, 0.453000009059906, 0.453000009059906, 0.453000009059906, 0.45500001311302185, 0.460999995470047, 0.46399998664855957, 0.46399998664855957, 0.46000000834465027, 0.4650000035762787, 0.460999995470047, 0.4650000035762787, 0.46799999475479126, 0.4650000035762787, 0.46799999475479126, 0.4690000116825104, 0.47099998593330383, 0.47200000286102295, 0.4790000021457672, 0.48100000619888306, 0.48500001430511475, 0.48399999737739563, 0.48500001430511475, 0.4779999852180481, 0.4819999933242798, 0.4860000014305115, 0.4880000054836273, 0.4880000054836273, 0.492000013589859, 0.4950000047683716, 0.49900001287460327, 0.503000020980835, 0.5019999742507935, 0.5059999823570251, 0.5080000162124634, 0.5099999904632568, 0.5120000243186951, 0.5130000114440918, 0.5109999775886536, 0.5120000243186951, 0.5139999985694885, 0.5220000147819519, 0.5260000228881836, 0.5260000228881836, 0.527999997138977, 0.5350000262260437, 0.5350000262260437, 0.5360000133514404, 0.5419999957084656, 0.5410000085830688, 0.5360000133514404, 0.5370000004768372, 0.5429999828338623, 0.5429999828338623, 0.5450000166893005, 0.5519999861717224, 0.5590000152587891, 0.5590000152587891, 0.5699999928474426, 0.5699999928474426, 0.5789999961853027, 0.578000009059906, 0.5759999752044678, 0.578000009059906, 0.5759999752044678, 0.5789999961853027, 0.5879999995231628, 0.5950000286102295, 0.5979999899864197, 0.5979999899864197, 0.593999981880188, 0.6050000190734863, 0.6069999933242798, 0.6069999933242798, 0.6110000014305115, 0.6140000224113464, 0.6140000224113464, 0.6190000176429749, 0.6209999918937683, 0.6290000081062317, 0.6389999985694885, 0.6380000114440918, 0.6420000195503235, 0.6399999856948853, 0.6449999809265137, 0.6510000228881836, 0.656000018119812, 0.656000018119812, 0.6639999747276306, 0.6639999747276306, 0.6629999876022339, 0.6650000214576721, 0.6700000166893005, 0.671999990940094, 0.6809999942779541, 0.6909999847412109, 0.6930000185966492, 0.6949999928474426, 0.6970000267028809, 0.703000009059906, 0.7089999914169312, 0.7179999947547913, 0.7239999771118164, 0.7210000157356262, 0.7210000157356262, 0.7289999723434448, 0.7400000095367432, 0.7409999966621399, 0.7620000243186951, 0.7580000162124634, 0.7649999856948853, 0.7609999775886536, 0.7680000066757202, 0.7760000228881836, 0.7910000085830688, 0.7929999828338623, 0.796999990940094, 0.8040000200271606, 0.8080000281333923, 0.8180000185966492, 0.8339999914169312, 0.8460000157356262, 0.8410000205039978, 0.843999981880188, 0.8450000286102295, 0.8510000109672546, 0.8690000176429749, 0.8730000257492065, 0.8809999823570251, 0.8939999938011169, 0.8989999890327454, 0.9169999957084656, 0.9290000200271606, 0.9570000171661377, 1.0149999856948853, 1.0959999561309814, 1.2960000038146973, 1.9809999465942383, 2.006999969482422, 2.0160000324249268, 2.0199999809265137, 2.0190000534057617, 2.0190000534057617, 2.0199999809265137, 2.0250000953674316, 2.0230000019073486, 2.0199999809265137, 2.0220000743865967, 2.0339999198913574, 2.0250000953674316, 2.0199999809265137, 2.0199999809265137, 2.0209999084472656, 2.0220000743865967, 2.0260000228881836, 2.0260000228881836, 2.0239999294281006, 2.0220000743865967, 2.0190000534057617, 2.0260000228881836, 2.0179998874664307, 2.0179998874664307, 2.0179998874664307, 2.0160000324249268, 2.0160000324249268, 2.0160000324249268, 2.0169999599456787, 2.0179998874664307, 2.0179998874664307, 2.0179998874664307, 2.009000062942505, 2.009000062942505, 2.005000114440918, 2.005000114440918, 2.009000062942505, 2.003000020980835, 2.003000020980835, 1.996999979019165, 1.9989999532699585, 1.996999979019165, 1.9989999532699585, 1.9980000257492065, 1.9989999532699585, 1.9930000305175781, 1.9910000562667847, 1.9889999628067017, 1.9910000562667847, 1.9930000305175781, 1.9919999837875366, 1.9859999418258667, 1.9789999723434448, 1.9850000143051147, 1.9839999675750732, 1.9859999418258667, 1.9830000400543213, 1.9609999656677246, 1.9500000476837158, 1.9579999446868896, 1.965000033378601, 1.9509999752044678, 1.9500000476837158, 1.9509999752044678, 1.9500000476837158, 1.9500000476837158, 1.9429999589920044, 1.9320000410079956, 1.930999994277954, 1.9420000314712524, 1.9299999475479126, 1.9290000200271606, 1.9290000200271606, 1.9270000457763672, 1.9210000038146973, 1.9160000085830688, 1.909000039100647, 1.9110000133514404, 1.9079999923706055, 1.9110000133514404, 1.906000018119812, 1.8919999599456787, 1.8910000324249268, 1.8869999647140503, 1.8839999437332153, 1.8849999904632568, 1.8839999437332153, 1.878000020980835, 1.8769999742507935, 1.875, 1.86899995803833, 1.8589999675750732, 1.8550000190734863, 1.8559999465942383, 1.8519999980926514, 1.8459999561309814, 1.843000054359436, 1.840999960899353, 1.8370000123977661, 1.8229999542236328, 1.8140000104904175, 1.8140000104904175, 1.815000057220459, 1.815000057220459, 1.8140000104904175, 1.8020000457763672, 1.8020000457763672, 1.7910000085830688, 1.781999945640564, 1.777999997138977, 1.7710000276565552, 1.7719999551773071, 1.7569999694824219, 1.7489999532699585, 1.746000051498413, 1.746999979019165, 1.7339999675750732, 1.7300000190734863, 1.7269999980926514, 1.7209999561309814, 1.7239999771118164, 1.7120000123977661, 1.7079999446868896, 1.7029999494552612, 1.6970000267028809, 1.687000036239624, 1.6820000410079956, 1.6820000410079956, 1.6710000038146973, 1.6690000295639038, 1.652999997138977, 1.6510000228881836, 1.6440000534057617, 1.6380000114440918, 1.6360000371932983, 1.6260000467300415, 1.621000051498413, 1.6089999675750732, 1.6059999465942383, 1.6030000448226929, 1.593000054359436, 1.5800000429153442, 1.5750000476837158, 1.565999984741211, 1.5640000104904175, 1.5549999475479126, 1.5440000295639038, 1.5410000085830688, 1.5360000133514404, 1.5269999504089355, 1.5240000486373901, 1.5119999647140503, 1.5099999904632568, 1.5049999952316284, 1.503000020980835, 1.4880000352859497, 1.4830000400543213, 1.4700000286102295, 1.4620000123977661, 1.4570000171661377, 1.444000005722046, 1.4359999895095825, 1.4320000410079956, 1.4160000085830688, 1.4140000343322754, 1.4129999876022339, 1.3960000276565552, 1.3839999437332153, 1.378999948501587, 1.3760000467300415, 1.3550000190734863, 1.3480000495910645, 1.3459999561309814, 1.340000033378601, 1.3320000171661377, 1.3229999542236328, 1.312999963760376, 1.309000015258789, 1.2970000505447388, 1.2790000438690186, 1.2760000228881836, 1.2610000371932983, 1.253999948501587, 1.246999979019165, 1.2350000143051147, 1.2319999933242798, 1.2209999561309814, 1.2130000591278076, 1.2039999961853027, 1.1770000457763672, 1.1749999523162842, 1.1640000343322754, 1.1549999713897705, 1.152999997138977, 1.1339999437332153, 1.121999979019165, 1.1109999418258667, 1.0989999771118164, 1.090999960899353, 1.0839999914169312, 1.0729999542236328, 1.065000057220459, 1.0540000200271606, 1.0440000295639038, 1.0379999876022339, 1.034999966621399, 1.0299999713897705, 1.0199999809265137, 1.0160000324249268, 1.00600004196167, 0.9919999837875366, 0.984000027179718, 0.984000027179718, 0.9760000109672546, 0.9670000076293945, 0.9620000123977661, 0.9639999866485596, 0.9509999752044678, 0.9430000185966492, 0.9419999718666077, 0.9369999766349792, 0.9350000023841858, 0.9350000023841858, 0.9210000038146973, 0.9150000214576721, 0.9039999842643738, 0.8999999761581421, 0.9010000228881836, 0.8939999938011169, 0.8859999775886536, 0.878000020980835, 0.8759999871253967, 0.8740000128746033, 0.8700000047683716, 0.8629999756813049, 0.8550000190734863, 0.8569999933242798, 0.8489999771118164, 0.8410000205039978, 0.8349999785423279, 0.8349999785423279, 0.8270000219345093, 0.8220000267028809, 0.8190000057220459, 0.8130000233650208, 0.8209999799728394, 0.8190000057220459, 0.8009999990463257, 0.7960000038146973, 0.7940000295639038, 0.7919999957084656, 0.7829999923706055, 0.7829999923706055, 0.7839999794960022, 0.781000018119812, 0.7749999761581421, 0.7720000147819519, 0.7720000147819519, 0.7680000066757202, 0.7639999985694885, 0.7570000290870667, 0.7480000257492065, 0.7480000257492065, 0.7429999709129333, 0.7369999885559082, 0.7350000143051147, 0.7319999933242798, 0.7310000061988831, 0.7260000109672546, 0.7210000157356262, 0.7179999947547913, 0.7160000205039978, 0.7149999737739563, 0.7139999866485596, 0.7070000171661377, 0.7070000171661377, 0.7009999752044678, 0.7039999961853027, 0.7020000219345093, 0.6930000185966492, 0.6890000104904175, 0.6880000233650208, 0.6809999942779541, 0.6809999942779541, 0.6819999814033508, 0.6819999814033508, 0.6790000200271606, 0.6729999780654907, 0.6639999747276306, 0.6600000262260437, 0.6639999747276306, 0.6639999747276306, 0.6639999747276306, 0.6579999923706055, 0.6539999842643738, 0.656000018119812, 0.6549999713897705, 0.6549999713897705, 0.6499999761581421, 0.6489999890327454, 0.6460000276565552, 0.6510000228881836, 0.6480000019073486, 0.6480000019073486, 0.6420000195503235, 0.6330000162124634, 0.6290000081062317, 0.6290000081062317, 0.628000020980835, 0.6370000243186951, 0.6349999904632568, 0.6290000081062317, 0.6230000257492065, 0.6230000257492065, 0.6200000047683716, 0.6159999966621399, 0.6140000224113464, 0.6100000143051147, 0.6069999933242798, 0.6060000061988831, 0.6069999933242798, 0.6069999933242798, 0.6060000061988831, 0.6060000061988831, 0.6069999933242798, 0.6069999933242798, 0.6039999723434448, 0.6039999723434448, 0.6029999852180481, 0.5989999771118164, 0.5950000286102295, 0.593999981880188, 0.5870000123977661, 0.5870000123977661, 0.5860000252723694, 0.5839999914169312, 0.5879999995231628, 0.5879999995231628, 0.5879999995231628, 0.5849999785423279, 0.5830000042915344, 0.5809999704360962, 0.5820000171661377, 0.5839999914169312, 0.5789999961853027, 0.5709999799728394, 0.5680000185966492, 0.5720000267028809, 0.5730000138282776, 0.5720000267028809, 0.5720000267028809, 0.5709999799728394, 0.5709999799728394, 0.5659999847412109, 0.5640000104904175, 0.5609999895095825, 0.5609999895095825, 0.5559999942779541, 0.5649999976158142, 0.5580000281333923, 0.5680000185966492, 0.5640000104904175, 0.5640000104904175, 0.5609999895095825, 0.5590000152587891, 0.5569999814033508, 0.5590000152587891, 0.5600000023841858, 0.5569999814033508, 0.5529999732971191, 0.5479999780654907, 0.5479999780654907, 0.5460000038146973, 0.5490000247955322, 0.5529999732971191, 0.5490000247955322, 0.5460000038146973, 0.5429999828338623, 0.5400000214576721, 0.5440000295639038, 0.5460000038146973, 0.5440000295639038, 0.5440000295639038, 0.5479999780654907, 0.5479999780654907, 0.5410000085830688, 0.5350000262260437, 0.5360000133514404, 0.5379999876022339, 0.5389999747276306, 0.5460000038146973, 0.5479999780654907, 0.5419999957084656, 0.5360000133514404, 0.5389999747276306, 0.5389999747276306, 0.5379999876022339, 0.5360000133514404, 0.5370000004768372, 0.5339999794960022, 0.527999997138977, 0.527999997138977, 0.5329999923706055, 0.5339999794960022, 0.531000018119812, 0.5299999713897705, 0.5299999713897705, 0.5299999713897705, 0.527999997138977, 0.527999997138977, 0.5320000052452087, 0.5320000052452087, 0.5320000052452087, 0.5339999794960022, 0.5370000004768372, 0.5289999842643738, 0.5270000100135803, 0.5249999761581421, 0.531000018119812, 0.5320000052452087, 0.5320000052452087, 0.5289999842643738, 0.5289999842643738, 0.5329999923706055, 0.5360000133514404, 0.531000018119812, 0.5270000100135803, 0.5329999923706055, 0.5329999923706055, 0.5320000052452087, 0.5299999713897705, 0.5270000100135803, 0.5299999713897705, 0.5339999794960022, 0.5350000262260437, 0.5320000052452087, 0.531000018119812, 0.5320000052452087, 0.5270000100135803, 0.5249999761581421, 0.5230000019073486, 0.527999997138977, 0.527999997138977, 0.527999997138977, 0.527999997138977, 0.5260000228881836, 0.5320000052452087, 0.527999997138977, 0.527999997138977, 0.5239999890327454, 0.5249999761581421, 0.5329999923706055, 0.5289999842643738, 0.5329999923706055, 0.5270000100135803, 0.527999997138977, 0.531000018119812, 0.5350000262260437, 0.5249999761581421, 0.5249999761581421, 0.5239999890327454, 0.5210000276565552, 0.5210000276565552, 0.5220000147819519, 0.5320000052452087, 0.5270000100135803, 0.5329999923706055, 0.527999997138977, 0.5299999713897705, 0.5320000052452087, 0.531000018119812, 0.5249999761581421, 0.5230000019073486, 0.5260000228881836, 0.5329999923706055, 0.5379999876022339, 0.5339999794960022, 0.5260000228881836, 0.5249999761581421, 0.531000018119812, 0.5360000133514404, 0.5329999923706055, 0.5329999923706055, 0.5329999923706055, 0.5299999713897705, 0.5320000052452087, 0.5239999890327454, 0.5289999842643738, 0.5270000100135803, 0.531000018119812, 0.5299999713897705, 0.5299999713897705, 0.531000018119812, 0.5320000052452087, 0.5339999794960022, 0.5289999842643738, 0.5320000052452087, 0.5329999923706055, 0.5350000262260437, 0.5339999794960022, 0.531000018119812, 0.5329999923706055, 0.5400000214576721, 0.5460000038146973, 0.5410000085830688, 0.5379999876022339, 0.5400000214576721, 0.5419999957084656, 0.5400000214576721, 0.5410000085830688, 0.5379999876022339, 0.5400000214576721, 0.5360000133514404, 0.5379999876022339, 0.5429999828338623, 0.5479999780654907, 0.5440000295639038, 0.5400000214576721, 0.5389999747276306, 0.5450000166893005, 0.5410000085830688, 0.5419999957084656, 0.5410000085830688, 0.5450000166893005, 0.546999990940094, 0.5450000166893005, 0.5450000166893005, 0.5440000295639038, 0.5440000295639038, 0.5509999990463257, 0.5609999895095825, 0.5529999732971191, 0.5550000071525574, 0.5550000071525574, 0.5600000023841858, 0.5600000023841858, 0.5600000023841858, 0.5720000267028809, 0.5699999928474426, 0.5690000057220459, 0.5690000057220459, 0.5709999799728394, 0.5720000267028809, 0.5709999799728394, 0.5680000185966492, 0.5730000138282776, 0.5740000009536743, 0.5789999961853027, 0.578000009059906, 0.5770000219345093, 0.5730000138282776, 0.5789999961853027, 0.5789999961853027, 0.5799999833106995, 0.5809999704360962, 0.5809999704360962, 0.5849999785423279, 0.5899999737739563, 0.5920000076293945, 0.5899999737739563, 0.5889999866485596, 0.593999981880188, 0.5889999866485596, 0.5889999866485596, 0.5929999947547913, 0.6000000238418579, 0.6029999852180481, 0.6069999933242798, 0.6060000061988831, 0.6019999980926514, 0.6060000061988831, 0.6069999933242798, 0.6190000176429749, 0.6159999966621399, 0.6150000095367432, 0.6129999756813049, 0.6150000095367432, 0.6169999837875366, 0.6159999966621399, 0.6169999837875366, 0.6290000081062317, 0.6209999918937683, 0.6129999756813049, 0.6129999756813049, 0.621999979019165, 0.6269999742507935, 0.6320000290870667, 0.6290000081062317, 0.6370000243186951, 0.6449999809265137, 0.6299999952316284, 0.6269999742507935, 0.6259999871253967, 0.6259999871253967, 0.6330000162124634, 0.6290000081062317, 0.621999979019165, 0.621999979019165, 0.6330000162124634, 0.6380000114440918, 0.6449999809265137, 0.6480000019073486, 0.6499999761581421, 0.6510000228881836, 0.6480000019073486, 0.6460000276565552, 0.6520000100135803, 0.6539999842643738, 0.6570000052452087, 0.6600000262260437, 0.6610000133514404, 0.6610000133514404, 0.6660000085830688, 0.6629999876022339, 0.6710000038146973, 0.6669999957084656, 0.6729999780654907, 0.675000011920929, 0.6740000247955322, 0.6740000247955322, 0.6669999957084656, 0.6690000295639038, 0.6669999957084656, 0.6710000038146973, 0.675000011920929, 0.6769999861717224, 0.6840000152587891, 0.6930000185966492, 0.6970000267028809, 0.7020000219345093, 0.7160000205039978, 0.7160000205039978, 0.7070000171661377, 0.7099999785423279, 0.7170000076293945, 0.7250000238418579, 0.7310000061988831, 0.7239999771118164, 0.7170000076293945, 0.718999981880188, 0.7369999885559082, 0.7409999966621399, 0.7419999837875366, 0.7459999918937683, 0.7509999871253967, 0.7549999952316284]
intensities: [1110.0, 1131.0, 1120.0, 1155.0, 1210.0, 1335.0, 1372.0, 1416.0, 1433.0, 1433.0, 1468.0, 1478.0, 1477.0, 1396.0, 1417.0, 1134.0, 1113.0, 1015.0, 844.0, 844.0, 919.0, 1014.0, 1005.0, 1086.0, 1087.0, 1057.0, 1041.0, 1030.0, 1076.0, 1118.0, 1136.0, 1241.0, 1445.0, 1431.0, 1492.0, 1538.0, 1584.0, 1588.0, 1596.0, 1604.0, 1602.0, 1616.0, 1623.0, 1618.0, 1637.0, 1644.0, 1634.0, 1632.0, 1639.0, 1639.0, 1630.0, 1652.0, 1642.0, 1642.0, 1631.0, 1627.0, 1606.0, 1611.0, 1611.0, 1610.0, 1609.0, 1602.0, 1592.0, 1592.0, 1595.0, 1595.0, 1575.0, 1595.0, 1585.0, 1585.0, 1583.0, 1582.0, 1571.0, 1593.0, 1596.0, 1566.0, 1572.0, 1572.0, 1572.0, 1569.0, 1571.0, 1579.0, 1568.0, 1570.0, 1576.0, 1573.0, 1574.0, 1574.0, 1565.0, 1552.0, 1560.0, 1545.0, 1544.0, 1539.0, 1539.0, 1533.0, 1524.0, 1525.0, 1526.0, 1532.0, 1522.0, 1527.0, 1520.0, 1525.0, 1516.0, 1514.0, 1510.0, 1510.0, 1518.0, 1518.0, 1518.0, 1516.0, 1516.0, 1524.0, 1514.0, 1515.0, 1528.0, 1528.0, 1527.0, 1514.0, 1514.0, 1514.0, 1521.0, 1519.0, 1517.0, 1507.0, 1507.0, 1508.0, 1515.0, 1515.0, 1472.0, 1471.0, 1471.0, 1478.0, 1478.0, 1483.0, 1489.0, 1492.0, 1501.0, 1492.0, 1501.0, 1474.0, 1477.0, 1467.0, 1459.0, 1452.0, 1459.0, 1460.0, 1448.0, 1436.0, 1450.0, 1436.0, 1429.0, 1429.0, 1410.0, 1409.0, 1407.0, 1400.0, 1398.0, 1397.0, 1396.0, 1394.0, 1379.0, 1373.0, 1361.0, 1377.0, 1381.0, 1370.0, 1360.0, 1362.0, 1345.0, 1345.0, 1345.0, 1315.0, 1319.0, 1312.0, 1328.0, 1326.0, 1327.0, 1327.0, 1300.0, 1314.0, 1315.0, 1284.0, 1276.0, 1280.0, 1282.0, 1281.0, 1281.0, 1272.0, 1270.0, 1270.0, 1272.0, 1267.0, 1256.0, 1256.0, 1259.0, 1257.0, 1257.0, 1252.0, 1252.0, 1247.0, 1247.0, 1256.0, 1254.0, 1236.0, 1224.0, 1227.0, 1213.0, 1209.0, 1208.0, 1212.0, 1203.0, 1203.0, 1179.0, 1185.0, 1191.0, 1185.0, 1206.0, 1189.0, 1193.0, 1173.0, 1149.0, 1156.0, 1156.0, 1150.0, 1151.0, 1143.0, 1152.0, 1140.0, 1135.0, 1134.0, 1136.0, 1136.0, 1153.0, 1144.0, 1118.0, 1134.0, 1134.0, 1130.0, 1132.0, 1137.0, 1147.0, 1132.0, 1124.0, 1117.0, 1115.0, 1130.0, 1136.0, 1124.0, 1124.0, 1131.0, 1136.0, 1122.0, 1125.0, 1133.0, 1143.0, 1148.0, 1141.0, 1117.0, 1117.0, 1106.0, 1119.0, 1109.0, 1116.0, 1117.0, 1124.0, 1134.0, 1141.0, 1134.0, 1128.0, 1131.0, 1122.0, 1115.0, 1125.0, 1126.0, 1126.0, 1131.0, 1129.0, 1131.0, 1138.0, 1152.0, 1155.0, 1160.0, 1147.0, 1164.0, 1164.0, 1161.0, 1164.0, 1164.0, 1177.0, 1176.0, 1179.0, 1172.0, 1174.0, 1169.0, 1189.0, 1201.0, 1191.0, 1182.0, 1194.0, 1196.0, 1203.0, 1205.0, 1205.0, 1211.0, 1205.0, 1215.0, 1221.0, 1221.0, 1220.0, 1221.0, 1222.0, 1220.0, 1225.0, 1239.0, 1246.0, 1234.0, 1232.0, 1236.0, 1232.0, 1232.0, 1252.0, 1255.0, 1238.0, 1249.0, 1236.0, 1251.0, 1257.0, 1248.0, 1263.0, 1264.0, 1266.0, 1263.0, 1259.0, 1251.0, 1259.0, 1248.0, 1252.0, 1253.0, 1253.0, 1253.0, 1265.0, 1265.0, 1258.0, 1263.0, 1272.0, 1276.0, 1267.0, 1300.0, 1270.0, 1268.0, 1289.0, 1288.0, 1288.0, 1289.0, 1289.0, 1303.0, 1291.0, 1281.0, 1296.0, 1286.0, 1291.0, 1297.0, 1291.0, 1288.0, 1298.0, 1292.0, 1303.0, 1309.0, 1309.0, 1284.0, 1279.0, 1277.0, 1277.0, 1282.0, 1266.0, 1297.0, 1289.0, 1291.0, 1287.0, 1283.0, 1276.0, 1275.0, 1279.0, 1298.0, 1297.0, 1278.0, 1254.0, 1251.0, 1251.0, 1240.0, 1231.0, 1240.0, 1242.0, 1231.0, 1238.0, 1226.0, 1210.0, 1193.0, 1197.0, 1178.0, 1172.0, 1154.0, 1138.0, 1175.0, 1145.0, 1145.0, 1112.0, 1132.0, 1123.0, 1131.0, 1121.0, 1126.0, 1139.0, 1130.0, 1122.0, 1123.0, 1144.0, 1113.0, 1114.0, 1112.0, 1109.0, 1111.0, 1087.0, 1095.0, 1110.0, 1112.0, 1158.0, 1170.0, 1276.0, 1463.0, 1494.0, 1391.0, 1103.0, 1105.0, 1117.0, 1104.0, 1092.0, 1092.0, 1099.0, 1092.0, 1103.0, 1104.0, 1102.0, 1117.0, 1109.0, 1098.0, 1098.0, 1103.0, 1084.0, 1093.0, 1093.0, 1083.0, 1111.0, 1100.0, 1106.0, 1093.0, 1095.0, 1095.0, 1094.0, 1099.0, 1104.0, 1106.0, 1108.0, 1104.0, 1104.0, 1108.0, 1108.0, 1092.0, 1106.0, 1105.0, 1101.0, 1101.0, 1107.0, 1104.0, 1114.0, 1116.0, 1113.0, 1120.0, 1099.0, 1117.0, 1117.0, 1107.0, 1099.0, 1097.0, 1102.0, 1103.0, 1108.0, 1097.0, 1116.0, 1108.0, 1110.0, 1089.0, 1104.0, 1120.0, 1108.0, 1123.0, 1098.0, 1104.0, 1104.0, 1105.0, 1095.0, 1106.0, 1106.0, 1109.0, 1108.0, 1108.0, 1103.0, 1116.0, 1106.0, 1107.0, 1110.0, 1108.0, 1109.0, 1119.0, 1108.0, 1116.0, 1115.0, 1118.0, 1118.0, 1120.0, 1110.0, 1121.0, 1109.0, 1127.0, 1123.0, 1099.0, 1127.0, 1116.0, 1117.0, 1131.0, 1119.0, 1119.0, 1126.0, 1104.0, 1108.0, 1104.0, 1098.0, 1103.0, 1116.0, 1124.0, 1128.0, 1117.0, 1121.0, 1113.0, 1123.0, 1120.0, 1124.0, 1125.0, 1118.0, 1096.0, 1104.0, 1114.0, 1123.0, 1142.0, 1121.0, 1121.0, 1113.0, 1124.0, 1121.0, 1118.0, 1121.0, 1123.0, 1111.0, 1102.0, 1117.0, 1119.0, 1118.0, 1118.0, 1111.0, 1092.0, 1105.0, 1102.0, 1107.0, 1115.0, 1117.0, 1121.0, 1105.0, 1111.0, 1114.0, 1100.0, 1115.0, 1106.0, 1103.0, 1099.0, 1077.0, 1090.0, 1094.0, 1104.0, 1101.0, 1100.0, 1097.0, 1109.0, 1102.0, 1086.0, 1106.0, 1114.0, 1101.0, 1112.0, 1110.0, 1101.0, 1100.0, 1089.0, 1095.0, 1103.0, 1094.0, 1098.0, 1095.0, 1098.0, 1103.0, 1102.0, 1112.0, 1110.0, 1102.0, 1107.0, 1102.0, 1117.0, 1114.0, 1108.0, 1109.0, 1094.0, 1115.0, 1107.0, 1121.0, 1144.0, 1112.0, 1099.0, 1096.0, 1100.0, 1130.0, 1119.0, 1120.0, 1131.0, 1137.0, 1136.0, 1151.0, 1156.0, 1154.0, 1156.0, 1152.0, 1152.0, 1159.0, 1180.0, 1181.0, 1177.0, 1200.0, 1209.0, 1214.0, 1226.0, 1209.0, 1248.0, 1247.0, 1268.0, 1275.0, 1271.0, 1269.0, 1272.0, 1284.0, 1288.0, 1293.0, 1294.0, 1302.0, 1310.0, 1311.0, 1332.0, 1333.0, 1326.0, 1358.0, 1348.0, 1326.0, 1346.0, 1337.0, 1348.0, 1345.0, 1345.0, 1350.0, 1363.0, 1380.0, 1368.0, 1395.0, 1384.0, 1392.0, 1387.0, 1385.0, 1404.0, 1392.0, 1391.0, 1387.0, 1412.0, 1418.0, 1425.0, 1425.0, 1422.0, 1435.0, 1444.0, 1432.0, 1440.0, 1441.0, 1446.0, 1451.0, 1463.0, 1465.0, 1469.0, 1464.0, 1483.0, 1497.0, 1495.0, 1509.0, 1516.0, 1514.0, 1507.0, 1504.0, 1504.0, 1509.0, 1536.0, 1531.0, 1512.0, 1513.0, 1534.0, 1534.0, 1535.0, 1536.0, 1529.0, 1536.0, 1539.0, 1539.0, 1543.0, 1539.0, 1543.0, 1538.0, 1549.0, 1549.0, 1566.0, 1560.0, 1579.0, 1546.0, 1568.0, 1585.0, 1569.0, 1573.0, 1577.0, 1582.0, 1585.0, 1598.0, 1609.0, 1609.0, 1620.0, 1615.0, 1601.0, 1597.0, 1593.0, 1619.0, 1619.0, 1615.0, 1605.0, 1607.0, 1617.0, 1610.0, 1626.0, 1626.0, 1611.0, 1611.0, 1614.0, 1602.0, 1623.0, 1593.0, 1613.0, 1613.0, 1608.0, 1598.0, 1609.0, 1610.0, 1609.0, 1608.0, 1602.0, 1613.0, 1609.0, 1609.0, 1610.0, 1591.0, 1593.0, 1599.0, 1600.0, 1605.0, 1605.0, 1582.0, 1586.0, 1589.0, 1583.0, 1586.0, 1582.0, 1582.0, 1577.0, 1591.0, 1592.0, 1592.0, 1579.0, 1569.0, 1575.0, 1569.0, 1574.0, 1575.0, 1569.0, 1574.0, 1560.0, 1585.0, 1561.0, 1557.0, 1554.0, 1568.0, 1582.0, 1555.0, 1583.0, 1574.0, 1593.0, 1578.0, 1578.0, 1591.0, 1591.0, 1583.0, 1570.0, 1548.0, 1593.0, 1548.0, 1567.0, 1563.0, 1552.0, 1561.0, 1571.0, 1571.0, 1557.0, 1552.0, 1560.0, 1559.0, 1555.0, 1555.0, 1535.0, 1535.0, 1537.0, 1538.0, 1538.0, 1532.0, 1521.0, 1507.0, 1515.0, 1515.0, 1507.0, 1504.0, 1471.0, 1471.0, 1474.0, 1469.0, 1473.0, 1459.0, 1460.0, 1462.0, 1461.0, 1447.0, 1456.0, 1454.0, 1452.0, 1424.0, 1424.0, 1457.0, 1441.0, 1424.0, 1421.0, 1415.0, 1414.0, 1431.0, 1414.0, 1410.0, 1408.0, 1399.0, 1410.0, 1390.0, 1387.0, 1389.0, 1392.0, 1383.0, 1386.0, 1388.0, 1386.0, 1389.0, 1392.0, 1375.0, 1378.0, 1380.0, 1364.0, 1352.0, 1357.0, 1347.0, 1343.0, 1343.0, 1343.0, 1350.0, 1346.0, 1337.0, 1333.0, 1337.0, 1334.0, 1335.0, 1343.0, 1327.0, 1327.0, 1334.0, 1332.0, 1339.0, 1320.0, 1312.0, 1323.0, 1318.0, 1318.0, 1317.0, 1314.0, 1320.0, 1317.0, 1317.0, 1293.0, 1308.0, 1287.0, 1295.0, 1282.0, 1297.0, 1292.0, 1287.0, 1278.0, 1269.0, 1281.0, 1260.0, 1256.0, 1261.0, 1271.0, 1277.0, 1260.0, 1289.0, 1271.0, 1294.0, 1274.0, 1260.0, 1242.0, 1258.0, 1260.0, 1255.0, 1231.0, 1244.0, 1255.0, 1263.0, 1258.0, 1253.0, 1253.0, 1235.0, 1221.0, 1249.0, 1256.0, 1266.0, 1262.0, 1270.0, 1250.0, 1233.0, 1234.0, 1230.0, 1230.0, 1258.0, 1265.0, 1236.0, 1254.0, 1262.0, 1274.0, 1274.0, 1264.0, 1290.0, 1277.0, 1263.0, 1263.0, 1268.0, 1276.0, 1268.0, 1259.0, 1256.0, 1261.0, 1275.0, 1265.0, 1271.0, 1257.0, 1278.0, 1278.0, 1286.0, 1289.0, 1289.0, 1262.0, 1300.0, 1288.0, 1300.0, 1280.0, 1292.0, 1279.0, 1279.0, 1294.0, 1305.0, 1305.0, 1293.0, 1286.0, 1292.0, 1301.0, 1298.0, 1329.0, 1308.0, 1303.0, 1305.0, 1299.0, 1308.0, 1294.0, 1282.0, 1313.0, 1305.0, 1303.0, 1299.0, 1307.0, 1328.0, 1365.0, 1354.0, 1348.0, 1338.0, 1314.0, 1320.0, 1323.0, 1309.0, 1311.0, 1305.0, 1322.0, 1322.0, 1343.0, 1352.0, 1349.0, 1339.0, 1318.0, 1338.0, 1338.0, 1338.0, 1346.0, 1335.0, 1334.0, 1343.0, 1350.0, 1357.0, 1375.0, 1344.0, 1391.0, 1341.0, 1347.0, 1359.0, 1356.0, 1364.0, 1362.0, 1358.0, 1359.0, 1379.0, 1380.0, 1367.0, 1340.0, 1344.0, 1341.0, 1346.0, 1353.0, 1353.0, 1344.0, 1341.0, 1330.0, 1329.0, 1318.0, 1317.0, 1316.0, 1311.0, 1320.0, 1324.0, 1326.0, 1319.0, 1305.0, 1294.0]