header: 
  seq: 1571
  stamp: 
    secs: 1548820796
    nsecs: 439288111
  frame_id: "base_link"
angle_min: -2.35619449615
angle_max: 2.35619449615
angle_increment: 0.00436332309619
time_increment: 1.73611151695e-05
scan_time: 0.0250000003725
range_min: 0.019999999553
range_max: 30.0
ranges: [0.38199999928474426, 0.3700000047683716, 0.3840000033378601, 0.38600000739097595, 0.3919999897480011, 0.3970000147819519, 0.3970000147819519, 0.3959999978542328, 0.39800000190734863, 0.3930000066757202, 0.3919999897480011, 0.38499999046325684, 0.382999986410141, 0.382999986410141, 0.37400001287460327, 0.3449999988079071, 0.33500000834465027, 0.33000001311302185, 0.2930000126361847, 0.30399999022483826, 0.3540000021457672, 0.3659999966621399, 0.36399999260902405, 0.37299999594688416, 0.37400001287460327, 0.3779999911785126, 0.3779999911785126, 0.3720000088214874, 0.3709999918937683, 0.38199999928474426, 0.38499999046325684, 0.3889999985694885, 0.38199999928474426, 0.3790000081062317, 0.3880000114440918, 0.38499999046325684, 0.3799999952316284, 0.37599998712539673, 0.3889999985694885, 0.39800000190734863, 0.39800000190734863, 0.4020000100135803, 0.39500001072883606, 0.39100000262260437, 0.3930000066757202, 0.3919999897480011, 0.3919999897480011, 0.3889999985694885, 0.3889999985694885, 0.3889999985694885, 0.3880000114440918, 0.38999998569488525, 0.3919999897480011, 0.38999998569488525, 0.3880000114440918, 0.3889999985694885, 0.39100000262260437, 0.39100000262260437, 0.38499999046325684, 0.3840000033378601, 0.38600000739097595, 0.38999998569488525, 0.3919999897480011, 0.3919999897480011, 0.38999998569488525, 0.3919999897480011, 0.38499999046325684, 0.382999986410141, 0.38999998569488525, 0.3919999897480011, 0.3880000114440918, 0.3880000114440918, 0.3930000066757202, 0.3919999897480011, 0.39500001072883606, 0.3959999978542328, 0.39899998903274536, 0.39800000190734863, 0.3959999978542328, 0.3930000066757202, 0.38999998569488525, 0.3930000066757202, 0.39500001072883606, 0.39899998903274536, 0.4050000011920929, 0.40299999713897705, 0.4000000059604645, 0.3970000147819519, 0.39500001072883606, 0.39500001072883606, 0.39100000262260437, 0.3919999897480011, 0.3959999978542328, 0.4000000059604645, 0.39500001072883606, 0.3970000147819519, 0.3930000066757202, 0.39100000262260437, 0.3880000114440918, 0.3919999897480011, 0.39100000262260437, 0.39100000262260437, 0.39100000262260437, 0.39399999380111694, 0.39500001072883606, 0.4009999930858612, 0.4020000100135803, 0.39899998903274536, 0.3959999978542328, 0.39800000190734863, 0.4020000100135803, 0.4020000100135803, 0.4020000100135803, 0.40299999713897705, 0.4050000011920929, 0.40700000524520874, 0.40700000524520874, 0.40299999713897705, 0.4000000059604645, 0.4000000059604645, 0.40299999713897705, 0.4090000092983246, 0.4090000092983246, 0.4090000092983246, 0.40799999237060547, 0.4059999883174896, 0.40700000524520874, 0.40700000524520874, 0.40799999237060547, 0.40799999237060547, 0.4090000092983246, 0.40700000524520874, 0.4059999883174896, 0.40700000524520874, 0.41499999165534973, 0.414000004529953, 0.41499999165534973, 0.4129999876022339, 0.4180000126361847, 0.41600000858306885, 0.41600000858306885, 0.41499999165534973, 0.414000004529953, 0.414000004529953, 0.4129999876022339, 0.4129999876022339, 0.41600000858306885, 0.4180000126361847, 0.4189999997615814, 0.4230000078678131, 0.42500001192092896, 0.42500001192092896, 0.4259999990463257, 0.42500001192092896, 0.42800000309944153, 0.42800000309944153, 0.43799999356269836, 0.4399999976158142, 0.4350000023841858, 0.43700000643730164, 0.4350000023841858, 0.4350000023841858, 0.4300000071525574, 0.4320000112056732, 0.4350000023841858, 0.4390000104904175, 0.4390000104904175, 0.4359999895095825, 0.4339999854564667, 0.4309999942779541, 0.43700000643730164, 0.43700000643730164, 0.44600000977516174, 0.4350000023841858, 0.4320000112056732, 0.43299999833106995, 0.43700000643730164, 0.4410000145435333, 0.4410000145435333, 0.4410000145435333, 0.4429999887943268, 0.4429999887943268, 0.45399999618530273, 0.45399999618530273, 0.4359999895095825, 0.44600000977516174, 0.44600000977516174, 0.44600000977516174, 0.44600000977516174, 0.4480000138282776, 0.4480000138282776, 0.4480000138282776, 0.45100000500679016, 0.45100000500679016, 0.44600000977516174, 0.46000000834465027, 0.46399998664855957, 0.460999995470047, 0.45899999141693115, 0.4569999873638153, 0.45899999141693115, 0.460999995470047, 0.46700000762939453, 0.47099998593330383, 0.46700000762939453, 0.47200000286102295, 0.4790000021457672, 0.48100000619888306, 0.47999998927116394, 0.48100000619888306, 0.47999998927116394, 0.47699999809265137, 0.4869999885559082, 0.48899999260902405, 0.4880000054836273, 0.4970000088214874, 0.49399998784065247, 0.49399998784065247, 0.503000020980835, 0.5049999952316284, 0.5090000033378601, 0.5109999775886536, 0.5090000033378601, 0.503000020980835, 0.5049999952316284, 0.5170000195503235, 0.5199999809265137, 0.5170000195503235, 0.5199999809265137, 0.5199999809265137, 0.527999997138977, 0.5299999713897705, 0.5299999713897705, 0.5260000228881836, 0.5220000147819519, 0.5289999842643738, 0.5320000052452087, 0.5370000004768372, 0.5370000004768372, 0.5370000004768372, 0.5379999876022339, 0.5429999828338623, 0.550000011920929, 0.5550000071525574, 0.5569999814033508, 0.5569999814033508, 0.5590000152587891, 0.5600000023841858, 0.5619999766349792, 0.5669999718666077, 0.5770000219345093, 0.5789999961853027, 0.5799999833106995, 0.5809999704360962, 0.5860000252723694, 0.5950000286102295, 0.5960000157356262, 0.6029999852180481, 0.6029999852180481, 0.6010000109672546, 0.6060000061988831, 0.6150000095367432, 0.6159999966621399, 0.6159999966621399, 0.6190000176429749, 0.6259999871253967, 0.6269999742507935, 0.6359999775886536, 0.6380000114440918, 0.6380000114440918, 0.6359999775886536, 0.6340000033378601, 0.6539999842643738, 0.6539999842643738, 0.6589999794960022, 0.6639999747276306, 0.6690000295639038, 0.6729999780654907, 0.6729999780654907, 0.6779999732971191, 0.6779999732971191, 0.6830000281333923, 0.6850000023841858, 0.6970000267028809, 0.703000009059906, 0.7070000171661377, 0.7170000076293945, 0.718999981880188, 0.7200000286102295, 0.7210000157356262, 0.7269999980926514, 0.7289999723434448, 0.7480000257492065, 0.75, 0.7519999742507935, 0.7559999823570251, 0.7599999904632568, 0.7749999761581421, 0.7749999761581421, 0.7839999794960022, 0.7870000004768372, 0.7960000038146973, 0.8159999847412109, 0.8159999847412109, 0.8100000023841858, 0.8100000023841858, 0.8209999799728394, 0.8320000171661377, 0.8320000171661377, 0.8429999947547913, 0.8539999723434448, 0.8619999885559082, 0.871999979019165, 0.871999979019165, 0.875, 0.8859999775886536, 0.8949999809265137, 0.9110000133514404, 0.9179999828338623, 0.9259999990463257, 0.9350000023841858, 0.9409999847412109, 0.9409999847412109, 0.9559999704360962, 0.9660000205039978, 0.9829999804496765, 0.9980000257492065, 1.0069999694824219, 1.0049999952316284, 1.0169999599456787, 1.034999966621399, 1.0410000085830688, 1.0579999685287476, 1.0779999494552612, 1.0870000123977661, 1.0959999561309814, 1.1150000095367432, 1.1299999952316284, 1.1449999809265137, 1.1540000438690186, 1.1690000295639038, 1.1770000457763672, 1.1970000267028809, 1.215000033378601, 1.2309999465942383, 1.2549999952316284, 1.2710000276565552, 1.281999945640564, 1.3070000410079956, 1.3250000476837158, 1.3339999914169312, 1.3589999675750732, 1.3799999952316284, 1.4160000085830688, 1.4290000200271606, 1.5160000324249268, 1.5679999589920044, 2.509000062942505, 2.5329999923706055, 2.5299999713897705, 2.5269999504089355, 2.5230000019073486, 2.5309998989105225, 2.5309998989105225, 2.5320000648498535, 2.5280001163482666, 2.5280001163482666, 2.5290000438690186, 2.5290000438690186, 2.5299999713897705, 2.5299999713897705, 2.5220000743865967, 2.5260000228881836, 2.5299999713897705, 2.5269999504089355, 2.5239999294281006, 2.5260000228881836, 2.5239999294281006, 2.5239999294281006, 2.5209999084472656, 2.5179998874664307, 2.5160000324249268, 2.5139999389648438, 2.51200008392334, 2.51200008392334, 2.496000051498413, 2.497999906539917, 2.500999927520752, 2.500999927520752, 2.5, 2.486999988555908, 2.497999906539917, 2.497999906539917, 2.489000082015991, 2.4839999675750732, 2.4800000190734863, 2.4730000495910645, 2.4719998836517334, 2.4690001010894775, 2.4730000495910645, 2.4719998836517334, 2.4690001010894775, 2.4630000591278076, 2.4579999446868896, 2.4489998817443848, 2.444999933242798, 2.438999891281128, 2.434999942779541, 2.4260001182556152, 2.4260001182556152, 2.4240000247955322, 2.421999931335449, 2.4170000553131104, 2.4140000343322754, 2.4010000228881836, 2.4030001163482666, 2.4010000228881836, 2.3959999084472656, 2.388000011444092, 2.38100004196167, 2.374000072479248, 2.375, 2.361999988555908, 2.3589999675750732, 2.3519999980926514, 2.3480000495910645, 2.3420000076293945, 2.3359999656677246, 2.3289999961853027, 2.321000099182129, 2.315999984741211, 2.308000087738037, 2.2950000762939453, 2.2920000553131104, 2.2860000133514404, 2.2799999713897705, 2.2769999504089355, 2.260999917984009, 2.250999927520752, 2.25, 2.239000082015991, 2.2320001125335693, 2.2279999256134033, 2.2219998836517334, 2.2079999446868896, 2.203000068664551, 2.186000108718872, 2.171999931335449, 2.1670000553131104, 2.1549999713897705, 2.1530001163482666, 2.1449999809265137, 2.1429998874664307, 2.124000072479248, 2.114000082015991, 2.0989999771118164, 2.0980000495910645, 2.0980000495910645, 2.0950000286102295, 2.0769999027252197, 2.061000108718872, 2.0450000762939453, 2.0390000343322754, 2.0299999713897705, 2.0169999599456787, 2.006999969482422, 1.996999979019165, 1.9850000143051147, 1.965999960899353, 1.9520000219345093, 1.9490000009536743, 1.9290000200271606, 1.9190000295639038, 1.899999976158142, 1.8890000581741333, 1.8739999532699585, 1.8609999418258667, 1.8489999771118164, 1.8309999704360962, 1.812000036239624, 1.8029999732971191, 1.7799999713897705, 1.7640000581741333, 1.7330000400543213, 1.7139999866485596, 1.690000057220459, 1.6699999570846558, 1.656000018119812, 1.6460000276565552, 1.61899995803833, 1.600000023841858, 1.5579999685287476, 1.5460000038146973, 1.534000039100647, 1.5160000324249268, 1.503999948501587, 1.4839999675750732, 1.4730000495910645, 1.4500000476837158, 1.430999994277954, 1.4170000553131104, 1.3980000019073486, 1.3899999856948853, 1.3609999418258667, 1.3550000190734863, 1.3329999446868896, 1.3240000009536743, 1.3200000524520874, 1.3029999732971191, 1.2879999876022339, 1.2660000324249268, 1.2569999694824219, 1.25, 1.2269999980926514, 1.215999960899353, 1.2120000123977661, 1.2050000429153442, 1.187999963760376, 1.1759999990463257, 1.1670000553131104, 1.1540000438690186, 1.1430000066757202, 1.1319999694824219, 1.11899995803833, 1.1130000352859497, 1.1050000190734863, 1.0950000286102295, 1.0839999914169312, 1.0729999542236328, 1.0720000267028809, 1.0579999685287476, 1.0490000247955322, 1.0360000133514404, 1.0269999504089355, 1.0240000486373901, 1.0119999647140503, 1.0019999742507935, 1.0010000467300415, 0.9819999933242798, 0.9750000238418579, 0.9789999723434448, 0.968999981880188, 0.9559999704360962, 0.9580000042915344, 0.9470000267028809, 0.9399999976158142, 0.9369999766349792, 0.9359999895095825, 0.9350000023841858, 0.925000011920929, 0.9150000214576721, 0.9120000004768372, 0.9039999842643738, 0.9020000100135803, 0.8980000019073486, 0.8859999775886536, 0.8840000033378601, 0.8840000033378601, 0.8759999871253967, 0.8730000257492065, 0.8679999709129333, 0.8579999804496765, 0.8510000109672546, 0.8500000238418579, 0.843999981880188, 0.8410000205039978, 0.8360000252723694, 0.8339999914169312, 0.8259999752044678, 0.8230000138282776, 0.8169999718666077, 0.8109999895095825, 0.8109999895095825, 0.8059999942779541, 0.8040000200271606, 0.8029999732971191, 0.800000011920929, 0.7940000295639038, 0.7910000085830688, 0.7889999747276306, 0.7850000262260437, 0.7770000100135803, 0.7720000147819519, 0.7699999809265137, 0.765999972820282, 0.7649999856948853, 0.7540000081062317, 0.753000020980835, 0.7519999742507935, 0.7429999709129333, 0.7419999837875366, 0.7369999885559082, 0.7379999756813049, 0.7319999933242798, 0.7250000238418579, 0.718999981880188, 0.7210000157356262, 0.7179999947547913, 0.7160000205039978, 0.7160000205039978, 0.7089999914169312, 0.7059999704360962, 0.703000009059906, 0.7020000219345093, 0.6990000009536743, 0.6980000138282776, 0.6949999928474426, 0.6899999976158142, 0.6890000104904175, 0.6909999847412109, 0.6859999895095825, 0.6790000200271606, 0.6759999990463257, 0.6800000071525574, 0.6769999861717224, 0.6729999780654907, 0.6679999828338623, 0.6690000295639038, 0.6690000295639038, 0.6669999957084656, 0.656000018119812, 0.6549999713897705, 0.6570000052452087, 0.6579999923706055, 0.6539999842643738, 0.6489999890327454, 0.6499999761581421, 0.6499999761581421, 0.6489999890327454, 0.6489999890327454, 0.6460000276565552, 0.6439999938011169, 0.6430000066757202, 0.6399999856948853, 0.6380000114440918, 0.6320000290870667, 0.6299999952316284, 0.628000020980835, 0.6230000257492065, 0.625, 0.628000020980835, 0.6240000128746033, 0.6159999966621399, 0.6150000095367432, 0.6150000095367432, 0.6119999885559082, 0.609000027179718, 0.6119999885559082, 0.6150000095367432, 0.6150000095367432, 0.6060000061988831, 0.6039999723434448, 0.6039999723434448, 0.6029999852180481, 0.6000000238418579, 0.5950000286102295, 0.5910000205039978, 0.593999981880188, 0.5950000286102295, 0.5950000286102295, 0.5870000123977661, 0.5870000123977661, 0.5870000123977661, 0.5839999914169312, 0.5830000042915344, 0.5839999914169312, 0.5839999914169312, 0.5830000042915344, 0.578000009059906, 0.5759999752044678, 0.5789999961853027, 0.5759999752044678, 0.5730000138282776, 0.574999988079071, 0.5709999799728394, 0.5730000138282776, 0.5720000267028809, 0.5730000138282776, 0.5680000185966492, 0.5640000104904175, 0.5659999847412109, 0.5680000185966492, 0.5680000185966492, 0.5690000057220459, 0.5600000023841858, 0.5600000023841858, 0.5580000281333923, 0.5580000281333923, 0.5609999895095825, 0.5580000281333923, 0.5559999942779541, 0.5590000152587891, 0.5659999847412109, 0.5569999814033508, 0.5529999732971191, 0.5529999732971191, 0.5540000200271606, 0.5569999814033508, 0.5569999814033508, 0.5540000200271606, 0.5529999732971191, 0.5519999861717224, 0.5519999861717224, 0.550000011920929, 0.5440000295639038, 0.5440000295639038, 0.5429999828338623, 0.5410000085830688, 0.5379999876022339, 0.5370000004768372, 0.5360000133514404, 0.5389999747276306, 0.5440000295639038, 0.5429999828338623, 0.5400000214576721, 0.5389999747276306, 0.5379999876022339, 0.5379999876022339, 0.5350000262260437, 0.5350000262260437, 0.5320000052452087, 0.5320000052452087, 0.531000018119812, 0.5299999713897705, 0.531000018119812, 0.531000018119812, 0.531000018119812, 0.531000018119812, 0.5299999713897705, 0.5260000228881836, 0.5239999890327454, 0.5249999761581421, 0.531000018119812, 0.531000018119812, 0.531000018119812, 0.527999997138977, 0.527999997138977, 0.5249999761581421, 0.5220000147819519, 0.5230000019073486, 0.5239999890327454, 0.5270000100135803, 0.5249999761581421, 0.5270000100135803, 0.5249999761581421, 0.5249999761581421, 0.527999997138977, 0.5289999842643738, 0.531000018119812, 0.5270000100135803, 0.5270000100135803, 0.5270000100135803, 0.5249999761581421, 0.5220000147819519, 0.515999972820282, 0.5210000276565552, 0.5260000228881836, 0.5260000228881836, 0.5299999713897705, 0.527999997138977, 0.5270000100135803, 0.5239999890327454, 0.5239999890327454, 0.5249999761581421, 0.5230000019073486, 0.527999997138977, 0.5239999890327454, 0.5239999890327454, 0.5220000147819519, 0.5320000052452087, 0.5239999890327454, 0.5270000100135803, 0.5299999713897705, 0.5299999713897705, 0.5260000228881836, 0.5210000276565552, 0.5230000019073486, 0.5230000019073486, 0.5270000100135803, 0.5270000100135803, 0.5260000228881836, 0.527999997138977, 0.5260000228881836, 0.5260000228881836, 0.5260000228881836, 0.5270000100135803, 0.5249999761581421, 0.5249999761581421, 0.5260000228881836, 0.5230000019073486, 0.5199999809265137, 0.5199999809265137, 0.5249999761581421, 0.5230000019073486, 0.5220000147819519, 0.5260000228881836, 0.5260000228881836, 0.5239999890327454, 0.5260000228881836, 0.5239999890327454, 0.5239999890327454, 0.5230000019073486, 0.5230000019073486, 0.5230000019073486, 0.5230000019073486, 0.5299999713897705, 0.5299999713897705, 0.5299999713897705, 0.5220000147819519, 0.5230000019073486, 0.527999997138977, 0.531000018119812, 0.5329999923706055, 0.5329999923706055, 0.5299999713897705, 0.5270000100135803, 0.531000018119812, 0.5329999923706055, 0.5320000052452087, 0.527999997138977, 0.531000018119812, 0.5339999794960022, 0.5339999794960022, 0.5339999794960022, 0.5339999794960022, 0.5370000004768372, 0.5400000214576721, 0.5389999747276306, 0.5320000052452087, 0.5360000133514404, 0.5379999876022339, 0.5379999876022339, 0.5379999876022339, 0.5410000085830688, 0.5450000166893005, 0.546999990940094, 0.5440000295639038, 0.5450000166893005, 0.546999990940094, 0.5479999780654907, 0.546999990940094, 0.546999990940094, 0.546999990940094, 0.550000011920929, 0.5559999942779541, 0.5540000200271606, 0.550000011920929, 0.550000011920929, 0.5590000152587891, 0.5550000071525574, 0.5509999990463257, 0.546999990940094, 0.546999990940094, 0.550000011920929, 0.5509999990463257, 0.5540000200271606, 0.5540000200271606, 0.5540000200271606, 0.5540000200271606, 0.5669999718666077, 0.5649999976158142, 0.5559999942779541, 0.5600000023841858, 0.5690000057220459, 0.5669999718666077, 0.5680000185966492, 0.5669999718666077, 0.5669999718666077, 0.5669999718666077, 0.5669999718666077, 0.5720000267028809, 0.5789999961853027, 0.5799999833106995, 0.5720000267028809, 0.5720000267028809, 0.5730000138282776, 0.5730000138282776, 0.5730000138282776, 0.5789999961853027, 0.5789999961853027, 0.578000009059906, 0.5789999961853027, 0.5770000219345093, 0.574999988079071, 0.5839999914169312, 0.5839999914169312, 0.5809999704360962, 0.5899999737739563, 0.5899999737739563, 0.5839999914169312, 0.5849999785423279, 0.5839999914169312, 0.5830000042915344, 0.5809999704360962, 0.5809999704360962, 0.5889999866485596, 0.5950000286102295, 0.5910000205039978, 0.5870000123977661, 0.5860000252723694, 0.5950000286102295, 0.5950000286102295, 0.5979999899864197, 0.6029999852180481, 0.6029999852180481, 0.6039999723434448, 0.6000000238418579, 0.6000000238418579, 0.6010000109672546, 0.6010000109672546, 0.6039999723434448, 0.6100000143051147, 0.6129999756813049, 0.6140000224113464, 0.6140000224113464, 0.6100000143051147, 0.6069999933242798, 0.6190000176429749, 0.6200000047683716, 0.6190000176429749, 0.6190000176429749, 0.6169999837875366, 0.6169999837875366, 0.6159999966621399, 0.6150000095367432, 0.6230000257492065, 0.6230000257492065, 0.621999979019165, 0.6209999918937683, 0.6290000081062317, 0.6290000081062317, 0.6259999871253967, 0.6269999742507935, 0.628000020980835, 0.6349999904632568, 0.6389999985694885, 0.6399999856948853, 0.6370000243186951, 0.6389999985694885, 0.6309999823570251, 0.6330000162124634, 0.6330000162124634, 0.6389999985694885, 0.6439999938011169, 0.6430000066757202, 0.6430000066757202, 0.6420000195503235, 0.6399999856948853, 0.6449999809265137, 0.6420000195503235, 0.6460000276565552, 0.6499999761581421, 0.6499999761581421, 0.6510000228881836, 0.6520000100135803, 0.6549999713897705, 0.6570000052452087, 0.6600000262260437, 0.6549999713897705, 0.6579999923706055, 0.6620000004768372, 0.6629999876022339, 0.6629999876022339, 0.6669999957084656, 0.6669999957084656, 0.6690000295639038, 0.6740000247955322, 0.6800000071525574, 0.6809999942779541, 0.6809999942779541, 0.6790000200271606, 0.6790000200271606, 0.6869999766349792, 0.6869999766349792, 0.6830000281333923, 0.6909999847412109, 0.6899999976158142, 0.6869999766349792, 0.6859999895095825, 0.6899999976158142, 0.6940000057220459, 0.6949999928474426, 0.6959999799728394, 0.7020000219345093, 0.7009999752044678, 0.7009999752044678, 0.7039999961853027, 0.703000009059906, 0.703000009059906, 0.7059999704360962, 0.7089999914169312, 0.7120000123977661, 0.7149999737739563, 0.7089999914169312, 0.7139999866485596, 0.7229999899864197, 0.7250000238418579, 0.7260000109672546, 0.7279999852180481, 0.7210000157356262, 0.7200000286102295, 0.7239999771118164, 0.7279999852180481, 0.7310000061988831, 0.734000027179718, 0.7390000224113464, 0.7379999756813049, 0.7419999837875366, 0.7419999837875366, 0.7400000095367432, 0.7400000095367432, 0.7390000224113464, 0.7390000224113464, 0.7369999885559082, 0.7400000095367432, 0.7419999837875366, 0.7419999837875366, 0.7419999837875366, 0.7419999837875366, 0.7429999709129333, 0.7450000047683716, 0.746999979019165, 0.7459999918937683, 0.7490000128746033, 0.753000020980835, 0.7559999823570251, 0.7559999823570251, 0.75, 0.7540000081062317, 0.7540000081062317, 0.7519999742507935, 0.7519999742507935, 0.7519999742507935, 0.7519999742507935, 0.7590000033378601, 0.7630000114440918, 0.7670000195503235, 0.7670000195503235, 0.7680000066757202, 0.765999972820282, 0.7639999985694885, 0.7710000276565552, 0.7710000276565552, 0.7760000228881836, 0.777999997138977, 0.777999997138977, 0.7789999842643738, 0.7770000100135803, 0.7770000100135803, 0.7839999794960022, 0.7739999890327454, 0.7710000276565552, 0.7720000147819519, 0.7710000276565552, 0.7739999890327454, 0.7710000276565552, 0.765999972820282, 0.7549999952316284, 0.7630000114440918, 0.7799999713897705, 0.777999997138977, 0.7710000276565552, 0.7799999713897705, 0.7889999747276306, 0.7910000085830688, 0.8040000200271606, 0.8019999861717224, 0.8050000071525574, 0.8019999861717224, 0.8169999718666077, 0.8259999752044678, 0.8299999833106995, 0.8130000233650208, 0.8130000233650208, 0.8220000267028809, 0.824999988079071, 0.828000009059906, 0.8349999785423279, 0.8410000205039978, 0.8450000286102295, 0.843999981880188]
intensities: [1145.0, 1162.0, 1332.0, 1395.0, 1455.0, 1561.0, 1561.0, 1606.0, 1721.0, 1716.0, 1712.0, 1705.0, 1689.0, 1689.0, 1402.0, 1138.0, 1090.0, 1016.0, 877.0, 899.0, 995.0, 1004.0, 1016.0, 1022.0, 1036.0, 1048.0, 1054.0, 1103.0, 1145.0, 1327.0, 1378.0, 1576.0, 1722.0, 1710.0, 1792.0, 1813.0, 1827.0, 1826.0, 1820.0, 1837.0, 1856.0, 1880.0, 1858.0, 1875.0, 1867.0, 1889.0, 1889.0, 1882.0, 1859.0, 1856.0, 1849.0, 1845.0, 1841.0, 1814.0, 1795.0, 1798.0, 1811.0, 1811.0, 1809.0, 1800.0, 1801.0, 1815.0, 1798.0, 1798.0, 1777.0, 1778.0, 1781.0, 1779.0, 1781.0, 1779.0, 1777.0, 1777.0, 1766.0, 1766.0, 1770.0, 1760.0, 1751.0, 1745.0, 1739.0, 1718.0, 1728.0, 1717.0, 1715.0, 1714.0, 1716.0, 1723.0, 1709.0, 1682.0, 1672.0, 1672.0, 1663.0, 1674.0, 1642.0, 1615.0, 1613.0, 1608.0, 1609.0, 1598.0, 1600.0, 1605.0, 1597.0, 1597.0, 1595.0, 1593.0, 1590.0, 1559.0, 1564.0, 1553.0, 1552.0, 1545.0, 1522.0, 1517.0, 1518.0, 1519.0, 1519.0, 1516.0, 1516.0, 1514.0, 1498.0, 1498.0, 1490.0, 1495.0, 1495.0, 1467.0, 1459.0, 1479.0, 1454.0, 1422.0, 1414.0, 1414.0, 1445.0, 1419.0, 1416.0, 1417.0, 1414.0, 1400.0, 1394.0, 1386.0, 1407.0, 1393.0, 1393.0, 1374.0, 1361.0, 1359.0, 1341.0, 1341.0, 1324.0, 1337.0, 1316.0, 1299.0, 1293.0, 1293.0, 1285.0, 1302.0, 1289.0, 1289.0, 1266.0, 1285.0, 1264.0, 1259.0, 1236.0, 1236.0, 1236.0, 1235.0, 1249.0, 1232.0, 1231.0, 1223.0, 1233.0, 1208.0, 1214.0, 1214.0, 1223.0, 1196.0, 1187.0, 1182.0, 1191.0, 1161.0, 1161.0, 1162.0, 1165.0, 1148.0, 1160.0, 1162.0, 1145.0, 1148.0, 1148.0, 1135.0, 1123.0, 1123.0, 1129.0, 1123.0, 1125.0, 1125.0, 1106.0, 1131.0, 1141.0, 1138.0, 1135.0, 1122.0, 1132.0, 1132.0, 1125.0, 1140.0, 1125.0, 1141.0, 1148.0, 1141.0, 1143.0, 1159.0, 1152.0, 1132.0, 1143.0, 1121.0, 1119.0, 1139.0, 1129.0, 1129.0, 1139.0, 1121.0, 1126.0, 1116.0, 1124.0, 1117.0, 1114.0, 1128.0, 1109.0, 1111.0, 1110.0, 1110.0, 1115.0, 1109.0, 1109.0, 1094.0, 1089.0, 1102.0, 1110.0, 1108.0, 1108.0, 1101.0, 1092.0, 1094.0, 1101.0, 1119.0, 1122.0, 1099.0, 1111.0, 1100.0, 1107.0, 1110.0, 1098.0, 1108.0, 1108.0, 1113.0, 1108.0, 1111.0, 1108.0, 1113.0, 1111.0, 1107.0, 1114.0, 1101.0, 1099.0, 1099.0, 1105.0, 1094.0, 1099.0, 1115.0, 1109.0, 1109.0, 1112.0, 1104.0, 1098.0, 1098.0, 1105.0, 1115.0, 1110.0, 1111.0, 1112.0, 1109.0, 1103.0, 1117.0, 1095.0, 1097.0, 1103.0, 1089.0, 1106.0, 1090.0, 1090.0, 1092.0, 1101.0, 1078.0, 1091.0, 1087.0, 1085.0, 1084.0, 1084.0, 1074.0, 1074.0, 1070.0, 1069.0, 1066.0, 1067.0, 1067.0, 1063.0, 1063.0, 1056.0, 1053.0, 1053.0, 1054.0, 1047.0, 1040.0, 1052.0, 1047.0, 1029.0, 1036.0, 1033.0, 1023.0, 1029.0, 1028.0, 1029.0, 1034.0, 1023.0, 1013.0, 1011.0, 1005.0, 1000.0, 1001.0, 995.0, 1005.0, 993.0, 989.0, 996.0, 1002.0, 985.0, 977.0, 998.0, 992.0, 983.0, 972.0, 980.0, 973.0, 954.0, 967.0, 960.0, 956.0, 955.0, 957.0, 966.0, 968.0, 950.0, 948.0, 945.0, 1012.0, 1060.0, 1388.0, 1443.0, 999.0, 992.0, 988.0, 985.0, 984.0, 988.0, 988.0, 996.0, 995.0, 995.0, 989.0, 989.0, 988.0, 989.0, 991.0, 1001.0, 1011.0, 999.0, 1002.0, 1010.0, 1004.0, 1005.0, 1007.0, 1009.0, 1004.0, 997.0, 1001.0, 1006.0, 1000.0, 1001.0, 1007.0, 1007.0, 1008.0, 1006.0, 1014.0, 1014.0, 1005.0, 1014.0, 1008.0, 1000.0, 1008.0, 1001.0, 999.0, 1005.0, 1012.0, 1012.0, 1003.0, 986.0, 993.0, 994.0, 997.0, 985.0, 985.0, 982.0, 980.0, 989.0, 986.0, 964.0, 975.0, 976.0, 976.0, 982.0, 983.0, 986.0, 995.0, 995.0, 985.0, 977.0, 985.0, 984.0, 988.0, 987.0, 988.0, 988.0, 984.0, 994.0, 995.0, 1004.0, 1008.0, 1020.0, 1012.0, 1007.0, 1021.0, 1019.0, 1014.0, 1005.0, 1004.0, 1003.0, 1023.0, 1010.0, 1015.0, 1023.0, 1010.0, 1023.0, 1015.0, 1019.0, 1013.0, 1017.0, 1021.0, 1019.0, 1022.0, 1024.0, 1029.0, 1033.0, 1023.0, 1022.0, 1028.0, 1020.0, 1018.0, 1030.0, 1030.0, 1035.0, 1021.0, 1029.0, 1020.0, 1024.0, 1025.0, 1008.0, 1012.0, 1013.0, 1021.0, 1011.0, 998.0, 1017.0, 1005.0, 1000.0, 985.0, 989.0, 996.0, 1031.0, 1057.0, 1056.0, 1009.0, 1016.0, 1016.0, 1032.0, 1049.0, 1064.0, 1064.0, 1057.0, 1061.0, 1069.0, 1070.0, 1076.0, 1080.0, 1077.0, 1095.0, 1105.0, 1100.0, 1106.0, 1116.0, 1114.0, 1109.0, 1119.0, 1126.0, 1113.0, 1096.0, 1118.0, 1112.0, 1113.0, 1102.0, 1100.0, 1109.0, 1116.0, 1109.0, 1109.0, 1105.0, 1127.0, 1146.0, 1126.0, 1146.0, 1130.0, 1125.0, 1145.0, 1145.0, 1129.0, 1118.0, 1130.0, 1125.0, 1121.0, 1148.0, 1151.0, 1142.0, 1166.0, 1172.0, 1163.0, 1183.0, 1182.0, 1188.0, 1204.0, 1201.0, 1224.0, 1232.0, 1230.0, 1249.0, 1247.0, 1239.0, 1259.0, 1262.0, 1272.0, 1286.0, 1270.0, 1285.0, 1288.0, 1305.0, 1298.0, 1306.0, 1311.0, 1319.0, 1323.0, 1324.0, 1352.0, 1339.0, 1356.0, 1371.0, 1371.0, 1370.0, 1376.0, 1383.0, 1372.0, 1407.0, 1419.0, 1415.0, 1438.0, 1447.0, 1450.0, 1464.0, 1459.0, 1458.0, 1472.0, 1472.0, 1477.0, 1496.0, 1501.0, 1494.0, 1492.0, 1497.0, 1509.0, 1512.0, 1517.0, 1512.0, 1504.0, 1504.0, 1524.0, 1528.0, 1521.0, 1535.0, 1545.0, 1559.0, 1541.0, 1553.0, 1554.0, 1567.0, 1568.0, 1586.0, 1580.0, 1586.0, 1588.0, 1575.0, 1573.0, 1576.0, 1576.0, 1572.0, 1579.0, 1590.0, 1591.0, 1612.0, 1613.0, 1617.0, 1598.0, 1607.0, 1618.0, 1621.0, 1611.0, 1615.0, 1634.0, 1624.0, 1632.0, 1631.0, 1625.0, 1659.0, 1652.0, 1660.0, 1644.0, 1653.0, 1667.0, 1656.0, 1678.0, 1672.0, 1679.0, 1677.0, 1680.0, 1681.0, 1682.0, 1684.0, 1688.0, 1689.0, 1691.0, 1699.0, 1708.0, 1708.0, 1705.0, 1702.0, 1711.0, 1716.0, 1706.0, 1722.0, 1733.0, 1710.0, 1710.0, 1732.0, 1730.0, 1734.0, 1726.0, 1737.0, 1740.0, 1749.0, 1730.0, 1754.0, 1762.0, 1765.0, 1765.0, 1769.0, 1765.0, 1762.0, 1762.0, 1776.0, 1760.0, 1760.0, 1783.0, 1794.0, 1777.0, 1777.0, 1778.0, 1794.0, 1801.0, 1790.0, 1779.0, 1785.0, 1783.0, 1786.0, 1803.0, 1793.0, 1790.0, 1821.0, 1821.0, 1816.0, 1828.0, 1840.0, 1811.0, 1809.0, 1818.0, 1803.0, 1806.0, 1822.0, 1818.0, 1816.0, 1824.0, 1815.0, 1804.0, 1827.0, 1839.0, 1839.0, 1829.0, 1818.0, 1804.0, 1809.0, 1795.0, 1795.0, 1793.0, 1792.0, 1782.0, 1808.0, 1800.0, 1809.0, 1792.0, 1794.0, 1796.0, 1816.0, 1816.0, 1802.0, 1780.0, 1791.0, 1795.0, 1787.0, 1782.0, 1789.0, 1776.0, 1779.0, 1788.0, 1788.0, 1784.0, 1777.0, 1770.0, 1770.0, 1762.0, 1790.0, 1809.0, 1792.0, 1769.0, 1769.0, 1762.0, 1747.0, 1740.0, 1734.0, 1738.0, 1764.0, 1751.0, 1739.0, 1734.0, 1734.0, 1733.0, 1751.0, 1730.0, 1721.0, 1724.0, 1724.0, 1721.0, 1722.0, 1715.0, 1710.0, 1720.0, 1720.0, 1694.0, 1709.0, 1717.0, 1711.0, 1711.0, 1697.0, 1675.0, 1711.0, 1701.0, 1703.0, 1702.0, 1702.0, 1685.0, 1676.0, 1668.0, 1688.0, 1688.0, 1660.0, 1671.0, 1660.0, 1644.0, 1651.0, 1636.0, 1646.0, 1624.0, 1648.0, 1646.0, 1641.0, 1635.0, 1625.0, 1637.0, 1626.0, 1612.0, 1622.0, 1613.0, 1597.0, 1617.0, 1604.0, 1594.0, 1597.0, 1596.0, 1589.0, 1597.0, 1601.0, 1596.0, 1584.0, 1595.0, 1581.0, 1560.0, 1559.0, 1551.0, 1541.0, 1532.0, 1539.0, 1525.0, 1505.0, 1536.0, 1528.0, 1521.0, 1529.0, 1502.0, 1500.0, 1500.0, 1501.0, 1476.0, 1477.0, 1493.0, 1493.0, 1406.0, 1441.0, 1432.0, 1448.0, 1449.0, 1426.0, 1438.0, 1430.0, 1408.0, 1408.0, 1408.0, 1417.0, 1412.0, 1402.0, 1389.0, 1394.0, 1378.0, 1383.0, 1375.0, 1370.0, 1368.0, 1366.0, 1365.0, 1365.0, 1367.0, 1352.0, 1352.0, 1364.0, 1364.0, 1332.0, 1335.0, 1340.0, 1326.0, 1331.0, 1311.0, 1296.0, 1319.0, 1319.0, 1303.0, 1308.0, 1308.0, 1314.0, 1313.0, 1285.0, 1302.0, 1303.0, 1293.0, 1280.0, 1290.0, 1292.0, 1280.0, 1274.0, 1282.0, 1268.0, 1275.0, 1284.0, 1284.0, 1260.0, 1262.0, 1254.0, 1256.0, 1256.0, 1256.0, 1275.0, 1276.0, 1236.0, 1248.0, 1252.0, 1244.0, 1264.0, 1261.0, 1255.0, 1238.0, 1236.0, 1233.0, 1240.0, 1238.0, 1207.0, 1207.0, 1228.0, 1219.0, 1242.0, 1242.0, 1210.0, 1211.0, 1217.0, 1231.0, 1247.0, 1230.0, 1222.0, 1234.0, 1195.0, 1209.0, 1198.0, 1219.0, 1241.0, 1220.0, 1220.0, 1213.0, 1196.0, 1207.0, 1196.0, 1207.0, 1210.0, 1222.0, 1205.0, 1201.0, 1213.0, 1225.0, 1222.0, 1216.0, 1210.0, 1208.0, 1213.0, 1218.0, 1219.0, 1197.0, 1205.0, 1213.0, 1227.0, 1223.0, 1233.0, 1220.0, 1220.0, 1249.0, 1249.0, 1225.0, 1249.0, 1260.0, 1247.0, 1234.0, 1239.0, 1239.0, 1235.0, 1237.0, 1249.0, 1239.0, 1229.0, 1255.0, 1253.0, 1258.0, 1257.0, 1251.0, 1251.0, 1272.0, 1271.0, 1273.0, 1272.0, 1270.0, 1268.0, 1267.0, 1259.0, 1275.0, 1278.0, 1277.0, 1264.0, 1267.0, 1275.0, 1267.0, 1274.0, 1274.0, 1272.0, 1283.0, 1277.0, 1263.0, 1287.0, 1289.0, 1297.0, 1288.0, 1285.0, 1286.0, 1294.0, 1294.0, 1293.0, 1301.0, 1296.0, 1306.0, 1312.0, 1312.0, 1309.0, 1295.0, 1295.0, 1318.0, 1317.0, 1317.0, 1318.0, 1329.0, 1303.0, 1330.0, 1330.0, 1327.0, 1322.0, 1324.0, 1324.0, 1318.0, 1341.0, 1336.0, 1340.0, 1344.0, 1354.0, 1354.0, 1348.0, 1348.0, 1352.0, 1354.0, 1352.0, 1351.0, 1358.0, 1370.0, 1367.0, 1366.0, 1361.0, 1366.0, 1357.0, 1368.0, 1368.0, 1367.0, 1377.0, 1366.0, 1366.0, 1359.0, 1365.0, 1378.0, 1379.0, 1374.0, 1374.0, 1367.0, 1365.0, 1376.0, 1396.0, 1386.0, 1398.0, 1397.0]