header: 
  seq: 1890
  stamp: 
    secs: 1548820804
    nsecs: 431828944
  frame_id: "base_link"
angle_min: -2.35619449615
angle_max: 2.35619449615
angle_increment: 0.00436332309619
time_increment: 1.73611151695e-05
scan_time: 0.0250000003725
range_min: 0.019999999553
range_max: 30.0
ranges: [0.2639999985694885, 0.257999986410141, 0.25600001215934753, 0.26100000739097595, 0.2750000059604645, 0.2669999897480011, 0.2709999978542328, 0.27000001072883606, 0.27000001072883606, 0.2630000114440918, 0.27000001072883606, 0.27000001072883606, 0.2709999978542328, 0.2680000066757202, 0.2630000114440918, 0.2619999945163727, 0.25699999928474426, 0.24699999392032623, 0.25, 0.23499999940395355, 0.23800000548362732, 0.25699999928474426, 0.26100000739097595, 0.2619999945163727, 0.25699999928474426, 0.25999999046325684, 0.25, 0.24500000476837158, 0.24500000476837158, 0.2619999945163727, 0.2680000066757202, 0.26899999380111694, 0.27000001072883606, 0.2669999897480011, 0.2669999897480011, 0.26899999380111694, 0.26899999380111694, 0.2639999985694885, 0.2630000114440918, 0.2680000066757202, 0.26899999380111694, 0.27000001072883606, 0.26899999380111694, 0.2669999897480011, 0.26600000262260437, 0.26600000262260437, 0.2619999945163727, 0.26100000739097595, 0.2619999945163727, 0.2630000114440918, 0.26499998569488525, 0.2669999897480011, 0.26600000262260437, 0.27000001072883606, 0.2709999978542328, 0.27000001072883606, 0.2630000114440918, 0.26600000262260437, 0.26899999380111694, 0.2639999985694885, 0.2639999985694885, 0.26899999380111694, 0.26600000262260437, 0.2639999985694885, 0.25699999928474426, 0.2639999985694885, 0.2639999985694885, 0.26499998569488525, 0.2630000114440918, 0.26100000739097595, 0.2669999897480011, 0.2639999985694885, 0.26100000739097595, 0.25999999046325684, 0.2619999945163727, 0.26499998569488525, 0.2630000114440918, 0.26499998569488525, 0.2619999945163727, 0.2680000066757202, 0.2669999897480011, 0.2669999897480011, 0.2630000114440918, 0.2669999897480011, 0.27000001072883606, 0.26899999380111694, 0.26600000262260437, 0.2669999897480011, 0.2669999897480011, 0.2669999897480011, 0.2669999897480011, 0.2669999897480011, 0.2750000059604645, 0.26600000262260437, 0.2639999985694885, 0.2639999985694885, 0.2639999985694885, 0.2619999945163727, 0.2619999945163727, 0.25699999928474426, 0.25699999928474426, 0.25999999046325684, 0.25999999046325684, 0.2630000114440918, 0.25699999928474426, 0.26100000739097595, 0.26100000739097595, 0.25999999046325684, 0.25999999046325684, 0.2630000114440918, 0.26600000262260437, 0.2630000114440918, 0.26100000739097595, 0.26100000739097595, 0.26100000739097595, 0.26499998569488525, 0.26499998569488525, 0.2639999985694885, 0.2619999945163727, 0.2619999945163727, 0.2619999945163727, 0.26600000262260437, 0.26499998569488525, 0.2630000114440918, 0.26100000739097595, 0.26100000739097595, 0.25600001215934753, 0.25600001215934753, 0.2590000033378601, 0.2619999945163727, 0.26499998569488525, 0.2630000114440918, 0.2639999985694885, 0.26100000739097595, 0.25999999046325684, 0.2630000114440918, 0.2630000114440918, 0.26499998569488525, 0.2619999945163727, 0.2619999945163727, 0.26600000262260437, 0.27000001072883606, 0.27399998903274536, 0.2759999930858612, 0.2709999978542328, 0.27000001072883606, 0.2639999985694885, 0.2639999985694885, 0.26100000739097595, 0.2619999945163727, 0.2590000033378601, 0.257999986410141, 0.257999986410141, 0.257999986410141, 0.25999999046325684, 0.25600001215934753, 0.2549999952316284, 0.2540000081062317, 0.2590000033378601, 0.2630000114440918, 0.2680000066757202, 0.27000001072883606, 0.27000001072883606, 0.2680000066757202, 0.26600000262260437, 0.26100000739097595, 0.26100000739097595, 0.2630000114440918, 0.2630000114440918, 0.2619999945163727, 0.2619999945163727, 0.2630000114440918, 0.2669999897480011, 0.2669999897480011, 0.26600000262260437, 0.2669999897480011, 0.26899999380111694, 0.27399998903274536, 0.26899999380111694, 0.2669999897480011, 0.26899999380111694, 0.2759999930858612, 0.2759999930858612, 0.2720000147819519, 0.26899999380111694, 0.27300000190734863, 0.2770000100135803, 0.2750000059604645, 0.2800000011920929, 0.2759999930858612, 0.2750000059604645, 0.28700000047683716, 0.2849999964237213, 0.28700000047683716, 0.28700000047683716, 0.289000004529953, 0.28700000047683716, 0.28600001335144043, 0.28200000524520874, 0.28200000524520874, 0.28200000524520874, 0.2879999876022339, 0.289000004529953, 0.28999999165534973, 0.2879999876022339, 0.2879999876022339, 0.28600001335144043, 0.2879999876022339, 0.28700000047683716, 0.2939999997615814, 0.296999990940094, 0.29499998688697815, 0.30000001192092896, 0.30399999022483826, 0.29600000381469727, 0.29600000381469727, 0.29499998688697815, 0.3019999861717224, 0.30399999022483826, 0.30799999833106995, 0.30799999833106995, 0.3089999854564667, 0.30799999833106995, 0.30799999833106995, 0.3089999854564667, 0.3109999895095825, 0.3230000138282776, 0.32100000977516174, 0.31200000643730164, 0.3100000023841858, 0.31700000166893005, 0.3230000138282776, 0.3190000057220459, 0.3190000057220459, 0.32199999690055847, 0.32199999690055847, 0.32899999618530273, 0.33399999141693115, 0.3319999873638153, 0.3240000009536743, 0.3269999921321869, 0.3310000002384186, 0.32899999618530273, 0.3310000002384186, 0.3310000002384186, 0.3330000042915344, 0.335999995470047, 0.335999995470047, 0.33500000834465027, 0.335999995470047, 0.335999995470047, 0.33799999952316284, 0.3400000035762787, 0.3479999899864197, 0.35100001096725464, 0.35100001096725464, 0.35100001096725464, 0.3580000102519989, 0.35899999737739563, 0.3619999885559082, 0.35600000619888306, 0.36000001430511475, 0.3630000054836273, 0.3659999966621399, 0.3610000014305115, 0.3610000014305115, 0.367000013589859, 0.367000013589859, 0.3720000088214874, 0.36899998784065247, 0.3779999911785126, 0.3779999911785126, 0.37700000405311584, 0.3779999911785126, 0.3869999945163727, 0.382999986410141, 0.3799999952316284, 0.3790000081062317, 0.3889999985694885, 0.38999998569488525, 0.39399999380111694, 0.39500001072883606, 0.4009999930858612, 0.4020000100135803, 0.3970000147819519, 0.3970000147819519, 0.41100001335144043, 0.41100001335144043, 0.40400001406669617, 0.4129999876022339, 0.4189999997615814, 0.41999998688697815, 0.4180000126361847, 0.4230000078678131, 0.42100000381469727, 0.41600000858306885, 0.42399999499320984, 0.42899999022483826, 0.4259999990463257, 0.4309999942779541, 0.4339999854564667, 0.4449999928474426, 0.4410000145435333, 0.4410000145435333, 0.4490000009536743, 0.453000009059906, 0.4569999873638153, 0.46000000834465027, 0.4650000035762787, 0.47699999809265137, 0.47600001096725464, 0.47600001096725464, 0.4790000021457672, 0.48399999737739563, 0.4880000054836273, 0.4869999885559082, 0.48899999260902405, 0.48100000619888306, 0.4959999918937683, 0.503000020980835, 0.5130000114440918, 0.5149999856948853, 0.5109999775886536, 0.5139999985694885, 0.5149999856948853, 0.5199999809265137, 0.5249999761581421, 0.531000018119812, 0.5320000052452087, 0.5350000262260437, 0.546999990940094, 0.546999990940094, 0.550000011920929, 0.5640000104904175, 0.5699999928474426, 0.5740000009536743, 0.5740000009536743, 0.5849999785423279, 0.5910000205039978, 0.597000002861023, 0.6000000238418579, 0.6060000061988831, 0.6100000143051147, 0.6119999885559082, 0.621999979019165, 0.625, 0.6340000033378601, 0.6449999809265137, 0.6489999890327454, 0.6489999890327454, 0.652999997138977, 0.6639999747276306, 0.671999990940094, 0.675000011920929, 0.6800000071525574, 0.7009999752044678, 0.7120000123977661, 0.7179999947547913, 0.7210000157356262, 0.7300000190734863, 0.7360000014305115, 0.7519999742507935, 0.7559999823570251, 0.7689999938011169, 0.7739999890327454, 0.7850000262260437, 0.7929999828338623, 0.8050000071525574, 0.8220000267028809, 0.8299999833106995, 0.8460000157356262, 0.8500000238418579, 0.8600000143051147, 0.8790000081062317, 0.890999972820282, 0.9049999713897705, 0.9089999794960022, 0.9160000085830688, 0.9300000071525574, 0.949999988079071, 0.9739999771118164, 0.9850000143051147, 1.0089999437332153, 1.0269999504089355, 1.0369999408721924, 1.0609999895095825, 1.0740000009536743, 1.0989999771118164, 1.1160000562667847, 1.1490000486373901, 1.1720000505447388, 1.194000005722046, 1.2120000123977661, 1.2519999742507935, 1.2669999599456787, 1.3109999895095825, 1.3839999437332153, 1.7769999504089355, 2.313999891281128, 2.319000005722046, 2.318000078201294, 2.321000099182129, 2.313999891281128, 2.312000036239624, 2.306999921798706, 2.312999963760376, 2.316999912261963, 2.309000015258789, 2.309000015258789, 2.309000015258789, 2.312000036239624, 2.302000045776367, 2.305999994277954, 2.302999973297119, 2.306999921798706, 2.306999921798706, 2.309999942779541, 2.312999963760376, 2.303999900817871, 2.2990000247955322, 2.302000045776367, 2.2990000247955322, 2.2980000972747803, 2.2980000972747803, 2.2899999618530273, 2.2869999408721924, 2.2899999618530273, 2.2929999828338623, 2.2909998893737793, 2.2950000762939453, 2.2799999713897705, 2.2820000648498535, 2.2799999713897705, 2.2769999504089355, 2.2730000019073486, 2.2690000534057617, 2.263000011444092, 2.263000011444092, 2.259999990463257, 2.26200008392334, 2.2639999389648438, 2.25600004196167, 2.250999927520752, 2.240000009536743, 2.2360000610351562, 2.236999988555908, 2.2339999675750732, 2.23799991607666, 2.2360000610351562, 2.2290000915527344, 2.2249999046325684, 2.2249999046325684, 2.2179999351501465, 2.2149999141693115, 2.2130000591278076, 2.2060000896453857, 2.2039999961853027, 2.2019999027252197, 2.2019999027252197, 2.187999963760376, 2.188999891281128, 2.183000087738037, 2.1760001182556152, 2.1670000553131104, 2.1679999828338623, 2.1649999618530273, 2.1619999408721924, 2.1549999713897705, 2.1440000534057617, 2.13700008392334, 2.134000062942505, 2.134000062942505, 2.130000114440918, 2.115999937057495, 2.115999937057495, 2.115000009536743, 2.1029999256134033, 2.1029999256134033, 2.1010000705718994, 2.0929999351501465, 2.0820000171661377, 2.0769999027252197, 2.072999954223633, 2.061000108718872, 2.058000087738037, 2.055000066757202, 2.049999952316284, 2.0409998893737793, 2.0299999713897705, 2.0239999294281006, 2.013000011444092, 2.01200008392334, 2.006999969482422, 1.9980000257492065, 1.9910000562667847, 1.9859999418258667, 1.9780000448226929, 1.9780000448226929, 1.968999981880188, 1.9520000219345093, 1.944000005722046, 1.944000005722046, 1.937000036239624, 1.9290000200271606, 1.9119999408721924, 1.9110000133514404, 1.9040000438690186, 1.9019999504089355, 1.8949999809265137, 1.871999979019165, 1.8619999885559082, 1.8580000400543213, 1.843000054359436, 1.8309999704360962, 1.8240000009536743, 1.8220000267028809, 1.815999984741211, 1.8029999732971191, 1.7949999570846558, 1.781000018119812, 1.7710000276565552, 1.7660000324249268, 1.7580000162124634, 1.7309999465942383, 1.7280000448226929, 1.7139999866485596, 1.7100000381469727, 1.694000005722046, 1.687000036239624, 1.6779999732971191, 1.6640000343322754, 1.6360000371932983, 1.628999948501587, 1.6150000095367432, 1.6019999980926514, 1.5889999866485596, 1.562999963760376, 1.559999942779541, 1.5399999618530273, 1.5269999504089355, 1.5099999904632568, 1.5049999952316284, 1.5049999952316284, 1.4759999513626099, 1.4600000381469727, 1.4529999494552612, 1.4390000104904175, 1.434999942779541, 1.4179999828338623, 1.399999976158142, 1.3849999904632568, 1.375, 1.3639999628067017, 1.3489999771118164, 1.3380000591278076, 1.3279999494552612, 1.319000005722046, 1.309000015258789, 1.2949999570846558, 1.2899999618530273, 1.2869999408721924, 1.2649999856948853, 1.2630000114440918, 1.246999979019165, 1.2419999837875366, 1.2269999980926514, 1.2200000286102295, 1.2130000591278076, 1.2020000219345093, 1.1929999589920044, 1.190999984741211, 1.1820000410079956, 1.180999994277954, 1.1640000343322754, 1.152999997138977, 1.1390000581741333, 1.1349999904632568, 1.13100004196167, 1.1180000305175781, 1.1139999628067017, 1.1100000143051147, 1.100000023841858, 1.090000033378601, 1.0809999704360962, 1.0779999494552612, 1.0740000009536743, 1.0720000267028809, 1.065999984741211, 1.059000015258789, 1.0529999732971191, 1.0499999523162842, 1.0470000505447388, 1.0420000553131104, 1.0360000133514404, 1.031000018119812, 1.0199999809265137, 1.003999948501587, 1.003999948501587, 0.9990000128746033, 0.9860000014305115, 0.9869999885559082, 0.9829999804496765, 0.9789999723434448, 0.9769999980926514, 0.9769999980926514, 0.9789999723434448, 0.9589999914169312, 0.9570000171661377, 0.953000009059906, 0.9509999752044678, 0.9480000138282776, 0.9430000185966492, 0.9409999847412109, 0.9350000023841858, 0.9279999732971191, 0.9290000200271606, 0.921999990940094, 0.9179999828338623, 0.9139999747276306, 0.9150000214576721, 0.9139999747276306, 0.906000018119812, 0.8989999890327454, 0.8970000147819519, 0.8949999809265137, 0.8920000195503235, 0.8840000033378601, 0.8849999904632568, 0.8769999742507935, 0.875, 0.8740000128746033, 0.8709999918937683, 0.8690000176429749, 0.8659999966621399, 0.8640000224113464, 0.8539999723434448, 0.859000027179718, 0.859000027179718, 0.8560000061988831, 0.8519999980926514, 0.8479999899864197, 0.8429999947547913, 0.8410000205039978, 0.8370000123977661, 0.8349999785423279, 0.8309999704360962, 0.8299999833106995, 0.8230000138282776, 0.8209999799728394, 0.8209999799728394, 0.8209999799728394, 0.8169999718666077, 0.8119999766349792, 0.8040000200271606, 0.8019999861717224, 0.800000011920929, 0.800000011920929, 0.796999990940094, 0.796999990940094, 0.7960000038146973, 0.7919999957084656, 0.7870000004768372, 0.781000018119812, 0.7770000100135803, 0.7760000228881836, 0.7760000228881836, 0.7749999761581421, 0.7720000147819519, 0.7670000195503235, 0.7639999985694885, 0.7630000114440918, 0.7630000114440918, 0.7630000114440918, 0.7630000114440918, 0.7599999904632568, 0.753000020980835, 0.7480000257492065, 0.7480000257492065, 0.7480000257492065, 0.7419999837875366, 0.7390000224113464, 0.7409999966621399, 0.7459999918937683, 0.7429999709129333, 0.7360000014305115, 0.7390000224113464, 0.7360000014305115, 0.7329999804496765, 0.7269999980926514, 0.7279999852180481, 0.7279999852180481, 0.7279999852180481, 0.7239999771118164, 0.7210000157356262, 0.7200000286102295, 0.7210000157356262, 0.7110000252723694, 0.7080000042915344, 0.7080000042915344, 0.7070000171661377, 0.7120000123977661, 0.7099999785423279, 0.7089999914169312, 0.7009999752044678, 0.7009999752044678, 0.7009999752044678, 0.7009999752044678, 0.6949999928474426, 0.6959999799728394, 0.6980000138282776, 0.6980000138282776, 0.6959999799728394, 0.6940000057220459, 0.6919999718666077, 0.6919999718666077, 0.6919999718666077, 0.6940000057220459, 0.6959999799728394, 0.6959999799728394, 0.6880000233650208, 0.6869999766349792, 0.6869999766349792, 0.6880000233650208, 0.6809999942779541, 0.6850000023841858, 0.6830000281333923, 0.6809999942779541, 0.6800000071525574, 0.6809999942779541, 0.6800000071525574, 0.6740000247955322, 0.6740000247955322, 0.6679999828338623, 0.6740000247955322, 0.6740000247955322, 0.6729999780654907, 0.6690000295639038, 0.6669999957084656, 0.671999990940094, 0.6779999732971191, 0.6779999732971191, 0.6779999732971191, 0.6589999794960022, 0.6570000052452087, 0.6579999923706055, 0.6660000085830688, 0.6629999876022339, 0.6629999876022339, 0.6629999876022339, 0.6610000133514404, 0.6660000085830688, 0.6679999828338623, 0.6679999828338623, 0.6679999828338623, 0.6660000085830688, 0.6679999828338623, 0.6679999828338623, 0.6639999747276306, 0.6629999876022339, 0.6639999747276306, 0.6629999876022339, 0.6620000004768372, 0.6620000004768372, 0.6570000052452087, 0.6539999842643738, 0.656000018119812, 0.656000018119812, 0.656000018119812, 0.652999997138977, 0.6470000147819519, 0.652999997138977, 0.6589999794960022, 0.6579999923706055, 0.6520000100135803, 0.6520000100135803, 0.6499999761581421, 0.6499999761581421, 0.6499999761581421, 0.6520000100135803, 0.6489999890327454, 0.6510000228881836, 0.652999997138977, 0.652999997138977, 0.6499999761581421, 0.6499999761581421, 0.6510000228881836, 0.6510000228881836, 0.6489999890327454, 0.6470000147819519, 0.6460000276565552, 0.6460000276565552, 0.6470000147819519, 0.656000018119812, 0.6539999842643738, 0.6439999938011169, 0.6439999938011169, 0.6460000276565552, 0.652999997138977, 0.6539999842643738, 0.652999997138977, 0.640999972820282, 0.640999972820282, 0.6449999809265137, 0.6510000228881836, 0.6520000100135803, 0.6480000019073486, 0.652999997138977, 0.6549999713897705, 0.6549999713897705, 0.652999997138977, 0.640999972820282, 0.6380000114440918, 0.6549999713897705, 0.6570000052452087, 0.656000018119812, 0.6539999842643738, 0.6510000228881836, 0.656000018119812, 0.6579999923706055, 0.6549999713897705, 0.6499999761581421, 0.6470000147819519, 0.6489999890327454, 0.6499999761581421, 0.6480000019073486, 0.6520000100135803, 0.6489999890327454, 0.6600000262260437, 0.6610000133514404, 0.6629999876022339, 0.6629999876022339, 0.6629999876022339, 0.6620000004768372, 0.6620000004768372, 0.6539999842643738, 0.6549999713897705, 0.6570000052452087, 0.6600000262260437, 0.6620000004768372, 0.6629999876022339, 0.6669999957084656, 0.6669999957084656, 0.6679999828338623, 0.671999990940094, 0.6710000038146973, 0.671999990940094, 0.6690000295639038, 0.6650000214576721, 0.6650000214576721, 0.6650000214576721, 0.6650000214576721, 0.6729999780654907, 0.6729999780654907, 0.6710000038146973, 0.6710000038146973, 0.675000011920929, 0.6740000247955322, 0.6740000247955322, 0.6779999732971191, 0.6819999814033508, 0.6790000200271606, 0.6779999732971191, 0.6729999780654907, 0.671999990940094, 0.6769999861717224, 0.6859999895095825, 0.6819999814033508, 0.6830000281333923, 0.6830000281333923, 0.6840000152587891, 0.6850000023841858, 0.6850000023841858, 0.6850000023841858, 0.6869999766349792, 0.6890000104904175, 0.6930000185966492, 0.6930000185966492, 0.6909999847412109, 0.6930000185966492, 0.6930000185966492, 0.6949999928474426, 0.6980000138282776, 0.6959999799728394, 0.7059999704360962, 0.7070000171661377, 0.7039999961853027, 0.6990000009536743, 0.6949999928474426, 0.6980000138282776, 0.6980000138282776, 0.7020000219345093, 0.7080000042915344, 0.7089999914169312, 0.7089999914169312, 0.7059999704360962, 0.7089999914169312, 0.7089999914169312, 0.7099999785423279, 0.7120000123977661, 0.7179999947547913, 0.718999981880188, 0.7170000076293945, 0.7170000076293945, 0.718999981880188, 0.7229999899864197, 0.7229999899864197, 0.7250000238418579, 0.7250000238418579, 0.7289999723434448, 0.7329999804496765, 0.7310000061988831, 0.7310000061988831, 0.7269999980926514, 0.7369999885559082, 0.7409999966621399, 0.7440000176429749, 0.7429999709129333, 0.7419999837875366, 0.7419999837875366, 0.7440000176429749, 0.7440000176429749, 0.7440000176429749, 0.7419999837875366, 0.7459999918937683, 0.7459999918937683, 0.7540000081062317, 0.7540000081062317, 0.7540000081062317, 0.753000020980835, 0.7570000290870667, 0.7630000114440918, 0.7670000195503235, 0.765999972820282, 0.7670000195503235, 0.765999972820282, 0.7699999809265137, 0.7710000276565552, 0.7710000276565552, 0.7649999856948853, 0.7639999985694885, 0.7710000276565552, 0.7739999890327454, 0.7839999794960022, 0.781000018119812, 0.7770000100135803, 0.7739999890327454, 0.7820000052452087, 0.7839999794960022, 0.7870000004768372, 0.7799999713897705, 0.7799999713897705, 0.7839999794960022, 0.7839999794960022, 0.7910000085830688, 0.796999990940094, 0.8059999942779541, 0.8029999732971191, 0.8050000071525574, 0.8069999814033508, 0.8080000281333923, 0.8080000281333923, 0.8059999942779541, 0.8040000200271606, 0.8090000152587891, 0.8109999895095825, 0.8130000233650208, 0.8169999718666077, 0.8169999718666077, 0.8159999847412109, 0.8180000185966492, 0.8159999847412109, 0.8169999718666077, 0.8169999718666077, 0.828000009059906, 0.8309999704360962, 0.8320000171661377, 0.8360000252723694, 0.8360000252723694, 0.8360000252723694, 0.8309999704360962, 0.8330000042915344, 0.8370000123977661, 0.8370000123977661, 0.8370000123977661, 0.8389999866485596, 0.8429999947547913, 0.8429999947547913, 0.8460000157356262, 0.847000002861023, 0.8529999852180481, 0.8539999723434448, 0.8529999852180481, 0.8550000190734863, 0.8519999980926514, 0.859000027179718, 0.8569999933242798, 0.8569999933242798, 0.8600000143051147, 0.8600000143051147, 0.8659999966621399, 0.8659999966621399, 0.8679999709129333, 0.871999979019165, 0.8759999871253967, 0.8769999742507935, 0.8790000081062317, 0.8769999742507935, 0.8769999742507935, 0.8809999823570251, 0.8830000162124634, 0.8849999904632568, 0.8849999904632568, 0.8790000081062317, 0.8759999871253967, 0.8759999871253967, 0.8769999742507935, 0.8769999742507935, 0.8759999871253967, 0.8809999823570251, 0.8809999823570251, 0.8849999904632568, 0.8899999856948853, 0.8840000033378601, 0.8799999952316284, 0.8820000290870667, 0.8840000033378601, 0.8849999904632568, 0.8880000114440918, 0.8880000114440918, 0.8859999775886536, 0.8849999904632568, 0.8899999856948853, 0.8880000114440918, 0.8889999985694885, 0.890999972820282, 0.8960000276565552, 0.9010000228881836, 0.8999999761581421, 0.902999997138977, 0.906000018119812, 0.9120000004768372, 0.9129999876022339, 0.9100000262260437, 0.9070000052452087, 0.9129999876022339, 0.9120000004768372, 0.9089999794960022, 0.9070000052452087, 0.8999999761581421, 0.9039999842643738, 0.9089999794960022, 0.9089999794960022, 0.9089999794960022, 0.906000018119812, 0.9070000052452087, 0.8949999809265137, 0.9010000228881836, 0.902999997138977, 0.9070000052452087, 0.9120000004768372, 0.9179999828338623, 0.9200000166893005, 0.9139999747276306, 0.9169999957084656, 0.9200000166893005, 0.9279999732971191, 0.9470000267028809, 0.9509999752044678, 0.9520000219345093, 0.9509999752044678, 0.953000009059906, 0.9520000219345093, 0.9520000219345093, 0.9480000138282776, 0.949999988079071, 0.9509999752044678, 0.9539999961853027, 0.9580000042915344, 0.9620000123977661, 0.9589999914169312, 0.9589999914169312]
intensities: [1106.0, 1127.0, 1134.0, 1165.0, 1330.0, 1330.0, 1369.0, 1358.0, 1363.0, 1369.0, 1331.0, 1331.0, 1333.0, 1300.0, 1227.0, 1165.0, 1083.0, 966.0, 887.0, 824.0, 883.0, 953.0, 1002.0, 1039.0, 1026.0, 1070.0, 1077.0, 1151.0, 1183.0, 1315.0, 1394.0, 1431.0, 1459.0, 1464.0, 1450.0, 1456.0, 1436.0, 1449.0, 1446.0, 1456.0, 1442.0, 1443.0, 1450.0, 1434.0, 1438.0, 1438.0, 1436.0, 1441.0, 1436.0, 1434.0, 1455.0, 1453.0, 1445.0, 1441.0, 1467.0, 1458.0, 1446.0, 1440.0, 1434.0, 1414.0, 1414.0, 1432.0, 1445.0, 1425.0, 1441.0, 1417.0, 1417.0, 1431.0, 1441.0, 1458.0, 1443.0, 1439.0, 1420.0, 1425.0, 1413.0, 1398.0, 1407.0, 1414.0, 1402.0, 1408.0, 1408.0, 1408.0, 1396.0, 1406.0, 1400.0, 1393.0, 1367.0, 1363.0, 1363.0, 1362.0, 1364.0, 1364.0, 1379.0, 1349.0, 1351.0, 1344.0, 1362.0, 1338.0, 1343.0, 1330.0, 1330.0, 1318.0, 1318.0, 1320.0, 1311.0, 1325.0, 1325.0, 1317.0, 1317.0, 1314.0, 1314.0, 1312.0, 1311.0, 1311.0, 1312.0, 1305.0, 1311.0, 1299.0, 1296.0, 1282.0, 1282.0, 1295.0, 1280.0, 1285.0, 1271.0, 1271.0, 1239.0, 1239.0, 1261.0, 1243.0, 1266.0, 1249.0, 1255.0, 1235.0, 1249.0, 1243.0, 1250.0, 1242.0, 1241.0, 1246.0, 1211.0, 1220.0, 1229.0, 1234.0, 1211.0, 1217.0, 1207.0, 1198.0, 1201.0, 1192.0, 1190.0, 1197.0, 1192.0, 1196.0, 1205.0, 1183.0, 1175.0, 1171.0, 1170.0, 1179.0, 1166.0, 1164.0, 1158.0, 1163.0, 1167.0, 1155.0, 1169.0, 1159.0, 1137.0, 1131.0, 1123.0, 1115.0, 1139.0, 1139.0, 1134.0, 1139.0, 1135.0, 1118.0, 1126.0, 1123.0, 1123.0, 1128.0, 1128.0, 1140.0, 1135.0, 1148.0, 1115.0, 1101.0, 1135.0, 1135.0, 1132.0, 1146.0, 1156.0, 1155.0, 1137.0, 1122.0, 1120.0, 1121.0, 1114.0, 1114.0, 1107.0, 1122.0, 1115.0, 1108.0, 1108.0, 1105.0, 1108.0, 1117.0, 1086.0, 1100.0, 1101.0, 1092.0, 1123.0, 1146.0, 1098.0, 1098.0, 1087.0, 1104.0, 1074.0, 1071.0, 1071.0, 1086.0, 1085.0, 1080.0, 1076.0, 1080.0, 1108.0, 1111.0, 1092.0, 1091.0, 1087.0, 1101.0, 1102.0, 1100.0, 1117.0, 1117.0, 1098.0, 1087.0, 1087.0, 1076.0, 1098.0, 1096.0, 1094.0, 1101.0, 1101.0, 1090.0, 1081.0, 1081.0, 1083.0, 1101.0, 1105.0, 1109.0, 1093.0, 1098.0, 1094.0, 1094.0, 1103.0, 1105.0, 1090.0, 1107.0, 1097.0, 1109.0, 1101.0, 1098.0, 1096.0, 1096.0, 1093.0, 1093.0, 1121.0, 1080.0, 1118.0, 1115.0, 1112.0, 1111.0, 1115.0, 1106.0, 1099.0, 1101.0, 1117.0, 1077.0, 1097.0, 1085.0, 1090.0, 1087.0, 1096.0, 1096.0, 1110.0, 1110.0, 1084.0, 1107.0, 1104.0, 1118.0, 1106.0, 1105.0, 1103.0, 1119.0, 1111.0, 1115.0, 1092.0, 1100.0, 1083.0, 1121.0, 1091.0, 1091.0, 1096.0, 1093.0, 1102.0, 1110.0, 1104.0, 1101.0, 1083.0, 1089.0, 1082.0, 1100.0, 1098.0, 1092.0, 1105.0, 1073.0, 1091.0, 1101.0, 1093.0, 1105.0, 1096.0, 1098.0, 1104.0, 1114.0, 1094.0, 1110.0, 1099.0, 1101.0, 1096.0, 1096.0, 1103.0, 1099.0, 1100.0, 1121.0, 1121.0, 1109.0, 1109.0, 1109.0, 1110.0, 1125.0, 1107.0, 1107.0, 1110.0, 1096.0, 1107.0, 1115.0, 1096.0, 1100.0, 1099.0, 1103.0, 1103.0, 1100.0, 1107.0, 1105.0, 1110.0, 1107.0, 1101.0, 1099.0, 1095.0, 1090.0, 1088.0, 1091.0, 1079.0, 1076.0, 1074.0, 1072.0, 1065.0, 1058.0, 1066.0, 1052.0, 1057.0, 1046.0, 1040.0, 1048.0, 1040.0, 1035.0, 1022.0, 1016.0, 1027.0, 1012.0, 1008.0, 992.0, 999.0, 1007.0, 991.0, 993.0, 981.0, 982.0, 989.0, 995.0, 1008.0, 1134.0, 1173.0, 1430.0, 1453.0, 1260.0, 1039.0, 1052.0, 1044.0, 1057.0, 1034.0, 1048.0, 1033.0, 1023.0, 1016.0, 1025.0, 1019.0, 1019.0, 1019.0, 1015.0, 1020.0, 1007.0, 996.0, 996.0, 1003.0, 1008.0, 998.0, 1002.0, 1030.0, 1015.0, 1028.0, 1028.0, 1012.0, 1013.0, 1026.0, 1034.0, 1025.0, 1023.0, 1027.0, 1027.0, 1037.0, 1043.0, 1042.0, 1042.0, 1043.0, 1062.0, 1052.0, 1042.0, 1050.0, 1053.0, 1050.0, 1042.0, 1042.0, 1049.0, 1045.0, 1052.0, 1049.0, 1042.0, 1051.0, 1051.0, 1043.0, 1047.0, 1046.0, 1043.0, 1051.0, 1044.0, 1073.0, 1052.0, 1059.0, 1061.0, 1071.0, 1063.0, 1071.0, 1070.0, 1071.0, 1068.0, 1061.0, 1068.0, 1065.0, 1060.0, 1076.0, 1078.0, 1078.0, 1076.0, 1058.0, 1057.0, 1069.0, 1052.0, 1062.0, 1067.0, 1059.0, 1064.0, 1058.0, 1063.0, 1066.0, 1062.0, 1068.0, 1075.0, 1061.0, 1062.0, 1076.0, 1070.0, 1068.0, 1073.0, 1073.0, 1081.0, 1080.0, 1083.0, 1081.0, 1090.0, 1086.0, 1091.0, 1058.0, 1084.0, 1079.0, 1078.0, 1080.0, 1081.0, 1084.0, 1079.0, 1073.0, 1099.0, 1088.0, 1077.0, 1068.0, 1079.0, 1087.0, 1074.0, 1078.0, 1074.0, 1084.0, 1078.0, 1081.0, 1088.0, 1089.0, 1085.0, 1064.0, 1081.0, 1068.0, 1056.0, 1069.0, 1074.0, 1056.0, 1062.0, 1068.0, 1087.0, 1078.0, 1069.0, 1069.0, 1074.0, 1082.0, 1075.0, 1065.0, 1078.0, 1086.0, 1099.0, 1099.0, 1102.0, 1104.0, 1103.0, 1097.0, 1101.0, 1095.0, 1102.0, 1095.0, 1108.0, 1101.0, 1101.0, 1115.0, 1110.0, 1108.0, 1097.0, 1107.0, 1097.0, 1122.0, 1114.0, 1120.0, 1117.0, 1116.0, 1141.0, 1135.0, 1153.0, 1148.0, 1133.0, 1169.0, 1148.0, 1123.0, 1139.0, 1162.0, 1133.0, 1144.0, 1137.0, 1134.0, 1132.0, 1151.0, 1176.0, 1182.0, 1201.0, 1197.0, 1238.0, 1237.0, 1264.0, 1255.0, 1247.0, 1238.0, 1238.0, 1233.0, 1230.0, 1240.0, 1238.0, 1239.0, 1246.0, 1246.0, 1258.0, 1250.0, 1273.0, 1271.0, 1277.0, 1281.0, 1285.0, 1295.0, 1297.0, 1295.0, 1314.0, 1322.0, 1322.0, 1338.0, 1331.0, 1336.0, 1332.0, 1333.0, 1349.0, 1345.0, 1349.0, 1360.0, 1370.0, 1371.0, 1394.0, 1411.0, 1409.0, 1404.0, 1405.0, 1417.0, 1408.0, 1441.0, 1446.0, 1452.0, 1433.0, 1456.0, 1449.0, 1490.0, 1458.0, 1485.0, 1482.0, 1493.0, 1456.0, 1467.0, 1478.0, 1482.0, 1481.0, 1487.0, 1485.0, 1502.0, 1501.0, 1510.0, 1527.0, 1512.0, 1501.0, 1539.0, 1542.0, 1567.0, 1573.0, 1573.0, 1578.0, 1571.0, 1572.0, 1590.0, 1598.0, 1599.0, 1607.0, 1618.0, 1572.0, 1580.0, 1570.0, 1577.0, 1581.0, 1593.0, 1619.0, 1616.0, 1626.0, 1628.0, 1626.0, 1627.0, 1630.0, 1629.0, 1629.0, 1627.0, 1627.0, 1627.0, 1629.0, 1622.0, 1629.0, 1633.0, 1638.0, 1647.0, 1647.0, 1658.0, 1661.0, 1662.0, 1665.0, 1666.0, 1658.0, 1654.0, 1663.0, 1651.0, 1656.0, 1663.0, 1677.0, 1674.0, 1682.0, 1684.0, 1683.0, 1690.0, 1705.0, 1721.0, 1701.0, 1687.0, 1682.0, 1695.0, 1695.0, 1710.0, 1689.0, 1694.0, 1687.0, 1684.0, 1692.0, 1704.0, 1710.0, 1716.0, 1713.0, 1706.0, 1692.0, 1685.0, 1719.0, 1705.0, 1690.0, 1705.0, 1717.0, 1720.0, 1717.0, 1704.0, 1718.0, 1716.0, 1703.0, 1701.0, 1701.0, 1701.0, 1703.0, 1727.0, 1722.0, 1708.0, 1704.0, 1697.0, 1693.0, 1693.0, 1707.0, 1719.0, 1699.0, 1710.0, 1711.0, 1711.0, 1705.0, 1725.0, 1725.0, 1706.0, 1694.0, 1702.0, 1698.0, 1689.0, 1701.0, 1711.0, 1698.0, 1696.0, 1702.0, 1718.0, 1718.0, 1678.0, 1679.0, 1690.0, 1671.0, 1671.0, 1667.0, 1672.0, 1682.0, 1682.0, 1680.0, 1678.0, 1674.0, 1669.0, 1667.0, 1665.0, 1665.0, 1669.0, 1669.0, 1697.0, 1719.0, 1714.0, 1719.0, 1714.0, 1718.0, 1703.0, 1727.0, 1730.0, 1752.0, 1733.0, 1729.0, 1729.0, 1697.0, 1678.0, 1677.0, 1662.0, 1662.0, 1637.0, 1648.0, 1659.0, 1643.0, 1636.0, 1605.0, 1620.0, 1630.0, 1623.0, 1629.0, 1604.0, 1595.0, 1581.0, 1584.0, 1590.0, 1566.0, 1558.0, 1562.0, 1553.0, 1544.0, 1521.0, 1516.0, 1518.0, 1527.0, 1516.0, 1510.0, 1523.0, 1523.0, 1502.0, 1500.0, 1494.0, 1498.0, 1493.0, 1500.0, 1508.0, 1504.0, 1502.0, 1477.0, 1477.0, 1487.0, 1461.0, 1458.0, 1446.0, 1448.0, 1446.0, 1445.0, 1444.0, 1443.0, 1448.0, 1422.0, 1415.0, 1399.0, 1392.0, 1394.0, 1406.0, 1394.0, 1392.0, 1391.0, 1391.0, 1389.0, 1388.0, 1389.0, 1387.0, 1385.0, 1385.0, 1385.0, 1386.0, 1374.0, 1372.0, 1385.0, 1370.0, 1345.0, 1335.0, 1348.0, 1340.0, 1334.0, 1340.0, 1311.0, 1320.0, 1313.0, 1344.0, 1320.0, 1315.0, 1323.0, 1314.0, 1304.0, 1307.0, 1314.0, 1314.0, 1307.0, 1307.0, 1321.0, 1321.0, 1319.0, 1310.0, 1311.0, 1310.0, 1304.0, 1301.0, 1323.0, 1303.0, 1315.0, 1320.0, 1297.0, 1284.0, 1295.0, 1314.0, 1308.0, 1280.0, 1295.0, 1295.0, 1290.0, 1290.0, 1273.0, 1268.0, 1285.0, 1291.0, 1276.0, 1256.0, 1264.0, 1266.0, 1275.0, 1280.0, 1280.0, 1272.0, 1252.0, 1262.0, 1268.0, 1272.0, 1260.0, 1268.0, 1274.0, 1276.0, 1276.0, 1270.0, 1259.0, 1262.0, 1275.0, 1278.0, 1275.0, 1256.0, 1258.0, 1270.0, 1240.0, 1263.0, 1259.0, 1259.0, 1230.0, 1260.0, 1266.0, 1281.0, 1269.0, 1264.0, 1253.0, 1260.0, 1249.0, 1249.0, 1253.0, 1253.0, 1269.0, 1278.0, 1281.0, 1284.0, 1284.0, 1287.0, 1283.0, 1279.0, 1300.0, 1300.0, 1292.0, 1288.0, 1285.0, 1285.0, 1287.0, 1286.0, 1278.0, 1274.0, 1266.0, 1284.0, 1268.0, 1267.0, 1272.0, 1276.0, 1282.0, 1282.0, 1274.0, 1278.0, 1283.0, 1294.0, 1296.0, 1294.0, 1289.0, 1285.0, 1282.0, 1292.0, 1299.0, 1300.0, 1302.0, 1274.0, 1307.0, 1307.0, 1302.0, 1298.0, 1301.0, 1302.0, 1302.0, 1302.0, 1297.0, 1301.0, 1305.0, 1301.0, 1300.0, 1310.0, 1310.0, 1318.0, 1305.0, 1302.0, 1316.0, 1304.0, 1310.0, 1315.0, 1329.0, 1319.0, 1338.0, 1300.0, 1320.0, 1315.0, 1309.0, 1327.0, 1342.0, 1330.0, 1333.0, 1340.0, 1336.0, 1343.0, 1350.0, 1360.0, 1360.0, 1360.0, 1353.0, 1359.0, 1368.0, 1379.0, 1368.0, 1391.0, 1364.0, 1374.0, 1379.0, 1381.0, 1386.0, 1372.0, 1373.0, 1356.0, 1357.0, 1363.0, 1364.0, 1356.0, 1360.0, 1357.0, 1350.0, 1356.0, 1362.0, 1362.0, 1365.0, 1380.0, 1375.0, 1368.0]