header: 
  seq: 1101
  stamp: 
    secs: 1548820784
    nsecs: 661904503
  frame_id: "base_link"
angle_min: -2.35619449615
angle_max: 2.35619449615
angle_increment: 0.00436332309619
time_increment: 1.73611151695e-05
scan_time: 0.0250000003725
range_min: 0.019999999553
range_max: 30.0
ranges: [0.45899999141693115, 0.4690000116825104, 0.4729999899864197, 0.4699999988079071, 0.46700000762939453, 0.46399998664855957, 0.4659999907016754, 0.4699999988079071, 0.4650000035762787, 0.47099998593330383, 0.4740000069141388, 0.46700000762939453, 0.46000000834465027, 0.44999998807907104, 0.4390000104904175, 0.42100000381469727, 0.382999986410141, 0.3569999933242798, 0.2540000081062317, 0.2930000126361847, 0.3569999933242798, 0.40299999713897705, 0.414000004529953, 0.4320000112056732, 0.4399999976158142, 0.43700000643730164, 0.43700000643730164, 0.43700000643730164, 0.4320000112056732, 0.42899999022483826, 0.42899999022483826, 0.42500001192092896, 0.43299999833106995, 0.4339999854564667, 0.42800000309944153, 0.421999990940094, 0.42100000381469727, 0.4180000126361847, 0.4129999876022339, 0.41100001335144043, 0.414000004529953, 0.4230000078678131, 0.41999998688697815, 0.4099999964237213, 0.4059999883174896, 0.4059999883174896, 0.40400001406669617, 0.40400001406669617, 0.40400001406669617, 0.40299999713897705, 0.4020000100135803, 0.39899998903274536, 0.39800000190734863, 0.4000000059604645, 0.4009999930858612, 0.3970000147819519, 0.39500001072883606, 0.3970000147819519, 0.3930000066757202, 0.3880000114440918, 0.3889999985694885, 0.39100000262260437, 0.3919999897480011, 0.3919999897480011, 0.39399999380111694, 0.39100000262260437, 0.38999998569488525, 0.38999998569488525, 0.3880000114440918, 0.3840000033378601, 0.3790000081062317, 0.3779999911785126, 0.3840000033378601, 0.382999986410141, 0.38100001215934753, 0.3799999952316284, 0.38100001215934753, 0.3779999911785126, 0.37700000405311584, 0.37700000405311584, 0.3790000081062317, 0.3790000081062317, 0.3779999911785126, 0.37299999594688416, 0.36899998784065247, 0.36899998784065247, 0.367000013589859, 0.367000013589859, 0.3659999966621399, 0.3659999966621399, 0.36500000953674316, 0.3619999885559082, 0.3619999885559082, 0.3630000054836273, 0.3630000054836273, 0.36000001430511475, 0.35899999737739563, 0.3569999933242798, 0.3569999933242798, 0.35499998927116394, 0.3580000102519989, 0.35899999737739563, 0.3490000069141388, 0.3490000069141388, 0.35600000619888306, 0.3580000102519989, 0.3580000102519989, 0.3440000116825104, 0.34200000762939453, 0.3499999940395355, 0.35199999809265137, 0.3529999852180481, 0.3479999899864197, 0.34200000762939453, 0.33899998664855957, 0.33899998664855957, 0.3370000123977661, 0.33799999952316284, 0.335999995470047, 0.33399999141693115, 0.3400000035762787, 0.34299999475479126, 0.3400000035762787, 0.3400000035762787, 0.33899998664855957, 0.33500000834465027, 0.3370000123977661, 0.33799999952316284, 0.3310000002384186, 0.32899999618530273, 0.32600000500679016, 0.328000009059906, 0.33000001311302185, 0.3319999873638153, 0.3319999873638153, 0.328000009059906, 0.3230000138282776, 0.32100000977516174, 0.3230000138282776, 0.3230000138282776, 0.3230000138282776, 0.32199999690055847, 0.3179999887943268, 0.3179999887943268, 0.3179999887943268, 0.31700000166893005, 0.32100000977516174, 0.32600000500679016, 0.32100000977516174, 0.3160000145435333, 0.31299999356269836, 0.31299999356269836, 0.3149999976158142, 0.31200000643730164, 0.31299999356269836, 0.31200000643730164, 0.31200000643730164, 0.3089999854564667, 0.3109999895095825, 0.30799999833106995, 0.31200000643730164, 0.31200000643730164, 0.3109999895095825, 0.3050000071525574, 0.30799999833106995, 0.30399999022483826, 0.3100000023841858, 0.3100000023841858, 0.3109999895095825, 0.3009999990463257, 0.30399999022483826, 0.3059999942779541, 0.3059999942779541, 0.3050000071525574, 0.3089999854564667, 0.3089999854564667, 0.30000001192092896, 0.296999990940094, 0.3070000112056732, 0.3100000023841858, 0.3070000112056732, 0.3019999861717224, 0.30000001192092896, 0.2980000078678131, 0.3009999990463257, 0.30300000309944153, 0.2980000078678131, 0.30000001192092896, 0.2980000078678131, 0.30399999022483826, 0.3009999990463257, 0.30000001192092896, 0.2980000078678131, 0.2980000078678131, 0.2980000078678131, 0.30000001192092896, 0.30000001192092896, 0.30300000309944153, 0.3059999942779541, 0.3059999942779541, 0.3050000071525574, 0.3059999942779541, 0.30300000309944153, 0.29899999499320984, 0.2930000126361847, 0.29499998688697815, 0.29499998688697815, 0.2939999997615814, 0.2939999997615814, 0.30000001192092896, 0.29899999499320984, 0.296999990940094, 0.29899999499320984, 0.29600000381469727, 0.29600000381469727, 0.29100000858306885, 0.28999999165534973, 0.29600000381469727, 0.3009999990463257, 0.3059999942779541, 0.3059999942779541, 0.296999990940094, 0.2930000126361847, 0.296999990940094, 0.30000001192092896, 0.3019999861717224, 0.3019999861717224, 0.30300000309944153, 0.3019999861717224, 0.296999990940094, 0.29499998688697815, 0.289000004529953, 0.28600001335144043, 0.289000004529953, 0.2930000126361847, 0.29600000381469727, 0.2930000126361847, 0.2919999957084656, 0.2919999957084656, 0.296999990940094, 0.2980000078678131, 0.2980000078678131, 0.29899999499320984, 0.296999990940094, 0.29600000381469727, 0.29600000381469727, 0.296999990940094, 0.2980000078678131, 0.3009999990463257, 0.30399999022483826, 0.3050000071525574, 0.30000001192092896, 0.296999990940094, 0.29499998688697815, 0.2980000078678131, 0.29899999499320984, 0.3019999861717224, 0.30300000309944153, 0.30399999022483826, 0.30000001192092896, 0.29899999499320984, 0.3059999942779541, 0.3100000023841858, 0.3089999854564667, 0.3070000112056732, 0.31200000643730164, 0.3179999887943268, 0.3179999887943268, 0.3140000104904175, 0.3160000145435333, 0.3149999976158142, 0.31700000166893005, 0.328000009059906, 0.32199999690055847, 0.3230000138282776, 0.3199999928474426, 0.32600000500679016, 0.32600000500679016, 0.3269999921321869, 0.3230000138282776, 0.32499998807907104, 0.3269999921321869, 0.3269999921321869, 0.3310000002384186, 0.3370000123977661, 0.34200000762939453, 0.3440000116825104, 0.3440000116825104, 0.34200000762939453, 0.3400000035762787, 0.3400000035762787, 0.3449999988079071, 0.34700000286102295, 0.3490000069141388, 0.3540000021457672, 0.3540000021457672, 0.36000001430511475, 0.36399999260902405, 0.375, 0.38199999928474426, 0.3869999945163727, 0.40400001406669617, 0.42800000309944153, 0.4790000021457672, 0.5720000267028809, 0.7179999947547913, 1.8250000476837158, 1.8200000524520874, 1.809999942779541, 1.8070000410079956, 1.7910000085830688, 1.7910000085830688, 1.777999997138977, 1.7680000066757202, 1.753000020980835, 1.746000051498413, 1.7400000095367432, 1.7339999675750732, 1.7280000448226929, 1.7200000286102295, 1.7139999866485596, 1.7079999446868896, 1.7009999752044678, 1.680999994277954, 1.6740000247955322, 1.6670000553131104, 1.6629999876022339, 1.6510000228881836, 1.6510000228881836, 1.6469999551773071, 1.6399999856948853, 1.6349999904632568, 1.6269999742507935, 1.621000051498413, 1.6169999837875366, 1.6130000352859497, 1.6009999513626099, 1.5920000076293945, 1.5829999446868896, 1.5759999752044678, 1.562999963760376, 1.5609999895095825, 1.555999994277954, 1.5479999780654907, 1.5440000295639038, 1.534000039100647, 1.5360000133514404, 1.5329999923706055, 1.5329999923706055, 1.5219999551773071, 1.5190000534057617, 1.5160000324249268, 1.5140000581741333, 1.5110000371932983, 1.5049999952316284, 1.5, 1.4919999837875366, 1.4869999885559082, 1.4850000143051147, 1.4739999771118164, 1.4739999771118164, 1.465999960899353, 1.4579999446868896, 1.4490000009536743, 1.4500000476837158, 1.4459999799728394, 1.444000005722046, 1.430999994277954, 1.4329999685287476, 1.4259999990463257, 1.4220000505447388, 1.4210000038146973, 1.4149999618530273, 1.4140000343322754, 1.399999976158142, 1.399999976158142, 1.3990000486373901, 1.3990000486373901, 1.4010000228881836, 1.3940000534057617, 1.3919999599456787, 1.3830000162124634, 1.3799999952316284, 1.3760000467300415, 1.371000051498413, 1.3669999837875366, 1.3630000352859497, 1.3639999628067017, 1.3589999675750732, 1.3559999465942383, 1.3550000190734863, 1.3489999771118164, 1.3420000076293945, 1.3389999866485596, 1.3389999866485596, 1.3389999866485596, 1.3350000381469727, 1.3300000429153442, 1.3250000476837158, 1.3300000429153442, 1.3300000429153442, 1.315999984741211, 1.315999984741211, 1.3179999589920044, 1.3170000314712524, 1.3070000410079956, 1.3049999475479126, 1.3020000457763672, 1.3009999990463257, 1.3020000457763672, 1.2990000247955322, 1.2929999828338623, 1.2899999618530273, 1.2860000133514404, 1.284999966621399, 1.2829999923706055, 1.2790000438690186, 1.274999976158142, 1.2769999504089355, 1.2790000438690186, 1.2719999551773071, 1.2719999551773071, 1.2699999809265137, 1.2660000324249268, 1.2669999599456787, 1.2619999647140503, 1.2610000371932983, 1.2630000114440918, 1.2669999599456787, 1.2589999437332153, 1.2619999647140503, 1.2630000114440918, 1.2619999647140503, 1.2619999647140503, 1.253000020980835, 1.253999948501587, 1.2549999952316284, 1.2549999952316284, 1.2569999694824219, 1.2519999742507935, 1.2519999742507935, 1.2519999742507935, 1.2510000467300415, 1.25, 1.2430000305175781, 1.2419999837875366, 1.246999979019165, 1.246999979019165, 1.2450000047683716, 1.2410000562667847, 1.2419999837875366, 1.246000051498413, 1.2410000562667847, 1.2400000095367432, 1.2419999837875366, 1.2380000352859497, 1.2380000352859497, 1.2389999628067017, 1.2389999628067017, 1.2389999628067017, 1.2359999418258667, 1.2309999465942383, 1.2300000190734863, 1.24399995803833, 1.2410000562667847, 1.2319999933242798, 1.2280000448226929, 1.2269999980926514, 1.2280000448226929, 1.2269999980926514, 1.2239999771118164, 1.222000002861023, 1.218999981880188, 1.2230000495910645, 1.218000054359436, 1.222000002861023, 1.2230000495910645, 1.218999981880188, 1.215000033378601, 1.2109999656677246, 1.2089999914169312, 1.2079999446868896, 1.2070000171661377, 1.2050000429153442, 1.2009999752044678, 1.2020000219345093, 1.2009999752044678, 1.2050000429153442, 1.2039999961853027, 1.2039999961853027, 1.2039999961853027, 1.1990000009536743, 1.1990000009536743, 1.2039999961853027, 1.2059999704360962, 1.1970000267028809, 1.190999984741211, 1.187000036239624, 1.187999963760376, 1.187000036239624, 1.184000015258789, 1.1779999732971191, 1.1779999732971191, 1.190999984741211, 1.190999984741211, 1.184999942779541, 1.184999942779541, 1.1779999732971191, 1.1770000457763672, 1.1770000457763672, 1.1690000295639038, 1.1670000553131104, 1.1670000553131104, 1.1699999570846558, 1.1640000343322754, 1.1640000343322754, 1.1640000343322754, 1.1649999618530273, 1.1629999876022339, 1.159999966621399, 1.1469999551773071, 1.1490000486373901, 1.156999945640564, 1.159000039100647, 1.152999997138977, 1.1490000486373901, 1.1469999551773071, 1.1469999551773071, 1.1480000019073486, 1.1510000228881836, 1.1519999504089355, 1.1480000019073486, 1.149999976158142, 1.149999976158142, 1.1480000019073486, 1.1430000066757202, 1.1349999904632568, 1.13100004196167, 1.1299999952316284, 1.1319999694824219, 1.1319999694824219, 1.1319999694824219, 1.125, 1.1230000257492065, 1.1239999532699585, 1.128999948501587, 1.1269999742507935, 1.11899995803833, 1.1150000095367432, 1.1119999885559082, 1.1139999628067017, 1.1139999628067017, 1.1139999628067017, 1.1100000143051147, 1.1080000400543213, 1.1100000143051147, 1.1069999933242798, 1.1039999723434448, 1.1050000190734863, 1.1030000448226929, 1.1009999513626099, 1.0980000495910645, 1.100000023841858, 1.0989999771118164, 1.0950000286102295, 1.0889999866485596, 1.0859999656677246, 1.0829999446868896, 1.0829999446868896, 1.0809999704360962, 1.0850000381469727, 1.0880000591278076, 1.0839999914169312, 1.0800000429153442, 1.0800000429153442, 1.0800000429153442, 1.0770000219345093, 1.062999963760376, 1.0540000200271606, 1.0549999475479126, 1.0579999685287476, 1.0579999685287476, 1.055999994277954, 1.055999994277954, 1.059000015258789, 1.0609999895095825, 1.0549999475479126, 1.0509999990463257, 1.0509999990463257, 1.0490000247955322, 1.0410000085830688, 1.0410000085830688, 1.0379999876022339, 1.0399999618530273, 1.0399999618530273, 1.0449999570846558, 1.031000018119812, 1.034000039100647, 1.0329999923706055, 1.027999997138977, 1.027999997138977, 1.0240000486373901, 1.0240000486373901, 1.0240000486373901, 1.0219999551773071, 1.0190000534057617, 1.0199999809265137, 1.0199999809265137, 1.0099999904632568, 1.0069999694824219, 1.00600004196167, 1.0110000371932983, 1.0069999694824219, 1.0, 1.0, 0.9959999918937683, 0.9959999918937683, 0.9950000047683716, 0.9900000095367432, 0.9800000190734863, 0.9800000190734863, 0.984000027179718, 0.984000027179718, 0.9829999804496765, 0.9850000143051147, 0.9789999723434448, 0.9779999852180481, 0.9819999933242798, 0.9810000061988831, 0.9750000238418579, 0.968999981880188, 0.9660000205039978, 0.9670000076293945, 0.9599999785423279, 0.9620000123977661, 0.9599999785423279, 0.9580000042915344, 0.9549999833106995, 0.9649999737739563, 0.9570000171661377, 0.9539999961853027, 0.9549999833106995, 0.9539999961853027, 0.9549999833106995, 0.9509999752044678, 0.953000009059906, 0.9509999752044678, 0.9440000057220459, 0.9430000185966492, 0.9330000281333923, 0.9319999814033508, 0.9309999942779541, 0.9269999861717224, 0.9240000247955322, 0.925000011920929, 0.9279999732971191, 0.9279999732971191, 0.9210000038146973, 0.9179999828338623, 0.9160000085830688, 0.9160000085830688, 0.9160000085830688, 0.9139999747276306, 0.9110000133514404, 0.9110000133514404, 0.9049999713897705, 0.902999997138977, 0.902999997138977, 0.8989999890327454, 0.8960000276565552, 0.8939999938011169, 0.8920000195503235, 0.890999972820282, 0.8899999856948853, 0.8920000195503235, 0.8880000114440918, 0.8830000162124634, 0.8830000162124634, 0.8830000162124634, 0.8799999952316284, 0.8759999871253967, 0.878000020980835, 0.875, 0.8740000128746033, 0.875, 0.8709999918937683, 0.8659999966621399, 0.859000027179718, 0.8600000143051147, 0.859000027179718, 0.859000027179718, 0.859000027179718, 0.8529999852180481, 0.8600000143051147, 0.859000027179718, 0.8529999852180481, 0.8450000286102295, 0.843999981880188, 0.8450000286102295, 0.847000002861023, 0.8479999899864197, 0.843999981880188, 0.8429999947547913, 0.8420000076293945, 0.8420000076293945, 0.8370000123977661, 0.8360000252723694, 0.8360000252723694, 0.8360000252723694, 0.8360000252723694, 0.824999988079071, 0.8209999799728394, 0.8190000057220459, 0.8159999847412109, 0.8270000219345093, 0.8190000057220459, 0.8109999895095825, 0.800000011920929, 0.800000011920929, 0.8019999861717224, 0.8019999861717224, 0.8019999861717224, 0.8040000200271606, 0.796999990940094, 0.7940000295639038, 0.796999990940094, 0.796999990940094, 0.7929999828338623, 0.7900000214576721, 0.7879999876022339, 0.7919999957084656, 0.7940000295639038, 0.7940000295639038, 0.7829999923706055, 0.7839999794960022, 0.7829999923706055, 0.7829999923706055, 0.7799999713897705, 0.7789999842643738, 0.7739999890327454, 0.7739999890327454, 0.7720000147819519, 0.7720000147819519, 0.7670000195503235, 0.7580000162124634, 0.7580000162124634, 0.7599999904632568, 0.7630000114440918, 0.7609999775886536, 0.7559999823570251, 0.7559999823570251, 0.7590000033378601, 0.7570000290870667, 0.75, 0.7480000257492065, 0.7480000257492065, 0.746999979019165, 0.7490000128746033, 0.7440000176429749, 0.7440000176429749, 0.7419999837875366, 0.7379999756813049, 0.734000027179718, 0.7319999933242798, 0.734000027179718, 0.7350000143051147, 0.7369999885559082, 0.7360000014305115, 0.7329999804496765, 0.7289999723434448, 0.7319999933242798, 0.7300000190734863, 0.7229999899864197, 0.7210000157356262, 0.7229999899864197, 0.722000002861023, 0.722000002861023, 0.718999981880188, 0.7170000076293945, 0.7170000076293945, 0.7170000076293945, 0.7160000205039978, 0.7120000123977661, 0.7059999704360962, 0.7070000171661377, 0.7070000171661377, 0.7070000171661377, 0.7049999833106995, 0.7059999704360962, 0.7049999833106995, 0.7020000219345093, 0.6970000267028809, 0.6970000267028809, 0.6959999799728394, 0.6970000267028809, 0.699999988079071, 0.6990000009536743, 0.6970000267028809, 0.6970000267028809, 0.6880000233650208, 0.6869999766349792, 0.6869999766349792, 0.6859999895095825, 0.6859999895095825, 0.675000011920929, 0.675000011920929, 0.6769999861717224, 0.6809999942779541, 0.6859999895095825, 0.6809999942779541, 0.6690000295639038, 0.671999990940094, 0.6710000038146973, 0.6700000166893005, 0.6700000166893005, 0.6729999780654907, 0.6740000247955322, 0.6690000295639038, 0.6660000085830688, 0.6660000085830688, 0.6700000166893005, 0.6679999828338623, 0.6650000214576721, 0.6589999794960022, 0.6579999923706055, 0.6539999842643738, 0.6539999842643738, 0.6589999794960022, 0.6610000133514404, 0.6579999923706055, 0.656000018119812, 0.652999997138977, 0.6489999890327454, 0.6539999842643738, 0.6539999842643738, 0.6510000228881836, 0.6489999890327454, 0.6520000100135803, 0.6520000100135803, 0.6499999761581421, 0.6480000019073486, 0.6480000019073486, 0.6480000019073486, 0.6480000019073486, 0.6480000019073486, 0.6449999809265137, 0.6420000195503235, 0.6370000243186951, 0.6349999904632568, 0.6349999904632568, 0.6380000114440918, 0.6430000066757202, 0.6439999938011169, 0.6430000066757202, 0.6370000243186951, 0.6320000290870667, 0.6320000290870667, 0.6320000290870667, 0.6309999823570251, 0.625, 0.6269999742507935, 0.6230000257492065, 0.6240000128746033, 0.6200000047683716, 0.6169999837875366, 0.6169999837875366, 0.6190000176429749, 0.6320000290870667, 0.6230000257492065, 0.6200000047683716, 0.6200000047683716, 0.621999979019165, 0.6230000257492065, 0.6230000257492065, 0.625, 0.6190000176429749, 0.6169999837875366, 0.6140000224113464, 0.6100000143051147, 0.6100000143051147, 0.6129999756813049, 0.6129999756813049, 0.6190000176429749, 0.6179999709129333, 0.6140000224113464, 0.6119999885559082, 0.6129999756813049, 0.6100000143051147, 0.609000027179718, 0.6069999933242798, 0.6039999723434448, 0.6039999723434448, 0.6039999723434448, 0.6000000238418579, 0.6029999852180481, 0.6000000238418579, 0.6039999723434448, 0.6029999852180481, 0.6010000109672546, 0.6019999980926514, 0.6010000109672546, 0.5989999771118164, 0.5979999899864197, 0.5989999771118164, 0.6019999980926514, 0.609000027179718, 0.6069999933242798, 0.6019999980926514, 0.6010000109672546, 0.597000002861023, 0.597000002861023, 0.6069999933242798, 0.6039999723434448, 0.6000000238418579, 0.5989999771118164, 0.593999981880188, 0.5950000286102295, 0.5950000286102295, 0.5960000157356262, 0.5929999947547913, 0.6010000109672546, 0.6050000190734863, 0.6000000238418579, 0.5989999771118164, 0.5989999771118164, 0.597000002861023, 0.597000002861023, 0.597000002861023, 0.5979999899864197, 0.5889999866485596, 0.5910000205039978, 0.5899999737739563, 0.5929999947547913, 0.5920000076293945, 0.5960000157356262, 0.5899999737739563, 0.5899999737739563, 0.5899999737739563, 0.5910000205039978, 0.5910000205039978, 0.5950000286102295, 0.5950000286102295, 0.5979999899864197, 0.5950000286102295, 0.5929999947547913, 0.5989999771118164, 0.6010000109672546, 0.593999981880188, 0.5899999737739563, 0.5920000076293945, 0.5920000076293945, 0.593999981880188, 0.5950000286102295, 0.6019999980926514, 0.6019999980926514, 0.5929999947547913, 0.597000002861023, 0.5979999899864197, 0.5960000157356262, 0.597000002861023, 0.597000002861023, 0.6050000190734863, 0.6039999723434448, 0.6029999852180481, 0.6069999933242798, 0.6079999804496765, 0.6079999804496765, 0.6069999933242798, 0.6069999933242798, 0.6060000061988831, 0.6050000190734863, 0.6069999933242798, 0.6069999933242798, 0.6079999804496765, 0.6069999933242798, 0.6110000014305115, 0.6110000014305115, 0.6119999885559082, 0.6119999885559082, 0.6110000014305115, 0.6100000143051147, 0.6100000143051147, 0.6100000143051147, 0.6129999756813049, 0.6179999709129333, 0.6179999709129333, 0.6200000047683716, 0.621999979019165, 0.6230000257492065, 0.6150000095367432, 0.6110000014305115, 0.6140000224113464, 0.6200000047683716, 0.625, 0.6169999837875366, 0.6179999709129333, 0.6179999709129333, 0.628000020980835, 0.6269999742507935, 0.6340000033378601, 0.6269999742507935, 0.6200000047683716, 0.625, 0.6370000243186951, 0.6370000243186951, 0.6309999823570251, 0.628000020980835, 0.628000020980835, 0.6299999952316284, 0.6320000290870667, 0.6330000162124634, 0.6359999775886536, 0.6330000162124634, 0.6340000033378601, 0.6340000033378601, 0.6340000033378601, 0.6349999904632568, 0.6349999904632568, 0.6320000290870667, 0.6320000290870667, 0.6309999823570251, 0.6320000290870667, 0.6340000033378601, 0.6349999904632568, 0.6359999775886536, 0.6359999775886536, 0.6359999775886536, 0.6359999775886536, 0.6370000243186951, 0.6340000033378601, 0.6359999775886536, 0.6359999775886536, 0.6299999952316284, 0.6309999823570251, 0.640999972820282, 0.640999972820282, 0.6370000243186951, 0.6389999985694885, 0.6389999985694885, 0.6489999890327454, 0.6510000228881836, 0.6489999890327454, 0.6449999809265137, 0.6460000276565552, 0.6460000276565552, 0.6480000019073486, 0.6510000228881836, 0.6460000276565552, 0.6460000276565552, 0.6470000147819519, 0.6499999761581421, 0.6539999842643738, 0.6539999842643738, 0.6549999713897705, 0.656000018119812, 0.6510000228881836, 0.6510000228881836, 0.6510000228881836, 0.6510000228881836, 0.6579999923706055, 0.6650000214576721, 0.6679999828338623, 0.6729999780654907, 0.6690000295639038, 0.6740000247955322, 0.6800000071525574, 0.6790000200271606, 0.6779999732971191, 0.6819999814033508, 0.6840000152587891, 0.6830000281333923, 0.6880000233650208, 0.6859999895095825, 0.6959999799728394, 0.6990000009536743, 0.7009999752044678, 0.7009999752044678, 0.703000009059906, 0.7049999833106995, 0.7049999833106995, 0.6990000009536743]
intensities: [1023.0, 1088.0, 1115.0, 1122.0, 1133.0, 1154.0, 1205.0, 1274.0, 1269.0, 1329.0, 1345.0, 1356.0, 1351.0, 1296.0, 1219.0, 1142.0, 1046.0, 949.0, 768.0, 812.0, 897.0, 973.0, 990.0, 1020.0, 1025.0, 998.0, 998.0, 1000.0, 1059.0, 1110.0, 1193.0, 1209.0, 1336.0, 1403.0, 1416.0, 1419.0, 1443.0, 1464.0, 1478.0, 1489.0, 1488.0, 1500.0, 1499.0, 1510.0, 1504.0, 1504.0, 1510.0, 1512.0, 1503.0, 1501.0, 1505.0, 1494.0, 1484.0, 1479.0, 1476.0, 1472.0, 1468.0, 1472.0, 1464.0, 1483.0, 1479.0, 1475.0, 1475.0, 1461.0, 1469.0, 1468.0, 1452.0, 1444.0, 1456.0, 1457.0, 1451.0, 1458.0, 1458.0, 1462.0, 1451.0, 1431.0, 1427.0, 1424.0, 1435.0, 1437.0, 1431.0, 1431.0, 1436.0, 1428.0, 1421.0, 1417.0, 1408.0, 1408.0, 1408.0, 1412.0, 1406.0, 1390.0, 1383.0, 1400.0, 1400.0, 1358.0, 1367.0, 1384.0, 1384.0, 1360.0, 1351.0, 1362.0, 1350.0, 1350.0, 1350.0, 1351.0, 1351.0, 1335.0, 1328.0, 1344.0, 1328.0, 1342.0, 1361.0, 1354.0, 1351.0, 1342.0, 1343.0, 1333.0, 1333.0, 1319.0, 1325.0, 1339.0, 1344.0, 1344.0, 1314.0, 1330.0, 1312.0, 1292.0, 1287.0, 1290.0, 1292.0, 1285.0, 1283.0, 1286.0, 1288.0, 1293.0, 1284.0, 1282.0, 1281.0, 1285.0, 1286.0, 1277.0, 1277.0, 1283.0, 1280.0, 1275.0, 1270.0, 1266.0, 1258.0, 1252.0, 1253.0, 1248.0, 1253.0, 1252.0, 1256.0, 1250.0, 1244.0, 1225.0, 1241.0, 1239.0, 1241.0, 1245.0, 1240.0, 1237.0, 1228.0, 1216.0, 1226.0, 1226.0, 1242.0, 1240.0, 1248.0, 1229.0, 1229.0, 1236.0, 1222.0, 1222.0, 1238.0, 1212.0, 1247.0, 1233.0, 1233.0, 1235.0, 1223.0, 1211.0, 1230.0, 1226.0, 1220.0, 1220.0, 1223.0, 1223.0, 1229.0, 1228.0, 1216.0, 1205.0, 1201.0, 1218.0, 1218.0, 1208.0, 1205.0, 1216.0, 1232.0, 1233.0, 1229.0, 1219.0, 1204.0, 1200.0, 1228.0, 1233.0, 1230.0, 1225.0, 1214.0, 1223.0, 1215.0, 1214.0, 1214.0, 1203.0, 1196.0, 1181.0, 1186.0, 1210.0, 1210.0, 1185.0, 1175.0, 1174.0, 1182.0, 1175.0, 1192.0, 1184.0, 1175.0, 1189.0, 1185.0, 1173.0, 1155.0, 1136.0, 1158.0, 1158.0, 1166.0, 1153.0, 1164.0, 1150.0, 1155.0, 1155.0, 1154.0, 1156.0, 1166.0, 1166.0, 1173.0, 1150.0, 1134.0, 1150.0, 1141.0, 1141.0, 1140.0, 1130.0, 1133.0, 1118.0, 1121.0, 1118.0, 1115.0, 1124.0, 1120.0, 1128.0, 1097.0, 1136.0, 1148.0, 1141.0, 1148.0, 1148.0, 1125.0, 1130.0, 1109.0, 1118.0, 1137.0, 1090.0, 1095.0, 1101.0, 1104.0, 1104.0, 1100.0, 1091.0, 1095.0, 1101.0, 1089.0, 1092.0, 1102.0, 1114.0, 1120.0, 1120.0, 1107.0, 1094.0, 1092.0, 1106.0, 1085.0, 1087.0, 1108.0, 1097.0, 1111.0, 1088.0, 1094.0, 1077.0, 1060.0, 1075.0, 1135.0, 1402.0, 1488.0, 1452.0, 964.0, 976.0, 985.0, 988.0, 980.0, 990.0, 979.0, 994.0, 1004.0, 1002.0, 1002.0, 1001.0, 1022.0, 1006.0, 1032.0, 1026.0, 1031.0, 1019.0, 1027.0, 1031.0, 1028.0, 1033.0, 1042.0, 1038.0, 1034.0, 1041.0, 1059.0, 1051.0, 1054.0, 1057.0, 1054.0, 1064.0, 1063.0, 1081.0, 1074.0, 1076.0, 1073.0, 1078.0, 1076.0, 1081.0, 1098.0, 1101.0, 1104.0, 1099.0, 1105.0, 1105.0, 1111.0, 1111.0, 1113.0, 1130.0, 1123.0, 1118.0, 1116.0, 1106.0, 1143.0, 1118.0, 1117.0, 1104.0, 1115.0, 1105.0, 1105.0, 1083.0, 1105.0, 1092.0, 1081.0, 1085.0, 1092.0, 1087.0, 1082.0, 1093.0, 1093.0, 1093.0, 1118.0, 1109.0, 1121.0, 1118.0, 1112.0, 1122.0, 1126.0, 1122.0, 1119.0, 1145.0, 1130.0, 1112.0, 1124.0, 1121.0, 1148.0, 1119.0, 1117.0, 1120.0, 1104.0, 1110.0, 1117.0, 1132.0, 1132.0, 1114.0, 1114.0, 1127.0, 1124.0, 1119.0, 1118.0, 1119.0, 1121.0, 1117.0, 1118.0, 1121.0, 1120.0, 1117.0, 1118.0, 1120.0, 1121.0, 1130.0, 1126.0, 1130.0, 1129.0, 1129.0, 1132.0, 1132.0, 1142.0, 1144.0, 1159.0, 1170.0, 1192.0, 1184.0, 1208.0, 1238.0, 1242.0, 1249.0, 1239.0, 1248.0, 1274.0, 1276.0, 1306.0, 1301.0, 1301.0, 1286.0, 1286.0, 1306.0, 1306.0, 1303.0, 1305.0, 1305.0, 1308.0, 1315.0, 1319.0, 1297.0, 1310.0, 1311.0, 1310.0, 1325.0, 1328.0, 1323.0, 1325.0, 1330.0, 1329.0, 1330.0, 1338.0, 1337.0, 1334.0, 1322.0, 1312.0, 1318.0, 1315.0, 1321.0, 1313.0, 1318.0, 1348.0, 1337.0, 1332.0, 1337.0, 1325.0, 1319.0, 1319.0, 1331.0, 1324.0, 1319.0, 1324.0, 1326.0, 1324.0, 1328.0, 1309.0, 1329.0, 1322.0, 1334.0, 1339.0, 1329.0, 1327.0, 1321.0, 1337.0, 1330.0, 1347.0, 1337.0, 1344.0, 1337.0, 1350.0, 1345.0, 1345.0, 1348.0, 1345.0, 1342.0, 1342.0, 1334.0, 1344.0, 1355.0, 1362.0, 1351.0, 1340.0, 1346.0, 1339.0, 1336.0, 1340.0, 1344.0, 1339.0, 1334.0, 1344.0, 1342.0, 1356.0, 1361.0, 1350.0, 1332.0, 1340.0, 1323.0, 1333.0, 1344.0, 1355.0, 1338.0, 1347.0, 1347.0, 1347.0, 1347.0, 1358.0, 1371.0, 1356.0, 1346.0, 1339.0, 1339.0, 1341.0, 1339.0, 1349.0, 1362.0, 1356.0, 1366.0, 1370.0, 1356.0, 1363.0, 1363.0, 1374.0, 1376.0, 1373.0, 1375.0, 1371.0, 1371.0, 1378.0, 1378.0, 1383.0, 1385.0, 1371.0, 1368.0, 1372.0, 1367.0, 1370.0, 1372.0, 1376.0, 1377.0, 1390.0, 1399.0, 1391.0, 1384.0, 1376.0, 1376.0, 1388.0, 1392.0, 1375.0, 1379.0, 1381.0, 1381.0, 1382.0, 1386.0, 1379.0, 1373.0, 1351.0, 1376.0, 1378.0, 1379.0, 1387.0, 1392.0, 1401.0, 1402.0, 1398.0, 1395.0, 1396.0, 1388.0, 1385.0, 1407.0, 1407.0, 1395.0, 1395.0, 1398.0, 1405.0, 1413.0, 1411.0, 1416.0, 1408.0, 1419.0, 1410.0, 1417.0, 1423.0, 1414.0, 1428.0, 1428.0, 1411.0, 1414.0, 1424.0, 1432.0, 1432.0, 1426.0, 1426.0, 1437.0, 1436.0, 1421.0, 1404.0, 1435.0, 1430.0, 1428.0, 1435.0, 1437.0, 1458.0, 1442.0, 1447.0, 1450.0, 1449.0, 1454.0, 1453.0, 1450.0, 1448.0, 1444.0, 1446.0, 1447.0, 1454.0, 1454.0, 1467.0, 1474.0, 1468.0, 1483.0, 1472.0, 1486.0, 1485.0, 1483.0, 1470.0, 1491.0, 1493.0, 1473.0, 1481.0, 1485.0, 1488.0, 1492.0, 1475.0, 1485.0, 1487.0, 1483.0, 1494.0, 1494.0, 1508.0, 1516.0, 1520.0, 1517.0, 1509.0, 1505.0, 1494.0, 1505.0, 1539.0, 1530.0, 1530.0, 1514.0, 1525.0, 1535.0, 1518.0, 1534.0, 1522.0, 1530.0, 1527.0, 1540.0, 1560.0, 1552.0, 1538.0, 1532.0, 1531.0, 1564.0, 1555.0, 1548.0, 1539.0, 1543.0, 1543.0, 1531.0, 1519.0, 1537.0, 1537.0, 1541.0, 1547.0, 1536.0, 1540.0, 1544.0, 1553.0, 1584.0, 1557.0, 1569.0, 1558.0, 1560.0, 1565.0, 1568.0, 1561.0, 1563.0, 1563.0, 1560.0, 1560.0, 1558.0, 1548.0, 1550.0, 1571.0, 1567.0, 1567.0, 1552.0, 1552.0, 1562.0, 1555.0, 1568.0, 1568.0, 1548.0, 1555.0, 1563.0, 1563.0, 1561.0, 1560.0, 1568.0, 1574.0, 1551.0, 1551.0, 1585.0, 1581.0, 1581.0, 1569.0, 1576.0, 1591.0, 1574.0, 1581.0, 1573.0, 1570.0, 1573.0, 1569.0, 1573.0, 1566.0, 1557.0, 1557.0, 1558.0, 1557.0, 1568.0, 1568.0, 1568.0, 1557.0, 1554.0, 1554.0, 1548.0, 1559.0, 1571.0, 1574.0, 1567.0, 1550.0, 1548.0, 1556.0, 1562.0, 1555.0, 1548.0, 1543.0, 1541.0, 1538.0, 1547.0, 1530.0, 1551.0, 1555.0, 1560.0, 1554.0, 1554.0, 1550.0, 1520.0, 1533.0, 1555.0, 1538.0, 1526.0, 1527.0, 1522.0, 1523.0, 1529.0, 1543.0, 1542.0, 1535.0, 1531.0, 1536.0, 1537.0, 1524.0, 1534.0, 1524.0, 1513.0, 1533.0, 1503.0, 1510.0, 1516.0, 1507.0, 1520.0, 1514.0, 1500.0, 1490.0, 1497.0, 1492.0, 1489.0, 1491.0, 1482.0, 1484.0, 1484.0, 1479.0, 1490.0, 1490.0, 1504.0, 1501.0, 1487.0, 1500.0, 1490.0, 1482.0, 1455.0, 1455.0, 1464.0, 1473.0, 1462.0, 1462.0, 1459.0, 1471.0, 1471.0, 1469.0, 1480.0, 1494.0, 1450.0, 1437.0, 1450.0, 1432.0, 1432.0, 1429.0, 1446.0, 1439.0, 1439.0, 1437.0, 1442.0, 1437.0, 1437.0, 1425.0, 1436.0, 1434.0, 1427.0, 1447.0, 1440.0, 1438.0, 1427.0, 1423.0, 1419.0, 1422.0, 1424.0, 1424.0, 1417.0, 1420.0, 1419.0, 1429.0, 1405.0, 1415.0, 1404.0, 1403.0, 1396.0, 1382.0, 1382.0, 1407.0, 1407.0, 1413.0, 1400.0, 1412.0, 1400.0, 1400.0, 1383.0, 1378.0, 1383.0, 1376.0, 1363.0, 1374.0, 1362.0, 1374.0, 1374.0, 1372.0, 1363.0, 1371.0, 1386.0, 1372.0, 1366.0, 1354.0, 1361.0, 1363.0, 1359.0, 1349.0, 1343.0, 1345.0, 1369.0, 1356.0, 1354.0, 1343.0, 1338.0, 1342.0, 1342.0, 1340.0, 1332.0, 1345.0, 1350.0, 1340.0, 1331.0, 1331.0, 1329.0, 1329.0, 1325.0, 1313.0, 1339.0, 1331.0, 1319.0, 1342.0, 1321.0, 1319.0, 1275.0, 1275.0, 1285.0, 1296.0, 1296.0, 1311.0, 1308.0, 1313.0, 1308.0, 1304.0, 1302.0, 1304.0, 1316.0, 1302.0, 1305.0, 1305.0, 1318.0, 1311.0, 1313.0, 1313.0, 1272.0, 1297.0, 1318.0, 1310.0, 1313.0, 1307.0, 1301.0, 1314.0, 1327.0, 1316.0, 1312.0, 1312.0, 1324.0, 1324.0, 1335.0, 1329.0, 1321.0, 1314.0, 1328.0, 1320.0, 1319.0, 1314.0, 1340.0, 1340.0, 1337.0, 1334.0, 1334.0, 1334.0, 1342.0, 1354.0, 1360.0, 1361.0, 1352.0, 1354.0, 1361.0, 1352.0, 1356.0, 1366.0, 1376.0, 1337.0, 1352.0, 1352.0, 1370.0, 1343.0, 1363.0, 1347.0, 1340.0, 1350.0, 1365.0, 1365.0, 1378.0, 1375.0, 1356.0, 1373.0, 1373.0, 1374.0, 1380.0, 1374.0, 1369.0, 1375.0, 1371.0, 1367.0, 1367.0, 1383.0, 1383.0, 1397.0, 1375.0, 1375.0, 1379.0, 1387.0, 1391.0, 1391.0, 1381.0, 1395.0, 1392.0, 1393.0, 1393.0, 1412.0, 1404.0, 1401.0, 1401.0, 1394.0, 1394.0, 1394.0, 1408.0, 1412.0, 1405.0, 1406.0, 1405.0, 1405.0, 1405.0, 1404.0, 1406.0, 1406.0, 1407.0, 1399.0, 1407.0, 1407.0, 1405.0, 1401.0, 1406.0, 1406.0, 1405.0, 1405.0, 1404.0, 1406.0, 1405.0, 1407.0, 1401.0, 1401.0, 1402.0, 1397.0, 1393.0, 1393.0, 1393.0, 1394.0, 1391.0, 1392.0, 1387.0, 1387.0, 1386.0, 1386.0, 1387.0, 1389.0, 1399.0, 1379.0]