header: 
  seq: 1346
  stamp: 
    secs: 1548820790
    nsecs: 805817075
  frame_id: "base_link"
angle_min: -2.35619449615
angle_max: 2.35619449615
angle_increment: 0.00436332309619
time_increment: 1.73611151695e-05
scan_time: 0.0250000003725
range_min: 0.019999999553
range_max: 30.0
ranges: [0.4779999852180481, 0.47099998593330383, 0.46799999475479126, 0.46700000762939453, 0.4749999940395355, 0.47999998927116394, 0.48399999737739563, 0.48500001430511475, 0.4860000014305115, 0.4869999885559082, 0.49000000953674316, 0.4830000102519989, 0.4819999933242798, 0.4740000069141388, 0.4490000009536743, 0.4429999887943268, 0.40700000524520874, 0.36800000071525574, 0.3479999899864197, 0.3140000104904175, 0.38600000739097595, 0.41999998688697815, 0.45899999141693115, 0.46000000834465027, 0.45899999141693115, 0.4580000042915344, 0.46000000834465027, 0.45500001311302185, 0.4569999873638153, 0.4580000042915344, 0.44200000166893005, 0.46000000834465027, 0.46000000834465027, 0.46000000834465027, 0.460999995470047, 0.45500001311302185, 0.4620000123977661, 0.4620000123977661, 0.44999998807907104, 0.4490000009536743, 0.45500001311302185, 0.4580000042915344, 0.45399999618530273, 0.453000009059906, 0.453000009059906, 0.4490000009536743, 0.4399999976158142, 0.44200000166893005, 0.44600000977516174, 0.4399999976158142, 0.4390000104904175, 0.44200000166893005, 0.4390000104904175, 0.4390000104904175, 0.4320000112056732, 0.4320000112056732, 0.43299999833106995, 0.4359999895095825, 0.4359999895095825, 0.4320000112056732, 0.4320000112056732, 0.43799999356269836, 0.43799999356269836, 0.4309999942779541, 0.4230000078678131, 0.4269999861717224, 0.4269999861717224, 0.42100000381469727, 0.4230000078678131, 0.43299999833106995, 0.43299999833106995, 0.41999998688697815, 0.41999998688697815, 0.42100000381469727, 0.42399999499320984, 0.4259999990463257, 0.4259999990463257, 0.41999998688697815, 0.41999998688697815, 0.42100000381469727, 0.421999990940094, 0.4269999861717224, 0.4269999861717224, 0.42500001192092896, 0.4230000078678131, 0.42100000381469727, 0.4180000126361847, 0.4180000126361847, 0.4180000126361847, 0.4180000126361847, 0.4180000126361847, 0.4180000126361847, 0.4180000126361847, 0.4129999876022339, 0.4129999876022339, 0.4129999876022339, 0.4129999876022339, 0.4090000092983246, 0.4090000092983246, 0.41100001335144043, 0.4099999964237213, 0.41100001335144043, 0.41100001335144043, 0.4129999876022339, 0.4180000126361847, 0.41499999165534973, 0.41200000047683716, 0.4099999964237213, 0.40799999237060547, 0.40799999237060547, 0.4090000092983246, 0.4050000011920929, 0.4099999964237213, 0.4050000011920929, 0.4059999883174896, 0.40400001406669617, 0.40400001406669617, 0.4020000100135803, 0.40299999713897705, 0.40400001406669617, 0.40400001406669617, 0.40400001406669617, 0.40400001406669617, 0.4050000011920929, 0.40400001406669617, 0.4009999930858612, 0.40400001406669617, 0.40400001406669617, 0.40400001406669617, 0.40400001406669617, 0.40400001406669617, 0.4009999930858612, 0.4009999930858612, 0.40299999713897705, 0.40400001406669617, 0.40400001406669617, 0.4009999930858612, 0.3970000147819519, 0.39399999380111694, 0.4059999883174896, 0.40700000524520874, 0.4050000011920929, 0.40299999713897705, 0.39500001072883606, 0.3970000147819519, 0.4020000100135803, 0.4020000100135803, 0.39899998903274536, 0.4020000100135803, 0.4009999930858612, 0.4059999883174896, 0.39899998903274536, 0.3959999978542328, 0.3959999978542328, 0.39800000190734863, 0.4020000100135803, 0.39899998903274536, 0.39500001072883606, 0.39800000190734863, 0.4009999930858612, 0.39800000190734863, 0.39899998903274536, 0.4009999930858612, 0.4009999930858612, 0.4009999930858612, 0.4000000059604645, 0.39800000190734863, 0.3959999978542328, 0.3959999978542328, 0.3970000147819519, 0.3959999978542328, 0.39500001072883606, 0.39800000190734863, 0.4000000059604645, 0.4000000059604645, 0.4020000100135803, 0.4020000100135803, 0.4020000100135803, 0.39399999380111694, 0.39399999380111694, 0.3930000066757202, 0.3970000147819519, 0.39899998903274536, 0.40400001406669617, 0.40299999713897705, 0.4020000100135803, 0.3889999985694885, 0.3889999985694885, 0.39500001072883606, 0.4000000059604645, 0.39500001072883606, 0.3919999897480011, 0.38999998569488525, 0.39100000262260437, 0.3919999897480011, 0.3930000066757202, 0.39399999380111694, 0.39399999380111694, 0.3959999978542328, 0.3970000147819519, 0.39800000190734863, 0.39800000190734863, 0.39899998903274536, 0.3930000066757202, 0.39100000262260437, 0.39100000262260437, 0.3959999978542328, 0.3970000147819519, 0.3970000147819519, 0.39399999380111694, 0.3959999978542328, 0.39500001072883606, 0.3970000147819519, 0.3970000147819519, 0.3970000147819519, 0.40299999713897705, 0.4050000011920929, 0.40400001406669617, 0.4020000100135803, 0.39800000190734863, 0.3959999978542328, 0.39800000190734863, 0.39800000190734863, 0.3930000066757202, 0.4009999930858612, 0.4009999930858612, 0.40299999713897705, 0.4050000011920929, 0.4090000092983246, 0.4050000011920929, 0.4050000011920929, 0.41499999165534973, 0.4129999876022339, 0.4099999964237213, 0.41100001335144043, 0.41100001335144043, 0.4050000011920929, 0.41200000047683716, 0.41200000047683716, 0.4129999876022339, 0.414000004529953, 0.4180000126361847, 0.41100001335144043, 0.4129999876022339, 0.41600000858306885, 0.41600000858306885, 0.41499999165534973, 0.421999990940094, 0.41600000858306885, 0.41600000858306885, 0.41600000858306885, 0.42100000381469727, 0.41999998688697815, 0.42100000381469727, 0.421999990940094, 0.4230000078678131, 0.42100000381469727, 0.421999990940094, 0.4309999942779541, 0.4309999942779541, 0.4309999942779541, 0.4350000023841858, 0.4269999861717224, 0.42899999022483826, 0.4300000071525574, 0.4309999942779541, 0.4309999942779541, 0.4350000023841858, 0.4350000023841858, 0.4350000023841858, 0.43299999833106995, 0.43799999356269836, 0.4440000057220459, 0.4390000104904175, 0.44200000166893005, 0.4399999976158142, 0.4399999976158142, 0.4429999887943268, 0.44600000977516174, 0.44600000977516174, 0.4490000009536743, 0.4490000009536743, 0.45100000500679016, 0.46000000834465027, 0.460999995470047, 0.4519999921321869, 0.4490000009536743, 0.4490000009536743, 0.4569999873638153, 0.45500001311302185, 0.45399999618530273, 0.46799999475479126, 0.4690000116825104, 0.4699999988079071, 0.4749999940395355, 0.46700000762939453, 0.4659999907016754, 0.4690000116825104, 0.47200000286102295, 0.47200000286102295, 0.4740000069141388, 0.4749999940395355, 0.4740000069141388, 0.4779999852180481, 0.4869999885559082, 0.48399999737739563, 0.4819999933242798, 0.4880000054836273, 0.48899999260902405, 0.4909999966621399, 0.4909999966621399, 0.4970000088214874, 0.5019999742507935, 0.5059999823570251, 0.503000020980835, 0.5009999871253967, 0.5009999871253967, 0.503000020980835, 0.503000020980835, 0.5049999952316284, 0.5099999904632568, 0.5120000243186951, 0.5120000243186951, 0.5120000243186951, 0.5120000243186951, 0.5139999985694885, 0.5249999761581421, 0.5220000147819519, 0.5220000147819519, 0.5289999842643738, 0.5320000052452087, 0.5389999747276306, 0.5389999747276306, 0.5370000004768372, 0.5360000133514404, 0.5360000133514404, 0.546999990940094, 0.5540000200271606, 0.5550000071525574, 0.5569999814033508, 0.5559999942779541, 0.5540000200271606, 0.5699999928474426, 0.5690000057220459, 0.5680000185966492, 0.5680000185966492, 0.5690000057220459, 0.5690000057220459, 0.578000009059906, 0.5799999833106995, 0.5830000042915344, 0.5879999995231628, 0.597000002861023, 0.593999981880188, 0.593999981880188, 0.6039999723434448, 0.6039999723434448, 0.6100000143051147, 0.6119999885559082, 0.6159999966621399, 0.609000027179718, 0.6150000095367432, 0.6240000128746033, 0.6320000290870667, 0.6330000162124634, 0.6330000162124634, 0.6309999823570251, 0.6370000243186951, 0.6420000195503235, 0.6449999809265137, 0.6510000228881836, 0.6549999713897705, 0.6570000052452087, 0.6620000004768372, 0.6669999957084656, 0.6650000214576721, 0.6690000295639038, 0.6800000071525574, 0.6830000281333923, 0.6840000152587891, 0.6859999895095825, 0.6940000057220459, 0.6990000009536743, 0.703000009059906, 0.703000009059906, 0.7070000171661377, 0.7070000171661377, 0.7229999899864197, 0.7229999899864197, 0.7279999852180481, 0.7390000224113464, 0.7440000176429749, 0.7450000047683716, 0.7450000047683716, 0.7509999871253967, 0.7549999952316284, 0.7559999823570251, 0.7649999856948853, 0.7680000066757202, 0.777999997138977, 0.7860000133514404, 0.7940000295639038, 0.800000011920929, 0.8080000281333923, 0.8190000057220459, 0.8240000009536743, 0.8199999928474426, 0.8299999833106995, 0.8339999914169312, 0.8379999995231628, 0.8450000286102295, 0.8539999723434448, 0.8640000224113464, 0.8690000176429749, 0.8820000290870667, 0.8820000290870667, 0.8920000195503235, 0.9020000100135803, 0.906000018119812, 0.9200000166893005, 0.9330000281333923, 0.9409999847412109, 0.9570000171661377, 0.9570000171661377, 0.9549999833106995, 0.9729999899864197, 1.0399999618530273, 1.121999979019165, 1.2309999465942383, 1.4529999494552612, 1.6690000295639038, 2.061000108718872, 2.071000099182129, 2.0769999027252197, 2.072999954223633, 2.069999933242798, 2.065999984741211, 2.069000005722046, 2.065000057220459, 2.062999963760376, 2.055000066757202, 2.055000066757202, 2.055000066757202, 2.053999900817871, 2.049999952316284, 2.0450000762939453, 2.0350000858306885, 2.0339999198913574, 2.0339999198913574, 2.0320000648498535, 2.0239999294281006, 2.0169999599456787, 2.0209999084472656, 2.006999969482422, 2.006999969482422, 2.007999897003174, 2.015000104904175, 2.013000011444092, 2.009999990463257, 2.007999897003174, 2.006999969482422, 2.003000020980835, 2.0, 2.0, 1.996000051498413, 1.9919999837875366, 1.99399995803833, 1.9869999885559082, 1.9869999885559082, 1.9769999980926514, 1.9809999465942383, 1.9759999513626099, 1.9819999933242798, 1.9809999465942383, 1.9759999513626099, 1.975000023841858, 1.9709999561309814, 1.9709999561309814, 1.9620000123977661, 1.9620000123977661, 1.9620000123977661, 1.9620000123977661, 1.9730000495910645, 1.9630000591278076, 1.9600000381469727, 1.9550000429153442, 1.9509999752044678, 1.9500000476837158, 1.9429999589920044, 1.944000005722046, 1.9459999799728394, 1.940999984741211, 1.940000057220459, 1.940999984741211, 1.940999984741211, 1.9299999475479126, 1.9259999990463257, 1.9220000505447388, 1.9210000038146973, 1.9220000505447388, 1.9190000295639038, 1.9110000133514404, 1.906999945640564, 1.9040000438690186, 1.9010000228881836, 1.8940000534057617, 1.8960000276565552, 1.8919999599456787, 1.8880000114440918, 1.8819999694824219, 1.8760000467300415, 1.8819999694824219, 1.8769999742507935, 1.8739999532699585, 1.8639999628067017, 1.8650000095367432, 1.8630000352859497, 1.850000023841858, 1.847000002861023, 1.8459999561309814, 1.843999981880188, 1.8420000076293945, 1.8380000591278076, 1.8320000171661377, 1.8240000009536743, 1.8229999542236328, 1.8229999542236328, 1.819000005722046, 1.812000036239624, 1.8070000410079956, 1.8009999990463257, 1.7960000038146973, 1.7929999828338623, 1.7929999828338623, 1.7910000085830688, 1.774999976158142, 1.7690000534057617, 1.7690000534057617, 1.7630000114440918, 1.7630000114440918, 1.753999948501587, 1.74399995803833, 1.7359999418258667, 1.7350000143051147, 1.7259999513626099, 1.7209999561309814, 1.722000002861023, 1.7079999446868896, 1.7039999961853027, 1.6990000009536743, 1.6970000267028809, 1.6890000104904175, 1.684999942779541, 1.6759999990463257, 1.6679999828338623, 1.6699999570846558, 1.6660000085830688, 1.6619999408721924, 1.652999997138977, 1.6419999599456787, 1.63100004196167, 1.628999948501587, 1.628000020980835, 1.6230000257492065, 1.6139999628067017, 1.6130000352859497, 1.6039999723434448, 1.5889999866485596, 1.5750000476837158, 1.569000005722046, 1.565000057220459, 1.5579999685287476, 1.5509999990463257, 1.5429999828338623, 1.5369999408721924, 1.534000039100647, 1.5269999504089355, 1.5230000019073486, 1.5169999599456787, 1.5089999437332153, 1.5049999952316284, 1.5019999742507935, 1.496999979019165, 1.4980000257492065, 1.4880000352859497, 1.465999960899353, 1.4589999914169312, 1.4500000476837158, 1.4479999542236328, 1.4429999589920044, 1.4329999685287476, 1.4160000085830688, 1.409999966621399, 1.406999945640564, 1.3949999809265137, 1.3910000324249268, 1.3849999904632568, 1.3669999837875366, 1.3589999675750732, 1.3569999933242798, 1.3509999513626099, 1.340000033378601, 1.3370000123977661, 1.3300000429153442, 1.3170000314712524, 1.312999963760376, 1.3009999990463257, 1.2970000505447388, 1.2829999923706055, 1.2760000228881836, 1.2610000371932983, 1.2480000257492065, 1.2369999885559082, 1.2369999885559082, 1.2269999980926514, 1.2100000381469727, 1.2050000429153442, 1.1990000009536743, 1.184999942779541, 1.1660000085830688, 1.1679999828338623, 1.1619999408721924, 1.1469999551773071, 1.1299999952316284, 1.1200000047683716, 1.1119999885559082, 1.1009999513626099, 1.090000033378601, 1.0850000381469727, 1.0850000381469727, 1.0709999799728394, 1.0579999685287476, 1.0509999990463257, 1.0399999618530273, 1.034999966621399, 1.0329999923706055, 1.0190000534057617, 1.0149999856948853, 1.0080000162124634, 0.9990000128746033, 0.9919999837875366, 0.9760000109672546, 0.9660000205039978, 0.9610000252723694, 0.9599999785423279, 0.9440000057220459, 0.9419999718666077, 0.9430000185966492, 0.9340000152587891, 0.9290000200271606, 0.9259999990463257, 0.9179999828338623, 0.9100000262260437, 0.9110000133514404, 0.9039999842643738, 0.8960000276565552, 0.8920000195503235, 0.8840000033378601, 0.878000020980835, 0.8759999871253967, 0.871999979019165, 0.8659999966621399, 0.8619999885559082, 0.8560000061988831, 0.8539999723434448, 0.8539999723434448, 0.8489999771118164, 0.843999981880188, 0.8360000252723694, 0.8289999961853027, 0.8270000219345093, 0.8259999752044678, 0.8180000185966492, 0.8109999895095825, 0.8050000071525574, 0.800000011920929, 0.7960000038146973, 0.7919999957084656, 0.7860000133514404, 0.7839999794960022, 0.7770000100135803, 0.7770000100135803, 0.7749999761581421, 0.7730000019073486, 0.7710000276565552, 0.7649999856948853, 0.7590000033378601, 0.7559999823570251, 0.7540000081062317, 0.7509999871253967, 0.746999979019165, 0.746999979019165, 0.746999979019165, 0.7369999885559082, 0.7300000190734863, 0.7310000061988831, 0.7319999933242798, 0.7229999899864197, 0.7160000205039978, 0.7139999866485596, 0.7129999995231628, 0.7070000171661377, 0.7009999752044678, 0.6990000009536743, 0.6970000267028809, 0.6959999799728394, 0.6919999718666077, 0.6919999718666077, 0.6840000152587891, 0.6790000200271606, 0.6790000200271606, 0.6790000200271606, 0.6779999732971191, 0.6740000247955322, 0.6740000247955322, 0.6690000295639038, 0.6600000262260437, 0.656000018119812, 0.656000018119812, 0.6600000262260437, 0.652999997138977, 0.6499999761581421, 0.6510000228881836, 0.6510000228881836, 0.6439999938011169, 0.6449999809265137, 0.6449999809265137, 0.6449999809265137, 0.6359999775886536, 0.6359999775886536, 0.6330000162124634, 0.6269999742507935, 0.6269999742507935, 0.6269999742507935, 0.6240000128746033, 0.621999979019165, 0.6200000047683716, 0.6240000128746033, 0.621999979019165, 0.6179999709129333, 0.6110000014305115, 0.6110000014305115, 0.6110000014305115, 0.6050000190734863, 0.6029999852180481, 0.5989999771118164, 0.5960000157356262, 0.6039999723434448, 0.6039999723434448, 0.6000000238418579, 0.5979999899864197, 0.5950000286102295, 0.5920000076293945, 0.5910000205039978, 0.5899999737739563, 0.5910000205039978, 0.5889999866485596, 0.5889999866485596, 0.5879999995231628, 0.5889999866485596, 0.5870000123977661, 0.5879999995231628, 0.5839999914169312, 0.5889999866485596, 0.5830000042915344, 0.5799999833106995, 0.5809999704360962, 0.5759999752044678, 0.574999988079071, 0.5720000267028809, 0.5709999799728394, 0.5709999799728394, 0.5699999928474426, 0.5630000233650208, 0.5600000023841858, 0.5640000104904175, 0.5640000104904175, 0.5669999718666077, 0.5630000233650208, 0.5600000023841858, 0.5559999942779541, 0.5580000281333923, 0.5630000233650208, 0.5609999895095825, 0.5609999895095825, 0.5590000152587891, 0.5580000281333923, 0.5519999861717224, 0.5509999990463257, 0.5519999861717224, 0.5519999861717224, 0.5519999861717224, 0.5490000247955322, 0.5400000214576721, 0.5429999828338623, 0.546999990940094, 0.546999990940094, 0.5460000038146973, 0.5429999828338623, 0.5400000214576721, 0.5379999876022339, 0.5379999876022339, 0.5379999876022339, 0.5389999747276306, 0.5429999828338623, 0.5479999780654907, 0.5440000295639038, 0.5370000004768372, 0.5299999713897705, 0.5329999923706055, 0.5360000133514404, 0.5389999747276306, 0.5400000214576721, 0.5400000214576721, 0.5410000085830688, 0.5440000295639038, 0.5460000038146973, 0.5389999747276306, 0.527999997138977, 0.527999997138977, 0.527999997138977, 0.5289999842643738, 0.5289999842643738, 0.5260000228881836, 0.5260000228881836, 0.5270000100135803, 0.527999997138977, 0.5220000147819519, 0.5230000019073486, 0.5249999761581421, 0.5230000019073486, 0.5189999938011169, 0.5139999985694885, 0.515999972820282, 0.5170000195503235, 0.5199999809265137, 0.5189999938011169, 0.5170000195503235, 0.5210000276565552, 0.5139999985694885, 0.5149999856948853, 0.5149999856948853, 0.5210000276565552, 0.5210000276565552, 0.5210000276565552, 0.5210000276565552, 0.5210000276565552, 0.527999997138977, 0.527999997138977, 0.5289999842643738, 0.527999997138977, 0.5239999890327454, 0.5130000114440918, 0.5149999856948853, 0.5170000195503235, 0.5180000066757202, 0.5199999809265137, 0.5260000228881836, 0.527999997138977, 0.5249999761581421, 0.5230000019073486, 0.5199999809265137, 0.5199999809265137, 0.5199999809265137, 0.5260000228881836, 0.5210000276565552, 0.5149999856948853, 0.5139999985694885, 0.5070000290870667, 0.5189999938011169, 0.5299999713897705, 0.5230000019073486, 0.515999972820282, 0.5170000195503235, 0.5170000195503235, 0.5139999985694885, 0.5149999856948853, 0.5130000114440918, 0.5249999761581421, 0.515999972820282, 0.5099999904632568, 0.5059999823570251, 0.5080000162124634, 0.5130000114440918, 0.5090000033378601, 0.5090000033378601, 0.5099999904632568, 0.5099999904632568, 0.5170000195503235, 0.5260000228881836, 0.5239999890327454, 0.5220000147819519, 0.5189999938011169, 0.515999972820282, 0.5109999775886536, 0.5120000243186951, 0.515999972820282, 0.515999972820282, 0.5149999856948853, 0.5149999856948853, 0.5149999856948853, 0.5149999856948853, 0.515999972820282, 0.5170000195503235, 0.5170000195503235, 0.5260000228881836, 0.5210000276565552, 0.5210000276565552, 0.5189999938011169, 0.5189999938011169, 0.5189999938011169, 0.5189999938011169, 0.5210000276565552, 0.5230000019073486, 0.5220000147819519, 0.5120000243186951, 0.5149999856948853, 0.5149999856948853, 0.5139999985694885, 0.5239999890327454, 0.5239999890327454, 0.5260000228881836, 0.5199999809265137, 0.5149999856948853, 0.5149999856948853, 0.515999972820282, 0.5170000195503235, 0.5239999890327454, 0.5249999761581421, 0.5260000228881836, 0.5260000228881836, 0.5230000019073486, 0.5199999809265137, 0.5199999809265137, 0.5189999938011169, 0.5270000100135803, 0.5270000100135803, 0.5270000100135803, 0.5249999761581421, 0.5210000276565552, 0.5199999809265137, 0.5189999938011169, 0.5249999761581421, 0.5289999842643738, 0.5260000228881836, 0.531000018119812, 0.5289999842643738, 0.5289999842643738, 0.5299999713897705, 0.5320000052452087, 0.5350000262260437, 0.5400000214576721, 0.5440000295639038, 0.5419999957084656, 0.5379999876022339, 0.5360000133514404, 0.5419999957084656, 0.5419999957084656, 0.5429999828338623, 0.5400000214576721, 0.5339999794960022, 0.5320000052452087, 0.5429999828338623, 0.5429999828338623, 0.5440000295639038, 0.5440000295639038, 0.5450000166893005, 0.5440000295639038, 0.550000011920929, 0.546999990940094, 0.5440000295639038, 0.550000011920929, 0.550000011920929, 0.550000011920929, 0.550000011920929, 0.5490000247955322, 0.5490000247955322, 0.5540000200271606, 0.5659999847412109, 0.5699999928474426, 0.5659999847412109, 0.5649999976158142, 0.574999988079071, 0.5690000057220459, 0.5669999718666077, 0.5680000185966492, 0.5680000185966492, 0.5649999976158142, 0.5680000185966492, 0.5720000267028809, 0.5770000219345093, 0.578000009059906, 0.5809999704360962, 0.5799999833106995, 0.5799999833106995, 0.5820000171661377, 0.5809999704360962, 0.5860000252723694, 0.5889999866485596, 0.5889999866485596, 0.5889999866485596, 0.5929999947547913, 0.5950000286102295, 0.5950000286102295, 0.6079999804496765, 0.6019999980926514, 0.6110000014305115, 0.597000002861023, 0.5960000157356262, 0.5960000157356262, 0.5989999771118164, 0.6019999980926514, 0.6010000109672546, 0.6029999852180481, 0.609000027179718, 0.609000027179718, 0.6110000014305115, 0.6060000061988831, 0.6129999756813049, 0.6119999885559082, 0.609000027179718, 0.6050000190734863, 0.6079999804496765, 0.6159999966621399, 0.6209999918937683, 0.6200000047683716, 0.6259999871253967, 0.6209999918937683, 0.6269999742507935, 0.6340000033378601, 0.6349999904632568, 0.628000020980835, 0.6269999742507935, 0.6269999742507935, 0.628000020980835, 0.6290000081062317, 0.6290000081062317, 0.6389999985694885, 0.6389999985694885, 0.6420000195503235, 0.6439999938011169, 0.640999972820282, 0.6460000276565552, 0.6520000100135803, 0.6539999842643738, 0.656000018119812, 0.6639999747276306, 0.6639999747276306, 0.6679999828338623, 0.6610000133514404, 0.6600000262260437, 0.6589999794960022, 0.6589999794960022, 0.6669999957084656, 0.6660000085830688, 0.6650000214576721, 0.6679999828338623, 0.675000011920929, 0.6679999828338623, 0.6650000214576721, 0.675000011920929, 0.6790000200271606, 0.6819999814033508, 0.6890000104904175, 0.6959999799728394, 0.6959999799728394, 0.7099999785423279, 0.7080000042915344, 0.7070000171661377, 0.7049999833106995, 0.7059999704360962, 0.7120000123977661, 0.7170000076293945, 0.7239999771118164, 0.722000002861023, 0.7360000014305115, 0.7379999756813049, 0.7379999756813049, 0.7490000128746033, 0.75, 0.7480000257492065]
intensities: [1114.0, 1094.0, 1112.0, 1163.0, 1223.0, 1261.0, 1323.0, 1378.0, 1418.0, 1451.0, 1476.0, 1479.0, 1472.0, 1458.0, 1253.0, 1206.0, 1093.0, 1047.0, 996.0, 840.0, 950.0, 1009.0, 1089.0, 1086.0, 1081.0, 1049.0, 1024.0, 1025.0, 1084.0, 1127.0, 1194.0, 1370.0, 1425.0, 1425.0, 1516.0, 1526.0, 1588.0, 1584.0, 1627.0, 1634.0, 1638.0, 1643.0, 1651.0, 1646.0, 1646.0, 1653.0, 1672.0, 1682.0, 1693.0, 1672.0, 1663.0, 1640.0, 1659.0, 1662.0, 1658.0, 1658.0, 1663.0, 1669.0, 1669.0, 1660.0, 1660.0, 1641.0, 1641.0, 1634.0, 1621.0, 1618.0, 1605.0, 1623.0, 1609.0, 1637.0, 1637.0, 1632.0, 1624.0, 1610.0, 1606.0, 1617.0, 1613.0, 1609.0, 1609.0, 1616.0, 1623.0, 1624.0, 1616.0, 1603.0, 1588.0, 1589.0, 1588.0, 1594.0, 1594.0, 1596.0, 1585.0, 1580.0, 1573.0, 1586.0, 1570.0, 1563.0, 1562.0, 1565.0, 1562.0, 1558.0, 1550.0, 1540.0, 1546.0, 1535.0, 1571.0, 1572.0, 1530.0, 1560.0, 1564.0, 1564.0, 1559.0, 1568.0, 1556.0, 1559.0, 1547.0, 1541.0, 1541.0, 1540.0, 1539.0, 1528.0, 1540.0, 1540.0, 1541.0, 1558.0, 1530.0, 1523.0, 1528.0, 1524.0, 1524.0, 1514.0, 1519.0, 1519.0, 1528.0, 1513.0, 1498.0, 1505.0, 1507.0, 1507.0, 1491.0, 1503.0, 1494.0, 1491.0, 1488.0, 1465.0, 1473.0, 1460.0, 1460.0, 1468.0, 1460.0, 1442.0, 1440.0, 1440.0, 1452.0, 1456.0, 1440.0, 1442.0, 1435.0, 1429.0, 1432.0, 1431.0, 1437.0, 1430.0, 1424.0, 1412.0, 1412.0, 1406.0, 1433.0, 1415.0, 1415.0, 1378.0, 1379.0, 1339.0, 1348.0, 1337.0, 1351.0, 1367.0, 1346.0, 1325.0, 1338.0, 1346.0, 1317.0, 1314.0, 1311.0, 1320.0, 1320.0, 1299.0, 1275.0, 1279.0, 1274.0, 1266.0, 1259.0, 1259.0, 1255.0, 1252.0, 1253.0, 1253.0, 1252.0, 1239.0, 1245.0, 1247.0, 1243.0, 1243.0, 1252.0, 1232.0, 1232.0, 1232.0, 1226.0, 1233.0, 1233.0, 1214.0, 1203.0, 1195.0, 1211.0, 1201.0, 1191.0, 1192.0, 1187.0, 1179.0, 1174.0, 1176.0, 1171.0, 1174.0, 1175.0, 1160.0, 1155.0, 1155.0, 1156.0, 1135.0, 1157.0, 1131.0, 1131.0, 1149.0, 1153.0, 1153.0, 1157.0, 1121.0, 1149.0, 1145.0, 1145.0, 1141.0, 1144.0, 1147.0, 1128.0, 1129.0, 1129.0, 1129.0, 1112.0, 1116.0, 1112.0, 1112.0, 1113.0, 1134.0, 1134.0, 1137.0, 1149.0, 1131.0, 1127.0, 1116.0, 1153.0, 1135.0, 1125.0, 1121.0, 1114.0, 1117.0, 1127.0, 1131.0, 1131.0, 1128.0, 1120.0, 1125.0, 1131.0, 1133.0, 1155.0, 1136.0, 1139.0, 1124.0, 1125.0, 1134.0, 1142.0, 1142.0, 1141.0, 1141.0, 1143.0, 1163.0, 1161.0, 1153.0, 1167.0, 1167.0, 1152.0, 1152.0, 1153.0, 1172.0, 1167.0, 1170.0, 1169.0, 1171.0, 1162.0, 1169.0, 1177.0, 1177.0, 1179.0, 1192.0, 1204.0, 1204.0, 1212.0, 1212.0, 1212.0, 1206.0, 1206.0, 1198.0, 1198.0, 1195.0, 1208.0, 1213.0, 1221.0, 1217.0, 1214.0, 1216.0, 1216.0, 1219.0, 1209.0, 1213.0, 1213.0, 1215.0, 1217.0, 1230.0, 1229.0, 1232.0, 1232.0, 1238.0, 1242.0, 1267.0, 1255.0, 1257.0, 1265.0, 1261.0, 1278.0, 1249.0, 1259.0, 1270.0, 1256.0, 1243.0, 1272.0, 1270.0, 1262.0, 1254.0, 1264.0, 1247.0, 1257.0, 1267.0, 1243.0, 1248.0, 1268.0, 1257.0, 1257.0, 1271.0, 1271.0, 1273.0, 1265.0, 1270.0, 1244.0, 1256.0, 1256.0, 1277.0, 1282.0, 1275.0, 1267.0, 1274.0, 1284.0, 1250.0, 1270.0, 1281.0, 1289.0, 1287.0, 1283.0, 1270.0, 1253.0, 1252.0, 1241.0, 1241.0, 1241.0, 1254.0, 1254.0, 1247.0, 1227.0, 1213.0, 1213.0, 1227.0, 1212.0, 1193.0, 1215.0, 1198.0, 1201.0, 1201.0, 1183.0, 1182.0, 1172.0, 1171.0, 1155.0, 1160.0, 1153.0, 1135.0, 1131.0, 1128.0, 1147.0, 1176.0, 1124.0, 1127.0, 1114.0, 1126.0, 1128.0, 1127.0, 1103.0, 1107.0, 1121.0, 1095.0, 1103.0, 1102.0, 1097.0, 1114.0, 1106.0, 1101.0, 1158.0, 1158.0, 1143.0, 1156.0, 1395.0, 1458.0, 1465.0, 1325.0, 1239.0, 1053.0, 1069.0, 1068.0, 1078.0, 1069.0, 1069.0, 1081.0, 1071.0, 1071.0, 1078.0, 1089.0, 1089.0, 1091.0, 1086.0, 1095.0, 1097.0, 1096.0, 1096.0, 1083.0, 1108.0, 1087.0, 1109.0, 1091.0, 1091.0, 1085.0, 1103.0, 1092.0, 1087.0, 1082.0, 1086.0, 1110.0, 1100.0, 1106.0, 1116.0, 1121.0, 1107.0, 1112.0, 1112.0, 1116.0, 1134.0, 1089.0, 1103.0, 1107.0, 1098.0, 1100.0, 1099.0, 1105.0, 1098.0, 1098.0, 1101.0, 1101.0, 1107.0, 1106.0, 1097.0, 1106.0, 1110.0, 1112.0, 1101.0, 1110.0, 1123.0, 1119.0, 1107.0, 1109.0, 1109.0, 1101.0, 1105.0, 1111.0, 1122.0, 1125.0, 1117.0, 1107.0, 1117.0, 1118.0, 1114.0, 1114.0, 1119.0, 1115.0, 1115.0, 1126.0, 1122.0, 1124.0, 1123.0, 1123.0, 1125.0, 1121.0, 1127.0, 1111.0, 1118.0, 1127.0, 1135.0, 1126.0, 1115.0, 1110.0, 1108.0, 1115.0, 1115.0, 1108.0, 1113.0, 1121.0, 1118.0, 1113.0, 1120.0, 1132.0, 1132.0, 1101.0, 1113.0, 1111.0, 1106.0, 1109.0, 1121.0, 1116.0, 1105.0, 1116.0, 1115.0, 1115.0, 1124.0, 1111.0, 1106.0, 1104.0, 1122.0, 1118.0, 1127.0, 1107.0, 1088.0, 1113.0, 1106.0, 1129.0, 1106.0, 1113.0, 1096.0, 1103.0, 1105.0, 1102.0, 1103.0, 1133.0, 1121.0, 1108.0, 1102.0, 1112.0, 1116.0, 1101.0, 1101.0, 1105.0, 1107.0, 1099.0, 1089.0, 1097.0, 1085.0, 1092.0, 1094.0, 1102.0, 1098.0, 1103.0, 1099.0, 1103.0, 1097.0, 1098.0, 1107.0, 1100.0, 1084.0, 1087.0, 1101.0, 1095.0, 1093.0, 1101.0, 1097.0, 1095.0, 1085.0, 1088.0, 1102.0, 1102.0, 1101.0, 1107.0, 1108.0, 1109.0, 1112.0, 1111.0, 1115.0, 1114.0, 1099.0, 1120.0, 1109.0, 1111.0, 1111.0, 1105.0, 1101.0, 1101.0, 1110.0, 1130.0, 1139.0, 1119.0, 1124.0, 1130.0, 1126.0, 1141.0, 1121.0, 1124.0, 1160.0, 1168.0, 1140.0, 1129.0, 1134.0, 1166.0, 1172.0, 1194.0, 1213.0, 1220.0, 1213.0, 1189.0, 1215.0, 1192.0, 1205.0, 1207.0, 1202.0, 1201.0, 1204.0, 1223.0, 1230.0, 1220.0, 1226.0, 1228.0, 1244.0, 1251.0, 1265.0, 1263.0, 1270.0, 1286.0, 1291.0, 1289.0, 1307.0, 1309.0, 1308.0, 1314.0, 1320.0, 1320.0, 1323.0, 1326.0, 1336.0, 1328.0, 1332.0, 1333.0, 1355.0, 1358.0, 1363.0, 1383.0, 1377.0, 1381.0, 1376.0, 1380.0, 1388.0, 1388.0, 1407.0, 1414.0, 1407.0, 1415.0, 1420.0, 1434.0, 1437.0, 1441.0, 1446.0, 1454.0, 1457.0, 1473.0, 1451.0, 1450.0, 1450.0, 1476.0, 1479.0, 1494.0, 1485.0, 1488.0, 1499.0, 1519.0, 1533.0, 1540.0, 1568.0, 1571.0, 1598.0, 1595.0, 1595.0, 1588.0, 1564.0, 1546.0, 1546.0, 1559.0, 1571.0, 1550.0, 1529.0, 1546.0, 1562.0, 1569.0, 1544.0, 1544.0, 1551.0, 1574.0, 1558.0, 1565.0, 1545.0, 1558.0, 1554.0, 1562.0, 1562.0, 1567.0, 1564.0, 1585.0, 1584.0, 1579.0, 1578.0, 1587.0, 1601.0, 1601.0, 1569.0, 1587.0, 1591.0, 1588.0, 1592.0, 1598.0, 1613.0, 1598.0, 1611.0, 1604.0, 1588.0, 1600.0, 1611.0, 1608.0, 1607.0, 1599.0, 1603.0, 1606.0, 1598.0, 1605.0, 1588.0, 1597.0, 1580.0, 1588.0, 1605.0, 1602.0, 1596.0, 1606.0, 1602.0, 1606.0, 1619.0, 1618.0, 1615.0, 1624.0, 1624.0, 1635.0, 1604.0, 1639.0, 1626.0, 1624.0, 1666.0, 1643.0, 1643.0, 1628.0, 1620.0, 1625.0, 1615.0, 1613.0, 1617.0, 1624.0, 1635.0, 1662.0, 1653.0, 1648.0, 1653.0, 1611.0, 1614.0, 1620.0, 1620.0, 1601.0, 1601.0, 1604.0, 1595.0, 1584.0, 1574.0, 1590.0, 1579.0, 1598.0, 1591.0, 1563.0, 1573.0, 1580.0, 1597.0, 1586.0, 1594.0, 1587.0, 1578.0, 1578.0, 1568.0, 1558.0, 1558.0, 1548.0, 1548.0, 1544.0, 1552.0, 1590.0, 1567.0, 1563.0, 1556.0, 1542.0, 1548.0, 1533.0, 1584.0, 1531.0, 1557.0, 1540.0, 1544.0, 1545.0, 1545.0, 1545.0, 1519.0, 1519.0, 1502.0, 1526.0, 1526.0, 1517.0, 1524.0, 1511.0, 1506.0, 1512.0, 1479.0, 1478.0, 1484.0, 1488.0, 1467.0, 1482.0, 1466.0, 1464.0, 1464.0, 1465.0, 1458.0, 1458.0, 1453.0, 1443.0, 1432.0, 1432.0, 1449.0, 1432.0, 1465.0, 1443.0, 1439.0, 1421.0, 1432.0, 1427.0, 1420.0, 1415.0, 1411.0, 1394.0, 1392.0, 1392.0, 1393.0, 1405.0, 1395.0, 1408.0, 1413.0, 1406.0, 1390.0, 1376.0, 1380.0, 1388.0, 1377.0, 1383.0, 1377.0, 1365.0, 1366.0, 1366.0, 1360.0, 1344.0, 1353.0, 1346.0, 1354.0, 1348.0, 1348.0, 1349.0, 1353.0, 1327.0, 1318.0, 1318.0, 1307.0, 1312.0, 1302.0, 1327.0, 1315.0, 1295.0, 1304.0, 1314.0, 1301.0, 1321.0, 1295.0, 1297.0, 1295.0, 1286.0, 1286.0, 1294.0, 1302.0, 1289.0, 1292.0, 1272.0, 1272.0, 1273.0, 1264.0, 1273.0, 1270.0, 1265.0, 1265.0, 1263.0, 1272.0, 1259.0, 1271.0, 1269.0, 1267.0, 1264.0, 1262.0, 1248.0, 1243.0, 1241.0, 1245.0, 1254.0, 1257.0, 1252.0, 1244.0, 1253.0, 1255.0, 1244.0, 1253.0, 1253.0, 1256.0, 1259.0, 1260.0, 1264.0, 1258.0, 1253.0, 1256.0, 1256.0, 1251.0, 1226.0, 1246.0, 1256.0, 1239.0, 1251.0, 1245.0, 1245.0, 1254.0, 1270.0, 1268.0, 1273.0, 1289.0, 1285.0, 1265.0, 1259.0, 1289.0, 1269.0, 1267.0, 1280.0, 1282.0, 1285.0, 1272.0, 1275.0, 1287.0, 1287.0, 1282.0, 1275.0, 1274.0, 1288.0, 1285.0, 1268.0, 1277.0, 1275.0, 1275.0, 1292.0, 1290.0, 1286.0, 1290.0, 1293.0, 1303.0, 1271.0, 1273.0, 1272.0, 1273.0, 1273.0, 1279.0, 1282.0, 1291.0, 1291.0, 1280.0, 1273.0, 1273.0, 1281.0, 1289.0, 1291.0, 1285.0, 1267.0, 1273.0, 1284.0, 1286.0, 1291.0, 1294.0, 1292.0, 1300.0, 1297.0, 1295.0, 1295.0, 1302.0, 1290.0, 1280.0, 1308.0, 1296.0, 1297.0, 1304.0, 1281.0, 1318.0, 1325.0, 1319.0, 1324.0, 1332.0, 1319.0, 1356.0, 1325.0, 1348.0, 1365.0, 1365.0, 1397.0, 1398.0, 1399.0, 1384.0, 1391.0, 1384.0, 1332.0, 1355.0, 1324.0, 1334.0, 1390.0, 1379.0, 1362.0, 1345.0, 1341.0, 1322.0, 1309.0, 1298.0, 1293.0, 1283.0, 1261.0, 1274.0, 1281.0, 1305.0, 1292.0, 1303.0, 1301.0, 1297.0]