header: 
  seq: 2024
  stamp: 
    secs: 1548820807
    nsecs: 789755253
  frame_id: "base_link"
angle_min: -2.35619449615
angle_max: 2.35619449615
angle_increment: 0.00436332309619
time_increment: 1.73611151695e-05
scan_time: 0.0250000003725
range_min: 0.019999999553
range_max: 30.0
ranges: [0.29600000381469727, 0.29600000381469727, 0.296999990940094, 0.3089999854564667, 0.31299999356269836, 0.31200000643730164, 0.3140000104904175, 0.31200000643730164, 0.3019999861717224, 0.3019999861717224, 0.3089999854564667, 0.31299999356269836, 0.3179999887943268, 0.3109999895095825, 0.3089999854564667, 0.3140000104904175, 0.3070000112056732, 0.3050000071525574, 0.25699999928474426, 0.2720000147819519, 0.27399998903274536, 0.28999999165534973, 0.31200000643730164, 0.31299999356269836, 0.3140000104904175, 0.3050000071525574, 0.3100000023841858, 0.3019999861717224, 0.3140000104904175, 0.3019999861717224, 0.3059999942779541, 0.30799999833106995, 0.3109999895095825, 0.3089999854564667, 0.30799999833106995, 0.3160000145435333, 0.3149999976158142, 0.31200000643730164, 0.3100000023841858, 0.31299999356269836, 0.3160000145435333, 0.32499998807907104, 0.3230000138282776, 0.32600000500679016, 0.3179999887943268, 0.3179999887943268, 0.3179999887943268, 0.3179999887943268, 0.3179999887943268, 0.3230000138282776, 0.3230000138282776, 0.3240000009536743, 0.32499998807907104, 0.32600000500679016, 0.32600000500679016, 0.32600000500679016, 0.32499998807907104, 0.3310000002384186, 0.3319999873638153, 0.3319999873638153, 0.328000009059906, 0.32499998807907104, 0.3269999921321869, 0.3310000002384186, 0.3319999873638153, 0.3370000123977661, 0.33399999141693115, 0.33500000834465027, 0.3319999873638153, 0.32899999618530273, 0.3319999873638153, 0.3370000123977661, 0.3490000069141388, 0.3409999907016754, 0.3409999907016754, 0.3409999907016754, 0.33899998664855957, 0.33799999952316284, 0.34700000286102295, 0.34700000286102295, 0.34599998593330383, 0.34700000286102295, 0.3499999940395355, 0.36399999260902405, 0.35899999737739563, 0.3540000021457672, 0.3499999940395355, 0.35899999737739563, 0.3610000014305115, 0.3630000054836273, 0.3630000054836273, 0.36399999260902405, 0.3580000102519989, 0.36399999260902405, 0.3630000054836273, 0.36399999260902405, 0.36399999260902405, 0.3610000014305115, 0.3610000014305115, 0.36399999260902405, 0.3700000047683716, 0.36899998784065247, 0.367000013589859, 0.36399999260902405, 0.36899998784065247, 0.3779999911785126, 0.3790000081062317, 0.3779999911785126, 0.3709999918937683, 0.36899998784065247, 0.3720000088214874, 0.37599998712539673, 0.3799999952316284, 0.37400001287460327, 0.38199999928474426, 0.38499999046325684, 0.3869999945163727, 0.38600000739097595, 0.38499999046325684, 0.38499999046325684, 0.38199999928474426, 0.3840000033378601, 0.38600000739097595, 0.3869999945163727, 0.39100000262260437, 0.3919999897480011, 0.39399999380111694, 0.39500001072883606, 0.3970000147819519, 0.3930000066757202, 0.39500001072883606, 0.39500001072883606, 0.4000000059604645, 0.40799999237060547, 0.40700000524520874, 0.4059999883174896, 0.40799999237060547, 0.40799999237060547, 0.4059999883174896, 0.40700000524520874, 0.4189999997615814, 0.4180000126361847, 0.421999990940094, 0.4269999861717224, 0.42399999499320984, 0.4230000078678131, 0.41999998688697815, 0.42500001192092896, 0.4269999861717224, 0.4320000112056732, 0.4350000023841858, 0.4399999976158142, 0.4339999854564667, 0.4320000112056732, 0.42800000309944153, 0.4300000071525574, 0.4429999887943268, 0.4440000057220459, 0.4440000057220459, 0.4449999928474426, 0.44600000977516174, 0.4449999928474426, 0.44699999690055847, 0.45100000500679016, 0.4480000138282776, 0.4480000138282776, 0.45500001311302185, 0.46299999952316284, 0.46299999952316284, 0.46299999952316284, 0.460999995470047, 0.460999995470047, 0.46399998664855957, 0.4659999907016754, 0.4650000035762787, 0.4699999988079071, 0.4749999940395355, 0.4819999933242798, 0.4869999885559082, 0.4880000054836273, 0.49399998784065247, 0.49799999594688416, 0.5009999871253967, 0.5049999952316284, 0.5040000081062317, 0.5049999952316284, 0.5099999904632568, 0.5130000114440918, 0.5220000147819519, 0.5210000276565552, 0.5270000100135803, 0.5320000052452087, 0.5339999794960022, 0.5350000262260437, 0.5350000262260437, 0.5379999876022339, 0.5440000295639038, 0.5540000200271606, 0.5550000071525574, 0.5550000071525574, 0.5690000057220459, 0.5690000057220459, 0.5709999799728394, 0.5759999752044678, 0.5809999704360962, 0.5809999704360962, 0.5849999785423279, 0.5950000286102295, 0.6000000238418579, 0.6060000061988831, 0.6140000224113464, 0.6209999918937683, 0.6230000257492065, 0.6309999823570251, 0.6309999823570251, 0.6370000243186951, 0.6370000243186951, 0.6389999985694885, 0.6499999761581421, 0.6639999747276306, 0.6669999957084656, 0.6710000038146973, 0.6729999780654907, 0.6840000152587891, 0.6890000104904175, 0.6890000104904175, 0.699999988079071, 0.7070000171661377, 0.7179999947547913, 0.722000002861023, 0.7239999771118164, 0.7379999756813049, 0.75, 0.7509999871253967, 0.7519999742507935, 0.7710000276565552, 0.7820000052452087, 0.7879999876022339, 0.796999990940094, 0.8050000071525574, 0.8109999895095825, 0.8209999799728394, 0.8259999752044678, 0.8389999866485596, 0.8450000286102295, 0.8550000190734863, 0.8600000143051147, 0.8740000128746033, 0.878000020980835, 0.8989999890327454, 0.9120000004768372, 0.9240000247955322, 0.9369999766349792, 0.9599999785423279, 1.0149999856948853, 1.069000005722046, 1.184000015258789, 2.187999963760376, 2.190999984741211, 2.190000057220459, 2.180999994277954, 2.177000045776367, 2.1679999828338623, 2.1619999408721924, 2.1470000743865967, 2.1440000534057617, 2.138000011444092, 2.132999897003174, 2.128000020980835, 2.121000051498413, 2.111999988555908, 2.1029999256134033, 2.1040000915527344, 2.0969998836517334, 2.0959999561309814, 2.0889999866485596, 2.0869998931884766, 2.0850000381469727, 2.0810000896453857, 2.071000099182129, 2.071000099182129, 2.056999921798706, 2.0490000247955322, 2.0460000038146973, 2.0450000762939453, 2.0369999408721924, 2.0299999713897705, 2.0239999294281006, 2.0199999809265137, 2.0160000324249268, 2.0160000324249268, 2.007999897003174, 2.00600004196167, 1.9980000257492065, 1.9989999532699585, 1.99399995803833, 1.9910000562667847, 1.9889999628067017, 1.9880000352859497, 1.9819999933242798, 1.9800000190734863, 1.9670000076293945, 1.9670000076293945, 1.9529999494552612, 1.9500000476837158, 1.9479999542236328, 1.9450000524520874, 1.9429999589920044, 1.9420000314712524, 1.940999984741211, 1.9390000104904175, 1.9249999523162842, 1.9229999780654907, 1.9249999523162842, 1.9279999732971191, 1.9229999780654907, 1.9160000085830688, 1.9140000343322754, 1.909000039100647, 1.906999945640564, 1.909000039100647, 1.9010000228881836, 1.8869999647140503, 1.8830000162124634, 1.8830000162124634, 1.8819999694824219, 1.878999948501587, 1.8739999532699585, 1.8680000305175781, 1.8630000352859497, 1.8669999837875366, 1.8600000143051147, 1.8530000448226929, 1.8530000448226929, 1.8550000190734863, 1.850000023841858, 1.850000023841858, 1.8489999771118164, 1.8350000381469727, 1.8259999752044678, 1.8250000476837158, 1.8279999494552612, 1.8259999752044678, 1.8209999799728394, 1.812000036239624, 1.809999942779541, 1.8070000410079956, 1.805999994277954, 1.8049999475479126, 1.7940000295639038, 1.784999966621399, 1.7860000133514404, 1.784999966621399, 1.784999966621399, 1.7740000486373901, 1.7710000276565552, 1.7690000534057617, 1.7580000162124634, 1.753000020980835, 1.7510000467300415, 1.7400000095367432, 1.7330000400543213, 1.7330000400543213, 1.7289999723434448, 1.725000023841858, 1.7230000495910645, 1.7170000076293945, 1.7130000591278076, 1.7039999961853027, 1.7029999494552612, 1.7000000476837158, 1.687000036239624, 1.684000015258789, 1.6770000457763672, 1.6770000457763672, 1.6749999523162842, 1.6679999828338623, 1.6540000438690186, 1.6480000019073486, 1.6430000066757202, 1.6339999437332153, 1.6299999952316284, 1.6230000257492065, 1.61899995803833, 1.61899995803833, 1.6169999837875366, 1.6050000190734863, 1.5980000495910645, 1.5959999561309814, 1.5850000381469727, 1.5740000009536743, 1.565000057220459, 1.559000015258789, 1.5579999685287476, 1.5540000200271606, 1.5429999828338623, 1.5399999618530273, 1.534999966621399, 1.5149999856948853, 1.5140000581741333, 1.5140000581741333, 1.5130000114440918, 1.5110000371932983, 1.5, 1.4910000562667847, 1.4839999675750732, 1.4759999513626099, 1.4739999771118164, 1.4700000286102295, 1.465999960899353, 1.4539999961853027, 1.4429999589920044, 1.4359999895095825, 1.4299999475479126, 1.4199999570846558, 1.4119999408721924, 1.402999997138977, 1.3960000276565552, 1.3890000581741333, 1.3919999599456787, 1.378999948501587, 1.3680000305175781, 1.3619999885559082, 1.3530000448226929, 1.3450000286102295, 1.3420000076293945, 1.3270000219345093, 1.3200000524520874, 1.315999984741211, 1.309000015258789, 1.3049999475479126, 1.2869999408721924, 1.2799999713897705, 1.2760000228881836, 1.2619999647140503, 1.2610000371932983, 1.246000051498413, 1.24399995803833, 1.2350000143051147, 1.2239999771118164, 1.2120000123977661, 1.1990000009536743, 1.184999942779541, 1.1729999780654907, 1.1660000085830688, 1.152999997138977, 1.1440000534057617, 1.1419999599456787, 1.1299999952316284, 1.125, 1.1139999628067017, 1.1039999723434448, 1.0959999561309814, 1.0870000123977661, 1.0829999446868896, 1.0779999494552612, 1.0640000104904175, 1.0570000410079956, 1.0579999685287476, 1.0449999570846558, 1.0399999618530273, 1.0299999713897705, 1.0290000438690186, 1.0240000486373901, 1.0140000581741333, 1.0080000162124634, 0.9929999709129333, 0.9909999966621399, 0.9890000224113464, 0.9810000061988831, 0.972000002861023, 0.9700000286102295, 0.9679999947547913, 0.9620000123977661, 0.9620000123977661, 0.9589999914169312, 0.953000009059906, 0.9419999718666077, 0.9359999895095825, 0.9359999895095825, 0.9359999895095825, 0.9319999814033508, 0.9139999747276306, 0.9129999876022339, 0.9120000004768372, 0.9079999923706055, 0.9100000262260437, 0.8960000276565552, 0.8930000066757202, 0.8859999775886536, 0.8830000162124634, 0.878000020980835, 0.8740000128746033, 0.8700000047683716, 0.8679999709129333, 0.8650000095367432, 0.8650000095367432, 0.8579999804496765, 0.8500000238418579, 0.8500000238418579, 0.8479999899864197, 0.843999981880188, 0.8410000205039978, 0.8410000205039978, 0.8389999866485596, 0.8320000171661377, 0.8299999833106995, 0.8309999704360962, 0.8199999928474426, 0.8180000185966492, 0.8159999847412109, 0.8050000071525574, 0.8019999861717224, 0.8009999990463257, 0.7990000247955322, 0.796999990940094, 0.7940000295639038, 0.7870000004768372, 0.7829999923706055, 0.7829999923706055, 0.7839999794960022, 0.781000018119812, 0.777999997138977, 0.7789999842643738, 0.777999997138977, 0.7649999856948853, 0.7620000243186951, 0.7620000243186951, 0.7599999904632568, 0.7540000081062317, 0.7540000081062317, 0.7490000128746033, 0.7450000047683716, 0.7440000176429749, 0.7350000143051147, 0.7409999966621399, 0.7409999966621399, 0.7319999933242798, 0.7269999980926514, 0.7269999980926514, 0.7260000109672546, 0.7229999899864197, 0.722000002861023, 0.722000002861023, 0.7200000286102295, 0.7200000286102295, 0.7139999866485596, 0.7070000171661377, 0.7039999961853027, 0.7070000171661377, 0.7039999961853027, 0.703000009059906, 0.699999988079071, 0.7020000219345093, 0.6930000185966492, 0.6919999718666077, 0.6899999976158142, 0.6899999976158142, 0.6890000104904175, 0.6859999895095825, 0.6800000071525574, 0.6800000071525574, 0.6850000023841858, 0.6779999732971191, 0.6769999861717224, 0.6779999732971191, 0.6779999732971191, 0.6769999861717224, 0.6759999990463257, 0.6759999990463257, 0.6779999732971191, 0.6759999990463257, 0.6669999957084656, 0.6669999957084656, 0.6639999747276306, 0.6639999747276306, 0.6639999747276306, 0.6650000214576721, 0.6629999876022339, 0.6600000262260437, 0.6600000262260437, 0.6579999923706055, 0.656000018119812, 0.652999997138977, 0.652999997138977, 0.6489999890327454, 0.6460000276565552, 0.6460000276565552, 0.6460000276565552, 0.6389999985694885, 0.6380000114440918, 0.6370000243186951, 0.6370000243186951, 0.6370000243186951, 0.6380000114440918, 0.6370000243186951, 0.6349999904632568, 0.6330000162124634, 0.6259999871253967, 0.621999979019165, 0.6309999823570251, 0.6349999904632568, 0.6359999775886536, 0.6359999775886536, 0.6320000290870667, 0.6320000290870667, 0.6320000290870667, 0.625, 0.625, 0.6259999871253967, 0.6230000257492065, 0.6259999871253967, 0.625, 0.625, 0.625, 0.625, 0.6200000047683716, 0.6209999918937683, 0.6190000176429749, 0.6150000095367432, 0.6119999885559082, 0.6100000143051147, 0.6110000014305115, 0.6110000014305115, 0.6119999885559082, 0.6110000014305115, 0.6119999885559082, 0.6179999709129333, 0.6190000176429749, 0.609000027179718, 0.609000027179718, 0.6119999885559082, 0.6129999756813049, 0.6060000061988831, 0.6060000061988831, 0.6060000061988831, 0.6060000061988831, 0.6060000061988831, 0.6060000061988831, 0.609000027179718, 0.6100000143051147, 0.6100000143051147, 0.6069999933242798, 0.6029999852180481, 0.6019999980926514, 0.6019999980926514, 0.6019999980926514, 0.6050000190734863, 0.6050000190734863, 0.6019999980926514, 0.6000000238418579, 0.6010000109672546, 0.6019999980926514, 0.5989999771118164, 0.5960000157356262, 0.5960000157356262, 0.6019999980926514, 0.6039999723434448, 0.6000000238418579, 0.6019999980926514, 0.6029999852180481, 0.6010000109672546, 0.5960000157356262, 0.5960000157356262, 0.5889999866485596, 0.5889999866485596, 0.5910000205039978, 0.593999981880188, 0.5989999771118164, 0.6019999980926514, 0.5929999947547913, 0.5899999737739563, 0.5929999947547913, 0.5960000157356262, 0.5960000157356262, 0.5960000157356262, 0.5929999947547913, 0.5929999947547913, 0.5960000157356262, 0.6000000238418579, 0.6000000238418579, 0.5979999899864197, 0.5979999899864197, 0.6029999852180481, 0.6029999852180481, 0.597000002861023, 0.597000002861023, 0.6019999980926514, 0.6029999852180481, 0.6029999852180481, 0.6000000238418579, 0.5910000205039978, 0.5899999737739563, 0.5910000205039978, 0.5899999737739563, 0.5910000205039978, 0.5950000286102295, 0.5989999771118164, 0.6029999852180481, 0.5989999771118164, 0.597000002861023, 0.597000002861023, 0.5979999899864197, 0.6019999980926514, 0.6039999723434448, 0.609000027179718, 0.6010000109672546, 0.597000002861023, 0.6010000109672546, 0.6019999980926514, 0.6039999723434448, 0.6039999723434448, 0.6000000238418579, 0.5989999771118164, 0.6000000238418579, 0.6019999980926514, 0.6010000109672546, 0.6010000109672546, 0.6010000109672546, 0.6010000109672546, 0.6019999980926514, 0.6060000061988831, 0.6060000061988831, 0.6060000061988831, 0.6050000190734863, 0.6050000190734863, 0.6060000061988831, 0.6039999723434448, 0.6060000061988831, 0.6050000190734863, 0.6039999723434448, 0.6079999804496765, 0.6110000014305115, 0.6110000014305115, 0.609000027179718, 0.6119999885559082, 0.6110000014305115, 0.6119999885559082, 0.6129999756813049, 0.6129999756813049, 0.6079999804496765, 0.6079999804496765, 0.6159999966621399, 0.6159999966621399, 0.6159999966621399, 0.6169999837875366, 0.6110000014305115, 0.6110000014305115, 0.6169999837875366, 0.6140000224113464, 0.6129999756813049, 0.6159999966621399, 0.6159999966621399, 0.6159999966621399, 0.6159999966621399, 0.6200000047683716, 0.6230000257492065, 0.621999979019165, 0.621999979019165, 0.6230000257492065, 0.6209999918937683, 0.6230000257492065, 0.6240000128746033, 0.621999979019165, 0.6209999918937683, 0.621999979019165, 0.6299999952316284, 0.6230000257492065, 0.6230000257492065, 0.621999979019165, 0.621999979019165, 0.6330000162124634, 0.6320000290870667, 0.640999972820282, 0.6359999775886536, 0.6299999952316284, 0.6299999952316284, 0.6320000290870667, 0.6330000162124634, 0.6340000033378601, 0.6380000114440918, 0.6399999856948853, 0.6380000114440918, 0.6359999775886536, 0.6389999985694885, 0.6359999775886536, 0.6420000195503235, 0.640999972820282, 0.6460000276565552, 0.6480000019073486, 0.6480000019073486, 0.6480000019073486, 0.6499999761581421, 0.6389999985694885, 0.6359999775886536, 0.6430000066757202, 0.6439999938011169, 0.6430000066757202, 0.6430000066757202, 0.6489999890327454, 0.6539999842643738, 0.6520000100135803, 0.6510000228881836, 0.6449999809265137, 0.6420000195503235, 0.6420000195503235, 0.6489999890327454, 0.6570000052452087, 0.656000018119812, 0.6520000100135803, 0.6489999890327454, 0.6499999761581421, 0.6570000052452087, 0.652999997138977, 0.6600000262260437, 0.6570000052452087, 0.6570000052452087, 0.6600000262260437, 0.6600000262260437, 0.6600000262260437, 0.6610000133514404, 0.6629999876022339, 0.6629999876022339, 0.6629999876022339, 0.6629999876022339, 0.6600000262260437, 0.6600000262260437, 0.6620000004768372, 0.6600000262260437, 0.6579999923706055, 0.6610000133514404, 0.6650000214576721, 0.6710000038146973, 0.6759999990463257, 0.6759999990463257, 0.671999990940094, 0.671999990940094, 0.6759999990463257, 0.6769999861717224, 0.6759999990463257, 0.6729999780654907, 0.6729999780654907, 0.6729999780654907, 0.6790000200271606, 0.6809999942779541, 0.6809999942779541, 0.6779999732971191, 0.6759999990463257, 0.6800000071525574, 0.6830000281333923, 0.6869999766349792, 0.6859999895095825, 0.6869999766349792, 0.6859999895095825, 0.6859999895095825, 0.6859999895095825, 0.6880000233650208, 0.6919999718666077, 0.6959999799728394, 0.6959999799728394, 0.6919999718666077, 0.6919999718666077, 0.6919999718666077, 0.6970000267028809, 0.6959999799728394, 0.6959999799728394, 0.6980000138282776, 0.7020000219345093, 0.6940000057220459, 0.7009999752044678, 0.7009999752044678, 0.7020000219345093, 0.703000009059906, 0.7039999961853027, 0.7110000252723694, 0.7110000252723694, 0.7110000252723694, 0.7110000252723694, 0.7120000123977661, 0.7139999866485596, 0.7139999866485596, 0.7139999866485596, 0.7099999785423279, 0.7139999866485596, 0.7149999737739563, 0.7139999866485596, 0.7170000076293945, 0.7129999995231628, 0.7139999866485596, 0.7200000286102295, 0.7200000286102295, 0.7269999980926514, 0.7289999723434448, 0.7200000286102295, 0.7200000286102295, 0.7250000238418579, 0.7250000238418579, 0.7239999771118164, 0.7200000286102295, 0.7210000157356262, 0.7260000109672546, 0.7319999933242798, 0.7310000061988831, 0.7360000014305115, 0.7390000224113464, 0.734000027179718, 0.7329999804496765, 0.7350000143051147, 0.7379999756813049, 0.7390000224113464, 0.7390000224113464, 0.7400000095367432, 0.7369999885559082, 0.7390000224113464, 0.7400000095367432, 0.7400000095367432, 0.746999979019165, 0.7490000128746033, 0.7459999918937683, 0.7419999837875366, 0.7419999837875366, 0.7490000128746033, 0.7559999823570251, 0.7540000081062317, 0.7540000081062317, 0.7580000162124634, 0.7559999823570251, 0.7559999823570251, 0.7540000081062317, 0.7549999952316284, 0.7580000162124634, 0.7620000243186951, 0.7630000114440918, 0.7639999985694885, 0.7639999985694885, 0.7639999985694885, 0.7649999856948853, 0.7649999856948853, 0.7680000066757202, 0.7630000114440918, 0.7639999985694885, 0.7599999904632568, 0.7699999809265137, 0.7699999809265137, 0.7739999890327454, 0.7749999761581421, 0.7770000100135803, 0.7720000147819519, 0.7699999809265137, 0.7680000066757202, 0.7710000276565552, 0.781000018119812, 0.781000018119812, 0.781000018119812, 0.7829999923706055, 0.7910000085830688, 0.7889999747276306, 0.7879999876022339, 0.7900000214576721, 0.7929999828338623, 0.7850000262260437, 0.7850000262260437, 0.7910000085830688, 0.796999990940094, 0.7979999780654907, 0.8019999861717224, 0.8029999732971191, 0.8050000071525574, 0.8040000200271606, 0.8069999814033508, 0.8109999895095825, 0.8100000023841858, 0.8069999814033508, 0.8090000152587891, 0.8090000152587891, 0.8140000104904175, 0.8220000267028809, 0.8220000267028809, 0.824999988079071, 0.8240000009536743, 0.8240000009536743, 0.8240000009536743, 0.8270000219345093, 0.8270000219345093, 0.8259999752044678, 0.8270000219345093, 0.8379999995231628, 0.8360000252723694, 0.8349999785423279, 0.8289999961853027, 0.8339999914169312, 0.8410000205039978, 0.8420000076293945, 0.8429999947547913, 0.8379999995231628, 0.8320000171661377, 0.8320000171661377, 0.8339999914169312, 0.847000002861023, 0.8479999899864197, 0.847000002861023, 0.847000002861023, 0.8500000238418579, 0.8479999899864197, 0.847000002861023, 0.8550000190734863, 0.859000027179718, 0.8579999804496765, 0.8600000143051147, 0.8610000014305115, 0.859000027179718, 0.8519999980926514, 0.8550000190734863, 0.8529999852180481, 0.8529999852180481, 0.8550000190734863, 0.859000027179718, 0.8610000014305115, 0.8600000143051147, 0.8610000014305115, 0.8550000190734863, 0.8579999804496765, 0.8610000014305115, 0.8629999756813049, 0.8629999756813049, 0.8619999885559082, 0.8569999933242798, 0.8529999852180481, 0.8529999852180481, 0.8539999723434448, 0.8550000190734863, 0.8560000061988831, 0.8629999756813049, 0.8550000190734863, 0.8539999723434448, 0.8569999933242798, 0.8650000095367432, 0.8679999709129333, 0.8690000176429749, 0.8669999837875366, 0.8669999837875366, 0.8709999918937683, 0.8759999871253967, 0.8730000257492065, 0.8650000095367432, 0.8629999756813049, 0.8769999742507935, 0.8820000290870667, 0.8709999918937683, 0.871999979019165, 0.8690000176429749, 0.8709999918937683, 0.8679999709129333, 0.8679999709129333, 0.8600000143051147, 0.8600000143051147, 0.8560000061988831, 0.8629999756813049, 0.8669999837875366, 0.8669999837875366, 0.8669999837875366, 0.8669999837875366, 0.8669999837875366, 0.8709999918937683, 0.8790000081062317, 0.8870000243186951, 0.8920000195503235, 0.8989999890327454, 0.8989999890327454, 0.9039999842643738, 0.9010000228881836, 0.906000018119812, 0.902999997138977, 0.902999997138977, 0.902999997138977, 0.902999997138977, 0.8989999890327454, 0.9039999842643738, 0.9070000052452087, 0.9100000262260437, 0.9129999876022339]
intensities: [1101.0, 1176.0, 1214.0, 1317.0, 1392.0, 1448.0, 1521.0, 1535.0, 1548.0, 1553.0, 1553.0, 1553.0, 1530.0, 1472.0, 1391.0, 1307.0, 1157.0, 1060.0, 860.0, 864.0, 884.0, 941.0, 1019.0, 1027.0, 1037.0, 1032.0, 1068.0, 1131.0, 1316.0, 1307.0, 1489.0, 1522.0, 1555.0, 1591.0, 1605.0, 1607.0, 1612.0, 1607.0, 1598.0, 1599.0, 1607.0, 1592.0, 1588.0, 1595.0, 1581.0, 1570.0, 1588.0, 1595.0, 1557.0, 1555.0, 1550.0, 1549.0, 1548.0, 1546.0, 1546.0, 1545.0, 1546.0, 1536.0, 1532.0, 1533.0, 1522.0, 1520.0, 1530.0, 1529.0, 1536.0, 1529.0, 1542.0, 1516.0, 1513.0, 1488.0, 1501.0, 1494.0, 1517.0, 1506.0, 1507.0, 1489.0, 1484.0, 1480.0, 1496.0, 1496.0, 1472.0, 1456.0, 1466.0, 1458.0, 1461.0, 1459.0, 1453.0, 1479.0, 1460.0, 1442.0, 1442.0, 1430.0, 1431.0, 1414.0, 1408.0, 1421.0, 1419.0, 1419.0, 1412.0, 1412.0, 1412.0, 1408.0, 1399.0, 1384.0, 1396.0, 1389.0, 1399.0, 1397.0, 1398.0, 1374.0, 1365.0, 1365.0, 1368.0, 1344.0, 1387.0, 1368.0, 1361.0, 1362.0, 1361.0, 1358.0, 1353.0, 1357.0, 1344.0, 1341.0, 1333.0, 1322.0, 1337.0, 1316.0, 1309.0, 1262.0, 1285.0, 1280.0, 1311.0, 1292.0, 1298.0, 1305.0, 1314.0, 1294.0, 1273.0, 1263.0, 1280.0, 1269.0, 1257.0, 1242.0, 1240.0, 1240.0, 1227.0, 1229.0, 1215.0, 1211.0, 1208.0, 1227.0, 1203.0, 1209.0, 1197.0, 1202.0, 1191.0, 1193.0, 1195.0, 1163.0, 1158.0, 1157.0, 1152.0, 1160.0, 1140.0, 1140.0, 1133.0, 1140.0, 1145.0, 1140.0, 1138.0, 1138.0, 1134.0, 1131.0, 1128.0, 1125.0, 1128.0, 1137.0, 1141.0, 1128.0, 1137.0, 1134.0, 1130.0, 1129.0, 1120.0, 1113.0, 1117.0, 1103.0, 1124.0, 1112.0, 1105.0, 1101.0, 1100.0, 1109.0, 1101.0, 1105.0, 1103.0, 1104.0, 1107.0, 1107.0, 1108.0, 1108.0, 1100.0, 1108.0, 1087.0, 1087.0, 1101.0, 1111.0, 1108.0, 1114.0, 1106.0, 1100.0, 1103.0, 1110.0, 1103.0, 1109.0, 1105.0, 1112.0, 1115.0, 1124.0, 1120.0, 1115.0, 1112.0, 1118.0, 1116.0, 1116.0, 1110.0, 1108.0, 1120.0, 1104.0, 1115.0, 1098.0, 1109.0, 1092.0, 1086.0, 1082.0, 1076.0, 1076.0, 1062.0, 1066.0, 1061.0, 1056.0, 1053.0, 1049.0, 1050.0, 1047.0, 1040.0, 1047.0, 1029.0, 1018.0, 1015.0, 1017.0, 1015.0, 1016.0, 1129.0, 1221.0, 1392.0, 966.0, 967.0, 975.0, 978.0, 983.0, 976.0, 986.0, 984.0, 985.0, 977.0, 988.0, 979.0, 981.0, 983.0, 984.0, 994.0, 992.0, 1003.0, 995.0, 999.0, 992.0, 990.0, 1000.0, 1020.0, 1002.0, 994.0, 1008.0, 1006.0, 1000.0, 1012.0, 1012.0, 1016.0, 1009.0, 1013.0, 1008.0, 1017.0, 1012.0, 1020.0, 1019.0, 1017.0, 1014.0, 1023.0, 1007.0, 1008.0, 1011.0, 1020.0, 1013.0, 1023.0, 1026.0, 1034.0, 1030.0, 1023.0, 1029.0, 1033.0, 1032.0, 1035.0, 1042.0, 1048.0, 1045.0, 1050.0, 1049.0, 1044.0, 1042.0, 1055.0, 1048.0, 1043.0, 1047.0, 1051.0, 1040.0, 1032.0, 1037.0, 1051.0, 1048.0, 1047.0, 1046.0, 1047.0, 1052.0, 1060.0, 1057.0, 1057.0, 1059.0, 1063.0, 1047.0, 1040.0, 1057.0, 1053.0, 1069.0, 1062.0, 1052.0, 1048.0, 1054.0, 1065.0, 1054.0, 1060.0, 1070.0, 1067.0, 1067.0, 1064.0, 1067.0, 1067.0, 1072.0, 1058.0, 1071.0, 1072.0, 1078.0, 1085.0, 1069.0, 1074.0, 1074.0, 1068.0, 1083.0, 1080.0, 1081.0, 1081.0, 1089.0, 1084.0, 1084.0, 1099.0, 1091.0, 1081.0, 1084.0, 1087.0, 1080.0, 1104.0, 1100.0, 1090.0, 1105.0, 1105.0, 1096.0, 1090.0, 1080.0, 1080.0, 1083.0, 1092.0, 1109.0, 1093.0, 1091.0, 1096.0, 1088.0, 1090.0, 1092.0, 1093.0, 1088.0, 1097.0, 1095.0, 1095.0, 1095.0, 1102.0, 1099.0, 1084.0, 1078.0, 1088.0, 1096.0, 1088.0, 1070.0, 1078.0, 1086.0, 1080.0, 1096.0, 1079.0, 1079.0, 1074.0, 1100.0, 1085.0, 1087.0, 1101.0, 1093.0, 1090.0, 1094.0, 1101.0, 1102.0, 1103.0, 1104.0, 1113.0, 1111.0, 1120.0, 1119.0, 1105.0, 1121.0, 1100.0, 1108.0, 1102.0, 1095.0, 1117.0, 1106.0, 1105.0, 1109.0, 1102.0, 1108.0, 1112.0, 1131.0, 1100.0, 1131.0, 1145.0, 1123.0, 1128.0, 1128.0, 1131.0, 1140.0, 1142.0, 1144.0, 1154.0, 1149.0, 1174.0, 1202.0, 1221.0, 1213.0, 1229.0, 1241.0, 1237.0, 1236.0, 1231.0, 1244.0, 1260.0, 1250.0, 1265.0, 1254.0, 1258.0, 1268.0, 1270.0, 1268.0, 1277.0, 1282.0, 1286.0, 1283.0, 1303.0, 1308.0, 1322.0, 1341.0, 1354.0, 1357.0, 1355.0, 1353.0, 1347.0, 1350.0, 1358.0, 1365.0, 1393.0, 1384.0, 1382.0, 1395.0, 1408.0, 1403.0, 1405.0, 1421.0, 1404.0, 1404.0, 1402.0, 1425.0, 1412.0, 1423.0, 1454.0, 1455.0, 1455.0, 1454.0, 1457.0, 1453.0, 1453.0, 1462.0, 1469.0, 1471.0, 1486.0, 1481.0, 1495.0, 1480.0, 1502.0, 1505.0, 1509.0, 1519.0, 1518.0, 1520.0, 1489.0, 1509.0, 1517.0, 1530.0, 1518.0, 1517.0, 1531.0, 1542.0, 1542.0, 1558.0, 1566.0, 1566.0, 1564.0, 1576.0, 1575.0, 1581.0, 1585.0, 1588.0, 1595.0, 1616.0, 1617.0, 1617.0, 1618.0, 1628.0, 1603.0, 1621.0, 1626.0, 1645.0, 1649.0, 1639.0, 1652.0, 1649.0, 1650.0, 1651.0, 1650.0, 1651.0, 1650.0, 1656.0, 1656.0, 1670.0, 1663.0, 1661.0, 1662.0, 1674.0, 1670.0, 1678.0, 1695.0, 1692.0, 1692.0, 1700.0, 1703.0, 1703.0, 1709.0, 1710.0, 1713.0, 1717.0, 1718.0, 1713.0, 1713.0, 1710.0, 1720.0, 1716.0, 1709.0, 1704.0, 1701.0, 1706.0, 1725.0, 1704.0, 1688.0, 1688.0, 1697.0, 1706.0, 1709.0, 1723.0, 1728.0, 1728.0, 1742.0, 1751.0, 1751.0, 1754.0, 1760.0, 1771.0, 1769.0, 1765.0, 1777.0, 1755.0, 1777.0, 1783.0, 1787.0, 1793.0, 1780.0, 1787.0, 1788.0, 1775.0, 1786.0, 1798.0, 1791.0, 1801.0, 1801.0, 1801.0, 1808.0, 1816.0, 1811.0, 1811.0, 1815.0, 1825.0, 1821.0, 1823.0, 1833.0, 1833.0, 1838.0, 1840.0, 1859.0, 1859.0, 1823.0, 1829.0, 1852.0, 1855.0, 1848.0, 1880.0, 1873.0, 1881.0, 1895.0, 1898.0, 1907.0, 1921.0, 1928.0, 1927.0, 1926.0, 1924.0, 1919.0, 1895.0, 1912.0, 1909.0, 1927.0, 1927.0, 1946.0, 1924.0, 1903.0, 1918.0, 1930.0, 1942.0, 1926.0, 1940.0, 1942.0, 1929.0, 1936.0, 1940.0, 1931.0, 1931.0, 1927.0, 1901.0, 1901.0, 1898.0, 1898.0, 1863.0, 1863.0, 1869.0, 1869.0, 1878.0, 1894.0, 1884.0, 1900.0, 1902.0, 1916.0, 1923.0, 1937.0, 1918.0, 1910.0, 1888.0, 1895.0, 1859.0, 1849.0, 1849.0, 1835.0, 1846.0, 1843.0, 1826.0, 1829.0, 1827.0, 1829.0, 1822.0, 1828.0, 1816.0, 1833.0, 1845.0, 1852.0, 1834.0, 1831.0, 1832.0, 1820.0, 1824.0, 1808.0, 1823.0, 1803.0, 1813.0, 1801.0, 1801.0, 1813.0, 1802.0, 1826.0, 1787.0, 1784.0, 1796.0, 1796.0, 1795.0, 1793.0, 1814.0, 1794.0, 1801.0, 1779.0, 1783.0, 1785.0, 1778.0, 1766.0, 1753.0, 1758.0, 1763.0, 1744.0, 1744.0, 1753.0, 1751.0, 1736.0, 1724.0, 1724.0, 1754.0, 1754.0, 1747.0, 1749.0, 1730.0, 1730.0, 1734.0, 1716.0, 1727.0, 1737.0, 1733.0, 1716.0, 1718.0, 1728.0, 1716.0, 1720.0, 1689.0, 1693.0, 1713.0, 1697.0, 1681.0, 1678.0, 1689.0, 1689.0, 1671.0, 1677.0, 1679.0, 1670.0, 1670.0, 1669.0, 1672.0, 1673.0, 1647.0, 1675.0, 1668.0, 1671.0, 1659.0, 1670.0, 1670.0, 1668.0, 1652.0, 1662.0, 1645.0, 1643.0, 1643.0, 1643.0, 1634.0, 1620.0, 1616.0, 1607.0, 1621.0, 1635.0, 1628.0, 1613.0, 1606.0, 1601.0, 1603.0, 1602.0, 1606.0, 1595.0, 1593.0, 1580.0, 1581.0, 1581.0, 1575.0, 1575.0, 1579.0, 1579.0, 1566.0, 1561.0, 1561.0, 1561.0, 1571.0, 1566.0, 1559.0, 1539.0, 1540.0, 1538.0, 1543.0, 1526.0, 1530.0, 1530.0, 1517.0, 1517.0, 1500.0, 1504.0, 1499.0, 1513.0, 1495.0, 1484.0, 1478.0, 1465.0, 1465.0, 1469.0, 1466.0, 1453.0, 1475.0, 1486.0, 1479.0, 1482.0, 1464.0, 1464.0, 1460.0, 1450.0, 1445.0, 1448.0, 1456.0, 1434.0, 1434.0, 1430.0, 1434.0, 1433.0, 1433.0, 1401.0, 1412.0, 1391.0, 1404.0, 1406.0, 1396.0, 1385.0, 1390.0, 1392.0, 1387.0, 1383.0, 1380.0, 1383.0, 1386.0, 1386.0, 1378.0, 1369.0, 1379.0, 1378.0, 1378.0, 1377.0, 1378.0, 1371.0, 1370.0, 1376.0, 1378.0, 1372.0, 1368.0, 1373.0, 1372.0, 1373.0, 1371.0, 1349.0, 1337.0, 1332.0, 1335.0, 1326.0, 1349.0, 1344.0, 1355.0, 1344.0, 1329.0, 1334.0, 1329.0, 1341.0, 1321.0, 1333.0, 1308.0, 1304.0, 1294.0, 1309.0, 1328.0, 1303.0, 1296.0, 1296.0, 1304.0, 1313.0, 1322.0, 1324.0, 1313.0, 1312.0, 1312.0, 1295.0, 1300.0, 1312.0, 1320.0, 1293.0, 1290.0, 1291.0, 1291.0, 1289.0, 1289.0, 1301.0, 1291.0, 1303.0, 1256.0, 1290.0, 1294.0, 1278.0, 1280.0, 1286.0, 1286.0, 1260.0, 1246.0, 1266.0, 1280.0, 1280.0, 1278.0, 1276.0, 1289.0, 1280.0, 1276.0, 1285.0, 1294.0, 1282.0, 1282.0, 1281.0, 1291.0, 1288.0, 1288.0, 1299.0, 1288.0, 1294.0, 1289.0, 1282.0, 1307.0, 1308.0, 1297.0, 1288.0, 1303.0, 1308.0, 1308.0, 1304.0, 1300.0, 1300.0, 1300.0, 1312.0, 1305.0, 1298.0, 1306.0, 1306.0, 1293.0, 1280.0, 1297.0, 1310.0, 1323.0, 1303.0, 1298.0, 1289.0, 1321.0, 1321.0, 1301.0, 1312.0, 1311.0, 1309.0, 1312.0, 1319.0, 1319.0, 1319.0, 1314.0, 1314.0, 1307.0, 1314.0, 1315.0, 1319.0, 1316.0, 1314.0, 1319.0, 1320.0, 1317.0, 1323.0, 1338.0, 1321.0, 1328.0, 1334.0, 1321.0, 1323.0, 1322.0, 1322.0, 1318.0, 1338.0, 1329.0, 1329.0, 1338.0, 1348.0, 1356.0, 1325.0, 1333.0, 1341.0, 1341.0, 1346.0, 1349.0, 1356.0, 1352.0, 1352.0, 1354.0, 1356.0, 1359.0, 1366.0, 1370.0, 1375.0, 1357.0, 1391.0, 1396.0, 1400.0, 1385.0, 1386.0, 1391.0, 1413.0, 1411.0, 1414.0, 1405.0, 1409.0, 1409.0, 1400.0, 1416.0, 1408.0, 1418.0, 1410.0, 1419.0, 1435.0, 1400.0, 1400.0, 1410.0, 1410.0, 1425.0, 1419.0, 1422.0, 1429.0, 1422.0, 1433.0, 1439.0, 1427.0, 1419.0, 1430.0]