header: 
  seq: 2109
  stamp: 
    secs: 1548820809
    nsecs: 917751147
  frame_id: "base_link"
angle_min: -2.35619449615
angle_max: 2.35619449615
angle_increment: 0.00436332309619
time_increment: 1.73611151695e-05
scan_time: 0.0250000003725
range_min: 0.019999999553
range_max: 30.0
ranges: [0.5120000243186951, 0.5239999890327454, 0.5410000085830688, 0.5379999876022339, 0.5419999957084656, 0.5329999923706055, 0.531000018119812, 0.5239999890327454, 0.5320000052452087, 0.5299999713897705, 0.527999997138977, 0.5260000228881836, 0.5260000228881836, 0.5220000147819519, 0.49399998784065247, 0.4449999928474426, 0.4020000100135803, 0.35899999737739563, 0.34599998593330383, 0.3140000104904175, 0.3799999952316284, 0.4449999928474426, 0.49300000071525574, 0.5040000081062317, 0.5059999823570251, 0.5070000290870667, 0.5009999871253967, 0.49000000953674316, 0.4970000088214874, 0.49799999594688416, 0.48899999260902405, 0.49000000953674316, 0.49300000071525574, 0.492000013589859, 0.49399998784065247, 0.4950000047683716, 0.48899999260902405, 0.48899999260902405, 0.4860000014305115, 0.4690000116825104, 0.4699999988079071, 0.47999998927116394, 0.4699999988079071, 0.4699999988079071, 0.4690000116825104, 0.46700000762939453, 0.46399998664855957, 0.460999995470047, 0.4580000042915344, 0.45899999141693115, 0.4620000123977661, 0.46399998664855957, 0.46000000834465027, 0.45899999141693115, 0.4699999988079071, 0.4729999899864197, 0.46299999952316284, 0.46000000834465027, 0.4580000042915344, 0.4569999873638153, 0.45500001311302185, 0.4490000009536743, 0.4399999976158142, 0.4410000145435333, 0.4390000104904175, 0.4399999976158142, 0.4399999976158142, 0.4399999976158142, 0.4410000145435333, 0.4359999895095825, 0.4339999854564667, 0.42800000309944153, 0.4259999990463257, 0.42500001192092896, 0.43299999833106995, 0.4320000112056732, 0.4320000112056732, 0.4300000071525574, 0.4300000071525574, 0.4300000071525574, 0.4300000071525574, 0.4169999957084656, 0.4169999957084656, 0.41999998688697815, 0.4169999957084656, 0.41499999165534973, 0.41200000047683716, 0.41200000047683716, 0.41999998688697815, 0.42100000381469727, 0.42100000381469727, 0.41499999165534973, 0.4099999964237213, 0.41100001335144043, 0.41200000047683716, 0.4129999876022339, 0.41600000858306885, 0.41499999165534973, 0.4099999964237213, 0.40299999713897705, 0.4009999930858612, 0.40299999713897705, 0.4050000011920929, 0.4090000092983246, 0.3959999978542328, 0.3959999978542328, 0.3959999978542328, 0.3970000147819519, 0.39899998903274536, 0.39899998903274536, 0.39399999380111694, 0.38999998569488525, 0.39100000262260437, 0.39399999380111694, 0.39500001072883606, 0.3970000147819519, 0.3970000147819519, 0.39800000190734863, 0.3970000147819519, 0.3970000147819519, 0.3970000147819519, 0.38600000739097595, 0.38600000739097595, 0.3869999945163727, 0.3919999897480011, 0.39800000190734863, 0.3970000147819519, 0.3919999897480011, 0.38600000739097595, 0.38199999928474426, 0.3790000081062317, 0.3779999911785126, 0.38600000739097595, 0.39100000262260437, 0.3919999897480011, 0.39100000262260437, 0.39100000262260437, 0.3919999897480011, 0.3930000066757202, 0.39500001072883606, 0.3930000066757202, 0.39800000190734863, 0.39899998903274536, 0.3919999897480011, 0.39100000262260437, 0.38999998569488525, 0.3880000114440918, 0.3880000114440918, 0.39399999380111694, 0.3919999897480011, 0.3930000066757202, 0.39100000262260437, 0.3930000066757202, 0.3930000066757202, 0.39399999380111694, 0.38999998569488525, 0.3880000114440918, 0.3799999952316284, 0.3779999911785126, 0.3799999952316284, 0.3919999897480011, 0.3919999897480011, 0.3919999897480011, 0.40299999713897705, 0.39800000190734863, 0.39899998903274536, 0.3959999978542328, 0.39399999380111694, 0.39399999380111694, 0.3919999897480011, 0.39500001072883606, 0.3970000147819519, 0.4000000059604645, 0.3970000147819519, 0.4000000059604645, 0.40700000524520874, 0.4050000011920929, 0.4009999930858612, 0.39899998903274536, 0.4050000011920929, 0.41100001335144043, 0.41200000047683716, 0.4259999990463257, 0.42399999499320984, 0.4230000078678131, 0.4309999942779541, 0.4350000023841858, 0.43799999356269836, 0.4399999976158142, 0.4390000104904175, 0.4490000009536743, 0.46299999952316284, 0.4620000123977661, 0.4650000035762787, 0.4699999988079071, 0.4749999940395355, 0.47600001096725464, 0.47699999809265137, 0.4749999940395355, 0.4869999885559082, 0.4950000047683716, 0.503000020980835, 0.5019999742507935, 0.4950000047683716, 0.5, 0.5109999775886536, 0.5239999890327454, 0.5370000004768372, 0.5360000133514404, 0.5389999747276306, 0.5429999828338623, 0.5559999942779541, 0.5569999814033508, 0.574999988079071, 0.578000009059906, 0.5879999995231628, 0.6039999723434448, 0.6100000143051147, 0.609000027179718, 0.6190000176429749, 0.625, 0.6309999823570251, 0.6290000081062317, 0.6539999842643738, 0.6570000052452087, 0.6629999876022339, 0.671999990940094, 0.6840000152587891, 0.6970000267028809, 0.703000009059906, 0.7160000205039978, 0.7319999933242798, 0.753000020980835, 0.7570000290870667, 0.7620000243186951, 0.777999997138977, 0.7919999957084656, 0.8009999990463257, 0.8169999718666077, 0.8349999785423279, 0.8479999899864197, 0.8550000190734863, 0.8809999823570251, 0.8980000019073486, 0.9100000262260437, 0.9380000233650208, 0.9639999866485596, 0.9760000109672546, 0.9919999837875366, 1.0119999647140503, 1.031999945640564, 1.065000057220459, 1.0850000381469727, 1.11899995803833, 1.1399999856948853, 1.1729999780654907, 1.187999963760376, 1.2339999675750732, 1.2660000324249268, 1.3109999895095825, 1.3359999656677246, 1.3819999694824219, 1.4149999618530273, 1.4730000495910645, 1.5149999856948853, 1.565999984741211, 1.6339999437332153, 1.6759999990463257, 1.7619999647140503, 1.86899995803833, 2.0169999599456787, 2.2820000648498535, 2.9839999675750732, 2.98799991607666, 2.9860000610351562, 2.9830000400543213, 2.9779999256134033, 2.9820001125335693, 2.9800000190734863, 2.9820001125335693, 2.9769999980926514, 2.9709999561309814, 2.9830000400543213, 2.9830000400543213, 2.9809999465942383, 2.9790000915527344, 2.9709999561309814, 2.9679999351501465, 2.9760000705718994, 2.9630000591278076, 2.9609999656677246, 2.9570000171661377, 2.9600000381469727, 2.9590001106262207, 2.950000047683716, 2.950000047683716, 2.950000047683716, 2.9489998817443848, 2.943000078201294, 2.934999942779541, 2.928999900817871, 2.927000045776367, 2.9179999828338623, 2.9130001068115234, 2.9119999408721924, 2.9119999408721924, 2.9140000343322754, 2.9110000133514404, 2.9130001068115234, 2.8940000534057617, 2.890000104904175, 2.882999897003174, 2.880000114440918, 2.878000020980835, 2.872999906539917, 2.861999988555908, 2.8510000705718994, 2.8489999771118164, 2.8440001010894775, 2.8429999351501465, 2.8289999961853027, 2.8329999446868896, 2.8329999446868896, 2.808000087738037, 2.7960000038146973, 2.7850000858306885, 2.7820000648498535, 2.7769999504089355, 2.7639999389648438, 2.753000020980835, 2.746999979019165, 2.742000102996826, 2.7269999980926514, 2.7179999351501465, 2.7070000171661377, 2.7019999027252197, 2.683000087738037, 2.677999973297119, 2.681999921798706, 2.6619999408721924, 2.6510000228881836, 2.6410000324249268, 2.627000093460083, 2.61899995803833, 2.6059999465942383, 2.5829999446868896, 2.5799999237060547, 2.562000036239624, 2.559000015258789, 2.5429999828338623, 2.5239999294281006, 2.513000011444092, 2.499000072479248, 2.4769999980926514, 2.4679999351501465, 2.446000099182129, 2.430999994277954, 2.4100000858306885, 2.3980000019073486, 2.377000093460083, 2.3580000400543213, 2.3480000495910645, 2.3299999237060547, 2.302999973297119, 2.2860000133514404, 2.243000030517578, 2.2239999771118164, 2.2049999237060547, 2.174999952316284, 2.1470000743865967, 2.119999885559082, 2.0899999141693115, 2.0769999027252197, 2.056999921798706, 2.0250000953674316, 1.996999979019165, 1.9709999561309814, 1.9509999752044678, 1.9299999475479126, 1.906999945640564, 1.8849999904632568, 1.8600000143051147, 1.8509999513626099, 1.8320000171661377, 1.8020000457763672, 1.784000039100647, 1.774999976158142, 1.7630000114440918, 1.7389999628067017, 1.7200000286102295, 1.6990000009536743, 1.6740000247955322, 1.6610000133514404, 1.6410000324249268, 1.63100004196167, 1.625, 1.6130000352859497, 1.593999981880188, 1.5779999494552612, 1.5570000410079956, 1.5499999523162842, 1.531999945640564, 1.5230000019073486, 1.5219999551773071, 1.503000020980835, 1.496000051498413, 1.4839999675750732, 1.4670000076293945, 1.4620000123977661, 1.4509999752044678, 1.434000015258789, 1.4259999990463257, 1.4190000295639038, 1.3960000276565552, 1.3819999694824219, 1.375, 1.3650000095367432, 1.3550000190734863, 1.3459999561309814, 1.340999960899353, 1.3289999961853027, 1.3170000314712524, 1.3049999475479126, 1.3040000200271606, 1.2929999828338623, 1.2869999408721924, 1.2730000019073486, 1.253999948501587, 1.2450000047683716, 1.2400000095367432, 1.24399995803833, 1.2430000305175781, 1.215999960899353, 1.215999960899353, 1.2079999446868896, 1.1979999542236328, 1.180999994277954, 1.1770000457763672, 1.1710000038146973, 1.1699999570846558, 1.1619999408721924, 1.1519999504089355, 1.1460000276565552, 1.1410000324249268, 1.1269999742507935, 1.121000051498413, 1.1200000047683716, 1.1180000305175781, 1.1180000305175781, 1.1069999933242798, 1.0950000286102295, 1.0989999771118164, 1.0920000076293945, 1.0870000123977661, 1.0800000429153442, 1.0709999799728394, 1.062000036239624, 1.0579999685287476, 1.059999942779541, 1.062000036239624, 1.0520000457763672, 1.0490000247955322, 1.0449999570846558, 1.0360000133514404, 1.0290000438690186, 1.027999997138977, 1.0160000324249268, 1.0160000324249268, 1.0010000467300415, 0.996999979019165, 0.9929999709129333, 0.9879999756813049, 0.9879999756813049, 0.9890000224113464, 0.9779999852180481, 0.9750000238418579, 0.9760000109672546, 0.9729999899864197, 0.9739999771118164, 0.9649999737739563, 0.9620000123977661, 0.9549999833106995, 0.9570000171661377, 0.953000009059906, 0.9509999752044678, 0.9520000219345093, 0.9470000267028809, 0.9440000057220459, 0.9390000104904175, 0.9269999861717224, 0.9269999861717224, 0.921999990940094, 0.9190000295639038, 0.9160000085830688, 0.9129999876022339, 0.9139999747276306, 0.9110000133514404, 0.9070000052452087, 0.9010000228881836, 0.8989999890327454, 0.8930000066757202, 0.8920000195503235, 0.8920000195503235, 0.8920000195503235, 0.8830000162124634, 0.8809999823570251, 0.8759999871253967, 0.8730000257492065, 0.8690000176429749, 0.8690000176429749, 0.8669999837875366, 0.8690000176429749, 0.8700000047683716, 0.8659999966621399, 0.8610000014305115, 0.8600000143051147, 0.8569999933242798, 0.8569999933242798, 0.8519999980926514, 0.8450000286102295, 0.8450000286102295, 0.843999981880188, 0.8450000286102295, 0.8389999866485596, 0.8389999866485596, 0.8389999866485596, 0.8330000042915344, 0.828000009059906, 0.828000009059906, 0.8309999704360962, 0.8309999704360962, 0.8309999704360962, 0.8289999961853027, 0.8180000185966492, 0.8100000023841858, 0.8069999814033508, 0.8069999814033508, 0.8090000152587891, 0.8080000281333923, 0.8080000281333923, 0.8050000071525574, 0.8040000200271606, 0.8040000200271606, 0.7960000038146973, 0.7900000214576721, 0.796999990940094, 0.7979999780654907, 0.7960000038146973, 0.7839999794960022, 0.777999997138977, 0.777999997138977, 0.7799999713897705, 0.7799999713897705, 0.7799999713897705, 0.781000018119812, 0.7789999842643738, 0.7760000228881836, 0.7699999809265137, 0.7720000147819519, 0.7720000147819519, 0.7699999809265137, 0.7630000114440918, 0.7570000290870667, 0.7519999742507935, 0.753000020980835, 0.7590000033378601, 0.7590000033378601, 0.7540000081062317, 0.753000020980835, 0.753000020980835, 0.7509999871253967, 0.7450000047683716, 0.7440000176429749, 0.7429999709129333, 0.7409999966621399, 0.7360000014305115, 0.7350000143051147, 0.7369999885559082, 0.7369999885559082, 0.734000027179718, 0.734000027179718, 0.7329999804496765, 0.7329999804496765, 0.7300000190734863, 0.7350000143051147, 0.734000027179718, 0.7229999899864197, 0.7229999899864197, 0.7229999899864197, 0.7229999899864197, 0.7239999771118164, 0.7260000109672546, 0.7229999899864197, 0.7160000205039978, 0.7149999737739563, 0.7210000157356262, 0.7129999995231628, 0.7089999914169312, 0.7020000219345093, 0.7049999833106995, 0.7039999961853027, 0.7070000171661377, 0.7070000171661377, 0.7049999833106995, 0.7039999961853027, 0.7009999752044678, 0.7039999961853027, 0.7020000219345093, 0.6990000009536743, 0.6949999928474426, 0.6930000185966492, 0.6930000185966492, 0.6959999799728394, 0.6940000057220459, 0.6930000185966492, 0.6909999847412109, 0.6899999976158142, 0.6899999976158142, 0.6899999976158142, 0.6899999976158142, 0.6930000185966492, 0.6890000104904175, 0.6800000071525574, 0.6800000071525574, 0.6779999732971191, 0.6769999861717224, 0.6790000200271606, 0.6790000200271606, 0.6740000247955322, 0.6759999990463257, 0.6790000200271606, 0.675000011920929, 0.6759999990463257, 0.6769999861717224, 0.6729999780654907, 0.6669999957084656, 0.6669999957084656, 0.6690000295639038, 0.6729999780654907, 0.6740000247955322, 0.675000011920929, 0.6690000295639038, 0.6660000085830688, 0.6660000085830688, 0.6639999747276306, 0.6600000262260437, 0.6570000052452087, 0.656000018119812, 0.656000018119812, 0.6650000214576721, 0.6650000214576721, 0.6549999713897705, 0.6520000100135803, 0.6520000100135803, 0.652999997138977, 0.652999997138977, 0.652999997138977, 0.6489999890327454, 0.6430000066757202, 0.6449999809265137, 0.6449999809265137, 0.6480000019073486, 0.6470000147819519, 0.6430000066757202, 0.640999972820282, 0.6430000066757202, 0.6449999809265137, 0.6359999775886536, 0.6309999823570251, 0.6320000290870667, 0.6320000290870667, 0.6349999904632568, 0.6230000257492065, 0.625, 0.6240000128746033, 0.6290000081062317, 0.628000020980835, 0.6230000257492065, 0.6240000128746033, 0.6269999742507935, 0.6269999742507935, 0.6230000257492065, 0.6240000128746033, 0.6200000047683716, 0.6179999709129333, 0.6179999709129333, 0.6200000047683716, 0.6200000047683716, 0.6190000176429749, 0.6190000176429749, 0.6159999966621399, 0.6190000176429749, 0.6060000061988831, 0.6039999723434448, 0.6069999933242798, 0.6119999885559082, 0.609000027179718, 0.609000027179718, 0.6079999804496765, 0.6079999804496765, 0.6039999723434448, 0.5989999771118164, 0.6060000061988831, 0.6079999804496765, 0.6079999804496765, 0.6110000014305115, 0.609000027179718, 0.6029999852180481, 0.5960000157356262, 0.5950000286102295, 0.5920000076293945, 0.5889999866485596, 0.5889999866485596, 0.597000002861023, 0.597000002861023, 0.5910000205039978, 0.5910000205039978, 0.593999981880188, 0.5960000157356262, 0.597000002861023, 0.597000002861023, 0.593999981880188, 0.5889999866485596, 0.5849999785423279, 0.578000009059906, 0.5789999961853027, 0.5809999704360962, 0.5809999704360962, 0.5799999833106995, 0.5770000219345093, 0.5820000171661377, 0.5730000138282776, 0.5699999928474426, 0.5759999752044678, 0.5820000171661377, 0.5839999914169312, 0.5770000219345093, 0.5839999914169312, 0.5820000171661377, 0.5770000219345093, 0.574999988079071, 0.5680000185966492, 0.5630000233650208, 0.5690000057220459, 0.5699999928474426, 0.5699999928474426, 0.574999988079071, 0.574999988079071, 0.5770000219345093, 0.5770000219345093, 0.5770000219345093, 0.5759999752044678, 0.5709999799728394, 0.5659999847412109, 0.5659999847412109, 0.5680000185966492, 0.5720000267028809, 0.5720000267028809, 0.5669999718666077, 0.5669999718666077, 0.5690000057220459, 0.5709999799728394, 0.5659999847412109, 0.5659999847412109, 0.5659999847412109, 0.5659999847412109, 0.5690000057220459, 0.5680000185966492, 0.5649999976158142, 0.5659999847412109, 0.5619999766349792, 0.5669999718666077, 0.5659999847412109, 0.5630000233650208, 0.5630000233650208, 0.5600000023841858, 0.5649999976158142, 0.5580000281333923, 0.5590000152587891, 0.5569999814033508, 0.5569999814033508, 0.5569999814033508, 0.5580000281333923, 0.5609999895095825, 0.5609999895095825, 0.5600000023841858, 0.5559999942779541, 0.5550000071525574, 0.5580000281333923, 0.5590000152587891, 0.5590000152587891, 0.5580000281333923, 0.5559999942779541, 0.5509999990463257, 0.5479999780654907, 0.5479999780654907, 0.5490000247955322, 0.5559999942779541, 0.5559999942779541, 0.5440000295639038, 0.546999990940094, 0.5529999732971191, 0.5600000023841858, 0.5590000152587891, 0.5550000071525574, 0.550000011920929, 0.5460000038146973, 0.5460000038146973, 0.5460000038146973, 0.5450000166893005, 0.5389999747276306, 0.5389999747276306, 0.5389999747276306, 0.5400000214576721, 0.5400000214576721, 0.5460000038146973, 0.5460000038146973, 0.5419999957084656, 0.5410000085830688, 0.5410000085830688, 0.5410000085830688, 0.5350000262260437, 0.5379999876022339, 0.5450000166893005, 0.5400000214576721, 0.5429999828338623, 0.5450000166893005, 0.5450000166893005, 0.5410000085830688, 0.5350000262260437, 0.5350000262260437, 0.5419999957084656, 0.5419999957084656, 0.5440000295639038, 0.5440000295639038, 0.5410000085830688, 0.5389999747276306, 0.5389999747276306, 0.5410000085830688, 0.5400000214576721, 0.5429999828338623, 0.5400000214576721, 0.5400000214576721, 0.5400000214576721, 0.5389999747276306, 0.5370000004768372, 0.5370000004768372, 0.5429999828338623, 0.5400000214576721, 0.5360000133514404, 0.5350000262260437, 0.5360000133514404, 0.5440000295639038, 0.5410000085830688, 0.5379999876022339, 0.5360000133514404, 0.5400000214576721, 0.5350000262260437, 0.5370000004768372, 0.5419999957084656, 0.5429999828338623, 0.5289999842643738, 0.5350000262260437, 0.5360000133514404, 0.5389999747276306, 0.5370000004768372, 0.5370000004768372, 0.5410000085830688, 0.5400000214576721, 0.5370000004768372, 0.5370000004768372, 0.5400000214576721, 0.5419999957084656, 0.5419999957084656, 0.5419999957084656, 0.5429999828338623, 0.5450000166893005, 0.5450000166893005, 0.5389999747276306, 0.5410000085830688, 0.5429999828338623, 0.5429999828338623, 0.5360000133514404, 0.5329999923706055, 0.5350000262260437, 0.5460000038146973, 0.5479999780654907, 0.5460000038146973, 0.5450000166893005, 0.546999990940094, 0.5440000295639038, 0.5400000214576721, 0.5400000214576721, 0.5410000085830688, 0.5370000004768372, 0.5389999747276306, 0.5419999957084656, 0.5429999828338623, 0.5389999747276306, 0.5400000214576721, 0.5400000214576721, 0.5419999957084656, 0.5410000085830688, 0.5389999747276306, 0.5379999876022339, 0.5419999957084656, 0.5389999747276306, 0.5429999828338623, 0.5400000214576721, 0.5389999747276306, 0.5389999747276306, 0.5400000214576721, 0.5389999747276306, 0.5389999747276306, 0.5400000214576721, 0.5379999876022339, 0.5379999876022339, 0.5360000133514404, 0.5360000133514404, 0.5360000133514404, 0.5370000004768372, 0.5360000133514404, 0.5329999923706055, 0.5360000133514404, 0.5379999876022339, 0.5389999747276306, 0.5360000133514404, 0.5389999747276306, 0.5389999747276306, 0.5389999747276306, 0.5360000133514404, 0.5360000133514404, 0.5400000214576721, 0.5450000166893005, 0.5490000247955322, 0.5490000247955322, 0.5400000214576721, 0.5429999828338623, 0.5429999828338623, 0.5440000295639038, 0.5429999828338623, 0.5479999780654907, 0.5519999861717224, 0.550000011920929, 0.5490000247955322, 0.5490000247955322, 0.5460000038146973, 0.5419999957084656, 0.5400000214576721, 0.5400000214576721, 0.5410000085830688, 0.5400000214576721, 0.5450000166893005, 0.5490000247955322, 0.5460000038146973, 0.5460000038146973, 0.5479999780654907, 0.5519999861717224, 0.5509999990463257, 0.546999990940094, 0.546999990940094, 0.546999990940094, 0.546999990940094, 0.546999990940094, 0.5479999780654907, 0.5460000038146973, 0.550000011920929, 0.5490000247955322, 0.546999990940094, 0.5440000295639038, 0.546999990940094, 0.5460000038146973, 0.5509999990463257, 0.5559999942779541, 0.5559999942779541, 0.5509999990463257, 0.5509999990463257, 0.550000011920929, 0.5529999732971191, 0.5540000200271606, 0.5600000023841858, 0.5630000233650208, 0.5630000233650208, 0.5559999942779541, 0.5600000023841858, 0.5600000023841858, 0.5609999895095825, 0.5649999976158142, 0.5630000233650208, 0.5559999942779541, 0.5559999942779541, 0.5569999814033508, 0.5630000233650208, 0.5649999976158142, 0.5680000185966492, 0.5699999928474426, 0.5669999718666077, 0.5600000023841858, 0.5600000023841858, 0.5600000023841858, 0.5699999928474426, 0.5740000009536743, 0.5759999752044678, 0.5709999799728394, 0.5720000267028809, 0.5759999752044678, 0.5759999752044678, 0.5770000219345093, 0.5770000219345093, 0.574999988079071, 0.5730000138282776, 0.5709999799728394, 0.5649999976158142, 0.5709999799728394, 0.574999988079071, 0.5740000009536743, 0.5669999718666077, 0.5680000185966492, 0.5649999976158142, 0.5699999928474426, 0.5740000009536743, 0.5740000009536743, 0.5730000138282776, 0.5789999961853027, 0.5809999704360962, 0.5809999704360962, 0.5720000267028809, 0.5680000185966492, 0.5680000185966492, 0.578000009059906, 0.5730000138282776, 0.5680000185966492, 0.5709999799728394, 0.5740000009536743, 0.5820000171661377, 0.5799999833106995, 0.5830000042915344, 0.5830000042915344, 0.5830000042915344, 0.5830000042915344, 0.5889999866485596, 0.5899999737739563, 0.5879999995231628, 0.5870000123977661, 0.5989999771118164, 0.5989999771118164, 0.6000000238418579, 0.593999981880188, 0.5889999866485596, 0.5889999866485596, 0.5879999995231628, 0.5889999866485596, 0.5889999866485596, 0.5960000157356262, 0.593999981880188, 0.5929999947547913, 0.5889999866485596, 0.5889999866485596, 0.5910000205039978, 0.5950000286102295, 0.5989999771118164, 0.5979999899864197, 0.5979999899864197, 0.6010000109672546, 0.6129999756813049, 0.6140000224113464, 0.6150000095367432, 0.6159999966621399, 0.6230000257492065, 0.6230000257492065, 0.6240000128746033, 0.625, 0.625, 0.6290000081062317, 0.6290000081062317, 0.628000020980835, 0.628000020980835, 0.6330000162124634, 0.6359999775886536, 0.6370000243186951, 0.6299999952316284]
intensities: [1045.0, 1052.0, 1097.0, 1088.0, 1152.0, 1132.0, 1168.0, 1186.0, 1262.0, 1259.0, 1290.0, 1320.0, 1320.0, 1322.0, 1199.0, 1136.0, 1089.0, 1024.0, 982.0, 863.0, 959.0, 1026.0, 1098.0, 1107.0, 1117.0, 1074.0, 1060.0, 1035.0, 1076.0, 1088.0, 1129.0, 1200.0, 1273.0, 1336.0, 1420.0, 1477.0, 1506.0, 1506.0, 1539.0, 1523.0, 1535.0, 1553.0, 1542.0, 1550.0, 1573.0, 1590.0, 1597.0, 1592.0, 1601.0, 1622.0, 1622.0, 1588.0, 1590.0, 1564.0, 1565.0, 1552.0, 1547.0, 1540.0, 1538.0, 1536.0, 1562.0, 1557.0, 1551.0, 1555.0, 1546.0, 1539.0, 1539.0, 1542.0, 1543.0, 1530.0, 1523.0, 1534.0, 1517.0, 1518.0, 1531.0, 1513.0, 1521.0, 1517.0, 1518.0, 1521.0, 1526.0, 1511.0, 1502.0, 1519.0, 1508.0, 1514.0, 1508.0, 1508.0, 1508.0, 1508.0, 1508.0, 1510.0, 1494.0, 1499.0, 1500.0, 1488.0, 1488.0, 1489.0, 1489.0, 1507.0, 1475.0, 1490.0, 1474.0, 1490.0, 1480.0, 1484.0, 1484.0, 1476.0, 1476.0, 1476.0, 1492.0, 1480.0, 1498.0, 1502.0, 1499.0, 1502.0, 1502.0, 1502.0, 1504.0, 1504.0, 1504.0, 1497.0, 1502.0, 1505.0, 1503.0, 1501.0, 1480.0, 1474.0, 1499.0, 1521.0, 1521.0, 1521.0, 1505.0, 1491.0, 1462.0, 1466.0, 1466.0, 1451.0, 1443.0, 1436.0, 1434.0, 1434.0, 1429.0, 1425.0, 1418.0, 1413.0, 1386.0, 1372.0, 1360.0, 1342.0, 1328.0, 1327.0, 1319.0, 1314.0, 1312.0, 1288.0, 1271.0, 1269.0, 1269.0, 1268.0, 1254.0, 1254.0, 1254.0, 1236.0, 1229.0, 1224.0, 1216.0, 1207.0, 1207.0, 1185.0, 1195.0, 1168.0, 1160.0, 1144.0, 1128.0, 1135.0, 1135.0, 1128.0, 1130.0, 1140.0, 1130.0, 1127.0, 1128.0, 1130.0, 1133.0, 1106.0, 1113.0, 1114.0, 1112.0, 1106.0, 1106.0, 1081.0, 1037.0, 1026.0, 1026.0, 1032.0, 1025.0, 1010.0, 1003.0, 1033.0, 1013.0, 1011.0, 1005.0, 1011.0, 1008.0, 1004.0, 995.0, 1003.0, 993.0, 1000.0, 999.0, 1001.0, 985.0, 1004.0, 1006.0, 1016.0, 1005.0, 1004.0, 987.0, 975.0, 969.0, 974.0, 952.0, 966.0, 956.0, 953.0, 946.0, 940.0, 941.0, 939.0, 952.0, 950.0, 948.0, 939.0, 938.0, 940.0, 938.0, 928.0, 916.0, 903.0, 899.0, 890.0, 887.0, 881.0, 867.0, 870.0, 863.0, 856.0, 852.0, 856.0, 843.0, 836.0, 829.0, 828.0, 824.0, 832.0, 820.0, 822.0, 813.0, 812.0, 800.0, 801.0, 786.0, 796.0, 796.0, 824.0, 830.0, 789.0, 808.0, 928.0, 1306.0, 1236.0, 909.0, 914.0, 913.0, 915.0, 913.0, 916.0, 920.0, 916.0, 916.0, 913.0, 951.0, 936.0, 908.0, 912.0, 914.0, 909.0, 915.0, 904.0, 920.0, 908.0, 922.0, 922.0, 912.0, 916.0, 916.0, 920.0, 916.0, 910.0, 914.0, 918.0, 912.0, 915.0, 920.0, 921.0, 920.0, 920.0, 921.0, 922.0, 929.0, 926.0, 929.0, 930.0, 925.0, 924.0, 916.0, 926.0, 920.0, 924.0, 916.0, 937.0, 937.0, 926.0, 919.0, 927.0, 920.0, 922.0, 916.0, 920.0, 919.0, 934.0, 918.0, 914.0, 919.0, 918.0, 913.0, 910.0, 936.0, 915.0, 910.0, 916.0, 908.0, 915.0, 918.0, 913.0, 907.0, 924.0, 915.0, 903.0, 899.0, 898.0, 896.0, 902.0, 894.0, 896.0, 890.0, 887.0, 885.0, 886.0, 891.0, 894.0, 898.0, 894.0, 890.0, 886.0, 904.0, 947.0, 942.0, 902.0, 903.0, 915.0, 932.0, 936.0, 943.0, 944.0, 951.0, 954.0, 953.0, 960.0, 960.0, 969.0, 983.0, 968.0, 972.0, 981.0, 991.0, 981.0, 988.0, 984.0, 984.0, 992.0, 1001.0, 1018.0, 1017.0, 1003.0, 1010.0, 1016.0, 1023.0, 1025.0, 1019.0, 1028.0, 1027.0, 1034.0, 1032.0, 1030.0, 1035.0, 1036.0, 1039.0, 1049.0, 1055.0, 1050.0, 1053.0, 1041.0, 1050.0, 1059.0, 1070.0, 1067.0, 1074.0, 1080.0, 1095.0, 1096.0, 1108.0, 1103.0, 1113.0, 1116.0, 1128.0, 1105.0, 1113.0, 1111.0, 1128.0, 1129.0, 1132.0, 1133.0, 1127.0, 1127.0, 1134.0, 1135.0, 1132.0, 1150.0, 1170.0, 1157.0, 1156.0, 1143.0, 1163.0, 1176.0, 1173.0, 1172.0, 1168.0, 1167.0, 1160.0, 1193.0, 1181.0, 1178.0, 1197.0, 1206.0, 1209.0, 1218.0, 1220.0, 1222.0, 1227.0, 1234.0, 1242.0, 1249.0, 1253.0, 1244.0, 1279.0, 1280.0, 1270.0, 1275.0, 1271.0, 1291.0, 1295.0, 1318.0, 1308.0, 1325.0, 1321.0, 1321.0, 1323.0, 1336.0, 1332.0, 1350.0, 1350.0, 1352.0, 1345.0, 1358.0, 1370.0, 1375.0, 1380.0, 1374.0, 1374.0, 1378.0, 1389.0, 1403.0, 1398.0, 1404.0, 1408.0, 1415.0, 1429.0, 1431.0, 1435.0, 1429.0, 1429.0, 1422.0, 1432.0, 1431.0, 1442.0, 1449.0, 1455.0, 1464.0, 1470.0, 1471.0, 1467.0, 1465.0, 1477.0, 1467.0, 1470.0, 1468.0, 1478.0, 1483.0, 1487.0, 1488.0, 1484.0, 1473.0, 1498.0, 1498.0, 1504.0, 1503.0, 1512.0, 1523.0, 1523.0, 1523.0, 1532.0, 1527.0, 1540.0, 1538.0, 1562.0, 1573.0, 1568.0, 1564.0, 1568.0, 1571.0, 1574.0, 1576.0, 1567.0, 1589.0, 1592.0, 1595.0, 1591.0, 1599.0, 1603.0, 1607.0, 1607.0, 1587.0, 1594.0, 1610.0, 1612.0, 1598.0, 1598.0, 1595.0, 1595.0, 1607.0, 1616.0, 1598.0, 1607.0, 1620.0, 1620.0, 1620.0, 1622.0, 1621.0, 1621.0, 1620.0, 1608.0, 1606.0, 1625.0, 1620.0, 1623.0, 1630.0, 1630.0, 1618.0, 1615.0, 1620.0, 1627.0, 1626.0, 1623.0, 1616.0, 1615.0, 1616.0, 1623.0, 1609.0, 1620.0, 1627.0, 1609.0, 1635.0, 1623.0, 1638.0, 1610.0, 1621.0, 1619.0, 1613.0, 1626.0, 1628.0, 1637.0, 1631.0, 1644.0, 1641.0, 1644.0, 1644.0, 1645.0, 1646.0, 1644.0, 1644.0, 1647.0, 1648.0, 1647.0, 1647.0, 1649.0, 1656.0, 1649.0, 1649.0, 1653.0, 1653.0, 1640.0, 1640.0, 1654.0, 1662.0, 1661.0, 1661.0, 1656.0, 1658.0, 1669.0, 1676.0, 1683.0, 1678.0, 1673.0, 1668.0, 1669.0, 1660.0, 1670.0, 1673.0, 1672.0, 1661.0, 1665.0, 1677.0, 1668.0, 1684.0, 1679.0, 1692.0, 1692.0, 1696.0, 1696.0, 1679.0, 1677.0, 1682.0, 1719.0, 1719.0, 1719.0, 1715.0, 1713.0, 1706.0, 1706.0, 1696.0, 1727.0, 1717.0, 1710.0, 1711.0, 1730.0, 1710.0, 1720.0, 1725.0, 1725.0, 1727.0, 1723.0, 1746.0, 1736.0, 1704.0, 1705.0, 1724.0, 1726.0, 1731.0, 1731.0, 1712.0, 1741.0, 1724.0, 1739.0, 1744.0, 1749.0, 1745.0, 1741.0, 1740.0, 1728.0, 1728.0, 1755.0, 1752.0, 1740.0, 1761.0, 1743.0, 1743.0, 1742.0, 1742.0, 1731.0, 1717.0, 1750.0, 1726.0, 1751.0, 1763.0, 1772.0, 1764.0, 1772.0, 1763.0, 1769.0, 1767.0, 1767.0, 1781.0, 1777.0, 1758.0, 1767.0, 1777.0, 1768.0, 1756.0, 1756.0, 1757.0, 1763.0, 1753.0, 1743.0, 1745.0, 1749.0, 1749.0, 1736.0, 1715.0, 1738.0, 1745.0, 1725.0, 1756.0, 1765.0, 1765.0, 1728.0, 1748.0, 1740.0, 1747.0, 1754.0, 1738.0, 1759.0, 1733.0, 1722.0, 1722.0, 1718.0, 1718.0, 1728.0, 1709.0, 1715.0, 1724.0, 1722.0, 1717.0, 1716.0, 1704.0, 1713.0, 1721.0, 1757.0, 1757.0, 1752.0, 1748.0, 1756.0, 1756.0, 1734.0, 1714.0, 1738.0, 1726.0, 1723.0, 1708.0, 1717.0, 1722.0, 1721.0, 1722.0, 1726.0, 1727.0, 1718.0, 1714.0, 1703.0, 1704.0, 1713.0, 1708.0, 1707.0, 1710.0, 1715.0, 1713.0, 1707.0, 1707.0, 1712.0, 1712.0, 1707.0, 1709.0, 1706.0, 1708.0, 1710.0, 1708.0, 1707.0, 1706.0, 1706.0, 1699.0, 1699.0, 1701.0, 1704.0, 1677.0, 1681.0, 1681.0, 1681.0, 1685.0, 1683.0, 1710.0, 1699.0, 1699.0, 1684.0, 1670.0, 1682.0, 1670.0, 1664.0, 1658.0, 1670.0, 1670.0, 1677.0, 1669.0, 1665.0, 1653.0, 1662.0, 1649.0, 1649.0, 1662.0, 1662.0, 1650.0, 1650.0, 1628.0, 1628.0, 1626.0, 1617.0, 1627.0, 1633.0, 1624.0, 1610.0, 1593.0, 1593.0, 1601.0, 1601.0, 1605.0, 1582.0, 1580.0, 1580.0, 1556.0, 1561.0, 1584.0, 1589.0, 1585.0, 1591.0, 1558.0, 1560.0, 1531.0, 1527.0, 1503.0, 1530.0, 1548.0, 1556.0, 1524.0, 1535.0, 1536.0, 1534.0, 1526.0, 1515.0, 1504.0, 1510.0, 1525.0, 1504.0, 1499.0, 1502.0, 1513.0, 1513.0, 1496.0, 1495.0, 1495.0, 1495.0, 1488.0, 1474.0, 1474.0, 1459.0, 1454.0, 1455.0, 1472.0, 1467.0, 1463.0, 1462.0, 1465.0, 1459.0, 1454.0, 1451.0, 1459.0, 1452.0, 1449.0, 1425.0, 1438.0, 1428.0, 1441.0, 1440.0, 1424.0, 1412.0, 1410.0, 1410.0, 1422.0, 1422.0, 1429.0, 1424.0, 1428.0, 1430.0, 1433.0, 1422.0, 1411.0, 1412.0, 1408.0, 1403.0, 1393.0, 1393.0, 1373.0, 1383.0, 1381.0, 1376.0, 1356.0, 1363.0, 1375.0, 1369.0, 1359.0, 1350.0, 1344.0, 1356.0, 1356.0, 1325.0, 1330.0, 1354.0, 1358.0, 1350.0, 1339.0, 1343.0, 1342.0, 1337.0, 1328.0, 1344.0, 1336.0, 1340.0, 1340.0, 1337.0, 1325.0, 1324.0, 1313.0, 1308.0, 1300.0, 1322.0, 1324.0, 1294.0, 1294.0, 1308.0, 1307.0, 1286.0, 1290.0, 1303.0, 1300.0, 1290.0, 1293.0, 1303.0, 1283.0, 1300.0, 1287.0, 1318.0, 1309.0, 1300.0, 1289.0, 1323.0, 1357.0, 1357.0, 1259.0, 1259.0, 1290.0, 1330.0, 1317.0, 1331.0, 1342.0, 1342.0, 1343.0, 1336.0, 1336.0, 1343.0, 1366.0, 1344.0, 1348.0, 1348.0, 1353.0, 1351.0, 1350.0, 1362.0, 1353.0, 1355.0, 1345.0, 1365.0, 1365.0, 1360.0, 1363.0, 1361.0, 1361.0, 1367.0, 1369.0, 1353.0, 1351.0, 1352.0, 1365.0, 1365.0, 1380.0, 1391.0, 1389.0, 1382.0, 1384.0, 1389.0, 1371.0, 1388.0, 1406.0, 1404.0, 1404.0, 1398.0, 1402.0, 1404.0, 1404.0, 1389.0, 1391.0, 1391.0, 1397.0, 1399.0, 1397.0, 1411.0, 1411.0, 1411.0, 1423.0, 1415.0, 1433.0, 1426.0, 1433.0, 1427.0, 1418.0, 1434.0, 1426.0, 1432.0, 1431.0, 1432.0, 1430.0, 1436.0, 1436.0, 1434.0, 1429.0, 1429.0, 1432.0, 1433.0, 1439.0, 1445.0, 1450.0, 1448.0, 1444.0, 1440.0, 1429.0, 1427.0, 1426.0, 1431.0, 1434.0, 1425.0, 1420.0, 1438.0, 1438.0, 1433.0, 1429.0, 1423.0, 1422.0, 1422.0, 1427.0, 1427.0, 1429.0, 1429.0, 1438.0, 1428.0]