header: 
  seq: 2127
  stamp: 
    secs: 1548820810
    nsecs: 368058533
  frame_id: "base_link"
angle_min: -2.35619449615
angle_max: 2.35619449615
angle_increment: 0.00436332309619
time_increment: 1.73611151695e-05
scan_time: 0.0250000003725
range_min: 0.019999999553
range_max: 30.0
ranges: [0.5139999985694885, 0.5389999747276306, 0.5329999923706055, 0.5339999794960022, 0.5339999794960022, 0.5320000052452087, 0.5189999938011169, 0.5180000066757202, 0.5170000195503235, 0.5059999823570251, 0.5090000033378601, 0.5009999871253967, 0.48899999260902405, 0.48899999260902405, 0.47099998593330383, 0.45399999618530273, 0.40700000524520874, 0.3149999976158142, 0.24400000274181366, 0.29100000858306885, 0.35199999809265137, 0.4129999876022339, 0.4449999928474426, 0.4519999921321869, 0.4519999921321869, 0.453000009059906, 0.4490000009536743, 0.44999998807907104, 0.4410000145435333, 0.4339999854564667, 0.43799999356269836, 0.4259999990463257, 0.4300000071525574, 0.4339999854564667, 0.42800000309944153, 0.4320000112056732, 0.42500001192092896, 0.4180000126361847, 0.414000004529953, 0.4129999876022339, 0.4169999957084656, 0.4090000092983246, 0.4090000092983246, 0.4059999883174896, 0.40299999713897705, 0.40299999713897705, 0.4090000092983246, 0.4099999964237213, 0.4099999964237213, 0.40299999713897705, 0.3930000066757202, 0.39500001072883606, 0.39100000262260437, 0.3930000066757202, 0.39399999380111694, 0.3959999978542328, 0.3959999978542328, 0.39500001072883606, 0.3889999985694885, 0.3880000114440918, 0.3880000114440918, 0.3869999945163727, 0.38600000739097595, 0.38600000739097595, 0.38199999928474426, 0.3869999945163727, 0.37700000405311584, 0.3840000033378601, 0.3840000033378601, 0.3840000033378601, 0.3840000033378601, 0.3840000033378601, 0.38600000739097595, 0.3869999945163727, 0.38499999046325684, 0.3869999945163727, 0.38499999046325684, 0.38499999046325684, 0.39100000262260437, 0.38999998569488525, 0.38600000739097595, 0.3840000033378601, 0.3840000033378601, 0.3840000033378601, 0.3840000033378601, 0.3880000114440918, 0.3880000114440918, 0.3880000114440918, 0.3840000033378601, 0.3840000033378601, 0.3840000033378601, 0.3840000033378601, 0.38199999928474426, 0.3779999911785126, 0.3799999952316284, 0.3840000033378601, 0.3799999952316284, 0.38100001215934753, 0.3840000033378601, 0.38600000739097595, 0.38600000739097595, 0.38100001215934753, 0.37700000405311584, 0.38100001215934753, 0.38199999928474426, 0.3869999945163727, 0.38499999046325684, 0.38999998569488525, 0.39100000262260437, 0.38999998569488525, 0.3880000114440918, 0.38999998569488525, 0.3919999897480011, 0.38499999046325684, 0.38499999046325684, 0.39100000262260437, 0.38999998569488525, 0.3889999985694885, 0.3880000114440918, 0.3930000066757202, 0.39899998903274536, 0.39399999380111694, 0.39100000262260437, 0.3880000114440918, 0.3959999978542328, 0.4000000059604645, 0.4020000100135803, 0.39800000190734863, 0.39800000190734863, 0.39399999380111694, 0.39399999380111694, 0.39500001072883606, 0.4000000059604645, 0.4050000011920929, 0.40799999237060547, 0.4050000011920929, 0.4009999930858612, 0.3959999978542328, 0.4000000059604645, 0.39899998903274536, 0.4020000100135803, 0.4050000011920929, 0.4090000092983246, 0.40799999237060547, 0.4180000126361847, 0.4230000078678131, 0.4259999990463257, 0.4269999861717224, 0.4169999957084656, 0.41600000858306885, 0.4169999957084656, 0.41200000047683716, 0.4189999997615814, 0.4259999990463257, 0.4259999990463257, 0.42800000309944153, 0.42899999022483826, 0.42399999499320984, 0.42399999499320984, 0.42899999022483826, 0.42800000309944153, 0.4269999861717224, 0.4259999990463257, 0.4320000112056732, 0.4309999942779541, 0.4359999895095825, 0.4390000104904175, 0.4320000112056732, 0.4350000023841858, 0.43799999356269836, 0.4399999976158142, 0.44699999690055847, 0.45500001311302185, 0.45399999618530273, 0.4560000002384186, 0.4560000002384186, 0.45399999618530273, 0.45399999618530273, 0.45899999141693115, 0.46399998664855957, 0.46399998664855957, 0.46700000762939453, 0.4650000035762787, 0.4690000116825104, 0.47699999809265137, 0.47699999809265137, 0.4779999852180481, 0.4790000021457672, 0.4819999933242798, 0.48100000619888306, 0.4909999966621399, 0.49000000953674316, 0.49399998784065247, 0.49300000071525574, 0.49799999594688416, 0.5, 0.5009999871253967, 0.49900001287460327, 0.5040000081062317, 0.5109999775886536, 0.5130000114440918, 0.5210000276565552, 0.5260000228881836, 0.5289999842643738, 0.5299999713897705, 0.531000018119812, 0.5379999876022339, 0.5360000133514404, 0.5419999957084656, 0.5429999828338623, 0.5429999828338623, 0.5490000247955322, 0.5529999732971191, 0.5559999942779541, 0.5649999976158142, 0.5680000185966492, 0.5699999928474426, 0.5720000267028809, 0.574999988079071, 0.5809999704360962, 0.5849999785423279, 0.5889999866485596, 0.5979999899864197, 0.6000000238418579, 0.5979999899864197, 0.6010000109672546, 0.6159999966621399, 0.6140000224113464, 0.6179999709129333, 0.6190000176429749, 0.621999979019165, 0.625, 0.6359999775886536, 0.6389999985694885, 0.6389999985694885, 0.6430000066757202, 0.6510000228881836, 0.6549999713897705, 0.6650000214576721, 0.6650000214576721, 0.6660000085830688, 0.671999990940094, 0.6800000071525574, 0.6809999942779541, 0.6930000185966492, 0.699999988079071, 0.699999988079071, 0.703000009059906, 0.7179999947547913, 0.7250000238418579, 0.7260000109672546, 0.7350000143051147, 0.7369999885559082, 0.75, 0.7580000162124634, 0.7609999775886536, 0.7789999842643738, 0.777999997138977, 0.7789999842643738, 0.781000018119812, 0.7979999780654907, 0.8100000023841858, 0.8130000233650208, 0.8119999766349792, 0.8289999961853027, 0.8339999914169312, 0.8539999723434448, 0.8539999723434448, 0.8669999837875366, 0.8700000047683716, 0.8830000162124634, 0.9010000228881836, 0.9100000262260437, 0.9120000004768372, 0.9200000166893005, 0.9340000152587891, 0.9480000138282776, 0.9570000171661377, 0.9800000190734863, 0.9879999756813049, 0.9959999918937683, 1.0069999694824219, 1.031999945640564, 1.0369999408721924, 1.0379999876022339, 1.059999942779541, 1.0750000476837158, 1.090000033378601, 1.0980000495910645, 1.1139999628067017, 1.128000020980835, 1.1430000066757202, 1.1649999618530273, 1.1790000200271606, 1.2000000476837158, 1.2120000123977661, 1.2430000305175781, 1.2549999952316284, 1.2660000324249268, 1.2869999408721924, 1.312000036239624, 1.3389999866485596, 1.3539999723434448, 1.378000020980835, 1.4259999990463257, 1.4420000314712524, 1.4559999704360962, 1.4830000400543213, 1.5190000534057617, 1.5540000200271606, 1.5839999914169312, 1.6139999628067017, 1.6649999618530273, 1.74399995803833, 1.8450000286102295, 2.0880000591278076, 2.806999921798706, 2.805000066757202, 2.799999952316284, 2.8010001182556152, 2.803999900817871, 2.809000015258789, 2.803999900817871, 2.805999994277954, 2.805999994277954, 2.803999900817871, 2.796999931335449, 2.799999952316284, 2.796999931335449, 2.796999931335449, 2.7950000762939453, 2.7909998893737793, 2.7869999408721924, 2.7860000133514404, 2.7899999618530273, 2.7920000553131104, 2.7899999618530273, 2.7860000133514404, 2.7829999923706055, 2.7739999294281006, 2.7739999294281006, 2.7679998874664307, 2.7660000324249268, 2.7639999389648438, 2.759000062942505, 2.75600004196167, 2.757999897003174, 2.753999948501587, 2.746000051498413, 2.743000030517578, 2.746000051498413, 2.753000020980835, 2.7330000400543213, 2.7219998836517334, 2.7139999866485596, 2.7139999866485596, 2.7139999866485596, 2.7139999866485596, 2.7109999656677246, 2.7019999027252197, 2.6989998817443848, 2.697000026702881, 2.690000057220459, 2.686000108718872, 2.683000087738037, 2.6730000972747803, 2.6679999828338623, 2.6600000858306885, 2.6510000228881836, 2.6449999809265137, 2.6440000534057617, 2.630000114440918, 2.63100004196167, 2.625, 2.618000030517578, 2.6110000610351562, 2.5910000801086426, 2.5880000591278076, 2.5850000381469727, 2.575000047683716, 2.563999891281128, 2.562000036239624, 2.556999921798706, 2.5399999618530273, 2.5290000438690186, 2.5260000228881836, 2.5220000743865967, 2.513000011444092, 2.507999897003174, 2.4860000610351562, 2.4830000400543213, 2.4670000076293945, 2.4539999961853027, 2.447999954223633, 2.443000078201294, 2.437000036239624, 2.4159998893737793, 2.4089999198913574, 2.4010000228881836, 2.3910000324249268, 2.378999948501587, 2.3570001125335693, 2.3459999561309814, 2.3420000076293945, 2.321000099182129, 2.309999942779541, 2.2890000343322754, 2.2739999294281006, 2.2660000324249268, 2.259999990463257, 2.247999906539917, 2.2239999771118164, 2.2130000591278076, 2.196000099182129, 2.1710000038146973, 2.1570000648498535, 2.1389999389648438, 2.121000051498413, 2.0969998836517334, 2.0850000381469727, 2.072999954223633, 2.0490000247955322, 2.0199999809265137, 1.9839999675750732, 1.9639999866485596, 1.9390000104904175, 1.9199999570846558, 1.8899999856948853, 1.8519999980926514, 1.8220000267028809, 1.8109999895095825, 1.781999945640564, 1.7630000114440918, 1.7450000047683716, 1.7200000286102295, 1.690000057220459, 1.6759999990463257, 1.6579999923706055, 1.6390000581741333, 1.6160000562667847, 1.5950000286102295, 1.5670000314712524, 1.555999994277954, 1.534999966621399, 1.5199999809265137, 1.5080000162124634, 1.4850000143051147, 1.4700000286102295, 1.4600000381469727, 1.4429999589920044, 1.4359999895095825, 1.4259999990463257, 1.4049999713897705, 1.3919999599456787, 1.378000020980835, 1.3650000095367432, 1.3539999723434448, 1.3370000123977661, 1.3259999752044678, 1.315999984741211, 1.309000015258789, 1.2940000295639038, 1.281000018119812, 1.2740000486373901, 1.25, 1.2430000305175781, 1.2280000448226929, 1.215999960899353, 1.2050000429153442, 1.1890000104904175, 1.1920000314712524, 1.1740000247955322, 1.1660000085830688, 1.156000018119812, 1.1430000066757202, 1.1299999952316284, 1.11899995803833, 1.1130000352859497, 1.1109999418258667, 1.1059999465942383, 1.1030000448226929, 1.093000054359436, 1.0759999752044678, 1.069000005722046, 1.062999963760376, 1.0490000247955322, 1.0460000038146973, 1.0429999828338623, 1.0379999876022339, 1.027999997138977, 1.0299999713897705, 1.0180000066757202, 1.0119999647140503, 0.9990000128746033, 0.996999979019165, 0.9919999837875366, 0.9860000014305115, 0.9779999852180481, 0.9660000205039978, 0.9629999995231628, 0.9559999704360962, 0.9539999961853027, 0.9509999752044678, 0.9430000185966492, 0.9390000104904175, 0.925000011920929, 0.9240000247955322, 0.925000011920929, 0.925000011920929, 0.9179999828338623, 0.9020000100135803, 0.8949999809265137, 0.8949999809265137, 0.890999972820282, 0.8870000243186951, 0.8880000114440918, 0.8840000033378601, 0.875, 0.8709999918937683, 0.8669999837875366, 0.8659999966621399, 0.859000027179718, 0.8640000224113464, 0.8650000095367432, 0.859000027179718, 0.8550000190734863, 0.843999981880188, 0.8370000123977661, 0.8320000171661377, 0.824999988079071, 0.8240000009536743, 0.8159999847412109, 0.8240000009536743, 0.8240000009536743, 0.8259999752044678, 0.8169999718666077, 0.8069999814033508, 0.8050000071525574, 0.8050000071525574, 0.8029999732971191, 0.7950000166893005, 0.7860000133514404, 0.781000018119812, 0.7770000100135803, 0.7770000100135803, 0.7799999713897705, 0.7749999761581421, 0.7730000019073486, 0.7570000290870667, 0.7590000033378601, 0.7570000290870667, 0.7580000162124634, 0.7570000290870667, 0.7519999742507935, 0.7570000290870667, 0.7519999742507935, 0.7450000047683716, 0.7440000176429749, 0.7369999885559082, 0.7319999933242798, 0.734000027179718, 0.7329999804496765, 0.7229999899864197, 0.7210000157356262, 0.7210000157356262, 0.7200000286102295, 0.7139999866485596, 0.7129999995231628, 0.7070000171661377, 0.7080000042915344, 0.703000009059906, 0.703000009059906, 0.6990000009536743, 0.6980000138282776, 0.6949999928474426, 0.6890000104904175, 0.6899999976158142, 0.6959999799728394, 0.6940000057220459, 0.6880000233650208, 0.6869999766349792, 0.6869999766349792, 0.6880000233650208, 0.6859999895095825, 0.6830000281333923, 0.6809999942779541, 0.675000011920929, 0.6700000166893005, 0.6700000166893005, 0.6679999828338623, 0.6690000295639038, 0.6679999828338623, 0.6690000295639038, 0.6620000004768372, 0.6549999713897705, 0.656000018119812, 0.6579999923706055, 0.6660000085830688, 0.6679999828338623, 0.6549999713897705, 0.6510000228881836, 0.6520000100135803, 0.652999997138977, 0.6549999713897705, 0.6539999842643738, 0.6520000100135803, 0.6470000147819519, 0.6439999938011169, 0.6439999938011169, 0.6480000019073486, 0.6439999938011169, 0.640999972820282, 0.640999972820282, 0.6389999985694885, 0.6420000195503235, 0.6290000081062317, 0.6290000081062317, 0.6299999952316284, 0.6299999952316284, 0.6309999823570251, 0.6269999742507935, 0.6259999871253967, 0.6230000257492065, 0.6179999709129333, 0.6159999966621399, 0.6140000224113464, 0.6150000095367432, 0.6129999756813049, 0.6129999756813049, 0.6179999709129333, 0.6179999709129333, 0.6169999837875366, 0.6150000095367432, 0.6150000095367432, 0.6150000095367432, 0.6119999885559082, 0.6140000224113464, 0.6060000061988831, 0.6029999852180481, 0.6019999980926514, 0.6050000190734863, 0.6079999804496765, 0.6050000190734863, 0.6029999852180481, 0.6079999804496765, 0.6079999804496765, 0.6039999723434448, 0.6000000238418579, 0.5989999771118164, 0.6010000109672546, 0.6010000109672546, 0.6000000238418579, 0.5989999771118164, 0.6000000238418579, 0.6000000238418579, 0.5950000286102295, 0.593999981880188, 0.5960000157356262, 0.597000002861023, 0.6010000109672546, 0.5960000157356262, 0.5960000157356262, 0.6000000238418579, 0.5920000076293945, 0.5910000205039978, 0.5860000252723694, 0.5870000123977661, 0.5960000157356262, 0.5950000286102295, 0.5870000123977661, 0.5849999785423279, 0.5809999704360962, 0.574999988079071, 0.5759999752044678, 0.578000009059906, 0.5799999833106995, 0.5839999914169312, 0.5860000252723694, 0.5830000042915344, 0.5830000042915344, 0.5820000171661377, 0.5839999914169312, 0.5860000252723694, 0.5759999752044678, 0.5699999928474426, 0.5709999799728394, 0.5709999799728394, 0.5709999799728394, 0.5709999799728394, 0.5770000219345093, 0.5830000042915344, 0.5770000219345093, 0.5759999752044678, 0.5799999833106995, 0.5770000219345093, 0.5720000267028809, 0.5709999799728394, 0.5699999928474426, 0.5709999799728394, 0.5690000057220459, 0.5690000057220459, 0.5690000057220459, 0.5690000057220459, 0.5740000009536743, 0.5720000267028809, 0.5659999847412109, 0.5619999766349792, 0.5659999847412109, 0.5690000057220459, 0.5690000057220459, 0.5709999799728394, 0.5649999976158142, 0.5659999847412109, 0.5669999718666077, 0.5669999718666077, 0.5699999928474426, 0.5659999847412109, 0.5619999766349792, 0.5619999766349792, 0.5600000023841858, 0.5649999976158142, 0.5680000185966492, 0.5590000152587891, 0.5569999814033508, 0.5680000185966492, 0.5680000185966492, 0.5699999928474426, 0.5630000233650208, 0.5529999732971191, 0.5600000023841858, 0.5680000185966492, 0.5640000104904175, 0.5659999847412109, 0.5699999928474426, 0.5699999928474426, 0.5640000104904175, 0.5649999976158142, 0.5600000023841858, 0.5550000071525574, 0.5540000200271606, 0.5619999766349792, 0.5630000233650208, 0.5630000233650208, 0.5590000152587891, 0.5569999814033508, 0.5559999942779541, 0.5550000071525574, 0.5540000200271606, 0.5550000071525574, 0.5590000152587891, 0.5590000152587891, 0.5590000152587891, 0.5630000233650208, 0.5630000233650208, 0.5529999732971191, 0.5519999861717224, 0.5640000104904175, 0.5630000233650208, 0.5609999895095825, 0.5519999861717224, 0.5540000200271606, 0.5540000200271606, 0.5590000152587891, 0.5619999766349792, 0.5619999766349792, 0.5630000233650208, 0.5619999766349792, 0.5590000152587891, 0.5559999942779541, 0.5550000071525574, 0.5619999766349792, 0.5619999766349792, 0.5600000023841858, 0.5569999814033508, 0.5550000071525574, 0.5540000200271606, 0.5540000200271606, 0.5580000281333923, 0.5590000152587891, 0.5619999766349792, 0.5640000104904175, 0.5550000071525574, 0.5529999732971191, 0.5509999990463257, 0.5509999990463257, 0.550000011920929, 0.5550000071525574, 0.5519999861717224, 0.5580000281333923, 0.5590000152587891, 0.5590000152587891, 0.5590000152587891, 0.5550000071525574, 0.5550000071525574, 0.5550000071525574, 0.5550000071525574, 0.5540000200271606, 0.5550000071525574, 0.5580000281333923, 0.5569999814033508, 0.5559999942779541, 0.5559999942779541, 0.5559999942779541, 0.5529999732971191, 0.5559999942779541, 0.5590000152587891, 0.5609999895095825, 0.5630000233650208, 0.5640000104904175, 0.5649999976158142, 0.5640000104904175, 0.5640000104904175, 0.5640000104904175, 0.5600000023841858, 0.5590000152587891, 0.5659999847412109, 0.5569999814033508, 0.550000011920929, 0.5519999861717224, 0.5540000200271606, 0.5540000200271606, 0.5600000023841858, 0.5600000023841858, 0.5580000281333923, 0.5550000071525574, 0.5550000071525574, 0.5580000281333923, 0.5609999895095825, 0.5600000023841858, 0.5590000152587891, 0.5559999942779541, 0.5580000281333923, 0.5569999814033508, 0.5540000200271606, 0.5569999814033508, 0.5609999895095825, 0.5609999895095825, 0.5600000023841858, 0.5630000233650208, 0.5609999895095825, 0.5590000152587891, 0.5600000023841858, 0.5649999976158142, 0.5640000104904175, 0.5569999814033508, 0.5580000281333923, 0.5630000233650208, 0.5630000233650208, 0.5600000023841858, 0.5609999895095825, 0.5569999814033508, 0.5550000071525574, 0.5559999942779541, 0.5590000152587891, 0.5630000233650208, 0.5669999718666077, 0.5680000185966492, 0.5709999799728394, 0.5699999928474426, 0.5690000057220459, 0.5720000267028809, 0.5720000267028809, 0.5690000057220459, 0.5680000185966492, 0.5609999895095825, 0.5690000057220459, 0.5680000185966492, 0.5680000185966492, 0.5640000104904175, 0.5669999718666077, 0.5669999718666077, 0.5699999928474426, 0.5699999928474426, 0.5699999928474426, 0.5709999799728394, 0.5669999718666077, 0.5659999847412109, 0.5740000009536743, 0.5830000042915344, 0.5830000042915344, 0.5770000219345093, 0.5809999704360962, 0.5799999833106995, 0.5770000219345093, 0.574999988079071, 0.5789999961853027, 0.5820000171661377, 0.5789999961853027, 0.574999988079071, 0.5789999961853027, 0.5789999961853027, 0.5809999704360962, 0.5839999914169312, 0.5799999833106995, 0.5740000009536743, 0.574999988079071, 0.574999988079071, 0.5759999752044678, 0.578000009059906, 0.5820000171661377, 0.5849999785423279, 0.5759999752044678, 0.578000009059906, 0.5789999961853027, 0.5789999961853027, 0.5910000205039978, 0.5910000205039978, 0.5920000076293945, 0.5979999899864197, 0.5989999771118164, 0.5950000286102295, 0.5910000205039978, 0.5910000205039978, 0.5910000205039978, 0.5879999995231628, 0.5870000123977661, 0.5910000205039978, 0.5860000252723694, 0.5860000252723694, 0.5899999737739563, 0.5910000205039978, 0.5899999737739563, 0.5910000205039978, 0.5910000205039978, 0.5920000076293945, 0.5910000205039978, 0.5920000076293945, 0.593999981880188, 0.6000000238418579, 0.5979999899864197, 0.5960000157356262, 0.5950000286102295, 0.593999981880188, 0.5929999947547913, 0.5960000157356262, 0.5960000157356262, 0.5960000157356262, 0.5989999771118164, 0.5979999899864197, 0.6019999980926514, 0.6019999980926514, 0.6050000190734863, 0.6050000190734863, 0.5979999899864197, 0.5950000286102295, 0.5950000286102295, 0.6019999980926514, 0.6100000143051147, 0.6069999933242798, 0.6039999723434448, 0.6050000190734863, 0.6050000190734863, 0.6129999756813049, 0.6119999885559082, 0.609000027179718, 0.6029999852180481, 0.6050000190734863, 0.6110000014305115, 0.6129999756813049, 0.6119999885559082, 0.6079999804496765, 0.6169999837875366, 0.6159999966621399, 0.6169999837875366, 0.6110000014305115, 0.6169999837875366, 0.6179999709129333, 0.625, 0.628000020980835, 0.6259999871253967, 0.6269999742507935, 0.628000020980835, 0.6309999823570251, 0.6299999952316284, 0.6259999871253967, 0.625, 0.621999979019165, 0.621999979019165, 0.6259999871253967, 0.6299999952316284, 0.6349999904632568, 0.6330000162124634, 0.6290000081062317, 0.6269999742507935, 0.6330000162124634, 0.6349999904632568, 0.6349999904632568, 0.6349999904632568, 0.6370000243186951, 0.6430000066757202, 0.6439999938011169, 0.6470000147819519, 0.6470000147819519, 0.6480000019073486, 0.6499999761581421, 0.6489999890327454, 0.640999972820282, 0.6460000276565552, 0.6470000147819519, 0.6449999809265137, 0.6499999761581421, 0.6539999842643738, 0.652999997138977, 0.6449999809265137, 0.6420000195503235, 0.6499999761581421, 0.652999997138977, 0.6549999713897705, 0.6579999923706055, 0.6629999876022339, 0.6650000214576721, 0.6549999713897705, 0.6499999761581421, 0.6510000228881836, 0.6499999761581421, 0.6499999761581421, 0.6510000228881836, 0.6539999842643738, 0.6539999842643738, 0.6489999890327454, 0.6489999890327454, 0.652999997138977, 0.656000018119812, 0.656000018119812, 0.6520000100135803, 0.6600000262260437, 0.6639999747276306, 0.6639999747276306, 0.6539999842643738, 0.656000018119812, 0.6570000052452087, 0.6570000052452087, 0.6549999713897705, 0.6639999747276306, 0.6650000214576721, 0.6669999957084656, 0.6600000262260437, 0.6639999747276306, 0.6639999747276306, 0.6639999747276306, 0.6650000214576721, 0.6669999957084656, 0.6650000214576721, 0.6650000214576721, 0.6639999747276306, 0.6620000004768372, 0.6579999923706055, 0.6650000214576721, 0.671999990940094, 0.6690000295639038, 0.6620000004768372, 0.6600000262260437, 0.6639999747276306, 0.6690000295639038, 0.6600000262260437, 0.6589999794960022, 0.6539999842643738, 0.6610000133514404, 0.6650000214576721, 0.6669999957084656, 0.6669999957084656, 0.6700000166893005, 0.6700000166893005, 0.6669999957084656, 0.6650000214576721, 0.6740000247955322, 0.6800000071525574, 0.6830000281333923, 0.6869999766349792, 0.6850000023841858, 0.6830000281333923, 0.6819999814033508, 0.6840000152587891, 0.6859999895095825, 0.6800000071525574, 0.6909999847412109, 0.6949999928474426, 0.699999988079071, 0.7009999752044678, 0.699999988079071, 0.6980000138282776]
intensities: [945.0, 1004.0, 1013.0, 1084.0, 1109.0, 1120.0, 1107.0, 1139.0, 1151.0, 1163.0, 1184.0, 1187.0, 1157.0, 1157.0, 1149.0, 1123.0, 1036.0, 874.0, 740.0, 815.0, 853.0, 958.0, 989.0, 992.0, 983.0, 971.0, 947.0, 955.0, 992.0, 1034.0, 1107.0, 1119.0, 1170.0, 1245.0, 1238.0, 1283.0, 1299.0, 1352.0, 1376.0, 1386.0, 1423.0, 1424.0, 1442.0, 1440.0, 1463.0, 1469.0, 1491.0, 1512.0, 1541.0, 1532.0, 1542.0, 1534.0, 1535.0, 1560.0, 1559.0, 1551.0, 1578.0, 1583.0, 1576.0, 1566.0, 1575.0, 1588.0, 1597.0, 1597.0, 1578.0, 1605.0, 1594.0, 1618.0, 1621.0, 1623.0, 1617.0, 1617.0, 1645.0, 1647.0, 1639.0, 1630.0, 1643.0, 1643.0, 1630.0, 1633.0, 1618.0, 1621.0, 1612.0, 1625.0, 1614.0, 1607.0, 1607.0, 1633.0, 1623.0, 1598.0, 1582.0, 1582.0, 1577.0, 1578.0, 1597.0, 1617.0, 1590.0, 1559.0, 1548.0, 1545.0, 1545.0, 1524.0, 1533.0, 1528.0, 1528.0, 1515.0, 1523.0, 1519.0, 1518.0, 1515.0, 1503.0, 1512.0, 1503.0, 1489.0, 1486.0, 1461.0, 1467.0, 1459.0, 1449.0, 1455.0, 1467.0, 1405.0, 1417.0, 1413.0, 1407.0, 1399.0, 1401.0, 1335.0, 1335.0, 1305.0, 1305.0, 1297.0, 1302.0, 1312.0, 1324.0, 1298.0, 1276.0, 1262.0, 1267.0, 1258.0, 1253.0, 1250.0, 1253.0, 1247.0, 1243.0, 1243.0, 1244.0, 1233.0, 1216.0, 1211.0, 1222.0, 1188.0, 1196.0, 1185.0, 1176.0, 1164.0, 1169.0, 1150.0, 1150.0, 1140.0, 1134.0, 1129.0, 1137.0, 1136.0, 1143.0, 1151.0, 1155.0, 1124.0, 1122.0, 1119.0, 1112.0, 1132.0, 1134.0, 1129.0, 1135.0, 1135.0, 1135.0, 1135.0, 1149.0, 1131.0, 1131.0, 1125.0, 1143.0, 1132.0, 1124.0, 1124.0, 1115.0, 1108.0, 1103.0, 1089.0, 1102.0, 1095.0, 1096.0, 1099.0, 1095.0, 1100.0, 1101.0, 1083.0, 1092.0, 1095.0, 1100.0, 1124.0, 1117.0, 1095.0, 1101.0, 1107.0, 1127.0, 1102.0, 1114.0, 1117.0, 1118.0, 1118.0, 1123.0, 1129.0, 1119.0, 1107.0, 1103.0, 1097.0, 1102.0, 1112.0, 1115.0, 1101.0, 1095.0, 1099.0, 1095.0, 1103.0, 1097.0, 1075.0, 1082.0, 1083.0, 1076.0, 1082.0, 1081.0, 1091.0, 1093.0, 1076.0, 1084.0, 1070.0, 1073.0, 1071.0, 1056.0, 1060.0, 1046.0, 1033.0, 1038.0, 1036.0, 1036.0, 1029.0, 1028.0, 1036.0, 1023.0, 1023.0, 1019.0, 1020.0, 1018.0, 1006.0, 1022.0, 1007.0, 998.0, 1000.0, 1003.0, 996.0, 990.0, 983.0, 996.0, 994.0, 1003.0, 1001.0, 991.0, 979.0, 991.0, 983.0, 980.0, 970.0, 978.0, 968.0, 959.0, 956.0, 957.0, 964.0, 965.0, 964.0, 965.0, 961.0, 948.0, 938.0, 936.0, 932.0, 924.0, 920.0, 914.0, 907.0, 898.0, 901.0, 903.0, 903.0, 888.0, 885.0, 889.0, 888.0, 879.0, 883.0, 870.0, 882.0, 893.0, 885.0, 872.0, 866.0, 862.0, 848.0, 874.0, 874.0, 880.0, 1073.0, 1382.0, 1273.0, 965.0, 963.0, 956.0, 954.0, 946.0, 946.0, 952.0, 958.0, 970.0, 962.0, 956.0, 956.0, 961.0, 968.0, 965.0, 958.0, 950.0, 948.0, 956.0, 965.0, 962.0, 972.0, 968.0, 953.0, 953.0, 946.0, 968.0, 958.0, 956.0, 961.0, 965.0, 964.0, 958.0, 956.0, 955.0, 955.0, 957.0, 962.0, 959.0, 961.0, 953.0, 953.0, 970.0, 958.0, 955.0, 959.0, 962.0, 962.0, 971.0, 956.0, 961.0, 954.0, 955.0, 954.0, 959.0, 962.0, 968.0, 960.0, 960.0, 970.0, 951.0, 946.0, 965.0, 962.0, 951.0, 959.0, 974.0, 958.0, 963.0, 962.0, 967.0, 953.0, 960.0, 960.0, 965.0, 950.0, 953.0, 959.0, 955.0, 968.0, 953.0, 956.0, 957.0, 951.0, 961.0, 950.0, 952.0, 953.0, 941.0, 954.0, 937.0, 939.0, 944.0, 942.0, 949.0, 938.0, 941.0, 941.0, 928.0, 923.0, 928.0, 921.0, 927.0, 940.0, 926.0, 918.0, 912.0, 936.0, 963.0, 969.0, 945.0, 941.0, 953.0, 966.0, 973.0, 975.0, 978.0, 997.0, 990.0, 1003.0, 1003.0, 1029.0, 1023.0, 1041.0, 1040.0, 1046.0, 1043.0, 1049.0, 1044.0, 1042.0, 1029.0, 1038.0, 1038.0, 1060.0, 1061.0, 1070.0, 1068.0, 1080.0, 1084.0, 1083.0, 1088.0, 1098.0, 1101.0, 1098.0, 1110.0, 1102.0, 1121.0, 1104.0, 1122.0, 1125.0, 1103.0, 1091.0, 1110.0, 1100.0, 1110.0, 1102.0, 1122.0, 1120.0, 1104.0, 1130.0, 1130.0, 1126.0, 1139.0, 1134.0, 1136.0, 1125.0, 1138.0, 1130.0, 1129.0, 1136.0, 1135.0, 1162.0, 1185.0, 1193.0, 1213.0, 1209.0, 1231.0, 1247.0, 1252.0, 1257.0, 1258.0, 1256.0, 1264.0, 1265.0, 1268.0, 1273.0, 1269.0, 1267.0, 1288.0, 1287.0, 1288.0, 1304.0, 1304.0, 1308.0, 1307.0, 1297.0, 1325.0, 1326.0, 1338.0, 1340.0, 1328.0, 1328.0, 1322.0, 1315.0, 1336.0, 1320.0, 1337.0, 1339.0, 1352.0, 1358.0, 1358.0, 1351.0, 1371.0, 1375.0, 1367.0, 1380.0, 1404.0, 1404.0, 1401.0, 1411.0, 1422.0, 1423.0, 1432.0, 1434.0, 1437.0, 1443.0, 1437.0, 1453.0, 1453.0, 1465.0, 1473.0, 1464.0, 1479.0, 1481.0, 1500.0, 1489.0, 1500.0, 1505.0, 1507.0, 1525.0, 1525.0, 1530.0, 1518.0, 1532.0, 1546.0, 1546.0, 1558.0, 1552.0, 1559.0, 1575.0, 1574.0, 1598.0, 1577.0, 1576.0, 1602.0, 1602.0, 1595.0, 1596.0, 1613.0, 1622.0, 1625.0, 1619.0, 1625.0, 1632.0, 1631.0, 1631.0, 1619.0, 1627.0, 1632.0, 1629.0, 1636.0, 1633.0, 1642.0, 1647.0, 1655.0, 1658.0, 1648.0, 1649.0, 1645.0, 1638.0, 1642.0, 1657.0, 1654.0, 1660.0, 1652.0, 1640.0, 1652.0, 1665.0, 1662.0, 1662.0, 1669.0, 1669.0, 1669.0, 1670.0, 1665.0, 1672.0, 1675.0, 1683.0, 1684.0, 1680.0, 1680.0, 1694.0, 1701.0, 1712.0, 1687.0, 1685.0, 1689.0, 1693.0, 1691.0, 1685.0, 1690.0, 1702.0, 1702.0, 1701.0, 1701.0, 1718.0, 1728.0, 1729.0, 1729.0, 1742.0, 1732.0, 1739.0, 1766.0, 1780.0, 1731.0, 1743.0, 1734.0, 1743.0, 1764.0, 1764.0, 1769.0, 1777.0, 1780.0, 1768.0, 1760.0, 1769.0, 1778.0, 1788.0, 1788.0, 1789.0, 1795.0, 1810.0, 1807.0, 1813.0, 1812.0, 1812.0, 1800.0, 1830.0, 1819.0, 1808.0, 1805.0, 1811.0, 1796.0, 1787.0, 1778.0, 1796.0, 1799.0, 1823.0, 1826.0, 1834.0, 1834.0, 1836.0, 1827.0, 1833.0, 1835.0, 1830.0, 1827.0, 1855.0, 1840.0, 1856.0, 1856.0, 1856.0, 1863.0, 1857.0, 1851.0, 1846.0, 1838.0, 1836.0, 1838.0, 1856.0, 1845.0, 1847.0, 1838.0, 1844.0, 1853.0, 1853.0, 1841.0, 1838.0, 1854.0, 1853.0, 1854.0, 1854.0, 1852.0, 1848.0, 1846.0, 1867.0, 1862.0, 1864.0, 1871.0, 1873.0, 1900.0, 1886.0, 1877.0, 1865.0, 1886.0, 1917.0, 1895.0, 1894.0, 1899.0, 1899.0, 1896.0, 1880.0, 1919.0, 1887.0, 1869.0, 1863.0, 1881.0, 1891.0, 1891.0, 1896.0, 1873.0, 1854.0, 1878.0, 1868.0, 1873.0, 1872.0, 1876.0, 1862.0, 1859.0, 1843.0, 1880.0, 1871.0, 1888.0, 1895.0, 1894.0, 1894.0, 1863.0, 1863.0, 1840.0, 1850.0, 1830.0, 1846.0, 1839.0, 1798.0, 1865.0, 1882.0, 1877.0, 1868.0, 1868.0, 1873.0, 1864.0, 1868.0, 1854.0, 1868.0, 1849.0, 1849.0, 1830.0, 1843.0, 1844.0, 1836.0, 1836.0, 1801.0, 1799.0, 1766.0, 1782.0, 1762.0, 1766.0, 1738.0, 1741.0, 1719.0, 1767.0, 1786.0, 1767.0, 1781.0, 1781.0, 1783.0, 1794.0, 1790.0, 1758.0, 1758.0, 1769.0, 1763.0, 1758.0, 1753.0, 1735.0, 1725.0, 1717.0, 1713.0, 1707.0, 1725.0, 1711.0, 1698.0, 1700.0, 1710.0, 1718.0, 1715.0, 1714.0, 1707.0, 1706.0, 1727.0, 1707.0, 1717.0, 1697.0, 1685.0, 1685.0, 1705.0, 1687.0, 1696.0, 1699.0, 1699.0, 1694.0, 1684.0, 1705.0, 1705.0, 1703.0, 1694.0, 1684.0, 1661.0, 1676.0, 1691.0, 1669.0, 1652.0, 1637.0, 1635.0, 1617.0, 1608.0, 1624.0, 1612.0, 1599.0, 1581.0, 1586.0, 1590.0, 1582.0, 1586.0, 1568.0, 1569.0, 1565.0, 1551.0, 1538.0, 1527.0, 1530.0, 1518.0, 1535.0, 1552.0, 1500.0, 1500.0, 1475.0, 1470.0, 1481.0, 1489.0, 1483.0, 1488.0, 1473.0, 1478.0, 1478.0, 1452.0, 1452.0, 1452.0, 1443.0, 1444.0, 1435.0, 1430.0, 1437.0, 1430.0, 1412.0, 1415.0, 1437.0, 1411.0, 1409.0, 1411.0, 1414.0, 1411.0, 1409.0, 1382.0, 1382.0, 1381.0, 1371.0, 1371.0, 1364.0, 1350.0, 1350.0, 1348.0, 1338.0, 1341.0, 1346.0, 1319.0, 1336.0, 1353.0, 1350.0, 1360.0, 1360.0, 1337.0, 1329.0, 1333.0, 1340.0, 1327.0, 1327.0, 1324.0, 1324.0, 1314.0, 1324.0, 1290.0, 1290.0, 1293.0, 1301.0, 1311.0, 1300.0, 1300.0, 1304.0, 1336.0, 1291.0, 1286.0, 1291.0, 1301.0, 1305.0, 1306.0, 1282.0, 1260.0, 1280.0, 1282.0, 1289.0, 1299.0, 1300.0, 1260.0, 1260.0, 1269.0, 1265.0, 1271.0, 1276.0, 1292.0, 1277.0, 1279.0, 1268.0, 1265.0, 1278.0, 1278.0, 1279.0, 1277.0, 1279.0, 1271.0, 1270.0, 1282.0, 1271.0, 1262.0, 1266.0, 1281.0, 1273.0, 1279.0, 1282.0, 1291.0, 1271.0, 1289.0, 1286.0, 1297.0, 1298.0, 1283.0, 1307.0, 1299.0, 1289.0, 1284.0, 1289.0, 1300.0, 1307.0, 1300.0, 1319.0, 1297.0, 1294.0, 1292.0, 1312.0, 1323.0, 1323.0, 1324.0, 1319.0, 1317.0, 1311.0, 1326.0, 1326.0, 1320.0, 1312.0, 1343.0, 1324.0, 1328.0, 1320.0, 1322.0, 1330.0, 1340.0, 1334.0, 1334.0, 1333.0, 1330.0, 1330.0, 1345.0, 1356.0, 1364.0, 1360.0, 1360.0, 1347.0, 1367.0, 1385.0, 1375.0, 1391.0, 1396.0, 1360.0, 1385.0, 1376.0, 1381.0, 1389.0, 1384.0, 1376.0, 1380.0, 1373.0, 1373.0, 1402.0, 1397.0, 1405.0, 1405.0, 1416.0, 1409.0, 1410.0, 1407.0, 1408.0, 1402.0, 1402.0, 1406.0, 1411.0, 1414.0, 1412.0, 1413.0, 1411.0, 1412.0, 1427.0, 1427.0, 1441.0, 1432.0, 1441.0, 1459.0, 1438.0, 1418.0, 1445.0, 1443.0, 1439.0, 1449.0, 1465.0, 1466.0, 1466.0, 1472.0, 1472.0, 1475.0, 1469.0, 1465.0, 1472.0, 1469.0, 1466.0, 1456.0, 1472.0, 1482.0, 1485.0, 1493.0, 1494.0, 1494.0, 1492.0, 1493.0, 1498.0, 1496.0, 1501.0]