header: 
  seq: 1351
  stamp: 
    secs: 1548820790
    nsecs: 931072244
  frame_id: "base_link"
angle_min: -2.35619449615
angle_max: 2.35619449615
angle_increment: 0.00436332309619
time_increment: 1.73611151695e-05
scan_time: 0.0250000003725
range_min: 0.019999999553
range_max: 30.0
ranges: [0.47200000286102295, 0.4830000102519989, 0.48100000619888306, 0.48100000619888306, 0.4740000069141388, 0.4830000102519989, 0.4860000014305115, 0.4860000014305115, 0.49399998784065247, 0.4950000047683716, 0.4860000014305115, 0.4869999885559082, 0.4869999885559082, 0.48500001430511475, 0.4699999988079071, 0.4449999928474426, 0.40700000524520874, 0.36000001430511475, 0.3659999966621399, 0.30300000309944153, 0.3840000033378601, 0.43299999833106995, 0.4490000009536743, 0.4560000002384186, 0.4560000002384186, 0.46399998664855957, 0.4650000035762787, 0.46299999952316284, 0.46000000834465027, 0.46000000834465027, 0.453000009059906, 0.4690000116825104, 0.4620000123977661, 0.47099998593330383, 0.46299999952316284, 0.460999995470047, 0.46299999952316284, 0.4650000035762787, 0.46299999952316284, 0.4569999873638153, 0.45399999618530273, 0.4490000009536743, 0.4449999928474426, 0.44999998807907104, 0.4569999873638153, 0.45100000500679016, 0.4410000145435333, 0.4429999887943268, 0.4429999887943268, 0.4429999887943268, 0.4339999854564667, 0.4390000104904175, 0.43799999356269836, 0.4339999854564667, 0.4339999854564667, 0.4350000023841858, 0.43799999356269836, 0.4359999895095825, 0.43299999833106995, 0.4339999854564667, 0.4359999895095825, 0.4399999976158142, 0.43299999833106995, 0.4309999942779541, 0.42399999499320984, 0.4230000078678131, 0.42500001192092896, 0.4320000112056732, 0.421999990940094, 0.4189999997615814, 0.41999998688697815, 0.421999990940094, 0.4189999997615814, 0.4180000126361847, 0.41600000858306885, 0.4169999957084656, 0.4180000126361847, 0.4189999997615814, 0.4189999997615814, 0.421999990940094, 0.4259999990463257, 0.4189999997615814, 0.4129999876022339, 0.4129999876022339, 0.41200000047683716, 0.4129999876022339, 0.41200000047683716, 0.4129999876022339, 0.4129999876022339, 0.4180000126361847, 0.4230000078678131, 0.4099999964237213, 0.4090000092983246, 0.4129999876022339, 0.41499999165534973, 0.414000004529953, 0.41100001335144043, 0.4099999964237213, 0.4059999883174896, 0.4129999876022339, 0.4090000092983246, 0.40799999237060547, 0.40700000524520874, 0.4020000100135803, 0.39800000190734863, 0.40700000524520874, 0.40400001406669617, 0.40400001406669617, 0.40400001406669617, 0.40299999713897705, 0.40400001406669617, 0.40400001406669617, 0.4000000059604645, 0.39399999380111694, 0.39800000190734863, 0.4020000100135803, 0.40400001406669617, 0.4020000100135803, 0.39800000190734863, 0.3970000147819519, 0.3970000147819519, 0.3970000147819519, 0.3970000147819519, 0.39800000190734863, 0.4000000059604645, 0.4000000059604645, 0.3970000147819519, 0.3889999985694885, 0.3889999985694885, 0.39100000262260437, 0.3880000114440918, 0.38600000739097595, 0.38600000739097595, 0.39800000190734863, 0.3959999978542328, 0.3930000066757202, 0.3930000066757202, 0.39399999380111694, 0.39399999380111694, 0.3919999897480011, 0.3880000114440918, 0.3880000114440918, 0.3930000066757202, 0.38999998569488525, 0.3869999945163727, 0.3880000114440918, 0.3880000114440918, 0.38600000739097595, 0.38100001215934753, 0.38199999928474426, 0.3880000114440918, 0.3880000114440918, 0.3889999985694885, 0.3889999985694885, 0.38499999046325684, 0.3840000033378601, 0.38499999046325684, 0.38199999928474426, 0.3840000033378601, 0.38600000739097595, 0.38600000739097595, 0.3799999952316284, 0.3840000033378601, 0.39100000262260437, 0.39100000262260437, 0.38100001215934753, 0.382999986410141, 0.382999986410141, 0.382999986410141, 0.3799999952316284, 0.3779999911785126, 0.37400001287460327, 0.37599998712539673, 0.38199999928474426, 0.38199999928474426, 0.37700000405311584, 0.37700000405311584, 0.37700000405311584, 0.3799999952316284, 0.382999986410141, 0.38499999046325684, 0.38100001215934753, 0.38100001215934753, 0.38100001215934753, 0.3799999952316284, 0.3790000081062317, 0.38100001215934753, 0.37700000405311584, 0.38100001215934753, 0.3779999911785126, 0.38100001215934753, 0.37299999594688416, 0.3709999918937683, 0.37400001287460327, 0.37599998712539673, 0.37700000405311584, 0.37700000405311584, 0.37700000405311584, 0.375, 0.375, 0.3790000081062317, 0.3799999952316284, 0.3799999952316284, 0.3779999911785126, 0.3779999911785126, 0.37400001287460327, 0.36899998784065247, 0.36800000071525574, 0.3709999918937683, 0.3779999911785126, 0.375, 0.375, 0.3799999952316284, 0.37700000405311584, 0.37400001287460327, 0.3700000047683716, 0.3720000088214874, 0.3779999911785126, 0.37599998712539673, 0.375, 0.37400001287460327, 0.37400001287460327, 0.37299999594688416, 0.375, 0.375, 0.37299999594688416, 0.3709999918937683, 0.36899998784065247, 0.3799999952316284, 0.3779999911785126, 0.3790000081062317, 0.38100001215934753, 0.3790000081062317, 0.3720000088214874, 0.375, 0.37299999594688416, 0.3720000088214874, 0.37299999594688416, 0.38499999046325684, 0.3799999952316284, 0.375, 0.37599998712539673, 0.37599998712539673, 0.375, 0.37400001287460327, 0.37599998712539673, 0.37599998712539673, 0.37400001287460327, 0.37400001287460327, 0.3790000081062317, 0.382999986410141, 0.38199999928474426, 0.382999986410141, 0.3840000033378601, 0.38199999928474426, 0.38199999928474426, 0.3779999911785126, 0.3779999911785126, 0.38499999046325684, 0.38999998569488525, 0.3930000066757202, 0.39399999380111694, 0.3930000066757202, 0.3930000066757202, 0.3869999945163727, 0.39500001072883606, 0.3959999978542328, 0.39800000190734863, 0.38999998569488525, 0.38999998569488525, 0.38999998569488525, 0.4059999883174896, 0.4020000100135803, 0.39800000190734863, 0.40400001406669617, 0.40400001406669617, 0.40400001406669617, 0.40299999713897705, 0.40700000524520874, 0.40700000524520874, 0.4050000011920929, 0.40400001406669617, 0.40700000524520874, 0.41100001335144043, 0.41499999165534973, 0.4189999997615814, 0.4180000126361847, 0.4169999957084656, 0.4180000126361847, 0.4180000126361847, 0.41999998688697815, 0.4230000078678131, 0.42899999022483826, 0.4300000071525574, 0.4320000112056732, 0.43299999833106995, 0.4320000112056732, 0.4320000112056732, 0.44200000166893005, 0.4390000104904175, 0.43799999356269836, 0.4350000023841858, 0.4410000145435333, 0.44600000977516174, 0.44600000977516174, 0.4399999976158142, 0.4350000023841858, 0.4339999854564667, 0.4410000145435333, 0.4429999887943268, 0.4480000138282776, 0.45100000500679016, 0.44999998807907104, 0.44999998807907104, 0.45500001311302185, 0.453000009059906, 0.45100000500679016, 0.44999998807907104, 0.4560000002384186, 0.4580000042915344, 0.4650000035762787, 0.4659999907016754, 0.46399998664855957, 0.4690000116825104, 0.46700000762939453, 0.46700000762939453, 0.46700000762939453, 0.4690000116825104, 0.4749999940395355, 0.4699999988079071, 0.47099998593330383, 0.47099998593330383, 0.48100000619888306, 0.47999998927116394, 0.4749999940395355, 0.4790000021457672, 0.48500001430511475, 0.4830000102519989, 0.4830000102519989, 0.4860000014305115, 0.4880000054836273, 0.4909999966621399, 0.4959999918937683, 0.5070000290870667, 0.5070000290870667, 0.503000020980835, 0.5090000033378601, 0.5099999904632568, 0.5170000195503235, 0.5090000033378601, 0.515999972820282, 0.5260000228881836, 0.5260000228881836, 0.5220000147819519, 0.5239999890327454, 0.5270000100135803, 0.527999997138977, 0.531000018119812, 0.5339999794960022, 0.5379999876022339, 0.5289999842643738, 0.5410000085830688, 0.5440000295639038, 0.550000011920929, 0.5460000038146973, 0.5460000038146973, 0.550000011920929, 0.5580000281333923, 0.5609999895095825, 0.5630000233650208, 0.5640000104904175, 0.5659999847412109, 0.5669999718666077, 0.5690000057220459, 0.578000009059906, 0.5899999737739563, 0.5860000252723694, 0.5889999866485596, 0.5879999995231628, 0.5879999995231628, 0.593999981880188, 0.6069999933242798, 0.6060000061988831, 0.6039999723434448, 0.6050000190734863, 0.609000027179718, 0.6140000224113464, 0.6209999918937683, 0.6209999918937683, 0.621999979019165, 0.6259999871253967, 0.6290000081062317, 0.6380000114440918, 0.6380000114440918, 0.640999972820282, 0.6480000019073486, 0.656000018119812, 0.6549999713897705, 0.6549999713897705, 0.6549999713897705, 0.6600000262260437, 0.6600000262260437, 0.6660000085830688, 0.6779999732971191, 0.6790000200271606, 0.6800000071525574, 0.6819999814033508, 0.6869999766349792, 0.6880000233650208, 0.6909999847412109, 0.7049999833106995, 0.7020000219345093, 0.699999988079071, 0.7089999914169312, 0.7149999737739563, 0.718999981880188, 0.7289999723434448, 0.7289999723434448, 0.734000027179718, 0.734000027179718, 0.7429999709129333, 0.7570000290870667, 0.7559999823570251, 0.7639999985694885, 0.7599999904632568, 0.7730000019073486, 0.781000018119812, 0.7919999957084656, 0.7990000247955322, 0.8080000281333923, 0.8130000233650208, 0.8180000185966492, 0.824999988079071, 0.8379999995231628, 0.8429999947547913, 0.8489999771118164, 0.8560000061988831, 0.8659999966621399, 0.9020000100135803, 0.8949999809265137, 0.8980000019073486, 0.9079999923706055, 0.9240000247955322, 0.9700000286102295, 1.0479999780654907, 1.1770000457763672, 1.5269999504089355, 1.996000051498413, 2.00600004196167, 2.01200008392334, 2.009999990463257, 2.007999897003174, 2.003999948501587, 1.996000051498413, 2.0, 1.9989999532699585, 1.9919999837875366, 1.9919999837875366, 1.9869999885559082, 1.9819999933242798, 1.9809999465942383, 1.9830000400543213, 1.975000023841858, 1.975000023841858, 1.975000023841858, 1.965999960899353, 1.9630000591278076, 1.9600000381469727, 1.9550000429153442, 1.9539999961853027, 1.9479999542236328, 1.9429999589920044, 1.937999963760376, 1.940000057220459, 1.940000057220459, 1.940000057220459, 1.937000036239624, 1.937000036239624, 1.937000036239624, 1.9240000247955322, 1.9240000247955322, 1.9220000505447388, 1.9179999828338623, 1.9149999618530273, 1.9129999876022339, 1.909000039100647, 1.9079999923706055, 1.9110000133514404, 1.9160000085830688, 1.909999966621399, 1.9110000133514404, 1.9040000438690186, 1.9049999713897705, 1.902999997138977, 1.9140000343322754, 1.9010000228881836, 1.9010000228881836, 1.899999976158142, 1.8960000276565552, 1.8910000324249268, 1.8899999856948853, 1.8919999599456787, 1.8919999599456787, 1.8869999647140503, 1.8869999647140503, 1.8860000371932983, 1.8839999437332153, 1.8760000467300415, 1.875, 1.8739999532699585, 1.875, 1.8739999532699585, 1.8680000305175781, 1.8630000352859497, 1.8609999418258667, 1.8600000143051147, 1.850000023841858, 1.850000023841858, 1.8489999771118164, 1.8480000495910645, 1.8509999513626099, 1.8509999513626099, 1.843999981880188, 1.840999960899353, 1.8359999656677246, 1.8329999446868896, 1.8289999961853027, 1.8300000429153442, 1.8289999961853027, 1.8209999799728394, 1.8229999542236328, 1.8179999589920044, 1.812999963760376, 1.809999942779541, 1.8020000457763672, 1.7990000247955322, 1.7990000247955322, 1.7990000247955322, 1.7829999923706055, 1.781999945640564, 1.7829999923706055, 1.7760000228881836, 1.7730000019073486, 1.7710000276565552, 1.7649999856948853, 1.7619999647140503, 1.7569999694824219, 1.74399995803833, 1.7410000562667847, 1.7430000305175781, 1.7359999418258667, 1.7330000400543213, 1.7300000190734863, 1.7259999513626099, 1.718000054359436, 1.718000054359436, 1.7120000123977661, 1.7070000171661377, 1.6990000009536743, 1.694000005722046, 1.690999984741211, 1.684999942779541, 1.684000015258789, 1.680999994277954, 1.6790000200271606, 1.6729999780654907, 1.6610000133514404, 1.656999945640564, 1.6510000228881836, 1.6410000324249268, 1.6319999694824219, 1.628999948501587, 1.628000020980835, 1.6200000047683716, 1.621000051498413, 1.61899995803833, 1.6150000095367432, 1.6169999837875366, 1.6059999465942383, 1.5989999771118164, 1.5850000381469727, 1.5829999446868896, 1.5770000219345093, 1.565999984741211, 1.562999963760376, 1.5609999895095825, 1.555999994277954, 1.5449999570846558, 1.5429999828338623, 1.5360000133514404, 1.5299999713897705, 1.5230000019073486, 1.5210000276565552, 1.5099999904632568, 1.5089999437332153, 1.50600004196167, 1.5080000162124634, 1.4889999628067017, 1.4859999418258667, 1.4839999675750732, 1.4819999933242798, 1.4630000591278076, 1.4639999866485596, 1.4600000381469727, 1.4539999961853027, 1.4500000476837158, 1.4459999799728394, 1.437999963760376, 1.4320000410079956, 1.4140000343322754, 1.4119999408721924, 1.402999997138977, 1.406999945640564, 1.3919999599456787, 1.3830000162124634, 1.3799999952316284, 1.3650000095367432, 1.3650000095367432, 1.3509999513626099, 1.343999981880188, 1.3370000123977661, 1.340999960899353, 1.3309999704360962, 1.3229999542236328, 1.3140000104904175, 1.3049999475479126, 1.3029999732971191, 1.2910000085830688, 1.284000039100647, 1.2740000486373901, 1.2669999599456787, 1.2680000066757202, 1.25, 1.246000051498413, 1.2400000095367432, 1.2319999933242798, 1.2209999561309814, 1.215999960899353, 1.2100000381469727, 1.2020000219345093, 1.190000057220459, 1.1790000200271606, 1.1699999570846558, 1.1610000133514404, 1.1549999713897705, 1.1440000534057617, 1.1260000467300415, 1.1239999532699585, 1.1119999885559082, 1.0989999771118164, 1.0950000286102295, 1.0829999446868896, 1.0770000219345093, 1.065000057220459, 1.0640000104904175, 1.055999994277954, 1.0460000038146973, 1.0440000295639038, 1.031000018119812, 1.0240000486373901, 1.0190000534057617, 1.0080000162124634, 1.003000020980835, 1.0010000467300415, 0.9980000257492065, 0.984000027179718, 0.9750000238418579, 0.968999981880188, 0.9599999785423279, 0.9549999833106995, 0.9509999752044678, 0.9470000267028809, 0.9440000057220459, 0.9409999847412109, 0.9330000281333923, 0.9240000247955322, 0.9160000085830688, 0.9100000262260437, 0.906000018119812, 0.8989999890327454, 0.8960000276565552, 0.890999972820282, 0.875, 0.8790000081062317, 0.878000020980835, 0.8740000128746033, 0.8669999837875366, 0.8650000095367432, 0.8600000143051147, 0.8529999852180481, 0.8489999771118164, 0.843999981880188, 0.8410000205039978, 0.8389999866485596, 0.8379999995231628, 0.8320000171661377, 0.8289999961853027, 0.824999988079071, 0.8140000104904175, 0.8090000152587891, 0.8029999732971191, 0.8029999732971191, 0.8029999732971191, 0.8029999732971191, 0.7979999780654907, 0.7860000133514404, 0.7799999713897705, 0.777999997138977, 0.777999997138977, 0.7699999809265137, 0.765999972820282, 0.7590000033378601, 0.7609999775886536, 0.7599999904632568, 0.7609999775886536, 0.746999979019165, 0.7450000047683716, 0.7400000095367432, 0.7400000095367432, 0.7369999885559082, 0.7319999933242798, 0.7310000061988831, 0.7279999852180481, 0.7260000109672546, 0.7170000076293945, 0.7160000205039978, 0.718999981880188, 0.7179999947547913, 0.7039999961853027, 0.6990000009536743, 0.7039999961853027, 0.7009999752044678, 0.6990000009536743, 0.6990000009536743, 0.699999988079071, 0.6850000023841858, 0.6869999766349792, 0.6909999847412109, 0.6899999976158142, 0.6779999732971191, 0.6710000038146973, 0.6710000038146973, 0.671999990940094, 0.6729999780654907, 0.6710000038146973, 0.6690000295639038, 0.6639999747276306, 0.6589999794960022, 0.6589999794960022, 0.6600000262260437, 0.656000018119812, 0.6570000052452087, 0.6579999923706055, 0.6579999923706055, 0.6549999713897705, 0.652999997138977, 0.652999997138977, 0.6499999761581421, 0.6449999809265137, 0.640999972820282, 0.6389999985694885, 0.6359999775886536, 0.6349999904632568, 0.6349999904632568, 0.6349999904632568, 0.6359999775886536, 0.6359999775886536, 0.6269999742507935, 0.6259999871253967, 0.6240000128746033, 0.6190000176429749, 0.6190000176429749, 0.6200000047683716, 0.6209999918937683, 0.6179999709129333, 0.6100000143051147, 0.6100000143051147, 0.6100000143051147, 0.6100000143051147, 0.6100000143051147, 0.6069999933242798, 0.6019999980926514, 0.6019999980926514, 0.6019999980926514, 0.6019999980926514, 0.6029999852180481, 0.6019999980926514, 0.6019999980926514, 0.6029999852180481, 0.6029999852180481, 0.5960000157356262, 0.5910000205039978, 0.5879999995231628, 0.5870000123977661, 0.5860000252723694, 0.5820000171661377, 0.5799999833106995, 0.5799999833106995, 0.5799999833106995, 0.5799999833106995, 0.5799999833106995, 0.5789999961853027, 0.5809999704360962, 0.5789999961853027, 0.574999988079071, 0.5699999928474426, 0.5720000267028809, 0.5740000009536743, 0.5740000009536743, 0.5740000009536743, 0.5699999928474426, 0.5740000009536743, 0.5709999799728394, 0.5709999799728394, 0.5699999928474426, 0.5630000233650208, 0.5609999895095825, 0.5619999766349792, 0.5669999718666077, 0.5680000185966492, 0.5609999895095825, 0.5630000233650208, 0.5640000104904175, 0.5609999895095825, 0.5580000281333923, 0.5609999895095825, 0.5580000281333923, 0.5619999766349792, 0.5619999766349792, 0.5609999895095825, 0.5619999766349792, 0.5630000233650208, 0.5550000071525574, 0.5479999780654907, 0.550000011920929, 0.5559999942779541, 0.5569999814033508, 0.5590000152587891, 0.5590000152587891, 0.5569999814033508, 0.5479999780654907, 0.5460000038146973, 0.5450000166893005, 0.5479999780654907, 0.550000011920929, 0.5509999990463257, 0.5479999780654907, 0.5460000038146973, 0.5440000295639038, 0.5429999828338623, 0.5429999828338623, 0.5419999957084656, 0.5440000295639038, 0.5429999828338623, 0.5440000295639038, 0.5429999828338623, 0.5419999957084656, 0.5419999957084656, 0.5450000166893005, 0.5450000166893005, 0.5450000166893005, 0.5419999957084656, 0.5429999828338623, 0.5429999828338623, 0.5429999828338623, 0.5400000214576721, 0.5389999747276306, 0.5370000004768372, 0.5379999876022339, 0.5400000214576721, 0.5410000085830688, 0.5400000214576721, 0.5410000085830688, 0.5400000214576721, 0.5410000085830688, 0.5379999876022339, 0.5400000214576721, 0.5419999957084656, 0.5400000214576721, 0.5360000133514404, 0.5370000004768372, 0.5339999794960022, 0.5379999876022339, 0.5379999876022339, 0.5410000085830688, 0.5400000214576721, 0.5389999747276306, 0.5389999747276306, 0.5400000214576721, 0.5419999957084656, 0.5410000085830688, 0.5379999876022339, 0.5379999876022339, 0.5320000052452087, 0.5429999828338623, 0.5450000166893005, 0.5370000004768372, 0.5360000133514404, 0.5360000133514404, 0.5389999747276306, 0.5350000262260437, 0.531000018119812, 0.5320000052452087, 0.5299999713897705, 0.531000018119812, 0.5339999794960022, 0.5379999876022339, 0.5360000133514404, 0.5329999923706055, 0.5329999923706055, 0.5339999794960022, 0.531000018119812, 0.527999997138977, 0.531000018119812, 0.5379999876022339, 0.5389999747276306, 0.5360000133514404, 0.5320000052452087, 0.5320000052452087, 0.5320000052452087, 0.5329999923706055, 0.5339999794960022, 0.531000018119812, 0.527999997138977, 0.5320000052452087, 0.5360000133514404, 0.5400000214576721, 0.5379999876022339, 0.5370000004768372, 0.5339999794960022, 0.5339999794960022, 0.5329999923706055, 0.5360000133514404, 0.5350000262260437, 0.5370000004768372, 0.5400000214576721, 0.5400000214576721, 0.5379999876022339, 0.5410000085830688, 0.5429999828338623, 0.5410000085830688, 0.5379999876022339, 0.5400000214576721, 0.5440000295639038, 0.5389999747276306, 0.5379999876022339, 0.5400000214576721, 0.5400000214576721, 0.5389999747276306, 0.5389999747276306, 0.5400000214576721, 0.5410000085830688, 0.5410000085830688, 0.5460000038146973, 0.5450000166893005, 0.5450000166893005, 0.5450000166893005, 0.5440000295639038, 0.5460000038146973, 0.5509999990463257, 0.5490000247955322, 0.5479999780654907, 0.5529999732971191, 0.5590000152587891, 0.5590000152587891, 0.5609999895095825, 0.5580000281333923, 0.5509999990463257, 0.5550000071525574, 0.5600000023841858, 0.5619999766349792, 0.5619999766349792, 0.5590000152587891, 0.5590000152587891, 0.5630000233650208, 0.5600000023841858, 0.5630000233650208, 0.5649999976158142, 0.5630000233650208, 0.5649999976158142, 0.5659999847412109, 0.5659999847412109, 0.5680000185966492, 0.5709999799728394, 0.5690000057220459, 0.5720000267028809, 0.5759999752044678, 0.5730000138282776, 0.5839999914169312, 0.5799999833106995, 0.574999988079071, 0.574999988079071, 0.5789999961853027, 0.5820000171661377, 0.5860000252723694, 0.5849999785423279, 0.5849999785423279, 0.5860000252723694, 0.5879999995231628, 0.5950000286102295, 0.5989999771118164, 0.5950000286102295, 0.5899999737739563, 0.5960000157356262, 0.597000002861023, 0.5960000157356262, 0.5929999947547913, 0.597000002861023, 0.6000000238418579, 0.5950000286102295, 0.5950000286102295, 0.597000002861023, 0.597000002861023, 0.5929999947547913, 0.5910000205039978, 0.5929999947547913, 0.5929999947547913, 0.5960000157356262, 0.6019999980926514, 0.6019999980926514, 0.6100000143051147, 0.6079999804496765, 0.6079999804496765, 0.6079999804496765, 0.6050000190734863, 0.6060000061988831, 0.6100000143051147, 0.6100000143051147, 0.6110000014305115, 0.6100000143051147, 0.6119999885559082, 0.6309999823570251, 0.6259999871253967, 0.6200000047683716, 0.6190000176429749, 0.6190000176429749, 0.6230000257492065, 0.6309999823570251, 0.6290000081062317, 0.6309999823570251, 0.6389999985694885, 0.640999972820282, 0.6389999985694885, 0.6359999775886536, 0.6389999985694885, 0.6359999775886536, 0.6340000033378601, 0.6349999904632568, 0.640999972820282, 0.640999972820282, 0.6380000114440918, 0.6380000114440918, 0.6359999775886536, 0.6399999856948853, 0.6380000114440918, 0.6370000243186951, 0.640999972820282, 0.6470000147819519, 0.6460000276565552, 0.6439999938011169, 0.6499999761581421, 0.6489999890327454, 0.6499999761581421, 0.6589999794960022, 0.6669999957084656, 0.6759999990463257, 0.6790000200271606, 0.6769999861717224, 0.6800000071525574, 0.6800000071525574, 0.6819999814033508, 0.6819999814033508, 0.6880000233650208, 0.6880000233650208, 0.6869999766349792, 0.6859999895095825, 0.6980000138282776, 0.7080000042915344, 0.7080000042915344, 0.7099999785423279, 0.7110000252723694]
intensities: [1041.0, 1123.0, 1118.0, 1148.0, 1162.0, 1227.0, 1303.0, 1303.0, 1368.0, 1397.0, 1424.0, 1434.0, 1434.0, 1382.0, 1283.0, 1204.0, 1110.0, 946.0, 1013.0, 815.0, 942.0, 1020.0, 1060.0, 1104.0, 1085.0, 1053.0, 1031.0, 1025.0, 1061.0, 1108.0, 1152.0, 1307.0, 1269.0, 1398.0, 1454.0, 1495.0, 1516.0, 1558.0, 1561.0, 1552.0, 1604.0, 1597.0, 1596.0, 1626.0, 1628.0, 1620.0, 1630.0, 1615.0, 1607.0, 1607.0, 1599.0, 1624.0, 1607.0, 1622.0, 1618.0, 1605.0, 1591.0, 1583.0, 1590.0, 1611.0, 1564.0, 1587.0, 1572.0, 1579.0, 1584.0, 1576.0, 1588.0, 1565.0, 1585.0, 1578.0, 1579.0, 1579.0, 1579.0, 1574.0, 1575.0, 1551.0, 1552.0, 1568.0, 1578.0, 1583.0, 1579.0, 1559.0, 1561.0, 1555.0, 1552.0, 1555.0, 1552.0, 1541.0, 1541.0, 1544.0, 1559.0, 1533.0, 1530.0, 1512.0, 1512.0, 1514.0, 1524.0, 1519.0, 1512.0, 1512.0, 1512.0, 1514.0, 1508.0, 1512.0, 1516.0, 1513.0, 1514.0, 1514.0, 1515.0, 1516.0, 1514.0, 1512.0, 1501.0, 1503.0, 1492.0, 1510.0, 1503.0, 1500.0, 1484.0, 1487.0, 1491.0, 1491.0, 1491.0, 1489.0, 1472.0, 1474.0, 1463.0, 1470.0, 1468.0, 1444.0, 1443.0, 1445.0, 1444.0, 1444.0, 1436.0, 1429.0, 1449.0, 1441.0, 1437.0, 1439.0, 1449.0, 1449.0, 1429.0, 1430.0, 1428.0, 1429.0, 1424.0, 1417.0, 1410.0, 1421.0, 1415.0, 1411.0, 1405.0, 1405.0, 1391.0, 1408.0, 1400.0, 1391.0, 1378.0, 1385.0, 1387.0, 1376.0, 1387.0, 1392.0, 1395.0, 1389.0, 1387.0, 1387.0, 1380.0, 1349.0, 1356.0, 1342.0, 1346.0, 1336.0, 1334.0, 1318.0, 1318.0, 1322.0, 1340.0, 1352.0, 1351.0, 1334.0, 1334.0, 1334.0, 1326.0, 1329.0, 1327.0, 1314.0, 1296.0, 1298.0, 1296.0, 1282.0, 1274.0, 1281.0, 1256.0, 1253.0, 1258.0, 1261.0, 1262.0, 1254.0, 1253.0, 1260.0, 1260.0, 1262.0, 1260.0, 1251.0, 1253.0, 1228.0, 1228.0, 1245.0, 1257.0, 1257.0, 1246.0, 1232.0, 1234.0, 1234.0, 1221.0, 1225.0, 1186.0, 1218.0, 1212.0, 1212.0, 1204.0, 1176.0, 1176.0, 1169.0, 1167.0, 1167.0, 1151.0, 1146.0, 1155.0, 1165.0, 1161.0, 1157.0, 1154.0, 1149.0, 1156.0, 1147.0, 1139.0, 1138.0, 1142.0, 1137.0, 1156.0, 1147.0, 1129.0, 1133.0, 1135.0, 1135.0, 1137.0, 1124.0, 1125.0, 1129.0, 1129.0, 1134.0, 1134.0, 1134.0, 1139.0, 1139.0, 1137.0, 1131.0, 1139.0, 1131.0, 1125.0, 1125.0, 1112.0, 1129.0, 1130.0, 1136.0, 1119.0, 1128.0, 1117.0, 1119.0, 1121.0, 1124.0, 1126.0, 1124.0, 1124.0, 1140.0, 1144.0, 1142.0, 1151.0, 1161.0, 1155.0, 1165.0, 1171.0, 1175.0, 1173.0, 1169.0, 1166.0, 1190.0, 1192.0, 1191.0, 1193.0, 1170.0, 1183.0, 1209.0, 1195.0, 1195.0, 1196.0, 1183.0, 1208.0, 1219.0, 1219.0, 1209.0, 1217.0, 1225.0, 1231.0, 1231.0, 1246.0, 1239.0, 1234.0, 1241.0, 1244.0, 1244.0, 1244.0, 1234.0, 1244.0, 1247.0, 1265.0, 1255.0, 1271.0, 1265.0, 1237.0, 1263.0, 1251.0, 1251.0, 1261.0, 1251.0, 1271.0, 1263.0, 1274.0, 1274.0, 1290.0, 1291.0, 1265.0, 1289.0, 1304.0, 1308.0, 1294.0, 1312.0, 1311.0, 1316.0, 1314.0, 1318.0, 1323.0, 1301.0, 1323.0, 1317.0, 1333.0, 1317.0, 1306.0, 1344.0, 1338.0, 1319.0, 1328.0, 1327.0, 1331.0, 1324.0, 1344.0, 1352.0, 1337.0, 1350.0, 1352.0, 1333.0, 1331.0, 1331.0, 1353.0, 1359.0, 1345.0, 1334.0, 1351.0, 1358.0, 1356.0, 1350.0, 1356.0, 1371.0, 1381.0, 1390.0, 1357.0, 1335.0, 1349.0, 1373.0, 1363.0, 1362.0, 1356.0, 1363.0, 1356.0, 1347.0, 1347.0, 1333.0, 1351.0, 1312.0, 1331.0, 1320.0, 1311.0, 1330.0, 1316.0, 1301.0, 1300.0, 1296.0, 1299.0, 1280.0, 1280.0, 1275.0, 1267.0, 1242.0, 1238.0, 1222.0, 1203.0, 1199.0, 1181.0, 1161.0, 1141.0, 1146.0, 1146.0, 1147.0, 1146.0, 1133.0, 1145.0, 1145.0, 1142.0, 1138.0, 1126.0, 1134.0, 1127.0, 1125.0, 1122.0, 1121.0, 1133.0, 1127.0, 1119.0, 1117.0, 1117.0, 1122.0, 1130.0, 1143.0, 1112.0, 1121.0, 1351.0, 1264.0, 1286.0, 1290.0, 1203.0, 1437.0, 1481.0, 1466.0, 1305.0, 1092.0, 1089.0, 1075.0, 1083.0, 1092.0, 1086.0, 1079.0, 1094.0, 1099.0, 1077.0, 1090.0, 1097.0, 1107.0, 1110.0, 1112.0, 1089.0, 1109.0, 1109.0, 1119.0, 1099.0, 1088.0, 1113.0, 1105.0, 1101.0, 1109.0, 1103.0, 1095.0, 1110.0, 1110.0, 1109.0, 1116.0, 1119.0, 1105.0, 1102.0, 1101.0, 1105.0, 1104.0, 1106.0, 1108.0, 1107.0, 1106.0, 1121.0, 1110.0, 1111.0, 1116.0, 1129.0, 1126.0, 1109.0, 1111.0, 1113.0, 1107.0, 1113.0, 1113.0, 1118.0, 1118.0, 1117.0, 1117.0, 1120.0, 1117.0, 1118.0, 1112.0, 1107.0, 1107.0, 1123.0, 1117.0, 1127.0, 1104.0, 1113.0, 1123.0, 1112.0, 1112.0, 1118.0, 1115.0, 1136.0, 1136.0, 1120.0, 1104.0, 1111.0, 1118.0, 1121.0, 1115.0, 1127.0, 1090.0, 1124.0, 1115.0, 1115.0, 1126.0, 1118.0, 1121.0, 1135.0, 1121.0, 1097.0, 1102.0, 1098.0, 1105.0, 1114.0, 1107.0, 1109.0, 1112.0, 1108.0, 1102.0, 1099.0, 1109.0, 1115.0, 1116.0, 1102.0, 1110.0, 1114.0, 1114.0, 1108.0, 1108.0, 1111.0, 1115.0, 1108.0, 1102.0, 1116.0, 1118.0, 1116.0, 1112.0, 1112.0, 1098.0, 1095.0, 1107.0, 1083.0, 1069.0, 1114.0, 1096.0, 1108.0, 1108.0, 1101.0, 1094.0, 1109.0, 1098.0, 1099.0, 1110.0, 1115.0, 1100.0, 1112.0, 1112.0, 1104.0, 1097.0, 1103.0, 1094.0, 1107.0, 1113.0, 1113.0, 1106.0, 1103.0, 1109.0, 1114.0, 1088.0, 1110.0, 1114.0, 1120.0, 1116.0, 1123.0, 1116.0, 1125.0, 1090.0, 1103.0, 1118.0, 1113.0, 1113.0, 1125.0, 1110.0, 1140.0, 1124.0, 1129.0, 1114.0, 1110.0, 1128.0, 1107.0, 1109.0, 1101.0, 1136.0, 1127.0, 1119.0, 1121.0, 1123.0, 1158.0, 1124.0, 1140.0, 1127.0, 1123.0, 1131.0, 1134.0, 1133.0, 1130.0, 1143.0, 1137.0, 1139.0, 1148.0, 1124.0, 1130.0, 1145.0, 1134.0, 1129.0, 1121.0, 1151.0, 1142.0, 1142.0, 1129.0, 1127.0, 1131.0, 1120.0, 1130.0, 1133.0, 1144.0, 1129.0, 1125.0, 1139.0, 1127.0, 1147.0, 1149.0, 1154.0, 1206.0, 1215.0, 1249.0, 1252.0, 1262.0, 1269.0, 1267.0, 1270.0, 1273.0, 1267.0, 1262.0, 1260.0, 1289.0, 1283.0, 1290.0, 1290.0, 1286.0, 1285.0, 1296.0, 1294.0, 1301.0, 1305.0, 1309.0, 1318.0, 1313.0, 1312.0, 1318.0, 1320.0, 1322.0, 1329.0, 1325.0, 1336.0, 1350.0, 1352.0, 1352.0, 1348.0, 1354.0, 1359.0, 1376.0, 1382.0, 1388.0, 1388.0, 1389.0, 1382.0, 1404.0, 1413.0, 1413.0, 1418.0, 1431.0, 1430.0, 1432.0, 1440.0, 1437.0, 1454.0, 1443.0, 1439.0, 1448.0, 1455.0, 1449.0, 1446.0, 1437.0, 1470.0, 1470.0, 1475.0, 1472.0, 1477.0, 1488.0, 1504.0, 1505.0, 1512.0, 1497.0, 1497.0, 1477.0, 1501.0, 1494.0, 1502.0, 1520.0, 1516.0, 1530.0, 1530.0, 1530.0, 1525.0, 1527.0, 1566.0, 1578.0, 1583.0, 1581.0, 1616.0, 1603.0, 1583.0, 1583.0, 1583.0, 1556.0, 1554.0, 1557.0, 1588.0, 1558.0, 1541.0, 1544.0, 1539.0, 1541.0, 1531.0, 1525.0, 1559.0, 1549.0, 1539.0, 1579.0, 1559.0, 1541.0, 1544.0, 1540.0, 1537.0, 1522.0, 1535.0, 1530.0, 1530.0, 1547.0, 1544.0, 1551.0, 1543.0, 1538.0, 1552.0, 1542.0, 1543.0, 1539.0, 1551.0, 1563.0, 1563.0, 1556.0, 1550.0, 1547.0, 1562.0, 1549.0, 1556.0, 1551.0, 1568.0, 1582.0, 1544.0, 1544.0, 1537.0, 1527.0, 1530.0, 1550.0, 1544.0, 1537.0, 1550.0, 1550.0, 1563.0, 1540.0, 1523.0, 1539.0, 1539.0, 1536.0, 1531.0, 1532.0, 1548.0, 1540.0, 1556.0, 1536.0, 1555.0, 1574.0, 1538.0, 1544.0, 1548.0, 1552.0, 1567.0, 1578.0, 1536.0, 1533.0, 1530.0, 1545.0, 1530.0, 1538.0, 1534.0, 1539.0, 1545.0, 1538.0, 1508.0, 1517.0, 1498.0, 1493.0, 1486.0, 1480.0, 1494.0, 1501.0, 1517.0, 1506.0, 1499.0, 1502.0, 1472.0, 1466.0, 1467.0, 1473.0, 1491.0, 1459.0, 1454.0, 1469.0, 1463.0, 1458.0, 1454.0, 1445.0, 1436.0, 1436.0, 1443.0, 1454.0, 1456.0, 1437.0, 1419.0, 1424.0, 1428.0, 1419.0, 1419.0, 1415.0, 1414.0, 1410.0, 1406.0, 1410.0, 1405.0, 1411.0, 1419.0, 1388.0, 1388.0, 1392.0, 1404.0, 1402.0, 1396.0, 1402.0, 1402.0, 1397.0, 1382.0, 1388.0, 1370.0, 1381.0, 1382.0, 1371.0, 1355.0, 1356.0, 1355.0, 1365.0, 1352.0, 1369.0, 1345.0, 1362.0, 1366.0, 1375.0, 1360.0, 1348.0, 1328.0, 1334.0, 1324.0, 1315.0, 1326.0, 1329.0, 1321.0, 1322.0, 1320.0, 1321.0, 1319.0, 1312.0, 1308.0, 1304.0, 1310.0, 1305.0, 1295.0, 1304.0, 1299.0, 1288.0, 1285.0, 1285.0, 1280.0, 1285.0, 1285.0, 1286.0, 1297.0, 1292.0, 1274.0, 1290.0, 1297.0, 1293.0, 1277.0, 1276.0, 1282.0, 1260.0, 1258.0, 1269.0, 1252.0, 1284.0, 1284.0, 1284.0, 1244.0, 1284.0, 1290.0, 1272.0, 1281.0, 1265.0, 1260.0, 1258.0, 1272.0, 1265.0, 1288.0, 1266.0, 1275.0, 1282.0, 1303.0, 1287.0, 1295.0, 1295.0, 1296.0, 1313.0, 1313.0, 1281.0, 1281.0, 1302.0, 1276.0, 1283.0, 1291.0, 1277.0, 1290.0, 1301.0, 1305.0, 1307.0, 1313.0, 1314.0, 1321.0, 1328.0, 1321.0, 1330.0, 1308.0, 1307.0, 1319.0, 1304.0, 1315.0, 1317.0, 1310.0, 1319.0, 1317.0, 1307.0, 1308.0, 1330.0, 1330.0, 1328.0, 1326.0, 1328.0, 1335.0, 1332.0, 1303.0, 1326.0, 1327.0, 1332.0, 1325.0, 1325.0, 1318.0, 1313.0, 1327.0, 1327.0, 1342.0, 1348.0, 1352.0, 1344.0, 1327.0, 1327.0, 1335.0, 1338.0, 1347.0, 1347.0, 1350.0, 1357.0, 1351.0, 1338.0, 1353.0, 1350.0, 1346.0, 1342.0, 1342.0, 1331.0, 1344.0, 1352.0, 1344.0, 1367.0, 1338.0, 1343.0, 1346.0, 1347.0, 1346.0, 1365.0, 1365.0, 1367.0, 1336.0, 1343.0, 1341.0, 1329.0, 1341.0, 1351.0, 1356.0, 1347.0, 1348.0, 1343.0, 1335.0, 1357.0, 1348.0, 1351.0, 1352.0, 1341.0, 1328.0, 1354.0, 1341.0, 1360.0, 1349.0, 1355.0, 1352.0, 1341.0, 1341.0, 1362.0, 1362.0, 1363.0, 1367.0, 1367.0, 1378.0, 1381.0]