header: 
  seq: 2708
  stamp: 
    secs: 1548820824
    nsecs: 920886212
  frame_id: "base_link"
angle_min: -2.35619449615
angle_max: 2.35619449615
angle_increment: 0.00436332309619
time_increment: 1.73611151695e-05
scan_time: 0.0250000003725
range_min: 0.019999999553
range_max: 30.0
ranges: [0.3400000035762787, 0.3370000123977661, 0.3330000042915344, 0.34700000286102295, 0.34700000286102295, 0.3490000069141388, 0.3440000116825104, 0.34299999475479126, 0.33899998664855957, 0.32899999618530273, 0.32899999618530273, 0.33500000834465027, 0.3400000035762787, 0.3400000035762787, 0.32899999618530273, 0.32899999618530273, 0.3190000057220459, 0.29100000858306885, 0.23499999940395355, 0.2680000066757202, 0.3100000023841858, 0.3179999887943268, 0.328000009059906, 0.32100000977516174, 0.3190000057220459, 0.3190000057220459, 0.32600000500679016, 0.31299999356269836, 0.33000001311302185, 0.33000001311302185, 0.3199999928474426, 0.31700000166893005, 0.32100000977516174, 0.33000001311302185, 0.3269999921321869, 0.3140000104904175, 0.31200000643730164, 0.3109999895095825, 0.31299999356269836, 0.3160000145435333, 0.3149999976158142, 0.31200000643730164, 0.3160000145435333, 0.3190000057220459, 0.3190000057220459, 0.32100000977516174, 0.3190000057220459, 0.32100000977516174, 0.3160000145435333, 0.3179999887943268, 0.3179999887943268, 0.3179999887943268, 0.3160000145435333, 0.3179999887943268, 0.3190000057220459, 0.32199999690055847, 0.3199999928474426, 0.3179999887943268, 0.3179999887943268, 0.31700000166893005, 0.31700000166893005, 0.3190000057220459, 0.32600000500679016, 0.32199999690055847, 0.32199999690055847, 0.32199999690055847, 0.32199999690055847, 0.32199999690055847, 0.32499998807907104, 0.32199999690055847, 0.3199999928474426, 0.32899999618530273, 0.3269999921321869, 0.3230000138282776, 0.32199999690055847, 0.32199999690055847, 0.32600000500679016, 0.32499998807907104, 0.32499998807907104, 0.3269999921321869, 0.32499998807907104, 0.32499998807907104, 0.32499998807907104, 0.3269999921321869, 0.32600000500679016, 0.32199999690055847, 0.32600000500679016, 0.33399999141693115, 0.33399999141693115, 0.3310000002384186, 0.32899999618530273, 0.3310000002384186, 0.3370000123977661, 0.3409999907016754, 0.33899998664855957, 0.335999995470047, 0.34700000286102295, 0.34700000286102295, 0.3409999907016754, 0.3409999907016754, 0.3370000123977661, 0.33399999141693115, 0.33799999952316284, 0.3499999940395355, 0.34299999475479126, 0.33500000834465027, 0.3409999907016754, 0.3499999940395355, 0.3479999899864197, 0.3490000069141388, 0.3490000069141388, 0.3400000035762787, 0.335999995470047, 0.34700000286102295, 0.3580000102519989, 0.3580000102519989, 0.35600000619888306, 0.3540000021457672, 0.35100001096725464, 0.35100001096725464, 0.3540000021457672, 0.3569999933242798, 0.3540000021457672, 0.3540000021457672, 0.35100001096725464, 0.3479999899864197, 0.34599998593330383, 0.3540000021457672, 0.3529999852180481, 0.35499998927116394, 0.35199999809265137, 0.3400000035762787, 0.3490000069141388, 0.3610000014305115, 0.3610000014305115, 0.35199999809265137, 0.3529999852180481, 0.3529999852180481, 0.35600000619888306, 0.3619999885559082, 0.3619999885559082, 0.36800000071525574, 0.35600000619888306, 0.35600000619888306, 0.35899999737739563, 0.36000001430511475, 0.3619999885559082, 0.3659999966621399, 0.36399999260902405, 0.36399999260902405, 0.36500000953674316, 0.3630000054836273, 0.36399999260902405, 0.367000013589859, 0.3709999918937683, 0.37599998712539673, 0.3700000047683716, 0.36899998784065247, 0.36899998784065247, 0.375, 0.37299999594688416, 0.375, 0.37700000405311584, 0.3700000047683716, 0.36800000071525574, 0.36800000071525574, 0.3720000088214874, 0.3700000047683716, 0.3700000047683716, 0.375, 0.37299999594688416, 0.3720000088214874, 0.3709999918937683, 0.3720000088214874, 0.3869999945163727, 0.39100000262260437, 0.39100000262260437, 0.39500001072883606, 0.39800000190734863, 0.3970000147819519, 0.39800000190734863, 0.40400001406669617, 0.4059999883174896, 0.4050000011920929, 0.4059999883174896, 0.4090000092983246, 0.40799999237060547, 0.4059999883174896, 0.4090000092983246, 0.41499999165534973, 0.4169999957084656, 0.4180000126361847, 0.421999990940094, 0.4189999997615814, 0.42100000381469727, 0.4189999997615814, 0.4259999990463257, 0.4309999942779541, 0.4309999942779541, 0.42500001192092896, 0.42800000309944153, 0.4320000112056732, 0.4429999887943268, 0.44699999690055847, 0.4480000138282776, 0.4490000009536743, 0.44699999690055847, 0.4490000009536743, 0.45399999618530273, 0.4580000042915344, 0.4580000042915344, 0.4580000042915344, 0.46000000834465027, 0.46000000834465027, 0.460999995470047, 0.4650000035762787, 0.46700000762939453, 0.4699999988079071, 0.4699999988079071, 0.4819999933242798, 0.4860000014305115, 0.4880000054836273, 0.49300000071525574, 0.49000000953674316, 0.4950000047683716, 0.49300000071525574, 0.5019999742507935, 0.5049999952316284, 0.49900001287460327, 0.49900001287460327, 0.5049999952316284, 0.5109999775886536, 0.515999972820282, 0.5249999761581421, 0.5289999842643738, 0.527999997138977, 0.5289999842643738, 0.5270000100135803, 0.5329999923706055, 0.5389999747276306, 0.5329999923706055, 0.5350000262260437, 0.5429999828338623, 0.5429999828338623, 0.5479999780654907, 0.5619999766349792, 0.5659999847412109, 0.5720000267028809, 0.578000009059906, 0.578000009059906, 0.5789999961853027, 0.5809999704360962, 0.5820000171661377, 0.5870000123977661, 0.5929999947547913, 0.5979999899864197, 0.6050000190734863, 0.609000027179718, 0.6150000095367432, 0.6179999709129333, 0.6200000047683716, 0.6209999918937683, 0.6230000257492065, 0.625, 0.6349999904632568, 0.6380000114440918, 0.6399999856948853, 0.6449999809265137, 0.656000018119812, 0.6679999828338623, 0.6740000247955322, 0.6790000200271606, 0.6800000071525574, 0.6840000152587891, 0.6890000104904175, 0.6980000138282776, 0.7020000219345093, 0.7089999914169312, 0.7170000076293945, 0.7200000286102295, 0.7350000143051147, 0.7429999709129333, 0.7540000081062317, 0.7609999775886536, 0.7680000066757202, 0.7770000100135803, 0.7910000085830688, 0.7960000038146973, 0.8050000071525574, 0.8040000200271606, 0.8140000104904175, 0.8159999847412109, 0.8199999928474426, 0.8389999866485596, 0.847000002861023, 0.8569999933242798, 0.8709999918937683, 0.875, 0.8870000243186951, 0.8989999890327454, 0.9079999923706055, 0.9139999747276306, 0.9279999732971191, 0.9399999976158142, 0.9549999833106995, 0.9769999980926514, 0.9739999771118164, 0.9909999966621399, 1.0, 1.0199999809265137, 1.031999945640564, 1.0490000247955322, 1.0679999589920044, 1.0759999752044678, 1.0850000381469727, 1.097000002861023, 1.1269999742507935, 1.1369999647140503, 1.1679999828338623, 1.1829999685287476, 1.1970000267028809, 1.215999960899353, 1.2350000143051147, 1.2640000581741333, 1.2799999713897705, 1.2970000505447388, 1.312000036239624, 1.340999960899353, 1.3730000257492065, 1.3910000324249268, 1.4259999990463257, 1.4639999866485596, 1.4780000448226929, 1.5260000228881836, 1.6030000448226929, 1.6920000314712524, 1.8760000467300415, 2.6559998989105225, 2.6670000553131104, 2.6659998893737793, 2.6659998893737793, 2.6679999828338623, 2.6670000553131104, 2.6659998893737793, 2.6589999198913574, 2.6610000133514404, 2.6610000133514404, 2.6679999828338623, 2.6679999828338623, 2.6610000133514404, 2.6570000648498535, 2.6670000553131104, 2.6619999408721924, 2.6589999198913574, 2.6549999713897705, 2.6500000953674316, 2.6500000953674316, 2.6510000228881836, 2.6510000228881836, 2.6440000534057617, 2.631999969482422, 2.63100004196167, 2.638000011444092, 2.638000011444092, 2.628999948501587, 2.627000093460083, 2.627000093460083, 2.628000020980835, 2.622999906539917, 2.611999988555908, 2.6070001125335693, 2.614000082015991, 2.618000030517578, 2.6110000610351562, 2.6010000705718994, 2.5940001010894775, 2.5910000801086426, 2.5929999351501465, 2.5929999351501465, 2.5869998931884766, 2.572000026702881, 2.569000005722046, 2.569000005722046, 2.562999963760376, 2.562000036239624, 2.549999952316284, 2.553999900817871, 2.549999952316284, 2.5460000038146973, 2.5320000648498535, 2.5290000438690186, 2.5220000743865967, 2.5190000534057617, 2.513000011444092, 2.513000011444092, 2.503000020980835, 2.48799991607666, 2.4800000190734863, 2.4719998836517334, 2.4709999561309814, 2.4709999561309814, 2.4579999446868896, 2.447999954223633, 2.4509999752044678, 2.437000036239624, 2.4240000247955322, 2.421999931335449, 2.4170000553131104, 2.4140000343322754, 2.4000000953674316, 2.3889999389648438, 2.381999969482422, 2.380000114440918, 2.365999937057495, 2.365000009536743, 2.3469998836517334, 2.3420000076293945, 2.325000047683716, 2.322999954223633, 2.302999973297119, 2.2920000553131104, 2.2890000343322754, 2.2820000648498535, 2.2760000228881836, 2.2699999809265137, 2.26200008392334, 2.246000051498413, 2.234999895095825, 2.2249999046325684, 2.2119998931884766, 2.1989998817443848, 2.194000005722046, 2.180999994277954, 2.1630001068115234, 2.1519999504089355, 2.13700008392334, 2.125, 2.1040000915527344, 2.0940001010894775, 2.0850000381469727, 2.0820000171661377, 2.062999963760376, 2.0460000038146973, 2.0299999713897705, 2.0179998874664307, 1.9950000047683716, 1.9830000400543213, 1.9739999771118164, 1.9539999961853027, 1.9290000200271606, 1.909000039100647, 1.8910000324249268, 1.8639999628067017, 1.840999960899353, 1.8259999752044678, 1.8049999475479126, 1.781999945640564, 1.75600004196167, 1.7289999723434448, 1.6979999542236328, 1.687000036239624, 1.6670000553131104, 1.6480000019073486, 1.621999979019165, 1.6109999418258667, 1.590000033378601, 1.5700000524520874, 1.5449999570846558, 1.534999966621399, 1.5180000066757202, 1.5069999694824219, 1.4919999837875366, 1.475000023841858, 1.465000033378601, 1.4509999752044678, 1.437000036239624, 1.4249999523162842, 1.409999966621399, 1.3949999809265137, 1.3860000371932983, 1.371000051498413, 1.3550000190734863, 1.343999981880188, 1.3309999704360962, 1.3229999542236328, 1.3170000314712524, 1.2999999523162842, 1.2929999828338623, 1.2699999809265137, 1.2649999856948853, 1.2480000257492065, 1.2350000143051147, 1.2350000143051147, 1.2289999723434448, 1.2120000123977661, 1.2039999961853027, 1.1920000314712524, 1.1790000200271606, 1.1720000505447388, 1.1679999828338623, 1.1549999713897705, 1.1369999647140503, 1.1339999437332153, 1.11899995803833, 1.1180000305175781, 1.1089999675750732, 1.097000002861023, 1.0889999866485596, 1.0850000381469727, 1.0800000429153442, 1.065999984741211, 1.0549999475479126, 1.0479999780654907, 1.0399999618530273, 1.034000039100647, 1.031999945640564, 1.027999997138977, 1.0260000228881836, 1.0219999551773071, 1.0110000371932983, 1.0, 0.9990000128746033, 0.9919999837875366, 0.9850000143051147, 0.9800000190734863, 0.9700000286102295, 0.9649999737739563, 0.9639999866485596, 0.9589999914169312, 0.9580000042915344, 0.9509999752044678, 0.9459999799728394, 0.9430000185966492, 0.9319999814033508, 0.9290000200271606, 0.9290000200271606, 0.9319999814033508, 0.9229999780654907, 0.921999990940094, 0.9169999957084656, 0.9070000052452087, 0.8999999761581421, 0.9010000228881836, 0.8960000276565552, 0.8920000195503235, 0.8849999904632568, 0.8830000162124634, 0.8849999904632568, 0.8790000081062317, 0.8600000143051147, 0.8569999933242798, 0.8510000109672546, 0.847000002861023, 0.847000002861023, 0.8460000157356262, 0.8429999947547913, 0.8429999947547913, 0.8399999737739563, 0.8360000252723694, 0.8309999704360962, 0.8289999961853027, 0.8259999752044678, 0.8220000267028809, 0.8220000267028809, 0.8190000057220459, 0.8169999718666077, 0.8090000152587891, 0.8059999942779541, 0.8019999861717224, 0.7919999957084656, 0.7919999957084656, 0.7879999876022339, 0.7850000262260437, 0.7850000262260437, 0.781000018119812, 0.7749999761581421, 0.7760000228881836, 0.7770000100135803, 0.7749999761581421, 0.7730000019073486, 0.7639999985694885, 0.7540000081062317, 0.7559999823570251, 0.7630000114440918, 0.7630000114440918, 0.7519999742507935, 0.7490000128746033, 0.7429999709129333, 0.7409999966621399, 0.7440000176429749, 0.7440000176429749, 0.7360000014305115, 0.7279999852180481, 0.7279999852180481, 0.7300000190734863, 0.7260000109672546, 0.7139999866485596, 0.718999981880188, 0.718999981880188, 0.7170000076293945, 0.7139999866485596, 0.7160000205039978, 0.7129999995231628, 0.7089999914169312, 0.7070000171661377, 0.703000009059906, 0.6919999718666077, 0.699999988079071, 0.699999988079071, 0.6990000009536743, 0.699999988079071, 0.6940000057220459, 0.6919999718666077, 0.6840000152587891, 0.6859999895095825, 0.6840000152587891, 0.6840000152587891, 0.6840000152587891, 0.6800000071525574, 0.6819999814033508, 0.6819999814033508, 0.6790000200271606, 0.675000011920929, 0.675000011920929, 0.6769999861717224, 0.6769999861717224, 0.6740000247955322, 0.6700000166893005, 0.6700000166893005, 0.6690000295639038, 0.6710000038146973, 0.6679999828338623, 0.6650000214576721, 0.6629999876022339, 0.6629999876022339, 0.6620000004768372, 0.6589999794960022, 0.6549999713897705, 0.6570000052452087, 0.6549999713897705, 0.6520000100135803, 0.6510000228881836, 0.652999997138977, 0.6539999842643738, 0.6470000147819519, 0.640999972820282, 0.6510000228881836, 0.6489999890327454, 0.6480000019073486, 0.640999972820282, 0.6439999938011169, 0.6370000243186951, 0.6420000195503235, 0.6399999856948853, 0.640999972820282, 0.6309999823570251, 0.6340000033378601, 0.6349999904632568, 0.6349999904632568, 0.6309999823570251, 0.6349999904632568, 0.6389999985694885, 0.6380000114440918, 0.6309999823570251, 0.6269999742507935, 0.6269999742507935, 0.6290000081062317, 0.6269999742507935, 0.6299999952316284, 0.621999979019165, 0.6209999918937683, 0.6240000128746033, 0.621999979019165, 0.6190000176429749, 0.6150000095367432, 0.6140000224113464, 0.6169999837875366, 0.6169999837875366, 0.6129999756813049, 0.6150000095367432, 0.6179999709129333, 0.6179999709129333, 0.6169999837875366, 0.6129999756813049, 0.6129999756813049, 0.6119999885559082, 0.6079999804496765, 0.6060000061988831, 0.6039999723434448, 0.6039999723434448, 0.6050000190734863, 0.6110000014305115, 0.6110000014305115, 0.609000027179718, 0.6079999804496765, 0.6069999933242798, 0.6169999837875366, 0.6150000095367432, 0.6119999885559082, 0.6119999885559082, 0.6060000061988831, 0.6010000109672546, 0.6010000109672546, 0.5979999899864197, 0.5989999771118164, 0.6010000109672546, 0.5979999899864197, 0.5960000157356262, 0.6010000109672546, 0.6039999723434448, 0.597000002861023, 0.597000002861023, 0.6010000109672546, 0.5979999899864197, 0.597000002861023, 0.597000002861023, 0.597000002861023, 0.5929999947547913, 0.5929999947547913, 0.5979999899864197, 0.5950000286102295, 0.5929999947547913, 0.6000000238418579, 0.6000000238418579, 0.6000000238418579, 0.6000000238418579, 0.6010000109672546, 0.5920000076293945, 0.5950000286102295, 0.5929999947547913, 0.5950000286102295, 0.597000002861023, 0.6000000238418579, 0.5950000286102295, 0.5899999737739563, 0.5899999737739563, 0.5910000205039978, 0.5910000205039978, 0.5910000205039978, 0.5910000205039978, 0.5950000286102295, 0.5950000286102295, 0.597000002861023, 0.597000002861023, 0.597000002861023, 0.597000002861023, 0.5899999737739563, 0.593999981880188, 0.593999981880188, 0.6039999723434448, 0.6000000238418579, 0.597000002861023, 0.6000000238418579, 0.5889999866485596, 0.5889999866485596, 0.5979999899864197, 0.5979999899864197, 0.6029999852180481, 0.5960000157356262, 0.5910000205039978, 0.5960000157356262, 0.6000000238418579, 0.6079999804496765, 0.5989999771118164, 0.6000000238418579, 0.5950000286102295, 0.5950000286102295, 0.5950000286102295, 0.5989999771118164, 0.6000000238418579, 0.5920000076293945, 0.5950000286102295, 0.5950000286102295, 0.5950000286102295, 0.5950000286102295, 0.597000002861023, 0.5979999899864197, 0.5960000157356262, 0.5960000157356262, 0.6029999852180481, 0.6039999723434448, 0.6000000238418579, 0.6000000238418579, 0.597000002861023, 0.593999981880188, 0.5950000286102295, 0.597000002861023, 0.6000000238418579, 0.609000027179718, 0.6100000143051147, 0.6060000061988831, 0.6029999852180481, 0.6060000061988831, 0.6069999933242798, 0.609000027179718, 0.609000027179718, 0.6110000014305115, 0.6029999852180481, 0.6000000238418579, 0.6000000238418579, 0.6119999885559082, 0.6119999885559082, 0.6100000143051147, 0.6079999804496765, 0.6079999804496765, 0.6100000143051147, 0.6110000014305115, 0.6119999885559082, 0.6079999804496765, 0.6060000061988831, 0.6039999723434448, 0.6039999723434448, 0.6119999885559082, 0.6150000095367432, 0.6129999756813049, 0.6110000014305115, 0.6110000014305115, 0.6129999756813049, 0.6069999933242798, 0.6150000095367432, 0.6110000014305115, 0.6110000014305115, 0.6110000014305115, 0.6140000224113464, 0.6159999966621399, 0.6179999709129333, 0.6179999709129333, 0.6190000176429749, 0.6129999756813049, 0.6190000176429749, 0.6190000176429749, 0.628000020980835, 0.6230000257492065, 0.621999979019165, 0.6190000176429749, 0.6209999918937683, 0.6230000257492065, 0.6230000257492065, 0.6209999918937683, 0.6190000176429749, 0.6209999918937683, 0.628000020980835, 0.628000020980835, 0.628000020980835, 0.628000020980835, 0.6269999742507935, 0.625, 0.625, 0.6259999871253967, 0.6290000081062317, 0.6330000162124634, 0.6340000033378601, 0.6340000033378601, 0.6359999775886536, 0.6359999775886536, 0.6370000243186951, 0.6389999985694885, 0.6340000033378601, 0.6389999985694885, 0.6399999856948853, 0.6399999856948853, 0.6389999985694885, 0.6380000114440918, 0.6340000033378601, 0.6370000243186951, 0.6449999809265137, 0.6439999938011169, 0.6389999985694885, 0.6439999938011169, 0.6439999938011169, 0.6449999809265137, 0.6480000019073486, 0.6489999890327454, 0.6449999809265137, 0.6480000019073486, 0.6460000276565552, 0.6439999938011169, 0.6420000195503235, 0.6430000066757202, 0.6460000276565552, 0.6510000228881836, 0.6499999761581421, 0.6499999761581421, 0.6549999713897705, 0.6549999713897705, 0.656000018119812, 0.656000018119812, 0.656000018119812, 0.6539999842643738, 0.6579999923706055, 0.6579999923706055, 0.6610000133514404, 0.6570000052452087, 0.652999997138977, 0.6520000100135803, 0.656000018119812, 0.6620000004768372, 0.6610000133514404, 0.6620000004768372, 0.6620000004768372, 0.6650000214576721, 0.6589999794960022, 0.6600000262260437, 0.6610000133514404, 0.6610000133514404, 0.6669999957084656, 0.6620000004768372, 0.6610000133514404, 0.6629999876022339, 0.6690000295639038, 0.6700000166893005, 0.6700000166893005, 0.6729999780654907, 0.6710000038146973, 0.6729999780654907, 0.6710000038146973, 0.6710000038146973, 0.6700000166893005, 0.6660000085830688, 0.6710000038146973, 0.675000011920929, 0.6779999732971191, 0.6759999990463257, 0.6740000247955322, 0.6740000247955322, 0.675000011920929, 0.675000011920929, 0.675000011920929, 0.6809999942779541, 0.6809999942779541, 0.6830000281333923, 0.6729999780654907, 0.6800000071525574, 0.6809999942779541, 0.6850000023841858, 0.6890000104904175, 0.6840000152587891, 0.6840000152587891, 0.6840000152587891, 0.6840000152587891, 0.6840000152587891, 0.6819999814033508, 0.6819999814033508, 0.6850000023841858, 0.6919999718666077, 0.6919999718666077, 0.7009999752044678, 0.6930000185966492, 0.699999988079071, 0.6990000009536743, 0.7039999961853027, 0.7020000219345093, 0.703000009059906, 0.7009999752044678, 0.703000009059906, 0.703000009059906, 0.7020000219345093, 0.7009999752044678, 0.6980000138282776, 0.6980000138282776, 0.6970000267028809, 0.703000009059906, 0.7020000219345093, 0.7059999704360962, 0.7080000042915344, 0.7139999866485596, 0.7149999737739563, 0.7160000205039978, 0.7170000076293945, 0.7149999737739563, 0.7129999995231628, 0.7149999737739563, 0.722000002861023, 0.7170000076293945, 0.7179999947547913, 0.7200000286102295, 0.7210000157356262, 0.722000002861023, 0.7229999899864197, 0.7269999980926514, 0.7260000109672546, 0.7250000238418579, 0.7250000238418579, 0.7300000190734863, 0.7369999885559082, 0.7379999756813049, 0.7400000095367432, 0.7310000061988831, 0.7369999885559082, 0.7369999885559082, 0.7360000014305115, 0.7379999756813049, 0.7400000095367432, 0.7369999885559082, 0.7350000143051147, 0.7400000095367432, 0.7419999837875366, 0.7440000176429749, 0.75, 0.75, 0.75, 0.7570000290870667, 0.7480000257492065, 0.7480000257492065, 0.7480000257492065, 0.7570000290870667, 0.7639999985694885, 0.7599999904632568, 0.7580000162124634, 0.7580000162124634, 0.7590000033378601, 0.7590000033378601, 0.7580000162124634, 0.7509999871253967, 0.7540000081062317, 0.7540000081062317, 0.7540000081062317, 0.7570000290870667, 0.7599999904632568, 0.7609999775886536, 0.7590000033378601, 0.7620000243186951, 0.765999972820282, 0.7639999985694885, 0.7609999775886536, 0.7580000162124634, 0.7580000162124634, 0.7580000162124634, 0.7549999952316284, 0.7549999952316284, 0.753000020980835, 0.7540000081062317, 0.7540000081062317, 0.7580000162124634, 0.7609999775886536, 0.7620000243186951, 0.7680000066757202, 0.7689999938011169, 0.7720000147819519, 0.7720000147819519, 0.7670000195503235, 0.7680000066757202, 0.7749999761581421, 0.7749999761581421, 0.7710000276565552, 0.7739999890327454, 0.7799999713897705, 0.7760000228881836, 0.7649999856948853, 0.7649999856948853, 0.7680000066757202, 0.7680000066757202, 0.7710000276565552, 0.7710000276565552, 0.7710000276565552, 0.7649999856948853, 0.7620000243186951, 0.7580000162124634, 0.7609999775886536, 0.7630000114440918, 0.7689999938011169, 0.7749999761581421, 0.7710000276565552, 0.7710000276565552, 0.7879999876022339, 0.7940000295639038, 0.7960000038146973, 0.7940000295639038, 0.7940000295639038, 0.796999990940094, 0.8009999990463257, 0.8019999861717224, 0.8050000071525574, 0.8040000200271606, 0.8019999861717224, 0.8019999861717224, 0.8029999732971191, 0.8109999895095825, 0.8050000071525574, 0.8050000071525574, 0.8149999976158142]
intensities: [1082.0, 1102.0, 1113.0, 1276.0, 1276.0, 1337.0, 1446.0, 1449.0, 1454.0, 1473.0, 1473.0, 1486.0, 1465.0, 1465.0, 1286.0, 1286.0, 1099.0, 950.0, 794.0, 836.0, 929.0, 952.0, 995.0, 1012.0, 1018.0, 1018.0, 1066.0, 1123.0, 1336.0, 1405.0, 1503.0, 1551.0, 1549.0, 1574.0, 1593.0, 1627.0, 1624.0, 1611.0, 1612.0, 1614.0, 1618.0, 1617.0, 1605.0, 1606.0, 1606.0, 1605.0, 1621.0, 1583.0, 1599.0, 1601.0, 1601.0, 1592.0, 1583.0, 1594.0, 1572.0, 1568.0, 1580.0, 1565.0, 1565.0, 1553.0, 1551.0, 1554.0, 1572.0, 1548.0, 1548.0, 1548.0, 1548.0, 1548.0, 1557.0, 1548.0, 1551.0, 1503.0, 1508.0, 1518.0, 1539.0, 1539.0, 1515.0, 1517.0, 1517.0, 1481.0, 1495.0, 1495.0, 1495.0, 1487.0, 1481.0, 1469.0, 1474.0, 1463.0, 1463.0, 1450.0, 1453.0, 1450.0, 1450.0, 1426.0, 1434.0, 1442.0, 1407.0, 1407.0, 1420.0, 1420.0, 1425.0, 1418.0, 1418.0, 1392.0, 1402.0, 1399.0, 1403.0, 1372.0, 1383.0, 1385.0, 1391.0, 1363.0, 1363.0, 1353.0, 1343.0, 1339.0, 1348.0, 1348.0, 1339.0, 1339.0, 1342.0, 1347.0, 1315.0, 1314.0, 1307.0, 1293.0, 1288.0, 1314.0, 1288.0, 1298.0, 1285.0, 1301.0, 1270.0, 1268.0, 1268.0, 1269.0, 1273.0, 1271.0, 1264.0, 1264.0, 1264.0, 1266.0, 1256.0, 1256.0, 1248.0, 1252.0, 1253.0, 1242.0, 1231.0, 1227.0, 1227.0, 1213.0, 1220.0, 1216.0, 1208.0, 1209.0, 1188.0, 1179.0, 1171.0, 1171.0, 1166.0, 1164.0, 1155.0, 1155.0, 1161.0, 1161.0, 1150.0, 1136.0, 1136.0, 1133.0, 1132.0, 1117.0, 1118.0, 1119.0, 1113.0, 1118.0, 1118.0, 1137.0, 1146.0, 1144.0, 1140.0, 1138.0, 1122.0, 1130.0, 1114.0, 1115.0, 1109.0, 1096.0, 1099.0, 1119.0, 1105.0, 1110.0, 1109.0, 1095.0, 1109.0, 1102.0, 1118.0, 1096.0, 1096.0, 1090.0, 1087.0, 1098.0, 1097.0, 1106.0, 1100.0, 1093.0, 1091.0, 1091.0, 1104.0, 1109.0, 1109.0, 1112.0, 1121.0, 1121.0, 1106.0, 1112.0, 1103.0, 1107.0, 1107.0, 1108.0, 1111.0, 1113.0, 1112.0, 1111.0, 1126.0, 1128.0, 1123.0, 1124.0, 1101.0, 1101.0, 1102.0, 1101.0, 1105.0, 1100.0, 1094.0, 1091.0, 1119.0, 1107.0, 1093.0, 1102.0, 1089.0, 1080.0, 1070.0, 1070.0, 1083.0, 1076.0, 1070.0, 1076.0, 1079.0, 1079.0, 1071.0, 1064.0, 1062.0, 1064.0, 1069.0, 1061.0, 1059.0, 1053.0, 1050.0, 1048.0, 1052.0, 1048.0, 1053.0, 1031.0, 1040.0, 1044.0, 1038.0, 1030.0, 1033.0, 1034.0, 1041.0, 1045.0, 1037.0, 1039.0, 1037.0, 1019.0, 1023.0, 1023.0, 1027.0, 1033.0, 1026.0, 1026.0, 1021.0, 1028.0, 1015.0, 1016.0, 1003.0, 1012.0, 1021.0, 986.0, 1014.0, 1012.0, 1009.0, 1006.0, 1014.0, 1005.0, 996.0, 1004.0, 996.0, 984.0, 989.0, 978.0, 975.0, 985.0, 991.0, 975.0, 967.0, 971.0, 970.0, 959.0, 956.0, 950.0, 949.0, 944.0, 932.0, 924.0, 914.0, 921.0, 916.0, 916.0, 917.0, 921.0, 916.0, 924.0, 917.0, 910.0, 910.0, 896.0, 891.0, 880.0, 894.0, 907.0, 896.0, 924.0, 1160.0, 1403.0, 1303.0, 977.0, 977.0, 975.0, 975.0, 965.0, 965.0, 969.0, 960.0, 970.0, 970.0, 971.0, 975.0, 980.0, 966.0, 995.0, 980.0, 974.0, 971.0, 980.0, 980.0, 981.0, 981.0, 983.0, 980.0, 980.0, 992.0, 992.0, 976.0, 974.0, 970.0, 966.0, 971.0, 982.0, 988.0, 977.0, 986.0, 976.0, 982.0, 979.0, 981.0, 989.0, 988.0, 984.0, 977.0, 982.0, 982.0, 986.0, 998.0, 968.0, 984.0, 984.0, 976.0, 992.0, 989.0, 989.0, 986.0, 991.0, 997.0, 987.0, 981.0, 989.0, 979.0, 978.0, 978.0, 968.0, 971.0, 975.0, 978.0, 971.0, 965.0, 967.0, 959.0, 961.0, 961.0, 951.0, 961.0, 950.0, 959.0, 949.0, 950.0, 953.0, 952.0, 963.0, 955.0, 964.0, 952.0, 966.0, 966.0, 964.0, 959.0, 964.0, 968.0, 971.0, 977.0, 975.0, 982.0, 990.0, 994.0, 1000.0, 989.0, 988.0, 991.0, 992.0, 991.0, 991.0, 987.0, 989.0, 992.0, 990.0, 988.0, 984.0, 992.0, 967.0, 973.0, 976.0, 975.0, 1022.0, 1019.0, 994.0, 992.0, 993.0, 1005.0, 1025.0, 1026.0, 1030.0, 1032.0, 1031.0, 1029.0, 1049.0, 1058.0, 1058.0, 1064.0, 1064.0, 1072.0, 1091.0, 1087.0, 1071.0, 1082.0, 1086.0, 1090.0, 1087.0, 1091.0, 1085.0, 1091.0, 1096.0, 1094.0, 1095.0, 1112.0, 1107.0, 1102.0, 1119.0, 1112.0, 1118.0, 1111.0, 1106.0, 1115.0, 1113.0, 1089.0, 1119.0, 1101.0, 1102.0, 1111.0, 1125.0, 1123.0, 1141.0, 1124.0, 1128.0, 1135.0, 1132.0, 1124.0, 1130.0, 1124.0, 1138.0, 1132.0, 1115.0, 1125.0, 1133.0, 1145.0, 1136.0, 1132.0, 1140.0, 1159.0, 1168.0, 1153.0, 1198.0, 1201.0, 1201.0, 1210.0, 1230.0, 1221.0, 1228.0, 1225.0, 1249.0, 1241.0, 1263.0, 1275.0, 1274.0, 1279.0, 1293.0, 1308.0, 1307.0, 1336.0, 1354.0, 1351.0, 1341.0, 1353.0, 1356.0, 1369.0, 1364.0, 1368.0, 1371.0, 1369.0, 1378.0, 1387.0, 1405.0, 1396.0, 1396.0, 1396.0, 1410.0, 1425.0, 1421.0, 1424.0, 1428.0, 1450.0, 1434.0, 1437.0, 1460.0, 1458.0, 1458.0, 1461.0, 1463.0, 1455.0, 1454.0, 1462.0, 1474.0, 1478.0, 1483.0, 1486.0, 1476.0, 1481.0, 1485.0, 1491.0, 1502.0, 1496.0, 1499.0, 1515.0, 1505.0, 1505.0, 1519.0, 1514.0, 1515.0, 1517.0, 1550.0, 1523.0, 1542.0, 1556.0, 1556.0, 1552.0, 1561.0, 1568.0, 1542.0, 1551.0, 1555.0, 1552.0, 1560.0, 1577.0, 1576.0, 1585.0, 1584.0, 1591.0, 1603.0, 1603.0, 1598.0, 1595.0, 1616.0, 1618.0, 1613.0, 1613.0, 1628.0, 1633.0, 1633.0, 1635.0, 1639.0, 1639.0, 1652.0, 1629.0, 1629.0, 1643.0, 1657.0, 1654.0, 1663.0, 1657.0, 1662.0, 1660.0, 1661.0, 1670.0, 1666.0, 1666.0, 1661.0, 1680.0, 1697.0, 1697.0, 1680.0, 1681.0, 1679.0, 1696.0, 1694.0, 1681.0, 1699.0, 1702.0, 1692.0, 1688.0, 1703.0, 1727.0, 1705.0, 1730.0, 1724.0, 1734.0, 1723.0, 1724.0, 1742.0, 1742.0, 1740.0, 1735.0, 1767.0, 1752.0, 1750.0, 1768.0, 1769.0, 1776.0, 1753.0, 1758.0, 1754.0, 1781.0, 1768.0, 1788.0, 1808.0, 1791.0, 1768.0, 1763.0, 1763.0, 1770.0, 1768.0, 1768.0, 1779.0, 1781.0, 1771.0, 1766.0, 1762.0, 1792.0, 1789.0, 1792.0, 1779.0, 1804.0, 1787.0, 1787.0, 1790.0, 1797.0, 1795.0, 1805.0, 1818.0, 1814.0, 1799.0, 1822.0, 1806.0, 1806.0, 1809.0, 1819.0, 1810.0, 1829.0, 1822.0, 1822.0, 1824.0, 1808.0, 1808.0, 1813.0, 1830.0, 1847.0, 1801.0, 1814.0, 1832.0, 1824.0, 1830.0, 1826.0, 1834.0, 1803.0, 1804.0, 1807.0, 1805.0, 1790.0, 1808.0, 1809.0, 1808.0, 1806.0, 1791.0, 1785.0, 1797.0, 1790.0, 1784.0, 1778.0, 1789.0, 1802.0, 1802.0, 1790.0, 1788.0, 1776.0, 1795.0, 1790.0, 1790.0, 1680.0, 1722.0, 1676.0, 1785.0, 1762.0, 1738.0, 1789.0, 1771.0, 1771.0, 1783.0, 1774.0, 1769.0, 1763.0, 1768.0, 1813.0, 1800.0, 1816.0, 1776.0, 1765.0, 1758.0, 1764.0, 1767.0, 1777.0, 1764.0, 1754.0, 1752.0, 1735.0, 1735.0, 1735.0, 1725.0, 1719.0, 1707.0, 1707.0, 1702.0, 1709.0, 1693.0, 1696.0, 1687.0, 1715.0, 1699.0, 1685.0, 1699.0, 1700.0, 1717.0, 1703.0, 1698.0, 1692.0, 1712.0, 1687.0, 1688.0, 1690.0, 1686.0, 1685.0, 1685.0, 1683.0, 1683.0, 1679.0, 1679.0, 1677.0, 1668.0, 1657.0, 1645.0, 1656.0, 1653.0, 1651.0, 1656.0, 1636.0, 1635.0, 1647.0, 1633.0, 1633.0, 1642.0, 1638.0, 1642.0, 1624.0, 1622.0, 1622.0, 1624.0, 1615.0, 1599.0, 1593.0, 1604.0, 1603.0, 1601.0, 1588.0, 1603.0, 1593.0, 1575.0, 1576.0, 1571.0, 1565.0, 1564.0, 1566.0, 1557.0, 1548.0, 1545.0, 1536.0, 1528.0, 1539.0, 1533.0, 1504.0, 1504.0, 1496.0, 1487.0, 1487.0, 1484.0, 1485.0, 1483.0, 1485.0, 1488.0, 1468.0, 1459.0, 1462.0, 1499.0, 1499.0, 1482.0, 1453.0, 1443.0, 1439.0, 1427.0, 1429.0, 1409.0, 1432.0, 1407.0, 1412.0, 1428.0, 1412.0, 1420.0, 1406.0, 1405.0, 1398.0, 1397.0, 1394.0, 1405.0, 1391.0, 1406.0, 1406.0, 1400.0, 1400.0, 1400.0, 1394.0, 1394.0, 1388.0, 1384.0, 1384.0, 1365.0, 1362.0, 1358.0, 1361.0, 1360.0, 1367.0, 1348.0, 1357.0, 1355.0, 1360.0, 1353.0, 1357.0, 1369.0, 1342.0, 1340.0, 1345.0, 1352.0, 1353.0, 1336.0, 1341.0, 1341.0, 1330.0, 1321.0, 1324.0, 1316.0, 1316.0, 1312.0, 1318.0, 1308.0, 1316.0, 1308.0, 1305.0, 1299.0, 1299.0, 1304.0, 1309.0, 1311.0, 1296.0, 1291.0, 1293.0, 1277.0, 1290.0, 1293.0, 1292.0, 1298.0, 1277.0, 1277.0, 1277.0, 1285.0, 1279.0, 1270.0, 1270.0, 1270.0, 1274.0, 1274.0, 1271.0, 1268.0, 1270.0, 1268.0, 1280.0, 1265.0, 1271.0, 1262.0, 1255.0, 1255.0, 1251.0, 1266.0, 1255.0, 1261.0, 1252.0, 1257.0, 1254.0, 1244.0, 1249.0, 1263.0, 1285.0, 1284.0, 1298.0, 1279.0, 1266.0, 1280.0, 1292.0, 1290.0, 1283.0, 1285.0, 1283.0, 1280.0, 1289.0, 1293.0, 1284.0, 1274.0, 1273.0, 1288.0, 1299.0, 1298.0, 1307.0, 1306.0, 1324.0, 1324.0, 1311.0, 1297.0, 1295.0, 1338.0, 1316.0, 1311.0, 1311.0, 1310.0, 1312.0, 1312.0, 1312.0, 1316.0, 1305.0, 1305.0, 1303.0, 1318.0, 1328.0, 1319.0, 1323.0, 1328.0, 1337.0, 1331.0, 1334.0, 1326.0, 1345.0, 1345.0, 1342.0, 1341.0, 1350.0, 1348.0, 1359.0, 1338.0, 1356.0, 1344.0, 1358.0, 1360.0, 1354.0, 1354.0, 1354.0, 1372.0, 1361.0, 1358.0, 1359.0, 1360.0, 1362.0, 1360.0, 1363.0, 1366.0, 1373.0, 1379.0, 1367.0, 1375.0, 1352.0, 1352.0, 1383.0, 1364.0, 1371.0, 1374.0, 1377.0, 1373.0, 1397.0, 1417.0, 1421.0, 1412.0, 1412.0, 1412.0, 1432.0, 1417.0, 1408.0, 1413.0, 1417.0, 1421.0, 1408.0, 1408.0, 1433.0, 1426.0, 1418.0, 1425.0, 1425.0, 1421.0, 1424.0, 1427.0, 1424.0, 1422.0, 1432.0, 1432.0, 1437.0, 1446.0, 1436.0, 1436.0, 1435.0]