header: 
  seq: 1613
  stamp: 
    secs: 1548820797
    nsecs: 491092965
  frame_id: "base_link"
angle_min: -2.35619449615
angle_max: 2.35619449615
angle_increment: 0.00436332309619
time_increment: 1.73611151695e-05
scan_time: 0.0250000003725
range_min: 0.019999999553
range_max: 30.0
ranges: [0.4650000035762787, 0.4699999988079071, 0.46399998664855957, 0.4650000035762787, 0.46700000762939453, 0.47699999809265137, 0.47200000286102295, 0.4729999899864197, 0.4779999852180481, 0.4819999933242798, 0.48500001430511475, 0.4869999885559082, 0.4869999885559082, 0.4749999940395355, 0.4519999921321869, 0.44999998807907104, 0.421999990940094, 0.3479999899864197, 0.3619999885559082, 0.3269999921321869, 0.36800000071525574, 0.41999998688697815, 0.4410000145435333, 0.4519999921321869, 0.45899999141693115, 0.46000000834465027, 0.4620000123977661, 0.45399999618530273, 0.4569999873638153, 0.4480000138282776, 0.45899999141693115, 0.453000009059906, 0.46000000834465027, 0.45500001311302185, 0.45899999141693115, 0.4580000042915344, 0.45399999618530273, 0.44999998807907104, 0.4480000138282776, 0.44600000977516174, 0.4490000009536743, 0.45100000500679016, 0.4490000009536743, 0.44999998807907104, 0.4519999921321869, 0.4480000138282776, 0.4399999976158142, 0.4300000071525574, 0.42899999022483826, 0.4359999895095825, 0.4359999895095825, 0.43700000643730164, 0.4350000023841858, 0.4350000023841858, 0.43299999833106995, 0.4359999895095825, 0.4359999895095825, 0.43700000643730164, 0.4350000023841858, 0.4350000023841858, 0.42100000381469727, 0.41499999165534973, 0.4189999997615814, 0.421999990940094, 0.41999998688697815, 0.41999998688697815, 0.4169999957084656, 0.421999990940094, 0.4189999997615814, 0.4189999997615814, 0.41999998688697815, 0.42800000309944153, 0.4269999861717224, 0.41600000858306885, 0.414000004529953, 0.414000004529953, 0.4099999964237213, 0.41200000047683716, 0.41100001335144043, 0.4099999964237213, 0.4099999964237213, 0.41100001335144043, 0.41600000858306885, 0.4129999876022339, 0.414000004529953, 0.41600000858306885, 0.4169999957084656, 0.41100001335144043, 0.4059999883174896, 0.4090000092983246, 0.41999998688697815, 0.4230000078678131, 0.421999990940094, 0.4169999957084656, 0.40799999237060547, 0.4059999883174896, 0.4059999883174896, 0.4090000092983246, 0.4059999883174896, 0.4090000092983246, 0.4090000092983246, 0.4050000011920929, 0.40299999713897705, 0.39800000190734863, 0.4000000059604645, 0.4020000100135803, 0.4059999883174896, 0.4059999883174896, 0.39800000190734863, 0.4009999930858612, 0.40400001406669617, 0.39800000190734863, 0.39399999380111694, 0.3970000147819519, 0.40400001406669617, 0.40400001406669617, 0.39800000190734863, 0.4020000100135803, 0.4009999930858612, 0.39399999380111694, 0.38999998569488525, 0.39800000190734863, 0.39800000190734863, 0.3930000066757202, 0.3959999978542328, 0.3930000066757202, 0.3959999978542328, 0.39399999380111694, 0.39399999380111694, 0.3930000066757202, 0.3930000066757202, 0.3930000066757202, 0.39399999380111694, 0.39500001072883606, 0.3930000066757202, 0.39500001072883606, 0.39399999380111694, 0.39399999380111694, 0.4000000059604645, 0.4020000100135803, 0.3880000114440918, 0.38600000739097595, 0.3889999985694885, 0.3930000066757202, 0.3970000147819519, 0.3959999978542328, 0.39399999380111694, 0.3930000066757202, 0.3930000066757202, 0.3930000066757202, 0.39100000262260437, 0.3869999945163727, 0.38499999046325684, 0.382999986410141, 0.382999986410141, 0.38199999928474426, 0.38499999046325684, 0.3889999985694885, 0.38999998569488525, 0.38999998569488525, 0.3889999985694885, 0.3869999945163727, 0.38999998569488525, 0.38499999046325684, 0.3880000114440918, 0.38499999046325684, 0.382999986410141, 0.382999986410141, 0.38499999046325684, 0.3869999945163727, 0.38600000739097595, 0.38199999928474426, 0.38499999046325684, 0.38600000739097595, 0.38600000739097595, 0.3889999985694885, 0.3889999985694885, 0.38999998569488525, 0.3840000033378601, 0.38100001215934753, 0.3790000081062317, 0.38199999928474426, 0.38499999046325684, 0.3880000114440918, 0.38100001215934753, 0.3779999911785126, 0.3779999911785126, 0.382999986410141, 0.3919999897480011, 0.38600000739097595, 0.3869999945163727, 0.3880000114440918, 0.3869999945163727, 0.3869999945163727, 0.38100001215934753, 0.382999986410141, 0.38600000739097595, 0.39100000262260437, 0.39100000262260437, 0.3880000114440918, 0.3840000033378601, 0.38499999046325684, 0.3869999945163727, 0.3869999945163727, 0.3869999945163727, 0.3880000114440918, 0.38999998569488525, 0.38999998569488525, 0.38499999046325684, 0.38499999046325684, 0.38199999928474426, 0.38199999928474426, 0.3880000114440918, 0.3880000114440918, 0.38499999046325684, 0.38499999046325684, 0.38600000739097595, 0.3840000033378601, 0.3799999952316284, 0.3799999952316284, 0.3779999911785126, 0.38100001215934753, 0.3790000081062317, 0.38499999046325684, 0.38499999046325684, 0.38499999046325684, 0.38499999046325684, 0.38499999046325684, 0.3840000033378601, 0.38499999046325684, 0.3869999945163727, 0.3869999945163727, 0.38499999046325684, 0.38499999046325684, 0.3840000033378601, 0.38499999046325684, 0.3869999945163727, 0.3869999945163727, 0.3970000147819519, 0.3930000066757202, 0.38999998569488525, 0.3889999985694885, 0.39800000190734863, 0.3919999897480011, 0.39100000262260437, 0.38999998569488525, 0.3869999945163727, 0.3889999985694885, 0.3970000147819519, 0.39899998903274536, 0.39500001072883606, 0.38999998569488525, 0.39100000262260437, 0.40299999713897705, 0.40700000524520874, 0.4050000011920929, 0.40400001406669617, 0.40700000524520874, 0.4129999876022339, 0.4129999876022339, 0.41100001335144043, 0.4099999964237213, 0.41100001335144043, 0.41100001335144043, 0.4090000092983246, 0.40799999237060547, 0.40799999237060547, 0.4129999876022339, 0.41499999165534973, 0.41499999165534973, 0.4189999997615814, 0.41999998688697815, 0.4269999861717224, 0.42899999022483826, 0.42899999022483826, 0.42500001192092896, 0.4189999997615814, 0.42100000381469727, 0.421999990940094, 0.42500001192092896, 0.42800000309944153, 0.42800000309944153, 0.4350000023841858, 0.42899999022483826, 0.4259999990463257, 0.4259999990463257, 0.42500001192092896, 0.4320000112056732, 0.4300000071525574, 0.4359999895095825, 0.4399999976158142, 0.4399999976158142, 0.4399999976158142, 0.4399999976158142, 0.44200000166893005, 0.4429999887943268, 0.44600000977516174, 0.44600000977516174, 0.4490000009536743, 0.4480000138282776, 0.4519999921321869, 0.4560000002384186, 0.4560000002384186, 0.453000009059906, 0.453000009059906, 0.46000000834465027, 0.460999995470047, 0.46000000834465027, 0.460999995470047, 0.46399998664855957, 0.4659999907016754, 0.46399998664855957, 0.4690000116825104, 0.47099998593330383, 0.47099998593330383, 0.4740000069141388, 0.4749999940395355, 0.47699999809265137, 0.47699999809265137, 0.48399999737739563, 0.47999998927116394, 0.4830000102519989, 0.48899999260902405, 0.48899999260902405, 0.492000013589859, 0.492000013589859, 0.4950000047683716, 0.5, 0.49900001287460327, 0.5, 0.5009999871253967, 0.5019999742507935, 0.5019999742507935, 0.5149999856948853, 0.5149999856948853, 0.5099999904632568, 0.5120000243186951, 0.5180000066757202, 0.5170000195503235, 0.5260000228881836, 0.5260000228881836, 0.5249999761581421, 0.527999997138977, 0.5370000004768372, 0.5389999747276306, 0.5419999957084656, 0.5410000085830688, 0.5419999957084656, 0.5429999828338623, 0.5450000166893005, 0.5450000166893005, 0.550000011920929, 0.5590000152587891, 0.5590000152587891, 0.5590000152587891, 0.5569999814033508, 0.5580000281333923, 0.5619999766349792, 0.5669999718666077, 0.5699999928474426, 0.5680000185966492, 0.5740000009536743, 0.5809999704360962, 0.5799999833106995, 0.5839999914169312, 0.5820000171661377, 0.5889999866485596, 0.5979999899864197, 0.5960000157356262, 0.6019999980926514, 0.6050000190734863, 0.6079999804496765, 0.6079999804496765, 0.6110000014305115, 0.6150000095367432, 0.6209999918937683, 0.6259999871253967, 0.628000020980835, 0.6269999742507935, 0.628000020980835, 0.6439999938011169, 0.6439999938011169, 0.6439999938011169, 0.6449999809265137, 0.6579999923706055, 0.6600000262260437, 0.6610000133514404, 0.6700000166893005, 0.671999990940094, 0.671999990940094, 0.6759999990463257, 0.6819999814033508, 0.6869999766349792, 0.6909999847412109, 0.6909999847412109, 0.6940000057220459, 0.7020000219345093, 0.7129999995231628, 0.7160000205039978, 0.718999981880188, 0.7279999852180481, 0.7379999756813049, 0.7369999885559082, 0.7319999933242798, 0.7390000224113464, 0.7409999966621399, 0.75, 0.7559999823570251, 0.7570000290870667, 0.7609999775886536, 0.7689999938011169, 0.7739999890327454, 0.7799999713897705, 0.781000018119812, 0.7960000038146973, 0.8050000071525574, 0.8130000233650208, 0.8140000104904175, 0.8169999718666077, 0.8259999752044678, 0.8320000171661377, 0.8330000042915344, 0.8519999980926514, 0.8709999918937683, 0.8820000290870667, 0.8849999904632568, 0.8989999890327454, 0.9399999976158142, 1.0110000371932983, 1.1089999675750732, 1.3270000219345093, 1.440000057220459, 1.944000005722046, 1.968999981880188, 1.9730000495910645, 1.9739999771118164, 1.9739999771118164, 1.9709999561309814, 1.9670000076293945, 1.9709999561309814, 1.975000023841858, 1.9700000286102295, 1.968000054359436, 1.968000054359436, 1.9759999513626099, 1.9800000190734863, 1.9759999513626099, 1.9789999723434448, 1.9780000448226929, 1.9800000190734863, 1.9700000286102295, 1.9700000286102295, 1.972000002861023, 1.9780000448226929, 1.9780000448226929, 1.9780000448226929, 1.9819999933242798, 1.9800000190734863, 1.9739999771118164, 1.9730000495910645, 1.9730000495910645, 1.968000054359436, 1.968000054359436, 1.9670000076293945, 1.9600000381469727, 1.9609999656677246, 1.9639999866485596, 1.9639999866485596, 1.9609999656677246, 1.9600000381469727, 1.9589999914169312, 1.9589999914169312, 1.965000033378601, 1.9600000381469727, 1.9529999494552612, 1.9509999752044678, 1.9500000476837158, 1.940999984741211, 1.944000005722046, 1.944000005722046, 1.9390000104904175, 1.9359999895095825, 1.940999984741211, 1.9429999589920044, 1.9390000104904175, 1.937000036239624, 1.9359999895095825, 1.934999942779541, 1.9299999475479126, 1.9299999475479126, 1.9240000247955322, 1.9129999876022339, 1.9110000133514404, 1.909999966621399, 1.9079999923706055, 1.9079999923706055, 1.9079999923706055, 1.902999997138977, 1.8990000486373901, 1.9019999504089355, 1.899999976158142, 1.899999976158142, 1.8969999551773071, 1.8930000066757202, 1.8930000066757202, 1.8860000371932983, 1.8819999694824219, 1.88100004196167, 1.8799999952316284, 1.8730000257492065, 1.8650000095367432, 1.8600000143051147, 1.8569999933242798, 1.8550000190734863, 1.8530000448226929, 1.8509999513626099, 1.8530000448226929, 1.850000023841858, 1.8420000076293945, 1.8350000381469727, 1.8320000171661377, 1.8329999446868896, 1.8380000591278076, 1.8380000591278076, 1.8300000429153442, 1.8300000429153442, 1.809999942779541, 1.809999942779541, 1.8079999685287476, 1.8079999685287476, 1.8020000457763672, 1.7949999570846558, 1.7949999570846558, 1.781000018119812, 1.7769999504089355, 1.7860000133514404, 1.774999976158142, 1.7660000324249268, 1.7569999694824219, 1.7619999647140503, 1.7569999694824219, 1.753000020980835, 1.7519999742507935, 1.7400000095367432, 1.725000023841858, 1.7319999933242798, 1.722000002861023, 1.7200000286102295, 1.715000033378601, 1.7089999914169312, 1.7109999656677246, 1.7000000476837158, 1.6929999589920044, 1.6859999895095825, 1.6820000410079956, 1.6729999780654907, 1.6729999780654907, 1.6710000038146973, 1.6579999923706055, 1.6490000486373901, 1.6480000019073486, 1.6430000066757202, 1.6380000114440918, 1.6440000534057617, 1.6330000162124634, 1.61899995803833, 1.6119999885559082, 1.6089999675750732, 1.6069999933242798, 1.593000054359436, 1.5859999656677246, 1.5829999446868896, 1.5729999542236328, 1.5640000104904175, 1.559000015258789, 1.555999994277954, 1.5449999570846558, 1.5390000343322754, 1.5429999828338623, 1.531999945640564, 1.5269999504089355, 1.5210000276565552, 1.5119999647140503, 1.5010000467300415, 1.5049999952316284, 1.503000020980835, 1.5019999742507935, 1.4930000305175781, 1.4730000495910645, 1.4630000591278076, 1.4639999866485596, 1.4570000171661377, 1.4470000267028809, 1.440000057220459, 1.434000015258789, 1.4279999732971191, 1.4170000553131104, 1.4140000343322754, 1.402999997138977, 1.3910000324249268, 1.38100004196167, 1.375, 1.3730000257492065, 1.3619999885559082, 1.3530000448226929, 1.3509999513626099, 1.347000002861023, 1.340999960899353, 1.3270000219345093, 1.3179999589920044, 1.309999942779541, 1.2999999523162842, 1.2910000085830688, 1.2879999876022339, 1.2829999923706055, 1.2719999551773071, 1.2630000114440918, 1.2580000162124634, 1.2430000305175781, 1.2280000448226929, 1.2280000448226929, 1.225000023841858, 1.2039999961853027, 1.2000000476837158, 1.194000005722046, 1.190999984741211, 1.1729999780654907, 1.159999966621399, 1.1449999809265137, 1.1430000066757202, 1.1330000162124634, 1.1230000257492065, 1.121999979019165, 1.1180000305175781, 1.100000023841858, 1.093000054359436, 1.0820000171661377, 1.0729999542236328, 1.0549999475479126, 1.0520000457763672, 1.0399999618530273, 1.0290000438690186, 1.034000039100647, 1.0230000019073486, 1.0130000114440918, 1.0069999694824219, 1.003999948501587, 0.9990000128746033, 0.9950000047683716, 0.9869999885559082, 0.9750000238418579, 0.9580000042915344, 0.9599999785423279, 0.9539999961853027, 0.9490000009536743, 0.9430000185966492, 0.9369999766349792, 0.9369999766349792, 0.9319999814033508, 0.9279999732971191, 0.9129999876022339, 0.906000018119812, 0.9020000100135803, 0.8960000276565552, 0.8870000243186951, 0.875, 0.8740000128746033, 0.875, 0.8799999952316284, 0.8700000047683716, 0.859000027179718, 0.8529999852180481, 0.847000002861023, 0.8510000109672546, 0.8489999771118164, 0.8420000076293945, 0.8289999961853027, 0.8289999961853027, 0.8240000009536743, 0.8299999833106995, 0.828000009059906, 0.8199999928474426, 0.8100000023841858, 0.8050000071525574, 0.8029999732971191, 0.800000011920929, 0.7940000295639038, 0.7940000295639038, 0.7900000214576721, 0.777999997138977, 0.777999997138977, 0.7689999938011169, 0.7680000066757202, 0.7649999856948853, 0.7620000243186951, 0.7570000290870667, 0.753000020980835, 0.753000020980835, 0.753000020980835, 0.75, 0.7379999756813049, 0.734000027179718, 0.734000027179718, 0.7310000061988831, 0.7260000109672546, 0.7210000157356262, 0.7170000076293945, 0.718999981880188, 0.718999981880188, 0.7139999866485596, 0.7080000042915344, 0.7080000042915344, 0.7049999833106995, 0.7020000219345093, 0.6970000267028809, 0.6940000057220459, 0.6909999847412109, 0.6909999847412109, 0.6899999976158142, 0.6890000104904175, 0.6850000023841858, 0.6840000152587891, 0.6840000152587891, 0.6759999990463257, 0.6729999780654907, 0.6710000038146973, 0.675000011920929, 0.6729999780654907, 0.6650000214576721, 0.6610000133514404, 0.6579999923706055, 0.6489999890327454, 0.6489999890327454, 0.6570000052452087, 0.6489999890327454, 0.6489999890327454, 0.6470000147819519, 0.6420000195503235, 0.6370000243186951, 0.6340000033378601, 0.6340000033378601, 0.6330000162124634, 0.628000020980835, 0.628000020980835, 0.6299999952316284, 0.6299999952316284, 0.6269999742507935, 0.6269999742507935, 0.6259999871253967, 0.621999979019165, 0.6190000176429749, 0.6179999709129333, 0.6169999837875366, 0.6119999885559082, 0.6169999837875366, 0.6169999837875366, 0.6110000014305115, 0.6119999885559082, 0.6119999885559082, 0.6039999723434448, 0.6039999723434448, 0.6000000238418579, 0.5950000286102295, 0.5950000286102295, 0.6010000109672546, 0.593999981880188, 0.5899999737739563, 0.5899999737739563, 0.5929999947547913, 0.5929999947547913, 0.5889999866485596, 0.5879999995231628, 0.5879999995231628, 0.5879999995231628, 0.5809999704360962, 0.5809999704360962, 0.5860000252723694, 0.5799999833106995, 0.5770000219345093, 0.5770000219345093, 0.574999988079071, 0.5789999961853027, 0.5789999961853027, 0.5820000171661377, 0.5680000185966492, 0.5669999718666077, 0.5659999847412109, 0.5659999847412109, 0.5720000267028809, 0.5730000138282776, 0.5640000104904175, 0.5630000233650208, 0.5590000152587891, 0.5600000023841858, 0.5630000233650208, 0.5640000104904175, 0.5619999766349792, 0.5580000281333923, 0.5580000281333923, 0.5590000152587891, 0.5590000152587891, 0.5580000281333923, 0.5569999814033508, 0.5519999861717224, 0.5550000071525574, 0.5559999942779541, 0.5559999942779541, 0.550000011920929, 0.5460000038146973, 0.5460000038146973, 0.546999990940094, 0.5460000038146973, 0.5550000071525574, 0.5479999780654907, 0.5429999828338623, 0.5429999828338623, 0.5419999957084656, 0.5410000085830688, 0.5419999957084656, 0.5370000004768372, 0.5360000133514404, 0.5370000004768372, 0.5360000133514404, 0.5389999747276306, 0.5389999747276306, 0.5379999876022339, 0.5389999747276306, 0.5389999747276306, 0.5389999747276306, 0.527999997138977, 0.527999997138977, 0.5350000262260437, 0.5429999828338623, 0.5410000085830688, 0.5350000262260437, 0.5339999794960022, 0.5339999794960022, 0.527999997138977, 0.5260000228881836, 0.5329999923706055, 0.5329999923706055, 0.5339999794960022, 0.5370000004768372, 0.5360000133514404, 0.5360000133514404, 0.5360000133514404, 0.5379999876022339, 0.5350000262260437, 0.5329999923706055, 0.5299999713897705, 0.527999997138977, 0.527999997138977, 0.5270000100135803, 0.5270000100135803, 0.5320000052452087, 0.5249999761581421, 0.5320000052452087, 0.5239999890327454, 0.531000018119812, 0.5270000100135803, 0.5249999761581421, 0.5360000133514404, 0.5350000262260437, 0.531000018119812, 0.527999997138977, 0.5210000276565552, 0.5239999890327454, 0.5239999890327454, 0.5239999890327454, 0.5249999761581421, 0.5299999713897705, 0.5260000228881836, 0.5189999938011169, 0.5189999938011169, 0.5270000100135803, 0.5299999713897705, 0.5289999842643738, 0.5299999713897705, 0.531000018119812, 0.5350000262260437, 0.5249999761581421, 0.5220000147819519, 0.5239999890327454, 0.5249999761581421, 0.5239999890327454, 0.5220000147819519, 0.5329999923706055, 0.5320000052452087, 0.5289999842643738, 0.527999997138977, 0.5199999809265137, 0.5210000276565552, 0.5210000276565552, 0.5210000276565552, 0.5230000019073486, 0.5239999890327454, 0.5249999761581421, 0.5249999761581421, 0.5199999809265137, 0.5189999938011169, 0.5220000147819519, 0.5220000147819519, 0.5220000147819519, 0.5220000147819519, 0.527999997138977, 0.5260000228881836, 0.5249999761581421, 0.5249999761581421, 0.5260000228881836, 0.5260000228881836, 0.5299999713897705, 0.5270000100135803, 0.5289999842643738, 0.527999997138977, 0.5270000100135803, 0.5210000276565552, 0.5239999890327454, 0.5339999794960022, 0.5360000133514404, 0.531000018119812, 0.5289999842643738, 0.5299999713897705, 0.5320000052452087, 0.5299999713897705, 0.5299999713897705, 0.5260000228881836, 0.5299999713897705, 0.5299999713897705, 0.5329999923706055, 0.5289999842643738, 0.5350000262260437, 0.5389999747276306, 0.5370000004768372, 0.5320000052452087, 0.5320000052452087, 0.5360000133514404, 0.5350000262260437, 0.5339999794960022, 0.5329999923706055, 0.5350000262260437, 0.5389999747276306, 0.5379999876022339, 0.5360000133514404, 0.5370000004768372, 0.5419999957084656, 0.5379999876022339, 0.5379999876022339, 0.5350000262260437, 0.5350000262260437, 0.5360000133514404, 0.5379999876022339, 0.5360000133514404, 0.5419999957084656, 0.5419999957084656, 0.5440000295639038, 0.5460000038146973, 0.5440000295639038, 0.5389999747276306, 0.5360000133514404, 0.5419999957084656, 0.5519999861717224, 0.5479999780654907, 0.5490000247955322, 0.5460000038146973, 0.5490000247955322, 0.550000011920929, 0.5559999942779541, 0.5569999814033508, 0.5569999814033508, 0.5580000281333923, 0.5569999814033508, 0.5590000152587891, 0.5590000152587891, 0.5590000152587891, 0.5569999814033508, 0.5569999814033508, 0.5569999814033508, 0.5580000281333923, 0.5720000267028809, 0.574999988079071, 0.5690000057220459, 0.5659999847412109, 0.5690000057220459, 0.5690000057220459, 0.5659999847412109, 0.5720000267028809, 0.5730000138282776, 0.5799999833106995, 0.5789999961853027, 0.5809999704360962, 0.5809999704360962, 0.5809999704360962, 0.5839999914169312, 0.5879999995231628, 0.5879999995231628, 0.5879999995231628, 0.5950000286102295, 0.5960000157356262, 0.5870000123977661, 0.5870000123977661, 0.5929999947547913, 0.597000002861023, 0.5920000076293945, 0.5989999771118164, 0.5989999771118164, 0.6029999852180481, 0.6029999852180481, 0.6029999852180481, 0.6029999852180481, 0.6110000014305115, 0.609000027179718, 0.609000027179718, 0.6050000190734863, 0.6029999852180481, 0.6079999804496765, 0.6129999756813049, 0.6169999837875366, 0.6169999837875366, 0.6169999837875366, 0.6119999885559082, 0.6140000224113464, 0.621999979019165, 0.628000020980835, 0.6230000257492065, 0.6190000176429749, 0.6190000176429749, 0.6200000047683716, 0.6179999709129333, 0.621999979019165, 0.6200000047683716, 0.6200000047683716, 0.6240000128746033, 0.6290000081062317, 0.6309999823570251, 0.628000020980835, 0.6330000162124634, 0.6340000033378601, 0.6380000114440918, 0.6489999890327454, 0.6510000228881836, 0.6489999890327454, 0.6510000228881836, 0.6499999761581421, 0.6480000019073486, 0.6489999890327454, 0.6549999713897705, 0.6579999923706055, 0.6629999876022339, 0.6639999747276306, 0.6629999876022339, 0.6629999876022339, 0.6629999876022339, 0.6660000085830688, 0.6660000085830688, 0.6539999842643738, 0.6539999842643738, 0.6669999957084656, 0.6690000295639038, 0.6669999957084656, 0.6669999957084656, 0.6769999861717224, 0.6830000281333923, 0.6809999942779541, 0.6850000023841858, 0.6909999847412109, 0.6990000009536743, 0.699999988079071, 0.7049999833106995, 0.7070000171661377, 0.7110000252723694, 0.7179999947547913, 0.7120000123977661, 0.7160000205039978, 0.7239999771118164, 0.7329999804496765, 0.7390000224113464, 0.7459999918937683, 0.7519999742507935, 0.75, 0.7459999918937683, 0.7440000176429749]
intensities: [1098.0, 1110.0, 1109.0, 1109.0, 1141.0, 1258.0, 1268.0, 1383.0, 1403.0, 1410.0, 1438.0, 1453.0, 1453.0, 1433.0, 1258.0, 1271.0, 1122.0, 958.0, 1017.0, 882.0, 928.0, 1003.0, 1040.0, 1054.0, 1066.0, 1047.0, 1032.0, 1021.0, 1078.0, 1116.0, 1270.0, 1248.0, 1403.0, 1387.0, 1486.0, 1518.0, 1545.0, 1560.0, 1591.0, 1584.0, 1603.0, 1604.0, 1640.0, 1639.0, 1639.0, 1638.0, 1628.0, 1640.0, 1627.0, 1614.0, 1622.0, 1627.0, 1618.0, 1609.0, 1618.0, 1641.0, 1641.0, 1636.0, 1618.0, 1575.0, 1609.0, 1607.0, 1606.0, 1599.0, 1606.0, 1592.0, 1604.0, 1602.0, 1585.0, 1584.0, 1584.0, 1584.0, 1595.0, 1590.0, 1583.0, 1583.0, 1594.0, 1564.0, 1563.0, 1570.0, 1570.0, 1576.0, 1562.0, 1581.0, 1556.0, 1570.0, 1569.0, 1556.0, 1558.0, 1563.0, 1541.0, 1556.0, 1550.0, 1541.0, 1554.0, 1547.0, 1547.0, 1530.0, 1523.0, 1524.0, 1526.0, 1522.0, 1511.0, 1529.0, 1534.0, 1531.0, 1531.0, 1531.0, 1519.0, 1522.0, 1525.0, 1529.0, 1531.0, 1518.0, 1528.0, 1528.0, 1516.0, 1524.0, 1522.0, 1516.0, 1516.0, 1514.0, 1502.0, 1494.0, 1516.0, 1507.0, 1509.0, 1508.0, 1485.0, 1507.0, 1507.0, 1494.0, 1482.0, 1474.0, 1479.0, 1467.0, 1469.0, 1469.0, 1484.0, 1469.0, 1445.0, 1452.0, 1456.0, 1461.0, 1468.0, 1450.0, 1439.0, 1446.0, 1446.0, 1446.0, 1457.0, 1464.0, 1455.0, 1419.0, 1426.0, 1423.0, 1429.0, 1395.0, 1398.0, 1412.0, 1410.0, 1398.0, 1396.0, 1387.0, 1398.0, 1407.0, 1389.0, 1379.0, 1349.0, 1360.0, 1374.0, 1337.0, 1358.0, 1359.0, 1359.0, 1356.0, 1356.0, 1379.0, 1314.0, 1315.0, 1321.0, 1309.0, 1298.0, 1323.0, 1282.0, 1283.0, 1279.0, 1280.0, 1269.0, 1262.0, 1266.0, 1278.0, 1270.0, 1263.0, 1260.0, 1260.0, 1256.0, 1247.0, 1244.0, 1248.0, 1247.0, 1237.0, 1232.0, 1232.0, 1249.0, 1250.0, 1252.0, 1245.0, 1205.0, 1213.0, 1206.0, 1201.0, 1204.0, 1204.0, 1194.0, 1194.0, 1185.0, 1170.0, 1172.0, 1165.0, 1160.0, 1158.0, 1161.0, 1164.0, 1164.0, 1164.0, 1154.0, 1152.0, 1150.0, 1152.0, 1166.0, 1166.0, 1157.0, 1157.0, 1118.0, 1128.0, 1161.0, 1161.0, 1149.0, 1141.0, 1143.0, 1138.0, 1142.0, 1136.0, 1136.0, 1138.0, 1133.0, 1138.0, 1133.0, 1142.0, 1140.0, 1135.0, 1138.0, 1115.0, 1130.0, 1127.0, 1121.0, 1121.0, 1137.0, 1131.0, 1120.0, 1122.0, 1121.0, 1121.0, 1110.0, 1117.0, 1123.0, 1121.0, 1119.0, 1119.0, 1120.0, 1124.0, 1131.0, 1128.0, 1128.0, 1139.0, 1135.0, 1139.0, 1129.0, 1140.0, 1140.0, 1144.0, 1149.0, 1153.0, 1148.0, 1156.0, 1170.0, 1160.0, 1159.0, 1167.0, 1180.0, 1180.0, 1184.0, 1184.0, 1182.0, 1201.0, 1205.0, 1205.0, 1205.0, 1198.0, 1206.0, 1226.0, 1226.0, 1206.0, 1206.0, 1222.0, 1221.0, 1221.0, 1221.0, 1223.0, 1225.0, 1222.0, 1226.0, 1225.0, 1225.0, 1233.0, 1231.0, 1229.0, 1230.0, 1228.0, 1226.0, 1237.0, 1236.0, 1234.0, 1249.0, 1249.0, 1227.0, 1234.0, 1232.0, 1236.0, 1241.0, 1255.0, 1253.0, 1287.0, 1287.0, 1271.0, 1267.0, 1274.0, 1265.0, 1269.0, 1257.0, 1257.0, 1268.0, 1284.0, 1283.0, 1283.0, 1269.0, 1272.0, 1272.0, 1272.0, 1272.0, 1280.0, 1292.0, 1279.0, 1292.0, 1266.0, 1278.0, 1294.0, 1288.0, 1278.0, 1286.0, 1303.0, 1303.0, 1289.0, 1295.0, 1308.0, 1302.0, 1307.0, 1293.0, 1307.0, 1296.0, 1296.0, 1296.0, 1295.0, 1312.0, 1296.0, 1293.0, 1291.0, 1292.0, 1285.0, 1273.0, 1273.0, 1276.0, 1284.0, 1285.0, 1272.0, 1276.0, 1280.0, 1271.0, 1271.0, 1278.0, 1262.0, 1260.0, 1233.0, 1233.0, 1237.0, 1243.0, 1249.0, 1234.0, 1220.0, 1228.0, 1204.0, 1195.0, 1163.0, 1172.0, 1149.0, 1150.0, 1147.0, 1141.0, 1135.0, 1122.0, 1093.0, 1128.0, 1098.0, 1131.0, 1128.0, 1135.0, 1127.0, 1133.0, 1111.0, 1124.0, 1114.0, 1129.0, 1166.0, 1178.0, 1173.0, 1152.0, 1427.0, 1476.0, 1492.0, 1369.0, 1331.0, 1112.0, 1101.0, 1103.0, 1106.0, 1106.0, 1105.0, 1102.0, 1104.0, 1096.0, 1094.0, 1101.0, 1100.0, 1106.0, 1106.0, 1096.0, 1092.0, 1087.0, 1103.0, 1094.0, 1094.0, 1100.0, 1115.0, 1115.0, 1106.0, 1106.0, 1095.0, 1106.0, 1098.0, 1101.0, 1111.0, 1111.0, 1105.0, 1088.0, 1096.0, 1096.0, 1104.0, 1097.0, 1102.0, 1102.0, 1102.0, 1127.0, 1110.0, 1122.0, 1109.0, 1111.0, 1101.0, 1110.0, 1110.0, 1105.0, 1110.0, 1096.0, 1095.0, 1103.0, 1102.0, 1098.0, 1104.0, 1113.0, 1106.0, 1105.0, 1108.0, 1106.0, 1105.0, 1108.0, 1116.0, 1110.0, 1111.0, 1110.0, 1113.0, 1114.0, 1114.0, 1114.0, 1117.0, 1123.0, 1107.0, 1118.0, 1114.0, 1124.0, 1123.0, 1124.0, 1119.0, 1106.0, 1092.0, 1113.0, 1106.0, 1129.0, 1122.0, 1104.0, 1105.0, 1115.0, 1111.0, 1115.0, 1115.0, 1115.0, 1103.0, 1118.0, 1129.0, 1123.0, 1112.0, 1115.0, 1116.0, 1129.0, 1102.0, 1112.0, 1119.0, 1119.0, 1120.0, 1114.0, 1117.0, 1112.0, 1105.0, 1126.0, 1128.0, 1116.0, 1124.0, 1113.0, 1107.0, 1111.0, 1098.0, 1121.0, 1108.0, 1121.0, 1118.0, 1110.0, 1118.0, 1118.0, 1132.0, 1107.0, 1091.0, 1103.0, 1100.0, 1106.0, 1111.0, 1110.0, 1128.0, 1110.0, 1107.0, 1108.0, 1090.0, 1101.0, 1131.0, 1109.0, 1112.0, 1100.0, 1101.0, 1121.0, 1098.0, 1096.0, 1117.0, 1102.0, 1105.0, 1092.0, 1082.0, 1111.0, 1112.0, 1103.0, 1114.0, 1113.0, 1090.0, 1104.0, 1115.0, 1105.0, 1099.0, 1099.0, 1095.0, 1106.0, 1093.0, 1097.0, 1094.0, 1093.0, 1086.0, 1101.0, 1084.0, 1090.0, 1092.0, 1095.0, 1110.0, 1103.0, 1101.0, 1095.0, 1103.0, 1110.0, 1116.0, 1113.0, 1105.0, 1097.0, 1110.0, 1112.0, 1106.0, 1104.0, 1095.0, 1080.0, 1102.0, 1119.0, 1126.0, 1124.0, 1114.0, 1112.0, 1127.0, 1154.0, 1156.0, 1175.0, 1139.0, 1128.0, 1142.0, 1146.0, 1138.0, 1116.0, 1140.0, 1147.0, 1149.0, 1180.0, 1185.0, 1198.0, 1205.0, 1212.0, 1211.0, 1218.0, 1223.0, 1251.0, 1225.0, 1262.0, 1263.0, 1256.0, 1269.0, 1274.0, 1272.0, 1263.0, 1287.0, 1289.0, 1292.0, 1295.0, 1306.0, 1314.0, 1310.0, 1310.0, 1312.0, 1333.0, 1337.0, 1334.0, 1358.0, 1345.0, 1378.0, 1386.0, 1383.0, 1389.0, 1395.0, 1383.0, 1392.0, 1358.0, 1387.0, 1376.0, 1387.0, 1392.0, 1396.0, 1413.0, 1414.0, 1429.0, 1421.0, 1421.0, 1423.0, 1427.0, 1433.0, 1444.0, 1433.0, 1440.0, 1440.0, 1442.0, 1441.0, 1473.0, 1483.0, 1471.0, 1477.0, 1480.0, 1478.0, 1474.0, 1460.0, 1460.0, 1477.0, 1510.0, 1495.0, 1504.0, 1498.0, 1511.0, 1512.0, 1518.0, 1509.0, 1533.0, 1537.0, 1551.0, 1537.0, 1537.0, 1570.0, 1548.0, 1540.0, 1562.0, 1558.0, 1549.0, 1579.0, 1562.0, 1544.0, 1546.0, 1567.0, 1548.0, 1548.0, 1542.0, 1574.0, 1566.0, 1565.0, 1567.0, 1570.0, 1582.0, 1569.0, 1566.0, 1566.0, 1584.0, 1593.0, 1592.0, 1584.0, 1583.0, 1576.0, 1592.0, 1619.0, 1597.0, 1603.0, 1592.0, 1606.0, 1605.0, 1604.0, 1609.0, 1607.0, 1627.0, 1627.0, 1623.0, 1623.0, 1634.0, 1634.0, 1611.0, 1615.0, 1617.0, 1610.0, 1610.0, 1610.0, 1619.0, 1619.0, 1617.0, 1609.0, 1598.0, 1598.0, 1603.0, 1608.0, 1608.0, 1612.0, 1589.0, 1593.0, 1589.0, 1580.0, 1613.0, 1615.0, 1592.0, 1609.0, 1616.0, 1619.0, 1613.0, 1610.0, 1592.0, 1606.0, 1596.0, 1587.0, 1587.0, 1590.0, 1595.0, 1601.0, 1593.0, 1560.0, 1560.0, 1586.0, 1586.0, 1566.0, 1568.0, 1566.0, 1586.0, 1564.0, 1574.0, 1573.0, 1555.0, 1550.0, 1558.0, 1582.0, 1569.0, 1553.0, 1553.0, 1557.0, 1565.0, 1551.0, 1547.0, 1556.0, 1562.0, 1562.0, 1562.0, 1561.0, 1558.0, 1545.0, 1547.0, 1544.0, 1541.0, 1526.0, 1539.0, 1528.0, 1528.0, 1529.0, 1525.0, 1518.0, 1493.0, 1493.0, 1486.0, 1482.0, 1482.0, 1520.0, 1495.0, 1508.0, 1492.0, 1478.0, 1488.0, 1486.0, 1472.0, 1475.0, 1487.0, 1470.0, 1465.0, 1477.0, 1469.0, 1458.0, 1460.0, 1460.0, 1459.0, 1459.0, 1458.0, 1458.0, 1459.0, 1458.0, 1412.0, 1430.0, 1425.0, 1442.0, 1425.0, 1412.0, 1403.0, 1406.0, 1378.0, 1376.0, 1378.0, 1382.0, 1395.0, 1382.0, 1377.0, 1375.0, 1358.0, 1357.0, 1359.0, 1346.0, 1360.0, 1346.0, 1354.0, 1342.0, 1337.0, 1337.0, 1323.0, 1316.0, 1324.0, 1322.0, 1320.0, 1320.0, 1337.0, 1348.0, 1325.0, 1325.0, 1325.0, 1323.0, 1322.0, 1317.0, 1316.0, 1327.0, 1306.0, 1310.0, 1315.0, 1317.0, 1302.0, 1302.0, 1292.0, 1302.0, 1305.0, 1298.0, 1300.0, 1292.0, 1292.0, 1292.0, 1267.0, 1292.0, 1284.0, 1277.0, 1272.0, 1263.0, 1263.0, 1268.0, 1267.0, 1265.0, 1264.0, 1267.0, 1292.0, 1282.0, 1262.0, 1267.0, 1275.0, 1239.0, 1239.0, 1236.0, 1254.0, 1256.0, 1254.0, 1268.0, 1257.0, 1262.0, 1246.0, 1244.0, 1253.0, 1271.0, 1249.0, 1251.0, 1262.0, 1266.0, 1271.0, 1248.0, 1259.0, 1252.0, 1261.0, 1270.0, 1269.0, 1257.0, 1253.0, 1257.0, 1256.0, 1256.0, 1249.0, 1257.0, 1252.0, 1247.0, 1291.0, 1313.0, 1267.0, 1274.0, 1279.0, 1279.0, 1271.0, 1280.0, 1278.0, 1286.0, 1286.0, 1289.0, 1289.0, 1282.0, 1284.0, 1293.0, 1293.0, 1293.0, 1310.0, 1313.0, 1302.0, 1302.0, 1304.0, 1300.0, 1296.0, 1306.0, 1306.0, 1283.0, 1286.0, 1286.0, 1277.0, 1285.0, 1287.0, 1293.0, 1291.0, 1283.0, 1287.0, 1324.0, 1310.0, 1310.0, 1333.0, 1326.0, 1321.0, 1320.0, 1320.0, 1324.0, 1329.0, 1330.0, 1336.0, 1337.0, 1342.0, 1336.0, 1336.0, 1327.0, 1329.0, 1327.0, 1323.0, 1346.0, 1343.0, 1332.0, 1348.0, 1334.0, 1337.0, 1334.0, 1329.0, 1323.0, 1311.0, 1304.0, 1305.0, 1334.0, 1331.0, 1320.0, 1357.0, 1353.0, 1346.0, 1346.0, 1344.0, 1347.0, 1363.0, 1362.0, 1346.0, 1346.0, 1345.0, 1352.0, 1343.0, 1344.0, 1355.0, 1359.0, 1342.0, 1343.0, 1346.0, 1337.0, 1337.0, 1336.0, 1348.0, 1333.0, 1335.0, 1334.0, 1310.0, 1316.0, 1303.0, 1331.0, 1318.0]