header: 
  seq: 2418
  stamp: 
    secs: 1548820817
    nsecs: 657700435
  frame_id: "base_link"
angle_min: -2.35619449615
angle_max: 2.35619449615
angle_increment: 0.00436332309619
time_increment: 1.73611151695e-05
scan_time: 0.0250000003725
range_min: 0.019999999553
range_max: 30.0
ranges: [0.4180000126361847, 0.4180000126361847, 0.414000004529953, 0.4059999883174896, 0.4000000059604645, 0.4090000092983246, 0.39800000190734863, 0.3930000066757202, 0.39500001072883606, 0.4050000011920929, 0.4050000011920929, 0.4009999930858612, 0.38999998569488525, 0.3880000114440918, 0.375, 0.36000001430511475, 0.35499998927116394, 0.24699999392032623, 0.24899999797344208, 0.25999999046325684, 0.33799999952316284, 0.35100001096725464, 0.37700000405311584, 0.3889999985694885, 0.38199999928474426, 0.3790000081062317, 0.37599998712539673, 0.367000013589859, 0.35899999737739563, 0.35899999737739563, 0.3490000069141388, 0.3630000054836273, 0.3720000088214874, 0.37299999594688416, 0.375, 0.36399999260902405, 0.36800000071525574, 0.3619999885559082, 0.35600000619888306, 0.35600000619888306, 0.35600000619888306, 0.3619999885559082, 0.3659999966621399, 0.35899999737739563, 0.35100001096725464, 0.3490000069141388, 0.34599998593330383, 0.3449999988079071, 0.34200000762939453, 0.34599998593330383, 0.34299999475479126, 0.3409999907016754, 0.3400000035762787, 0.3370000123977661, 0.33899998664855957, 0.3409999907016754, 0.3370000123977661, 0.328000009059906, 0.3310000002384186, 0.3400000035762787, 0.335999995470047, 0.3269999921321869, 0.3269999921321869, 0.32199999690055847, 0.3160000145435333, 0.3199999928474426, 0.32899999618530273, 0.3319999873638153, 0.33000001311302185, 0.3230000138282776, 0.3230000138282776, 0.3199999928474426, 0.3160000145435333, 0.3140000104904175, 0.32100000977516174, 0.328000009059906, 0.32600000500679016, 0.32499998807907104, 0.328000009059906, 0.328000009059906, 0.3190000057220459, 0.30799999833106995, 0.30799999833106995, 0.3160000145435333, 0.3149999976158142, 0.3089999854564667, 0.3059999942779541, 0.3109999895095825, 0.3149999976158142, 0.3179999887943268, 0.3179999887943268, 0.3149999976158142, 0.3100000023841858, 0.31299999356269836, 0.3160000145435333, 0.3179999887943268, 0.3179999887943268, 0.3140000104904175, 0.3009999990463257, 0.3149999976158142, 0.3109999895095825, 0.3089999854564667, 0.3109999895095825, 0.3140000104904175, 0.3149999976158142, 0.3149999976158142, 0.3140000104904175, 0.32199999690055847, 0.31700000166893005, 0.3179999887943268, 0.3179999887943268, 0.3179999887943268, 0.31700000166893005, 0.3140000104904175, 0.3089999854564667, 0.3109999895095825, 0.3089999854564667, 0.3089999854564667, 0.3179999887943268, 0.3190000057220459, 0.3179999887943268, 0.3199999928474426, 0.3160000145435333, 0.31200000643730164, 0.3070000112056732, 0.3109999895095825, 0.3190000057220459, 0.3190000057220459, 0.31299999356269836, 0.3100000023841858, 0.3160000145435333, 0.32199999690055847, 0.3160000145435333, 0.3199999928474426, 0.328000009059906, 0.3330000042915344, 0.32499998807907104, 0.32499998807907104, 0.32499998807907104, 0.3199999928474426, 0.31700000166893005, 0.31700000166893005, 0.3230000138282776, 0.3319999873638153, 0.3240000009536743, 0.3230000138282776, 0.3269999921321869, 0.3269999921321869, 0.32600000500679016, 0.33399999141693115, 0.3179999887943268, 0.31700000166893005, 0.3179999887943268, 0.3240000009536743, 0.32499998807907104, 0.32899999618530273, 0.3330000042915344, 0.3409999907016754, 0.3409999907016754, 0.33899998664855957, 0.335999995470047, 0.34200000762939453, 0.3540000021457672, 0.3569999933242798, 0.3580000102519989, 0.36500000953674316, 0.367000013589859, 0.36000001430511475, 0.3580000102519989, 0.3659999966621399, 0.37299999594688416, 0.3720000088214874, 0.3720000088214874, 0.37700000405311584, 0.3880000114440918, 0.3880000114440918, 0.39100000262260437, 0.39899998903274536, 0.41600000858306885, 0.41600000858306885, 0.4230000078678131, 0.42899999022483826, 0.43700000643730164, 0.4449999928474426, 0.453000009059906, 0.4560000002384186, 0.4659999907016754, 0.47099998593330383, 0.4909999966621399, 0.5019999742507935, 0.5120000243186951, 0.5249999761581421, 0.5389999747276306, 0.5600000023841858, 0.5709999799728394, 0.5879999995231628, 0.6039999723434448, 0.6129999756813049, 0.6299999952316284, 0.6449999809265137, 0.6679999828338623, 0.6959999799728394, 0.7289999723434448, 0.7360000014305115, 0.7580000162124634, 0.7929999828338623, 0.824999988079071, 0.8529999852180481, 0.8960000276565552, 0.9229999780654907, 0.9660000205039978, 1.0149999856948853, 1.0770000219345093, 1.1150000095367432, 1.190000057220459, 1.2599999904632568, 1.312999963760376, 1.406000018119812, 1.5529999732971191, 1.6920000314712524, 1.7829999923706055, 1.899999976158142, 2.7920000553131104, 2.818000078201294, 2.8340001106262207, 2.8299999237060547, 2.822999954223633, 2.822000026702881, 2.8239998817443848, 2.822999954223633, 2.822999954223633, 2.825000047683716, 2.822999954223633, 2.819000005722046, 2.825000047683716, 2.819999933242798, 2.818000078201294, 2.816999912261963, 2.816999912261963, 2.816999912261963, 2.809999942779541, 2.812999963760376, 2.805999994277954, 2.805000066757202, 2.802000045776367, 2.806999921798706, 2.803999900817871, 2.802000045776367, 2.7890000343322754, 2.7869999408721924, 2.7820000648498535, 2.7839999198913574, 2.7839999198913574, 2.7760000228881836, 2.7679998874664307, 2.7669999599456787, 2.7660000324249268, 2.7639999389648438, 2.753000020980835, 2.747999906539917, 2.734999895095825, 2.734999895095825, 2.7219998836517334, 2.7119998931884766, 2.7139999866485596, 2.7109999656677246, 2.7090001106262207, 2.7019999027252197, 2.697999954223633, 2.697999954223633, 2.687999963760376, 2.6760001182556152, 2.6670000553131104, 2.6649999618530273, 2.6619999408721924, 2.6649999618530273, 2.6530001163482666, 2.6459999084472656, 2.6429998874664307, 2.634999990463257, 2.621999979019165, 2.618000030517578, 2.609999895095825, 2.5989999771118164, 2.5920000076293945, 2.5820000171661377, 2.5799999237060547, 2.568000078201294, 2.553999900817871, 2.5480000972747803, 2.5409998893737793, 2.5360000133514404, 2.5280001163482666, 2.5199999809265137, 2.5179998874664307, 2.506999969482422, 2.492000102996826, 2.4820001125335693, 2.4660000801086426, 2.4489998817443848, 2.440999984741211, 2.428999900817871, 2.4130001068115234, 2.4040000438690186, 2.385999917984009, 2.378000020980835, 2.372999906539917, 2.3529999256134033, 2.3420000076293945, 2.3269999027252197, 2.312999963760376, 2.2929999828338623, 2.2869999408721924, 2.2809998989105225, 2.257999897003174, 2.25, 2.2230000495910645, 2.2049999237060547, 2.183000087738037, 2.1730000972747803, 2.1500000953674316, 2.1459999084472656, 2.1019999980926514, 2.0929999351501465, 2.0789999961853027, 2.052000045776367, 2.0329999923706055, 2.006999969482422, 1.9819999933242798, 1.9630000591278076, 1.9459999799728394, 1.9240000247955322, 1.9110000133514404, 1.8910000324249268, 1.88100004196167, 1.8650000095367432, 1.8320000171661377, 1.8209999799728394, 1.805999994277954, 1.7899999618530273, 1.7790000438690186, 1.7640000581741333, 1.746000051498413, 1.7369999885559082, 1.7230000495910645, 1.7000000476837158, 1.6829999685287476, 1.6679999828338623, 1.6540000438690186, 1.6410000324249268, 1.6299999952316284, 1.6230000257492065, 1.6050000190734863, 1.593000054359436, 1.5839999914169312, 1.5579999685287476, 1.5490000247955322, 1.5390000343322754, 1.5240000486373901, 1.5190000534057617, 1.5190000534057617, 1.49399995803833, 1.4880000352859497, 1.4809999465942383, 1.4739999771118164, 1.465000033378601, 1.4509999752044678, 1.4459999799728394, 1.437000036239624, 1.4259999990463257, 1.4179999828338623, 1.402999997138977, 1.3969999551773071, 1.3890000581741333, 1.3830000162124634, 1.3760000467300415, 1.3569999933242798, 1.347000002861023, 1.340000033378601, 1.3339999914169312, 1.3350000381469727, 1.3200000524520874, 1.309999942779541, 1.3029999732971191, 1.2990000247955322, 1.2899999618530273, 1.2890000343322754, 1.2829999923706055, 1.2730000019073486, 1.253999948501587, 1.2519999742507935, 1.246999979019165, 1.2430000305175781, 1.2359999418258667, 1.2230000495910645, 1.2200000286102295, 1.218000054359436, 1.218000054359436, 1.2050000429153442, 1.2000000476837158, 1.190000057220459, 1.1779999732971191, 1.1740000247955322, 1.1720000505447388, 1.1720000505447388, 1.1640000343322754, 1.156999945640564, 1.1540000438690186, 1.1490000486373901, 1.1410000324249268, 1.1299999952316284, 1.1269999742507935, 1.121999979019165, 1.1169999837875366, 1.1069999933242798, 1.1039999723434448, 1.1009999513626099, 1.0859999656677246, 1.0829999446868896, 1.0820000171661377, 1.0800000429153442, 1.0779999494552612, 1.0750000476837158, 1.0729999542236328, 1.0750000476837158, 1.059999942779541, 1.0529999732971191, 1.0549999475479126, 1.0570000410079956, 1.0369999408721924, 1.0399999618530273, 1.0429999828338623, 1.0390000343322754, 1.0360000133514404, 1.0360000133514404, 1.034000039100647, 1.0260000228881836, 1.0230000019073486, 1.0210000276565552, 1.0169999599456787, 1.0069999694824219, 1.0019999742507935, 1.0019999742507935, 1.0010000467300415, 1.0, 0.9990000128746033, 0.984000027179718, 0.9779999852180481, 0.9810000061988831, 0.9869999885559082, 0.9819999933242798, 0.9700000286102295, 0.9700000286102295, 0.9739999771118164, 0.9760000109672546, 0.9649999737739563, 0.9649999737739563, 0.9610000252723694, 0.9610000252723694, 0.9610000252723694, 0.9549999833106995, 0.9549999833106995, 0.9509999752044678, 0.953000009059906, 0.9459999799728394, 0.9419999718666077, 0.9430000185966492, 0.9430000185966492, 0.9409999847412109, 0.9409999847412109, 0.9279999732971191, 0.9279999732971191, 0.925000011920929, 0.9210000038146973, 0.9139999747276306, 0.9110000133514404, 0.9129999876022339, 0.9100000262260437, 0.9010000228881836, 0.9120000004768372, 0.9100000262260437, 0.9129999876022339, 0.9089999794960022, 0.8989999890327454, 0.8970000147819519, 0.8970000147819519, 0.8960000276565552, 0.8960000276565552, 0.8949999809265137, 0.8949999809265137, 0.8930000066757202, 0.8899999856948853, 0.8830000162124634, 0.8820000290870667, 0.8820000290870667, 0.8759999871253967, 0.8740000128746033, 0.8709999918937683, 0.8709999918937683, 0.8700000047683716, 0.8700000047683716, 0.8700000047683716, 0.8700000047683716, 0.8629999756813049, 0.8610000014305115, 0.8640000224113464, 0.8629999756813049, 0.859000027179718, 0.8519999980926514, 0.8539999723434448, 0.8560000061988831, 0.8569999933242798, 0.8569999933242798, 0.8569999933242798, 0.8529999852180481, 0.8479999899864197, 0.8479999899864197, 0.847000002861023, 0.8450000286102295, 0.8429999947547913, 0.8389999866485596, 0.8429999947547913, 0.8429999947547913, 0.8389999866485596, 0.8330000042915344, 0.8379999995231628, 0.8370000123977661, 0.8339999914169312, 0.8309999704360962, 0.8370000123977661, 0.8460000157356262, 0.8420000076293945, 0.8339999914169312, 0.8320000171661377, 0.828000009059906, 0.828000009059906, 0.828000009059906, 0.8360000252723694, 0.8339999914169312, 0.8299999833106995, 0.8270000219345093, 0.8230000138282776, 0.8209999799728394, 0.8209999799728394, 0.8190000057220459, 0.8180000185966492, 0.8180000185966492, 0.8190000057220459, 0.8169999718666077, 0.8169999718666077, 0.8100000023841858, 0.8100000023841858, 0.8029999732971191, 0.8029999732971191, 0.8090000152587891, 0.8090000152587891, 0.8059999942779541, 0.8059999942779541, 0.8040000200271606, 0.8040000200271606, 0.8019999861717224, 0.796999990940094, 0.7960000038146973, 0.796999990940094, 0.7950000166893005, 0.796999990940094, 0.800000011920929, 0.8040000200271606, 0.7919999957084656, 0.7860000133514404, 0.7860000133514404, 0.7820000052452087, 0.7990000247955322, 0.7990000247955322, 0.7860000133514404, 0.7860000133514404, 0.7850000262260437, 0.7850000262260437, 0.7860000133514404, 0.7829999923706055, 0.7900000214576721, 0.781000018119812, 0.7730000019073486, 0.7689999938011169, 0.7789999842643738, 0.781000018119812, 0.7749999761581421, 0.7689999938011169, 0.7689999938011169, 0.7689999938011169, 0.7710000276565552, 0.7689999938011169, 0.7670000195503235, 0.7639999985694885, 0.7630000114440918, 0.7630000114440918, 0.7599999904632568, 0.7630000114440918, 0.7590000033378601, 0.7590000033378601, 0.7609999775886536, 0.7620000243186951, 0.7599999904632568, 0.7590000033378601, 0.7599999904632568, 0.7599999904632568, 0.7559999823570251, 0.7519999742507935, 0.7519999742507935, 0.753000020980835, 0.75, 0.7480000257492065, 0.746999979019165, 0.753000020980835, 0.7519999742507935, 0.7429999709129333, 0.7400000095367432, 0.7450000047683716, 0.746999979019165, 0.7490000128746033, 0.7480000257492065, 0.7429999709129333, 0.7400000095367432, 0.7379999756813049, 0.7360000014305115, 0.7400000095367432, 0.7390000224113464, 0.7390000224113464, 0.7360000014305115, 0.7329999804496765, 0.7329999804496765, 0.7329999804496765, 0.7379999756813049, 0.7400000095367432, 0.7390000224113464, 0.7379999756813049, 0.7269999980926514, 0.7229999899864197, 0.7319999933242798, 0.7319999933242798, 0.7250000238418579, 0.7269999980926514, 0.7260000109672546, 0.7260000109672546, 0.7239999771118164, 0.7239999771118164, 0.722000002861023, 0.722000002861023, 0.7250000238418579, 0.7170000076293945, 0.7179999947547913, 0.718999981880188, 0.7210000157356262, 0.7210000157356262, 0.7200000286102295, 0.718999981880188, 0.7170000076293945, 0.7139999866485596, 0.7120000123977661, 0.7099999785423279, 0.7099999785423279, 0.7070000171661377, 0.7039999961853027, 0.7070000171661377, 0.7099999785423279, 0.7099999785423279, 0.7089999914169312, 0.7110000252723694, 0.7120000123977661, 0.7059999704360962, 0.7009999752044678, 0.7009999752044678, 0.7080000042915344, 0.703000009059906, 0.6970000267028809, 0.6970000267028809, 0.6940000057220459, 0.6930000185966492, 0.6930000185966492, 0.6930000185966492, 0.6930000185966492, 0.6940000057220459, 0.7020000219345093, 0.699999988079071, 0.6949999928474426, 0.6940000057220459, 0.6940000057220459, 0.6959999799728394, 0.6890000104904175, 0.6909999847412109, 0.6909999847412109, 0.6899999976158142, 0.6809999942779541, 0.6840000152587891, 0.6869999766349792, 0.6890000104904175, 0.6800000071525574, 0.6840000152587891, 0.6779999732971191, 0.6840000152587891, 0.6840000152587891, 0.6830000281333923, 0.6790000200271606, 0.6850000023841858, 0.6830000281333923, 0.6859999895095825, 0.6859999895095825, 0.6830000281333923, 0.6790000200271606, 0.6790000200271606, 0.6819999814033508, 0.6819999814033508, 0.6779999732971191, 0.6800000071525574, 0.671999990940094, 0.671999990940094, 0.675000011920929, 0.671999990940094, 0.6740000247955322, 0.6769999861717224, 0.671999990940094, 0.6660000085830688, 0.6679999828338623, 0.6620000004768372, 0.6700000166893005, 0.6679999828338623, 0.6710000038146973, 0.6629999876022339, 0.6650000214576721, 0.6669999957084656, 0.6650000214576721, 0.6650000214576721, 0.6650000214576721, 0.6650000214576721, 0.6650000214576721, 0.6650000214576721, 0.6629999876022339, 0.656000018119812, 0.6629999876022339, 0.6650000214576721, 0.6650000214576721, 0.6650000214576721, 0.6650000214576721, 0.6610000133514404, 0.6679999828338623, 0.6650000214576721, 0.6679999828338623, 0.6679999828338623, 0.6690000295639038, 0.6660000085830688, 0.6620000004768372, 0.6669999957084656, 0.6679999828338623, 0.656000018119812, 0.6539999842643738, 0.652999997138977, 0.6520000100135803, 0.6520000100135803, 0.6549999713897705, 0.6600000262260437, 0.6600000262260437, 0.6620000004768372, 0.6620000004768372, 0.6570000052452087, 0.6549999713897705, 0.6589999794960022, 0.6589999794960022, 0.652999997138977, 0.6480000019073486, 0.6480000019073486, 0.6449999809265137, 0.6499999761581421, 0.6489999890327454, 0.6449999809265137, 0.6489999890327454, 0.6489999890327454, 0.652999997138977, 0.652999997138977, 0.652999997138977, 0.652999997138977, 0.6510000228881836, 0.6510000228881836, 0.6510000228881836, 0.6510000228881836, 0.6470000147819519, 0.6520000100135803, 0.652999997138977, 0.6520000100135803, 0.6439999938011169, 0.6430000066757202, 0.6439999938011169, 0.6439999938011169, 0.6439999938011169, 0.6449999809265137, 0.6449999809265137, 0.6439999938011169, 0.6439999938011169, 0.6449999809265137, 0.6470000147819519, 0.6439999938011169, 0.6439999938011169, 0.6460000276565552, 0.6439999938011169, 0.6430000066757202, 0.6420000195503235, 0.6449999809265137, 0.6420000195503235, 0.6420000195503235, 0.6420000195503235, 0.6430000066757202, 0.6470000147819519, 0.640999972820282, 0.6430000066757202, 0.6420000195503235, 0.640999972820282, 0.6449999809265137, 0.6449999809265137, 0.6430000066757202, 0.6420000195503235, 0.6420000195503235, 0.6420000195503235, 0.6430000066757202, 0.6420000195503235, 0.6439999938011169, 0.6420000195503235, 0.640999972820282, 0.6399999856948853, 0.640999972820282, 0.6420000195503235, 0.640999972820282, 0.6420000195503235, 0.6399999856948853, 0.6349999904632568, 0.6389999985694885, 0.6439999938011169, 0.6330000162124634, 0.6340000033378601, 0.6380000114440918, 0.6380000114440918, 0.6399999856948853, 0.6380000114440918, 0.6380000114440918, 0.6470000147819519, 0.6449999809265137, 0.6420000195503235, 0.6399999856948853, 0.6399999856948853, 0.6399999856948853, 0.6399999856948853, 0.6470000147819519, 0.6470000147819519, 0.6449999809265137, 0.640999972820282, 0.6399999856948853, 0.6389999985694885, 0.6389999985694885, 0.6330000162124634, 0.6370000243186951, 0.6340000033378601, 0.6370000243186951, 0.6389999985694885, 0.6399999856948853, 0.6439999938011169, 0.6449999809265137, 0.6449999809265137, 0.6460000276565552, 0.6460000276565552, 0.6380000114440918, 0.6349999904632568, 0.6330000162124634, 0.6420000195503235, 0.6439999938011169, 0.6439999938011169, 0.6389999985694885, 0.6349999904632568, 0.6349999904632568, 0.6439999938011169, 0.6449999809265137, 0.6470000147819519, 0.6470000147819519, 0.6430000066757202, 0.6399999856948853, 0.6389999985694885, 0.6380000114440918, 0.6380000114440918, 0.6389999985694885, 0.6449999809265137, 0.6449999809265137, 0.6430000066757202, 0.6430000066757202, 0.6430000066757202, 0.6489999890327454, 0.6499999761581421, 0.6439999938011169, 0.6370000243186951, 0.6370000243186951, 0.6389999985694885, 0.6430000066757202, 0.6430000066757202, 0.6420000195503235, 0.6420000195503235, 0.6430000066757202, 0.6430000066757202, 0.6510000228881836, 0.6489999890327454, 0.6499999761581421, 0.6449999809265137, 0.640999972820282, 0.6470000147819519, 0.6460000276565552, 0.6489999890327454, 0.6489999890327454, 0.6430000066757202, 0.6439999938011169, 0.6399999856948853, 0.6389999985694885, 0.6380000114440918, 0.6470000147819519, 0.6510000228881836, 0.6510000228881836, 0.6480000019073486, 0.6449999809265137, 0.6420000195503235, 0.6430000066757202, 0.6430000066757202, 0.6449999809265137, 0.6420000195503235, 0.6420000195503235, 0.6470000147819519, 0.6489999890327454, 0.6489999890327454, 0.640999972820282, 0.6460000276565552, 0.6499999761581421, 0.6399999856948853, 0.6370000243186951, 0.6420000195503235, 0.6460000276565552, 0.6520000100135803, 0.6470000147819519, 0.6480000019073486, 0.6499999761581421, 0.6499999761581421, 0.6470000147819519, 0.6520000100135803, 0.6520000100135803, 0.6470000147819519, 0.6480000019073486, 0.6480000019073486, 0.6489999890327454, 0.6499999761581421, 0.6470000147819519, 0.6460000276565552, 0.6460000276565552, 0.6489999890327454, 0.652999997138977, 0.652999997138977, 0.6520000100135803, 0.652999997138977, 0.6510000228881836, 0.6510000228881836, 0.652999997138977, 0.6510000228881836, 0.6470000147819519, 0.6499999761581421, 0.6520000100135803, 0.6549999713897705, 0.6539999842643738, 0.6539999842643738, 0.656000018119812, 0.6589999794960022, 0.6589999794960022, 0.6579999923706055, 0.6589999794960022, 0.6579999923706055, 0.6579999923706055, 0.652999997138977, 0.656000018119812, 0.6539999842643738, 0.6539999842643738, 0.6570000052452087, 0.6570000052452087, 0.6549999713897705, 0.6539999842643738, 0.656000018119812, 0.6639999747276306, 0.6660000085830688, 0.6629999876022339, 0.6610000133514404, 0.6610000133514404, 0.6600000262260437, 0.6579999923706055, 0.6610000133514404, 0.6639999747276306, 0.6700000166893005, 0.6710000038146973, 0.6679999828338623, 0.6660000085830688, 0.6669999957084656, 0.6660000085830688, 0.6679999828338623, 0.6740000247955322, 0.671999990940094, 0.6740000247955322, 0.6740000247955322, 0.6759999990463257, 0.6759999990463257, 0.675000011920929, 0.6729999780654907, 0.6700000166893005, 0.6700000166893005, 0.6700000166893005, 0.6700000166893005, 0.6710000038146973, 0.6710000038146973, 0.6700000166893005, 0.6700000166893005, 0.6710000038146973, 0.6800000071525574, 0.6859999895095825, 0.6759999990463257, 0.6679999828338623, 0.6679999828338623, 0.6690000295639038, 0.6700000166893005, 0.6679999828338623, 0.6710000038146973, 0.6759999990463257, 0.6759999990463257, 0.6660000085830688, 0.6639999747276306, 0.6669999957084656, 0.6740000247955322, 0.6809999942779541, 0.6740000247955322, 0.671999990940094, 0.6769999861717224, 0.6769999861717224, 0.6769999861717224, 0.6769999861717224, 0.6759999990463257, 0.6779999732971191, 0.6809999942779541, 0.6830000281333923, 0.6830000281333923, 0.6850000023841858, 0.6880000233650208, 0.6809999942779541, 0.6759999990463257, 0.6800000071525574, 0.6819999814033508, 0.6779999732971191, 0.6759999990463257, 0.6740000247955322, 0.6779999732971191, 0.6790000200271606, 0.6779999732971191, 0.6779999732971191, 0.6809999942779541, 0.6869999766349792, 0.6919999718666077, 0.6919999718666077, 0.6919999718666077, 0.6970000267028809, 0.7020000219345093, 0.7089999914169312, 0.6990000009536743, 0.6940000057220459, 0.703000009059906, 0.7089999914169312, 0.7139999866485596, 0.7149999737739563, 0.718999981880188, 0.722000002861023, 0.718999981880188, 0.7200000286102295, 0.7229999899864197, 0.7289999723434448, 0.7300000190734863, 0.7319999933242798, 0.7319999933242798]
intensities: [1077.0, 1077.0, 1107.0, 1128.0, 1120.0, 1187.0, 1249.0, 1274.0, 1294.0, 1347.0, 1347.0, 1350.0, 1329.0, 1318.0, 1168.0, 1087.0, 1087.0, 780.0, 783.0, 785.0, 923.0, 901.0, 955.0, 977.0, 975.0, 976.0, 985.0, 1028.0, 1091.0, 1153.0, 1128.0, 1217.0, 1317.0, 1379.0, 1392.0, 1393.0, 1416.0, 1417.0, 1442.0, 1440.0, 1440.0, 1444.0, 1456.0, 1440.0, 1438.0, 1442.0, 1445.0, 1443.0, 1461.0, 1468.0, 1467.0, 1461.0, 1452.0, 1427.0, 1439.0, 1421.0, 1425.0, 1415.0, 1418.0, 1428.0, 1425.0, 1420.0, 1424.0, 1436.0, 1446.0, 1439.0, 1454.0, 1464.0, 1451.0, 1455.0, 1444.0, 1449.0, 1458.0, 1451.0, 1452.0, 1457.0, 1488.0, 1508.0, 1474.0, 1470.0, 1475.0, 1470.0, 1469.0, 1474.0, 1473.0, 1516.0, 1501.0, 1503.0, 1485.0, 1479.0, 1470.0, 1493.0, 1502.0, 1497.0, 1483.0, 1475.0, 1470.0, 1477.0, 1433.0, 1444.0, 1452.0, 1465.0, 1449.0, 1443.0, 1438.0, 1443.0, 1429.0, 1422.0, 1421.0, 1402.0, 1402.0, 1404.0, 1389.0, 1394.0, 1381.0, 1388.0, 1386.0, 1381.0, 1362.0, 1373.0, 1363.0, 1361.0, 1359.0, 1358.0, 1321.0, 1321.0, 1315.0, 1315.0, 1290.0, 1290.0, 1290.0, 1286.0, 1289.0, 1267.0, 1269.0, 1269.0, 1253.0, 1253.0, 1243.0, 1267.0, 1249.0, 1249.0, 1231.0, 1198.0, 1206.0, 1183.0, 1187.0, 1187.0, 1165.0, 1144.0, 1124.0, 1113.0, 1108.0, 1116.0, 1111.0, 1110.0, 1109.0, 1132.0, 1132.0, 1123.0, 1101.0, 1090.0, 1088.0, 1097.0, 1105.0, 1118.0, 1113.0, 1107.0, 1096.0, 1084.0, 1073.0, 1100.0, 1109.0, 1100.0, 1101.0, 1100.0, 1132.0, 1147.0, 1080.0, 960.0, 964.0, 964.0, 962.0, 965.0, 961.0, 959.0, 963.0, 953.0, 955.0, 955.0, 950.0, 941.0, 934.0, 938.0, 933.0, 915.0, 912.0, 919.0, 917.0, 889.0, 895.0, 894.0, 882.0, 883.0, 874.0, 849.0, 828.0, 825.0, 793.0, 795.0, 799.0, 789.0, 787.0, 749.0, 733.0, 779.0, 763.0, 756.0, 827.0, 922.0, 1107.0, 1395.0, 966.0, 959.0, 954.0, 942.0, 948.0, 955.0, 947.0, 931.0, 936.0, 949.0, 936.0, 933.0, 949.0, 942.0, 947.0, 936.0, 925.0, 925.0, 939.0, 941.0, 941.0, 945.0, 937.0, 933.0, 934.0, 942.0, 926.0, 926.0, 924.0, 949.0, 949.0, 934.0, 932.0, 933.0, 934.0, 944.0, 948.0, 936.0, 937.0, 942.0, 943.0, 942.0, 943.0, 939.0, 935.0, 938.0, 942.0, 955.0, 945.0, 942.0, 936.0, 940.0, 941.0, 951.0, 948.0, 940.0, 949.0, 949.0, 939.0, 945.0, 943.0, 934.0, 937.0, 941.0, 941.0, 939.0, 941.0, 938.0, 939.0, 949.0, 929.0, 935.0, 937.0, 928.0, 923.0, 932.0, 932.0, 920.0, 921.0, 923.0, 914.0, 918.0, 909.0, 916.0, 922.0, 906.0, 915.0, 919.0, 915.0, 923.0, 928.0, 925.0, 929.0, 923.0, 911.0, 907.0, 904.0, 904.0, 883.0, 894.0, 919.0, 923.0, 913.0, 894.0, 889.0, 886.0, 892.0, 896.0, 918.0, 916.0, 932.0, 919.0, 932.0, 939.0, 925.0, 937.0, 935.0, 932.0, 938.0, 955.0, 946.0, 958.0, 966.0, 973.0, 962.0, 970.0, 981.0, 964.0, 973.0, 980.0, 981.0, 982.0, 982.0, 1002.0, 1013.0, 1044.0, 1029.0, 1018.0, 1018.0, 1020.0, 1021.0, 1029.0, 1031.0, 1036.0, 1044.0, 1045.0, 1046.0, 1052.0, 1061.0, 1063.0, 1068.0, 1076.0, 1076.0, 1083.0, 1089.0, 1087.0, 1101.0, 1102.0, 1118.0, 1102.0, 1112.0, 1111.0, 1109.0, 1113.0, 1116.0, 1113.0, 1102.0, 1114.0, 1098.0, 1105.0, 1118.0, 1127.0, 1106.0, 1118.0, 1126.0, 1150.0, 1145.0, 1133.0, 1150.0, 1154.0, 1133.0, 1140.0, 1140.0, 1138.0, 1131.0, 1147.0, 1136.0, 1133.0, 1138.0, 1124.0, 1132.0, 1136.0, 1128.0, 1136.0, 1137.0, 1120.0, 1136.0, 1137.0, 1134.0, 1148.0, 1167.0, 1166.0, 1175.0, 1165.0, 1185.0, 1193.0, 1201.0, 1211.0, 1227.0, 1243.0, 1243.0, 1269.0, 1269.0, 1267.0, 1289.0, 1295.0, 1305.0, 1328.0, 1323.0, 1329.0, 1341.0, 1341.0, 1331.0, 1338.0, 1348.0, 1343.0, 1344.0, 1351.0, 1365.0, 1363.0, 1373.0, 1369.0, 1375.0, 1385.0, 1398.0, 1401.0, 1396.0, 1396.0, 1411.0, 1415.0, 1405.0, 1423.0, 1429.0, 1451.0, 1461.0, 1463.0, 1454.0, 1455.0, 1477.0, 1473.0, 1461.0, 1467.0, 1466.0, 1471.0, 1473.0, 1476.0, 1486.0, 1485.0, 1491.0, 1498.0, 1505.0, 1515.0, 1506.0, 1506.0, 1519.0, 1528.0, 1538.0, 1545.0, 1556.0, 1545.0, 1539.0, 1549.0, 1549.0, 1549.0, 1559.0, 1562.0, 1559.0, 1549.0, 1549.0, 1549.0, 1546.0, 1568.0, 1558.0, 1558.0, 1567.0, 1546.0, 1565.0, 1574.0, 1576.0, 1576.0, 1590.0, 1584.0, 1584.0, 1565.0, 1581.0, 1581.0, 1579.0, 1589.0, 1579.0, 1582.0, 1582.0, 1581.0, 1583.0, 1581.0, 1582.0, 1585.0, 1581.0, 1581.0, 1594.0, 1583.0, 1598.0, 1590.0, 1585.0, 1586.0, 1588.0, 1593.0, 1602.0, 1597.0, 1605.0, 1591.0, 1588.0, 1588.0, 1590.0, 1607.0, 1607.0, 1620.0, 1619.0, 1619.0, 1603.0, 1612.0, 1618.0, 1624.0, 1622.0, 1613.0, 1625.0, 1613.0, 1613.0, 1613.0, 1620.0, 1630.0, 1647.0, 1645.0, 1636.0, 1621.0, 1622.0, 1625.0, 1635.0, 1627.0, 1640.0, 1636.0, 1661.0, 1652.0, 1652.0, 1640.0, 1628.0, 1628.0, 1653.0, 1636.0, 1638.0, 1643.0, 1623.0, 1620.0, 1635.0, 1654.0, 1626.0, 1629.0, 1620.0, 1620.0, 1628.0, 1620.0, 1631.0, 1632.0, 1634.0, 1627.0, 1637.0, 1627.0, 1626.0, 1625.0, 1650.0, 1634.0, 1629.0, 1631.0, 1647.0, 1643.0, 1627.0, 1623.0, 1623.0, 1639.0, 1638.0, 1647.0, 1649.0, 1663.0, 1649.0, 1636.0, 1653.0, 1644.0, 1652.0, 1664.0, 1667.0, 1666.0, 1667.0, 1659.0, 1679.0, 1653.0, 1654.0, 1654.0, 1659.0, 1660.0, 1653.0, 1652.0, 1654.0, 1663.0, 1680.0, 1697.0, 1666.0, 1653.0, 1693.0, 1695.0, 1696.0, 1670.0, 1679.0, 1674.0, 1668.0, 1685.0, 1681.0, 1682.0, 1693.0, 1702.0, 1708.0, 1711.0, 1708.0, 1711.0, 1698.0, 1700.0, 1718.0, 1718.0, 1719.0, 1715.0, 1711.0, 1712.0, 1714.0, 1721.0, 1720.0, 1727.0, 1737.0, 1743.0, 1757.0, 1731.0, 1729.0, 1733.0, 1722.0, 1735.0, 1739.0, 1739.0, 1741.0, 1740.0, 1737.0, 1735.0, 1735.0, 1750.0, 1732.0, 1734.0, 1741.0, 1747.0, 1752.0, 1747.0, 1756.0, 1745.0, 1745.0, 1738.0, 1736.0, 1747.0, 1758.0, 1771.0, 1740.0, 1754.0, 1741.0, 1741.0, 1741.0, 1740.0, 1743.0, 1762.0, 1767.0, 1750.0, 1738.0, 1761.0, 1743.0, 1731.0, 1765.0, 1765.0, 1723.0, 1755.0, 1766.0, 1766.0, 1764.0, 1755.0, 1761.0, 1773.0, 1763.0, 1747.0, 1772.0, 1756.0, 1732.0, 1733.0, 1739.0, 1738.0, 1728.0, 1736.0, 1728.0, 1735.0, 1731.0, 1731.0, 1742.0, 1742.0, 1726.0, 1741.0, 1728.0, 1735.0, 1728.0, 1728.0, 1733.0, 1713.0, 1733.0, 1712.0, 1723.0, 1723.0, 1732.0, 1724.0, 1729.0, 1706.0, 1723.0, 1686.0, 1692.0, 1700.0, 1705.0, 1705.0, 1714.0, 1698.0, 1698.0, 1706.0, 1706.0, 1700.0, 1713.0, 1703.0, 1704.0, 1695.0, 1688.0, 1688.0, 1679.0, 1688.0, 1674.0, 1665.0, 1665.0, 1666.0, 1665.0, 1665.0, 1665.0, 1665.0, 1676.0, 1668.0, 1668.0, 1667.0, 1665.0, 1666.0, 1666.0, 1666.0, 1657.0, 1669.0, 1668.0, 1668.0, 1666.0, 1664.0, 1664.0, 1668.0, 1665.0, 1663.0, 1665.0, 1653.0, 1653.0, 1662.0, 1659.0, 1662.0, 1625.0, 1633.0, 1634.0, 1625.0, 1620.0, 1626.0, 1621.0, 1602.0, 1622.0, 1614.0, 1594.0, 1621.0, 1623.0, 1643.0, 1617.0, 1625.0, 1625.0, 1617.0, 1609.0, 1590.0, 1607.0, 1601.0, 1587.0, 1599.0, 1616.0, 1599.0, 1609.0, 1607.0, 1594.0, 1595.0, 1597.0, 1579.0, 1569.0, 1556.0, 1556.0, 1542.0, 1537.0, 1537.0, 1526.0, 1510.0, 1492.0, 1486.0, 1502.0, 1522.0, 1522.0, 1501.0, 1501.0, 1510.0, 1498.0, 1498.0, 1490.0, 1484.0, 1475.0, 1472.0, 1477.0, 1486.0, 1489.0, 1481.0, 1466.0, 1447.0, 1456.0, 1487.0, 1480.0, 1435.0, 1430.0, 1418.0, 1442.0, 1456.0, 1456.0, 1439.0, 1427.0, 1427.0, 1428.0, 1426.0, 1424.0, 1428.0, 1415.0, 1412.0, 1417.0, 1416.0, 1409.0, 1409.0, 1409.0, 1409.0, 1410.0, 1409.0, 1409.0, 1408.0, 1405.0, 1391.0, 1402.0, 1402.0, 1374.0, 1374.0, 1374.0, 1372.0, 1376.0, 1378.0, 1378.0, 1377.0, 1374.0, 1386.0, 1379.0, 1376.0, 1369.0, 1369.0, 1369.0, 1379.0, 1378.0, 1383.0, 1362.0, 1374.0, 1357.0, 1338.0, 1346.0, 1346.0, 1341.0, 1340.0, 1337.0, 1346.0, 1346.0, 1347.0, 1338.0, 1338.0, 1345.0, 1326.0, 1326.0, 1320.0, 1322.0, 1307.0, 1318.0, 1317.0, 1309.0, 1308.0, 1328.0, 1330.0, 1334.0, 1315.0, 1315.0, 1320.0, 1318.0, 1318.0, 1321.0, 1328.0, 1328.0, 1333.0, 1320.0, 1312.0, 1307.0, 1310.0, 1320.0, 1326.0, 1323.0, 1332.0, 1323.0, 1310.0, 1318.0, 1321.0, 1326.0, 1327.0, 1329.0, 1321.0, 1334.0, 1322.0, 1322.0, 1341.0, 1343.0, 1340.0, 1343.0, 1340.0, 1346.0, 1349.0, 1331.0, 1354.0, 1350.0, 1350.0, 1319.0, 1319.0, 1328.0, 1337.0, 1352.0, 1367.0, 1370.0, 1365.0, 1358.0, 1361.0, 1361.0, 1355.0, 1361.0, 1375.0, 1369.0, 1371.0, 1367.0, 1375.0, 1387.0, 1369.0, 1371.0, 1386.0, 1375.0, 1365.0, 1379.0, 1388.0, 1396.0, 1390.0, 1394.0, 1394.0, 1393.0, 1394.0, 1381.0, 1385.0, 1385.0, 1391.0, 1395.0, 1393.0, 1395.0, 1408.0, 1395.0, 1398.0, 1400.0, 1402.0, 1415.0, 1405.0, 1409.0, 1420.0, 1420.0, 1396.0, 1400.0, 1403.0, 1406.0, 1416.0, 1419.0, 1415.0, 1416.0, 1400.0, 1400.0, 1405.0, 1419.0, 1425.0, 1418.0, 1413.0, 1407.0, 1409.0, 1428.0, 1426.0, 1426.0, 1431.0, 1422.0, 1459.0, 1457.0, 1442.0, 1444.0, 1455.0, 1453.0, 1458.0, 1466.0, 1420.0, 1442.0, 1442.0, 1442.0, 1443.0, 1441.0, 1446.0, 1446.0, 1446.0, 1446.0, 1442.0, 1434.0, 1420.0, 1434.0, 1441.0, 1455.0, 1462.0, 1451.0, 1435.0, 1431.0, 1446.0, 1425.0]