header: 
  seq: 1543
  stamp: 
    secs: 1548820795
    nsecs: 739045646
  frame_id: "base_link"
angle_min: -2.35619449615
angle_max: 2.35619449615
angle_increment: 0.00436332309619
time_increment: 1.73611151695e-05
scan_time: 0.0250000003725
range_min: 0.019999999553
range_max: 30.0
ranges: [0.42500001192092896, 0.4230000078678131, 0.421999990940094, 0.42500001192092896, 0.421999990940094, 0.41499999165534973, 0.4129999876022339, 0.4180000126361847, 0.42399999499320984, 0.421999990940094, 0.40700000524520874, 0.4050000011920929, 0.4020000100135803, 0.4020000100135803, 0.3919999897480011, 0.38499999046325684, 0.3479999899864197, 0.2840000092983246, 0.24699999392032623, 0.23899999260902405, 0.30799999833106995, 0.3479999899864197, 0.3580000102519989, 0.38100001215934753, 0.382999986410141, 0.3790000081062317, 0.37400001287460327, 0.36800000071525574, 0.3619999885559082, 0.3529999852180481, 0.3529999852180481, 0.3700000047683716, 0.36899998784065247, 0.37599998712539673, 0.36800000071525574, 0.36800000071525574, 0.367000013589859, 0.36500000953674316, 0.36399999260902405, 0.3630000054836273, 0.35899999737739563, 0.35899999737739563, 0.35499998927116394, 0.35499998927116394, 0.35899999737739563, 0.36000001430511475, 0.3580000102519989, 0.3499999940395355, 0.34700000286102295, 0.3440000116825104, 0.3409999907016754, 0.34599998593330383, 0.3449999988079071, 0.34599998593330383, 0.3440000116825104, 0.3440000116825104, 0.3370000123977661, 0.3370000123977661, 0.3330000042915344, 0.33500000834465027, 0.335999995470047, 0.33500000834465027, 0.3330000042915344, 0.33899998664855957, 0.3409999907016754, 0.33500000834465027, 0.3310000002384186, 0.33000001311302185, 0.32899999618530273, 0.328000009059906, 0.3269999921321869, 0.32600000500679016, 0.32600000500679016, 0.32499998807907104, 0.3240000009536743, 0.3240000009536743, 0.328000009059906, 0.32199999690055847, 0.32199999690055847, 0.32499998807907104, 0.3310000002384186, 0.33799999952316284, 0.3319999873638153, 0.32600000500679016, 0.32199999690055847, 0.32199999690055847, 0.32499998807907104, 0.32899999618530273, 0.3269999921321869, 0.32499998807907104, 0.32499998807907104, 0.3269999921321869, 0.328000009059906, 0.3230000138282776, 0.3230000138282776, 0.32100000977516174, 0.32100000977516174, 0.32100000977516174, 0.3230000138282776, 0.33000001311302185, 0.33000001311302185, 0.32499998807907104, 0.32499998807907104, 0.32499998807907104, 0.32600000500679016, 0.328000009059906, 0.328000009059906, 0.3240000009536743, 0.3240000009536743, 0.32899999618530273, 0.32899999618530273, 0.335999995470047, 0.33500000834465027, 0.33500000834465027, 0.3319999873638153, 0.33000001311302185, 0.3310000002384186, 0.3310000002384186, 0.33000001311302185, 0.3330000042915344, 0.3330000042915344, 0.3319999873638153, 0.3319999873638153, 0.3310000002384186, 0.3310000002384186, 0.32899999618530273, 0.3240000009536743, 0.32499998807907104, 0.3330000042915344, 0.33399999141693115, 0.33799999952316284, 0.33799999952316284, 0.335999995470047, 0.3370000123977661, 0.3409999907016754, 0.34200000762939453, 0.3409999907016754, 0.34299999475479126, 0.3440000116825104, 0.34599998593330383, 0.34599998593330383, 0.34599998593330383, 0.3449999988079071, 0.3449999988079071, 0.33399999141693115, 0.33399999141693115, 0.3400000035762787, 0.34700000286102295, 0.35199999809265137, 0.34700000286102295, 0.35199999809265137, 0.34700000286102295, 0.35100001096725464, 0.3529999852180481, 0.35600000619888306, 0.3540000021457672, 0.3540000021457672, 0.3580000102519989, 0.3580000102519989, 0.36399999260902405, 0.367000013589859, 0.36500000953674316, 0.3659999966621399, 0.367000013589859, 0.36800000071525574, 0.3720000088214874, 0.375, 0.38100001215934753, 0.37599998712539673, 0.38499999046325684, 0.3930000066757202, 0.3959999978542328, 0.4009999930858612, 0.4009999930858612, 0.40400001406669617, 0.40799999237060547, 0.40799999237060547, 0.4180000126361847, 0.4189999997615814, 0.42100000381469727, 0.421999990940094, 0.4230000078678131, 0.42500001192092896, 0.43299999833106995, 0.4359999895095825, 0.4359999895095825, 0.43700000643730164, 0.4390000104904175, 0.4410000145435333, 0.44699999690055847, 0.4480000138282776, 0.4480000138282776, 0.45500001311302185, 0.45899999141693115, 0.4659999907016754, 0.46700000762939453, 0.46700000762939453, 0.4690000116825104, 0.4690000116825104, 0.4699999988079071, 0.4830000102519989, 0.49000000953674316, 0.49000000953674316, 0.4959999918937683, 0.5009999871253967, 0.503000020980835, 0.503000020980835, 0.5099999904632568, 0.5170000195503235, 0.5230000019073486, 0.531000018119812, 0.5360000133514404, 0.5350000262260437, 0.5440000295639038, 0.5490000247955322, 0.5460000038146973, 0.5490000247955322, 0.5569999814033508, 0.5619999766349792, 0.5690000057220459, 0.5830000042915344, 0.5839999914169312, 0.5889999866485596, 0.593999981880188, 0.6010000109672546, 0.6069999933242798, 0.6169999837875366, 0.6140000224113464, 0.625, 0.6340000033378601, 0.6420000195503235, 0.6430000066757202, 0.6489999890327454, 0.6549999713897705, 0.6650000214576721, 0.675000011920929, 0.6899999976158142, 0.6980000138282776, 0.7020000219345093, 0.7089999914169312, 0.7160000205039978, 0.7300000190734863, 0.7419999837875366, 0.7450000047683716, 0.7599999904632568, 0.7699999809265137, 0.7850000262260437, 0.7900000214576721, 0.7950000166893005, 0.8029999732971191, 0.8220000267028809, 0.8370000123977661, 0.8450000286102295, 0.859000027179718, 0.8759999871253967, 0.8840000033378601, 0.9020000100135803, 0.9190000295639038, 0.9319999814033508, 0.9449999928474426, 0.968999981880188, 0.9850000143051147, 0.9980000257492065, 1.0199999809265137, 1.0429999828338623, 1.0540000200271606, 1.0880000591278076, 1.1039999723434448, 1.1319999694824219, 1.159999966621399, 1.1740000247955322, 1.2039999961853027, 1.2209999561309814, 1.2510000467300415, 1.2790000438690186, 1.305999994277954, 1.343000054359436, 1.3799999952316284, 1.4149999618530273, 1.4490000009536743, 1.4759999513626099, 1.531000018119812, 1.5820000171661377, 1.6299999952316284, 1.7039999961853027, 1.8170000314712524, 1.8930000066757202, 2.8359999656677246, 2.8510000705718994, 2.8550000190734863, 2.8559999465942383, 2.8540000915527344, 2.8510000705718994, 2.8510000705718994, 2.8540000915527344, 2.8529999256134033, 2.8480000495910645, 2.8440001010894775, 2.8480000495910645, 2.8489999771118164, 2.8469998836517334, 2.8469998836517334, 2.8420000076293945, 2.8389999866485596, 2.8329999446868896, 2.8350000381469727, 2.8289999961853027, 2.8269999027252197, 2.8239998817443848, 2.8269999027252197, 2.8259999752044678, 2.819999933242798, 2.816999912261963, 2.818000078201294, 2.818000078201294, 2.812000036239624, 2.802999973297119, 2.799999952316284, 2.7980000972747803, 2.7869999408721924, 2.7820000648498535, 2.7820000648498535, 2.7809998989105225, 2.7780001163482666, 2.7709999084472656, 2.7660000324249268, 2.7660000324249268, 2.763000011444092, 2.753999948501587, 2.740999937057495, 2.73799991607666, 2.7309999465942383, 2.7249999046325684, 2.7190001010894775, 2.7149999141693115, 2.7100000381469727, 2.7079999446868896, 2.7049999237060547, 2.6989998817443848, 2.690000057220459, 2.6760001182556152, 2.6740000247955322, 2.6689999103546143, 2.6689999103546143, 2.6630001068115234, 2.6589999198913574, 2.6459999084472656, 2.63100004196167, 2.621000051498413, 2.618000030517578, 2.6070001125335693, 2.5989999771118164, 2.5940001010894775, 2.5880000591278076, 2.569999933242798, 2.572999954223633, 2.561000108718872, 2.5450000762939453, 2.5380001068115234, 2.5299999713897705, 2.507999897003174, 2.499000072479248, 2.499000072479248, 2.490999937057495, 2.4700000286102295, 2.4619998931884766, 2.450000047683716, 2.441999912261963, 2.427999973297119, 2.4100000858306885, 2.3980000019073486, 2.3989999294281006, 2.375999927520752, 2.36899995803833, 2.3429999351501465, 2.3320000171661377, 2.315999984741211, 2.308000087738037, 2.2920000553131104, 2.2669999599456787, 2.26200008392334, 2.250999927520752, 2.2339999675750732, 2.2170000076293945, 2.187000036239624, 2.171999931335449, 2.1530001163482666, 2.128000020980835, 2.115000009536743, 2.0829999446868896, 2.063999891281128, 2.052999973297119, 2.0250000953674316, 1.996999979019165, 1.9670000076293945, 1.940000057220459, 1.9149999618530273, 1.8990000486373901, 1.8700000047683716, 1.8550000190734863, 1.8289999961853027, 1.812999963760376, 1.7949999570846558, 1.7879999876022339, 1.75, 1.7309999465942383, 1.7120000123977661, 1.6890000104904175, 1.6790000200271606, 1.6549999713897705, 1.6449999809265137, 1.61899995803833, 1.6059999465942383, 1.597000002861023, 1.5820000171661377, 1.565000057220459, 1.5449999570846558, 1.5290000438690186, 1.5210000276565552, 1.5149999856948853, 1.4950000047683716, 1.4839999675750732, 1.468999981880188, 1.4589999914169312, 1.4450000524520874, 1.437000036239624, 1.4220000505447388, 1.4140000343322754, 1.399999976158142, 1.3930000066757202, 1.378999948501587, 1.3669999837875366, 1.3530000448226929, 1.343000054359436, 1.3339999914169312, 1.3250000476837158, 1.315000057220459, 1.3079999685287476, 1.2920000553131104, 1.284999966621399, 1.2730000019073486, 1.2630000114440918, 1.2519999742507935, 1.2380000352859497, 1.2350000143051147, 1.225000023841858, 1.2120000123977661, 1.2100000381469727, 1.194000005722046, 1.194000005722046, 1.190000057220459, 1.1799999475479126, 1.1660000085830688, 1.1579999923706055, 1.1549999713897705, 1.1510000228881836, 1.1380000114440918, 1.128999948501587, 1.1230000257492065, 1.11899995803833, 1.1160000562667847, 1.1059999465942383, 1.097000002861023, 1.093999981880188, 1.0889999866485596, 1.0829999446868896, 1.0770000219345093, 1.065000057220459, 1.0640000104904175, 1.0640000104904175, 1.062000036239624, 1.0509999990463257, 1.0420000553131104, 1.0420000553131104, 1.0429999828338623, 1.027999997138977, 1.0240000486373901, 1.0180000066757202, 1.0160000324249268, 1.0110000371932983, 1.0, 0.9950000047683716, 0.9860000014305115, 0.9850000143051147, 0.9829999804496765, 0.9810000061988831, 0.9739999771118164, 0.968999981880188, 0.9629999995231628, 0.9570000171661377, 0.9559999704360962, 0.949999988079071, 0.9470000267028809, 0.9459999799728394, 0.9440000057220459, 0.9440000057220459, 0.9380000233650208, 0.9269999861717224, 0.925000011920929, 0.9210000038146973, 0.9169999957084656, 0.9129999876022339, 0.9110000133514404, 0.9049999713897705, 0.9010000228881836, 0.8970000147819519, 0.8970000147819519, 0.8899999856948853, 0.8880000114440918, 0.8880000114440918, 0.8849999904632568, 0.8740000128746033, 0.8740000128746033, 0.8769999742507935, 0.8669999837875366, 0.8669999837875366, 0.8669999837875366, 0.8650000095367432, 0.8569999933242798, 0.8560000061988831, 0.8550000190734863, 0.8500000238418579, 0.8500000238418579, 0.8500000238418579, 0.847000002861023, 0.8399999737739563, 0.8399999737739563, 0.8379999995231628, 0.8289999961853027, 0.8309999704360962, 0.8270000219345093, 0.8270000219345093, 0.8240000009536743, 0.8220000267028809, 0.8220000267028809, 0.8169999718666077, 0.8169999718666077, 0.8169999718666077, 0.8140000104904175, 0.8080000281333923, 0.8059999942779541, 0.8009999990463257, 0.8009999990463257, 0.8009999990463257, 0.7960000038146973, 0.7960000038146973, 0.7960000038146973, 0.7839999794960022, 0.7839999794960022, 0.7839999794960022, 0.7839999794960022, 0.7829999923706055, 0.7760000228881836, 0.7760000228881836, 0.7720000147819519, 0.7710000276565552, 0.7649999856948853, 0.7670000195503235, 0.7670000195503235, 0.7680000066757202, 0.7680000066757202, 0.7609999775886536, 0.7570000290870667, 0.7599999904632568, 0.7570000290870667, 0.7490000128746033, 0.7459999918937683, 0.7429999709129333, 0.7429999709129333, 0.7429999709129333, 0.7409999966621399, 0.7369999885559082, 0.7360000014305115, 0.7360000014305115, 0.734000027179718, 0.7319999933242798, 0.7300000190734863, 0.7289999723434448, 0.7279999852180481, 0.7269999980926514, 0.7260000109672546, 0.7239999771118164, 0.722000002861023, 0.722000002861023, 0.722000002861023, 0.718999981880188, 0.7250000238418579, 0.722000002861023, 0.722000002861023, 0.7210000157356262, 0.7210000157356262, 0.7200000286102295, 0.7149999737739563, 0.7089999914169312, 0.7059999704360962, 0.7039999961853027, 0.703000009059906, 0.703000009059906, 0.7020000219345093, 0.7020000219345093, 0.7080000042915344, 0.7059999704360962, 0.7059999704360962, 0.7039999961853027, 0.699999988079071, 0.6970000267028809, 0.6959999799728394, 0.699999988079071, 0.699999988079071, 0.6940000057220459, 0.6940000057220459, 0.6970000267028809, 0.6949999928474426, 0.6930000185966492, 0.6919999718666077, 0.6919999718666077, 0.6919999718666077, 0.6919999718666077, 0.6850000023841858, 0.6819999814033508, 0.6840000152587891, 0.6830000281333923, 0.6830000281333923, 0.6830000281333923, 0.6859999895095825, 0.6850000023841858, 0.6819999814033508, 0.6819999814033508, 0.6830000281333923, 0.6809999942779541, 0.6790000200271606, 0.6800000071525574, 0.6809999942779541, 0.6819999814033508, 0.6769999861717224, 0.6729999780654907, 0.6740000247955322, 0.6759999990463257, 0.6759999990463257, 0.6759999990463257, 0.6759999990463257, 0.675000011920929, 0.6819999814033508, 0.6819999814033508, 0.6790000200271606, 0.6790000200271606, 0.675000011920929, 0.6700000166893005, 0.6679999828338623, 0.6700000166893005, 0.6710000038146973, 0.671999990940094, 0.6710000038146973, 0.6679999828338623, 0.6620000004768372, 0.6610000133514404, 0.6690000295639038, 0.671999990940094, 0.6700000166893005, 0.6650000214576721, 0.6669999957084656, 0.6700000166893005, 0.6690000295639038, 0.6620000004768372, 0.6610000133514404, 0.6660000085830688, 0.6690000295639038, 0.6589999794960022, 0.6579999923706055, 0.6589999794960022, 0.6629999876022339, 0.6570000052452087, 0.6589999794960022, 0.6589999794960022, 0.6589999794960022, 0.6579999923706055, 0.6579999923706055, 0.6589999794960022, 0.6610000133514404, 0.6610000133514404, 0.6570000052452087, 0.6549999713897705, 0.6549999713897705, 0.6499999761581421, 0.6499999761581421, 0.6499999761581421, 0.6539999842643738, 0.6539999842643738, 0.6570000052452087, 0.6589999794960022, 0.6549999713897705, 0.6480000019073486, 0.6480000019073486, 0.6460000276565552, 0.6449999809265137, 0.6470000147819519, 0.6499999761581421, 0.6499999761581421, 0.6470000147819519, 0.6470000147819519, 0.6470000147819519, 0.6399999856948853, 0.6399999856948853, 0.6389999985694885, 0.6389999985694885, 0.6370000243186951, 0.6370000243186951, 0.6370000243186951, 0.6420000195503235, 0.6389999985694885, 0.6380000114440918, 0.6330000162124634, 0.6320000290870667, 0.6340000033378601, 0.6389999985694885, 0.640999972820282, 0.6430000066757202, 0.640999972820282, 0.6380000114440918, 0.6380000114440918, 0.6370000243186951, 0.6389999985694885, 0.6389999985694885, 0.6340000033378601, 0.6320000290870667, 0.6340000033378601, 0.6340000033378601, 0.6320000290870667, 0.6290000081062317, 0.6290000081062317, 0.6290000081062317, 0.6299999952316284, 0.6299999952316284, 0.628000020980835, 0.6299999952316284, 0.6330000162124634, 0.6309999823570251, 0.625, 0.6209999918937683, 0.6230000257492065, 0.6230000257492065, 0.6269999742507935, 0.6299999952316284, 0.6290000081062317, 0.628000020980835, 0.628000020980835, 0.6359999775886536, 0.6309999823570251, 0.6240000128746033, 0.6209999918937683, 0.625, 0.628000020980835, 0.6200000047683716, 0.6159999966621399, 0.6190000176429749, 0.621999979019165, 0.628000020980835, 0.6259999871253967, 0.6240000128746033, 0.6290000081062317, 0.6290000081062317, 0.6240000128746033, 0.6200000047683716, 0.6200000047683716, 0.6200000047683716, 0.6190000176429749, 0.6209999918937683, 0.6209999918937683, 0.6200000047683716, 0.6200000047683716, 0.6200000047683716, 0.6190000176429749, 0.6150000095367432, 0.6150000095367432, 0.6200000047683716, 0.6190000176429749, 0.6190000176429749, 0.6209999918937683, 0.6209999918937683, 0.6209999918937683, 0.6140000224113464, 0.6179999709129333, 0.6129999756813049, 0.6129999756813049, 0.6190000176429749, 0.621999979019165, 0.6190000176429749, 0.6190000176429749, 0.6209999918937683, 0.6190000176429749, 0.6190000176429749, 0.6190000176429749, 0.6169999837875366, 0.6169999837875366, 0.6179999709129333, 0.6190000176429749, 0.6179999709129333, 0.6179999709129333, 0.6190000176429749, 0.6169999837875366, 0.6169999837875366, 0.6169999837875366, 0.6159999966621399, 0.6159999966621399, 0.6150000095367432, 0.6119999885559082, 0.6119999885559082, 0.6140000224113464, 0.6200000047683716, 0.6169999837875366, 0.6140000224113464, 0.6140000224113464, 0.6169999837875366, 0.6159999966621399, 0.6150000095367432, 0.6140000224113464, 0.6140000224113464, 0.6169999837875366, 0.621999979019165, 0.621999979019165, 0.6169999837875366, 0.6169999837875366, 0.6169999837875366, 0.6159999966621399, 0.6179999709129333, 0.6230000257492065, 0.621999979019165, 0.621999979019165, 0.6150000095367432, 0.6129999756813049, 0.6209999918937683, 0.6209999918937683, 0.6209999918937683, 0.6240000128746033, 0.6240000128746033, 0.6150000095367432, 0.6230000257492065, 0.6209999918937683, 0.6079999804496765, 0.6110000014305115, 0.6190000176429749, 0.6179999709129333, 0.6179999709129333, 0.6200000047683716, 0.6140000224113464, 0.6140000224113464, 0.6140000224113464, 0.6150000095367432, 0.6190000176429749, 0.6190000176429749, 0.6190000176429749, 0.6169999837875366, 0.6190000176429749, 0.6190000176429749, 0.6200000047683716, 0.625, 0.6259999871253967, 0.625, 0.6259999871253967, 0.6269999742507935, 0.6269999742507935, 0.6290000081062317, 0.625, 0.6230000257492065, 0.6269999742507935, 0.625, 0.6269999742507935, 0.6259999871253967, 0.6259999871253967, 0.6240000128746033, 0.625, 0.6269999742507935, 0.6320000290870667, 0.625, 0.6259999871253967, 0.6259999871253967, 0.628000020980835, 0.6269999742507935, 0.625, 0.6259999871253967, 0.6309999823570251, 0.6299999952316284, 0.6309999823570251, 0.6290000081062317, 0.628000020980835, 0.6290000081062317, 0.6269999742507935, 0.6269999742507935, 0.6259999871253967, 0.625, 0.6259999871253967, 0.628000020980835, 0.628000020980835, 0.6259999871253967, 0.6299999952316284, 0.6299999952316284, 0.6349999904632568, 0.6380000114440918, 0.6380000114440918, 0.6309999823570251, 0.6309999823570251, 0.6309999823570251, 0.6309999823570251, 0.6359999775886536, 0.6340000033378601, 0.6359999775886536, 0.6359999775886536, 0.6359999775886536, 0.6359999775886536, 0.6359999775886536, 0.6359999775886536, 0.640999972820282, 0.6380000114440918, 0.6420000195503235, 0.6420000195503235, 0.6449999809265137, 0.6420000195503235, 0.6430000066757202, 0.6420000195503235, 0.6349999904632568, 0.6380000114440918, 0.6399999856948853, 0.640999972820282, 0.6430000066757202, 0.6449999809265137, 0.6439999938011169, 0.640999972820282, 0.6420000195503235, 0.6370000243186951, 0.6439999938011169, 0.640999972820282, 0.640999972820282, 0.6430000066757202, 0.6439999938011169, 0.6420000195503235, 0.6430000066757202, 0.6470000147819519, 0.6470000147819519, 0.6449999809265137, 0.6430000066757202, 0.6439999938011169, 0.6420000195503235, 0.6460000276565552, 0.6449999809265137, 0.6470000147819519, 0.6499999761581421, 0.6480000019073486, 0.6480000019073486, 0.6489999890327454, 0.6499999761581421, 0.6499999761581421, 0.6499999761581421, 0.6510000228881836, 0.652999997138977, 0.6470000147819519, 0.6470000147819519, 0.6499999761581421, 0.6520000100135803, 0.6579999923706055, 0.6600000262260437, 0.6610000133514404, 0.656000018119812, 0.6589999794960022, 0.6589999794960022, 0.6589999794960022, 0.6660000085830688, 0.6650000214576721, 0.6610000133514404, 0.6579999923706055, 0.6579999923706055, 0.6600000262260437, 0.6610000133514404, 0.6570000052452087, 0.656000018119812, 0.6639999747276306, 0.6679999828338623, 0.6660000085830688, 0.6589999794960022, 0.6589999794960022, 0.6700000166893005, 0.6690000295639038, 0.6679999828338623, 0.6679999828338623, 0.6679999828338623, 0.6690000295639038, 0.6710000038146973, 0.6729999780654907, 0.6740000247955322, 0.6729999780654907, 0.671999990940094, 0.6710000038146973, 0.6710000038146973, 0.6679999828338623, 0.6679999828338623, 0.6769999861717224, 0.6830000281333923, 0.6759999990463257, 0.6740000247955322, 0.675000011920929, 0.6779999732971191, 0.6779999732971191, 0.6779999732971191, 0.6740000247955322, 0.6769999861717224, 0.6769999861717224, 0.6769999861717224, 0.6830000281333923, 0.6819999814033508, 0.6819999814033508, 0.6819999814033508, 0.671999990940094, 0.671999990940094, 0.6809999942779541, 0.6790000200271606, 0.6729999780654907, 0.6769999861717224, 0.6819999814033508, 0.6819999814033508, 0.6809999942779541, 0.6800000071525574, 0.6809999942779541, 0.6809999942779541, 0.6800000071525574, 0.6779999732971191, 0.6769999861717224, 0.675000011920929, 0.6740000247955322, 0.6729999780654907, 0.671999990940094, 0.671999990940094, 0.6819999814033508, 0.6800000071525574, 0.6790000200271606, 0.6740000247955322, 0.6700000166893005, 0.6710000038146973, 0.6800000071525574, 0.6840000152587891, 0.6850000023841858, 0.6850000023841858, 0.6840000152587891, 0.6790000200271606, 0.6790000200271606, 0.6759999990463257, 0.6759999990463257, 0.6800000071525574, 0.6819999814033508, 0.6840000152587891, 0.6859999895095825, 0.6819999814033508, 0.6700000166893005, 0.6690000295639038, 0.6790000200271606, 0.6850000023841858, 0.6800000071525574, 0.6790000200271606, 0.6759999990463257, 0.6809999942779541, 0.6859999895095825, 0.6890000104904175, 0.6800000071525574, 0.6779999732971191, 0.6880000233650208, 0.6980000138282776, 0.6970000267028809, 0.6970000267028809, 0.7059999704360962, 0.7049999833106995, 0.7009999752044678, 0.7059999704360962, 0.7129999995231628, 0.7110000252723694, 0.7099999785423279, 0.7110000252723694, 0.7170000076293945, 0.7210000157356262, 0.7269999980926514, 0.7250000238418579, 0.7250000238418579, 0.722000002861023, 0.7129999995231628]
intensities: [1097.0, 1106.0, 1125.0, 1142.0, 1182.0, 1193.0, 1251.0, 1283.0, 1316.0, 1347.0, 1370.0, 1371.0, 1347.0, 1339.0, 1255.0, 1198.0, 1053.0, 849.0, 774.0, 743.0, 861.0, 910.0, 916.0, 969.0, 981.0, 983.0, 983.0, 1018.0, 1088.0, 1095.0, 1107.0, 1297.0, 1304.0, 1366.0, 1374.0, 1409.0, 1407.0, 1420.0, 1437.0, 1432.0, 1426.0, 1434.0, 1437.0, 1439.0, 1430.0, 1407.0, 1457.0, 1455.0, 1453.0, 1449.0, 1437.0, 1443.0, 1459.0, 1452.0, 1476.0, 1457.0, 1444.0, 1463.0, 1458.0, 1458.0, 1449.0, 1464.0, 1471.0, 1509.0, 1512.0, 1509.0, 1504.0, 1489.0, 1524.0, 1512.0, 1509.0, 1515.0, 1507.0, 1513.0, 1524.0, 1524.0, 1508.0, 1521.0, 1521.0, 1537.0, 1533.0, 1527.0, 1526.0, 1533.0, 1532.0, 1523.0, 1525.0, 1527.0, 1503.0, 1527.0, 1508.0, 1505.0, 1496.0, 1494.0, 1500.0, 1498.0, 1480.0, 1480.0, 1487.0, 1469.0, 1469.0, 1468.0, 1468.0, 1481.0, 1483.0, 1459.0, 1459.0, 1448.0, 1448.0, 1443.0, 1443.0, 1423.0, 1421.0, 1421.0, 1399.0, 1401.0, 1415.0, 1415.0, 1405.0, 1384.0, 1385.0, 1367.0, 1368.0, 1350.0, 1350.0, 1324.0, 1313.0, 1301.0, 1306.0, 1278.0, 1283.0, 1283.0, 1274.0, 1275.0, 1272.0, 1268.0, 1273.0, 1260.0, 1261.0, 1269.0, 1266.0, 1249.0, 1236.0, 1236.0, 1207.0, 1200.0, 1196.0, 1170.0, 1179.0, 1151.0, 1160.0, 1132.0, 1134.0, 1111.0, 1116.0, 1092.0, 1091.0, 1101.0, 1101.0, 1106.0, 1100.0, 1088.0, 1107.0, 1105.0, 1088.0, 1097.0, 1092.0, 1113.0, 1085.0, 1105.0, 1097.0, 1102.0, 1115.0, 1113.0, 1114.0, 1115.0, 1095.0, 1099.0, 1079.0, 1090.0, 1083.0, 1088.0, 1080.0, 1092.0, 1093.0, 1091.0, 1088.0, 1087.0, 1085.0, 1081.0, 1078.0, 1078.0, 1077.0, 1075.0, 1087.0, 1095.0, 1095.0, 1079.0, 1067.0, 1056.0, 1065.0, 1061.0, 1061.0, 1067.0, 1052.0, 1040.0, 1043.0, 1061.0, 1033.0, 1039.0, 1044.0, 1046.0, 1044.0, 1035.0, 1033.0, 1019.0, 1016.0, 1016.0, 1015.0, 1004.0, 1025.0, 1005.0, 1014.0, 1011.0, 1023.0, 1022.0, 1025.0, 999.0, 990.0, 1002.0, 1002.0, 995.0, 993.0, 989.0, 985.0, 983.0, 975.0, 974.0, 960.0, 962.0, 964.0, 947.0, 954.0, 939.0, 945.0, 944.0, 946.0, 939.0, 934.0, 932.0, 919.0, 922.0, 916.0, 910.0, 932.0, 913.0, 909.0, 904.0, 902.0, 890.0, 889.0, 892.0, 884.0, 881.0, 884.0, 882.0, 865.0, 865.0, 865.0, 865.0, 865.0, 858.0, 858.0, 843.0, 834.0, 817.0, 831.0, 833.0, 839.0, 855.0, 849.0, 823.0, 814.0, 856.0, 871.0, 1149.0, 1388.0, 950.0, 945.0, 946.0, 947.0, 947.0, 949.0, 948.0, 949.0, 948.0, 945.0, 944.0, 943.0, 944.0, 946.0, 946.0, 943.0, 943.0, 953.0, 947.0, 952.0, 951.0, 952.0, 946.0, 940.0, 942.0, 953.0, 964.0, 964.0, 945.0, 943.0, 943.0, 940.0, 945.0, 941.0, 941.0, 939.0, 936.0, 939.0, 941.0, 943.0, 943.0, 944.0, 932.0, 949.0, 951.0, 947.0, 952.0, 943.0, 942.0, 941.0, 942.0, 936.0, 927.0, 936.0, 937.0, 936.0, 939.0, 939.0, 939.0, 932.0, 947.0, 936.0, 935.0, 936.0, 937.0, 936.0, 937.0, 934.0, 942.0, 935.0, 942.0, 947.0, 941.0, 932.0, 925.0, 930.0, 933.0, 928.0, 927.0, 930.0, 933.0, 941.0, 928.0, 936.0, 940.0, 922.0, 924.0, 923.0, 940.0, 930.0, 930.0, 928.0, 938.0, 939.0, 939.0, 930.0, 928.0, 947.0, 937.0, 932.0, 931.0, 928.0, 927.0, 961.0, 973.0, 955.0, 933.0, 951.0, 967.0, 970.0, 956.0, 973.0, 975.0, 976.0, 995.0, 974.0, 997.0, 982.0, 996.0, 998.0, 985.0, 994.0, 1003.0, 1001.0, 985.0, 993.0, 998.0, 995.0, 993.0, 1000.0, 1011.0, 1021.0, 1020.0, 1022.0, 1032.0, 1032.0, 1039.0, 1045.0, 1051.0, 1056.0, 1060.0, 1068.0, 1075.0, 1077.0, 1084.0, 1095.0, 1098.0, 1097.0, 1103.0, 1106.0, 1110.0, 1114.0, 1110.0, 1115.0, 1099.0, 1092.0, 1102.0, 1103.0, 1094.0, 1109.0, 1139.0, 1128.0, 1128.0, 1136.0, 1141.0, 1137.0, 1129.0, 1118.0, 1139.0, 1139.0, 1168.0, 1176.0, 1183.0, 1190.0, 1202.0, 1204.0, 1211.0, 1217.0, 1220.0, 1227.0, 1218.0, 1225.0, 1225.0, 1234.0, 1246.0, 1239.0, 1254.0, 1258.0, 1269.0, 1259.0, 1262.0, 1272.0, 1262.0, 1275.0, 1280.0, 1270.0, 1276.0, 1289.0, 1281.0, 1278.0, 1287.0, 1292.0, 1290.0, 1310.0, 1301.0, 1308.0, 1319.0, 1319.0, 1331.0, 1322.0, 1329.0, 1354.0, 1361.0, 1367.0, 1358.0, 1364.0, 1361.0, 1367.0, 1374.0, 1382.0, 1392.0, 1393.0, 1402.0, 1391.0, 1411.0, 1411.0, 1419.0, 1422.0, 1421.0, 1419.0, 1437.0, 1442.0, 1432.0, 1441.0, 1452.0, 1455.0, 1454.0, 1458.0, 1459.0, 1459.0, 1469.0, 1477.0, 1477.0, 1480.0, 1489.0, 1487.0, 1493.0, 1491.0, 1500.0, 1495.0, 1495.0, 1516.0, 1517.0, 1516.0, 1530.0, 1519.0, 1528.0, 1541.0, 1541.0, 1544.0, 1555.0, 1555.0, 1572.0, 1566.0, 1568.0, 1568.0, 1581.0, 1591.0, 1608.0, 1588.0, 1603.0, 1607.0, 1612.0, 1609.0, 1605.0, 1618.0, 1618.0, 1618.0, 1621.0, 1619.0, 1619.0, 1625.0, 1625.0, 1626.0, 1627.0, 1626.0, 1630.0, 1633.0, 1637.0, 1633.0, 1637.0, 1633.0, 1646.0, 1640.0, 1639.0, 1663.0, 1634.0, 1646.0, 1645.0, 1634.0, 1640.0, 1651.0, 1666.0, 1668.0, 1663.0, 1674.0, 1668.0, 1665.0, 1664.0, 1651.0, 1651.0, 1648.0, 1664.0, 1668.0, 1664.0, 1682.0, 1688.0, 1690.0, 1679.0, 1668.0, 1688.0, 1687.0, 1710.0, 1710.0, 1708.0, 1708.0, 1695.0, 1698.0, 1700.0, 1702.0, 1697.0, 1699.0, 1706.0, 1720.0, 1720.0, 1720.0, 1705.0, 1703.0, 1693.0, 1699.0, 1702.0, 1714.0, 1724.0, 1727.0, 1717.0, 1706.0, 1710.0, 1718.0, 1736.0, 1734.0, 1720.0, 1732.0, 1736.0, 1753.0, 1725.0, 1759.0, 1759.0, 1737.0, 1739.0, 1737.0, 1742.0, 1739.0, 1738.0, 1733.0, 1745.0, 1757.0, 1759.0, 1759.0, 1771.0, 1781.0, 1782.0, 1769.0, 1763.0, 1789.0, 1799.0, 1795.0, 1791.0, 1792.0, 1805.0, 1786.0, 1790.0, 1782.0, 1775.0, 1818.0, 1808.0, 1806.0, 1800.0, 1801.0, 1803.0, 1804.0, 1809.0, 1811.0, 1816.0, 1796.0, 1800.0, 1800.0, 1800.0, 1807.0, 1803.0, 1816.0, 1816.0, 1813.0, 1822.0, 1817.0, 1814.0, 1814.0, 1835.0, 1822.0, 1840.0, 1830.0, 1820.0, 1824.0, 1838.0, 1838.0, 1817.0, 1828.0, 1827.0, 1827.0, 1834.0, 1834.0, 1834.0, 1829.0, 1816.0, 1847.0, 1836.0, 1856.0, 1830.0, 1843.0, 1842.0, 1847.0, 1841.0, 1845.0, 1845.0, 1826.0, 1828.0, 1834.0, 1828.0, 1811.0, 1818.0, 1818.0, 1844.0, 1816.0, 1811.0, 1840.0, 1846.0, 1846.0, 1847.0, 1850.0, 1862.0, 1872.0, 1871.0, 1860.0, 1844.0, 1834.0, 1830.0, 1826.0, 1835.0, 1848.0, 1848.0, 1826.0, 1828.0, 1839.0, 1836.0, 1842.0, 1854.0, 1870.0, 1868.0, 1852.0, 1848.0, 1874.0, 1865.0, 1856.0, 1826.0, 1817.0, 1829.0, 1820.0, 1820.0, 1815.0, 1809.0, 1804.0, 1804.0, 1813.0, 1819.0, 1816.0, 1808.0, 1815.0, 1833.0, 1812.0, 1799.0, 1802.0, 1782.0, 1766.0, 1752.0, 1802.0, 1782.0, 1798.0, 1825.0, 1810.0, 1808.0, 1786.0, 1786.0, 1788.0, 1795.0, 1793.0, 1791.0, 1745.0, 1745.0, 1751.0, 1767.0, 1755.0, 1773.0, 1743.0, 1739.0, 1743.0, 1758.0, 1727.0, 1727.0, 1712.0, 1707.0, 1711.0, 1701.0, 1671.0, 1689.0, 1692.0, 1697.0, 1688.0, 1685.0, 1687.0, 1687.0, 1692.0, 1691.0, 1681.0, 1681.0, 1688.0, 1697.0, 1697.0, 1678.0, 1678.0, 1670.0, 1678.0, 1677.0, 1679.0, 1682.0, 1646.0, 1646.0, 1658.0, 1652.0, 1652.0, 1662.0, 1659.0, 1657.0, 1647.0, 1629.0, 1603.0, 1624.0, 1624.0, 1620.0, 1610.0, 1612.0, 1612.0, 1603.0, 1606.0, 1606.0, 1595.0, 1595.0, 1581.0, 1565.0, 1555.0, 1521.0, 1547.0, 1546.0, 1567.0, 1556.0, 1530.0, 1541.0, 1534.0, 1547.0, 1534.0, 1540.0, 1522.0, 1517.0, 1517.0, 1505.0, 1504.0, 1502.0, 1477.0, 1489.0, 1520.0, 1489.0, 1481.0, 1475.0, 1457.0, 1451.0, 1466.0, 1464.0, 1461.0, 1452.0, 1438.0, 1450.0, 1432.0, 1432.0, 1444.0, 1447.0, 1440.0, 1436.0, 1436.0, 1429.0, 1413.0, 1413.0, 1411.0, 1415.0, 1414.0, 1416.0, 1415.0, 1415.0, 1414.0, 1404.0, 1397.0, 1397.0, 1404.0, 1406.0, 1398.0, 1398.0, 1398.0, 1389.0, 1371.0, 1384.0, 1384.0, 1400.0, 1378.0, 1389.0, 1376.0, 1370.0, 1376.0, 1372.0, 1344.0, 1356.0, 1362.0, 1351.0, 1356.0, 1359.0, 1341.0, 1335.0, 1346.0, 1346.0, 1348.0, 1331.0, 1336.0, 1343.0, 1342.0, 1342.0, 1323.0, 1328.0, 1337.0, 1328.0, 1338.0, 1342.0, 1324.0, 1305.0, 1312.0, 1317.0, 1330.0, 1342.0, 1326.0, 1334.0, 1329.0, 1333.0, 1310.0, 1310.0, 1332.0, 1312.0, 1350.0, 1347.0, 1341.0, 1321.0, 1331.0, 1326.0, 1326.0, 1325.0, 1336.0, 1334.0, 1339.0, 1339.0, 1340.0, 1326.0, 1326.0, 1327.0, 1333.0, 1334.0, 1354.0, 1327.0, 1328.0, 1325.0, 1340.0, 1352.0, 1352.0, 1350.0, 1350.0, 1357.0, 1364.0, 1351.0, 1346.0, 1350.0, 1365.0, 1365.0, 1354.0, 1363.0, 1372.0, 1369.0, 1357.0, 1374.0, 1364.0, 1357.0, 1357.0, 1370.0, 1371.0, 1380.0, 1380.0, 1386.0, 1387.0, 1390.0, 1390.0, 1387.0, 1369.0, 1358.0, 1395.0, 1395.0, 1395.0, 1392.0, 1390.0, 1388.0, 1391.0, 1389.0, 1410.0, 1405.0, 1402.0, 1395.0, 1396.0, 1404.0, 1408.0, 1403.0, 1409.0, 1409.0, 1430.0, 1419.0, 1415.0, 1410.0, 1401.0, 1407.0, 1423.0, 1415.0, 1423.0, 1423.0, 1417.0, 1420.0, 1415.0, 1416.0, 1416.0, 1440.0, 1449.0, 1430.0, 1418.0, 1430.0, 1451.0, 1446.0, 1429.0, 1439.0, 1436.0, 1446.0, 1448.0, 1454.0, 1460.0, 1415.0, 1447.0, 1437.0, 1445.0, 1444.0, 1439.0, 1439.0, 1437.0, 1450.0, 1456.0, 1451.0, 1435.0, 1428.0, 1422.0, 1440.0, 1451.0, 1443.0, 1414.0, 1430.0, 1434.0, 1427.0, 1436.0]