header: 
  seq: 2242
  stamp: 
    secs: 1548820813
    nsecs: 250673608
  frame_id: "base_link"
angle_min: -2.35619449615
angle_max: 2.35619449615
angle_increment: 0.00436332309619
time_increment: 1.73611151695e-05
scan_time: 0.0250000003725
range_min: 0.019999999553
range_max: 30.0
ranges: [0.45899999141693115, 0.47099998593330383, 0.46700000762939453, 0.46399998664855957, 0.460999995470047, 0.45500001311302185, 0.4659999907016754, 0.46299999952316284, 0.46299999952316284, 0.4659999907016754, 0.4650000035762787, 0.4580000042915344, 0.4560000002384186, 0.453000009059906, 0.4390000104904175, 0.42800000309944153, 0.39500001072883606, 0.3499999940395355, 0.3499999940395355, 0.2680000066757202, 0.3319999873638153, 0.39100000262260437, 0.4129999876022339, 0.4300000071525574, 0.4399999976158142, 0.4390000104904175, 0.4359999895095825, 0.4309999942779541, 0.42800000309944153, 0.421999990940094, 0.4180000126361847, 0.42899999022483826, 0.4339999854564667, 0.43700000643730164, 0.42800000309944153, 0.42800000309944153, 0.4230000078678131, 0.421999990940094, 0.4169999957084656, 0.4180000126361847, 0.421999990940094, 0.4169999957084656, 0.4180000126361847, 0.41200000047683716, 0.4059999883174896, 0.39899998903274536, 0.4020000100135803, 0.4009999930858612, 0.40299999713897705, 0.4090000092983246, 0.4059999883174896, 0.4059999883174896, 0.4000000059604645, 0.3970000147819519, 0.3959999978542328, 0.3959999978542328, 0.39500001072883606, 0.39500001072883606, 0.39500001072883606, 0.3970000147819519, 0.3930000066757202, 0.38999998569488525, 0.3889999985694885, 0.39100000262260437, 0.3880000114440918, 0.3880000114440918, 0.3869999945163727, 0.3869999945163727, 0.3840000033378601, 0.3880000114440918, 0.38499999046325684, 0.38499999046325684, 0.3840000033378601, 0.3889999985694885, 0.3880000114440918, 0.3790000081062317, 0.3779999911785126, 0.3880000114440918, 0.38100001215934753, 0.375, 0.375, 0.375, 0.37599998712539673, 0.375, 0.3799999952316284, 0.3779999911785126, 0.37400001287460327, 0.37400001287460327, 0.382999986410141, 0.37599998712539673, 0.36800000071525574, 0.36500000953674316, 0.3659999966621399, 0.3659999966621399, 0.36500000953674316, 0.36500000953674316, 0.36800000071525574, 0.36500000953674316, 0.3610000014305115, 0.3569999933242798, 0.35899999737739563, 0.35899999737739563, 0.35600000619888306, 0.3490000069141388, 0.3499999940395355, 0.3529999852180481, 0.3529999852180481, 0.3540000021457672, 0.35899999737739563, 0.3569999933242798, 0.3569999933242798, 0.3569999933242798, 0.3580000102519989, 0.3529999852180481, 0.3529999852180481, 0.35199999809265137, 0.3529999852180481, 0.35199999809265137, 0.35199999809265137, 0.35199999809265137, 0.3540000021457672, 0.3540000021457672, 0.3529999852180481, 0.34299999475479126, 0.3370000123977661, 0.33799999952316284, 0.3409999907016754, 0.3409999907016754, 0.33899998664855957, 0.33899998664855957, 0.3409999907016754, 0.33799999952316284, 0.33799999952316284, 0.33899998664855957, 0.3409999907016754, 0.33399999141693115, 0.33399999141693115, 0.33500000834465027, 0.33399999141693115, 0.32899999618530273, 0.32899999618530273, 0.33399999141693115, 0.33399999141693115, 0.3319999873638153, 0.3269999921321869, 0.328000009059906, 0.33000001311302185, 0.3319999873638153, 0.3319999873638153, 0.3230000138282776, 0.3160000145435333, 0.3190000057220459, 0.3240000009536743, 0.32100000977516174, 0.3199999928474426, 0.32199999690055847, 0.32199999690055847, 0.32600000500679016, 0.32600000500679016, 0.3199999928474426, 0.32100000977516174, 0.3190000057220459, 0.3230000138282776, 0.32600000500679016, 0.328000009059906, 0.32600000500679016, 0.3240000009536743, 0.3240000009536743, 0.32600000500679016, 0.3190000057220459, 0.3109999895095825, 0.31200000643730164, 0.31700000166893005, 0.31700000166893005, 0.32100000977516174, 0.32100000977516174, 0.3140000104904175, 0.3109999895095825, 0.3100000023841858, 0.3140000104904175, 0.3140000104904175, 0.3100000023841858, 0.31299999356269836, 0.31200000643730164, 0.31299999356269836, 0.3109999895095825, 0.3109999895095825, 0.3059999942779541, 0.3100000023841858, 0.3109999895095825, 0.3179999887943268, 0.3160000145435333, 0.3089999854564667, 0.3089999854564667, 0.3089999854564667, 0.3109999895095825, 0.3140000104904175, 0.3140000104904175, 0.31200000643730164, 0.3160000145435333, 0.3100000023841858, 0.3109999895095825, 0.3089999854564667, 0.3070000112056732, 0.3070000112056732, 0.30799999833106995, 0.30799999833106995, 0.3100000023841858, 0.3109999895095825, 0.31299999356269836, 0.31700000166893005, 0.31700000166893005, 0.3149999976158142, 0.30799999833106995, 0.30399999022483826, 0.3070000112056732, 0.3059999942779541, 0.3059999942779541, 0.3089999854564667, 0.30799999833106995, 0.3059999942779541, 0.3070000112056732, 0.3050000071525574, 0.30300000309944153, 0.30399999022483826, 0.30300000309944153, 0.3070000112056732, 0.3089999854564667, 0.3089999854564667, 0.30799999833106995, 0.31200000643730164, 0.3070000112056732, 0.3059999942779541, 0.3059999942779541, 0.3050000071525574, 0.30399999022483826, 0.3050000071525574, 0.3059999942779541, 0.30799999833106995, 0.3089999854564667, 0.31299999356269836, 0.3149999976158142, 0.3140000104904175, 0.3009999990463257, 0.3009999990463257, 0.3070000112056732, 0.3059999942779541, 0.3070000112056732, 0.30799999833106995, 0.31200000643730164, 0.31200000643730164, 0.31200000643730164, 0.31200000643730164, 0.31200000643730164, 0.31299999356269836, 0.32499998807907104, 0.3160000145435333, 0.3190000057220459, 0.31700000166893005, 0.31200000643730164, 0.31200000643730164, 0.3240000009536743, 0.3240000009536743, 0.3269999921321869, 0.32100000977516174, 0.3140000104904175, 0.32199999690055847, 0.3179999887943268, 0.3179999887943268, 0.3240000009536743, 0.3269999921321869, 0.3199999928474426, 0.31700000166893005, 0.3140000104904175, 0.3199999928474426, 0.3199999928474426, 0.3190000057220459, 0.31700000166893005, 0.3240000009536743, 0.3240000009536743, 0.3240000009536743, 0.32199999690055847, 0.32199999690055847, 0.33399999141693115, 0.31700000166893005, 0.32100000977516174, 0.3269999921321869, 0.3269999921321869, 0.3319999873638153, 0.3370000123977661, 0.3310000002384186, 0.3319999873638153, 0.335999995470047, 0.34299999475479126, 0.34599998593330383, 0.3449999988079071, 0.3400000035762787, 0.3330000042915344, 0.3319999873638153, 0.3319999873638153, 0.33000001311302185, 0.3370000123977661, 0.3440000116825104, 0.3490000069141388, 0.3490000069141388, 0.3479999899864197, 0.3540000021457672, 0.3540000021457672, 0.3529999852180481, 0.3490000069141388, 0.34599998593330383, 0.35100001096725464, 0.3540000021457672, 0.35499998927116394, 0.35499998927116394, 0.35199999809265137, 0.35100001096725464, 0.35100001096725464, 0.3529999852180481, 0.36399999260902405, 0.36399999260902405, 0.37299999594688416, 0.36800000071525574, 0.36500000953674316, 0.367000013589859, 0.367000013589859, 0.3700000047683716, 0.3700000047683716, 0.37299999594688416, 0.37299999594688416, 0.38600000739097595, 0.3869999945163727, 0.39100000262260437, 0.4000000059604645, 0.4099999964237213, 0.41999998688697815, 0.45500001311302185, 0.49799999594688416, 0.5889999866485596, 0.7509999871253967, 1.6330000162124634, 1.6330000162124634, 1.628999948501587, 1.628000020980835, 1.6299999952316284, 1.6200000047683716, 1.61899995803833, 1.6089999675750732, 1.6030000448226929, 1.6009999513626099, 1.6009999513626099, 1.590999960899353, 1.5809999704360962, 1.5759999752044678, 1.5709999799728394, 1.565999984741211, 1.562999963760376, 1.5570000410079956, 1.5509999990463257, 1.5390000343322754, 1.5410000085830688, 1.5410000085830688, 1.5369999408721924, 1.531999945640564, 1.531000018119812, 1.5260000228881836, 1.5219999551773071, 1.5210000276565552, 1.5160000324249268, 1.5089999437332153, 1.5049999952316284, 1.5049999952316284, 1.5019999742507935, 1.4989999532699585, 1.4919999837875366, 1.4839999675750732, 1.4800000190734863, 1.4730000495910645, 1.468000054359436, 1.4670000076293945, 1.4639999866485596, 1.4559999704360962, 1.4539999961853027, 1.4539999961853027, 1.4520000219345093, 1.4520000219345093, 1.4500000476837158, 1.4520000219345093, 1.4390000104904175, 1.434000015258789, 1.4320000410079956, 1.4320000410079956, 1.430999994277954, 1.4249999523162842, 1.4249999523162842, 1.4199999570846558, 1.4199999570846558, 1.4229999780654907, 1.4160000085830688, 1.4110000133514404, 1.4049999713897705, 1.3960000276565552, 1.4019999504089355, 1.409000039100647, 1.4049999713897705, 1.3949999809265137, 1.3940000534057617, 1.3899999856948853, 1.3839999437332153, 1.378000020980835, 1.3769999742507935, 1.3769999742507935, 1.371000051498413, 1.371999979019165, 1.3680000305175781, 1.3669999837875366, 1.3639999628067017, 1.371999979019165, 1.3700000047683716, 1.3619999885559082, 1.3530000448226929, 1.3550000190734863, 1.3509999513626099, 1.350000023841858, 1.3480000495910645, 1.3420000076293945, 1.340000033378601, 1.3420000076293945, 1.3450000286102295, 1.3480000495910645, 1.3480000495910645, 1.3450000286102295, 1.3389999866485596, 1.340999960899353, 1.340999960899353, 1.3450000286102295, 1.3370000123977661, 1.3389999866485596, 1.340000033378601, 1.3420000076293945, 1.3389999866485596, 1.3389999866485596, 1.3389999866485596, 1.3339999914169312, 1.3350000381469727, 1.3359999656677246, 1.3380000591278076, 1.3350000381469727, 1.3359999656677246, 1.3359999656677246, 1.3320000171661377, 1.3309999704360962, 1.3339999914169312, 1.3359999656677246, 1.3229999542236328, 1.3140000104904175, 1.3170000314712524, 1.3220000267028809, 1.3220000267028809, 1.3300000429153442, 1.3289999961853027, 1.3209999799728394, 1.315000057220459, 1.3140000104904175, 1.3140000104904175, 1.309000015258789, 1.309000015258789, 1.3109999895095825, 1.3140000104904175, 1.3140000104904175, 1.315000057220459, 1.315000057220459, 1.312000036239624, 1.309999942779541, 1.3040000200271606, 1.3049999475479126, 1.3020000457763672, 1.2990000247955322, 1.3049999475479126, 1.3009999990463257, 1.2949999570846558, 1.2949999570846558, 1.2999999523162842, 1.3009999990463257, 1.2979999780654907, 1.2949999570846558, 1.2899999618530273, 1.2960000038146973, 1.2970000505447388, 1.2920000553131104, 1.2869999408721924, 1.2890000343322754, 1.2970000505447388, 1.2970000505447388, 1.2929999828338623, 1.281999945640564, 1.281000018119812, 1.281000018119812, 1.2790000438690186, 1.284000039100647, 1.284000039100647, 1.2799999713897705, 1.2760000228881836, 1.2730000019073486, 1.2699999809265137, 1.2680000066757202, 1.2649999856948853, 1.2589999437332153, 1.2599999904632568, 1.2599999904632568, 1.2610000371932983, 1.2580000162124634, 1.25600004196167, 1.2589999437332153, 1.253999948501587, 1.253999948501587, 1.2580000162124634, 1.2569999694824219, 1.2519999742507935, 1.2519999742507935, 1.246999979019165, 1.246000051498413, 1.246000051498413, 1.2489999532699585, 1.2380000352859497, 1.2339999675750732, 1.2359999418258667, 1.2359999418258667, 1.2400000095367432, 1.2369999885559082, 1.2330000400543213, 1.2339999675750732, 1.2350000143051147, 1.2300000190734863, 1.2259999513626099, 1.2239999771118164, 1.225000023841858, 1.2230000495910645, 1.222000002861023, 1.218999981880188, 1.2109999656677246, 1.2100000381469727, 1.2100000381469727, 1.2100000381469727, 1.2059999704360962, 1.2029999494552612, 1.2029999494552612, 1.2000000476837158, 1.1979999542236328, 1.1970000267028809, 1.2009999752044678, 1.1929999589920044, 1.190999984741211, 1.190999984741211, 1.1859999895095825, 1.184999942779541, 1.180999994277954, 1.184999942779541, 1.1779999732971191, 1.1749999523162842, 1.1729999780654907, 1.1729999780654907, 1.1729999780654907, 1.1729999780654907, 1.1690000295639038, 1.1690000295639038, 1.1619999408721924, 1.159000039100647, 1.159000039100647, 1.156000018119812, 1.1549999713897705, 1.156999945640564, 1.1469999551773071, 1.1430000066757202, 1.1430000066757202, 1.1380000114440918, 1.1369999647140503, 1.1399999856948853, 1.1369999647140503, 1.1330000162124634, 1.1330000162124634, 1.1339999437332153, 1.1319999694824219, 1.1319999694824219, 1.1299999952316284, 1.121000051498413, 1.121000051498413, 1.121000051498413, 1.11899995803833, 1.1169999837875366, 1.1130000352859497, 1.1130000352859497, 1.1050000190734863, 1.1019999980926514, 1.1019999980926514, 1.1059999465942383, 1.097000002861023, 1.0920000076293945, 1.0920000076293945, 1.0920000076293945, 1.0880000591278076, 1.0859999656677246, 1.0820000171661377, 1.0820000171661377, 1.0820000171661377, 1.0779999494552612, 1.0770000219345093, 1.0759999752044678, 1.0759999752044678, 1.0709999799728394, 1.0759999752044678, 1.0759999752044678, 1.0720000267028809, 1.065000057220459, 1.065999984741211, 1.062000036239624, 1.059999942779541, 1.059999942779541, 1.059000015258789, 1.055999994277954, 1.0499999523162842, 1.0479999780654907, 1.0410000085830688, 1.0420000553131104, 1.0369999408721924, 1.0369999408721924, 1.0390000343322754, 1.0379999876022339, 1.0329999923706055, 1.031000018119812, 1.0219999551773071, 1.0260000228881836, 1.0210000276565552, 1.0119999647140503, 1.0069999694824219, 1.0119999647140503, 1.0119999647140503, 1.0069999694824219, 1.00600004196167, 1.0049999952316284, 1.0049999952316284, 1.003000020980835, 1.003999948501587, 1.0, 0.9950000047683716, 0.9879999756813049, 0.9879999756813049, 0.9879999756813049, 0.984000027179718, 0.9800000190734863, 0.9789999723434448, 0.9769999980926514, 0.9769999980926514, 0.9710000157356262, 0.972000002861023, 0.968999981880188, 0.968999981880188, 0.9559999704360962, 0.949999988079071, 0.9520000219345093, 0.9520000219345093, 0.9539999961853027, 0.9559999704360962, 0.9580000042915344, 0.9580000042915344, 0.949999988079071, 0.949999988079071, 0.9480000138282776, 0.949999988079071, 0.9480000138282776, 0.9419999718666077, 0.9350000023841858, 0.9350000023841858, 0.9350000023841858, 0.9240000247955322, 0.9190000295639038, 0.9200000166893005, 0.9190000295639038, 0.9179999828338623, 0.9190000295639038, 0.9179999828338623, 0.9120000004768372, 0.906000018119812, 0.9070000052452087, 0.906000018119812, 0.9010000228881836, 0.8999999761581421, 0.8999999761581421, 0.8980000019073486, 0.8899999856948853, 0.8899999856948853, 0.8899999856948853, 0.8889999985694885, 0.8859999775886536, 0.8840000033378601, 0.878000020980835, 0.875, 0.875, 0.875, 0.875, 0.8730000257492065, 0.8610000014305115, 0.8610000014305115, 0.8619999885559082, 0.8600000143051147, 0.8560000061988831, 0.8550000190734863, 0.859000027179718, 0.8550000190734863, 0.8519999980926514, 0.8450000286102295, 0.8420000076293945, 0.8420000076293945, 0.8379999995231628, 0.8410000205039978, 0.8370000123977661, 0.8379999995231628, 0.8370000123977661, 0.8330000042915344, 0.8330000042915344, 0.8309999704360962, 0.8240000009536743, 0.8190000057220459, 0.8169999718666077, 0.8159999847412109, 0.8100000023841858, 0.8050000071525574, 0.8069999814033508, 0.8109999895095825, 0.8040000200271606, 0.800000011920929, 0.8029999732971191, 0.8059999942779541, 0.800000011920929, 0.7940000295639038, 0.7900000214576721, 0.7900000214576721, 0.7900000214576721, 0.781000018119812, 0.7789999842643738, 0.7799999713897705, 0.7829999923706055, 0.7839999794960022, 0.781000018119812, 0.7699999809265137, 0.7670000195503235, 0.7670000195503235, 0.7639999985694885, 0.7620000243186951, 0.7639999985694885, 0.7609999775886536, 0.7590000033378601, 0.7590000033378601, 0.7570000290870667, 0.7509999871253967, 0.75, 0.7429999709129333, 0.7440000176429749, 0.7379999756813049, 0.7440000176429749, 0.7360000014305115, 0.7360000014305115, 0.7360000014305115, 0.7350000143051147, 0.7329999804496765, 0.7310000061988831, 0.7319999933242798, 0.7319999933242798, 0.7239999771118164, 0.722000002861023, 0.7179999947547913, 0.718999981880188, 0.7200000286102295, 0.7200000286102295, 0.7170000076293945, 0.7149999737739563, 0.7120000123977661, 0.7120000123977661, 0.7120000123977661, 0.7049999833106995, 0.7110000252723694, 0.7020000219345093, 0.6990000009536743, 0.6980000138282776, 0.6980000138282776, 0.6970000267028809, 0.6899999976158142, 0.6959999799728394, 0.6970000267028809, 0.6909999847412109, 0.6869999766349792, 0.6819999814033508, 0.6800000071525574, 0.6790000200271606, 0.6769999861717224, 0.6759999990463257, 0.6779999732971191, 0.6740000247955322, 0.6700000166893005, 0.6710000038146973, 0.675000011920929, 0.6759999990463257, 0.6769999861717224, 0.6710000038146973, 0.6710000038146973, 0.6660000085830688, 0.6700000166893005, 0.6660000085830688, 0.6660000085830688, 0.6629999876022339, 0.6650000214576721, 0.6610000133514404, 0.6600000262260437, 0.6650000214576721, 0.6650000214576721, 0.6499999761581421, 0.6480000019073486, 0.6489999890327454, 0.652999997138977, 0.6480000019073486, 0.6449999809265137, 0.640999972820282, 0.6389999985694885, 0.6389999985694885, 0.6380000114440918, 0.6380000114440918, 0.6349999904632568, 0.6399999856948853, 0.6399999856948853, 0.6380000114440918, 0.6470000147819519, 0.640999972820282, 0.6389999985694885, 0.6340000033378601, 0.6340000033378601, 0.6380000114440918, 0.6309999823570251, 0.6240000128746033, 0.6240000128746033, 0.625, 0.625, 0.6259999871253967, 0.6259999871253967, 0.625, 0.6209999918937683, 0.621999979019165, 0.6240000128746033, 0.6240000128746033, 0.6190000176429749, 0.6169999837875366, 0.6150000095367432, 0.6159999966621399, 0.6209999918937683, 0.6179999709129333, 0.6140000224113464, 0.6140000224113464, 0.6100000143051147, 0.6100000143051147, 0.609000027179718, 0.6050000190734863, 0.6039999723434448, 0.6029999852180481, 0.6060000061988831, 0.6079999804496765, 0.6069999933242798, 0.6050000190734863, 0.6050000190734863, 0.6029999852180481, 0.6019999980926514, 0.6010000109672546, 0.6079999804496765, 0.6039999723434448, 0.6010000109672546, 0.5989999771118164, 0.5960000157356262, 0.597000002861023, 0.5960000157356262, 0.597000002861023, 0.5960000157356262, 0.5960000157356262, 0.5960000157356262, 0.593999981880188, 0.593999981880188, 0.5960000157356262, 0.593999981880188, 0.5889999866485596, 0.5879999995231628, 0.5920000076293945, 0.5989999771118164, 0.6029999852180481, 0.5979999899864197, 0.5910000205039978, 0.5929999947547913, 0.593999981880188, 0.593999981880188, 0.5920000076293945, 0.5860000252723694, 0.5849999785423279, 0.5860000252723694, 0.5860000252723694, 0.5870000123977661, 0.5830000042915344, 0.5849999785423279, 0.5860000252723694, 0.5899999737739563, 0.5929999947547913, 0.597000002861023, 0.5950000286102295, 0.5879999995231628, 0.5879999995231628, 0.5899999737739563, 0.5899999737739563, 0.5870000123977661, 0.5860000252723694, 0.5799999833106995, 0.5809999704360962, 0.5809999704360962, 0.5839999914169312, 0.5879999995231628, 0.5879999995231628, 0.5839999914169312, 0.5839999914169312, 0.5899999737739563, 0.5870000123977661, 0.5849999785423279, 0.5879999995231628, 0.5870000123977661, 0.5820000171661377, 0.5860000252723694, 0.5910000205039978, 0.5870000123977661, 0.5830000042915344, 0.5830000042915344, 0.5860000252723694, 0.5860000252723694, 0.5860000252723694, 0.5870000123977661, 0.5910000205039978, 0.5860000252723694, 0.5820000171661377, 0.5809999704360962, 0.5809999704360962, 0.5799999833106995, 0.5809999704360962, 0.5839999914169312, 0.5839999914169312, 0.5860000252723694, 0.5879999995231628, 0.5849999785423279, 0.5809999704360962, 0.5860000252723694, 0.5889999866485596, 0.5910000205039978, 0.5899999737739563, 0.5899999737739563, 0.5889999866485596, 0.5910000205039978, 0.5879999995231628, 0.5860000252723694, 0.5879999995231628, 0.5910000205039978, 0.5910000205039978, 0.5899999737739563, 0.5889999866485596, 0.5889999866485596, 0.5950000286102295, 0.6039999723434448, 0.6000000238418579, 0.5960000157356262, 0.5960000157356262, 0.597000002861023, 0.5960000157356262, 0.5960000157356262, 0.5929999947547913, 0.5979999899864197, 0.5989999771118164, 0.5989999771118164, 0.6060000061988831, 0.6060000061988831, 0.6069999933242798, 0.6039999723434448, 0.6039999723434448, 0.6060000061988831, 0.6100000143051147, 0.6129999756813049, 0.6129999756813049, 0.6110000014305115, 0.6100000143051147, 0.6100000143051147, 0.6100000143051147, 0.6100000143051147, 0.6159999966621399, 0.6200000047683716, 0.6200000047683716, 0.6159999966621399, 0.6119999885559082, 0.6159999966621399, 0.6209999918937683, 0.6240000128746033, 0.6230000257492065, 0.6200000047683716, 0.6179999709129333, 0.6209999918937683, 0.6209999918937683, 0.621999979019165, 0.6240000128746033, 0.6240000128746033, 0.6269999742507935, 0.6190000176429749, 0.6169999837875366, 0.6209999918937683, 0.6240000128746033, 0.6259999871253967, 0.6240000128746033, 0.6230000257492065, 0.6240000128746033, 0.625, 0.6290000081062317, 0.6320000290870667, 0.6320000290870667, 0.6320000290870667, 0.6290000081062317, 0.628000020980835, 0.6259999871253967, 0.6259999871253967, 0.6290000081062317, 0.6330000162124634, 0.6330000162124634, 0.6299999952316284, 0.6330000162124634, 0.6330000162124634, 0.6330000162124634, 0.6330000162124634, 0.6389999985694885, 0.6389999985694885, 0.6380000114440918, 0.6380000114440918, 0.640999972820282, 0.6420000195503235, 0.6460000276565552, 0.6520000100135803, 0.6520000100135803, 0.6489999890327454, 0.6510000228881836, 0.6520000100135803, 0.6520000100135803, 0.6539999842643738, 0.6489999890327454, 0.6510000228881836, 0.6499999761581421, 0.6499999761581421, 0.6510000228881836, 0.6539999842643738, 0.6539999842643738, 0.6539999842643738, 0.652999997138977, 0.6539999842643738, 0.652999997138977, 0.656000018119812, 0.656000018119812, 0.6539999842643738, 0.6589999794960022, 0.6650000214576721, 0.6690000295639038, 0.671999990940094, 0.6769999861717224, 0.6769999861717224, 0.6759999990463257, 0.6759999990463257, 0.6890000104904175, 0.6930000185966492, 0.6840000152587891, 0.6859999895095825, 0.6899999976158142, 0.6940000057220459, 0.703000009059906, 0.703000009059906, 0.7059999704360962, 0.7089999914169312, 0.7120000123977661, 0.7120000123977661]
intensities: [1056.0, 1106.0, 1106.0, 1115.0, 1168.0, 1156.0, 1203.0, 1283.0, 1288.0, 1323.0, 1357.0, 1384.0, 1385.0, 1324.0, 1256.0, 1219.0, 1147.0, 1004.0, 1004.0, 780.0, 891.0, 964.0, 991.0, 1017.0, 1029.0, 1011.0, 1004.0, 1019.0, 1045.0, 1126.0, 1153.0, 1284.0, 1362.0, 1395.0, 1414.0, 1460.0, 1439.0, 1489.0, 1508.0, 1499.0, 1508.0, 1508.0, 1508.0, 1508.0, 1525.0, 1512.0, 1517.0, 1516.0, 1514.0, 1499.0, 1514.0, 1514.0, 1508.0, 1509.0, 1510.0, 1514.0, 1499.0, 1499.0, 1490.0, 1490.0, 1494.0, 1476.0, 1490.0, 1472.0, 1476.0, 1472.0, 1489.0, 1489.0, 1485.0, 1489.0, 1474.0, 1477.0, 1468.0, 1452.0, 1462.0, 1456.0, 1455.0, 1472.0, 1472.0, 1469.0, 1453.0, 1453.0, 1449.0, 1439.0, 1447.0, 1421.0, 1426.0, 1426.0, 1425.0, 1421.0, 1423.0, 1422.0, 1423.0, 1444.0, 1413.0, 1391.0, 1389.0, 1399.0, 1396.0, 1401.0, 1412.0, 1412.0, 1383.0, 1351.0, 1355.0, 1383.0, 1383.0, 1368.0, 1384.0, 1369.0, 1356.0, 1356.0, 1351.0, 1358.0, 1361.0, 1360.0, 1369.0, 1354.0, 1362.0, 1353.0, 1359.0, 1343.0, 1331.0, 1332.0, 1342.0, 1327.0, 1308.0, 1327.0, 1301.0, 1301.0, 1303.0, 1296.0, 1297.0, 1289.0, 1281.0, 1300.0, 1301.0, 1289.0, 1287.0, 1287.0, 1283.0, 1281.0, 1281.0, 1305.0, 1268.0, 1255.0, 1283.0, 1281.0, 1281.0, 1281.0, 1288.0, 1285.0, 1272.0, 1287.0, 1281.0, 1283.0, 1283.0, 1272.0, 1272.0, 1258.0, 1276.0, 1277.0, 1268.0, 1255.0, 1251.0, 1252.0, 1271.0, 1271.0, 1261.0, 1256.0, 1254.0, 1254.0, 1266.0, 1266.0, 1274.0, 1250.0, 1248.0, 1247.0, 1243.0, 1251.0, 1274.0, 1235.0, 1241.0, 1236.0, 1244.0, 1253.0, 1249.0, 1233.0, 1242.0, 1248.0, 1242.0, 1224.0, 1226.0, 1223.0, 1226.0, 1231.0, 1253.0, 1253.0, 1238.0, 1237.0, 1192.0, 1215.0, 1214.0, 1222.0, 1222.0, 1219.0, 1221.0, 1223.0, 1230.0, 1231.0, 1223.0, 1215.0, 1229.0, 1222.0, 1220.0, 1224.0, 1215.0, 1212.0, 1219.0, 1183.0, 1196.0, 1185.0, 1198.0, 1193.0, 1199.0, 1178.0, 1185.0, 1185.0, 1187.0, 1170.0, 1179.0, 1177.0, 1165.0, 1165.0, 1163.0, 1150.0, 1142.0, 1151.0, 1168.0, 1175.0, 1161.0, 1149.0, 1152.0, 1164.0, 1164.0, 1158.0, 1146.0, 1145.0, 1150.0, 1160.0, 1154.0, 1152.0, 1161.0, 1161.0, 1137.0, 1133.0, 1129.0, 1122.0, 1129.0, 1114.0, 1111.0, 1127.0, 1127.0, 1120.0, 1121.0, 1113.0, 1130.0, 1130.0, 1130.0, 1124.0, 1130.0, 1124.0, 1120.0, 1122.0, 1115.0, 1108.0, 1107.0, 1129.0, 1129.0, 1132.0, 1127.0, 1118.0, 1118.0, 1127.0, 1132.0, 1146.0, 1157.0, 1157.0, 1162.0, 1168.0, 1193.0, 1202.0, 1221.0, 1219.0, 1230.0, 1242.0, 1213.0, 1225.0, 1222.0, 1222.0, 1234.0, 1227.0, 1223.0, 1229.0, 1229.0, 1231.0, 1220.0, 1244.0, 1235.0, 1242.0, 1251.0, 1244.0, 1211.0, 1210.0, 1213.0, 1198.0, 1195.0, 1178.0, 1182.0, 1200.0, 1200.0, 1166.0, 1149.0, 1139.0, 1145.0, 1141.0, 1128.0, 1126.0, 1122.0, 1122.0, 1139.0, 1137.0, 1143.0, 1143.0, 1131.0, 1119.0, 1221.0, 1469.0, 1527.0, 1425.0, 1058.0, 1058.0, 1070.0, 1074.0, 1080.0, 1079.0, 1094.0, 1070.0, 1078.0, 1088.0, 1105.0, 1097.0, 1091.0, 1105.0, 1105.0, 1111.0, 1115.0, 1105.0, 1110.0, 1103.0, 1117.0, 1120.0, 1116.0, 1103.0, 1104.0, 1114.0, 1107.0, 1110.0, 1125.0, 1116.0, 1108.0, 1108.0, 1088.0, 1100.0, 1112.0, 1113.0, 1107.0, 1107.0, 1110.0, 1105.0, 1097.0, 1083.0, 1075.0, 1104.0, 1126.0, 1126.0, 1113.0, 1131.0, 1117.0, 1116.0, 1162.0, 1146.0, 1130.0, 1136.0, 1136.0, 1139.0, 1114.0, 1131.0, 1150.0, 1159.0, 1137.0, 1118.0, 1130.0, 1143.0, 1117.0, 1131.0, 1124.0, 1122.0, 1132.0, 1119.0, 1123.0, 1123.0, 1094.0, 1127.0, 1146.0, 1159.0, 1120.0, 1133.0, 1147.0, 1147.0, 1111.0, 1116.0, 1106.0, 1137.0, 1130.0, 1129.0, 1122.0, 1129.0, 1133.0, 1148.0, 1148.0, 1163.0, 1177.0, 1193.0, 1193.0, 1223.0, 1223.0, 1233.0, 1233.0, 1244.0, 1232.0, 1232.0, 1232.0, 1232.0, 1250.0, 1258.0, 1254.0, 1252.0, 1256.0, 1256.0, 1255.0, 1258.0, 1246.0, 1262.0, 1247.0, 1256.0, 1264.0, 1264.0, 1264.0, 1270.0, 1259.0, 1266.0, 1274.0, 1275.0, 1277.0, 1272.0, 1271.0, 1273.0, 1273.0, 1271.0, 1280.0, 1275.0, 1279.0, 1268.0, 1279.0, 1281.0, 1279.0, 1280.0, 1281.0, 1280.0, 1270.0, 1270.0, 1262.0, 1264.0, 1266.0, 1280.0, 1263.0, 1280.0, 1287.0, 1283.0, 1284.0, 1280.0, 1288.0, 1288.0, 1280.0, 1270.0, 1278.0, 1278.0, 1286.0, 1284.0, 1284.0, 1275.0, 1273.0, 1270.0, 1284.0, 1296.0, 1277.0, 1267.0, 1268.0, 1268.0, 1269.0, 1273.0, 1279.0, 1299.0, 1259.0, 1259.0, 1279.0, 1277.0, 1280.0, 1280.0, 1288.0, 1291.0, 1291.0, 1271.0, 1267.0, 1269.0, 1280.0, 1280.0, 1288.0, 1287.0, 1285.0, 1291.0, 1289.0, 1283.0, 1273.0, 1285.0, 1282.0, 1272.0, 1281.0, 1292.0, 1293.0, 1292.0, 1292.0, 1300.0, 1303.0, 1277.0, 1267.0, 1285.0, 1292.0, 1292.0, 1306.0, 1291.0, 1300.0, 1308.0, 1307.0, 1306.0, 1294.0, 1313.0, 1310.0, 1303.0, 1309.0, 1320.0, 1317.0, 1315.0, 1306.0, 1307.0, 1301.0, 1313.0, 1316.0, 1312.0, 1303.0, 1317.0, 1327.0, 1325.0, 1323.0, 1308.0, 1313.0, 1329.0, 1318.0, 1311.0, 1311.0, 1319.0, 1328.0, 1328.0, 1337.0, 1321.0, 1321.0, 1321.0, 1325.0, 1334.0, 1342.0, 1333.0, 1338.0, 1344.0, 1344.0, 1325.0, 1326.0, 1314.0, 1313.0, 1313.0, 1317.0, 1311.0, 1340.0, 1337.0, 1349.0, 1350.0, 1349.0, 1343.0, 1346.0, 1331.0, 1356.0, 1356.0, 1355.0, 1363.0, 1368.0, 1354.0, 1354.0, 1356.0, 1363.0, 1370.0, 1363.0, 1356.0, 1356.0, 1362.0, 1377.0, 1377.0, 1365.0, 1378.0, 1374.0, 1369.0, 1375.0, 1377.0, 1380.0, 1388.0, 1378.0, 1402.0, 1402.0, 1391.0, 1397.0, 1389.0, 1393.0, 1393.0, 1400.0, 1380.0, 1385.0, 1403.0, 1401.0, 1399.0, 1387.0, 1407.0, 1419.0, 1405.0, 1407.0, 1405.0, 1415.0, 1423.0, 1425.0, 1422.0, 1428.0, 1432.0, 1430.0, 1431.0, 1438.0, 1432.0, 1446.0, 1447.0, 1447.0, 1452.0, 1455.0, 1450.0, 1430.0, 1455.0, 1460.0, 1460.0, 1465.0, 1454.0, 1461.0, 1464.0, 1467.0, 1462.0, 1474.0, 1472.0, 1456.0, 1463.0, 1468.0, 1465.0, 1463.0, 1460.0, 1466.0, 1471.0, 1471.0, 1474.0, 1482.0, 1466.0, 1468.0, 1487.0, 1476.0, 1474.0, 1474.0, 1491.0, 1480.0, 1479.0, 1473.0, 1473.0, 1477.0, 1481.0, 1483.0, 1489.0, 1488.0, 1497.0, 1497.0, 1491.0, 1491.0, 1483.0, 1506.0, 1511.0, 1511.0, 1504.0, 1512.0, 1508.0, 1516.0, 1509.0, 1509.0, 1495.0, 1503.0, 1505.0, 1508.0, 1511.0, 1505.0, 1511.0, 1518.0, 1498.0, 1502.0, 1500.0, 1501.0, 1499.0, 1505.0, 1511.0, 1511.0, 1520.0, 1512.0, 1505.0, 1505.0, 1512.0, 1526.0, 1533.0, 1533.0, 1532.0, 1524.0, 1522.0, 1520.0, 1519.0, 1519.0, 1527.0, 1519.0, 1525.0, 1531.0, 1530.0, 1527.0, 1529.0, 1523.0, 1526.0, 1539.0, 1530.0, 1507.0, 1510.0, 1522.0, 1519.0, 1516.0, 1517.0, 1485.0, 1508.0, 1532.0, 1515.0, 1508.0, 1507.0, 1513.0, 1509.0, 1502.0, 1470.0, 1494.0, 1487.0, 1490.0, 1473.0, 1473.0, 1498.0, 1491.0, 1508.0, 1483.0, 1498.0, 1487.0, 1491.0, 1481.0, 1500.0, 1489.0, 1476.0, 1481.0, 1478.0, 1486.0, 1498.0, 1531.0, 1524.0, 1536.0, 1525.0, 1501.0, 1483.0, 1472.0, 1479.0, 1459.0, 1481.0, 1474.0, 1459.0, 1470.0, 1466.0, 1467.0, 1484.0, 1494.0, 1484.0, 1495.0, 1486.0, 1486.0, 1477.0, 1485.0, 1485.0, 1518.0, 1482.0, 1491.0, 1508.0, 1507.0, 1502.0, 1497.0, 1502.0, 1500.0, 1504.0, 1504.0, 1498.0, 1498.0, 1455.0, 1476.0, 1506.0, 1500.0, 1495.0, 1475.0, 1459.0, 1474.0, 1468.0, 1465.0, 1451.0, 1456.0, 1459.0, 1450.0, 1456.0, 1459.0, 1446.0, 1445.0, 1454.0, 1458.0, 1458.0, 1454.0, 1429.0, 1443.0, 1426.0, 1431.0, 1426.0, 1428.0, 1426.0, 1426.0, 1426.0, 1432.0, 1426.0, 1426.0, 1426.0, 1426.0, 1422.0, 1409.0, 1422.0, 1402.0, 1411.0, 1408.0, 1408.0, 1408.0, 1405.0, 1405.0, 1394.0, 1398.0, 1392.0, 1393.0, 1388.0, 1400.0, 1400.0, 1383.0, 1378.0, 1379.0, 1376.0, 1376.0, 1366.0, 1365.0, 1368.0, 1363.0, 1364.0, 1368.0, 1360.0, 1359.0, 1346.0, 1356.0, 1343.0, 1350.0, 1350.0, 1342.0, 1359.0, 1365.0, 1365.0, 1356.0, 1366.0, 1354.0, 1357.0, 1333.0, 1338.0, 1333.0, 1333.0, 1323.0, 1335.0, 1330.0, 1344.0, 1342.0, 1337.0, 1329.0, 1344.0, 1323.0, 1312.0, 1318.0, 1319.0, 1314.0, 1319.0, 1313.0, 1324.0, 1300.0, 1334.0, 1324.0, 1317.0, 1308.0, 1304.0, 1300.0, 1309.0, 1311.0, 1296.0, 1306.0, 1312.0, 1304.0, 1296.0, 1314.0, 1298.0, 1304.0, 1301.0, 1301.0, 1295.0, 1297.0, 1290.0, 1292.0, 1290.0, 1296.0, 1296.0, 1299.0, 1304.0, 1304.0, 1331.0, 1308.0, 1306.0, 1304.0, 1304.0, 1315.0, 1307.0, 1311.0, 1311.0, 1327.0, 1336.0, 1314.0, 1313.0, 1317.0, 1330.0, 1339.0, 1337.0, 1330.0, 1332.0, 1334.0, 1330.0, 1339.0, 1332.0, 1332.0, 1330.0, 1323.0, 1333.0, 1338.0, 1338.0, 1327.0, 1324.0, 1337.0, 1339.0, 1351.0, 1348.0, 1348.0, 1352.0, 1334.0, 1334.0, 1332.0, 1334.0, 1331.0, 1357.0, 1336.0, 1333.0, 1362.0, 1337.0, 1352.0, 1348.0, 1347.0, 1346.0, 1348.0, 1347.0, 1359.0, 1359.0, 1371.0, 1364.0, 1362.0, 1360.0, 1354.0, 1353.0, 1364.0, 1362.0, 1362.0, 1351.0, 1365.0, 1376.0, 1376.0, 1365.0, 1365.0, 1364.0, 1368.0, 1374.0, 1378.0, 1376.0, 1386.0, 1384.0, 1382.0, 1381.0, 1378.0, 1376.0, 1394.0, 1376.0, 1406.0, 1394.0, 1392.0, 1393.0, 1396.0, 1396.0, 1400.0, 1398.0, 1403.0, 1398.0, 1405.0, 1406.0, 1404.0, 1395.0, 1391.0, 1396.0, 1400.0, 1398.0, 1395.0, 1389.0, 1393.0, 1374.0, 1381.0, 1361.0, 1385.0, 1387.0, 1385.0, 1385.0, 1382.0, 1373.0, 1355.0, 1348.0, 1348.0]