header: 
  seq: 2510
  stamp: 
    secs: 1548820819
    nsecs: 963542179
  frame_id: "base_link"
angle_min: -2.35619449615
angle_max: 2.35619449615
angle_increment: 0.00436332309619
time_increment: 1.73611151695e-05
scan_time: 0.0250000003725
range_min: 0.019999999553
range_max: 30.0
ranges: [0.5170000195503235, 0.5440000295639038, 0.550000011920929, 0.5490000247955322, 0.5429999828338623, 0.546999990940094, 0.5479999780654907, 0.5569999814033508, 0.5609999895095825, 0.5630000233650208, 0.5609999895095825, 0.5580000281333923, 0.5609999895095825, 0.5440000295639038, 0.5049999952316284, 0.4569999873638153, 0.3869999945163727, 0.36800000071525574, 0.3610000014305115, 0.37400001287460327, 0.40700000524520874, 0.4690000116825104, 0.5270000100135803, 0.5350000262260437, 0.5490000247955322, 0.5440000295639038, 0.546999990940094, 0.5400000214576721, 0.5389999747276306, 0.5329999923706055, 0.5370000004768372, 0.5429999828338623, 0.5189999938011169, 0.5339999794960022, 0.5379999876022339, 0.5370000004768372, 0.5360000133514404, 0.5350000262260437, 0.5329999923706055, 0.5320000052452087, 0.5260000228881836, 0.5249999761581421, 0.5199999809265137, 0.5170000195503235, 0.5130000114440918, 0.5170000195503235, 0.5199999809265137, 0.5180000066757202, 0.515999972820282, 0.515999972820282, 0.5199999809265137, 0.5220000147819519, 0.5139999985694885, 0.5070000290870667, 0.5040000081062317, 0.503000020980835, 0.5070000290870667, 0.5090000033378601, 0.5080000162124634, 0.5099999904632568, 0.5040000081062317, 0.49900001287460327, 0.49900001287460327, 0.4959999918937683, 0.49900001287460327, 0.49900001287460327, 0.49900001287460327, 0.49399998784065247, 0.49300000071525574, 0.49900001287460327, 0.49900001287460327, 0.49900001287460327, 0.49900001287460327, 0.49900001287460327, 0.49399998784065247, 0.49399998784065247, 0.49399998784065247, 0.4909999966621399, 0.49300000071525574, 0.49300000071525574, 0.4909999966621399, 0.48899999260902405, 0.48399999737739563, 0.4830000102519989, 0.4830000102519989, 0.48399999737739563, 0.4869999885559082, 0.4860000014305115, 0.4819999933242798, 0.4830000102519989, 0.4860000014305115, 0.47600001096725464, 0.4749999940395355, 0.4790000021457672, 0.47699999809265137, 0.47600001096725464, 0.4699999988079071, 0.4699999988079071, 0.4740000069141388, 0.4749999940395355, 0.4749999940395355, 0.4699999988079071, 0.46799999475479126, 0.46799999475479126, 0.46799999475479126, 0.47099998593330383, 0.46799999475479126, 0.46799999475479126, 0.46799999475479126, 0.46299999952316284, 0.4659999907016754, 0.46700000762939453, 0.46799999475479126, 0.4659999907016754, 0.4650000035762787, 0.46799999475479126, 0.47200000286102295, 0.4659999907016754, 0.46399998664855957, 0.46299999952316284, 0.46000000834465027, 0.45399999618530273, 0.46299999952316284, 0.4659999907016754, 0.45899999141693115, 0.45899999141693115, 0.46000000834465027, 0.4560000002384186, 0.4560000002384186, 0.4569999873638153, 0.4580000042915344, 0.4569999873638153, 0.4560000002384186, 0.4519999921321869, 0.4560000002384186, 0.4569999873638153, 0.460999995470047, 0.4519999921321869, 0.45100000500679016, 0.44999998807907104, 0.45100000500679016, 0.45500001311302185, 0.4560000002384186, 0.4519999921321869, 0.4449999928474426, 0.4449999928474426, 0.44999998807907104, 0.45100000500679016, 0.4519999921321869, 0.453000009059906, 0.453000009059906, 0.44999998807907104, 0.4429999887943268, 0.44200000166893005, 0.45100000500679016, 0.4569999873638153, 0.453000009059906, 0.45899999141693115, 0.45899999141693115, 0.45500001311302185, 0.4480000138282776, 0.4440000057220459, 0.4449999928474426, 0.4390000104904175, 0.4399999976158142, 0.4440000057220459, 0.44600000977516174, 0.44699999690055847, 0.44699999690055847, 0.4480000138282776, 0.4480000138282776, 0.4429999887943268, 0.4429999887943268, 0.44200000166893005, 0.4440000057220459, 0.4390000104904175, 0.4449999928474426, 0.44600000977516174, 0.4490000009536743, 0.45399999618530273, 0.4410000145435333, 0.4410000145435333, 0.44200000166893005, 0.43799999356269836, 0.43799999356269836, 0.4399999976158142, 0.43799999356269836, 0.4429999887943268, 0.4390000104904175, 0.44600000977516174, 0.44600000977516174, 0.4429999887943268, 0.4410000145435333, 0.43700000643730164, 0.43799999356269836, 0.4359999895095825, 0.4359999895095825, 0.4350000023841858, 0.4359999895095825, 0.4359999895095825, 0.4339999854564667, 0.4399999976158142, 0.4399999976158142, 0.44200000166893005, 0.44200000166893005, 0.4390000104904175, 0.44200000166893005, 0.4440000057220459, 0.44600000977516174, 0.4449999928474426, 0.4440000057220459, 0.43700000643730164, 0.4309999942779541, 0.44200000166893005, 0.44200000166893005, 0.4440000057220459, 0.44200000166893005, 0.4410000145435333, 0.4390000104904175, 0.44200000166893005, 0.4519999921321869, 0.4519999921321869, 0.44699999690055847, 0.4390000104904175, 0.4410000145435333, 0.4410000145435333, 0.4339999854564667, 0.43299999833106995, 0.4359999895095825, 0.4429999887943268, 0.4410000145435333, 0.4429999887943268, 0.4440000057220459, 0.4429999887943268, 0.4359999895095825, 0.4359999895095825, 0.43799999356269836, 0.4390000104904175, 0.4399999976158142, 0.4390000104904175, 0.4440000057220459, 0.44600000977516174, 0.44600000977516174, 0.44699999690055847, 0.44699999690055847, 0.44699999690055847, 0.44699999690055847, 0.44699999690055847, 0.4429999887943268, 0.4390000104904175, 0.4410000145435333, 0.44600000977516174, 0.44699999690055847, 0.44699999690055847, 0.4440000057220459, 0.4480000138282776, 0.4480000138282776, 0.4480000138282776, 0.4490000009536743, 0.44999998807907104, 0.4519999921321869, 0.4569999873638153, 0.46000000834465027, 0.4569999873638153, 0.4569999873638153, 0.45500001311302185, 0.45100000500679016, 0.45100000500679016, 0.45399999618530273, 0.45500001311302185, 0.45500001311302185, 0.46000000834465027, 0.460999995470047, 0.460999995470047, 0.4620000123977661, 0.46700000762939453, 0.4690000116825104, 0.46799999475479126, 0.46700000762939453, 0.46399998664855957, 0.4659999907016754, 0.4690000116825104, 0.4699999988079071, 0.4690000116825104, 0.47200000286102295, 0.47600001096725464, 0.47999998927116394, 0.46799999475479126, 0.46799999475479126, 0.47099998593330383, 0.4880000054836273, 0.47600001096725464, 0.47999998927116394, 0.48399999737739563, 0.48500001430511475, 0.48899999260902405, 0.4860000014305115, 0.492000013589859, 0.4970000088214874, 0.4970000088214874, 0.4970000088214874, 0.49300000071525574, 0.4970000088214874, 0.5040000081062317, 0.5049999952316284, 0.5049999952316284, 0.5019999742507935, 0.5049999952316284, 0.5070000290870667, 0.5099999904632568, 0.5099999904632568, 0.5149999856948853, 0.515999972820282, 0.5149999856948853, 0.515999972820282, 0.515999972820282, 0.5210000276565552, 0.5220000147819519, 0.5220000147819519, 0.5249999761581421, 0.5270000100135803, 0.527999997138977, 0.527999997138977, 0.5299999713897705, 0.5299999713897705, 0.5299999713897705, 0.5339999794960022, 0.5419999957084656, 0.5450000166893005, 0.5350000262260437, 0.5350000262260437, 0.5400000214576721, 0.5440000295639038, 0.5479999780654907, 0.5479999780654907, 0.5479999780654907, 0.5540000200271606, 0.5580000281333923, 0.5600000023841858, 0.5600000023841858, 0.5569999814033508, 0.5550000071525574, 0.5619999766349792, 0.5669999718666077, 0.5659999847412109, 0.5640000104904175, 0.5699999928474426, 0.5759999752044678, 0.578000009059906, 0.5820000171661377, 0.5870000123977661, 0.5899999737739563, 0.5889999866485596, 0.5910000205039978, 0.5989999771118164, 0.6019999980926514, 0.6029999852180481, 0.6039999723434448, 0.6019999980926514, 0.6019999980926514, 0.6019999980926514, 0.6119999885559082, 0.6159999966621399, 0.6150000095367432, 0.6159999966621399, 0.621999979019165, 0.6299999952316284, 0.6299999952316284, 0.6299999952316284, 0.6370000243186951, 0.6399999856948853, 0.6430000066757202, 0.6460000276565552, 0.6470000147819519, 0.6510000228881836, 0.652999997138977, 0.6570000052452087, 0.656000018119812, 0.6629999876022339, 0.6629999876022339, 0.6690000295639038, 0.6679999828338623, 0.6729999780654907, 0.6759999990463257, 0.6819999814033508, 0.6880000233650208, 0.6909999847412109, 0.6949999928474426, 0.6940000057220459, 0.6949999928474426, 0.6970000267028809, 0.7020000219345093, 0.7099999785423279, 0.7149999737739563, 0.718999981880188, 0.722000002861023, 0.7279999852180481, 0.7319999933242798, 0.7400000095367432, 0.7429999709129333, 0.746999979019165, 0.7459999918937683, 0.7519999742507935, 0.7590000033378601, 0.7590000033378601, 0.7749999761581421, 0.7749999761581421, 0.7670000195503235, 0.7609999775886536, 0.7630000114440918, 0.7799999713897705, 0.8240000009536743, 0.824999988079071, 0.8970000147819519, 0.9800000190734863, 1.1419999599456787, 1.2079999446868896, 1.2869999408721924, 1.4199999570846558, 1.9429999589920044, 1.9429999589920044, 1.940000057220459, 1.940000057220459, 1.9290000200271606, 1.9259999990463257, 1.9270000457763672, 1.9229999780654907, 1.9170000553131104, 1.9140000343322754, 1.9129999876022339, 1.909999966621399, 1.902999997138977, 1.8890000581741333, 1.8890000581741333, 1.8869999647140503, 1.8849999904632568, 1.8799999952316284, 1.8799999952316284, 1.8739999532699585, 1.871000051498413, 1.8730000257492065, 1.8639999628067017, 1.8550000190734863, 1.8489999771118164, 1.8459999561309814, 1.8459999561309814, 1.843000054359436, 1.8380000591278076, 1.8350000381469727, 1.8270000219345093, 1.8259999752044678, 1.8270000219345093, 1.8250000476837158, 1.8209999799728394, 1.812999963760376, 1.8109999895095825, 1.809999942779541, 1.809000015258789, 1.8029999732971191, 1.7990000247955322, 1.7940000295639038, 1.7879999876022339, 1.7829999923706055, 1.7799999713897705, 1.7769999504089355, 1.7699999809265137, 1.7669999599456787, 1.7599999904632568, 1.7589999437332153, 1.7580000162124634, 1.7580000162124634, 1.753999948501587, 1.753000020980835, 1.753000020980835, 1.7480000257492065, 1.74399995803833, 1.74399995803833, 1.7480000257492065, 1.746000051498413, 1.7410000562667847, 1.7300000190734863, 1.7359999418258667, 1.7350000143051147, 1.7319999933242798, 1.7280000448226929, 1.7319999933242798, 1.7350000143051147, 1.7350000143051147, 1.722000002861023, 1.7209999561309814, 1.7230000495910645, 1.7239999771118164, 1.715000033378601, 1.7100000381469727, 1.7079999446868896, 1.7050000429153442, 1.7070000171661377, 1.7020000219345093, 1.7029999494552612, 1.7039999961853027, 1.6979999542236328, 1.6890000104904175, 1.687999963760376, 1.687999963760376, 1.687999963760376, 1.6799999475479126, 1.6779999732971191, 1.6749999523162842, 1.6770000457763672, 1.6729999780654907, 1.6720000505447388, 1.6720000505447388, 1.6679999828338623, 1.6649999618530273, 1.6610000133514404, 1.6619999408721924, 1.659000039100647, 1.6579999923706055, 1.649999976158142, 1.6410000324249268, 1.6390000581741333, 1.6299999952316284, 1.6339999437332153, 1.6339999437332153, 1.6349999904632568, 1.6260000467300415, 1.6230000257492065, 1.6230000257492065, 1.6200000047683716, 1.6100000143051147, 1.6059999465942383, 1.6089999675750732, 1.6119999885559082, 1.6039999723434448, 1.6019999980926514, 1.5920000076293945, 1.5920000076293945, 1.5800000429153442, 1.5720000267028809, 1.5709999799728394, 1.5670000314712524, 1.562000036239624, 1.5609999895095825, 1.559999942779541, 1.5540000200271606, 1.5470000505447388, 1.5440000295639038, 1.5420000553131104, 1.5410000085830688, 1.5360000133514404, 1.531999945640564, 1.5260000228881836, 1.5199999809265137, 1.5240000486373901, 1.5160000324249268, 1.5140000581741333, 1.503000020980835, 1.503000020980835, 1.503000020980835, 1.503000020980835, 1.4930000305175781, 1.4919999837875366, 1.4919999837875366, 1.4789999723434448, 1.468999981880188, 1.4670000076293945, 1.4670000076293945, 1.4570000171661377, 1.4529999494552612, 1.4539999961853027, 1.4479999542236328, 1.4429999589920044, 1.437999963760376, 1.4329999685287476, 1.4210000038146973, 1.4160000085830688, 1.4119999408721924, 1.406999945640564, 1.406000018119812, 1.406000018119812, 1.3980000019073486, 1.3969999551773071, 1.3960000276565552, 1.3839999437332153, 1.378999948501587, 1.3569999933242798, 1.3630000352859497, 1.3619999885559082, 1.3609999418258667, 1.3519999980926514, 1.347000002861023, 1.3359999656677246, 1.3279999494552612, 1.3270000219345093, 1.3259999752044678, 1.3220000267028809, 1.3140000104904175, 1.309000015258789, 1.3029999732971191, 1.2899999618530273, 1.284000039100647, 1.281999945640564, 1.2829999923706055, 1.2790000438690186, 1.2680000066757202, 1.2669999599456787, 1.2619999647140503, 1.2519999742507935, 1.2430000305175781, 1.2430000305175781, 1.2389999628067017, 1.2309999465942383, 1.2259999513626099, 1.225000023841858, 1.215999960899353, 1.215000033378601, 1.2070000171661377, 1.1990000009536743, 1.1929999589920044, 1.190000057220459, 1.1829999685287476, 1.1740000247955322, 1.1679999828338623, 1.156000018119812, 1.156000018119812, 1.1540000438690186, 1.1469999551773071, 1.1380000114440918, 1.1349999904632568, 1.1339999437332153, 1.125, 1.1180000305175781, 1.1119999885559082, 1.1080000400543213, 1.1019999980926514, 1.0959999561309814, 1.0920000076293945, 1.0770000219345093, 1.0789999961853027, 1.0750000476837158, 1.059000015258789, 1.0579999685287476, 1.0520000457763672, 1.0440000295639038, 1.0369999408721924, 1.024999976158142, 1.0219999551773071, 1.0190000534057617, 1.0160000324249268, 1.0, 0.9890000224113464, 0.9869999885559082, 0.9810000061988831, 0.9679999947547913, 0.9629999995231628, 0.9599999785423279, 0.9520000219345093, 0.9419999718666077, 0.9419999718666077, 0.9350000023841858, 0.9340000152587891, 0.9269999861717224, 0.9160000085830688, 0.9110000133514404, 0.9049999713897705, 0.9020000100135803, 0.890999972820282, 0.8830000162124634, 0.8820000290870667, 0.8700000047683716, 0.8679999709129333, 0.8619999885559082, 0.8500000238418579, 0.8489999771118164, 0.8510000109672546, 0.8389999866485596, 0.8360000252723694, 0.8339999914169312, 0.8289999961853027, 0.8230000138282776, 0.8199999928474426, 0.8199999928474426, 0.8109999895095825, 0.7990000247955322, 0.7929999828338623, 0.7870000004768372, 0.7839999794960022, 0.7820000052452087, 0.7829999923706055, 0.7789999842643738, 0.7749999761581421, 0.7710000276565552, 0.7670000195503235, 0.7590000033378601, 0.7519999742507935, 0.7459999918937683, 0.7419999837875366, 0.7400000095367432, 0.7329999804496765, 0.7279999852180481, 0.7250000238418579, 0.7210000157356262, 0.718999981880188, 0.7170000076293945, 0.7110000252723694, 0.703000009059906, 0.6980000138282776, 0.6980000138282776, 0.6990000009536743, 0.6930000185966492, 0.6880000233650208, 0.6850000023841858, 0.6859999895095825, 0.6859999895095825, 0.6859999895095825, 0.6759999990463257, 0.6740000247955322, 0.6740000247955322, 0.6729999780654907, 0.6610000133514404, 0.6610000133514404, 0.6629999876022339, 0.6579999923706055, 0.6570000052452087, 0.652999997138977, 0.6489999890327454, 0.6539999842643738, 0.652999997138977, 0.6349999904632568, 0.6320000290870667, 0.6320000290870667, 0.6340000033378601, 0.6340000033378601, 0.625, 0.628000020980835, 0.628000020980835, 0.6119999885559082, 0.6159999966621399, 0.6200000047683716, 0.6129999756813049, 0.6100000143051147, 0.6060000061988831, 0.609000027179718, 0.6060000061988831, 0.6060000061988831, 0.6039999723434448, 0.5960000157356262, 0.5899999737739563, 0.5899999737739563, 0.5860000252723694, 0.5809999704360962, 0.578000009059906, 0.5809999704360962, 0.5809999704360962, 0.5809999704360962, 0.5809999704360962, 0.5809999704360962, 0.5740000009536743, 0.5720000267028809, 0.5730000138282776, 0.5690000057220459, 0.5649999976158142, 0.5640000104904175, 0.5659999847412109, 0.5609999895095825, 0.5619999766349792, 0.5590000152587891, 0.5600000023841858, 0.5600000023841858, 0.5590000152587891, 0.5550000071525574, 0.5519999861717224, 0.5509999990463257, 0.5519999861717224, 0.5519999861717224, 0.5509999990463257, 0.550000011920929, 0.5490000247955322, 0.5460000038146973, 0.5400000214576721, 0.5400000214576721, 0.5429999828338623, 0.5410000085830688, 0.5329999923706055, 0.5329999923706055, 0.5360000133514404, 0.5339999794960022, 0.5329999923706055, 0.5260000228881836, 0.5260000228881836, 0.5289999842643738, 0.5289999842643738, 0.5270000100135803, 0.5270000100135803, 0.5199999809265137, 0.5199999809265137, 0.5199999809265137, 0.5199999809265137, 0.5199999809265137, 0.5199999809265137, 0.5210000276565552, 0.5199999809265137, 0.5170000195503235, 0.5170000195503235, 0.5149999856948853, 0.5139999985694885, 0.5040000081062317, 0.5040000081062317, 0.5080000162124634, 0.5070000290870667, 0.5099999904632568, 0.5090000033378601, 0.5099999904632568, 0.5059999823570251, 0.5049999952316284, 0.503000020980835, 0.5040000081062317, 0.5009999871253967, 0.5049999952316284, 0.49799999594688416, 0.4970000088214874, 0.4970000088214874, 0.5, 0.49900001287460327, 0.49799999594688416, 0.49799999594688416, 0.49799999594688416, 0.49799999594688416, 0.49799999594688416, 0.49799999594688416, 0.49300000071525574, 0.49300000071525574, 0.49000000953674316, 0.49000000953674316, 0.4880000054836273, 0.4880000054836273, 0.492000013589859, 0.49300000071525574, 0.49300000071525574, 0.49300000071525574, 0.492000013589859, 0.4909999966621399, 0.4909999966621399, 0.4860000014305115, 0.4869999885559082, 0.48500001430511475, 0.48500001430511475, 0.4880000054836273, 0.4869999885559082, 0.4860000014305115, 0.48100000619888306, 0.4819999933242798, 0.49000000953674316, 0.4880000054836273, 0.47999998927116394, 0.48399999737739563, 0.48399999737739563, 0.4790000021457672, 0.4779999852180481, 0.47999998927116394, 0.4790000021457672, 0.47999998927116394, 0.4830000102519989, 0.4830000102519989, 0.4830000102519989, 0.48399999737739563, 0.47699999809265137, 0.47699999809265137, 0.4790000021457672, 0.4790000021457672, 0.47600001096725464, 0.47600001096725464, 0.4729999899864197, 0.4729999899864197, 0.4729999899864197, 0.47600001096725464, 0.4740000069141388, 0.47099998593330383, 0.4659999907016754, 0.4729999899864197, 0.47200000286102295, 0.47699999809265137, 0.48100000619888306, 0.49000000953674316, 0.4779999852180481, 0.47200000286102295, 0.47200000286102295, 0.47200000286102295, 0.4729999899864197, 0.47200000286102295, 0.4729999899864197, 0.47600001096725464, 0.4729999899864197, 0.47200000286102295, 0.4749999940395355, 0.47699999809265137, 0.47699999809265137, 0.4749999940395355, 0.4740000069141388, 0.47099998593330383, 0.47699999809265137, 0.47699999809265137, 0.47699999809265137, 0.4699999988079071, 0.47600001096725464, 0.47600001096725464, 0.47699999809265137, 0.4729999899864197, 0.4690000116825104, 0.46700000762939453, 0.46700000762939453, 0.46700000762939453, 0.4699999988079071, 0.4690000116825104, 0.46799999475479126, 0.46799999475479126, 0.46799999475479126, 0.46799999475479126, 0.4699999988079071, 0.4699999988079071, 0.4729999899864197, 0.4779999852180481, 0.4790000021457672, 0.47099998593330383, 0.4699999988079071, 0.4699999988079071, 0.47099998593330383, 0.47099998593330383, 0.4740000069141388, 0.4749999940395355, 0.4699999988079071, 0.47200000286102295, 0.4729999899864197, 0.4729999899864197, 0.46799999475479126, 0.4690000116825104, 0.4740000069141388, 0.4729999899864197, 0.4790000021457672, 0.4699999988079071, 0.4699999988079071, 0.47600001096725464, 0.4740000069141388, 0.46799999475479126, 0.47099998593330383, 0.4729999899864197, 0.47600001096725464, 0.4749999940395355, 0.4749999940395355, 0.4729999899864197, 0.47600001096725464, 0.4740000069141388, 0.47099998593330383, 0.47200000286102295, 0.4790000021457672, 0.47600001096725464, 0.47600001096725464, 0.47600001096725464, 0.47600001096725464, 0.47699999809265137, 0.48100000619888306, 0.4860000014305115, 0.4830000102519989, 0.4819999933242798, 0.4830000102519989, 0.4830000102519989, 0.48100000619888306, 0.4790000021457672, 0.4830000102519989, 0.4860000014305115, 0.4860000014305115, 0.4869999885559082, 0.48899999260902405, 0.4909999966621399, 0.49300000071525574, 0.4959999918937683, 0.4959999918937683, 0.4970000088214874, 0.4959999918937683, 0.49399998784065247, 0.4970000088214874, 0.4959999918937683, 0.49799999594688416, 0.5, 0.5009999871253967, 0.5019999742507935, 0.5040000081062317, 0.49900001287460327, 0.5070000290870667, 0.5080000162124634, 0.5080000162124634, 0.5099999904632568, 0.5130000114440918, 0.5090000033378601, 0.5070000290870667, 0.5080000162124634, 0.5049999952316284, 0.5099999904632568, 0.5099999904632568, 0.5120000243186951, 0.5109999775886536, 0.5109999775886536, 0.5170000195503235, 0.5189999938011169, 0.5170000195503235, 0.5189999938011169, 0.5239999890327454, 0.531000018119812, 0.5230000019073486, 0.5249999761581421, 0.5270000100135803, 0.5249999761581421, 0.5260000228881836, 0.527999997138977, 0.5299999713897705, 0.5299999713897705, 0.5299999713897705, 0.5270000100135803, 0.531000018119812, 0.5360000133514404, 0.5389999747276306, 0.5350000262260437, 0.5320000052452087, 0.5320000052452087, 0.5320000052452087, 0.5360000133514404, 0.5370000004768372, 0.5370000004768372, 0.5389999747276306, 0.5419999957084656, 0.5350000262260437, 0.5379999876022339, 0.5379999876022339, 0.5490000247955322, 0.5479999780654907, 0.5490000247955322, 0.5479999780654907, 0.5479999780654907, 0.546999990940094, 0.5460000038146973, 0.5479999780654907, 0.550000011920929, 0.5490000247955322, 0.5490000247955322, 0.5540000200271606, 0.5600000023841858, 0.5569999814033508, 0.5550000071525574, 0.5569999814033508, 0.5600000023841858, 0.5649999976158142, 0.5649999976158142, 0.5669999718666077, 0.5699999928474426, 0.5699999928474426, 0.5669999718666077, 0.5649999976158142, 0.5690000057220459, 0.5699999928474426, 0.5720000267028809, 0.5799999833106995, 0.578000009059906, 0.578000009059906, 0.5839999914169312, 0.5899999737739563, 0.5860000252723694, 0.5839999914169312, 0.5910000205039978, 0.6010000109672546, 0.6029999852180481, 0.6039999723434448, 0.6069999933242798, 0.6069999933242798, 0.6140000224113464, 0.6209999918937683, 0.6129999756813049, 0.621999979019165, 0.6240000128746033, 0.6240000128746033, 0.6240000128746033, 0.6259999871253967]
intensities: [998.0, 1048.0, 1044.0, 1127.0, 1112.0, 1139.0, 1153.0, 1186.0, 1216.0, 1229.0, 1244.0, 1257.0, 1296.0, 1230.0, 1154.0, 1139.0, 1003.0, 991.0, 961.0, 982.0, 1009.0, 1073.0, 1120.0, 1131.0, 1105.0, 1036.0, 1033.0, 1027.0, 1044.0, 1064.0, 1121.0, 1185.0, 1150.0, 1272.0, 1390.0, 1431.0, 1443.0, 1474.0, 1476.0, 1478.0, 1504.0, 1511.0, 1523.0, 1543.0, 1553.0, 1547.0, 1542.0, 1560.0, 1554.0, 1562.0, 1553.0, 1571.0, 1576.0, 1581.0, 1582.0, 1581.0, 1576.0, 1580.0, 1580.0, 1584.0, 1583.0, 1590.0, 1590.0, 1576.0, 1590.0, 1599.0, 1603.0, 1558.0, 1580.0, 1579.0, 1562.0, 1562.0, 1562.0, 1562.0, 1564.0, 1572.0, 1572.0, 1549.0, 1561.0, 1551.0, 1564.0, 1562.0, 1571.0, 1568.0, 1565.0, 1545.0, 1559.0, 1548.0, 1530.0, 1543.0, 1557.0, 1553.0, 1545.0, 1539.0, 1533.0, 1540.0, 1545.0, 1545.0, 1538.0, 1528.0, 1529.0, 1520.0, 1518.0, 1517.0, 1522.0, 1506.0, 1512.0, 1507.0, 1514.0, 1520.0, 1522.0, 1520.0, 1519.0, 1508.0, 1505.0, 1500.0, 1494.0, 1494.0, 1488.0, 1492.0, 1487.0, 1488.0, 1496.0, 1503.0, 1489.0, 1494.0, 1477.0, 1477.0, 1490.0, 1491.0, 1486.0, 1485.0, 1488.0, 1490.0, 1490.0, 1479.0, 1468.0, 1460.0, 1463.0, 1454.0, 1465.0, 1462.0, 1473.0, 1447.0, 1455.0, 1451.0, 1456.0, 1458.0, 1460.0, 1449.0, 1454.0, 1447.0, 1438.0, 1440.0, 1432.0, 1419.0, 1414.0, 1428.0, 1428.0, 1438.0, 1418.0, 1405.0, 1412.0, 1376.0, 1371.0, 1382.0, 1362.0, 1375.0, 1375.0, 1377.0, 1379.0, 1381.0, 1387.0, 1375.0, 1409.0, 1410.0, 1393.0, 1382.0, 1384.0, 1379.0, 1401.0, 1393.0, 1373.0, 1365.0, 1365.0, 1368.0, 1351.0, 1392.0, 1370.0, 1373.0, 1357.0, 1372.0, 1365.0, 1350.0, 1344.0, 1330.0, 1324.0, 1318.0, 1304.0, 1304.0, 1306.0, 1296.0, 1296.0, 1292.0, 1283.0, 1278.0, 1279.0, 1284.0, 1287.0, 1285.0, 1272.0, 1249.0, 1237.0, 1261.0, 1259.0, 1245.0, 1253.0, 1241.0, 1242.0, 1238.0, 1237.0, 1237.0, 1230.0, 1233.0, 1224.0, 1224.0, 1217.0, 1215.0, 1210.0, 1231.0, 1208.0, 1207.0, 1215.0, 1206.0, 1209.0, 1209.0, 1173.0, 1171.0, 1182.0, 1169.0, 1191.0, 1191.0, 1189.0, 1184.0, 1184.0, 1184.0, 1182.0, 1184.0, 1178.0, 1173.0, 1171.0, 1170.0, 1156.0, 1162.0, 1162.0, 1163.0, 1164.0, 1164.0, 1159.0, 1140.0, 1133.0, 1136.0, 1143.0, 1140.0, 1154.0, 1146.0, 1162.0, 1157.0, 1153.0, 1152.0, 1147.0, 1153.0, 1159.0, 1163.0, 1152.0, 1160.0, 1162.0, 1173.0, 1172.0, 1196.0, 1189.0, 1182.0, 1189.0, 1182.0, 1192.0, 1202.0, 1207.0, 1211.0, 1211.0, 1208.0, 1212.0, 1207.0, 1214.0, 1214.0, 1214.0, 1207.0, 1208.0, 1215.0, 1223.0, 1223.0, 1223.0, 1216.0, 1210.0, 1226.0, 1235.0, 1229.0, 1246.0, 1270.0, 1267.0, 1248.0, 1232.0, 1260.0, 1266.0, 1272.0, 1288.0, 1288.0, 1274.0, 1268.0, 1268.0, 1281.0, 1274.0, 1280.0, 1279.0, 1272.0, 1270.0, 1276.0, 1285.0, 1265.0, 1289.0, 1298.0, 1302.0, 1285.0, 1267.0, 1284.0, 1312.0, 1312.0, 1315.0, 1303.0, 1311.0, 1311.0, 1293.0, 1285.0, 1311.0, 1320.0, 1314.0, 1295.0, 1305.0, 1311.0, 1309.0, 1311.0, 1317.0, 1316.0, 1312.0, 1326.0, 1320.0, 1322.0, 1327.0, 1339.0, 1323.0, 1323.0, 1323.0, 1327.0, 1350.0, 1335.0, 1342.0, 1327.0, 1323.0, 1323.0, 1327.0, 1341.0, 1330.0, 1322.0, 1323.0, 1317.0, 1325.0, 1331.0, 1323.0, 1311.0, 1336.0, 1327.0, 1309.0, 1307.0, 1307.0, 1301.0, 1314.0, 1320.0, 1322.0, 1326.0, 1310.0, 1302.0, 1314.0, 1298.0, 1300.0, 1301.0, 1307.0, 1311.0, 1288.0, 1284.0, 1294.0, 1268.0, 1286.0, 1254.0, 1251.0, 1277.0, 1277.0, 1397.0, 1376.0, 1234.0, 1146.0, 1145.0, 1140.0, 1263.0, 1177.0, 1472.0, 1496.0, 1401.0, 1372.0, 1339.0, 1288.0, 1047.0, 1047.0, 1053.0, 1055.0, 1047.0, 1042.0, 1048.0, 1066.0, 1057.0, 1070.0, 1071.0, 1081.0, 1088.0, 1090.0, 1090.0, 1089.0, 1117.0, 1112.0, 1111.0, 1116.0, 1118.0, 1129.0, 1118.0, 1118.0, 1120.0, 1131.0, 1131.0, 1125.0, 1105.0, 1120.0, 1113.0, 1111.0, 1112.0, 1117.0, 1128.0, 1120.0, 1124.0, 1116.0, 1118.0, 1108.0, 1110.0, 1111.0, 1100.0, 1107.0, 1104.0, 1118.0, 1106.0, 1119.0, 1105.0, 1109.0, 1107.0, 1107.0, 1108.0, 1108.0, 1108.0, 1114.0, 1097.0, 1097.0, 1110.0, 1104.0, 1112.0, 1102.0, 1122.0, 1119.0, 1119.0, 1102.0, 1117.0, 1121.0, 1121.0, 1117.0, 1124.0, 1133.0, 1142.0, 1109.0, 1119.0, 1125.0, 1123.0, 1124.0, 1115.0, 1117.0, 1126.0, 1117.0, 1115.0, 1114.0, 1114.0, 1112.0, 1123.0, 1129.0, 1126.0, 1116.0, 1125.0, 1134.0, 1134.0, 1131.0, 1134.0, 1139.0, 1147.0, 1138.0, 1129.0, 1138.0, 1129.0, 1133.0, 1110.0, 1135.0, 1122.0, 1109.0, 1116.0, 1124.0, 1137.0, 1133.0, 1108.0, 1115.0, 1122.0, 1130.0, 1125.0, 1124.0, 1117.0, 1134.0, 1134.0, 1132.0, 1127.0, 1150.0, 1141.0, 1143.0, 1137.0, 1143.0, 1132.0, 1136.0, 1134.0, 1150.0, 1140.0, 1143.0, 1131.0, 1111.0, 1146.0, 1139.0, 1134.0, 1113.0, 1113.0, 1152.0, 1152.0, 1137.0, 1139.0, 1155.0, 1124.0, 1138.0, 1128.0, 1132.0, 1151.0, 1124.0, 1156.0, 1153.0, 1140.0, 1142.0, 1137.0, 1105.0, 1124.0, 1135.0, 1113.0, 1123.0, 1123.0, 1126.0, 1148.0, 1147.0, 1123.0, 1132.0, 1100.0, 1115.0, 1109.0, 1119.0, 1102.0, 1120.0, 1114.0, 1109.0, 1116.0, 1124.0, 1123.0, 1115.0, 1119.0, 1122.0, 1120.0, 1115.0, 1122.0, 1132.0, 1130.0, 1122.0, 1128.0, 1136.0, 1133.0, 1136.0, 1144.0, 1143.0, 1143.0, 1145.0, 1148.0, 1148.0, 1152.0, 1160.0, 1159.0, 1160.0, 1168.0, 1166.0, 1161.0, 1158.0, 1157.0, 1160.0, 1167.0, 1178.0, 1184.0, 1185.0, 1189.0, 1181.0, 1196.0, 1197.0, 1202.0, 1199.0, 1199.0, 1195.0, 1197.0, 1211.0, 1199.0, 1200.0, 1197.0, 1203.0, 1206.0, 1196.0, 1189.0, 1198.0, 1215.0, 1215.0, 1215.0, 1218.0, 1208.0, 1193.0, 1180.0, 1176.0, 1186.0, 1209.0, 1217.0, 1265.0, 1254.0, 1271.0, 1271.0, 1238.0, 1251.0, 1269.0, 1275.0, 1282.0, 1277.0, 1275.0, 1270.0, 1267.0, 1286.0, 1273.0, 1298.0, 1313.0, 1297.0, 1314.0, 1298.0, 1326.0, 1334.0, 1384.0, 1384.0, 1388.0, 1383.0, 1391.0, 1385.0, 1402.0, 1412.0, 1413.0, 1407.0, 1414.0, 1414.0, 1413.0, 1407.0, 1425.0, 1441.0, 1413.0, 1427.0, 1409.0, 1409.0, 1413.0, 1432.0, 1452.0, 1441.0, 1456.0, 1456.0, 1455.0, 1451.0, 1448.0, 1459.0, 1469.0, 1478.0, 1473.0, 1473.0, 1470.0, 1487.0, 1493.0, 1472.0, 1459.0, 1454.0, 1454.0, 1476.0, 1513.0, 1506.0, 1514.0, 1518.0, 1528.0, 1506.0, 1495.0, 1492.0, 1512.0, 1504.0, 1504.0, 1543.0, 1536.0, 1536.0, 1516.0, 1521.0, 1526.0, 1542.0, 1520.0, 1547.0, 1535.0, 1547.0, 1549.0, 1556.0, 1543.0, 1550.0, 1553.0, 1556.0, 1555.0, 1563.0, 1579.0, 1579.0, 1563.0, 1563.0, 1563.0, 1564.0, 1539.0, 1556.0, 1554.0, 1560.0, 1561.0, 1572.0, 1549.0, 1555.0, 1568.0, 1546.0, 1546.0, 1540.0, 1562.0, 1576.0, 1581.0, 1553.0, 1560.0, 1556.0, 1548.0, 1552.0, 1552.0, 1575.0, 1587.0, 1578.0, 1555.0, 1529.0, 1529.0, 1557.0, 1555.0, 1552.0, 1540.0, 1540.0, 1545.0, 1543.0, 1552.0, 1552.0, 1541.0, 1550.0, 1571.0, 1566.0, 1566.0, 1572.0, 1590.0, 1586.0, 1575.0, 1586.0, 1578.0, 1574.0, 1590.0, 1587.0, 1566.0, 1560.0, 1529.0, 1536.0, 1526.0, 1504.0, 1498.0, 1540.0, 1536.0, 1523.0, 1528.0, 1531.0, 1538.0, 1515.0, 1513.0, 1522.0, 1526.0, 1521.0, 1519.0, 1521.0, 1523.0, 1500.0, 1513.0, 1503.0, 1513.0, 1498.0, 1507.0, 1491.0, 1475.0, 1475.0, 1475.0, 1475.0, 1478.0, 1478.0, 1476.0, 1487.0, 1475.0, 1475.0, 1475.0, 1475.0, 1475.0, 1468.0, 1475.0, 1475.0, 1463.0, 1470.0, 1461.0, 1475.0, 1475.0, 1453.0, 1456.0, 1461.0, 1451.0, 1447.0, 1453.0, 1453.0, 1456.0, 1450.0, 1429.0, 1430.0, 1414.0, 1414.0, 1412.0, 1412.0, 1424.0, 1419.0, 1426.0, 1397.0, 1412.0, 1411.0, 1406.0, 1406.0, 1390.0, 1393.0, 1391.0, 1377.0, 1382.0, 1372.0, 1359.0, 1359.0, 1366.0, 1365.0, 1356.0, 1364.0, 1368.0, 1361.0, 1369.0, 1365.0, 1369.0, 1354.0, 1340.0, 1339.0, 1340.0, 1349.0, 1343.0, 1306.0, 1303.0, 1303.0, 1310.0, 1304.0, 1283.0, 1308.0, 1298.0, 1298.0, 1305.0, 1297.0, 1281.0, 1281.0, 1272.0, 1259.0, 1256.0, 1256.0, 1267.0, 1260.0, 1263.0, 1271.0, 1260.0, 1260.0, 1261.0, 1240.0, 1242.0, 1237.0, 1236.0, 1249.0, 1250.0, 1246.0, 1227.0, 1243.0, 1248.0, 1247.0, 1251.0, 1245.0, 1245.0, 1246.0, 1241.0, 1230.0, 1231.0, 1231.0, 1234.0, 1233.0, 1233.0, 1246.0, 1233.0, 1217.0, 1229.0, 1223.0, 1235.0, 1222.0, 1230.0, 1230.0, 1227.0, 1229.0, 1226.0, 1227.0, 1225.0, 1224.0, 1226.0, 1226.0, 1215.0, 1218.0, 1242.0, 1270.0, 1253.0, 1259.0, 1258.0, 1257.0, 1272.0, 1267.0, 1260.0, 1264.0, 1272.0, 1284.0, 1306.0, 1272.0, 1282.0, 1301.0, 1310.0, 1309.0, 1303.0, 1284.0, 1301.0, 1309.0, 1309.0, 1312.0, 1303.0, 1304.0, 1303.0, 1309.0, 1301.0, 1282.0, 1273.0, 1288.0, 1291.0, 1291.0, 1286.0, 1291.0, 1294.0, 1294.0, 1301.0, 1348.0, 1308.0, 1333.0, 1330.0, 1344.0, 1356.0, 1347.0, 1332.0, 1339.0, 1339.0, 1325.0, 1340.0, 1356.0, 1349.0, 1346.0, 1341.0, 1334.0, 1334.0, 1344.0, 1353.0, 1352.0, 1353.0, 1354.0, 1353.0, 1370.0, 1370.0, 1416.0, 1392.0, 1396.0, 1380.0, 1390.0, 1391.0, 1408.0, 1397.0, 1380.0, 1377.0, 1374.0, 1374.0, 1386.0, 1389.0, 1380.0, 1400.0, 1371.0, 1398.0, 1398.0, 1406.0, 1410.0, 1410.0, 1397.0, 1399.0, 1403.0, 1406.0, 1387.0, 1414.0, 1409.0, 1408.0, 1398.0, 1388.0, 1397.0, 1376.0, 1395.0, 1396.0, 1407.0, 1401.0, 1389.0, 1389.0, 1374.0, 1403.0, 1388.0, 1400.0, 1397.0, 1395.0, 1381.0, 1374.0]