header: 
  seq: 1091
  stamp: 
    secs: 1548820784
    nsecs: 411956753
  frame_id: "base_link"
angle_min: -2.35619449615
angle_max: 2.35619449615
angle_increment: 0.00436332309619
time_increment: 1.73611151695e-05
scan_time: 0.0250000003725
range_min: 0.019999999553
range_max: 30.0
ranges: [0.49300000071525574, 0.4959999918937683, 0.492000013589859, 0.4819999933242798, 0.48100000619888306, 0.4779999852180481, 0.4790000021457672, 0.47699999809265137, 0.4790000021457672, 0.47999998927116394, 0.4749999940395355, 0.4740000069141388, 0.4830000102519989, 0.47699999809265137, 0.4659999907016754, 0.4259999990463257, 0.41200000047683716, 0.36899998784065247, 0.32600000500679016, 0.28600001335144043, 0.375, 0.38100001215934753, 0.4440000057220459, 0.45500001311302185, 0.46000000834465027, 0.4560000002384186, 0.4580000042915344, 0.4569999873638153, 0.4519999921321869, 0.4449999928474426, 0.4429999887943268, 0.4410000145435333, 0.4560000002384186, 0.4569999873638153, 0.453000009059906, 0.4490000009536743, 0.4519999921321869, 0.453000009059906, 0.453000009059906, 0.45399999618530273, 0.44999998807907104, 0.4449999928474426, 0.4339999854564667, 0.4350000023841858, 0.4269999861717224, 0.4269999861717224, 0.43299999833106995, 0.43299999833106995, 0.42800000309944153, 0.42800000309944153, 0.42500001192092896, 0.421999990940094, 0.421999990940094, 0.421999990940094, 0.42100000381469727, 0.41100001335144043, 0.4129999876022339, 0.41600000858306885, 0.41600000858306885, 0.4129999876022339, 0.4090000092983246, 0.40799999237060547, 0.40799999237060547, 0.40400001406669617, 0.4020000100135803, 0.4000000059604645, 0.39800000190734863, 0.40299999713897705, 0.40700000524520874, 0.4090000092983246, 0.40400001406669617, 0.4000000059604645, 0.4000000059604645, 0.39800000190734863, 0.39399999380111694, 0.39800000190734863, 0.4009999930858612, 0.3930000066757202, 0.3919999897480011, 0.39500001072883606, 0.3930000066757202, 0.3919999897480011, 0.39100000262260437, 0.3930000066757202, 0.39399999380111694, 0.3959999978542328, 0.38999998569488525, 0.3889999985694885, 0.38600000739097595, 0.38600000739097595, 0.38499999046325684, 0.3840000033378601, 0.382999986410141, 0.3799999952316284, 0.38199999928474426, 0.37299999594688416, 0.3720000088214874, 0.3779999911785126, 0.3779999911785126, 0.37599998712539673, 0.3790000081062317, 0.37299999594688416, 0.375, 0.375, 0.375, 0.37400001287460327, 0.367000013589859, 0.3659999966621399, 0.36500000953674316, 0.36500000953674316, 0.3659999966621399, 0.36899998784065247, 0.3709999918937683, 0.3630000054836273, 0.3610000014305115, 0.3610000014305115, 0.3610000014305115, 0.3619999885559082, 0.3619999885559082, 0.36399999260902405, 0.3659999966621399, 0.36000001430511475, 0.35499998927116394, 0.35499998927116394, 0.3529999852180481, 0.35499998927116394, 0.35899999737739563, 0.35899999737739563, 0.3580000102519989, 0.3569999933242798, 0.35499998927116394, 0.3490000069141388, 0.35199999809265137, 0.35199999809265137, 0.35600000619888306, 0.3569999933242798, 0.3569999933242798, 0.3490000069141388, 0.34599998593330383, 0.3449999988079071, 0.3440000116825104, 0.3440000116825104, 0.34599998593330383, 0.34700000286102295, 0.3479999899864197, 0.3449999988079071, 0.34599998593330383, 0.3449999988079071, 0.34700000286102295, 0.34599998593330383, 0.3449999988079071, 0.3449999988079071, 0.34299999475479126, 0.34299999475479126, 0.34299999475479126, 0.34299999475479126, 0.34200000762939453, 0.34200000762939453, 0.34599998593330383, 0.34700000286102295, 0.3440000116825104, 0.3370000123977661, 0.3370000123977661, 0.3230000138282776, 0.3310000002384186, 0.32899999618530273, 0.32899999618530273, 0.3310000002384186, 0.33399999141693115, 0.3319999873638153, 0.328000009059906, 0.3319999873638153, 0.33399999141693115, 0.3330000042915344, 0.3310000002384186, 0.3310000002384186, 0.32899999618530273, 0.32499998807907104, 0.3240000009536743, 0.328000009059906, 0.328000009059906, 0.3310000002384186, 0.3319999873638153, 0.32899999618530273, 0.3230000138282776, 0.32600000500679016, 0.3230000138282776, 0.32199999690055847, 0.32199999690055847, 0.32499998807907104, 0.33000001311302185, 0.3319999873638153, 0.32600000500679016, 0.3230000138282776, 0.32600000500679016, 0.32499998807907104, 0.32499998807907104, 0.3240000009536743, 0.32199999690055847, 0.31700000166893005, 0.3160000145435333, 0.31700000166893005, 0.3240000009536743, 0.32100000977516174, 0.3149999976158142, 0.31299999356269836, 0.3190000057220459, 0.32199999690055847, 0.31700000166893005, 0.3140000104904175, 0.3140000104904175, 0.32100000977516174, 0.32100000977516174, 0.3179999887943268, 0.32100000977516174, 0.32499998807907104, 0.3269999921321869, 0.328000009059906, 0.3240000009536743, 0.3230000138282776, 0.31700000166893005, 0.3160000145435333, 0.3179999887943268, 0.3240000009536743, 0.3199999928474426, 0.32100000977516174, 0.32100000977516174, 0.3199999928474426, 0.3190000057220459, 0.3190000057220459, 0.3190000057220459, 0.3269999921321869, 0.32499998807907104, 0.32100000977516174, 0.3190000057220459, 0.32100000977516174, 0.32499998807907104, 0.3230000138282776, 0.3179999887943268, 0.3149999976158142, 0.31700000166893005, 0.32499998807907104, 0.3310000002384186, 0.328000009059906, 0.32199999690055847, 0.3190000057220459, 0.32199999690055847, 0.3190000057220459, 0.3240000009536743, 0.3269999921321869, 0.32100000977516174, 0.3199999928474426, 0.3230000138282776, 0.3240000009536743, 0.3240000009536743, 0.32199999690055847, 0.3269999921321869, 0.32899999618530273, 0.32600000500679016, 0.328000009059906, 0.32499998807907104, 0.3230000138282776, 0.3230000138282776, 0.3149999976158142, 0.3149999976158142, 0.3269999921321869, 0.3269999921321869, 0.32499998807907104, 0.328000009059906, 0.3319999873638153, 0.3310000002384186, 0.33399999141693115, 0.3230000138282776, 0.3269999921321869, 0.33000001311302185, 0.33000001311302185, 0.33000001311302185, 0.33000001311302185, 0.3269999921321869, 0.3330000042915344, 0.33500000834465027, 0.33500000834465027, 0.3330000042915344, 0.3319999873638153, 0.3330000042915344, 0.33399999141693115, 0.33399999141693115, 0.3400000035762787, 0.3370000123977661, 0.335999995470047, 0.33799999952316284, 0.3370000123977661, 0.335999995470047, 0.3400000035762787, 0.3400000035762787, 0.34299999475479126, 0.34599998593330383, 0.34299999475479126, 0.34299999475479126, 0.34299999475479126, 0.3479999899864197, 0.34700000286102295, 0.35100001096725464, 0.3440000116825104, 0.34599998593330383, 0.34599998593330383, 0.3479999899864197, 0.3490000069141388, 0.3529999852180481, 0.35499998927116394, 0.35899999737739563, 0.3580000102519989, 0.35499998927116394, 0.3580000102519989, 0.3619999885559082, 0.36800000071525574, 0.36800000071525574, 0.367000013589859, 0.36800000071525574, 0.3720000088214874, 0.3720000088214874, 0.37599998712539673, 0.375, 0.3720000088214874, 0.3720000088214874, 0.3720000088214874, 0.37299999594688416, 0.37400001287460327, 0.37700000405311584, 0.3779999911785126, 0.3779999911785126, 0.3840000033378601, 0.382999986410141, 0.38600000739097595, 0.38199999928474426, 0.38499999046325684, 0.382999986410141, 0.3970000147819519, 0.39399999380111694, 0.39500001072883606, 0.39399999380111694, 0.39500001072883606, 0.3930000066757202, 0.3889999985694885, 0.3970000147819519, 0.40299999713897705, 0.4059999883174896, 0.40799999237060547, 0.4129999876022339, 0.4189999997615814, 0.421999990940094, 0.4339999854564667, 0.4440000057220459, 0.47699999809265137, 0.5630000233650208, 0.6800000071525574, 1.6139999628067017, 1.61899995803833, 1.621999979019165, 1.621000051498413, 1.6109999418258667, 1.6019999980926514, 1.6019999980926514, 1.600000023841858, 1.597000002861023, 1.5920000076293945, 1.5809999704360962, 1.5770000219345093, 1.5670000314712524, 1.565000057220459, 1.562999963760376, 1.555999994277954, 1.5570000410079956, 1.5490000247955322, 1.5470000505447388, 1.5420000553131104, 1.5369999408721924, 1.5379999876022339, 1.531000018119812, 1.5290000438690186, 1.5210000276565552, 1.5149999856948853, 1.5130000114440918, 1.5089999437332153, 1.5069999694824219, 1.50600004196167, 1.5049999952316284, 1.503999948501587, 1.5010000467300415, 1.4919999837875366, 1.4889999628067017, 1.4880000352859497, 1.4780000448226929, 1.4800000190734863, 1.4739999771118164, 1.468999981880188, 1.4700000286102295, 1.4639999866485596, 1.4609999656677246, 1.4620000123977661, 1.4589999914169312, 1.4509999752044678, 1.4529999494552612, 1.4470000267028809, 1.4490000009536743, 1.4470000267028809, 1.4450000524520874, 1.4429999589920044, 1.434999942779541, 1.434999942779541, 1.4320000410079956, 1.4299999475479126, 1.430999994277954, 1.4329999685287476, 1.4320000410079956, 1.4279999732971191, 1.4220000505447388, 1.4179999828338623, 1.4149999618530273, 1.4149999618530273, 1.4160000085830688, 1.4129999876022339, 1.409000039100647, 1.409999966621399, 1.4019999504089355, 1.402999997138977, 1.3949999809265137, 1.3949999809265137, 1.3930000066757202, 1.3930000066757202, 1.3899999856948853, 1.3919999599456787, 1.3839999437332153, 1.3760000467300415, 1.3839999437332153, 1.3930000066757202, 1.3849999904632568, 1.3860000371932983, 1.3849999904632568, 1.3819999694824219, 1.38100004196167, 1.3799999952316284, 1.378999948501587, 1.3799999952316284, 1.378000020980835, 1.3769999742507935, 1.375, 1.3760000467300415, 1.3760000467300415, 1.3739999532699585, 1.3739999532699585, 1.375, 1.36899995803833, 1.3630000352859497, 1.3639999628067017, 1.3660000562667847, 1.3660000562667847, 1.3619999885559082, 1.3600000143051147, 1.3609999418258667, 1.3600000143051147, 1.3589999675750732, 1.3600000143051147, 1.3609999418258667, 1.3630000352859497, 1.3680000305175781, 1.3639999628067017, 1.3600000143051147, 1.3580000400543213, 1.3550000190734863, 1.3509999513626099, 1.3509999513626099, 1.3489999771118164, 1.3489999771118164, 1.3530000448226929, 1.3519999980926514, 1.3489999771118164, 1.3450000286102295, 1.340999960899353, 1.340999960899353, 1.343999981880188, 1.3420000076293945, 1.3420000076293945, 1.340999960899353, 1.340000033378601, 1.3380000591278076, 1.340000033378601, 1.3359999656677246, 1.3359999656677246, 1.3350000381469727, 1.3380000591278076, 1.3370000123977661, 1.3320000171661377, 1.3259999752044678, 1.3250000476837158, 1.3250000476837158, 1.3250000476837158, 1.3240000009536743, 1.315000057220459, 1.315000057220459, 1.3229999542236328, 1.312000036239624, 1.309999942779541, 1.3140000104904175, 1.3140000104904175, 1.3079999685287476, 1.305999994277954, 1.3049999475479126, 1.305999994277954, 1.312999963760376, 1.312999963760376, 1.3079999685287476, 1.3020000457763672, 1.3040000200271606, 1.3070000410079956, 1.2979999780654907, 1.2970000505447388, 1.2999999523162842, 1.2999999523162842, 1.2890000343322754, 1.2890000343322754, 1.2890000343322754, 1.2899999618530273, 1.2890000343322754, 1.277999997138977, 1.2799999713897705, 1.277999997138977, 1.281000018119812, 1.274999976158142, 1.274999976158142, 1.2719999551773071, 1.2740000486373901, 1.2740000486373901, 1.2710000276565552, 1.2669999599456787, 1.2680000066757202, 1.2619999647140503, 1.2619999647140503, 1.2599999904632568, 1.2599999904632568, 1.2610000371932983, 1.2619999647140503, 1.2589999437332153, 1.25600004196167, 1.2519999742507935, 1.2519999742507935, 1.2510000467300415, 1.25, 1.2400000095367432, 1.2359999418258667, 1.2339999675750732, 1.2430000305175781, 1.2410000562667847, 1.2400000095367432, 1.2410000562667847, 1.2359999418258667, 1.2300000190734863, 1.2269999980926514, 1.2269999980926514, 1.2280000448226929, 1.2230000495910645, 1.215000033378601, 1.2120000123977661, 1.2120000123977661, 1.2079999446868896, 1.2050000429153442, 1.2039999961853027, 1.2050000429153442, 1.2059999704360962, 1.2000000476837158, 1.1920000314712524, 1.1920000314712524, 1.1920000314712524, 1.184000015258789, 1.184999942779541, 1.180999994277954, 1.1790000200271606, 1.1779999732971191, 1.1829999685287476, 1.184999942779541, 1.1790000200271606, 1.1749999523162842, 1.1670000553131104, 1.1649999618530273, 1.159999966621399, 1.159999966621399, 1.159999966621399, 1.1610000133514404, 1.159000039100647, 1.1579999923706055, 1.152999997138977, 1.149999976158142, 1.149999976158142, 1.156999945640564, 1.1480000019073486, 1.1399999856948853, 1.1360000371932983, 1.1360000371932983, 1.1360000371932983, 1.1319999694824219, 1.1269999742507935, 1.1239999532699585, 1.1269999742507935, 1.121000051498413, 1.128000020980835, 1.121000051498413, 1.121000051498413, 1.1200000047683716, 1.1109999418258667, 1.1119999885559082, 1.1069999933242798, 1.1030000448226929, 1.0959999561309814, 1.0980000495910645, 1.0959999561309814, 1.097000002861023, 1.093000054359436, 1.0950000286102295, 1.0920000076293945, 1.0889999866485596, 1.0829999446868896, 1.0770000219345093, 1.0770000219345093, 1.0850000381469727, 1.0839999914169312, 1.0759999752044678, 1.0789999961853027, 1.0789999961853027, 1.0729999542236328, 1.065999984741211, 1.0609999895095825, 1.0609999895095825, 1.0570000410079956, 1.0609999895095825, 1.0540000200271606, 1.0529999732971191, 1.0529999732971191, 1.0470000505447388, 1.0429999828338623, 1.0410000085830688, 1.0420000553131104, 1.0420000553131104, 1.0410000085830688, 1.0269999504089355, 1.0190000534057617, 1.0169999599456787, 1.0130000114440918, 1.0130000114440918, 1.0080000162124634, 1.0089999437332153, 1.0080000162124634, 1.0069999694824219, 1.003999948501587, 1.0049999952316284, 1.0, 1.0049999952316284, 0.9919999837875366, 0.9929999709129333, 0.9929999709129333, 0.9909999966621399, 0.9850000143051147, 0.9769999980926514, 0.9729999899864197, 0.972000002861023, 0.9729999899864197, 0.9750000238418579, 0.968999981880188, 0.9649999737739563, 0.9639999866485596, 0.9639999866485596, 0.9610000252723694, 0.9610000252723694, 0.9599999785423279, 0.9589999914169312, 0.9539999961853027, 0.953000009059906, 0.9520000219345093, 0.949999988079071, 0.9449999928474426, 0.9430000185966492, 0.9430000185966492, 0.9430000185966492, 0.9380000233650208, 0.9330000281333923, 0.9330000281333923, 0.9290000200271606, 0.9210000038146973, 0.9179999828338623, 0.9210000038146973, 0.9190000295639038, 0.9120000004768372, 0.9070000052452087, 0.9049999713897705, 0.9020000100135803, 0.902999997138977, 0.9049999713897705, 0.9049999713897705, 0.8920000195503235, 0.8870000243186951, 0.8899999856948853, 0.8830000162124634, 0.8820000290870667, 0.8759999871253967, 0.8730000257492065, 0.8730000257492065, 0.8690000176429749, 0.8669999837875366, 0.8650000095367432, 0.8629999756813049, 0.8669999837875366, 0.8619999885559082, 0.8550000190734863, 0.8500000238418579, 0.8500000238418579, 0.8500000238418579, 0.847000002861023, 0.8450000286102295, 0.8510000109672546, 0.8510000109672546, 0.8389999866485596, 0.8399999737739563, 0.8389999866485596, 0.8370000123977661, 0.8309999704360962, 0.8289999961853027, 0.8259999752044678, 0.8240000009536743, 0.8159999847412109, 0.8159999847412109, 0.8159999847412109, 0.8169999718666077, 0.8109999895095825, 0.8090000152587891, 0.8050000071525574, 0.7990000247955322, 0.7990000247955322, 0.7990000247955322, 0.7990000247955322, 0.800000011920929, 0.796999990940094, 0.7910000085830688, 0.7910000085830688, 0.7870000004768372, 0.781000018119812, 0.781000018119812, 0.7839999794960022, 0.7839999794960022, 0.7770000100135803, 0.7720000147819519, 0.7720000147819519, 0.7699999809265137, 0.7699999809265137, 0.7620000243186951, 0.7590000033378601, 0.7570000290870667, 0.7570000290870667, 0.7570000290870667, 0.7559999823570251, 0.7540000081062317, 0.7540000081062317, 0.7549999952316284, 0.7549999952316284, 0.7519999742507935, 0.7549999952316284, 0.7459999918937683, 0.7419999837875366, 0.7329999804496765, 0.7310000061988831, 0.7269999980926514, 0.7260000109672546, 0.7250000238418579, 0.7250000238418579, 0.7210000157356262, 0.7139999866485596, 0.7129999995231628, 0.7160000205039978, 0.7179999947547913, 0.7179999947547913, 0.7129999995231628, 0.7070000171661377, 0.7059999704360962, 0.7070000171661377, 0.7070000171661377, 0.7110000252723694, 0.7110000252723694, 0.7070000171661377, 0.6990000009536743, 0.6940000057220459, 0.6899999976158142, 0.6899999976158142, 0.6919999718666077, 0.6859999895095825, 0.6830000281333923, 0.6859999895095825, 0.6890000104904175, 0.6890000104904175, 0.6779999732971191, 0.671999990940094, 0.671999990940094, 0.6740000247955322, 0.675000011920929, 0.6740000247955322, 0.6729999780654907, 0.6700000166893005, 0.6690000295639038, 0.6700000166893005, 0.6669999957084656, 0.6669999957084656, 0.6660000085830688, 0.6650000214576721, 0.6600000262260437, 0.656000018119812, 0.6549999713897705, 0.6520000100135803, 0.6520000100135803, 0.6499999761581421, 0.6489999890327454, 0.6499999761581421, 0.6499999761581421, 0.6499999761581421, 0.6499999761581421, 0.6439999938011169, 0.640999972820282, 0.640999972820282, 0.640999972820282, 0.6399999856948853, 0.640999972820282, 0.6349999904632568, 0.6349999904632568, 0.6349999904632568, 0.6309999823570251, 0.6320000290870667, 0.6299999952316284, 0.6299999952316284, 0.6259999871253967, 0.625, 0.6190000176429749, 0.6179999709129333, 0.6190000176429749, 0.6240000128746033, 0.6240000128746033, 0.6179999709129333, 0.6169999837875366, 0.6179999709129333, 0.6209999918937683, 0.6119999885559082, 0.6179999709129333, 0.6119999885559082, 0.6119999885559082, 0.6110000014305115, 0.6119999885559082, 0.6119999885559082, 0.6119999885559082, 0.6159999966621399, 0.6100000143051147, 0.609000027179718, 0.609000027179718, 0.6019999980926514, 0.6029999852180481, 0.6029999852180481, 0.6010000109672546, 0.6000000238418579, 0.6029999852180481, 0.6050000190734863, 0.6060000061988831, 0.5960000157356262, 0.5960000157356262, 0.5960000157356262, 0.5989999771118164, 0.5989999771118164, 0.6019999980926514, 0.5899999737739563, 0.5899999737739563, 0.5849999785423279, 0.5860000252723694, 0.5879999995231628, 0.5920000076293945, 0.5920000076293945, 0.5910000205039978, 0.5899999737739563, 0.5910000205039978, 0.5910000205039978, 0.5920000076293945, 0.5889999866485596, 0.5849999785423279, 0.5839999914169312, 0.5910000205039978, 0.5910000205039978, 0.5889999866485596, 0.5839999914169312, 0.5889999866485596, 0.593999981880188, 0.5870000123977661, 0.5830000042915344, 0.5889999866485596, 0.5899999737739563, 0.5789999961853027, 0.578000009059906, 0.5799999833106995, 0.5809999704360962, 0.578000009059906, 0.574999988079071, 0.5759999752044678, 0.5830000042915344, 0.5839999914169312, 0.574999988079071, 0.5770000219345093, 0.5770000219345093, 0.5789999961853027, 0.5789999961853027, 0.5789999961853027, 0.5830000042915344, 0.5759999752044678, 0.5809999704360962, 0.5789999961853027, 0.5789999961853027, 0.574999988079071, 0.5759999752044678, 0.578000009059906, 0.5740000009536743, 0.5730000138282776, 0.5770000219345093, 0.578000009059906, 0.5789999961853027, 0.5680000185966492, 0.5699999928474426, 0.5799999833106995, 0.5789999961853027, 0.5759999752044678, 0.5770000219345093, 0.5770000219345093, 0.5789999961853027, 0.5789999961853027, 0.5759999752044678, 0.5730000138282776, 0.5709999799728394, 0.5720000267028809, 0.5759999752044678, 0.574999988079071, 0.5699999928474426, 0.5699999928474426, 0.5809999704360962, 0.5789999961853027, 0.5789999961853027, 0.5770000219345093, 0.574999988079071, 0.574999988079071, 0.5789999961853027, 0.5740000009536743, 0.5720000267028809, 0.5699999928474426, 0.5699999928474426, 0.5720000267028809, 0.5789999961853027, 0.5820000171661377, 0.5839999914169312, 0.5839999914169312, 0.5849999785423279, 0.5830000042915344, 0.5849999785423279, 0.5849999785423279, 0.578000009059906, 0.5789999961853027, 0.5799999833106995, 0.5899999737739563, 0.5870000123977661, 0.5860000252723694, 0.5849999785423279, 0.5849999785423279, 0.5849999785423279, 0.5870000123977661, 0.5860000252723694, 0.5839999914169312, 0.5860000252723694, 0.5950000286102295, 0.597000002861023, 0.5950000286102295, 0.5899999737739563, 0.5870000123977661, 0.5870000123977661, 0.5870000123977661, 0.5989999771118164, 0.5920000076293945, 0.6029999852180481, 0.6029999852180481, 0.6010000109672546, 0.6010000109672546, 0.597000002861023, 0.5929999947547913, 0.5920000076293945, 0.5979999899864197, 0.6039999723434448, 0.6060000061988831, 0.6060000061988831, 0.6060000061988831, 0.6060000061988831, 0.6110000014305115, 0.6060000061988831, 0.6039999723434448, 0.6039999723434448, 0.6079999804496765, 0.6079999804496765, 0.6110000014305115, 0.6100000143051147, 0.6140000224113464, 0.609000027179718, 0.6140000224113464, 0.6179999709129333, 0.6150000095367432, 0.6119999885559082, 0.6179999709129333, 0.6110000014305115, 0.6140000224113464, 0.6129999756813049, 0.6129999756813049, 0.6129999756813049, 0.6140000224113464, 0.6129999756813049, 0.6140000224113464, 0.6119999885559082, 0.6119999885559082, 0.6140000224113464, 0.6140000224113464, 0.6209999918937683, 0.6209999918937683, 0.6209999918937683, 0.6200000047683716, 0.6209999918937683, 0.6179999709129333, 0.6269999742507935, 0.621999979019165, 0.6240000128746033, 0.625, 0.6230000257492065, 0.6240000128746033, 0.6290000081062317, 0.628000020980835, 0.628000020980835, 0.625, 0.6320000290870667, 0.6359999775886536, 0.6359999775886536, 0.6330000162124634, 0.6380000114440918, 0.6370000243186951, 0.640999972820282, 0.6359999775886536, 0.6309999823570251, 0.6359999775886536, 0.6359999775886536, 0.6320000290870667, 0.6349999904632568, 0.6389999985694885, 0.6449999809265137, 0.6489999890327454, 0.6349999904632568, 0.6320000290870667, 0.6309999823570251, 0.6439999938011169, 0.6470000147819519, 0.6489999890327454, 0.6489999890327454, 0.6499999761581421, 0.652999997138977, 0.6610000133514404, 0.6610000133514404, 0.6629999876022339, 0.6700000166893005, 0.675000011920929, 0.675000011920929, 0.6809999942779541, 0.6779999732971191, 0.6710000038146973, 0.6700000166893005, 0.6779999732971191, 0.6909999847412109, 0.6880000233650208, 0.6869999766349792, 0.7009999752044678, 0.6990000009536743, 0.6930000185966492]
intensities: [1057.0, 1077.0, 1103.0, 1118.0, 1133.0, 1154.0, 1225.0, 1247.0, 1284.0, 1282.0, 1304.0, 1304.0, 1343.0, 1305.0, 1259.0, 1131.0, 1113.0, 1000.0, 888.0, 784.0, 925.0, 919.0, 1022.0, 1042.0, 1050.0, 999.0, 1003.0, 1001.0, 1039.0, 1112.0, 1183.0, 1178.0, 1343.0, 1381.0, 1409.0, 1426.0, 1460.0, 1486.0, 1494.0, 1496.0, 1499.0, 1497.0, 1501.0, 1501.0, 1501.0, 1501.0, 1513.0, 1513.0, 1510.0, 1508.0, 1507.0, 1511.0, 1511.0, 1504.0, 1503.0, 1508.0, 1509.0, 1503.0, 1503.0, 1502.0, 1491.0, 1500.0, 1496.0, 1503.0, 1495.0, 1490.0, 1492.0, 1486.0, 1477.0, 1488.0, 1489.0, 1491.0, 1486.0, 1479.0, 1477.0, 1488.0, 1501.0, 1497.0, 1483.0, 1474.0, 1471.0, 1455.0, 1463.0, 1458.0, 1457.0, 1454.0, 1467.0, 1454.0, 1446.0, 1445.0, 1445.0, 1446.0, 1438.0, 1434.0, 1431.0, 1433.0, 1423.0, 1407.0, 1407.0, 1412.0, 1401.0, 1402.0, 1399.0, 1404.0, 1401.0, 1409.0, 1407.0, 1395.0, 1383.0, 1391.0, 1399.0, 1387.0, 1380.0, 1378.0, 1384.0, 1373.0, 1362.0, 1366.0, 1376.0, 1360.0, 1350.0, 1357.0, 1346.0, 1346.0, 1340.0, 1336.0, 1329.0, 1324.0, 1320.0, 1330.0, 1319.0, 1322.0, 1320.0, 1322.0, 1319.0, 1323.0, 1323.0, 1305.0, 1293.0, 1297.0, 1279.0, 1284.0, 1286.0, 1287.0, 1303.0, 1294.0, 1303.0, 1295.0, 1298.0, 1293.0, 1285.0, 1276.0, 1269.0, 1270.0, 1270.0, 1269.0, 1258.0, 1258.0, 1275.0, 1275.0, 1275.0, 1274.0, 1272.0, 1268.0, 1258.0, 1256.0, 1256.0, 1268.0, 1280.0, 1259.0, 1242.0, 1245.0, 1260.0, 1252.0, 1252.0, 1257.0, 1254.0, 1270.0, 1263.0, 1238.0, 1238.0, 1257.0, 1256.0, 1248.0, 1242.0, 1236.0, 1239.0, 1245.0, 1247.0, 1246.0, 1238.0, 1234.0, 1231.0, 1222.0, 1219.0, 1214.0, 1214.0, 1206.0, 1235.0, 1223.0, 1215.0, 1216.0, 1237.0, 1214.0, 1214.0, 1206.0, 1226.0, 1210.0, 1220.0, 1212.0, 1216.0, 1219.0, 1219.0, 1219.0, 1201.0, 1203.0, 1207.0, 1202.0, 1204.0, 1219.0, 1200.0, 1203.0, 1215.0, 1209.0, 1184.0, 1190.0, 1190.0, 1189.0, 1188.0, 1188.0, 1173.0, 1178.0, 1188.0, 1188.0, 1176.0, 1156.0, 1162.0, 1176.0, 1174.0, 1179.0, 1183.0, 1171.0, 1175.0, 1165.0, 1152.0, 1153.0, 1168.0, 1143.0, 1147.0, 1162.0, 1144.0, 1144.0, 1149.0, 1149.0, 1149.0, 1147.0, 1142.0, 1128.0, 1124.0, 1145.0, 1136.0, 1135.0, 1135.0, 1108.0, 1108.0, 1137.0, 1129.0, 1107.0, 1129.0, 1128.0, 1118.0, 1139.0, 1112.0, 1121.0, 1121.0, 1126.0, 1129.0, 1127.0, 1120.0, 1144.0, 1159.0, 1159.0, 1139.0, 1136.0, 1145.0, 1147.0, 1148.0, 1161.0, 1159.0, 1148.0, 1158.0, 1169.0, 1160.0, 1175.0, 1177.0, 1178.0, 1181.0, 1183.0, 1185.0, 1185.0, 1188.0, 1193.0, 1210.0, 1203.0, 1224.0, 1226.0, 1227.0, 1237.0, 1224.0, 1228.0, 1252.0, 1267.0, 1258.0, 1284.0, 1301.0, 1320.0, 1320.0, 1322.0, 1328.0, 1316.0, 1316.0, 1355.0, 1330.0, 1303.0, 1313.0, 1315.0, 1327.0, 1320.0, 1314.0, 1319.0, 1312.0, 1329.0, 1317.0, 1308.0, 1283.0, 1267.0, 1259.0, 1254.0, 1253.0, 1254.0, 1253.0, 1254.0, 1196.0, 1154.0, 1169.0, 1142.0, 1128.0, 1132.0, 1135.0, 1148.0, 1142.0, 1146.0, 1144.0, 1331.0, 1517.0, 1524.0, 1090.0, 1094.0, 1098.0, 1109.0, 1108.0, 1116.0, 1116.0, 1102.0, 1107.0, 1125.0, 1123.0, 1110.0, 1108.0, 1117.0, 1117.0, 1106.0, 1116.0, 1103.0, 1112.0, 1109.0, 1107.0, 1114.0, 1105.0, 1107.0, 1095.0, 1099.0, 1106.0, 1094.0, 1101.0, 1108.0, 1097.0, 1107.0, 1100.0, 1097.0, 1095.0, 1098.0, 1081.0, 1113.0, 1102.0, 1107.0, 1120.0, 1132.0, 1125.0, 1120.0, 1138.0, 1124.0, 1137.0, 1111.0, 1106.0, 1102.0, 1121.0, 1109.0, 1137.0, 1123.0, 1120.0, 1103.0, 1115.0, 1127.0, 1122.0, 1113.0, 1131.0, 1104.0, 1129.0, 1129.0, 1144.0, 1125.0, 1144.0, 1146.0, 1138.0, 1126.0, 1137.0, 1130.0, 1138.0, 1135.0, 1129.0, 1150.0, 1171.0, 1144.0, 1188.0, 1220.0, 1199.0, 1221.0, 1217.0, 1212.0, 1214.0, 1236.0, 1225.0, 1239.0, 1238.0, 1233.0, 1229.0, 1229.0, 1227.0, 1246.0, 1239.0, 1233.0, 1250.0, 1230.0, 1242.0, 1257.0, 1244.0, 1245.0, 1249.0, 1259.0, 1266.0, 1267.0, 1253.0, 1241.0, 1243.0, 1253.0, 1245.0, 1248.0, 1242.0, 1248.0, 1250.0, 1251.0, 1257.0, 1257.0, 1256.0, 1257.0, 1254.0, 1251.0, 1235.0, 1249.0, 1243.0, 1250.0, 1250.0, 1255.0, 1263.0, 1260.0, 1265.0, 1251.0, 1247.0, 1243.0, 1249.0, 1255.0, 1250.0, 1251.0, 1260.0, 1260.0, 1261.0, 1273.0, 1255.0, 1269.0, 1254.0, 1276.0, 1274.0, 1265.0, 1265.0, 1259.0, 1264.0, 1276.0, 1267.0, 1266.0, 1266.0, 1257.0, 1253.0, 1261.0, 1270.0, 1259.0, 1249.0, 1247.0, 1250.0, 1262.0, 1268.0, 1261.0, 1259.0, 1257.0, 1245.0, 1245.0, 1233.0, 1258.0, 1253.0, 1262.0, 1264.0, 1282.0, 1282.0, 1263.0, 1250.0, 1274.0, 1268.0, 1268.0, 1257.0, 1257.0, 1259.0, 1259.0, 1257.0, 1263.0, 1261.0, 1257.0, 1260.0, 1277.0, 1279.0, 1282.0, 1269.0, 1288.0, 1286.0, 1288.0, 1284.0, 1286.0, 1274.0, 1288.0, 1279.0, 1296.0, 1273.0, 1282.0, 1284.0, 1292.0, 1276.0, 1292.0, 1283.0, 1279.0, 1283.0, 1284.0, 1280.0, 1296.0, 1299.0, 1309.0, 1319.0, 1301.0, 1297.0, 1302.0, 1302.0, 1295.0, 1295.0, 1298.0, 1281.0, 1293.0, 1300.0, 1300.0, 1287.0, 1301.0, 1291.0, 1288.0, 1312.0, 1301.0, 1301.0, 1297.0, 1313.0, 1293.0, 1292.0, 1292.0, 1287.0, 1298.0, 1314.0, 1312.0, 1314.0, 1312.0, 1313.0, 1312.0, 1326.0, 1332.0, 1324.0, 1338.0, 1323.0, 1333.0, 1326.0, 1337.0, 1338.0, 1318.0, 1306.0, 1343.0, 1351.0, 1327.0, 1336.0, 1347.0, 1347.0, 1353.0, 1363.0, 1332.0, 1363.0, 1356.0, 1357.0, 1362.0, 1358.0, 1360.0, 1358.0, 1368.0, 1369.0, 1353.0, 1343.0, 1379.0, 1375.0, 1370.0, 1368.0, 1368.0, 1349.0, 1371.0, 1378.0, 1365.0, 1387.0, 1391.0, 1398.0, 1402.0, 1387.0, 1397.0, 1390.0, 1404.0, 1408.0, 1409.0, 1371.0, 1405.0, 1405.0, 1415.0, 1397.0, 1396.0, 1399.0, 1409.0, 1410.0, 1407.0, 1439.0, 1428.0, 1417.0, 1421.0, 1422.0, 1418.0, 1432.0, 1431.0, 1421.0, 1437.0, 1420.0, 1435.0, 1436.0, 1442.0, 1443.0, 1437.0, 1443.0, 1450.0, 1442.0, 1450.0, 1431.0, 1440.0, 1438.0, 1458.0, 1440.0, 1453.0, 1454.0, 1435.0, 1442.0, 1443.0, 1448.0, 1471.0, 1453.0, 1448.0, 1453.0, 1455.0, 1447.0, 1461.0, 1457.0, 1465.0, 1472.0, 1480.0, 1471.0, 1491.0, 1472.0, 1485.0, 1479.0, 1479.0, 1486.0, 1488.0, 1493.0, 1485.0, 1490.0, 1490.0, 1499.0, 1490.0, 1461.0, 1479.0, 1477.0, 1490.0, 1479.0, 1474.0, 1478.0, 1476.0, 1486.0, 1485.0, 1484.0, 1480.0, 1485.0, 1485.0, 1485.0, 1485.0, 1490.0, 1487.0, 1491.0, 1523.0, 1501.0, 1495.0, 1495.0, 1488.0, 1500.0, 1499.0, 1510.0, 1499.0, 1507.0, 1509.0, 1500.0, 1519.0, 1516.0, 1508.0, 1505.0, 1500.0, 1493.0, 1493.0, 1499.0, 1502.0, 1505.0, 1496.0, 1505.0, 1500.0, 1484.0, 1492.0, 1495.0, 1496.0, 1494.0, 1494.0, 1482.0, 1491.0, 1486.0, 1498.0, 1496.0, 1483.0, 1475.0, 1484.0, 1494.0, 1494.0, 1484.0, 1485.0, 1469.0, 1488.0, 1485.0, 1484.0, 1474.0, 1494.0, 1479.0, 1522.0, 1535.0, 1549.0, 1502.0, 1502.0, 1477.0, 1467.0, 1467.0, 1467.0, 1462.0, 1467.0, 1478.0, 1490.0, 1486.0, 1490.0, 1483.0, 1487.0, 1461.0, 1493.0, 1501.0, 1480.0, 1479.0, 1488.0, 1488.0, 1478.0, 1493.0, 1518.0, 1510.0, 1506.0, 1503.0, 1512.0, 1518.0, 1503.0, 1503.0, 1490.0, 1515.0, 1518.0, 1525.0, 1525.0, 1529.0, 1513.0, 1518.0, 1518.0, 1492.0, 1494.0, 1483.0, 1465.0, 1473.0, 1473.0, 1473.0, 1472.0, 1452.0, 1462.0, 1465.0, 1456.0, 1467.0, 1471.0, 1466.0, 1473.0, 1479.0, 1460.0, 1460.0, 1459.0, 1466.0, 1453.0, 1433.0, 1426.0, 1453.0, 1439.0, 1445.0, 1426.0, 1427.0, 1429.0, 1429.0, 1428.0, 1428.0, 1426.0, 1426.0, 1430.0, 1427.0, 1430.0, 1430.0, 1431.0, 1423.0, 1416.0, 1417.0, 1406.0, 1406.0, 1393.0, 1400.0, 1401.0, 1406.0, 1432.0, 1408.0, 1391.0, 1391.0, 1391.0, 1379.0, 1365.0, 1383.0, 1360.0, 1390.0, 1384.0, 1391.0, 1399.0, 1360.0, 1369.0, 1359.0, 1352.0, 1357.0, 1369.0, 1363.0, 1360.0, 1366.0, 1353.0, 1361.0, 1354.0, 1359.0, 1364.0, 1364.0, 1357.0, 1355.0, 1355.0, 1327.0, 1348.0, 1319.0, 1330.0, 1322.0, 1326.0, 1327.0, 1325.0, 1324.0, 1341.0, 1332.0, 1327.0, 1333.0, 1327.0, 1300.0, 1302.0, 1302.0, 1323.0, 1327.0, 1318.0, 1315.0, 1317.0, 1321.0, 1326.0, 1318.0, 1302.0, 1302.0, 1319.0, 1312.0, 1306.0, 1289.0, 1272.0, 1272.0, 1304.0, 1308.0, 1311.0, 1316.0, 1316.0, 1327.0, 1313.0, 1318.0, 1310.0, 1312.0, 1309.0, 1303.0, 1304.0, 1314.0, 1315.0, 1313.0, 1321.0, 1312.0, 1323.0, 1324.0, 1321.0, 1320.0, 1314.0, 1323.0, 1321.0, 1310.0, 1326.0, 1344.0, 1344.0, 1346.0, 1339.0, 1346.0, 1344.0, 1346.0, 1330.0, 1325.0, 1342.0, 1344.0, 1326.0, 1338.0, 1334.0, 1330.0, 1328.0, 1337.0, 1349.0, 1351.0, 1351.0, 1361.0, 1354.0, 1368.0, 1354.0, 1356.0, 1356.0, 1336.0, 1336.0, 1341.0, 1358.0, 1358.0, 1348.0, 1356.0, 1365.0, 1360.0, 1375.0, 1356.0, 1365.0, 1387.0, 1365.0, 1350.0, 1343.0, 1356.0, 1353.0, 1364.0, 1365.0, 1352.0, 1372.0, 1382.0, 1384.0, 1384.0, 1379.0, 1375.0, 1372.0, 1376.0, 1382.0, 1394.0, 1386.0, 1394.0, 1395.0, 1394.0, 1388.0, 1386.0, 1391.0, 1399.0, 1383.0, 1391.0, 1387.0, 1393.0, 1403.0, 1402.0, 1404.0, 1392.0, 1404.0, 1404.0, 1404.0, 1416.0, 1414.0, 1409.0, 1415.0, 1409.0, 1415.0, 1415.0, 1412.0, 1408.0, 1412.0, 1404.0, 1404.0, 1410.0, 1408.0, 1402.0, 1408.0, 1400.0, 1399.0, 1400.0, 1400.0, 1395.0, 1395.0, 1398.0, 1400.0, 1396.0, 1395.0, 1391.0, 1388.0, 1385.0, 1387.0, 1388.0]