header: 
  seq: 1167
  stamp: 
    secs: 1548820786
    nsecs: 316656640
  frame_id: "base_link"
angle_min: -2.35619449615
angle_max: 2.35619449615
angle_increment: 0.00436332309619
time_increment: 1.73611151695e-05
scan_time: 0.0250000003725
range_min: 0.019999999553
range_max: 30.0
ranges: [0.33899998664855957, 0.3409999907016754, 0.36000001430511475, 0.3610000014305115, 0.3630000054836273, 0.3659999966621399, 0.3659999966621399, 0.36800000071525574, 0.36399999260902405, 0.367000013589859, 0.3659999966621399, 0.3630000054836273, 0.3619999885559082, 0.3610000014305115, 0.3610000014305115, 0.32499998807907104, 0.3179999887943268, 0.3190000057220459, 0.289000004529953, 0.2709999978542328, 0.2759999930858612, 0.33399999141693115, 0.34700000286102295, 0.3529999852180481, 0.35199999809265137, 0.35100001096725464, 0.35600000619888306, 0.3490000069141388, 0.3540000021457672, 0.367000013589859, 0.36500000953674316, 0.36000001430511475, 0.3630000054836273, 0.37400001287460327, 0.3720000088214874, 0.3720000088214874, 0.37299999594688416, 0.37299999594688416, 0.3720000088214874, 0.37299999594688416, 0.36800000071525574, 0.36899998784065247, 0.3709999918937683, 0.36899998784065247, 0.3700000047683716, 0.36899998784065247, 0.3779999911785126, 0.37700000405311584, 0.375, 0.3720000088214874, 0.3700000047683716, 0.36500000953674316, 0.3619999885559082, 0.36500000953674316, 0.3700000047683716, 0.36800000071525574, 0.36800000071525574, 0.367000013589859, 0.3709999918937683, 0.37299999594688416, 0.37599998712539673, 0.37700000405311584, 0.37400001287460327, 0.3720000088214874, 0.3720000088214874, 0.37400001287460327, 0.37299999594688416, 0.37299999594688416, 0.3720000088214874, 0.37299999594688416, 0.3799999952316284, 0.3799999952316284, 0.38100001215934753, 0.3840000033378601, 0.3840000033378601, 0.3840000033378601, 0.3779999911785126, 0.3799999952316284, 0.3790000081062317, 0.38199999928474426, 0.3840000033378601, 0.3799999952316284, 0.3799999952316284, 0.382999986410141, 0.3840000033378601, 0.382999986410141, 0.38199999928474426, 0.382999986410141, 0.38999998569488525, 0.38999998569488525, 0.3869999945163727, 0.3869999945163727, 0.3889999985694885, 0.3869999945163727, 0.3869999945163727, 0.3869999945163727, 0.3930000066757202, 0.39399999380111694, 0.3930000066757202, 0.39800000190734863, 0.39800000190734863, 0.39500001072883606, 0.39500001072883606, 0.3959999978542328, 0.39500001072883606, 0.39500001072883606, 0.4009999930858612, 0.4050000011920929, 0.39500001072883606, 0.3930000066757202, 0.3959999978542328, 0.39899998903274536, 0.4000000059604645, 0.40700000524520874, 0.40700000524520874, 0.39800000190734863, 0.4009999930858612, 0.40299999713897705, 0.4059999883174896, 0.4099999964237213, 0.41200000047683716, 0.41100001335144043, 0.40799999237060547, 0.40700000524520874, 0.4099999964237213, 0.4099999964237213, 0.4099999964237213, 0.42100000381469727, 0.41600000858306885, 0.41499999165534973, 0.414000004529953, 0.4189999997615814, 0.4180000126361847, 0.41600000858306885, 0.41499999165534973, 0.4169999957084656, 0.4169999957084656, 0.4189999997615814, 0.4300000071525574, 0.42100000381469727, 0.42100000381469727, 0.42500001192092896, 0.42899999022483826, 0.43299999833106995, 0.4350000023841858, 0.4339999854564667, 0.4320000112056732, 0.4399999976158142, 0.43799999356269836, 0.4359999895095825, 0.44200000166893005, 0.44200000166893005, 0.4339999854564667, 0.43700000643730164, 0.4390000104904175, 0.4399999976158142, 0.4429999887943268, 0.4440000057220459, 0.4399999976158142, 0.4399999976158142, 0.44600000977516174, 0.44999998807907104, 0.4519999921321869, 0.45100000500679016, 0.44999998807907104, 0.44699999690055847, 0.44999998807907104, 0.4490000009536743, 0.45100000500679016, 0.4519999921321869, 0.45399999618530273, 0.45100000500679016, 0.44699999690055847, 0.45500001311302185, 0.46399998664855957, 0.4620000123977661, 0.46299999952316284, 0.4650000035762787, 0.46299999952316284, 0.4690000116825104, 0.4650000035762787, 0.46399998664855957, 0.45899999141693115, 0.46299999952316284, 0.46799999475479126, 0.47099998593330383, 0.4699999988079071, 0.47200000286102295, 0.4740000069141388, 0.47999998927116394, 0.48399999737739563, 0.48100000619888306, 0.4790000021457672, 0.48500001430511475, 0.4880000054836273, 0.49000000953674316, 0.492000013589859, 0.49399998784065247, 0.4950000047683716, 0.49900001287460327, 0.5009999871253967, 0.5, 0.5040000081062317, 0.5109999775886536, 0.5130000114440918, 0.5189999938011169, 0.5170000195503235, 0.5170000195503235, 0.5239999890327454, 0.5239999890327454, 0.5210000276565552, 0.5329999923706055, 0.5329999923706055, 0.531000018119812, 0.5370000004768372, 0.5419999957084656, 0.5419999957084656, 0.5450000166893005, 0.546999990940094, 0.5479999780654907, 0.5569999814033508, 0.5540000200271606, 0.5619999766349792, 0.5699999928474426, 0.5720000267028809, 0.5770000219345093, 0.5759999752044678, 0.5730000138282776, 0.5740000009536743, 0.5789999961853027, 0.5899999737739563, 0.5899999737739563, 0.5989999771118164, 0.5989999771118164, 0.5989999771118164, 0.5989999771118164, 0.6029999852180481, 0.6100000143051147, 0.6150000095367432, 0.6190000176429749, 0.6179999709129333, 0.6230000257492065, 0.628000020980835, 0.6389999985694885, 0.6420000195503235, 0.6439999938011169, 0.652999997138977, 0.6600000262260437, 0.6620000004768372, 0.6639999747276306, 0.6700000166893005, 0.6729999780654907, 0.6790000200271606, 0.6840000152587891, 0.6859999895095825, 0.6919999718666077, 0.6949999928474426, 0.703000009059906, 0.7039999961853027, 0.7120000123977661, 0.7210000157356262, 0.7279999852180481, 0.7310000061988831, 0.734000027179718, 0.7419999837875366, 0.7519999742507935, 0.7549999952316284, 0.7599999904632568, 0.7749999761581421, 0.7770000100135803, 0.777999997138977, 0.7929999828338623, 0.8019999861717224, 0.8009999990463257, 0.8109999895095825, 0.8180000185966492, 0.828000009059906, 0.8299999833106995, 0.8370000123977661, 0.847000002861023, 0.8539999723434448, 0.859000027179718, 0.8700000047683716, 0.8740000128746033, 0.8820000290870667, 0.9020000100135803, 0.9079999923706055, 0.9089999794960022, 0.9169999957084656, 0.9340000152587891, 0.9419999718666077, 0.9549999833106995, 0.9620000123977661, 0.972000002861023, 0.9850000143051147, 0.9990000128746033, 1.0099999904632568, 1.0199999809265137, 1.0299999713897705, 1.0390000343322754, 1.0549999475479126, 1.0640000104904175, 1.0829999446868896, 1.090999960899353, 1.1100000143051147, 1.128999948501587, 1.1390000581741333, 1.156000018119812, 1.1799999475479126, 1.2050000429153442, 1.2120000123977661, 1.2580000162124634, 1.3660000562667847, 1.5460000038146973, 2.312000036239624, 2.312000036239624, 2.312999963760376, 2.309000015258789, 2.303999900817871, 2.2939999103546143, 2.2939999103546143, 2.2929999828338623, 2.2899999618530273, 2.2909998893737793, 2.2929999828338623, 2.2869999408721924, 2.2869999408721924, 2.2799999713897705, 2.2820000648498535, 2.2739999294281006, 2.2690000534057617, 2.2669999599456787, 2.263000011444092, 2.26200008392334, 2.256999969482422, 2.256999969482422, 2.253000020980835, 2.252000093460083, 2.250999927520752, 2.253000020980835, 2.249000072479248, 2.246999979019165, 2.253000020980835, 2.25, 2.244999885559082, 2.240999937057495, 2.240000009536743, 2.23799991607666, 2.2360000610351562, 2.2360000610351562, 2.2290000915527344, 2.2269999980926514, 2.2230000495910645, 2.2260000705718994, 2.2260000705718994, 2.2260000705718994, 2.2190001010894775, 2.2160000801086426, 2.2149999141693115, 2.2139999866485596, 2.2079999446868896, 2.2039999961853027, 2.2009999752044678, 2.194000005722046, 2.190999984741211, 2.187999963760376, 2.190000057220459, 2.177000045776367, 2.174999952316284, 2.1679999828338623, 2.1679999828338623, 2.171999931335449, 2.171999931335449, 2.1579999923706055, 2.1530001163482666, 2.1429998874664307, 2.1419999599456787, 2.1440000534057617, 2.1440000534057617, 2.132999897003174, 2.128000020980835, 2.125, 2.124000072479248, 2.117000102996826, 2.11299991607666, 2.1050000190734863, 2.1059999465942383, 2.0980000495910645, 2.0920000076293945, 2.0880000591278076, 2.0869998931884766, 2.0810000896453857, 2.0769999027252197, 2.0769999027252197, 2.0759999752044678, 2.065000057220459, 2.061000108718872, 2.0490000247955322, 2.0439999103546143, 2.0439999103546143, 2.0360000133514404, 2.0250000953674316, 2.0199999809265137, 2.013000011444092, 2.009999990463257, 2.003999948501587, 1.9989999532699585, 1.9989999532699585, 1.9910000562667847, 1.9859999418258667, 1.9739999771118164, 1.972000002861023, 1.9589999914169312, 1.944000005722046, 1.9390000104904175, 1.934999942779541, 1.9279999732971191, 1.9199999570846558, 1.9129999876022339, 1.9040000438690186, 1.8940000534057617, 1.8849999904632568, 1.8839999437332153, 1.8739999532699585, 1.86899995803833, 1.8589999675750732, 1.840999960899353, 1.8350000381469727, 1.8309999704360962, 1.8279999494552612, 1.8220000267028809, 1.812000036239624, 1.8029999732971191, 1.7940000295639038, 1.781999945640564, 1.7699999809265137, 1.7549999952316284, 1.746999979019165, 1.7410000562667847, 1.7259999513626099, 1.7139999866485596, 1.7059999704360962, 1.6990000009536743, 1.6929999589920044, 1.684000015258789, 1.6759999990463257, 1.6610000133514404, 1.6460000276565552, 1.6349999904632568, 1.6339999437332153, 1.6130000352859497, 1.6030000448226929, 1.590000033378601, 1.5740000009536743, 1.562000036239624, 1.5499999523162842, 1.5410000085830688, 1.5260000228881836, 1.5049999952316284, 1.503000020980835, 1.4919999837875366, 1.4739999771118164, 1.4600000381469727, 1.434999942779541, 1.4170000553131104, 1.409000039100647, 1.3890000581741333, 1.3799999952316284, 1.3660000562667847, 1.3489999771118164, 1.3370000123977661, 1.3220000267028809, 1.312000036239624, 1.2990000247955322, 1.2790000438690186, 1.2719999551773071, 1.2549999952316284, 1.2480000257492065, 1.2369999885559082, 1.2200000286102295, 1.215999960899353, 1.2039999961853027, 1.190999984741211, 1.1759999990463257, 1.1610000133514404, 1.1490000486373901, 1.1399999856948853, 1.128000020980835, 1.1200000047683716, 1.1100000143051147, 1.0989999771118164, 1.093999981880188, 1.0839999914169312, 1.0789999961853027, 1.0609999895095825, 1.0540000200271606, 1.0540000200271606, 1.0420000553131104, 1.034999966621399, 1.0290000438690186, 1.0190000534057617, 1.0099999904632568, 1.0019999742507935, 0.9990000128746033, 0.9819999933242798, 0.9750000238418579, 0.9670000076293945, 0.9670000076293945, 0.9570000171661377, 0.9509999752044678, 0.9449999928474426, 0.9449999928474426, 0.9419999718666077, 0.9350000023841858, 0.9259999990463257, 0.9200000166893005, 0.9200000166893005, 0.9160000085830688, 0.9089999794960022, 0.9010000228881836, 0.8939999938011169, 0.8889999985694885, 0.8840000033378601, 0.8830000162124634, 0.8730000257492065, 0.871999979019165, 0.8659999966621399, 0.8610000014305115, 0.8600000143051147, 0.8500000238418579, 0.8479999899864197, 0.8429999947547913, 0.8389999866485596, 0.8389999866485596, 0.8389999866485596, 0.8379999995231628, 0.8309999704360962, 0.8289999961853027, 0.8169999718666077, 0.8140000104904175, 0.8090000152587891, 0.7979999780654907, 0.800000011920929, 0.7979999780654907, 0.7979999780654907, 0.7829999923706055, 0.7820000052452087, 0.7820000052452087, 0.7770000100135803, 0.7699999809265137, 0.7699999809265137, 0.7680000066757202, 0.7649999856948853, 0.7649999856948853, 0.7540000081062317, 0.753000020980835, 0.7490000128746033, 0.7450000047683716, 0.7419999837875366, 0.7390000224113464, 0.7329999804496765, 0.7269999980926514, 0.7239999771118164, 0.7239999771118164, 0.722000002861023, 0.7200000286102295, 0.7179999947547913, 0.7170000076293945, 0.7099999785423279, 0.7039999961853027, 0.699999988079071, 0.6919999718666077, 0.6919999718666077, 0.6919999718666077, 0.6909999847412109, 0.6880000233650208, 0.6890000104904175, 0.6840000152587891, 0.6859999895095825, 0.6800000071525574, 0.6790000200271606, 0.675000011920929, 0.6729999780654907, 0.6669999957084656, 0.6660000085830688, 0.6620000004768372, 0.6600000262260437, 0.6589999794960022, 0.6589999794960022, 0.6600000262260437, 0.6600000262260437, 0.6579999923706055, 0.6570000052452087, 0.656000018119812, 0.6539999842643738, 0.6510000228881836, 0.6439999938011169, 0.6480000019073486, 0.6470000147819519, 0.640999972820282, 0.6420000195503235, 0.6420000195503235, 0.6370000243186951, 0.6320000290870667, 0.6309999823570251, 0.6309999823570251, 0.6309999823570251, 0.6309999823570251, 0.6299999952316284, 0.628000020980835, 0.6179999709129333, 0.6129999756813049, 0.6140000224113464, 0.6140000224113464, 0.6140000224113464, 0.6119999885559082, 0.609000027179718, 0.609000027179718, 0.6110000014305115, 0.6110000014305115, 0.6100000143051147, 0.6069999933242798, 0.6069999933242798, 0.6069999933242798, 0.6029999852180481, 0.5950000286102295, 0.5950000286102295, 0.5950000286102295, 0.5929999947547913, 0.5910000205039978, 0.5929999947547913, 0.5889999866485596, 0.5809999704360962, 0.5809999704360962, 0.5820000171661377, 0.5839999914169312, 0.5839999914169312, 0.5849999785423279, 0.5830000042915344, 0.5849999785423279, 0.5789999961853027, 0.5809999704360962, 0.5799999833106995, 0.574999988079071, 0.574999988079071, 0.574999988079071, 0.578000009059906, 0.5789999961853027, 0.5809999704360962, 0.5709999799728394, 0.5709999799728394, 0.5699999928474426, 0.5699999928474426, 0.5690000057220459, 0.5669999718666077, 0.5640000104904175, 0.5680000185966492, 0.5699999928474426, 0.5680000185966492, 0.5630000233650208, 0.5619999766349792, 0.5619999766349792, 0.5540000200271606, 0.5550000071525574, 0.5569999814033508, 0.5590000152587891, 0.5550000071525574, 0.5540000200271606, 0.5540000200271606, 0.5540000200271606, 0.5509999990463257, 0.5479999780654907, 0.5540000200271606, 0.5540000200271606, 0.5540000200271606, 0.5609999895095825, 0.5590000152587891, 0.550000011920929, 0.550000011920929, 0.5440000295639038, 0.5460000038146973, 0.5490000247955322, 0.5490000247955322, 0.5460000038146973, 0.5400000214576721, 0.5419999957084656, 0.5450000166893005, 0.546999990940094, 0.5450000166893005, 0.5460000038146973, 0.5460000038146973, 0.5450000166893005, 0.5450000166893005, 0.5440000295639038, 0.5450000166893005, 0.5440000295639038, 0.5429999828338623, 0.5410000085830688, 0.5410000085830688, 0.5419999957084656, 0.5389999747276306, 0.5389999747276306, 0.5339999794960022, 0.5339999794960022, 0.5329999923706055, 0.5329999923706055, 0.5339999794960022, 0.5410000085830688, 0.5389999747276306, 0.5350000262260437, 0.5350000262260437, 0.5320000052452087, 0.5299999713897705, 0.5270000100135803, 0.5299999713897705, 0.5289999842643738, 0.5320000052452087, 0.5360000133514404, 0.5329999923706055, 0.5320000052452087, 0.5320000052452087, 0.5299999713897705, 0.5289999842643738, 0.5450000166893005, 0.5389999747276306, 0.531000018119812, 0.5329999923706055, 0.5320000052452087, 0.5320000052452087, 0.5320000052452087, 0.5289999842643738, 0.5260000228881836, 0.5260000228881836, 0.5249999761581421, 0.5249999761581421, 0.5249999761581421, 0.5249999761581421, 0.5270000100135803, 0.5299999713897705, 0.5329999923706055, 0.5339999794960022, 0.531000018119812, 0.5339999794960022, 0.5419999957084656, 0.5419999957084656, 0.5360000133514404, 0.5329999923706055, 0.5339999794960022, 0.5329999923706055, 0.5329999923706055, 0.5329999923706055, 0.5329999923706055, 0.5329999923706055, 0.5370000004768372, 0.5400000214576721, 0.5360000133514404, 0.5370000004768372, 0.5370000004768372, 0.5389999747276306, 0.5370000004768372, 0.5360000133514404, 0.5360000133514404, 0.5370000004768372, 0.5389999747276306, 0.5410000085830688, 0.5370000004768372, 0.5370000004768372, 0.5370000004768372, 0.5370000004768372, 0.5460000038146973, 0.5410000085830688, 0.5410000085830688, 0.5400000214576721, 0.5400000214576721, 0.5379999876022339, 0.5429999828338623, 0.5440000295639038, 0.5440000295639038, 0.5410000085830688, 0.5440000295639038, 0.5429999828338623, 0.5440000295639038, 0.5460000038146973, 0.5450000166893005, 0.5479999780654907, 0.546999990940094, 0.5490000247955322, 0.5490000247955322, 0.5479999780654907, 0.5440000295639038, 0.5440000295639038, 0.550000011920929, 0.550000011920929, 0.5509999990463257, 0.5460000038146973, 0.546999990940094, 0.5479999780654907, 0.5509999990463257, 0.5519999861717224, 0.5540000200271606, 0.5540000200271606, 0.5529999732971191, 0.5529999732971191, 0.5559999942779541, 0.5580000281333923, 0.5569999814033508, 0.5649999976158142, 0.5619999766349792, 0.5609999895095825, 0.5680000185966492, 0.5659999847412109, 0.5649999976158142, 0.5640000104904175, 0.5640000104904175, 0.5640000104904175, 0.5630000233650208, 0.5609999895095825, 0.5619999766349792, 0.5640000104904175, 0.5649999976158142, 0.5759999752044678, 0.5759999752044678, 0.5799999833106995, 0.5770000219345093, 0.574999988079071, 0.574999988079071, 0.5730000138282776, 0.578000009059906, 0.5830000042915344, 0.5830000042915344, 0.5799999833106995, 0.5820000171661377, 0.5839999914169312, 0.5889999866485596, 0.5950000286102295, 0.5870000123977661, 0.5870000123977661, 0.5889999866485596, 0.5879999995231628, 0.5929999947547913, 0.593999981880188, 0.5979999899864197, 0.6019999980926514, 0.6019999980926514, 0.6010000109672546, 0.6079999804496765, 0.6079999804496765, 0.6069999933242798, 0.6069999933242798, 0.6100000143051147, 0.6079999804496765, 0.6060000061988831, 0.609000027179718, 0.609000027179718, 0.6150000095367432, 0.6150000095367432, 0.6190000176429749, 0.6190000176429749, 0.6230000257492065, 0.621999979019165, 0.6299999952316284, 0.6380000114440918, 0.6330000162124634, 0.6290000081062317, 0.6259999871253967, 0.6359999775886536, 0.6370000243186951, 0.6399999856948853, 0.6430000066757202, 0.6430000066757202, 0.6460000276565552, 0.6449999809265137, 0.6449999809265137, 0.6430000066757202, 0.6460000276565552, 0.6439999938011169, 0.6439999938011169, 0.652999997138977, 0.6579999923706055, 0.6570000052452087, 0.6570000052452087, 0.6570000052452087, 0.6600000262260437, 0.6639999747276306, 0.6629999876022339, 0.6610000133514404, 0.6620000004768372, 0.6629999876022339, 0.6610000133514404, 0.6700000166893005, 0.6729999780654907, 0.6690000295639038, 0.6620000004768372, 0.6700000166893005, 0.6809999942779541, 0.6819999814033508, 0.6830000281333923, 0.6840000152587891, 0.6809999942779541, 0.6819999814033508, 0.6819999814033508, 0.6880000233650208, 0.6930000185966492, 0.6930000185966492, 0.6940000057220459, 0.6980000138282776, 0.6990000009536743, 0.7070000171661377, 0.7070000171661377, 0.7070000171661377, 0.7080000042915344, 0.7080000042915344, 0.7120000123977661, 0.7139999866485596, 0.7099999785423279, 0.7149999737739563, 0.7210000157356262, 0.7200000286102295, 0.7239999771118164, 0.7250000238418579, 0.7250000238418579, 0.7229999899864197, 0.7260000109672546, 0.7300000190734863, 0.7319999933242798, 0.734000027179718, 0.7379999756813049, 0.7409999966621399, 0.7409999966621399, 0.7390000224113464, 0.734000027179718, 0.7459999918937683, 0.7459999918937683, 0.7490000128746033, 0.7480000257492065, 0.7490000128746033, 0.7549999952316284, 0.7570000290870667, 0.7570000290870667, 0.7570000290870667, 0.7599999904632568, 0.7609999775886536, 0.7630000114440918, 0.7670000195503235, 0.7689999938011169, 0.7689999938011169, 0.7760000228881836, 0.7760000228881836, 0.7730000019073486, 0.7770000100135803, 0.7829999923706055, 0.7940000295639038, 0.7900000214576721, 0.7910000085830688, 0.7910000085830688, 0.7979999780654907, 0.8019999861717224, 0.8029999732971191, 0.796999990940094, 0.800000011920929, 0.8050000071525574, 0.8090000152587891, 0.8149999976158142, 0.8220000267028809, 0.8209999799728394, 0.8190000057220459, 0.8230000138282776, 0.8270000219345093, 0.8299999833106995, 0.8309999704360962, 0.8349999785423279, 0.8379999995231628, 0.8389999866485596, 0.8370000123977661, 0.847000002861023, 0.847000002861023, 0.8500000238418579, 0.8500000238418579, 0.8460000157356262, 0.8460000157356262, 0.8510000109672546, 0.8539999723434448, 0.8539999723434448, 0.8550000190734863, 0.8569999933242798, 0.8629999756813049, 0.8650000095367432, 0.8629999756813049, 0.8679999709129333, 0.8730000257492065, 0.875, 0.8740000128746033, 0.875, 0.8799999952316284, 0.8809999823570251, 0.8809999823570251, 0.8880000114440918, 0.8949999809265137, 0.8889999985694885, 0.8880000114440918, 0.8899999856948853, 0.8970000147819519, 0.8970000147819519, 0.8970000147819519, 0.9039999842643738, 0.9139999747276306, 0.9120000004768372, 0.9150000214576721, 0.9150000214576721, 0.9129999876022339, 0.9190000295639038, 0.9210000038146973, 0.9190000295639038, 0.9190000295639038, 0.9190000295639038, 0.9169999957084656, 0.9179999828338623, 0.9229999780654907, 0.925000011920929, 0.9269999861717224, 0.9290000200271606, 0.9300000071525574, 0.9309999942779541, 0.9430000185966492, 0.9459999799728394, 0.9430000185966492, 0.9440000057220459, 0.9419999718666077, 0.9390000104904175, 0.9380000233650208, 0.9359999895095825, 0.9390000104904175, 0.949999988079071, 0.9449999928474426, 0.9449999928474426, 0.9399999976158142, 0.9470000267028809, 0.9520000219345093, 0.9570000171661377, 0.9649999737739563, 0.968999981880188, 0.9670000076293945, 0.9649999737739563, 0.9739999771118164, 0.9739999771118164, 0.9729999899864197, 0.9800000190734863, 0.9670000076293945, 0.968999981880188, 0.968999981880188, 0.9700000286102295, 0.9700000286102295, 0.9710000157356262, 0.9750000238418579, 0.9750000238418579, 0.9789999723434448, 0.9660000205039978, 0.9660000205039978, 0.9789999723434448, 0.9860000014305115, 0.9980000257492065, 0.9959999918937683, 0.9909999966621399, 0.9929999709129333, 1.00600004196167, 1.0089999437332153, 1.0160000324249268, 1.0399999618530273, 1.0399999618530273, 1.0399999618530273, 1.0379999876022339, 1.0369999408721924, 1.0369999408721924, 1.0420000553131104, 1.0440000295639038, 1.0479999780654907, 1.0509999990463257, 1.0509999990463257, 1.055999994277954, 1.059000015258789, 1.059000015258789]
intensities: [1146.0, 1158.0, 1370.0, 1424.0, 1519.0, 1618.0, 1618.0, 1721.0, 1713.0, 1719.0, 1704.0, 1699.0, 1736.0, 1667.0, 1641.0, 1139.0, 1101.0, 1075.0, 883.0, 824.0, 820.0, 962.0, 1027.0, 1057.0, 1051.0, 1046.0, 1071.0, 1119.0, 1246.0, 1416.0, 1497.0, 1541.0, 1657.0, 1751.0, 1787.0, 1787.0, 1790.0, 1790.0, 1787.0, 1777.0, 1791.0, 1789.0, 1781.0, 1771.0, 1747.0, 1750.0, 1770.0, 1773.0, 1754.0, 1747.0, 1748.0, 1724.0, 1707.0, 1725.0, 1709.0, 1717.0, 1707.0, 1701.0, 1702.0, 1686.0, 1688.0, 1678.0, 1683.0, 1691.0, 1688.0, 1665.0, 1650.0, 1650.0, 1661.0, 1650.0, 1655.0, 1650.0, 1637.0, 1642.0, 1639.0, 1648.0, 1627.0, 1621.0, 1625.0, 1642.0, 1634.0, 1632.0, 1632.0, 1582.0, 1581.0, 1580.0, 1579.0, 1580.0, 1561.0, 1561.0, 1545.0, 1545.0, 1549.0, 1540.0, 1537.0, 1537.0, 1524.0, 1545.0, 1534.0, 1516.0, 1516.0, 1511.0, 1514.0, 1518.0, 1514.0, 1516.0, 1514.0, 1516.0, 1499.0, 1500.0, 1504.0, 1514.0, 1515.0, 1498.0, 1498.0, 1505.0, 1498.0, 1498.0, 1484.0, 1485.0, 1449.0, 1451.0, 1446.0, 1445.0, 1457.0, 1441.0, 1441.0, 1424.0, 1432.0, 1413.0, 1409.0, 1416.0, 1418.0, 1400.0, 1409.0, 1399.0, 1400.0, 1386.0, 1371.0, 1357.0, 1348.0, 1349.0, 1358.0, 1333.0, 1319.0, 1311.0, 1306.0, 1285.0, 1293.0, 1301.0, 1297.0, 1297.0, 1253.0, 1265.0, 1278.0, 1268.0, 1267.0, 1262.0, 1237.0, 1237.0, 1231.0, 1243.0, 1225.0, 1230.0, 1231.0, 1230.0, 1232.0, 1227.0, 1226.0, 1207.0, 1214.0, 1203.0, 1203.0, 1201.0, 1207.0, 1189.0, 1180.0, 1178.0, 1171.0, 1186.0, 1181.0, 1173.0, 1155.0, 1157.0, 1145.0, 1145.0, 1131.0, 1122.0, 1134.0, 1140.0, 1132.0, 1132.0, 1132.0, 1127.0, 1132.0, 1132.0, 1133.0, 1131.0, 1126.0, 1132.0, 1136.0, 1123.0, 1122.0, 1130.0, 1130.0, 1103.0, 1117.0, 1117.0, 1112.0, 1112.0, 1115.0, 1140.0, 1146.0, 1133.0, 1139.0, 1143.0, 1136.0, 1147.0, 1154.0, 1129.0, 1150.0, 1135.0, 1144.0, 1154.0, 1121.0, 1117.0, 1132.0, 1144.0, 1134.0, 1118.0, 1111.0, 1111.0, 1099.0, 1102.0, 1099.0, 1099.0, 1107.0, 1113.0, 1120.0, 1122.0, 1107.0, 1110.0, 1107.0, 1111.0, 1120.0, 1116.0, 1110.0, 1112.0, 1108.0, 1113.0, 1100.0, 1101.0, 1114.0, 1116.0, 1110.0, 1118.0, 1112.0, 1115.0, 1109.0, 1103.0, 1108.0, 1095.0, 1093.0, 1098.0, 1083.0, 1076.0, 1070.0, 1062.0, 1083.0, 1079.0, 1080.0, 1090.0, 1089.0, 1078.0, 1084.0, 1080.0, 1104.0, 1093.0, 1082.0, 1088.0, 1058.0, 1053.0, 1076.0, 1074.0, 1060.0, 1052.0, 1056.0, 1042.0, 1023.0, 1013.0, 1008.0, 1006.0, 1006.0, 996.0, 1000.0, 1035.0, 1033.0, 1036.0, 1033.0, 1022.0, 1019.0, 986.0, 975.0, 969.0, 962.0, 981.0, 983.0, 974.0, 971.0, 994.0, 1005.0, 1101.0, 1383.0, 1296.0, 999.0, 975.0, 994.0, 994.0, 996.0, 980.0, 988.0, 996.0, 990.0, 991.0, 1002.0, 998.0, 998.0, 996.0, 1009.0, 1007.0, 999.0, 1009.0, 1002.0, 1013.0, 998.0, 1006.0, 1005.0, 1008.0, 1004.0, 1011.0, 1010.0, 1008.0, 1028.0, 1028.0, 1014.0, 1009.0, 1010.0, 1010.0, 1014.0, 1012.0, 1017.0, 1016.0, 1028.0, 1017.0, 1011.0, 1011.0, 1024.0, 1011.0, 1006.0, 1017.0, 1012.0, 1021.0, 1019.0, 1003.0, 1016.0, 1017.0, 1022.0, 1020.0, 1028.0, 1015.0, 1015.0, 1017.0, 1031.0, 1019.0, 1026.0, 1016.0, 1023.0, 1017.0, 1021.0, 1024.0, 1028.0, 1030.0, 1025.0, 1028.0, 1032.0, 1024.0, 1038.0, 1033.0, 1037.0, 1023.0, 1036.0, 1030.0, 1031.0, 1032.0, 1034.0, 1037.0, 1038.0, 1039.0, 1043.0, 1046.0, 1047.0, 1051.0, 1045.0, 1040.0, 1047.0, 1042.0, 1039.0, 1035.0, 1028.0, 1043.0, 1025.0, 1029.0, 1022.0, 1029.0, 1027.0, 1016.0, 1032.0, 1028.0, 1023.0, 1035.0, 1022.0, 1037.0, 1045.0, 1036.0, 1037.0, 1045.0, 1038.0, 1030.0, 1035.0, 1028.0, 1059.0, 1059.0, 1053.0, 1052.0, 1056.0, 1067.0, 1057.0, 1064.0, 1065.0, 1077.0, 1059.0, 1065.0, 1073.0, 1077.0, 1063.0, 1071.0, 1067.0, 1068.0, 1057.0, 1057.0, 1048.0, 1051.0, 1060.0, 1063.0, 1055.0, 1065.0, 1073.0, 1059.0, 1056.0, 1057.0, 1064.0, 1068.0, 1068.0, 1062.0, 1073.0, 1085.0, 1071.0, 1085.0, 1084.0, 1092.0, 1095.0, 1106.0, 1106.0, 1112.0, 1114.0, 1118.0, 1112.0, 1113.0, 1109.0, 1114.0, 1116.0, 1119.0, 1106.0, 1114.0, 1106.0, 1129.0, 1133.0, 1113.0, 1140.0, 1133.0, 1143.0, 1138.0, 1136.0, 1147.0, 1150.0, 1139.0, 1140.0, 1139.0, 1134.0, 1143.0, 1133.0, 1168.0, 1170.0, 1170.0, 1177.0, 1189.0, 1183.0, 1183.0, 1189.0, 1202.0, 1208.0, 1227.0, 1240.0, 1240.0, 1243.0, 1243.0, 1252.0, 1277.0, 1269.0, 1291.0, 1276.0, 1280.0, 1281.0, 1291.0, 1295.0, 1304.0, 1310.0, 1311.0, 1314.0, 1319.0, 1331.0, 1349.0, 1357.0, 1357.0, 1363.0, 1365.0, 1386.0, 1375.0, 1378.0, 1383.0, 1402.0, 1405.0, 1421.0, 1421.0, 1421.0, 1422.0, 1427.0, 1431.0, 1447.0, 1442.0, 1465.0, 1459.0, 1459.0, 1459.0, 1461.0, 1455.0, 1495.0, 1504.0, 1505.0, 1509.0, 1528.0, 1535.0, 1560.0, 1559.0, 1575.0, 1564.0, 1559.0, 1562.0, 1582.0, 1590.0, 1595.0, 1592.0, 1583.0, 1592.0, 1605.0, 1590.0, 1608.0, 1590.0, 1600.0, 1613.0, 1616.0, 1615.0, 1620.0, 1600.0, 1606.0, 1613.0, 1623.0, 1622.0, 1634.0, 1646.0, 1646.0, 1662.0, 1650.0, 1639.0, 1646.0, 1639.0, 1649.0, 1642.0, 1643.0, 1658.0, 1664.0, 1671.0, 1673.0, 1660.0, 1660.0, 1675.0, 1675.0, 1675.0, 1675.0, 1675.0, 1667.0, 1652.0, 1682.0, 1684.0, 1682.0, 1687.0, 1692.0, 1685.0, 1686.0, 1686.0, 1690.0, 1687.0, 1688.0, 1688.0, 1692.0, 1693.0, 1690.0, 1697.0, 1704.0, 1704.0, 1708.0, 1727.0, 1736.0, 1729.0, 1723.0, 1725.0, 1738.0, 1750.0, 1758.0, 1753.0, 1748.0, 1756.0, 1740.0, 1731.0, 1737.0, 1736.0, 1761.0, 1763.0, 1768.0, 1771.0, 1786.0, 1779.0, 1779.0, 1779.0, 1791.0, 1804.0, 1804.0, 1808.0, 1799.0, 1793.0, 1792.0, 1801.0, 1811.0, 1805.0, 1815.0, 1817.0, 1832.0, 1836.0, 1832.0, 1834.0, 1832.0, 1845.0, 1834.0, 1841.0, 1841.0, 1837.0, 1838.0, 1854.0, 1854.0, 1822.0, 1836.0, 1862.0, 1862.0, 1840.0, 1841.0, 1842.0, 1853.0, 1855.0, 1868.0, 1866.0, 1864.0, 1860.0, 1850.0, 1844.0, 1843.0, 1854.0, 1848.0, 1880.0, 1880.0, 1888.0, 1885.0, 1893.0, 1890.0, 1902.0, 1909.0, 1898.0, 1901.0, 1893.0, 1886.0, 1936.0, 1936.0, 1941.0, 1923.0, 1926.0, 1905.0, 1915.0, 1950.0, 1910.0, 1933.0, 1966.0, 1973.0, 1948.0, 1924.0, 1936.0, 1934.0, 1937.0, 1904.0, 1912.0, 1902.0, 1910.0, 1939.0, 1960.0, 1960.0, 1955.0, 1963.0, 1971.0, 1971.0, 1947.0, 1926.0, 1926.0, 1925.0, 1925.0, 1906.0, 1883.0, 1883.0, 1863.0, 1853.0, 1848.0, 1873.0, 1863.0, 1863.0, 1852.0, 1852.0, 1841.0, 1830.0, 1846.0, 1846.0, 1850.0, 1854.0, 1808.0, 1820.0, 1804.0, 1776.0, 1785.0, 1794.0, 1787.0, 1790.0, 1784.0, 1784.0, 1799.0, 1777.0, 1777.0, 1774.0, 1778.0, 1784.0, 1765.0, 1734.0, 1733.0, 1722.0, 1732.0, 1722.0, 1712.0, 1705.0, 1711.0, 1700.0, 1705.0, 1710.0, 1710.0, 1686.0, 1683.0, 1683.0, 1682.0, 1682.0, 1668.0, 1662.0, 1670.0, 1660.0, 1623.0, 1631.0, 1633.0, 1639.0, 1638.0, 1623.0, 1607.0, 1605.0, 1590.0, 1605.0, 1596.0, 1588.0, 1607.0, 1588.0, 1558.0, 1563.0, 1565.0, 1559.0, 1557.0, 1562.0, 1548.0, 1529.0, 1534.0, 1528.0, 1528.0, 1527.0, 1525.0, 1529.0, 1529.0, 1518.0, 1520.0, 1509.0, 1509.0, 1482.0, 1478.0, 1471.0, 1479.0, 1497.0, 1475.0, 1480.0, 1485.0, 1485.0, 1448.0, 1440.0, 1442.0, 1437.0, 1437.0, 1426.0, 1431.0, 1431.0, 1426.0, 1426.0, 1422.0, 1424.0, 1424.0, 1422.0, 1422.0, 1413.0, 1419.0, 1413.0, 1413.0, 1413.0, 1407.0, 1407.0, 1413.0, 1401.0, 1391.0, 1387.0, 1375.0, 1378.0, 1376.0, 1374.0, 1374.0, 1356.0, 1351.0, 1351.0, 1343.0, 1357.0, 1356.0, 1356.0, 1325.0, 1332.0, 1322.0, 1305.0, 1305.0, 1316.0, 1318.0, 1323.0, 1312.0, 1298.0, 1284.0, 1278.0, 1282.0, 1293.0, 1272.0, 1262.0, 1267.0, 1259.0, 1265.0, 1278.0, 1284.0, 1269.0, 1269.0, 1263.0, 1262.0, 1248.0, 1248.0, 1247.0, 1252.0, 1249.0, 1253.0, 1253.0, 1249.0, 1260.0, 1252.0, 1252.0, 1238.0, 1235.0, 1244.0, 1248.0, 1229.0, 1248.0, 1230.0, 1230.0, 1224.0, 1217.0, 1209.0, 1222.0, 1235.0, 1230.0, 1225.0, 1225.0, 1221.0, 1225.0, 1204.0, 1204.0, 1233.0, 1241.0, 1226.0, 1234.0, 1237.0, 1237.0, 1212.0, 1210.0, 1225.0, 1231.0, 1203.0, 1191.0, 1191.0, 1234.0, 1234.0, 1202.0, 1185.0, 1187.0, 1212.0, 1196.0, 1201.0, 1198.0, 1194.0, 1193.0, 1198.0, 1196.0, 1202.0, 1219.0, 1209.0, 1211.0, 1227.0, 1224.0, 1215.0, 1215.0, 1215.0, 1212.0, 1201.0, 1209.0, 1213.0, 1215.0, 1211.0, 1223.0, 1240.0, 1208.0, 1208.0, 1203.0, 1206.0, 1208.0, 1213.0, 1213.0, 1223.0, 1234.0, 1213.0, 1211.0, 1231.0, 1227.0, 1220.0, 1218.0, 1217.0, 1218.0, 1229.0, 1208.0, 1208.0, 1210.0, 1214.0, 1207.0, 1214.0, 1212.0, 1224.0, 1224.0, 1238.0, 1213.0, 1213.0, 1219.0, 1219.0, 1219.0, 1210.0, 1250.0, 1229.0, 1239.0, 1251.0, 1251.0, 1239.0, 1234.0, 1227.0, 1228.0, 1241.0, 1246.0, 1226.0, 1235.0, 1244.0, 1247.0, 1231.0, 1242.0, 1233.0, 1237.0, 1256.0, 1260.0, 1244.0, 1263.0, 1235.0, 1269.0, 1253.0, 1261.0, 1262.0, 1252.0, 1255.0, 1264.0, 1266.0, 1267.0, 1262.0, 1252.0, 1265.0, 1263.0, 1275.0, 1268.0, 1269.0, 1272.0, 1273.0, 1280.0, 1284.0, 1291.0, 1281.0, 1291.0, 1291.0, 1280.0, 1274.0, 1273.0, 1275.0, 1282.0, 1279.0, 1275.0, 1279.0, 1285.0, 1288.0, 1281.0, 1287.0, 1294.0, 1302.0, 1302.0, 1307.0, 1276.0, 1292.0, 1281.0, 1282.0, 1274.0, 1305.0, 1305.0]