header: 
  seq: 1381
  stamp: 
    secs: 1548820791
    nsecs: 681844895
  frame_id: "base_link"
angle_min: -2.35619449615
angle_max: 2.35619449615
angle_increment: 0.00436332309619
time_increment: 1.73611151695e-05
scan_time: 0.0250000003725
range_min: 0.019999999553
range_max: 30.0
ranges: [0.48500001430511475, 0.4790000021457672, 0.4819999933242798, 0.4790000021457672, 0.47999998927116394, 0.4830000102519989, 0.48500001430511475, 0.48399999737739563, 0.4819999933242798, 0.4779999852180481, 0.47999998927116394, 0.4779999852180481, 0.4729999899864197, 0.46000000834465027, 0.46000000834465027, 0.4519999921321869, 0.4009999930858612, 0.3580000102519989, 0.28299999237060547, 0.3140000104904175, 0.3319999873638153, 0.39800000190734863, 0.4490000009536743, 0.43799999356269836, 0.4569999873638153, 0.4519999921321869, 0.4490000009536743, 0.4440000057220459, 0.4309999942779541, 0.4350000023841858, 0.4300000071525574, 0.4429999887943268, 0.44200000166893005, 0.4440000057220459, 0.44699999690055847, 0.4480000138282776, 0.4359999895095825, 0.4359999895095825, 0.4359999895095825, 0.4339999854564667, 0.4320000112056732, 0.42500001192092896, 0.4269999861717224, 0.4359999895095825, 0.4300000071525574, 0.4169999957084656, 0.421999990940094, 0.42800000309944153, 0.41999998688697815, 0.4189999997615814, 0.4180000126361847, 0.4169999957084656, 0.41499999165534973, 0.41499999165534973, 0.41499999165534973, 0.4169999957084656, 0.4189999997615814, 0.4189999997615814, 0.40700000524520874, 0.4059999883174896, 0.4059999883174896, 0.40299999713897705, 0.40299999713897705, 0.39899998903274536, 0.4020000100135803, 0.4009999930858612, 0.4059999883174896, 0.39899998903274536, 0.39800000190734863, 0.39800000190734863, 0.39800000190734863, 0.3959999978542328, 0.39800000190734863, 0.4000000059604645, 0.39899998903274536, 0.3930000066757202, 0.39100000262260437, 0.4009999930858612, 0.39899998903274536, 0.4009999930858612, 0.39800000190734863, 0.39800000190734863, 0.3970000147819519, 0.3930000066757202, 0.3919999897480011, 0.39100000262260437, 0.3930000066757202, 0.39100000262260437, 0.39100000262260437, 0.3889999985694885, 0.3840000033378601, 0.3840000033378601, 0.3779999911785126, 0.38499999046325684, 0.38600000739097595, 0.38600000739097595, 0.38499999046325684, 0.38499999046325684, 0.37700000405311584, 0.37599998712539673, 0.38199999928474426, 0.382999986410141, 0.3790000081062317, 0.3799999952316284, 0.37700000405311584, 0.37599998712539673, 0.37700000405311584, 0.37299999594688416, 0.3720000088214874, 0.375, 0.37400001287460327, 0.37400001287460327, 0.37299999594688416, 0.37299999594688416, 0.3700000047683716, 0.36500000953674316, 0.3630000054836273, 0.36800000071525574, 0.36800000071525574, 0.367000013589859, 0.3610000014305115, 0.3630000054836273, 0.3610000014305115, 0.3610000014305115, 0.3580000102519989, 0.3529999852180481, 0.3619999885559082, 0.35499998927116394, 0.35899999737739563, 0.35499998927116394, 0.35499998927116394, 0.3569999933242798, 0.3610000014305115, 0.35600000619888306, 0.35600000619888306, 0.35499998927116394, 0.35600000619888306, 0.3490000069141388, 0.35899999737739563, 0.36000001430511475, 0.35899999737739563, 0.3540000021457672, 0.35600000619888306, 0.35199999809265137, 0.3540000021457672, 0.35600000619888306, 0.35199999809265137, 0.3540000021457672, 0.35600000619888306, 0.3529999852180481, 0.3449999988079071, 0.34299999475479126, 0.34599998593330383, 0.3490000069141388, 0.3490000069141388, 0.35100001096725464, 0.3440000116825104, 0.3440000116825104, 0.3440000116825104, 0.3440000116825104, 0.3449999988079071, 0.34599998593330383, 0.34599998593330383, 0.3449999988079071, 0.34299999475479126, 0.3409999907016754, 0.34299999475479126, 0.3499999940395355, 0.3529999852180481, 0.3479999899864197, 0.34599998593330383, 0.34599998593330383, 0.34599998593330383, 0.34299999475479126, 0.3409999907016754, 0.34200000762939453, 0.34200000762939453, 0.34200000762939453, 0.33799999952316284, 0.33899998664855957, 0.33899998664855957, 0.33500000834465027, 0.3330000042915344, 0.33500000834465027, 0.33500000834465027, 0.33500000834465027, 0.33799999952316284, 0.3319999873638153, 0.328000009059906, 0.33500000834465027, 0.335999995470047, 0.33500000834465027, 0.33500000834465027, 0.3310000002384186, 0.335999995470047, 0.3330000042915344, 0.3330000042915344, 0.3330000042915344, 0.33799999952316284, 0.33500000834465027, 0.32600000500679016, 0.32499998807907104, 0.32899999618530273, 0.3310000002384186, 0.32899999618530273, 0.32899999618530273, 0.3330000042915344, 0.3499999940395355, 0.3440000116825104, 0.3409999907016754, 0.335999995470047, 0.3400000035762787, 0.35100001096725464, 0.3330000042915344, 0.33000001311302185, 0.33000001311302185, 0.3310000002384186, 0.32899999618530273, 0.32600000500679016, 0.32600000500679016, 0.328000009059906, 0.3319999873638153, 0.33799999952316284, 0.3310000002384186, 0.3310000002384186, 0.32899999618530273, 0.3319999873638153, 0.3319999873638153, 0.3319999873638153, 0.33899998664855957, 0.33500000834465027, 0.3310000002384186, 0.3319999873638153, 0.3319999873638153, 0.33399999141693115, 0.3319999873638153, 0.3310000002384186, 0.33000001311302185, 0.33399999141693115, 0.33399999141693115, 0.32600000500679016, 0.32600000500679016, 0.3310000002384186, 0.33399999141693115, 0.32899999618530273, 0.32499998807907104, 0.3240000009536743, 0.3230000138282776, 0.3240000009536743, 0.32499998807907104, 0.328000009059906, 0.32499998807907104, 0.34299999475479126, 0.34299999475479126, 0.34299999475479126, 0.3440000116825104, 0.3440000116825104, 0.3449999988079071, 0.335999995470047, 0.3370000123977661, 0.33899998664855957, 0.33899998664855957, 0.328000009059906, 0.32899999618530273, 0.3370000123977661, 0.3409999907016754, 0.3409999907016754, 0.3409999907016754, 0.34299999475479126, 0.3479999899864197, 0.3529999852180481, 0.3449999988079071, 0.33500000834465027, 0.33899998664855957, 0.33899998664855957, 0.3440000116825104, 0.34200000762939453, 0.3400000035762787, 0.3499999940395355, 0.36000001430511475, 0.35899999737739563, 0.3499999940395355, 0.34299999475479126, 0.3440000116825104, 0.35100001096725464, 0.3499999940395355, 0.3499999940395355, 0.35199999809265137, 0.3540000021457672, 0.35199999809265137, 0.3479999899864197, 0.3490000069141388, 0.3569999933242798, 0.3610000014305115, 0.35899999737739563, 0.3529999852180481, 0.35499998927116394, 0.35600000619888306, 0.35600000619888306, 0.367000013589859, 0.3720000088214874, 0.3700000047683716, 0.3659999966621399, 0.3610000014305115, 0.3619999885559082, 0.367000013589859, 0.36399999260902405, 0.3700000047683716, 0.36800000071525574, 0.37400001287460327, 0.382999986410141, 0.382999986410141, 0.37700000405311584, 0.37400001287460327, 0.37299999594688416, 0.37599998712539673, 0.3840000033378601, 0.3720000088214874, 0.3720000088214874, 0.3799999952316284, 0.3799999952316284, 0.38499999046325684, 0.38600000739097595, 0.39100000262260437, 0.3959999978542328, 0.3930000066757202, 0.3919999897480011, 0.3869999945163727, 0.3869999945163727, 0.39500001072883606, 0.3970000147819519, 0.3970000147819519, 0.3919999897480011, 0.3880000114440918, 0.39100000262260437, 0.4000000059604645, 0.4000000059604645, 0.4000000059604645, 0.40400001406669617, 0.4090000092983246, 0.40700000524520874, 0.4020000100135803, 0.40700000524520874, 0.4189999997615814, 0.41600000858306885, 0.41100001335144043, 0.40799999237060547, 0.4180000126361847, 0.4269999861717224, 0.4300000071525574, 0.4300000071525574, 0.4309999942779541, 0.4309999942779541, 0.4350000023841858, 0.42500001192092896, 0.4359999895095825, 0.4320000112056732, 0.4320000112056732, 0.4440000057220459, 0.4440000057220459, 0.4390000104904175, 0.4390000104904175, 0.4449999928474426, 0.44699999690055847, 0.4519999921321869, 0.4560000002384186, 0.4580000042915344, 0.4569999873638153, 0.45500001311302185, 0.45399999618530273, 0.46000000834465027, 0.46000000834465027, 0.46000000834465027, 0.46399998664855957, 0.4650000035762787, 0.46700000762939453, 0.46700000762939453, 0.46700000762939453, 0.4729999899864197, 0.47600001096725464, 0.4830000102519989, 0.4779999852180481, 0.4779999852180481, 0.47999998927116394, 0.49000000953674316, 0.4950000047683716, 0.4950000047683716, 0.4909999966621399, 0.4950000047683716, 0.4950000047683716, 0.4950000047683716, 0.49799999594688416, 0.5019999742507935, 0.5040000081062317, 0.5099999904632568, 0.5139999985694885, 0.5139999985694885, 0.5139999985694885, 0.5180000066757202, 0.5210000276565552, 0.5270000100135803, 0.5289999842643738, 0.5389999747276306, 0.5400000214576721, 0.5400000214576721, 0.5440000295639038, 0.5440000295639038, 0.5379999876022339, 0.5379999876022339, 0.5429999828338623, 0.5419999957084656, 0.5479999780654907, 0.5479999780654907, 0.5509999990463257, 0.5659999847412109, 0.5580000281333923, 0.5630000233650208, 0.5640000104904175, 0.5699999928474426, 0.6039999723434448, 0.656000018119812, 0.718999981880188, 0.8270000219345093, 0.902999997138977, 0.9279999732971191, 0.9480000138282776, 1.0499999523162842, 1.2790000438690186, 1.725000023841858, 1.7239999771118164, 1.7269999980926514, 1.7239999771118164, 1.7239999771118164, 1.7200000286102295, 1.715999960899353, 1.7120000123977661, 1.7120000123977661, 1.7020000219345093, 1.694000005722046, 1.687999963760376, 1.6829999685287476, 1.6820000410079956, 1.6799999475479126, 1.6770000457763672, 1.6690000295639038, 1.6649999618530273, 1.656999945640564, 1.6519999504089355, 1.6519999504089355, 1.6490000486373901, 1.6430000066757202, 1.6360000371932983, 1.6380000114440918, 1.6349999904632568, 1.6299999952316284, 1.621000051498413, 1.6169999837875366, 1.6169999837875366, 1.6230000257492065, 1.6139999628067017, 1.6080000400543213, 1.6030000448226929, 1.600000023841858, 1.600000023841858, 1.5870000123977661, 1.590000033378601, 1.590000033378601, 1.5859999656677246, 1.5779999494552612, 1.5729999542236328, 1.5750000476837158, 1.569000005722046, 1.565999984741211, 1.5679999589920044, 1.5679999589920044, 1.559999942779541, 1.555999994277954, 1.5579999685287476, 1.5540000200271606, 1.5479999780654907, 1.5470000505447388, 1.5420000553131104, 1.5410000085830688, 1.5399999618530273, 1.534000039100647, 1.5360000133514404, 1.5399999618530273, 1.5410000085830688, 1.5299999713897705, 1.5230000019073486, 1.5240000486373901, 1.5190000534057617, 1.5269999504089355, 1.5180000066757202, 1.5180000066757202, 1.5149999856948853, 1.5160000324249268, 1.5169999599456787, 1.5169999599456787, 1.5080000162124634, 1.5110000371932983, 1.5089999437332153, 1.5149999856948853, 1.5149999856948853, 1.5119999647140503, 1.5089999437332153, 1.50600004196167, 1.5110000371932983, 1.5069999694824219, 1.5069999694824219, 1.5049999952316284, 1.4980000257492065, 1.496000051498413, 1.4989999532699585, 1.5, 1.4989999532699585, 1.4930000305175781, 1.4910000562667847, 1.4780000448226929, 1.4789999723434448, 1.4730000495910645, 1.4839999675750732, 1.4819999933242798, 1.4830000400543213, 1.4800000190734863, 1.4769999980926514, 1.4739999771118164, 1.4709999561309814, 1.465999960899353, 1.4639999866485596, 1.4620000123977661, 1.4609999656677246, 1.4579999446868896, 1.4500000476837158, 1.4559999704360962, 1.4630000591278076, 1.4539999961853027, 1.4490000009536743, 1.4490000009536743, 1.4459999799728394, 1.440999984741211, 1.437999963760376, 1.437999963760376, 1.4390000104904175, 1.440000057220459, 1.444000005722046, 1.4299999475479126, 1.4299999475479126, 1.434999942779541, 1.440000057220459, 1.4229999780654907, 1.4160000085830688, 1.4149999618530273, 1.4220000505447388, 1.4190000295639038, 1.4199999570846558, 1.4149999618530273, 1.4179999828338623, 1.409999966621399, 1.4119999408721924, 1.409000039100647, 1.406999945640564, 1.4079999923706055, 1.402999997138977, 1.3980000019073486, 1.3849999904632568, 1.3839999437332153, 1.3869999647140503, 1.3839999437332153, 1.378999948501587, 1.378000020980835, 1.3730000257492065, 1.371999979019165, 1.375, 1.3730000257492065, 1.371999979019165, 1.3589999675750732, 1.3559999465942383, 1.3550000190734863, 1.3550000190734863, 1.3509999513626099, 1.3489999771118164, 1.3480000495910645, 1.3509999513626099, 1.3539999723434448, 1.3380000591278076, 1.3320000171661377, 1.3329999446868896, 1.3329999446868896, 1.3300000429153442, 1.3279999494552612, 1.3270000219345093, 1.319000005722046, 1.3200000524520874, 1.3179999589920044, 1.319000005722046, 1.3029999732971191, 1.2999999523162842, 1.2929999828338623, 1.2949999570846558, 1.2920000553131104, 1.284000039100647, 1.284000039100647, 1.2879999876022339, 1.284999966621399, 1.284000039100647, 1.2769999504089355, 1.2740000486373901, 1.2730000019073486, 1.2699999809265137, 1.2640000581741333, 1.2569999694824219, 1.253999948501587, 1.253999948501587, 1.2510000467300415, 1.24399995803833, 1.2410000562667847, 1.2389999628067017, 1.2389999628067017, 1.2359999418258667, 1.2359999418258667, 1.2380000352859497, 1.225000023841858, 1.2230000495910645, 1.2209999561309814, 1.2200000286102295, 1.2130000591278076, 1.2120000123977661, 1.2050000429153442, 1.2059999704360962, 1.2059999704360962, 1.2050000429153442, 1.2009999752044678, 1.190999984741211, 1.1890000104904175, 1.184999942779541, 1.1759999990463257, 1.1749999523162842, 1.1649999618530273, 1.1640000343322754, 1.1640000343322754, 1.1619999408721924, 1.1579999923706055, 1.156999945640564, 1.1510000228881836, 1.1390000581741333, 1.1390000581741333, 1.1430000066757202, 1.1369999647140503, 1.1349999904632568, 1.128999948501587, 1.1269999742507935, 1.1260000467300415, 1.1200000047683716, 1.1119999885559082, 1.1080000400543213, 1.1080000400543213, 1.1089999675750732, 1.1009999513626099, 1.1039999723434448, 1.0920000076293945, 1.0870000123977661, 1.0859999656677246, 1.0789999961853027, 1.0800000429153442, 1.0779999494552612, 1.0789999961853027, 1.0729999542236328, 1.062999963760376, 1.059999942779541, 1.0579999685287476, 1.0549999475479126, 1.0520000457763672, 1.0470000505447388, 1.0460000038146973, 1.0460000038146973, 1.0390000343322754, 1.034000039100647, 1.0290000438690186, 1.0199999809265137, 1.0180000066757202, 1.0119999647140503, 1.0049999952316284, 1.0010000467300415, 0.9980000257492065, 0.9929999709129333, 0.9869999885559082, 0.9909999966621399, 0.9900000095367432, 0.9800000190734863, 0.9810000061988831, 0.9739999771118164, 0.9700000286102295, 0.9670000076293945, 0.9639999866485596, 0.9620000123977661, 0.9589999914169312, 0.9589999914169312, 0.9539999961853027, 0.9470000267028809, 0.9459999799728394, 0.9399999976158142, 0.9319999814033508, 0.9279999732971191, 0.925000011920929, 0.925000011920929, 0.9240000247955322, 0.9210000038146973, 0.9079999923706055, 0.902999997138977, 0.9020000100135803, 0.8960000276565552, 0.8949999809265137, 0.8859999775886536, 0.8820000290870667, 0.8769999742507935, 0.8759999871253967, 0.8700000047683716, 0.8700000047683716, 0.8659999966621399, 0.8659999966621399, 0.8579999804496765, 0.8529999852180481, 0.8529999852180481, 0.8529999852180481, 0.8529999852180481, 0.8500000238418579, 0.8370000123977661, 0.8370000123977661, 0.8320000171661377, 0.8320000171661377, 0.8289999961853027, 0.8289999961853027, 0.8230000138282776, 0.8169999718666077, 0.8109999895095825, 0.8080000281333923, 0.8069999814033508, 0.8080000281333923, 0.7979999780654907, 0.7979999780654907, 0.800000011920929, 0.7979999780654907, 0.7799999713897705, 0.777999997138977, 0.777999997138977, 0.7730000019073486, 0.7720000147819519, 0.7730000019073486, 0.765999972820282, 0.7609999775886536, 0.7639999985694885, 0.765999972820282, 0.7649999856948853, 0.7509999871253967, 0.7509999871253967, 0.7459999918937683, 0.7379999756813049, 0.7379999756813049, 0.7419999837875366, 0.7419999837875366, 0.734000027179718, 0.7329999804496765, 0.7319999933242798, 0.7260000109672546, 0.722000002861023, 0.722000002861023, 0.722000002861023, 0.718999981880188, 0.7120000123977661, 0.7160000205039978, 0.7059999704360962, 0.6980000138282776, 0.6990000009536743, 0.699999988079071, 0.7009999752044678, 0.703000009059906, 0.7009999752044678, 0.6949999928474426, 0.6919999718666077, 0.6880000233650208, 0.6830000281333923, 0.6830000281333923, 0.6830000281333923, 0.6830000281333923, 0.6759999990463257, 0.6769999861717224, 0.6779999732971191, 0.6790000200271606, 0.6679999828338623, 0.6759999990463257, 0.6759999990463257, 0.6690000295639038, 0.6660000085830688, 0.6629999876022339, 0.6660000085830688, 0.6629999876022339, 0.6629999876022339, 0.6629999876022339, 0.6579999923706055, 0.6600000262260437, 0.656000018119812, 0.6570000052452087, 0.6570000052452087, 0.6579999923706055, 0.6620000004768372, 0.6520000100135803, 0.6499999761581421, 0.6449999809265137, 0.6430000066757202, 0.6430000066757202, 0.6439999938011169, 0.640999972820282, 0.6380000114440918, 0.6340000033378601, 0.6370000243186951, 0.640999972820282, 0.6330000162124634, 0.6309999823570251, 0.6320000290870667, 0.6309999823570251, 0.6269999742507935, 0.6259999871253967, 0.6230000257492065, 0.621999979019165, 0.621999979019165, 0.6230000257492065, 0.6230000257492065, 0.6190000176429749, 0.6179999709129333, 0.6179999709129333, 0.6200000047683716, 0.6209999918937683, 0.6179999709129333, 0.6150000095367432, 0.6150000095367432, 0.6159999966621399, 0.6169999837875366, 0.609000027179718, 0.609000027179718, 0.6050000190734863, 0.6129999756813049, 0.6100000143051147, 0.6129999756813049, 0.6150000095367432, 0.6140000224113464, 0.6140000224113464, 0.6140000224113464, 0.6029999852180481, 0.6039999723434448, 0.5979999899864197, 0.5920000076293945, 0.593999981880188, 0.5950000286102295, 0.593999981880188, 0.593999981880188, 0.5950000286102295, 0.597000002861023, 0.597000002861023, 0.6000000238418579, 0.6010000109672546, 0.6010000109672546, 0.5979999899864197, 0.593999981880188, 0.5929999947547913, 0.5929999947547913, 0.5920000076293945, 0.5899999737739563, 0.5830000042915344, 0.5809999704360962, 0.5899999737739563, 0.5920000076293945, 0.5870000123977661, 0.5849999785423279, 0.5839999914169312, 0.5839999914169312, 0.5839999914169312, 0.5849999785423279, 0.5839999914169312, 0.5849999785423279, 0.5849999785423279, 0.5849999785423279, 0.5849999785423279, 0.5889999866485596, 0.5879999995231628, 0.5839999914169312, 0.5860000252723694, 0.5809999704360962, 0.5789999961853027, 0.5789999961853027, 0.5799999833106995, 0.5789999961853027, 0.5789999961853027, 0.5789999961853027, 0.578000009059906, 0.5830000042915344, 0.5809999704360962, 0.5799999833106995, 0.5809999704360962, 0.5799999833106995, 0.5789999961853027, 0.5789999961853027, 0.5809999704360962, 0.5809999704360962, 0.5809999704360962, 0.5770000219345093, 0.5770000219345093, 0.5770000219345093, 0.5770000219345093, 0.5770000219345093, 0.578000009059906, 0.578000009059906, 0.5740000009536743, 0.5730000138282776, 0.574999988079071, 0.5770000219345093, 0.5799999833106995, 0.5809999704360962, 0.5809999704360962, 0.5789999961853027, 0.5770000219345093, 0.5770000219345093, 0.5789999961853027, 0.5799999833106995, 0.5799999833106995, 0.5759999752044678, 0.5759999752044678, 0.5759999752044678, 0.574999988079071, 0.5789999961853027, 0.578000009059906, 0.5680000185966492, 0.5740000009536743, 0.5740000009536743, 0.5730000138282776, 0.5740000009536743, 0.5740000009536743, 0.5730000138282776, 0.5759999752044678, 0.5740000009536743, 0.578000009059906, 0.578000009059906, 0.5799999833106995, 0.5799999833106995, 0.5770000219345093, 0.5770000219345093, 0.5799999833106995, 0.5789999961853027, 0.5789999961853027, 0.578000009059906, 0.5720000267028809, 0.5759999752044678, 0.5849999785423279, 0.5799999833106995, 0.5789999961853027, 0.5770000219345093, 0.5789999961853027, 0.5789999961853027, 0.5809999704360962, 0.5839999914169312, 0.5789999961853027, 0.5789999961853027, 0.5839999914169312, 0.5920000076293945, 0.5910000205039978, 0.5870000123977661, 0.5870000123977661, 0.5899999737739563, 0.5870000123977661, 0.5870000123977661, 0.5870000123977661, 0.5879999995231628, 0.5879999995231628, 0.5839999914169312, 0.5809999704360962, 0.5860000252723694, 0.5950000286102295, 0.5950000286102295, 0.5950000286102295, 0.5929999947547913, 0.5920000076293945, 0.5929999947547913, 0.5979999899864197, 0.6039999723434448, 0.6050000190734863, 0.6000000238418579, 0.6000000238418579, 0.5989999771118164, 0.5989999771118164, 0.6050000190734863, 0.6050000190734863, 0.5979999899864197, 0.6000000238418579, 0.6150000095367432, 0.6129999756813049, 0.6019999980926514, 0.6039999723434448, 0.6060000061988831, 0.6069999933242798, 0.6060000061988831, 0.6119999885559082, 0.6110000014305115, 0.6179999709129333, 0.6209999918937683, 0.6150000095367432, 0.6150000095367432, 0.6140000224113464, 0.6179999709129333, 0.6200000047683716, 0.6230000257492065, 0.6259999871253967, 0.6299999952316284, 0.6150000095367432, 0.6179999709129333, 0.6190000176429749, 0.6230000257492065, 0.6209999918937683, 0.625, 0.6259999871253967, 0.621999979019165, 0.6209999918937683, 0.6209999918937683, 0.625, 0.6269999742507935, 0.6269999742507935, 0.6349999904632568, 0.6290000081062317, 0.6230000257492065, 0.628000020980835, 0.6269999742507935, 0.621999979019165, 0.6230000257492065, 0.6240000128746033, 0.6230000257492065, 0.6240000128746033, 0.6309999823570251, 0.6340000033378601, 0.6359999775886536, 0.6389999985694885, 0.6460000276565552, 0.6460000276565552, 0.6420000195503235, 0.6420000195503235, 0.6430000066757202, 0.6489999890327454, 0.6470000147819519, 0.6470000147819519, 0.6470000147819519, 0.652999997138977, 0.6539999842643738, 0.6460000276565552, 0.6399999856948853, 0.6389999985694885, 0.6430000066757202, 0.6470000147819519, 0.6420000195503235, 0.640999972820282, 0.6510000228881836, 0.6610000133514404, 0.6610000133514404, 0.6589999794960022, 0.6589999794960022, 0.6620000004768372, 0.6650000214576721, 0.6690000295639038, 0.6809999942779541, 0.6819999814033508, 0.6809999942779541, 0.6830000281333923, 0.6880000233650208, 0.6909999847412109, 0.6899999976158142, 0.6919999718666077, 0.6949999928474426, 0.6949999928474426, 0.6949999928474426, 0.6990000009536743, 0.7039999961853027, 0.7020000219345093, 0.7020000219345093, 0.7049999833106995]
intensities: [1095.0, 1074.0, 1110.0, 1120.0, 1131.0, 1246.0, 1282.0, 1289.0, 1346.0, 1346.0, 1371.0, 1374.0, 1381.0, 1324.0, 1324.0, 1256.0, 1073.0, 994.0, 827.0, 891.0, 879.0, 975.0, 1061.0, 1011.0, 1044.0, 1015.0, 992.0, 999.0, 1057.0, 1129.0, 1118.0, 1231.0, 1344.0, 1370.0, 1432.0, 1469.0, 1484.0, 1508.0, 1518.0, 1526.0, 1532.0, 1529.0, 1529.0, 1521.0, 1531.0, 1542.0, 1559.0, 1548.0, 1567.0, 1546.0, 1553.0, 1539.0, 1553.0, 1550.0, 1550.0, 1548.0, 1561.0, 1557.0, 1531.0, 1525.0, 1526.0, 1514.0, 1521.0, 1518.0, 1518.0, 1522.0, 1512.0, 1512.0, 1508.0, 1508.0, 1505.0, 1492.0, 1496.0, 1503.0, 1499.0, 1507.0, 1508.0, 1513.0, 1498.0, 1479.0, 1477.0, 1487.0, 1491.0, 1485.0, 1474.0, 1474.0, 1491.0, 1456.0, 1456.0, 1465.0, 1456.0, 1456.0, 1452.0, 1449.0, 1458.0, 1458.0, 1439.0, 1439.0, 1454.0, 1455.0, 1410.0, 1428.0, 1431.0, 1415.0, 1413.0, 1412.0, 1457.0, 1444.0, 1442.0, 1444.0, 1405.0, 1424.0, 1404.0, 1422.0, 1417.0, 1406.0, 1405.0, 1395.0, 1395.0, 1412.0, 1413.0, 1397.0, 1377.0, 1368.0, 1375.0, 1375.0, 1384.0, 1380.0, 1361.0, 1368.0, 1368.0, 1354.0, 1366.0, 1369.0, 1365.0, 1357.0, 1353.0, 1352.0, 1355.0, 1360.0, 1350.0, 1337.0, 1317.0, 1311.0, 1301.0, 1323.0, 1290.0, 1296.0, 1303.0, 1293.0, 1297.0, 1303.0, 1298.0, 1283.0, 1283.0, 1273.0, 1284.0, 1280.0, 1286.0, 1286.0, 1276.0, 1275.0, 1275.0, 1275.0, 1276.0, 1280.0, 1275.0, 1275.0, 1275.0, 1273.0, 1274.0, 1275.0, 1275.0, 1255.0, 1244.0, 1254.0, 1254.0, 1255.0, 1252.0, 1264.0, 1264.0, 1250.0, 1235.0, 1255.0, 1248.0, 1242.0, 1239.0, 1234.0, 1235.0, 1239.0, 1236.0, 1229.0, 1240.0, 1209.0, 1220.0, 1217.0, 1235.0, 1231.0, 1250.0, 1238.0, 1209.0, 1219.0, 1227.0, 1233.0, 1225.0, 1225.0, 1206.0, 1212.0, 1218.0, 1209.0, 1215.0, 1199.0, 1218.0, 1195.0, 1190.0, 1194.0, 1188.0, 1180.0, 1174.0, 1167.0, 1163.0, 1173.0, 1191.0, 1166.0, 1166.0, 1171.0, 1174.0, 1163.0, 1163.0, 1150.0, 1147.0, 1145.0, 1148.0, 1148.0, 1152.0, 1143.0, 1153.0, 1159.0, 1151.0, 1151.0, 1152.0, 1152.0, 1156.0, 1155.0, 1145.0, 1146.0, 1145.0, 1138.0, 1138.0, 1152.0, 1145.0, 1123.0, 1141.0, 1139.0, 1141.0, 1138.0, 1144.0, 1140.0, 1135.0, 1135.0, 1128.0, 1123.0, 1129.0, 1126.0, 1132.0, 1130.0, 1126.0, 1114.0, 1141.0, 1133.0, 1125.0, 1119.0, 1122.0, 1123.0, 1120.0, 1120.0, 1136.0, 1145.0, 1150.0, 1139.0, 1127.0, 1161.0, 1139.0, 1149.0, 1164.0, 1152.0, 1152.0, 1174.0, 1189.0, 1185.0, 1183.0, 1182.0, 1181.0, 1176.0, 1173.0, 1179.0, 1178.0, 1177.0, 1177.0, 1204.0, 1213.0, 1216.0, 1211.0, 1202.0, 1211.0, 1220.0, 1214.0, 1239.0, 1235.0, 1252.0, 1258.0, 1258.0, 1255.0, 1251.0, 1244.0, 1252.0, 1264.0, 1260.0, 1260.0, 1263.0, 1258.0, 1277.0, 1270.0, 1258.0, 1271.0, 1263.0, 1282.0, 1276.0, 1276.0, 1291.0, 1300.0, 1302.0, 1310.0, 1312.0, 1302.0, 1282.0, 1282.0, 1314.0, 1329.0, 1336.0, 1318.0, 1337.0, 1329.0, 1326.0, 1323.0, 1306.0, 1324.0, 1326.0, 1328.0, 1334.0, 1339.0, 1344.0, 1353.0, 1358.0, 1355.0, 1355.0, 1371.0, 1371.0, 1371.0, 1371.0, 1386.0, 1389.0, 1379.0, 1382.0, 1395.0, 1408.0, 1401.0, 1402.0, 1409.0, 1390.0, 1393.0, 1400.0, 1400.0, 1410.0, 1415.0, 1416.0, 1416.0, 1416.0, 1417.0, 1423.0, 1428.0, 1427.0, 1415.0, 1425.0, 1436.0, 1430.0, 1420.0, 1422.0, 1415.0, 1422.0, 1429.0, 1429.0, 1429.0, 1425.0, 1417.0, 1428.0, 1407.0, 1430.0, 1444.0, 1417.0, 1422.0, 1417.0, 1415.0, 1404.0, 1392.0, 1419.0, 1419.0, 1597.0, 1597.0, 1600.0, 1329.0, 1378.0, 1332.0, 1339.0, 1344.0, 1254.0, 1231.0, 1170.0, 1154.0, 1267.0, 1475.0, 1537.0, 1481.0, 1450.0, 1446.0, 1443.0, 1396.0, 1308.0, 1099.0, 1098.0, 1115.0, 1101.0, 1114.0, 1119.0, 1110.0, 1114.0, 1114.0, 1112.0, 1105.0, 1106.0, 1118.0, 1123.0, 1112.0, 1116.0, 1126.0, 1112.0, 1116.0, 1115.0, 1115.0, 1120.0, 1098.0, 1091.0, 1116.0, 1103.0, 1107.0, 1106.0, 1100.0, 1102.0, 1135.0, 1117.0, 1127.0, 1124.0, 1124.0, 1139.0, 1138.0, 1130.0, 1130.0, 1141.0, 1135.0, 1148.0, 1162.0, 1137.0, 1130.0, 1131.0, 1127.0, 1118.0, 1111.0, 1135.0, 1130.0, 1138.0, 1131.0, 1137.0, 1142.0, 1141.0, 1137.0, 1152.0, 1157.0, 1154.0, 1130.0, 1135.0, 1136.0, 1122.0, 1129.0, 1123.0, 1142.0, 1147.0, 1143.0, 1157.0, 1157.0, 1138.0, 1143.0, 1133.0, 1152.0, 1152.0, 1149.0, 1147.0, 1143.0, 1156.0, 1164.0, 1140.0, 1134.0, 1153.0, 1144.0, 1152.0, 1152.0, 1155.0, 1142.0, 1142.0, 1147.0, 1142.0, 1140.0, 1161.0, 1163.0, 1156.0, 1137.0, 1135.0, 1144.0, 1155.0, 1147.0, 1142.0, 1148.0, 1151.0, 1151.0, 1147.0, 1152.0, 1158.0, 1153.0, 1154.0, 1153.0, 1142.0, 1142.0, 1158.0, 1163.0, 1159.0, 1164.0, 1179.0, 1150.0, 1150.0, 1148.0, 1152.0, 1163.0, 1152.0, 1157.0, 1168.0, 1165.0, 1169.0, 1161.0, 1161.0, 1154.0, 1162.0, 1168.0, 1172.0, 1178.0, 1166.0, 1162.0, 1167.0, 1167.0, 1175.0, 1167.0, 1203.0, 1195.0, 1186.0, 1188.0, 1206.0, 1197.0, 1188.0, 1196.0, 1188.0, 1191.0, 1191.0, 1201.0, 1204.0, 1203.0, 1199.0, 1196.0, 1173.0, 1187.0, 1188.0, 1186.0, 1206.0, 1193.0, 1191.0, 1205.0, 1207.0, 1205.0, 1194.0, 1187.0, 1201.0, 1189.0, 1203.0, 1210.0, 1192.0, 1192.0, 1215.0, 1210.0, 1214.0, 1209.0, 1205.0, 1199.0, 1225.0, 1221.0, 1227.0, 1223.0, 1224.0, 1242.0, 1241.0, 1255.0, 1242.0, 1256.0, 1252.0, 1240.0, 1234.0, 1244.0, 1257.0, 1251.0, 1244.0, 1239.0, 1244.0, 1249.0, 1258.0, 1258.0, 1276.0, 1257.0, 1257.0, 1249.0, 1251.0, 1251.0, 1285.0, 1261.0, 1260.0, 1260.0, 1258.0, 1266.0, 1273.0, 1267.0, 1276.0, 1276.0, 1265.0, 1288.0, 1280.0, 1261.0, 1291.0, 1297.0, 1290.0, 1279.0, 1282.0, 1278.0, 1285.0, 1283.0, 1311.0, 1305.0, 1309.0, 1311.0, 1281.0, 1318.0, 1321.0, 1320.0, 1328.0, 1317.0, 1321.0, 1321.0, 1321.0, 1331.0, 1323.0, 1337.0, 1352.0, 1335.0, 1323.0, 1317.0, 1322.0, 1338.0, 1338.0, 1345.0, 1362.0, 1358.0, 1354.0, 1339.0, 1353.0, 1352.0, 1360.0, 1366.0, 1363.0, 1356.0, 1366.0, 1357.0, 1352.0, 1361.0, 1382.0, 1361.0, 1369.0, 1366.0, 1369.0, 1372.0, 1372.0, 1374.0, 1374.0, 1356.0, 1373.0, 1354.0, 1362.0, 1357.0, 1369.0, 1380.0, 1367.0, 1381.0, 1368.0, 1362.0, 1362.0, 1362.0, 1358.0, 1365.0, 1364.0, 1379.0, 1379.0, 1399.0, 1399.0, 1373.0, 1382.0, 1429.0, 1432.0, 1443.0, 1442.0, 1416.0, 1420.0, 1412.0, 1406.0, 1429.0, 1427.0, 1448.0, 1425.0, 1453.0, 1445.0, 1440.0, 1429.0, 1417.0, 1417.0, 1406.0, 1428.0, 1441.0, 1451.0, 1445.0, 1443.0, 1443.0, 1443.0, 1459.0, 1459.0, 1462.0, 1459.0, 1459.0, 1495.0, 1495.0, 1515.0, 1533.0, 1540.0, 1538.0, 1539.0, 1532.0, 1527.0, 1546.0, 1537.0, 1536.0, 1540.0, 1536.0, 1547.0, 1548.0, 1538.0, 1534.0, 1536.0, 1531.0, 1517.0, 1529.0, 1539.0, 1510.0, 1527.0, 1541.0, 1530.0, 1525.0, 1521.0, 1507.0, 1479.0, 1501.0, 1519.0, 1539.0, 1533.0, 1543.0, 1542.0, 1552.0, 1525.0, 1523.0, 1527.0, 1515.0, 1522.0, 1517.0, 1517.0, 1510.0, 1515.0, 1496.0, 1495.0, 1516.0, 1519.0, 1519.0, 1501.0, 1514.0, 1513.0, 1525.0, 1512.0, 1500.0, 1511.0, 1503.0, 1498.0, 1500.0, 1513.0, 1523.0, 1507.0, 1518.0, 1512.0, 1499.0, 1499.0, 1499.0, 1499.0, 1487.0, 1475.0, 1509.0, 1507.0, 1493.0, 1488.0, 1484.0, 1497.0, 1484.0, 1493.0, 1480.0, 1486.0, 1480.0, 1476.0, 1467.0, 1478.0, 1486.0, 1486.0, 1454.0, 1468.0, 1464.0, 1447.0, 1453.0, 1467.0, 1451.0, 1442.0, 1444.0, 1446.0, 1446.0, 1440.0, 1444.0, 1442.0, 1444.0, 1433.0, 1456.0, 1474.0, 1454.0, 1434.0, 1432.0, 1434.0, 1440.0, 1445.0, 1431.0, 1424.0, 1439.0, 1404.0, 1409.0, 1414.0, 1409.0, 1427.0, 1427.0, 1429.0, 1429.0, 1431.0, 1428.0, 1436.0, 1432.0, 1436.0, 1436.0, 1413.0, 1407.0, 1405.0, 1414.0, 1414.0, 1404.0, 1403.0, 1396.0, 1391.0, 1387.0, 1397.0, 1407.0, 1407.0, 1383.0, 1363.0, 1386.0, 1371.0, 1396.0, 1392.0, 1392.0, 1392.0, 1364.0, 1364.0, 1337.0, 1344.0, 1354.0, 1341.0, 1345.0, 1341.0, 1337.0, 1337.0, 1337.0, 1313.0, 1330.0, 1313.0, 1322.0, 1320.0, 1320.0, 1322.0, 1308.0, 1309.0, 1327.0, 1335.0, 1309.0, 1309.0, 1316.0, 1333.0, 1333.0, 1321.0, 1319.0, 1311.0, 1327.0, 1327.0, 1321.0, 1321.0, 1316.0, 1318.0, 1319.0, 1327.0, 1336.0, 1325.0, 1287.0, 1310.0, 1319.0, 1325.0, 1315.0, 1308.0, 1298.0, 1298.0, 1301.0, 1305.0, 1307.0, 1307.0, 1310.0, 1309.0, 1315.0, 1305.0, 1300.0, 1302.0, 1303.0, 1311.0, 1311.0, 1316.0, 1317.0, 1310.0, 1300.0, 1321.0, 1280.0, 1280.0, 1290.0, 1311.0, 1326.0, 1311.0, 1320.0, 1311.0, 1317.0, 1329.0, 1332.0, 1322.0, 1318.0, 1334.0, 1334.0, 1328.0, 1329.0, 1353.0, 1336.0, 1332.0, 1327.0, 1312.0, 1319.0, 1310.0, 1334.0, 1324.0, 1347.0, 1342.0, 1344.0, 1350.0, 1349.0, 1344.0, 1355.0, 1370.0, 1367.0, 1380.0, 1367.0, 1373.0, 1374.0, 1369.0, 1389.0, 1402.0, 1413.0, 1402.0, 1401.0, 1393.0, 1390.0, 1381.0, 1381.0, 1410.0, 1410.0, 1410.0, 1410.0, 1404.0, 1403.0, 1410.0, 1400.0, 1408.0, 1416.0, 1415.0, 1413.0, 1405.0, 1407.0, 1384.0, 1384.0, 1400.0, 1408.0, 1400.0, 1400.0, 1389.0, 1409.0, 1409.0, 1406.0, 1405.0, 1407.0, 1409.0, 1412.0, 1422.0, 1436.0, 1433.0, 1427.0, 1417.0, 1409.0, 1409.0, 1404.0, 1404.0, 1407.0, 1405.0, 1400.0, 1397.0, 1398.0, 1395.0, 1393.0, 1391.0, 1390.0, 1395.0, 1401.0, 1398.0, 1393.0, 1389.0, 1394.0, 1388.0, 1393.0, 1399.0, 1383.0]