header: 
  seq: 2603
  stamp: 
    secs: 1548820822
    nsecs: 291474596
  frame_id: "base_link"
angle_min: -2.35619449615
angle_max: 2.35619449615
angle_increment: 0.00436332309619
time_increment: 1.73611151695e-05
scan_time: 0.0250000003725
range_min: 0.019999999553
range_max: 30.0
ranges: [0.3050000071525574, 0.2919999957084656, 0.29600000381469727, 0.2919999957084656, 0.2930000126361847, 0.296999990940094, 0.2930000126361847, 0.30399999022483826, 0.3059999942779541, 0.30000001192092896, 0.2939999997615814, 0.29100000858306885, 0.29100000858306885, 0.30300000309944153, 0.2770000100135803, 0.28299999237060547, 0.27900001406669617, 0.2639999985694885, 0.2199999988079071, 0.22499999403953552, 0.2709999978542328, 0.28700000047683716, 0.28299999237060547, 0.2809999883174896, 0.2840000092983246, 0.28299999237060547, 0.28700000047683716, 0.2809999883174896, 0.2759999930858612, 0.29100000858306885, 0.2809999883174896, 0.2840000092983246, 0.28299999237060547, 0.28299999237060547, 0.28299999237060547, 0.2849999964237213, 0.2809999883174896, 0.2770000100135803, 0.28299999237060547, 0.28600001335144043, 0.2879999876022339, 0.289000004529953, 0.28999999165534973, 0.28200000524520874, 0.27799999713897705, 0.2800000011920929, 0.2809999883174896, 0.28200000524520874, 0.28200000524520874, 0.2809999883174896, 0.2809999883174896, 0.2800000011920929, 0.2770000100135803, 0.2809999883174896, 0.28200000524520874, 0.28299999237060547, 0.28200000524520874, 0.2800000011920929, 0.2800000011920929, 0.2800000011920929, 0.2800000011920929, 0.2770000100135803, 0.2750000059604645, 0.2759999930858612, 0.2750000059604645, 0.2770000100135803, 0.2759999930858612, 0.2750000059604645, 0.2750000059604645, 0.2770000100135803, 0.28200000524520874, 0.27900001406669617, 0.2800000011920929, 0.28700000047683716, 0.28600001335144043, 0.2800000011920929, 0.2809999883174896, 0.28299999237060547, 0.2809999883174896, 0.28299999237060547, 0.28700000047683716, 0.28700000047683716, 0.28700000047683716, 0.28700000047683716, 0.28700000047683716, 0.28600001335144043, 0.28600001335144043, 0.28700000047683716, 0.289000004529953, 0.28700000047683716, 0.2849999964237213, 0.2849999964237213, 0.28600001335144043, 0.2930000126361847, 0.2879999876022339, 0.28299999237060547, 0.2840000092983246, 0.28700000047683716, 0.289000004529953, 0.289000004529953, 0.28700000047683716, 0.2840000092983246, 0.28299999237060547, 0.2809999883174896, 0.28600001335144043, 0.29600000381469727, 0.3009999990463257, 0.29100000858306885, 0.2919999957084656, 0.2939999997615814, 0.2919999957084656, 0.28999999165534973, 0.2919999957084656, 0.2879999876022339, 0.2939999997615814, 0.28999999165534973, 0.2919999957084656, 0.2919999957084656, 0.29100000858306885, 0.30000001192092896, 0.3009999990463257, 0.30000001192092896, 0.3009999990463257, 0.2980000078678131, 0.296999990940094, 0.29499998688697815, 0.2980000078678131, 0.29899999499320984, 0.3009999990463257, 0.3009999990463257, 0.30399999022483826, 0.30399999022483826, 0.30300000309944153, 0.31200000643730164, 0.30000001192092896, 0.30300000309944153, 0.30799999833106995, 0.3089999854564667, 0.3089999854564667, 0.30799999833106995, 0.3109999895095825, 0.3070000112056732, 0.3089999854564667, 0.3100000023841858, 0.3140000104904175, 0.31700000166893005, 0.31299999356269836, 0.3140000104904175, 0.3160000145435333, 0.3149999976158142, 0.32100000977516174, 0.32100000977516174, 0.3199999928474426, 0.3160000145435333, 0.3160000145435333, 0.3199999928474426, 0.3199999928474426, 0.3140000104904175, 0.3199999928474426, 0.32100000977516174, 0.3230000138282776, 0.32499998807907104, 0.32600000500679016, 0.32600000500679016, 0.3269999921321869, 0.3269999921321869, 0.3269999921321869, 0.3319999873638153, 0.3330000042915344, 0.3319999873638153, 0.3269999921321869, 0.3269999921321869, 0.33000001311302185, 0.3319999873638153, 0.335999995470047, 0.34599998593330383, 0.3449999988079071, 0.33500000834465027, 0.33899998664855957, 0.3449999988079071, 0.34599998593330383, 0.34599998593330383, 0.35499998927116394, 0.3540000021457672, 0.3529999852180481, 0.35499998927116394, 0.35899999737739563, 0.35199999809265137, 0.3529999852180481, 0.35899999737739563, 0.36000001430511475, 0.3580000102519989, 0.3630000054836273, 0.37299999594688416, 0.3700000047683716, 0.3720000088214874, 0.3720000088214874, 0.36899998784065247, 0.36800000071525574, 0.36899998784065247, 0.3799999952316284, 0.3779999911785126, 0.3779999911785126, 0.38499999046325684, 0.38199999928474426, 0.3889999985694885, 0.39100000262260437, 0.39100000262260437, 0.39399999380111694, 0.38999998569488525, 0.3970000147819519, 0.4000000059604645, 0.4020000100135803, 0.40700000524520874, 0.4050000011920929, 0.4090000092983246, 0.4129999876022339, 0.4129999876022339, 0.414000004529953, 0.41999998688697815, 0.4259999990463257, 0.4309999942779541, 0.4320000112056732, 0.4269999861717224, 0.4359999895095825, 0.43799999356269836, 0.43799999356269836, 0.4359999895095825, 0.4399999976158142, 0.4440000057220459, 0.44699999690055847, 0.45500001311302185, 0.44999998807907104, 0.4650000035762787, 0.4659999907016754, 0.46399998664855957, 0.4659999907016754, 0.46799999475479126, 0.4729999899864197, 0.4740000069141388, 0.4779999852180481, 0.47999998927116394, 0.4830000102519989, 0.48899999260902405, 0.492000013589859, 0.5009999871253967, 0.49900001287460327, 0.5, 0.5059999823570251, 0.5099999904632568, 0.5230000019073486, 0.5230000019073486, 0.5260000228881836, 0.5320000052452087, 0.5299999713897705, 0.5350000262260437, 0.5419999957084656, 0.5419999957084656, 0.5440000295639038, 0.5519999861717224, 0.5550000071525574, 0.5640000104904175, 0.5659999847412109, 0.5740000009536743, 0.5770000219345093, 0.5849999785423279, 0.593999981880188, 0.593999981880188, 0.597000002861023, 0.6069999933242798, 0.6159999966621399, 0.6259999871253967, 0.6230000257492065, 0.628000020980835, 0.6299999952316284, 0.6349999904632568, 0.6499999761581421, 0.6510000228881836, 0.6600000262260437, 0.6600000262260437, 0.6650000214576721, 0.6790000200271606, 0.6869999766349792, 0.6970000267028809, 0.6970000267028809, 0.7009999752044678, 0.7149999737739563, 0.7260000109672546, 0.7310000061988831, 0.7429999709129333, 0.7540000081062317, 0.7609999775886536, 0.7699999809265137, 0.7789999842643738, 0.7839999794960022, 0.800000011920929, 0.8090000152587891, 0.8149999976158142, 0.8309999704360962, 0.8379999995231628, 0.8429999947547913, 0.8569999933242798, 0.8619999885559082, 0.8830000162124634, 0.8980000019073486, 0.9010000228881836, 0.9300000071525574, 0.9539999961853027, 1.059000015258789, 1.1260000467300415, 2.1470000743865967, 2.1459999084472656, 2.1389999389648438, 2.134000062942505, 2.121999979019165, 2.117000102996826, 2.1050000190734863, 2.1019999980926514, 2.1050000190734863, 2.1089999675750732, 2.1019999980926514, 2.0889999866485596, 2.0869998931884766, 2.0869998931884766, 2.0769999027252197, 2.0759999752044678, 2.072999954223633, 2.059999942779541, 2.058000087738037, 2.0490000247955322, 2.0460000038146973, 2.0420000553131104, 2.0360000133514404, 2.0290000438690186, 2.0260000228881836, 2.0220000743865967, 2.009000062942505, 2.01200008392334, 2.01200008392334, 2.0, 2.0, 1.996000051498413, 1.9859999418258667, 1.9900000095367432, 1.9809999465942383, 1.9759999513626099, 1.9769999980926514, 1.9709999561309814, 1.9639999866485596, 1.9559999704360962, 1.9559999704360962, 1.9529999494552612, 1.9509999752044678, 1.9459999799728394, 1.9390000104904175, 1.940000057220459, 1.934000015258789, 1.930999994277954, 1.9279999732971191, 1.9240000247955322, 1.9240000247955322, 1.9170000553131104, 1.9110000133514404, 1.9119999408721924, 1.9119999408721924, 1.9049999713897705, 1.8960000276565552, 1.8969999551773071, 1.8949999809265137, 1.8899999856948853, 1.8890000581741333, 1.8849999904632568, 1.8849999904632568, 1.8860000371932983, 1.8860000371932983, 1.8799999952316284, 1.8700000047683716, 1.8730000257492065, 1.8630000352859497, 1.8580000400543213, 1.8530000448226929, 1.8530000448226929, 1.8509999513626099, 1.8480000495910645, 1.8459999561309814, 1.8459999561309814, 1.8420000076293945, 1.843999981880188, 1.8370000123977661, 1.8300000429153442, 1.8259999752044678, 1.8240000009536743, 1.8200000524520874, 1.8140000104904175, 1.812000036239624, 1.8049999475479126, 1.8009999990463257, 1.7979999780654907, 1.7910000085830688, 1.7869999408721924, 1.7869999408721924, 1.781000018119812, 1.7790000438690186, 1.7790000438690186, 1.7769999504089355, 1.7710000276565552, 1.7619999647140503, 1.75600004196167, 1.7510000467300415, 1.746999979019165, 1.7430000305175781, 1.7430000305175781, 1.7410000562667847, 1.7339999675750732, 1.7300000190734863, 1.718000054359436, 1.7200000286102295, 1.715000033378601, 1.7039999961853027, 1.6990000009536743, 1.6959999799728394, 1.687000036239624, 1.684999942779541, 1.680999994277954, 1.6790000200271606, 1.6759999990463257, 1.6629999876022339, 1.6579999923706055, 1.6519999504089355, 1.6460000276565552, 1.6430000066757202, 1.6430000066757202, 1.628000020980835, 1.6269999742507935, 1.6230000257492065, 1.61899995803833, 1.6089999675750732, 1.6069999933242798, 1.5989999771118164, 1.5850000381469727, 1.5800000429153442, 1.5720000267028809, 1.5700000524520874, 1.5609999895095825, 1.5570000410079956, 1.5540000200271606, 1.5520000457763672, 1.5470000505447388, 1.531999945640564, 1.5269999504089355, 1.524999976158142, 1.5169999599456787, 1.5099999904632568, 1.5019999742507935, 1.496000051498413, 1.4880000352859497, 1.4839999675750732, 1.4819999933242798, 1.4759999513626099, 1.4609999656677246, 1.4570000171661377, 1.4500000476837158, 1.4450000524520874, 1.437000036239624, 1.434999942779541, 1.4259999990463257, 1.4179999828338623, 1.4079999923706055, 1.4010000228881836, 1.3949999809265137, 1.3869999647140503, 1.378999948501587, 1.3739999532699585, 1.3639999628067017, 1.3580000400543213, 1.3459999561309814, 1.343999981880188, 1.3350000381469727, 1.3250000476837158, 1.319000005722046, 1.3170000314712524, 1.3109999895095825, 1.2990000247955322, 1.2949999570846558, 1.284000039100647, 1.274999976158142, 1.2710000276565552, 1.2669999599456787, 1.2599999904632568, 1.2430000305175781, 1.2410000562667847, 1.2209999561309814, 1.2209999561309814, 1.2100000381469727, 1.1950000524520874, 1.1890000104904175, 1.184999942779541, 1.1779999732971191, 1.1690000295639038, 1.1579999923706055, 1.1490000486373901, 1.1419999599456787, 1.1339999437332153, 1.1260000467300415, 1.1109999418258667, 1.100000023841858, 1.0959999561309814, 1.093999981880188, 1.093000054359436, 1.0850000381469727, 1.0720000267028809, 1.062999963760376, 1.0609999895095825, 1.0520000457763672, 1.0479999780654907, 1.0449999570846558, 1.0410000085830688, 1.0290000438690186, 1.0290000438690186, 1.0210000276565552, 1.0119999647140503, 1.003999948501587, 1.0010000467300415, 0.9919999837875366, 0.9909999966621399, 0.9869999885559082, 0.9829999804496765, 0.9829999804496765, 0.9710000157356262, 0.9670000076293945, 0.9580000042915344, 0.9570000171661377, 0.949999988079071, 0.9509999752044678, 0.9539999961853027, 0.949999988079071, 0.9350000023841858, 0.9300000071525574, 0.9319999814033508, 0.9319999814033508, 0.9259999990463257, 0.9089999794960022, 0.9049999713897705, 0.9049999713897705, 0.9020000100135803, 0.8980000019073486, 0.8920000195503235, 0.8899999856948853, 0.8899999856948853, 0.8870000243186951, 0.8830000162124634, 0.8759999871253967, 0.875, 0.8709999918937683, 0.8650000095367432, 0.8650000095367432, 0.8640000224113464, 0.8610000014305115, 0.8569999933242798, 0.847000002861023, 0.847000002861023, 0.8479999899864197, 0.843999981880188, 0.8370000123977661, 0.8339999914169312, 0.8309999704360962, 0.8320000171661377, 0.8339999914169312, 0.824999988079071, 0.8180000185966492, 0.8169999718666077, 0.8140000104904175, 0.8130000233650208, 0.8059999942779541, 0.8040000200271606, 0.8019999861717224, 0.8019999861717224, 0.800000011920929, 0.7940000295639038, 0.7910000085830688, 0.7860000133514404, 0.7839999794960022, 0.7820000052452087, 0.7829999923706055, 0.7799999713897705, 0.7799999713897705, 0.7730000019073486, 0.7689999938011169, 0.765999972820282, 0.7630000114440918, 0.7620000243186951, 0.7620000243186951, 0.7559999823570251, 0.753000020980835, 0.7509999871253967, 0.746999979019165, 0.7400000095367432, 0.7400000095367432, 0.7400000095367432, 0.7409999966621399, 0.7419999837875366, 0.7400000095367432, 0.7329999804496765, 0.7350000143051147, 0.7329999804496765, 0.7319999933242798, 0.7300000190734863, 0.7269999980926514, 0.7229999899864197, 0.722000002861023, 0.722000002861023, 0.718999981880188, 0.7170000076293945, 0.7149999737739563, 0.7129999995231628, 0.7129999995231628, 0.7089999914169312, 0.7089999914169312, 0.7089999914169312, 0.703000009059906, 0.699999988079071, 0.7039999961853027, 0.7049999833106995, 0.7020000219345093, 0.7009999752044678, 0.6970000267028809, 0.6940000057220459, 0.6890000104904175, 0.6970000267028809, 0.6930000185966492, 0.6890000104904175, 0.6890000104904175, 0.6899999976158142, 0.6880000233650208, 0.6800000071525574, 0.6819999814033508, 0.6840000152587891, 0.6840000152587891, 0.6819999814033508, 0.6790000200271606, 0.6769999861717224, 0.6759999990463257, 0.6740000247955322, 0.6759999990463257, 0.6779999732971191, 0.6790000200271606, 0.6779999732971191, 0.6740000247955322, 0.671999990940094, 0.6710000038146973, 0.6710000038146973, 0.6710000038146973, 0.6729999780654907, 0.6759999990463257, 0.675000011920929, 0.671999990940094, 0.6700000166893005, 0.6690000295639038, 0.6669999957084656, 0.6639999747276306, 0.6639999747276306, 0.6660000085830688, 0.6700000166893005, 0.6669999957084656, 0.6650000214576721, 0.6639999747276306, 0.6610000133514404, 0.6660000085830688, 0.6579999923706055, 0.6570000052452087, 0.656000018119812, 0.6499999761581421, 0.6489999890327454, 0.6499999761581421, 0.6520000100135803, 0.6510000228881836, 0.6499999761581421, 0.6510000228881836, 0.6499999761581421, 0.6499999761581421, 0.6510000228881836, 0.6520000100135803, 0.6539999842643738, 0.6420000195503235, 0.6420000195503235, 0.6439999938011169, 0.6430000066757202, 0.6420000195503235, 0.6420000195503235, 0.6460000276565552, 0.6449999809265137, 0.6449999809265137, 0.6460000276565552, 0.6480000019073486, 0.6449999809265137, 0.6380000114440918, 0.6399999856948853, 0.6389999985694885, 0.6389999985694885, 0.6359999775886536, 0.6370000243186951, 0.6370000243186951, 0.6330000162124634, 0.6370000243186951, 0.6389999985694885, 0.6389999985694885, 0.6320000290870667, 0.6309999823570251, 0.6330000162124634, 0.6359999775886536, 0.6349999904632568, 0.625, 0.625, 0.6290000081062317, 0.6309999823570251, 0.6330000162124634, 0.6320000290870667, 0.6349999904632568, 0.6349999904632568, 0.6320000290870667, 0.6330000162124634, 0.6320000290870667, 0.6330000162124634, 0.6309999823570251, 0.6380000114440918, 0.6380000114440918, 0.6349999904632568, 0.6340000033378601, 0.6330000162124634, 0.628000020980835, 0.628000020980835, 0.6290000081062317, 0.6330000162124634, 0.6380000114440918, 0.6370000243186951, 0.6349999904632568, 0.6359999775886536, 0.6340000033378601, 0.6359999775886536, 0.640999972820282, 0.640999972820282, 0.6340000033378601, 0.6309999823570251, 0.6349999904632568, 0.6370000243186951, 0.6370000243186951, 0.6389999985694885, 0.6359999775886536, 0.6359999775886536, 0.6359999775886536, 0.640999972820282, 0.6449999809265137, 0.640999972820282, 0.6420000195503235, 0.6420000195503235, 0.6389999985694885, 0.6380000114440918, 0.6389999985694885, 0.640999972820282, 0.6399999856948853, 0.6399999856948853, 0.6399999856948853, 0.6420000195503235, 0.6480000019073486, 0.6489999890327454, 0.6489999890327454, 0.6510000228881836, 0.6539999842643738, 0.6470000147819519, 0.6420000195503235, 0.6399999856948853, 0.6430000066757202, 0.6460000276565552, 0.6470000147819519, 0.6470000147819519, 0.6489999890327454, 0.6470000147819519, 0.6460000276565552, 0.6480000019073486, 0.6480000019073486, 0.6520000100135803, 0.6510000228881836, 0.656000018119812, 0.6499999761581421, 0.6510000228881836, 0.6520000100135803, 0.652999997138977, 0.6549999713897705, 0.6570000052452087, 0.6589999794960022, 0.652999997138977, 0.6539999842643738, 0.6520000100135803, 0.656000018119812, 0.6650000214576721, 0.6650000214576721, 0.6589999794960022, 0.656000018119812, 0.656000018119812, 0.6589999794960022, 0.6589999794960022, 0.6589999794960022, 0.6579999923706055, 0.6579999923706055, 0.6600000262260437, 0.6620000004768372, 0.6660000085830688, 0.6650000214576721, 0.6660000085830688, 0.6620000004768372, 0.6639999747276306, 0.6639999747276306, 0.6660000085830688, 0.6650000214576721, 0.6639999747276306, 0.6639999747276306, 0.6700000166893005, 0.6669999957084656, 0.6639999747276306, 0.6660000085830688, 0.6710000038146973, 0.6690000295639038, 0.671999990940094, 0.671999990940094, 0.6759999990463257, 0.6769999861717224, 0.6769999861717224, 0.6759999990463257, 0.6740000247955322, 0.6759999990463257, 0.6790000200271606, 0.6800000071525574, 0.6779999732971191, 0.6779999732971191, 0.6809999942779541, 0.6819999814033508, 0.6759999990463257, 0.6759999990463257, 0.6790000200271606, 0.6840000152587891, 0.6840000152587891, 0.6859999895095825, 0.6859999895095825, 0.6850000023841858, 0.6899999976158142, 0.6899999976158142, 0.6899999976158142, 0.6880000233650208, 0.6919999718666077, 0.6919999718666077, 0.6899999976158142, 0.6890000104904175, 0.6930000185966492, 0.6980000138282776, 0.6970000267028809, 0.6959999799728394, 0.6959999799728394, 0.6959999799728394, 0.6959999799728394, 0.6959999799728394, 0.6949999928474426, 0.6949999928474426, 0.6970000267028809, 0.6980000138282776, 0.699999988079071, 0.6970000267028809, 0.6990000009536743, 0.6990000009536743, 0.6990000009536743, 0.7020000219345093, 0.7049999833106995, 0.6990000009536743, 0.7020000219345093, 0.7089999914169312, 0.7080000042915344, 0.7070000171661377, 0.7070000171661377, 0.7080000042915344, 0.7080000042915344, 0.7099999785423279, 0.7120000123977661, 0.7139999866485596, 0.7089999914169312, 0.7139999866485596, 0.7179999947547913, 0.7149999737739563, 0.7120000123977661, 0.7080000042915344, 0.7139999866485596, 0.7179999947547913, 0.722000002861023, 0.7229999899864197, 0.7250000238418579, 0.7260000109672546, 0.7260000109672546, 0.7229999899864197, 0.7239999771118164, 0.7239999771118164, 0.7239999771118164, 0.7239999771118164, 0.7239999771118164, 0.7239999771118164, 0.7300000190734863, 0.7269999980926514, 0.7310000061988831, 0.7310000061988831, 0.7360000014305115, 0.7360000014305115, 0.7329999804496765, 0.7319999933242798, 0.7329999804496765, 0.7360000014305115, 0.7360000014305115, 0.7350000143051147, 0.734000027179718, 0.7329999804496765, 0.7400000095367432, 0.7440000176429749, 0.7379999756813049, 0.7379999756813049, 0.7369999885559082, 0.7369999885559082, 0.7390000224113464, 0.7419999837875366, 0.7440000176429749, 0.7490000128746033, 0.7440000176429749, 0.7480000257492065, 0.7490000128746033, 0.7509999871253967, 0.753000020980835, 0.753000020980835, 0.753000020980835, 0.753000020980835, 0.7509999871253967, 0.75, 0.7540000081062317, 0.7559999823570251, 0.7570000290870667, 0.7559999823570251, 0.7549999952316284, 0.7549999952316284, 0.7570000290870667, 0.7639999985694885, 0.7620000243186951, 0.7620000243186951, 0.7649999856948853, 0.7670000195503235, 0.7670000195503235, 0.7670000195503235, 0.7689999938011169, 0.7730000019073486, 0.7710000276565552, 0.7710000276565552, 0.7680000066757202, 0.7680000066757202, 0.7620000243186951, 0.7680000066757202, 0.7699999809265137, 0.7739999890327454, 0.7739999890327454, 0.777999997138977, 0.781000018119812, 0.7829999923706055, 0.7860000133514404, 0.7850000262260437, 0.7889999747276306, 0.7929999828338623, 0.7839999794960022, 0.7799999713897705, 0.7789999842643738, 0.7879999876022339, 0.7929999828338623, 0.7910000085830688, 0.7929999828338623, 0.7940000295639038, 0.7870000004768372, 0.7870000004768372, 0.7870000004768372, 0.7919999957084656, 0.7950000166893005, 0.7990000247955322, 0.7990000247955322, 0.7979999780654907, 0.800000011920929, 0.8109999895095825, 0.8109999895095825, 0.8059999942779541, 0.8050000071525574, 0.8059999942779541, 0.8059999942779541, 0.8240000009536743, 0.8190000057220459, 0.8220000267028809, 0.8159999847412109, 0.8199999928474426, 0.8169999718666077, 0.8169999718666077, 0.8169999718666077, 0.8220000267028809, 0.8270000219345093, 0.824999988079071, 0.824999988079071, 0.8270000219345093, 0.8289999961853027, 0.8309999704360962, 0.8270000219345093, 0.8270000219345093, 0.8299999833106995, 0.8360000252723694, 0.8349999785423279, 0.8299999833106995, 0.8240000009536743, 0.8240000009536743, 0.824999988079071, 0.824999988079071, 0.8309999704360962, 0.8289999961853027, 0.8289999961853027, 0.828000009059906, 0.8299999833106995, 0.8330000042915344, 0.8309999704360962, 0.8330000042915344, 0.8320000171661377, 0.8320000171661377, 0.8309999704360962, 0.8230000138282776, 0.8220000267028809, 0.8240000009536743, 0.8270000219345093, 0.8289999961853027, 0.8289999961853027, 0.8299999833106995, 0.8289999961853027, 0.8360000252723694, 0.8389999866485596, 0.8399999737739563, 0.8410000205039978, 0.8410000205039978, 0.8389999866485596, 0.8370000123977661, 0.8360000252723694, 0.8360000252723694, 0.8349999785423279, 0.8379999995231628, 0.8410000205039978, 0.8389999866485596, 0.8379999995231628, 0.8299999833106995, 0.8309999704360962, 0.8309999704360962, 0.8330000042915344, 0.8389999866485596, 0.8299999833106995, 0.8299999833106995, 0.8259999752044678, 0.824999988079071, 0.8270000219345093, 0.8339999914169312, 0.8349999785423279, 0.8349999785423279, 0.824999988079071, 0.8389999866485596, 0.8460000157356262, 0.8550000190734863, 0.8510000109672546, 0.8619999885559082, 0.8650000095367432, 0.859000027179718, 0.8579999804496765, 0.8669999837875366, 0.8740000128746033, 0.8700000047683716, 0.8640000224113464, 0.859000027179718, 0.8640000224113464, 0.8610000014305115, 0.8640000224113464, 0.8669999837875366, 0.8700000047683716]
intensities: [1100.0, 1083.0, 1118.0, 1136.0, 1160.0, 1266.0, 1257.0, 1305.0, 1328.0, 1325.0, 1319.0, 1309.0, 1309.0, 1301.0, 1110.0, 1144.0, 1102.0, 931.0, 768.0, 777.0, 887.0, 968.0, 982.0, 1010.0, 1027.0, 1034.0, 1093.0, 1161.0, 1202.0, 1381.0, 1329.0, 1439.0, 1459.0, 1449.0, 1463.0, 1469.0, 1475.0, 1466.0, 1472.0, 1475.0, 1475.0, 1466.0, 1492.0, 1475.0, 1465.0, 1471.0, 1470.0, 1467.0, 1467.0, 1466.0, 1463.0, 1463.0, 1469.0, 1457.0, 1454.0, 1456.0, 1462.0, 1466.0, 1468.0, 1468.0, 1464.0, 1442.0, 1467.0, 1456.0, 1463.0, 1448.0, 1447.0, 1443.0, 1440.0, 1442.0, 1442.0, 1445.0, 1450.0, 1445.0, 1442.0, 1447.0, 1434.0, 1412.0, 1406.0, 1397.0, 1407.0, 1386.0, 1386.0, 1383.0, 1381.0, 1372.0, 1372.0, 1374.0, 1345.0, 1333.0, 1358.0, 1358.0, 1326.0, 1337.0, 1335.0, 1333.0, 1347.0, 1348.0, 1336.0, 1337.0, 1317.0, 1311.0, 1317.0, 1316.0, 1308.0, 1302.0, 1312.0, 1301.0, 1298.0, 1300.0, 1301.0, 1301.0, 1299.0, 1297.0, 1296.0, 1299.0, 1298.0, 1298.0, 1291.0, 1275.0, 1283.0, 1275.0, 1283.0, 1274.0, 1280.0, 1286.0, 1288.0, 1258.0, 1263.0, 1263.0, 1267.0, 1259.0, 1255.0, 1265.0, 1256.0, 1256.0, 1249.0, 1243.0, 1234.0, 1226.0, 1235.0, 1222.0, 1233.0, 1226.0, 1235.0, 1227.0, 1216.0, 1221.0, 1205.0, 1204.0, 1197.0, 1194.0, 1185.0, 1168.0, 1168.0, 1163.0, 1163.0, 1148.0, 1151.0, 1137.0, 1143.0, 1151.0, 1148.0, 1150.0, 1146.0, 1128.0, 1121.0, 1131.0, 1130.0, 1132.0, 1108.0, 1108.0, 1106.0, 1114.0, 1119.0, 1122.0, 1116.0, 1120.0, 1129.0, 1142.0, 1137.0, 1137.0, 1143.0, 1129.0, 1116.0, 1119.0, 1122.0, 1117.0, 1114.0, 1126.0, 1132.0, 1116.0, 1122.0, 1129.0, 1120.0, 1116.0, 1116.0, 1104.0, 1106.0, 1113.0, 1116.0, 1094.0, 1094.0, 1116.0, 1093.0, 1111.0, 1109.0, 1109.0, 1099.0, 1089.0, 1092.0, 1106.0, 1106.0, 1110.0, 1095.0, 1110.0, 1095.0, 1095.0, 1105.0, 1113.0, 1097.0, 1113.0, 1117.0, 1098.0, 1101.0, 1100.0, 1100.0, 1090.0, 1098.0, 1098.0, 1100.0, 1104.0, 1099.0, 1106.0, 1116.0, 1104.0, 1119.0, 1103.0, 1104.0, 1096.0, 1100.0, 1102.0, 1104.0, 1120.0, 1097.0, 1115.0, 1112.0, 1122.0, 1104.0, 1112.0, 1119.0, 1119.0, 1115.0, 1110.0, 1110.0, 1112.0, 1109.0, 1105.0, 1108.0, 1125.0, 1129.0, 1103.0, 1094.0, 1105.0, 1104.0, 1096.0, 1099.0, 1099.0, 1098.0, 1090.0, 1089.0, 1115.0, 1099.0, 1106.0, 1089.0, 1099.0, 1096.0, 1101.0, 1124.0, 1124.0, 1111.0, 1103.0, 1118.0, 1113.0, 1113.0, 1110.0, 1106.0, 1109.0, 1097.0, 1108.0, 1096.0, 1089.0, 1085.0, 1074.0, 1072.0, 1064.0, 1061.0, 1062.0, 1061.0, 1053.0, 1053.0, 1062.0, 1035.0, 1028.0, 1036.0, 1027.0, 1040.0, 1031.0, 1347.0, 1456.0, 987.0, 992.0, 1002.0, 1002.0, 983.0, 1001.0, 993.0, 987.0, 998.0, 1001.0, 1006.0, 999.0, 998.0, 998.0, 1004.0, 1011.0, 1003.0, 1003.0, 1015.0, 1019.0, 1017.0, 1021.0, 1026.0, 1019.0, 1028.0, 1031.0, 1015.0, 1021.0, 1028.0, 1021.0, 1029.0, 1033.0, 1029.0, 1040.0, 1031.0, 1030.0, 1036.0, 1045.0, 1048.0, 1049.0, 1049.0, 1053.0, 1060.0, 1054.0, 1048.0, 1054.0, 1062.0, 1056.0, 1063.0, 1060.0, 1059.0, 1078.0, 1055.0, 1080.0, 1072.0, 1076.0, 1076.0, 1080.0, 1081.0, 1081.0, 1078.0, 1087.0, 1087.0, 1091.0, 1082.0, 1086.0, 1090.0, 1084.0, 1111.0, 1093.0, 1076.0, 1087.0, 1087.0, 1087.0, 1096.0, 1097.0, 1094.0, 1103.0, 1096.0, 1096.0, 1094.0, 1086.0, 1095.0, 1087.0, 1099.0, 1089.0, 1098.0, 1103.0, 1101.0, 1094.0, 1094.0, 1096.0, 1081.0, 1082.0, 1101.0, 1090.0, 1075.0, 1081.0, 1090.0, 1088.0, 1075.0, 1075.0, 1065.0, 1072.0, 1073.0, 1065.0, 1077.0, 1081.0, 1074.0, 1085.0, 1081.0, 1075.0, 1100.0, 1088.0, 1089.0, 1091.0, 1090.0, 1086.0, 1100.0, 1097.0, 1087.0, 1087.0, 1108.0, 1112.0, 1113.0, 1115.0, 1123.0, 1121.0, 1121.0, 1109.0, 1109.0, 1123.0, 1129.0, 1109.0, 1092.0, 1105.0, 1096.0, 1116.0, 1107.0, 1091.0, 1111.0, 1089.0, 1097.0, 1122.0, 1093.0, 1098.0, 1088.0, 1102.0, 1098.0, 1090.0, 1085.0, 1108.0, 1111.0, 1097.0, 1104.0, 1099.0, 1086.0, 1098.0, 1087.0, 1100.0, 1088.0, 1096.0, 1100.0, 1096.0, 1102.0, 1090.0, 1105.0, 1096.0, 1104.0, 1112.0, 1106.0, 1108.0, 1112.0, 1107.0, 1113.0, 1119.0, 1109.0, 1100.0, 1116.0, 1102.0, 1109.0, 1102.0, 1112.0, 1105.0, 1107.0, 1113.0, 1112.0, 1135.0, 1125.0, 1134.0, 1133.0, 1139.0, 1149.0, 1134.0, 1127.0, 1124.0, 1127.0, 1139.0, 1146.0, 1151.0, 1150.0, 1136.0, 1154.0, 1151.0, 1175.0, 1188.0, 1208.0, 1216.0, 1226.0, 1222.0, 1222.0, 1221.0, 1229.0, 1251.0, 1254.0, 1248.0, 1255.0, 1252.0, 1256.0, 1260.0, 1265.0, 1266.0, 1273.0, 1276.0, 1279.0, 1277.0, 1284.0, 1283.0, 1326.0, 1342.0, 1331.0, 1344.0, 1346.0, 1314.0, 1324.0, 1352.0, 1358.0, 1354.0, 1363.0, 1379.0, 1381.0, 1367.0, 1395.0, 1392.0, 1393.0, 1397.0, 1393.0, 1392.0, 1408.0, 1401.0, 1405.0, 1459.0, 1458.0, 1444.0, 1450.0, 1452.0, 1465.0, 1459.0, 1444.0, 1464.0, 1461.0, 1477.0, 1477.0, 1490.0, 1486.0, 1487.0, 1487.0, 1500.0, 1502.0, 1510.0, 1513.0, 1512.0, 1513.0, 1516.0, 1508.0, 1504.0, 1503.0, 1505.0, 1511.0, 1523.0, 1529.0, 1527.0, 1542.0, 1556.0, 1564.0, 1550.0, 1536.0, 1549.0, 1547.0, 1546.0, 1548.0, 1567.0, 1570.0, 1572.0, 1582.0, 1581.0, 1586.0, 1585.0, 1586.0, 1588.0, 1586.0, 1603.0, 1608.0, 1615.0, 1608.0, 1610.0, 1636.0, 1636.0, 1638.0, 1630.0, 1631.0, 1632.0, 1633.0, 1626.0, 1642.0, 1643.0, 1643.0, 1648.0, 1646.0, 1648.0, 1650.0, 1650.0, 1668.0, 1664.0, 1660.0, 1671.0, 1677.0, 1677.0, 1698.0, 1691.0, 1692.0, 1691.0, 1681.0, 1695.0, 1714.0, 1708.0, 1703.0, 1701.0, 1712.0, 1708.0, 1709.0, 1717.0, 1715.0, 1717.0, 1723.0, 1740.0, 1736.0, 1728.0, 1738.0, 1753.0, 1766.0, 1759.0, 1753.0, 1766.0, 1769.0, 1766.0, 1762.0, 1769.0, 1767.0, 1779.0, 1777.0, 1786.0, 1772.0, 1770.0, 1770.0, 1798.0, 1785.0, 1811.0, 1802.0, 1802.0, 1816.0, 1814.0, 1834.0, 1823.0, 1823.0, 1823.0, 1818.0, 1837.0, 1840.0, 1839.0, 1833.0, 1833.0, 1832.0, 1824.0, 1823.0, 1854.0, 1857.0, 1840.0, 1823.0, 1834.0, 1864.0, 1864.0, 1865.0, 1915.0, 1916.0, 1916.0, 1919.0, 1891.0, 1891.0, 1891.0, 1877.0, 1881.0, 1898.0, 1908.0, 1914.0, 1920.0, 1896.0, 1894.0, 1894.0, 1904.0, 1904.0, 1915.0, 1917.0, 1922.0, 1905.0, 1881.0, 1871.0, 1874.0, 1878.0, 1836.0, 1841.0, 1830.0, 1827.0, 1823.0, 1798.0, 1802.0, 1817.0, 1835.0, 1832.0, 1839.0, 1839.0, 1850.0, 1841.0, 1820.0, 1823.0, 1827.0, 1823.0, 1787.0, 1752.0, 1747.0, 1749.0, 1752.0, 1740.0, 1748.0, 1752.0, 1748.0, 1745.0, 1744.0, 1738.0, 1724.0, 1744.0, 1744.0, 1748.0, 1723.0, 1724.0, 1713.0, 1718.0, 1739.0, 1712.0, 1705.0, 1719.0, 1692.0, 1692.0, 1683.0, 1688.0, 1698.0, 1700.0, 1696.0, 1686.0, 1674.0, 1672.0, 1681.0, 1670.0, 1673.0, 1665.0, 1665.0, 1660.0, 1656.0, 1662.0, 1665.0, 1662.0, 1665.0, 1654.0, 1659.0, 1654.0, 1644.0, 1639.0, 1628.0, 1637.0, 1645.0, 1645.0, 1645.0, 1647.0, 1642.0, 1635.0, 1622.0, 1615.0, 1602.0, 1594.0, 1609.0, 1596.0, 1601.0, 1603.0, 1597.0, 1598.0, 1596.0, 1572.0, 1584.0, 1596.0, 1577.0, 1576.0, 1559.0, 1587.0, 1573.0, 1568.0, 1560.0, 1551.0, 1558.0, 1554.0, 1562.0, 1556.0, 1545.0, 1549.0, 1544.0, 1548.0, 1533.0, 1524.0, 1523.0, 1510.0, 1506.0, 1506.0, 1508.0, 1502.0, 1481.0, 1502.0, 1502.0, 1494.0, 1482.0, 1475.0, 1491.0, 1482.0, 1463.0, 1466.0, 1466.0, 1459.0, 1452.0, 1439.0, 1442.0, 1429.0, 1456.0, 1447.0, 1440.0, 1443.0, 1441.0, 1432.0, 1426.0, 1415.0, 1422.0, 1429.0, 1411.0, 1425.0, 1417.0, 1426.0, 1423.0, 1419.0, 1416.0, 1408.0, 1396.0, 1396.0, 1385.0, 1380.0, 1380.0, 1384.0, 1381.0, 1378.0, 1379.0, 1383.0, 1378.0, 1378.0, 1378.0, 1371.0, 1370.0, 1374.0, 1374.0, 1371.0, 1369.0, 1366.0, 1374.0, 1368.0, 1376.0, 1374.0, 1374.0, 1365.0, 1369.0, 1371.0, 1371.0, 1353.0, 1353.0, 1339.0, 1349.0, 1354.0, 1353.0, 1353.0, 1343.0, 1343.0, 1351.0, 1328.0, 1323.0, 1322.0, 1323.0, 1330.0, 1338.0, 1334.0, 1331.0, 1332.0, 1334.0, 1326.0, 1326.0, 1311.0, 1318.0, 1330.0, 1335.0, 1335.0, 1307.0, 1317.0, 1322.0, 1313.0, 1297.0, 1293.0, 1290.0, 1288.0, 1300.0, 1313.0, 1313.0, 1319.0, 1307.0, 1313.0, 1316.0, 1319.0, 1313.0, 1303.0, 1299.0, 1297.0, 1304.0, 1308.0, 1308.0, 1285.0, 1309.0, 1314.0, 1293.0, 1272.0, 1288.0, 1287.0, 1293.0, 1300.0, 1292.0, 1304.0, 1316.0, 1305.0, 1303.0, 1291.0, 1320.0, 1305.0, 1302.0, 1308.0, 1320.0, 1308.0, 1308.0, 1301.0, 1298.0, 1299.0, 1310.0, 1311.0, 1316.0, 1316.0, 1321.0, 1321.0, 1321.0, 1317.0, 1306.0, 1292.0, 1327.0, 1320.0, 1329.0, 1311.0, 1311.0, 1317.0, 1326.0, 1326.0, 1326.0, 1330.0, 1310.0, 1310.0, 1330.0, 1327.0, 1328.0, 1328.0, 1327.0, 1326.0, 1326.0, 1328.0, 1340.0, 1336.0, 1333.0, 1352.0, 1330.0, 1343.0, 1342.0, 1337.0, 1330.0, 1333.0, 1345.0, 1350.0, 1352.0, 1350.0, 1350.0, 1346.0, 1353.0, 1351.0, 1364.0, 1368.0, 1367.0, 1367.0, 1371.0, 1367.0, 1354.0, 1360.0, 1371.0, 1384.0, 1384.0, 1370.0, 1375.0, 1381.0, 1382.0, 1377.0, 1373.0, 1369.0, 1402.0, 1390.0, 1411.0, 1401.0, 1401.0, 1416.0, 1426.0, 1418.0, 1441.0, 1434.0, 1450.0, 1424.0, 1425.0, 1418.0, 1418.0, 1410.0, 1399.0, 1415.0, 1451.0, 1432.0, 1428.0, 1425.0, 1445.0, 1456.0, 1451.0, 1442.0, 1431.0, 1446.0, 1426.0, 1450.0, 1431.0, 1468.0, 1444.0, 1450.0]