header: 
  seq: 2019
  stamp: 
    secs: 1548820807
    nsecs: 664320854
  frame_id: "base_link"
angle_min: -2.35619449615
angle_max: 2.35619449615
angle_increment: 0.00436332309619
time_increment: 1.73611151695e-05
scan_time: 0.0250000003725
range_min: 0.019999999553
range_max: 30.0
ranges: [0.27900001406669617, 0.27900001406669617, 0.2849999964237213, 0.2840000092983246, 0.28999999165534973, 0.29899999499320984, 0.296999990940094, 0.296999990940094, 0.2939999997615814, 0.2849999964237213, 0.2879999876022339, 0.29600000381469727, 0.29600000381469727, 0.29100000858306885, 0.2879999876022339, 0.28200000524520874, 0.2770000100135803, 0.26499998569488525, 0.25699999928474426, 0.2290000021457672, 0.2370000034570694, 0.27900001406669617, 0.27900001406669617, 0.2809999883174896, 0.2770000100135803, 0.2809999883174896, 0.2619999945163727, 0.2669999897480011, 0.27799999713897705, 0.2800000011920929, 0.29100000858306885, 0.29100000858306885, 0.29100000858306885, 0.2919999957084656, 0.2919999957084656, 0.28700000047683716, 0.2980000078678131, 0.2930000126361847, 0.2879999876022339, 0.2840000092983246, 0.29100000858306885, 0.2919999957084656, 0.2930000126361847, 0.28999999165534973, 0.28999999165534973, 0.289000004529953, 0.29600000381469727, 0.29499998688697815, 0.29600000381469727, 0.2919999957084656, 0.28999999165534973, 0.2930000126361847, 0.296999990940094, 0.296999990940094, 0.296999990940094, 0.29600000381469727, 0.29100000858306885, 0.28999999165534973, 0.28999999165534973, 0.29600000381469727, 0.29600000381469727, 0.2980000078678131, 0.3100000023841858, 0.3100000023841858, 0.30399999022483826, 0.30399999022483826, 0.30300000309944153, 0.30300000309944153, 0.30399999022483826, 0.30300000309944153, 0.31299999356269836, 0.31299999356269836, 0.31299999356269836, 0.3109999895095825, 0.3070000112056732, 0.3109999895095825, 0.3160000145435333, 0.31700000166893005, 0.3160000145435333, 0.3140000104904175, 0.3140000104904175, 0.3149999976158142, 0.3179999887943268, 0.3179999887943268, 0.3160000145435333, 0.31299999356269836, 0.31299999356269836, 0.3160000145435333, 0.32199999690055847, 0.3230000138282776, 0.3230000138282776, 0.32100000977516174, 0.3160000145435333, 0.31700000166893005, 0.3230000138282776, 0.3319999873638153, 0.328000009059906, 0.33500000834465027, 0.33500000834465027, 0.33500000834465027, 0.328000009059906, 0.328000009059906, 0.33399999141693115, 0.33399999141693115, 0.3330000042915344, 0.34299999475479126, 0.3479999899864197, 0.35600000619888306, 0.35100001096725464, 0.3499999940395355, 0.3479999899864197, 0.35100001096725464, 0.3529999852180481, 0.35600000619888306, 0.3580000102519989, 0.36000001430511475, 0.3529999852180481, 0.34700000286102295, 0.3529999852180481, 0.36000001430511475, 0.3619999885559082, 0.3580000102519989, 0.3580000102519989, 0.3580000102519989, 0.3619999885559082, 0.36500000953674316, 0.367000013589859, 0.37299999594688416, 0.37599998712539673, 0.38100001215934753, 0.37700000405311584, 0.3720000088214874, 0.37700000405311584, 0.37599998712539673, 0.37599998712539673, 0.37700000405311584, 0.38100001215934753, 0.38100001215934753, 0.38100001215934753, 0.38100001215934753, 0.3790000081062317, 0.37700000405311584, 0.37700000405311584, 0.38199999928474426, 0.38999998569488525, 0.3840000033378601, 0.38100001215934753, 0.38100001215934753, 0.3889999985694885, 0.39100000262260437, 0.39399999380111694, 0.4020000100135803, 0.41100001335144043, 0.41200000047683716, 0.41100001335144043, 0.4099999964237213, 0.4099999964237213, 0.414000004529953, 0.4129999876022339, 0.41600000858306885, 0.42100000381469727, 0.42500001192092896, 0.42800000309944153, 0.42800000309944153, 0.42800000309944153, 0.4410000145435333, 0.44200000166893005, 0.44200000166893005, 0.43700000643730164, 0.44200000166893005, 0.44999998807907104, 0.4560000002384186, 0.45399999618530273, 0.44999998807907104, 0.45100000500679016, 0.45399999618530273, 0.4620000123977661, 0.46700000762939453, 0.4659999907016754, 0.4819999933242798, 0.4779999852180481, 0.47999998927116394, 0.4860000014305115, 0.48899999260902405, 0.492000013589859, 0.4909999966621399, 0.5049999952316284, 0.5080000162124634, 0.5090000033378601, 0.5090000033378601, 0.5109999775886536, 0.5230000019073486, 0.5320000052452087, 0.531000018119812, 0.5339999794960022, 0.5450000166893005, 0.5450000166893005, 0.5460000038146973, 0.5550000071525574, 0.5590000152587891, 0.5609999895095825, 0.5619999766349792, 0.5740000009536743, 0.5789999961853027, 0.5839999914169312, 0.5839999914169312, 0.593999981880188, 0.6060000061988831, 0.6119999885559082, 0.6129999756813049, 0.6159999966621399, 0.6259999871253967, 0.6309999823570251, 0.6420000195503235, 0.6420000195503235, 0.6629999876022339, 0.6639999747276306, 0.6639999747276306, 0.6710000038146973, 0.6819999814033508, 0.6890000104904175, 0.6909999847412109, 0.6959999799728394, 0.7080000042915344, 0.7279999852180481, 0.7279999852180481, 0.7279999852180481, 0.7419999837875366, 0.7480000257492065, 0.7609999775886536, 0.7870000004768372, 0.7870000004768372, 0.7889999747276306, 0.7960000038146973, 0.8159999847412109, 0.8230000138282776, 0.8309999704360962, 0.8429999947547913, 0.8560000061988831, 0.8640000224113464, 0.878000020980835, 0.8870000243186951, 0.902999997138977, 0.9070000052452087, 0.9190000295639038, 0.9419999718666077, 0.9580000042915344, 0.9890000224113464, 1.0169999599456787, 1.0829999446868896, 1.1690000295639038, 2.180999994277954, 2.197000026702881, 2.187000036239624, 2.186000108718872, 2.180000066757202, 2.177999973297119, 2.1679999828338623, 2.1570000648498535, 2.1459999084472656, 2.1389999389648438, 2.134999990463257, 2.128999948501587, 2.124000072479248, 2.11899995803833, 2.117000102996826, 2.11299991607666, 2.109999895095825, 2.114000082015991, 2.0969998836517334, 2.0859999656677246, 2.0869998931884766, 2.0840001106262207, 2.0850000381469727, 2.0820000171661377, 2.0840001106262207, 2.078000068664551, 2.072999954223633, 2.072999954223633, 2.063999891281128, 2.055999994277954, 2.0510001182556152, 2.0399999618530273, 2.0329999923706055, 2.0329999923706055, 2.0309998989105225, 2.0260000228881836, 2.0260000228881836, 2.0220000743865967, 2.0220000743865967, 2.0199999809265137, 2.003999948501587, 2.005000114440918, 2.00600004196167, 2.000999927520752, 2.000999927520752, 1.9980000257492065, 1.9930000305175781, 1.9880000352859497, 1.9880000352859497, 1.9800000190734863, 1.9769999980926514, 1.9700000286102295, 1.9700000286102295, 1.9700000286102295, 1.9620000123977661, 1.9600000381469727, 1.9600000381469727, 1.9620000123977661, 1.9490000009536743, 1.9479999542236328, 1.940000057220459, 1.934999942779541, 1.934999942779541, 1.9299999475479126, 1.9229999780654907, 1.9229999780654907, 1.9210000038146973, 1.9160000085830688, 1.9140000343322754, 1.9149999618530273, 1.9129999876022339, 1.9110000133514404, 1.8960000276565552, 1.8969999551773071, 1.9010000228881836, 1.8980000019073486, 1.8930000066757202, 1.8830000162124634, 1.8730000257492065, 1.8660000562667847, 1.871000051498413, 1.8700000047683716, 1.86899995803833, 1.86899995803833, 1.8639999628067017, 1.8569999933242798, 1.8489999771118164, 1.8420000076293945, 1.8380000591278076, 1.8389999866485596, 1.8370000123977661, 1.8270000219345093, 1.8220000267028809, 1.815000057220459, 1.815999984741211, 1.809000015258789, 1.8079999685287476, 1.805999994277954, 1.805999994277954, 1.7910000085830688, 1.7940000295639038, 1.7869999408721924, 1.774999976158142, 1.7699999809265137, 1.7699999809265137, 1.7669999599456787, 1.753999948501587, 1.7430000305175781, 1.7410000562667847, 1.7289999723434448, 1.7289999723434448, 1.7269999980926514, 1.7209999561309814, 1.7109999656677246, 1.7109999656677246, 1.7089999914169312, 1.7050000429153442, 1.6950000524520874, 1.6799999475479126, 1.6749999523162842, 1.6729999780654907, 1.6619999408721924, 1.649999976158142, 1.6510000228881836, 1.6480000019073486, 1.6490000486373901, 1.6380000114440918, 1.6330000162124634, 1.6260000467300415, 1.621000051498413, 1.6119999885559082, 1.6069999933242798, 1.600000023841858, 1.5820000171661377, 1.5820000171661377, 1.5709999799728394, 1.5720000267028809, 1.5529999732971191, 1.5449999570846558, 1.5479999780654907, 1.5520000457763672, 1.5379999876022339, 1.527999997138977, 1.5219999551773071, 1.5140000581741333, 1.5089999437332153, 1.5069999694824219, 1.496000051498413, 1.4869999885559082, 1.4819999933242798, 1.475000023841858, 1.4620000123977661, 1.4509999752044678, 1.444000005722046, 1.437000036239624, 1.4279999732971191, 1.4220000505447388, 1.4140000343322754, 1.4110000133514404, 1.3990000486373901, 1.3930000066757202, 1.3899999856948853, 1.378000020980835, 1.371000051498413, 1.36899995803833, 1.3539999723434448, 1.350000023841858, 1.3350000381469727, 1.3250000476837158, 1.3079999685287476, 1.2999999523162842, 1.2999999523162842, 1.2920000553131104, 1.2769999504089355, 1.2569999694824219, 1.253999948501587, 1.246000051498413, 1.2339999675750732, 1.225000023841858, 1.2200000286102295, 1.215000033378601, 1.1970000267028809, 1.1859999895095825, 1.1779999732971191, 1.1640000343322754, 1.1549999713897705, 1.1540000438690186, 1.149999976158142, 1.1449999809265137, 1.1390000581741333, 1.1130000352859497, 1.1069999933242798, 1.1069999933242798, 1.0920000076293945, 1.090000033378601, 1.0850000381469727, 1.0770000219345093, 1.0670000314712524, 1.065999984741211, 1.0700000524520874, 1.062000036239624, 1.0440000295639038, 1.0479999780654907, 1.0420000553131104, 1.034999966621399, 1.0219999551773071, 1.0160000324249268, 1.0110000371932983, 1.0110000371932983, 1.003999948501587, 0.9959999918937683, 0.9919999837875366, 0.984000027179718, 0.9769999980926514, 0.9739999771118164, 0.9710000157356262, 0.9670000076293945, 0.9599999785423279, 0.9539999961853027, 0.9449999928474426, 0.949999988079071, 0.9459999799728394, 0.9470000267028809, 0.9399999976158142, 0.921999990940094, 0.9210000038146973, 0.921999990940094, 0.9169999957084656, 0.9110000133514404, 0.9070000052452087, 0.902999997138977, 0.8999999761581421, 0.8960000276565552, 0.8920000195503235, 0.8889999985694885, 0.8870000243186951, 0.8870000243186951, 0.8830000162124634, 0.878000020980835, 0.875, 0.871999979019165, 0.8629999756813049, 0.8579999804496765, 0.8510000109672546, 0.8510000109672546, 0.8529999852180481, 0.8529999852180481, 0.8479999899864197, 0.8420000076293945, 0.8399999737739563, 0.8360000252723694, 0.8299999833106995, 0.8289999961853027, 0.8270000219345093, 0.828000009059906, 0.8270000219345093, 0.8209999799728394, 0.8169999718666077, 0.8050000071525574, 0.8029999732971191, 0.8009999990463257, 0.7990000247955322, 0.7940000295639038, 0.7940000295639038, 0.7870000004768372, 0.7960000038146973, 0.7900000214576721, 0.7860000133514404, 0.7850000262260437, 0.7850000262260437, 0.777999997138977, 0.7739999890327454, 0.7760000228881836, 0.7739999890327454, 0.7710000276565552, 0.7649999856948853, 0.7620000243186951, 0.7570000290870667, 0.7570000290870667, 0.7590000033378601, 0.7549999952316284, 0.7519999742507935, 0.7519999742507935, 0.7480000257492065, 0.7509999871253967, 0.7549999952316284, 0.753000020980835, 0.7390000224113464, 0.7390000224113464, 0.7369999885559082, 0.7319999933242798, 0.734000027179718, 0.7239999771118164, 0.7210000157356262, 0.7239999771118164, 0.7239999771118164, 0.718999981880188, 0.7170000076293945, 0.718999981880188, 0.7229999899864197, 0.7210000157356262, 0.722000002861023, 0.7210000157356262, 0.7200000286102295, 0.7139999866485596, 0.7139999866485596, 0.7110000252723694, 0.7070000171661377, 0.6970000267028809, 0.6980000138282776, 0.6990000009536743, 0.7039999961853027, 0.7039999961853027, 0.6980000138282776, 0.6909999847412109, 0.6890000104904175, 0.6869999766349792, 0.6859999895095825, 0.6859999895095825, 0.6850000023841858, 0.6859999895095825, 0.6869999766349792, 0.6899999976158142, 0.6859999895095825, 0.6859999895095825, 0.6840000152587891, 0.6819999814033508, 0.6899999976158142, 0.6869999766349792, 0.6790000200271606, 0.6690000295639038, 0.6669999957084656, 0.6700000166893005, 0.6769999861717224, 0.6769999861717224, 0.6759999990463257, 0.675000011920929, 0.6639999747276306, 0.6660000085830688, 0.6679999828338623, 0.6639999747276306, 0.6610000133514404, 0.6600000262260437, 0.6639999747276306, 0.6669999957084656, 0.6690000295639038, 0.6639999747276306, 0.6610000133514404, 0.6510000228881836, 0.6570000052452087, 0.6639999747276306, 0.6650000214576721, 0.6539999842643738, 0.6520000100135803, 0.6499999761581421, 0.6520000100135803, 0.6520000100135803, 0.6510000228881836, 0.6510000228881836, 0.6539999842643738, 0.6539999842643738, 0.6480000019073486, 0.6489999890327454, 0.6510000228881836, 0.6499999761581421, 0.6439999938011169, 0.6470000147819519, 0.6620000004768372, 0.6539999842643738, 0.6489999890327454, 0.6549999713897705, 0.656000018119812, 0.6489999890327454, 0.640999972820282, 0.6389999985694885, 0.6399999856948853, 0.6420000195503235, 0.6430000066757202, 0.6449999809265137, 0.6470000147819519, 0.6480000019073486, 0.6499999761581421, 0.6520000100135803, 0.6499999761581421, 0.6460000276565552, 0.6430000066757202, 0.6430000066757202, 0.6430000066757202, 0.6399999856948853, 0.6389999985694885, 0.6380000114440918, 0.6370000243186951, 0.6359999775886536, 0.6320000290870667, 0.6359999775886536, 0.6359999775886536, 0.640999972820282, 0.6470000147819519, 0.6389999985694885, 0.6389999985694885, 0.6389999985694885, 0.6380000114440918, 0.6370000243186951, 0.6380000114440918, 0.6380000114440918, 0.6320000290870667, 0.6320000290870667, 0.6320000290870667, 0.6340000033378601, 0.6349999904632568, 0.6349999904632568, 0.6340000033378601, 0.6340000033378601, 0.6359999775886536, 0.6359999775886536, 0.6359999775886536, 0.6359999775886536, 0.6420000195503235, 0.6420000195503235, 0.6399999856948853, 0.6370000243186951, 0.6370000243186951, 0.6389999985694885, 0.640999972820282, 0.6439999938011169, 0.6439999938011169, 0.6470000147819519, 0.6430000066757202, 0.6480000019073486, 0.6420000195503235, 0.6420000195503235, 0.6420000195503235, 0.6480000019073486, 0.6489999890327454, 0.6470000147819519, 0.6420000195503235, 0.6420000195503235, 0.6430000066757202, 0.6499999761581421, 0.6489999890327454, 0.6359999775886536, 0.6359999775886536, 0.6370000243186951, 0.6349999904632568, 0.6349999904632568, 0.6430000066757202, 0.6430000066757202, 0.6430000066757202, 0.6449999809265137, 0.6489999890327454, 0.6480000019073486, 0.6470000147819519, 0.6460000276565552, 0.6439999938011169, 0.6439999938011169, 0.6439999938011169, 0.6359999775886536, 0.6389999985694885, 0.640999972820282, 0.6460000276565552, 0.6420000195503235, 0.640999972820282, 0.6370000243186951, 0.6370000243186951, 0.6370000243186951, 0.640999972820282, 0.6430000066757202, 0.6460000276565552, 0.6480000019073486, 0.6499999761581421, 0.6499999761581421, 0.6460000276565552, 0.6359999775886536, 0.6359999775886536, 0.6389999985694885, 0.6439999938011169, 0.6449999809265137, 0.6449999809265137, 0.6449999809265137, 0.6399999856948853, 0.6439999938011169, 0.6499999761581421, 0.6489999890327454, 0.6489999890327454, 0.6439999938011169, 0.6420000195503235, 0.6399999856948853, 0.6470000147819519, 0.6499999761581421, 0.6480000019073486, 0.6489999890327454, 0.6489999890327454, 0.6480000019073486, 0.6510000228881836, 0.6499999761581421, 0.6510000228881836, 0.6489999890327454, 0.6420000195503235, 0.640999972820282, 0.6430000066757202, 0.6480000019073486, 0.6489999890327454, 0.6460000276565552, 0.6499999761581421, 0.6549999713897705, 0.6549999713897705, 0.6570000052452087, 0.6570000052452087, 0.6570000052452087, 0.6570000052452087, 0.6570000052452087, 0.6570000052452087, 0.6610000133514404, 0.6520000100135803, 0.6600000262260437, 0.6600000262260437, 0.6579999923706055, 0.6579999923706055, 0.6629999876022339, 0.6629999876022339, 0.6600000262260437, 0.6589999794960022, 0.6600000262260437, 0.6589999794960022, 0.656000018119812, 0.6589999794960022, 0.6600000262260437, 0.6679999828338623, 0.6660000085830688, 0.6629999876022339, 0.6639999747276306, 0.6639999747276306, 0.6600000262260437, 0.6579999923706055, 0.6610000133514404, 0.6639999747276306, 0.6650000214576721, 0.6690000295639038, 0.6639999747276306, 0.6639999747276306, 0.6639999747276306, 0.6650000214576721, 0.6660000085830688, 0.6629999876022339, 0.6629999876022339, 0.6650000214576721, 0.6710000038146973, 0.6740000247955322, 0.6769999861717224, 0.6710000038146973, 0.6710000038146973, 0.6740000247955322, 0.6740000247955322, 0.6729999780654907, 0.6729999780654907, 0.6710000038146973, 0.6639999747276306, 0.6650000214576721, 0.6700000166893005, 0.6740000247955322, 0.6800000071525574, 0.6809999942779541, 0.6800000071525574, 0.675000011920929, 0.6790000200271606, 0.6809999942779541, 0.6809999942779541, 0.6819999814033508, 0.6830000281333923, 0.6830000281333923, 0.6819999814033508, 0.6850000023841858, 0.6880000233650208, 0.6880000233650208, 0.6880000233650208, 0.6880000233650208, 0.6850000023841858, 0.6800000071525574, 0.6830000281333923, 0.6869999766349792, 0.6930000185966492, 0.6980000138282776, 0.6919999718666077, 0.6909999847412109, 0.6949999928474426, 0.6980000138282776, 0.6980000138282776, 0.6940000057220459, 0.6930000185966492, 0.6919999718666077, 0.6909999847412109, 0.6980000138282776, 0.6949999928474426, 0.6970000267028809, 0.6930000185966492, 0.6959999799728394, 0.6959999799728394, 0.703000009059906, 0.703000009059906, 0.6980000138282776, 0.6990000009536743, 0.6980000138282776, 0.7009999752044678, 0.7020000219345093, 0.7020000219345093, 0.703000009059906, 0.703000009059906, 0.7089999914169312, 0.7099999785423279, 0.7129999995231628, 0.7129999995231628, 0.7129999995231628, 0.7120000123977661, 0.7149999737739563, 0.7160000205039978, 0.7160000205039978, 0.7110000252723694, 0.7059999704360962, 0.7129999995231628, 0.7179999947547913, 0.718999981880188, 0.722000002861023, 0.7200000286102295, 0.7200000286102295, 0.7200000286102295, 0.722000002861023, 0.7210000157356262, 0.7229999899864197, 0.7239999771118164, 0.7239999771118164, 0.7179999947547913, 0.7200000286102295, 0.7239999771118164, 0.7239999771118164, 0.7250000238418579, 0.7289999723434448, 0.7319999933242798, 0.7300000190734863, 0.7250000238418579, 0.7260000109672546, 0.7239999771118164, 0.7239999771118164, 0.7310000061988831, 0.7369999885559082, 0.7310000061988831, 0.7369999885559082, 0.7379999756813049, 0.7379999756813049, 0.7319999933242798, 0.7390000224113464, 0.7440000176429749, 0.7400000095367432, 0.7360000014305115, 0.7360000014305115, 0.7400000095367432, 0.7400000095367432, 0.7409999966621399, 0.7400000095367432, 0.7440000176429749, 0.746999979019165, 0.7549999952316284, 0.7459999918937683, 0.7459999918937683, 0.75, 0.7580000162124634, 0.7620000243186951, 0.7620000243186951, 0.7570000290870667, 0.7609999775886536, 0.7649999856948853, 0.7549999952316284, 0.7549999952316284, 0.7590000033378601, 0.7649999856948853, 0.7689999938011169, 0.7689999938011169, 0.7649999856948853, 0.7630000114440918, 0.7639999985694885, 0.7639999985694885, 0.7630000114440918, 0.7590000033378601, 0.7639999985694885, 0.7689999938011169, 0.7699999809265137, 0.7689999938011169, 0.7720000147819519, 0.7730000019073486, 0.7839999794960022, 0.7789999842643738, 0.7710000276565552, 0.7730000019073486, 0.7760000228881836, 0.7760000228881836, 0.781000018119812, 0.781000018119812, 0.777999997138977, 0.7799999713897705, 0.7850000262260437, 0.781000018119812, 0.7820000052452087, 0.7829999923706055, 0.7850000262260437, 0.7879999876022339, 0.7889999747276306, 0.7910000085830688, 0.7900000214576721, 0.7910000085830688, 0.7910000085830688, 0.7910000085830688, 0.7919999957084656, 0.7910000085830688, 0.7950000166893005, 0.8040000200271606, 0.8029999732971191, 0.8009999990463257, 0.8029999732971191, 0.8040000200271606, 0.8019999861717224, 0.800000011920929, 0.8029999732971191, 0.8050000071525574, 0.8050000071525574, 0.8119999766349792, 0.8100000023841858, 0.8100000023841858, 0.8109999895095825, 0.8190000057220459, 0.8199999928474426, 0.8149999976158142, 0.8100000023841858, 0.8119999766349792, 0.8159999847412109, 0.8209999799728394, 0.8209999799728394, 0.8240000009536743, 0.8240000009536743, 0.8230000138282776, 0.8240000009536743, 0.8230000138282776, 0.8230000138282776, 0.8190000057220459, 0.8259999752044678, 0.8320000171661377, 0.8309999704360962, 0.8320000171661377, 0.8220000267028809, 0.8360000252723694, 0.8379999995231628, 0.8339999914169312, 0.8399999737739563, 0.8429999947547913, 0.8429999947547913, 0.8379999995231628, 0.8389999866485596, 0.8399999737739563, 0.8460000157356262, 0.8460000157356262, 0.847000002861023, 0.8429999947547913, 0.8460000157356262, 0.843999981880188, 0.8389999866485596, 0.8349999785423279, 0.8389999866485596, 0.843999981880188, 0.8489999771118164, 0.8429999947547913, 0.8399999737739563, 0.8389999866485596, 0.8429999947547913, 0.8460000157356262, 0.8460000157356262, 0.8429999947547913, 0.8410000205039978, 0.8389999866485596, 0.8429999947547913, 0.8410000205039978, 0.8389999866485596, 0.843999981880188, 0.8389999866485596, 0.843999981880188, 0.843999981880188, 0.8450000286102295, 0.8450000286102295, 0.8489999771118164, 0.8529999852180481, 0.8519999980926514, 0.8539999723434448, 0.8500000238418579, 0.8460000157356262, 0.8420000076293945, 0.8399999737739563, 0.847000002861023, 0.8539999723434448, 0.8539999723434448, 0.8539999723434448, 0.8479999899864197, 0.8479999899864197, 0.8529999852180481, 0.8429999947547913, 0.8460000157356262, 0.8510000109672546, 0.8550000190734863, 0.847000002861023, 0.843999981880188, 0.8349999785423279, 0.8420000076293945, 0.8360000252723694, 0.8360000252723694, 0.8550000190734863, 0.859000027179718, 0.859000027179718, 0.859000027179718, 0.8600000143051147, 0.8640000224113464, 0.8790000081062317, 0.8790000081062317, 0.8790000081062317, 0.8740000128746033, 0.8740000128746033, 0.8799999952316284, 0.8830000162124634, 0.8830000162124634, 0.8889999985694885, 0.8899999856948853, 0.8920000195503235, 0.8840000033378601, 0.8799999952316284, 0.8840000033378601]
intensities: [1111.0, 1146.0, 1222.0, 1270.0, 1313.0, 1404.0, 1451.0, 1477.0, 1482.0, 1486.0, 1480.0, 1451.0, 1433.0, 1416.0, 1394.0, 1248.0, 1129.0, 980.0, 892.0, 820.0, 847.0, 979.0, 1015.0, 1030.0, 1030.0, 1074.0, 1073.0, 1160.0, 1299.0, 1314.0, 1479.0, 1520.0, 1562.0, 1542.0, 1542.0, 1565.0, 1526.0, 1530.0, 1525.0, 1546.0, 1558.0, 1555.0, 1558.0, 1561.0, 1561.0, 1548.0, 1530.0, 1521.0, 1517.0, 1517.0, 1517.0, 1501.0, 1478.0, 1478.0, 1485.0, 1475.0, 1482.0, 1482.0, 1482.0, 1476.0, 1473.0, 1460.0, 1459.0, 1459.0, 1442.0, 1447.0, 1420.0, 1420.0, 1431.0, 1439.0, 1436.0, 1442.0, 1442.0, 1429.0, 1434.0, 1418.0, 1411.0, 1418.0, 1410.0, 1393.0, 1393.0, 1385.0, 1372.0, 1372.0, 1365.0, 1369.0, 1361.0, 1367.0, 1357.0, 1356.0, 1356.0, 1338.0, 1334.0, 1329.0, 1327.0, 1331.0, 1325.0, 1339.0, 1339.0, 1309.0, 1305.0, 1305.0, 1344.0, 1344.0, 1322.0, 1316.0, 1310.0, 1304.0, 1303.0, 1306.0, 1310.0, 1324.0, 1301.0, 1313.0, 1288.0, 1322.0, 1297.0, 1289.0, 1288.0, 1268.0, 1270.0, 1270.0, 1272.0, 1270.0, 1267.0, 1267.0, 1266.0, 1262.0, 1268.0, 1267.0, 1256.0, 1246.0, 1246.0, 1235.0, 1235.0, 1226.0, 1232.0, 1232.0, 1232.0, 1207.0, 1178.0, 1174.0, 1174.0, 1194.0, 1209.0, 1190.0, 1185.0, 1174.0, 1150.0, 1150.0, 1134.0, 1161.0, 1152.0, 1178.0, 1148.0, 1132.0, 1132.0, 1137.0, 1135.0, 1133.0, 1123.0, 1117.0, 1116.0, 1113.0, 1113.0, 1156.0, 1145.0, 1145.0, 1113.0, 1128.0, 1138.0, 1149.0, 1135.0, 1135.0, 1131.0, 1136.0, 1130.0, 1136.0, 1119.0, 1116.0, 1108.0, 1098.0, 1125.0, 1119.0, 1119.0, 1102.0, 1103.0, 1092.0, 1098.0, 1101.0, 1097.0, 1112.0, 1114.0, 1113.0, 1115.0, 1109.0, 1114.0, 1119.0, 1119.0, 1098.0, 1112.0, 1117.0, 1113.0, 1124.0, 1127.0, 1125.0, 1106.0, 1112.0, 1097.0, 1101.0, 1110.0, 1109.0, 1119.0, 1130.0, 1130.0, 1115.0, 1090.0, 1090.0, 1096.0, 1101.0, 1101.0, 1095.0, 1110.0, 1099.0, 1102.0, 1095.0, 1095.0, 1095.0, 1089.0, 1090.0, 1085.0, 1085.0, 1074.0, 1069.0, 1071.0, 1054.0, 1047.0, 1045.0, 1038.0, 1019.0, 1032.0, 1028.0, 1020.0, 1018.0, 1011.0, 1013.0, 1006.0, 1036.0, 1038.0, 1214.0, 1421.0, 968.0, 971.0, 971.0, 978.0, 971.0, 977.0, 981.0, 982.0, 971.0, 969.0, 980.0, 992.0, 993.0, 997.0, 998.0, 990.0, 987.0, 1008.0, 1001.0, 993.0, 999.0, 1001.0, 990.0, 1000.0, 1007.0, 1004.0, 1018.0, 1018.0, 1004.0, 1011.0, 1002.0, 1009.0, 1019.0, 1019.0, 1009.0, 1009.0, 1009.0, 1029.0, 1029.0, 1030.0, 1023.0, 1015.0, 1023.0, 1020.0, 1019.0, 1019.0, 1030.0, 1033.0, 1041.0, 1037.0, 1035.0, 1023.0, 1023.0, 1035.0, 1045.0, 1044.0, 1039.0, 1041.0, 1029.0, 1052.0, 1048.0, 1039.0, 1037.0, 1029.0, 1041.0, 1038.0, 1033.0, 1030.0, 1033.0, 1036.0, 1037.0, 1034.0, 1034.0, 1038.0, 1048.0, 1032.0, 1038.0, 1030.0, 1046.0, 1042.0, 1051.0, 1047.0, 1046.0, 1053.0, 1043.0, 1052.0, 1049.0, 1043.0, 1046.0, 1056.0, 1047.0, 1045.0, 1049.0, 1051.0, 1070.0, 1047.0, 1046.0, 1048.0, 1050.0, 1051.0, 1067.0, 1046.0, 1046.0, 1049.0, 1060.0, 1045.0, 1055.0, 1066.0, 1065.0, 1069.0, 1066.0, 1071.0, 1075.0, 1051.0, 1051.0, 1070.0, 1075.0, 1074.0, 1072.0, 1073.0, 1069.0, 1077.0, 1075.0, 1070.0, 1063.0, 1071.0, 1073.0, 1075.0, 1077.0, 1076.0, 1076.0, 1072.0, 1090.0, 1084.0, 1089.0, 1082.0, 1086.0, 1081.0, 1080.0, 1085.0, 1090.0, 1083.0, 1082.0, 1083.0, 1101.0, 1092.0, 1091.0, 1085.0, 1092.0, 1089.0, 1091.0, 1078.0, 1095.0, 1091.0, 1095.0, 1075.0, 1076.0, 1072.0, 1081.0, 1076.0, 1074.0, 1069.0, 1072.0, 1080.0, 1076.0, 1070.0, 1070.0, 1091.0, 1072.0, 1093.0, 1085.0, 1099.0, 1094.0, 1101.0, 1108.0, 1105.0, 1099.0, 1104.0, 1116.0, 1117.0, 1096.0, 1101.0, 1098.0, 1115.0, 1105.0, 1126.0, 1134.0, 1137.0, 1143.0, 1162.0, 1137.0, 1125.0, 1174.0, 1140.0, 1154.0, 1168.0, 1166.0, 1154.0, 1166.0, 1184.0, 1177.0, 1178.0, 1228.0, 1206.0, 1218.0, 1212.0, 1218.0, 1208.0, 1235.0, 1232.0, 1245.0, 1254.0, 1258.0, 1270.0, 1279.0, 1296.0, 1308.0, 1318.0, 1322.0, 1301.0, 1313.0, 1312.0, 1319.0, 1321.0, 1315.0, 1325.0, 1336.0, 1338.0, 1343.0, 1362.0, 1366.0, 1342.0, 1339.0, 1356.0, 1381.0, 1390.0, 1390.0, 1404.0, 1400.0, 1394.0, 1393.0, 1414.0, 1410.0, 1411.0, 1420.0, 1413.0, 1429.0, 1431.0, 1427.0, 1427.0, 1446.0, 1458.0, 1452.0, 1455.0, 1455.0, 1468.0, 1464.0, 1468.0, 1470.0, 1490.0, 1492.0, 1493.0, 1494.0, 1496.0, 1489.0, 1507.0, 1496.0, 1509.0, 1511.0, 1511.0, 1529.0, 1550.0, 1532.0, 1528.0, 1525.0, 1533.0, 1549.0, 1542.0, 1547.0, 1559.0, 1566.0, 1575.0, 1566.0, 1582.0, 1582.0, 1582.0, 1576.0, 1591.0, 1591.0, 1604.0, 1590.0, 1609.0, 1603.0, 1603.0, 1617.0, 1622.0, 1625.0, 1626.0, 1635.0, 1611.0, 1626.0, 1641.0, 1641.0, 1641.0, 1644.0, 1651.0, 1654.0, 1659.0, 1667.0, 1659.0, 1661.0, 1682.0, 1670.0, 1664.0, 1674.0, 1677.0, 1670.0, 1681.0, 1683.0, 1683.0, 1684.0, 1709.0, 1694.0, 1700.0, 1700.0, 1712.0, 1704.0, 1730.0, 1724.0, 1732.0, 1709.0, 1710.0, 1716.0, 1729.0, 1729.0, 1728.0, 1728.0, 1697.0, 1714.0, 1731.0, 1721.0, 1719.0, 1733.0, 1734.0, 1730.0, 1746.0, 1739.0, 1733.0, 1729.0, 1721.0, 1744.0, 1747.0, 1752.0, 1770.0, 1760.0, 1759.0, 1759.0, 1763.0, 1767.0, 1757.0, 1757.0, 1754.0, 1765.0, 1805.0, 1795.0, 1772.0, 1787.0, 1817.0, 1840.0, 1811.0, 1823.0, 1807.0, 1799.0, 1789.0, 1798.0, 1802.0, 1820.0, 1829.0, 1834.0, 1843.0, 1845.0, 1847.0, 1842.0, 1837.0, 1858.0, 1863.0, 1856.0, 1847.0, 1873.0, 1869.0, 1865.0, 1845.0, 1845.0, 1829.0, 1845.0, 1824.0, 1814.0, 1818.0, 1835.0, 1840.0, 1840.0, 1855.0, 1865.0, 1881.0, 1901.0, 1897.0, 1908.0, 1873.0, 1875.0, 1832.0, 1791.0, 1771.0, 1771.0, 1820.0, 1831.0, 1829.0, 1836.0, 1833.0, 1828.0, 1821.0, 1824.0, 1829.0, 1823.0, 1807.0, 1819.0, 1819.0, 1819.0, 1818.0, 1829.0, 1820.0, 1824.0, 1829.0, 1827.0, 1829.0, 1831.0, 1825.0, 1825.0, 1813.0, 1831.0, 1843.0, 1845.0, 1845.0, 1850.0, 1834.0, 1834.0, 1830.0, 1830.0, 1827.0, 1824.0, 1821.0, 1824.0, 1816.0, 1812.0, 1821.0, 1832.0, 1832.0, 1804.0, 1802.0, 1802.0, 1805.0, 1800.0, 1792.0, 1768.0, 1768.0, 1817.0, 1821.0, 1822.0, 1821.0, 1822.0, 1812.0, 1802.0, 1820.0, 1805.0, 1805.0, 1804.0, 1810.0, 1820.0, 1820.0, 1815.0, 1825.0, 1821.0, 1792.0, 1781.0, 1781.0, 1772.0, 1770.0, 1772.0, 1740.0, 1750.0, 1750.0, 1765.0, 1758.0, 1752.0, 1744.0, 1734.0, 1733.0, 1746.0, 1772.0, 1756.0, 1743.0, 1746.0, 1732.0, 1722.0, 1725.0, 1727.0, 1720.0, 1723.0, 1714.0, 1712.0, 1714.0, 1714.0, 1714.0, 1723.0, 1679.0, 1686.0, 1679.0, 1688.0, 1686.0, 1703.0, 1709.0, 1706.0, 1685.0, 1696.0, 1681.0, 1683.0, 1667.0, 1665.0, 1675.0, 1668.0, 1664.0, 1662.0, 1658.0, 1658.0, 1661.0, 1661.0, 1662.0, 1659.0, 1657.0, 1656.0, 1654.0, 1660.0, 1655.0, 1643.0, 1659.0, 1657.0, 1655.0, 1627.0, 1629.0, 1631.0, 1615.0, 1615.0, 1635.0, 1635.0, 1601.0, 1592.0, 1605.0, 1630.0, 1625.0, 1616.0, 1596.0, 1607.0, 1604.0, 1595.0, 1585.0, 1583.0, 1581.0, 1585.0, 1575.0, 1584.0, 1579.0, 1565.0, 1561.0, 1564.0, 1562.0, 1567.0, 1567.0, 1557.0, 1559.0, 1543.0, 1535.0, 1542.0, 1542.0, 1524.0, 1529.0, 1536.0, 1508.0, 1508.0, 1491.0, 1497.0, 1505.0, 1506.0, 1522.0, 1507.0, 1493.0, 1489.0, 1487.0, 1481.0, 1481.0, 1474.0, 1456.0, 1474.0, 1468.0, 1478.0, 1452.0, 1454.0, 1468.0, 1468.0, 1441.0, 1440.0, 1439.0, 1440.0, 1434.0, 1429.0, 1427.0, 1412.0, 1412.0, 1425.0, 1436.0, 1432.0, 1419.0, 1402.0, 1386.0, 1398.0, 1398.0, 1384.0, 1379.0, 1377.0, 1391.0, 1374.0, 1374.0, 1388.0, 1389.0, 1381.0, 1380.0, 1382.0, 1381.0, 1371.0, 1370.0, 1372.0, 1376.0, 1359.0, 1345.0, 1361.0, 1351.0, 1361.0, 1363.0, 1367.0, 1370.0, 1340.0, 1365.0, 1357.0, 1352.0, 1361.0, 1351.0, 1355.0, 1353.0, 1357.0, 1350.0, 1354.0, 1358.0, 1362.0, 1350.0, 1350.0, 1335.0, 1334.0, 1330.0, 1330.0, 1320.0, 1326.0, 1333.0, 1312.0, 1312.0, 1318.0, 1315.0, 1333.0, 1333.0, 1330.0, 1307.0, 1310.0, 1310.0, 1308.0, 1310.0, 1304.0, 1299.0, 1318.0, 1323.0, 1322.0, 1312.0, 1308.0, 1298.0, 1295.0, 1300.0, 1315.0, 1311.0, 1317.0, 1296.0, 1281.0, 1290.0, 1314.0, 1282.0, 1290.0, 1297.0, 1295.0, 1297.0, 1291.0, 1296.0, 1294.0, 1299.0, 1299.0, 1299.0, 1296.0, 1302.0, 1296.0, 1298.0, 1287.0, 1285.0, 1302.0, 1311.0, 1293.0, 1296.0, 1285.0, 1299.0, 1299.0, 1299.0, 1306.0, 1308.0, 1307.0, 1330.0, 1318.0, 1325.0, 1309.0, 1312.0, 1311.0, 1328.0, 1328.0, 1330.0, 1330.0, 1329.0, 1320.0, 1323.0, 1323.0, 1317.0, 1325.0, 1328.0, 1322.0, 1320.0, 1300.0, 1324.0, 1309.0, 1310.0, 1323.0, 1323.0, 1321.0, 1320.0, 1315.0, 1316.0, 1320.0, 1320.0, 1323.0, 1321.0, 1330.0, 1324.0, 1322.0, 1331.0, 1324.0, 1340.0, 1353.0, 1332.0, 1338.0, 1330.0, 1343.0, 1356.0, 1343.0, 1346.0, 1357.0, 1358.0, 1356.0, 1342.0, 1344.0, 1355.0, 1360.0, 1369.0, 1369.0, 1375.0, 1375.0, 1374.0, 1374.0, 1371.0, 1373.0, 1376.0, 1387.0, 1394.0, 1379.0, 1390.0, 1392.0, 1409.0, 1423.0, 1430.0, 1423.0, 1417.0, 1427.0, 1429.0, 1415.0, 1421.0, 1410.0, 1431.0, 1438.0, 1445.0, 1422.0, 1432.0, 1430.0, 1425.0, 1428.0, 1420.0, 1424.0, 1423.0, 1426.0, 1418.0, 1411.0, 1439.0, 1428.0, 1416.0, 1444.0, 1444.0, 1415.0, 1418.0, 1427.0, 1438.0, 1452.0, 1444.0]