header: 
  seq: 1574
  stamp: 
    secs: 1548820796
    nsecs: 514671233
  frame_id: "base_link"
angle_min: -2.35619449615
angle_max: 2.35619449615
angle_increment: 0.00436332309619
time_increment: 1.73611151695e-05
scan_time: 0.0250000003725
range_min: 0.019999999553
range_max: 30.0
ranges: [0.37700000405311584, 0.38100001215934753, 0.3880000114440918, 0.39800000190734863, 0.3930000066757202, 0.4000000059604645, 0.39899998903274536, 0.39800000190734863, 0.4000000059604645, 0.40400001406669617, 0.4009999930858612, 0.3959999978542328, 0.3959999978542328, 0.3959999978542328, 0.3970000147819519, 0.3630000054836273, 0.35100001096725464, 0.3630000054836273, 0.29899999499320984, 0.3140000104904175, 0.36000001430511475, 0.36500000953674316, 0.3779999911785126, 0.3880000114440918, 0.38999998569488525, 0.39500001072883606, 0.3970000147819519, 0.3840000033378601, 0.38499999046325684, 0.38499999046325684, 0.3930000066757202, 0.39399999380111694, 0.3970000147819519, 0.39500001072883606, 0.39500001072883606, 0.3919999897480011, 0.39500001072883606, 0.39800000190734863, 0.3930000066757202, 0.3889999985694885, 0.39500001072883606, 0.39800000190734863, 0.39800000190734863, 0.4050000011920929, 0.40400001406669617, 0.3959999978542328, 0.39500001072883606, 0.39899998903274536, 0.3970000147819519, 0.39399999380111694, 0.39500001072883606, 0.4050000011920929, 0.4050000011920929, 0.40299999713897705, 0.40299999713897705, 0.4050000011920929, 0.4059999883174896, 0.40400001406669617, 0.4009999930858612, 0.4000000059604645, 0.4009999930858612, 0.4009999930858612, 0.39800000190734863, 0.3959999978542328, 0.39500001072883606, 0.3970000147819519, 0.3959999978542328, 0.39899998903274536, 0.39800000190734863, 0.39800000190734863, 0.39800000190734863, 0.3930000066757202, 0.38999998569488525, 0.39399999380111694, 0.40299999713897705, 0.3970000147819519, 0.40299999713897705, 0.41100001335144043, 0.4050000011920929, 0.39800000190734863, 0.39800000190734863, 0.39899998903274536, 0.4020000100135803, 0.4050000011920929, 0.40700000524520874, 0.40700000524520874, 0.4050000011920929, 0.40299999713897705, 0.4050000011920929, 0.4059999883174896, 0.40799999237060547, 0.40400001406669617, 0.39500001072883606, 0.4009999930858612, 0.4009999930858612, 0.4020000100135803, 0.39899998903274536, 0.4009999930858612, 0.4050000011920929, 0.4099999964237213, 0.40400001406669617, 0.3970000147819519, 0.3970000147819519, 0.39800000190734863, 0.40299999713897705, 0.4059999883174896, 0.4059999883174896, 0.4050000011920929, 0.4050000011920929, 0.4050000011920929, 0.4050000011920929, 0.4050000011920929, 0.4050000011920929, 0.4050000011920929, 0.4059999883174896, 0.40400001406669617, 0.4059999883174896, 0.4059999883174896, 0.40700000524520874, 0.4090000092983246, 0.40400001406669617, 0.40700000524520874, 0.40700000524520874, 0.40799999237060547, 0.40700000524520874, 0.41100001335144043, 0.414000004529953, 0.4129999876022339, 0.41100001335144043, 0.4189999997615814, 0.4259999990463257, 0.42800000309944153, 0.421999990940094, 0.4099999964237213, 0.41600000858306885, 0.4180000126361847, 0.41499999165534973, 0.41100001335144043, 0.41100001335144043, 0.41100001335144043, 0.4099999964237213, 0.40799999237060547, 0.4169999957084656, 0.4189999997615814, 0.4180000126361847, 0.42100000381469727, 0.4230000078678131, 0.421999990940094, 0.421999990940094, 0.4230000078678131, 0.42500001192092896, 0.4269999861717224, 0.42899999022483826, 0.4300000071525574, 0.4320000112056732, 0.4309999942779541, 0.4320000112056732, 0.4269999861717224, 0.42899999022483826, 0.44200000166893005, 0.4350000023841858, 0.4320000112056732, 0.43299999833106995, 0.4320000112056732, 0.42899999022483826, 0.4320000112056732, 0.43700000643730164, 0.4350000023841858, 0.43299999833106995, 0.43299999833106995, 0.43700000643730164, 0.43700000643730164, 0.4410000145435333, 0.4429999887943268, 0.43700000643730164, 0.4339999854564667, 0.4350000023841858, 0.43799999356269836, 0.4429999887943268, 0.4429999887943268, 0.4399999976158142, 0.4440000057220459, 0.44600000977516174, 0.4390000104904175, 0.43799999356269836, 0.4399999976158142, 0.4440000057220459, 0.44600000977516174, 0.4410000145435333, 0.44200000166893005, 0.44600000977516174, 0.4449999928474426, 0.4440000057220459, 0.45399999618530273, 0.4560000002384186, 0.4569999873638153, 0.4449999928474426, 0.4480000138282776, 0.4560000002384186, 0.4560000002384186, 0.45899999141693115, 0.4620000123977661, 0.460999995470047, 0.460999995470047, 0.4620000123977661, 0.4650000035762787, 0.4650000035762787, 0.4690000116825104, 0.4729999899864197, 0.47600001096725464, 0.4740000069141388, 0.47699999809265137, 0.4779999852180481, 0.4740000069141388, 0.4740000069141388, 0.4819999933242798, 0.49300000071525574, 0.4909999966621399, 0.48899999260902405, 0.49399998784065247, 0.49399998784065247, 0.4959999918937683, 0.4959999918937683, 0.4880000054836273, 0.48899999260902405, 0.49900001287460327, 0.5049999952316284, 0.5059999823570251, 0.5059999823570251, 0.49799999594688416, 0.503000020980835, 0.5040000081062317, 0.5149999856948853, 0.5130000114440918, 0.5199999809265137, 0.5180000066757202, 0.5189999938011169, 0.5230000019073486, 0.5260000228881836, 0.5289999842643738, 0.5299999713897705, 0.531000018119812, 0.5329999923706055, 0.527999997138977, 0.5360000133514404, 0.5410000085830688, 0.5410000085830688, 0.5450000166893005, 0.5400000214576721, 0.5550000071525574, 0.5600000023841858, 0.5619999766349792, 0.5590000152587891, 0.5609999895095825, 0.5680000185966492, 0.5680000185966492, 0.5699999928474426, 0.5720000267028809, 0.574999988079071, 0.5809999704360962, 0.5820000171661377, 0.5860000252723694, 0.5950000286102295, 0.5950000286102295, 0.5979999899864197, 0.6010000109672546, 0.6119999885559082, 0.6129999756813049, 0.6150000095367432, 0.6100000143051147, 0.6129999756813049, 0.6190000176429749, 0.6259999871253967, 0.6290000081062317, 0.6299999952316284, 0.6309999823570251, 0.6330000162124634, 0.6439999938011169, 0.6430000066757202, 0.6399999856948853, 0.6430000066757202, 0.656000018119812, 0.6660000085830688, 0.671999990940094, 0.671999990940094, 0.671999990940094, 0.6769999861717224, 0.675000011920929, 0.6790000200271606, 0.6840000152587891, 0.6880000233650208, 0.6930000185966492, 0.699999988079071, 0.7039999961853027, 0.7039999961853027, 0.7099999785423279, 0.7120000123977661, 0.718999981880188, 0.7260000109672546, 0.7269999980926514, 0.7429999709129333, 0.7429999709129333, 0.7409999966621399, 0.7519999742507935, 0.7519999742507935, 0.7639999985694885, 0.765999972820282, 0.7720000147819519, 0.7850000262260437, 0.7850000262260437, 0.7889999747276306, 0.796999990940094, 0.8019999861717224, 0.8149999976158142, 0.8230000138282776, 0.8259999752044678, 0.8259999752044678, 0.8330000042915344, 0.8360000252723694, 0.8479999899864197, 0.8550000190734863, 0.8629999756813049, 0.878000020980835, 0.878000020980835, 0.8880000114440918, 0.8960000276565552, 0.8989999890327454, 0.906000018119812, 0.9240000247955322, 0.9279999732971191, 0.9340000152587891, 0.9520000219345093, 0.9610000252723694, 0.968999981880188, 0.9750000238418579, 0.984000027179718, 0.9980000257492065, 1.003999948501587, 1.0210000276565552, 1.024999976158142, 1.0470000505447388, 1.0490000247955322, 1.069000005722046, 1.0740000009536743, 1.0809999704360962, 1.0989999771118164, 1.1200000047683716, 1.1260000467300415, 1.1510000228881836, 1.159999966621399, 1.1759999990463257, 1.190000057220459, 1.2070000171661377, 1.2139999866485596, 1.2309999465942383, 1.2510000467300415, 1.2690000534057617, 1.2730000019073486, 1.2929999828338623, 1.3140000104904175, 1.340000033378601, 1.3589999675750732, 1.3869999647140503, 1.4470000267028809, 1.5260000228881836, 1.7480000257492065, 2.4820001125335693, 2.4839999675750732, 2.4839999675750732, 2.4839999675750732, 2.49399995803833, 2.4860000610351562, 2.48799991607666, 2.493000030517578, 2.489000082015991, 2.4839999675750732, 2.484999895095825, 2.49399995803833, 2.4860000610351562, 2.4820001125335693, 2.484999895095825, 2.4839999675750732, 2.4839999675750732, 2.4749999046325684, 2.4779999256134033, 2.4830000400543213, 2.4820001125335693, 2.4749999046325684, 2.4749999046325684, 2.4749999046325684, 2.4719998836517334, 2.4730000495910645, 2.4670000076293945, 2.4609999656677246, 2.4619998931884766, 2.4590001106262207, 2.4609999656677246, 2.4539999961853027, 2.4570000171661377, 2.4509999752044678, 2.4549999237060547, 2.446000099182129, 2.444999933242798, 2.443000078201294, 2.437999963760376, 2.437999963760376, 2.441999912261963, 2.436000108718872, 2.434000015258789, 2.427000045776367, 2.4260001182556152, 2.4210000038146973, 2.4230000972747803, 2.4179999828338623, 2.4110000133514404, 2.3989999294281006, 2.4000000953674316, 2.4000000953674316, 2.3949999809265137, 2.388000011444092, 2.390000104904175, 2.381999969482422, 2.385999917984009, 2.371999979019165, 2.36299991607666, 2.3529999256134033, 2.3510000705718994, 2.3450000286102295, 2.3450000286102295, 2.3340001106262207, 2.3340001106262207, 2.3259999752044678, 2.321000099182129, 2.322999954223633, 2.303999900817871, 2.2869999408721924, 2.2839999198913574, 2.2850000858306885, 2.2839999198913574, 2.2760000228881836, 2.2639999389648438, 2.263000011444092, 2.259000062942505, 2.259000062942505, 2.246999979019165, 2.2330000400543213, 2.2320001125335693, 2.2290000915527344, 2.2209999561309814, 2.2119998931884766, 2.2019999027252197, 2.193000078201294, 2.181999921798706, 2.1679999828338623, 2.1659998893737793, 2.1619999408721924, 2.1510000228881836, 2.138000011444092, 2.13100004196167, 2.125999927520752, 2.115999937057495, 2.1070001125335693, 2.0950000286102295, 2.0940001010894775, 2.0920000076293945, 2.0889999866485596, 2.0759999752044678, 2.059999942779541, 2.046999931335449, 2.0429999828338623, 2.0380001068115234, 2.0260000228881836, 2.0179998874664307, 1.99399995803833, 1.9910000562667847, 1.9739999771118164, 1.968999981880188, 1.9429999589920044, 1.937000036239624, 1.934999942779541, 1.9190000295639038, 1.9019999504089355, 1.8910000324249268, 1.8799999952316284, 1.8769999742507935, 1.8519999980926514, 1.8480000495910645, 1.8320000171661377, 1.812000036239624, 1.7960000038146973, 1.7760000228881836, 1.7710000276565552, 1.7410000562667847, 1.7300000190734863, 1.7170000076293945, 1.6990000009536743, 1.6660000085830688, 1.656999945640564, 1.6319999694824219, 1.6130000352859497, 1.6050000190734863, 1.5779999494552612, 1.5479999780654907, 1.5410000085830688, 1.5190000534057617, 1.4910000562667847, 1.468999981880188, 1.4570000171661377, 1.4479999542236328, 1.4190000295639038, 1.406999945640564, 1.406999945640564, 1.3899999856948853, 1.3680000305175781, 1.3519999980926514, 1.3380000591278076, 1.3250000476837158, 1.3140000104904175, 1.2979999780654907, 1.2879999876022339, 1.2730000019073486, 1.2599999904632568, 1.2430000305175781, 1.2339999675750732, 1.2330000400543213, 1.2070000171661377, 1.1959999799728394, 1.1890000104904175, 1.1740000247955322, 1.1649999618530273, 1.156999945640564, 1.1419999599456787, 1.1160000562667847, 1.1100000143051147, 1.0980000495910645, 1.0980000495910645, 1.0980000495910645, 1.0770000219345093, 1.0720000267028809, 1.055999994277954, 1.0549999475479126, 1.0360000133514404, 1.0260000228881836, 1.0210000276565552, 1.0190000534057617, 1.0069999694824219, 0.996999979019165, 0.9860000014305115, 0.9810000061988831, 0.9760000109672546, 0.9670000076293945, 0.9629999995231628, 0.9649999737739563, 0.9539999961853027, 0.9419999718666077, 0.9319999814033508, 0.9309999942779541, 0.9309999942779541, 0.921999990940094, 0.9120000004768372, 0.9089999794960022, 0.8989999890327454, 0.8970000147819519, 0.8939999938011169, 0.8859999775886536, 0.8840000033378601, 0.875, 0.8709999918937683, 0.8650000095367432, 0.8610000014305115, 0.8610000014305115, 0.8579999804496765, 0.859000027179718, 0.8529999852180481, 0.843999981880188, 0.8399999737739563, 0.8339999914169312, 0.8309999704360962, 0.8159999847412109, 0.8149999976158142, 0.8130000233650208, 0.8090000152587891, 0.8029999732971191, 0.7979999780654907, 0.7979999780654907, 0.7990000247955322, 0.7910000085830688, 0.7889999747276306, 0.7860000133514404, 0.7820000052452087, 0.7760000228881836, 0.7689999938011169, 0.7599999904632568, 0.7590000033378601, 0.7580000162124634, 0.7549999952316284, 0.753000020980835, 0.7450000047683716, 0.7429999709129333, 0.7440000176429749, 0.7369999885559082, 0.7300000190734863, 0.7269999980926514, 0.7269999980926514, 0.722000002861023, 0.7160000205039978, 0.7149999737739563, 0.7139999866485596, 0.7139999866485596, 0.7129999995231628, 0.7089999914169312, 0.7049999833106995, 0.7049999833106995, 0.6970000267028809, 0.6990000009536743, 0.6890000104904175, 0.6909999847412109, 0.6779999732971191, 0.6850000023841858, 0.6919999718666077, 0.6869999766349792, 0.6779999732971191, 0.675000011920929, 0.671999990940094, 0.6710000038146973, 0.6700000166893005, 0.6620000004768372, 0.6570000052452087, 0.6570000052452087, 0.6589999794960022, 0.6549999713897705, 0.652999997138977, 0.6539999842643738, 0.6499999761581421, 0.6480000019073486, 0.6420000195503235, 0.6420000195503235, 0.6349999904632568, 0.6309999823570251, 0.6340000033378601, 0.6349999904632568, 0.6330000162124634, 0.6240000128746033, 0.6259999871253967, 0.6330000162124634, 0.6309999823570251, 0.6259999871253967, 0.6240000128746033, 0.6200000047683716, 0.6100000143051147, 0.6110000014305115, 0.609000027179718, 0.609000027179718, 0.6060000061988831, 0.6050000190734863, 0.6050000190734863, 0.6050000190734863, 0.6050000190734863, 0.5950000286102295, 0.6029999852180481, 0.6029999852180481, 0.5979999899864197, 0.5889999866485596, 0.5889999866485596, 0.5920000076293945, 0.5910000205039978, 0.5920000076293945, 0.5879999995231628, 0.5809999704360962, 0.5820000171661377, 0.5839999914169312, 0.5849999785423279, 0.5809999704360962, 0.5799999833106995, 0.574999988079071, 0.5770000219345093, 0.5759999752044678, 0.5720000267028809, 0.5699999928474426, 0.5690000057220459, 0.5680000185966492, 0.5669999718666077, 0.5659999847412109, 0.5640000104904175, 0.5619999766349792, 0.5709999799728394, 0.5649999976158142, 0.5630000233650208, 0.5630000233650208, 0.5600000023841858, 0.5550000071525574, 0.5659999847412109, 0.5649999976158142, 0.5609999895095825, 0.5600000023841858, 0.5559999942779541, 0.5529999732971191, 0.5509999990463257, 0.5529999732971191, 0.550000011920929, 0.5479999780654907, 0.5460000038146973, 0.5509999990463257, 0.5550000071525574, 0.5519999861717224, 0.5490000247955322, 0.546999990940094, 0.5450000166893005, 0.5440000295639038, 0.5440000295639038, 0.5429999828338623, 0.5429999828338623, 0.5370000004768372, 0.5329999923706055, 0.531000018119812, 0.5370000004768372, 0.5350000262260437, 0.5299999713897705, 0.5270000100135803, 0.5270000100135803, 0.5339999794960022, 0.5339999794960022, 0.531000018119812, 0.531000018119812, 0.5320000052452087, 0.5320000052452087, 0.5299999713897705, 0.5289999842643738, 0.5249999761581421, 0.5230000019073486, 0.5230000019073486, 0.5289999842643738, 0.531000018119812, 0.527999997138977, 0.5270000100135803, 0.5189999938011169, 0.5210000276565552, 0.5170000195503235, 0.5170000195503235, 0.5130000114440918, 0.5189999938011169, 0.5189999938011169, 0.5230000019073486, 0.5299999713897705, 0.5260000228881836, 0.5230000019073486, 0.5210000276565552, 0.5230000019073486, 0.5230000019073486, 0.5199999809265137, 0.515999972820282, 0.5170000195503235, 0.5189999938011169, 0.5170000195503235, 0.5149999856948853, 0.5109999775886536, 0.5120000243186951, 0.5130000114440918, 0.5120000243186951, 0.5120000243186951, 0.5120000243186951, 0.515999972820282, 0.515999972820282, 0.5180000066757202, 0.5109999775886536, 0.5120000243186951, 0.5109999775886536, 0.5139999985694885, 0.5059999823570251, 0.5080000162124634, 0.5099999904632568, 0.5130000114440918, 0.5130000114440918, 0.5130000114440918, 0.5120000243186951, 0.5170000195503235, 0.5189999938011169, 0.5189999938011169, 0.5170000195503235, 0.5170000195503235, 0.515999972820282, 0.515999972820282, 0.5130000114440918, 0.5109999775886536, 0.5109999775886536, 0.5130000114440918, 0.5109999775886536, 0.5120000243186951, 0.5109999775886536, 0.5099999904632568, 0.5099999904632568, 0.5080000162124634, 0.5139999985694885, 0.5099999904632568, 0.5139999985694885, 0.5149999856948853, 0.5149999856948853, 0.5260000228881836, 0.5239999890327454, 0.515999972820282, 0.515999972820282, 0.5130000114440918, 0.5170000195503235, 0.5199999809265137, 0.5130000114440918, 0.5130000114440918, 0.5120000243186951, 0.5099999904632568, 0.5090000033378601, 0.5130000114440918, 0.5130000114440918, 0.5149999856948853, 0.5149999856948853, 0.527999997138977, 0.5260000228881836, 0.5210000276565552, 0.5210000276565552, 0.5149999856948853, 0.5149999856948853, 0.5220000147819519, 0.5230000019073486, 0.5199999809265137, 0.5180000066757202, 0.5180000066757202, 0.5189999938011169, 0.5180000066757202, 0.5210000276565552, 0.5210000276565552, 0.5220000147819519, 0.5210000276565552, 0.5210000276565552, 0.5230000019073486, 0.5239999890327454, 0.5270000100135803, 0.531000018119812, 0.5329999923706055, 0.5289999842643738, 0.5270000100135803, 0.5249999761581421, 0.5260000228881836, 0.5289999842643738, 0.5329999923706055, 0.531000018119812, 0.531000018119812, 0.5370000004768372, 0.5320000052452087, 0.5260000228881836, 0.5320000052452087, 0.5360000133514404, 0.5360000133514404, 0.5339999794960022, 0.5379999876022339, 0.5410000085830688, 0.5450000166893005, 0.5479999780654907, 0.5540000200271606, 0.546999990940094, 0.5400000214576721, 0.5400000214576721, 0.5410000085830688, 0.5410000085830688, 0.5550000071525574, 0.5590000152587891, 0.5559999942779541, 0.5550000071525574, 0.5550000071525574, 0.5529999732971191, 0.5600000023841858, 0.5550000071525574, 0.5550000071525574, 0.5519999861717224, 0.550000011920929, 0.5540000200271606, 0.5509999990463257, 0.5540000200271606, 0.5540000200271606, 0.5559999942779541, 0.5569999814033508, 0.5600000023841858, 0.5600000023841858, 0.5580000281333923, 0.5630000233650208, 0.5630000233650208, 0.574999988079071, 0.5580000281333923, 0.5550000071525574, 0.5659999847412109, 0.5669999718666077, 0.5669999718666077, 0.5680000185966492, 0.5709999799728394, 0.5720000267028809, 0.5669999718666077, 0.5649999976158142, 0.5649999976158142, 0.5720000267028809, 0.5699999928474426, 0.5709999799728394, 0.5709999799728394, 0.5809999704360962, 0.5849999785423279, 0.5799999833106995, 0.5770000219345093, 0.578000009059906, 0.5759999752044678, 0.5860000252723694, 0.5910000205039978, 0.5889999866485596, 0.5879999995231628, 0.5879999995231628, 0.5889999866485596, 0.5870000123977661, 0.5889999866485596, 0.5920000076293945, 0.593999981880188, 0.6000000238418579, 0.6010000109672546, 0.597000002861023, 0.597000002861023, 0.597000002861023, 0.5979999899864197, 0.5979999899864197, 0.6000000238418579, 0.5950000286102295, 0.5989999771118164, 0.6029999852180481, 0.6069999933242798, 0.6069999933242798, 0.6110000014305115, 0.6169999837875366, 0.6200000047683716, 0.6159999966621399, 0.6140000224113464, 0.6140000224113464, 0.6110000014305115, 0.6190000176429749, 0.621999979019165, 0.6169999837875366, 0.6169999837875366, 0.6230000257492065, 0.6299999952316284, 0.6309999823570251, 0.6240000128746033, 0.6240000128746033, 0.625, 0.6269999742507935, 0.6299999952316284, 0.6299999952316284, 0.6370000243186951, 0.6380000114440918, 0.640999972820282, 0.640999972820282, 0.6399999856948853, 0.6399999856948853, 0.6399999856948853, 0.6399999856948853, 0.6399999856948853, 0.6389999985694885, 0.6460000276565552, 0.6460000276565552, 0.6510000228881836, 0.6600000262260437, 0.6570000052452087, 0.6589999794960022, 0.6600000262260437, 0.6650000214576721, 0.6669999957084656, 0.6639999747276306, 0.6629999876022339, 0.6620000004768372, 0.6650000214576721, 0.6740000247955322, 0.6740000247955322, 0.6769999861717224, 0.6700000166893005, 0.671999990940094, 0.6769999861717224, 0.6809999942779541, 0.6830000281333923, 0.6850000023841858, 0.6850000023841858, 0.6869999766349792, 0.6880000233650208, 0.6840000152587891, 0.6859999895095825, 0.6869999766349792, 0.6970000267028809, 0.7009999752044678, 0.7020000219345093, 0.703000009059906, 0.7020000219345093, 0.703000009059906, 0.7059999704360962, 0.7080000042915344, 0.7070000171661377, 0.7059999704360962, 0.7070000171661377, 0.7039999961853027, 0.7149999737739563, 0.7269999980926514, 0.7250000238418579, 0.7239999771118164, 0.7239999771118164, 0.7279999852180481, 0.7210000157356262, 0.7260000109672546, 0.7279999852180481, 0.7429999709129333, 0.7369999885559082, 0.7369999885559082, 0.7379999756813049, 0.7419999837875366, 0.7440000176429749, 0.7480000257492065, 0.7450000047683716, 0.7429999709129333, 0.7400000095367432, 0.746999979019165, 0.746999979019165, 0.7450000047683716, 0.7440000176429749, 0.7490000128746033, 0.7459999918937683, 0.7480000257492065, 0.7459999918937683, 0.7480000257492065, 0.7480000257492065, 0.746999979019165, 0.7429999709129333, 0.746999979019165, 0.75, 0.7519999742507935, 0.7590000033378601, 0.7649999856948853, 0.7639999985694885, 0.7639999985694885, 0.7649999856948853, 0.765999972820282, 0.7670000195503235, 0.7670000195503235, 0.7649999856948853, 0.7649999856948853, 0.7649999856948853, 0.7649999856948853, 0.7770000100135803, 0.7749999761581421, 0.7749999761581421, 0.7749999761581421, 0.781000018119812, 0.7770000100135803, 0.7770000100135803, 0.7760000228881836, 0.7730000019073486, 0.7770000100135803, 0.7799999713897705, 0.7749999761581421, 0.7680000066757202, 0.7689999938011169, 0.777999997138977, 0.7760000228881836, 0.7739999890327454, 0.7720000147819519, 0.7720000147819519, 0.7850000262260437, 0.7979999780654907, 0.7990000247955322, 0.8040000200271606, 0.7979999780654907, 0.8009999990463257, 0.8230000138282776, 0.8289999961853027, 0.828000009059906, 0.8339999914169312, 0.8379999995231628, 0.8309999704360962, 0.8309999704360962, 0.8379999995231628, 0.8370000123977661, 0.8320000171661377, 0.8360000252723694, 0.8399999737739563]
intensities: [1105.0, 1129.0, 1203.0, 1403.0, 1389.0, 1555.0, 1583.0, 1652.0, 1680.0, 1711.0, 1707.0, 1701.0, 1675.0, 1627.0, 1566.0, 1136.0, 1085.0, 1136.0, 861.0, 877.0, 990.0, 1001.0, 1029.0, 1044.0, 1046.0, 1053.0, 1065.0, 1096.0, 1192.0, 1294.0, 1436.0, 1462.0, 1660.0, 1674.0, 1757.0, 1818.0, 1828.0, 1811.0, 1840.0, 1841.0, 1850.0, 1855.0, 1865.0, 1870.0, 1861.0, 1853.0, 1860.0, 1858.0, 1857.0, 1846.0, 1846.0, 1837.0, 1836.0, 1844.0, 1853.0, 1830.0, 1839.0, 1822.0, 1829.0, 1817.0, 1812.0, 1812.0, 1797.0, 1782.0, 1829.0, 1803.0, 1807.0, 1785.0, 1798.0, 1798.0, 1798.0, 1776.0, 1775.0, 1787.0, 1801.0, 1800.0, 1788.0, 1815.0, 1761.0, 1751.0, 1751.0, 1751.0, 1740.0, 1720.0, 1719.0, 1716.0, 1721.0, 1730.0, 1712.0, 1712.0, 1728.0, 1724.0, 1691.0, 1643.0, 1643.0, 1662.0, 1659.0, 1651.0, 1660.0, 1670.0, 1659.0, 1648.0, 1642.0, 1661.0, 1626.0, 1612.0, 1597.0, 1594.0, 1574.0, 1582.0, 1583.0, 1593.0, 1572.0, 1566.0, 1550.0, 1550.0, 1529.0, 1529.0, 1522.0, 1526.0, 1518.0, 1514.0, 1514.0, 1505.0, 1496.0, 1487.0, 1467.0, 1461.0, 1455.0, 1460.0, 1467.0, 1474.0, 1459.0, 1442.0, 1429.0, 1413.0, 1409.0, 1398.0, 1402.0, 1402.0, 1391.0, 1382.0, 1384.0, 1372.0, 1361.0, 1358.0, 1336.0, 1331.0, 1343.0, 1337.0, 1312.0, 1306.0, 1310.0, 1317.0, 1294.0, 1295.0, 1287.0, 1272.0, 1269.0, 1300.0, 1266.0, 1257.0, 1258.0, 1258.0, 1257.0, 1237.0, 1242.0, 1245.0, 1245.0, 1245.0, 1238.0, 1213.0, 1216.0, 1231.0, 1209.0, 1199.0, 1185.0, 1185.0, 1190.0, 1188.0, 1190.0, 1175.0, 1165.0, 1155.0, 1149.0, 1153.0, 1165.0, 1169.0, 1133.0, 1139.0, 1141.0, 1123.0, 1109.0, 1135.0, 1126.0, 1132.0, 1126.0, 1125.0, 1136.0, 1130.0, 1125.0, 1127.0, 1123.0, 1123.0, 1129.0, 1135.0, 1135.0, 1114.0, 1120.0, 1127.0, 1118.0, 1136.0, 1133.0, 1124.0, 1124.0, 1135.0, 1168.0, 1151.0, 1146.0, 1144.0, 1132.0, 1140.0, 1134.0, 1106.0, 1114.0, 1116.0, 1119.0, 1127.0, 1127.0, 1113.0, 1117.0, 1114.0, 1124.0, 1108.0, 1125.0, 1124.0, 1119.0, 1115.0, 1113.0, 1122.0, 1133.0, 1129.0, 1125.0, 1112.0, 1091.0, 1086.0, 1086.0, 1095.0, 1096.0, 1096.0, 1130.0, 1127.0, 1118.0, 1103.0, 1103.0, 1103.0, 1104.0, 1105.0, 1116.0, 1105.0, 1087.0, 1096.0, 1123.0, 1115.0, 1116.0, 1111.0, 1113.0, 1114.0, 1128.0, 1115.0, 1127.0, 1102.0, 1110.0, 1110.0, 1120.0, 1121.0, 1121.0, 1124.0, 1120.0, 1122.0, 1113.0, 1129.0, 1117.0, 1111.0, 1109.0, 1129.0, 1118.0, 1112.0, 1119.0, 1118.0, 1118.0, 1114.0, 1098.0, 1111.0, 1111.0, 1110.0, 1106.0, 1104.0, 1100.0, 1102.0, 1106.0, 1106.0, 1092.0, 1089.0, 1085.0, 1088.0, 1084.0, 1081.0, 1074.0, 1074.0, 1072.0, 1078.0, 1081.0, 1071.0, 1064.0, 1074.0, 1065.0, 1064.0, 1061.0, 1056.0, 1057.0, 1064.0, 1054.0, 1047.0, 1058.0, 1055.0, 1042.0, 1041.0, 1034.0, 1044.0, 1054.0, 1046.0, 1035.0, 1023.0, 1022.0, 1021.0, 1025.0, 1021.0, 1025.0, 1017.0, 1011.0, 1008.0, 1019.0, 1009.0, 1009.0, 1015.0, 1004.0, 996.0, 998.0, 997.0, 977.0, 973.0, 969.0, 979.0, 977.0, 972.0, 984.0, 981.0, 978.0, 961.0, 966.0, 975.0, 1042.0, 1349.0, 1444.0, 1317.0, 1010.0, 982.0, 982.0, 982.0, 1015.0, 996.0, 1001.0, 1005.0, 1000.0, 1003.0, 999.0, 999.0, 997.0, 999.0, 1009.0, 997.0, 991.0, 1007.0, 1019.0, 1024.0, 1021.0, 1002.0, 1002.0, 1008.0, 1005.0, 1014.0, 1012.0, 1015.0, 1010.0, 1010.0, 1010.0, 1005.0, 1009.0, 1014.0, 1022.0, 1014.0, 1014.0, 1007.0, 1001.0, 1001.0, 1003.0, 999.0, 998.0, 992.0, 991.0, 978.0, 984.0, 980.0, 978.0, 973.0, 983.0, 988.0, 985.0, 984.0, 987.0, 982.0, 989.0, 984.0, 979.0, 988.0, 987.0, 988.0, 995.0, 989.0, 1003.0, 1000.0, 998.0, 1018.0, 1013.0, 1007.0, 1007.0, 1011.0, 1017.0, 1021.0, 1021.0, 1029.0, 1019.0, 1019.0, 1023.0, 1015.0, 1014.0, 1020.0, 1024.0, 1020.0, 1025.0, 1014.0, 1015.0, 1018.0, 1020.0, 1028.0, 1014.0, 1016.0, 1018.0, 1033.0, 1026.0, 1029.0, 1020.0, 1031.0, 1031.0, 1032.0, 1034.0, 1034.0, 1039.0, 1045.0, 1038.0, 1047.0, 1044.0, 1039.0, 1040.0, 1038.0, 1042.0, 1023.0, 1025.0, 1038.0, 1036.0, 1029.0, 1023.0, 1021.0, 1019.0, 1020.0, 1031.0, 1017.0, 1012.0, 1002.0, 1009.0, 1013.0, 1012.0, 1016.0, 1007.0, 1013.0, 992.0, 1004.0, 1046.0, 1060.0, 1060.0, 1039.0, 1013.0, 1055.0, 1049.0, 1068.0, 1065.0, 1060.0, 1064.0, 1073.0, 1078.0, 1090.0, 1089.0, 1092.0, 1093.0, 1098.0, 1103.0, 1108.0, 1106.0, 1120.0, 1113.0, 1119.0, 1104.0, 1118.0, 1119.0, 1097.0, 1111.0, 1111.0, 1098.0, 1106.0, 1124.0, 1102.0, 1104.0, 1100.0, 1119.0, 1119.0, 1128.0, 1143.0, 1155.0, 1129.0, 1139.0, 1138.0, 1128.0, 1116.0, 1111.0, 1129.0, 1140.0, 1133.0, 1132.0, 1142.0, 1156.0, 1147.0, 1186.0, 1185.0, 1200.0, 1217.0, 1229.0, 1241.0, 1237.0, 1245.0, 1260.0, 1261.0, 1260.0, 1277.0, 1262.0, 1285.0, 1277.0, 1278.0, 1267.0, 1283.0, 1300.0, 1294.0, 1309.0, 1307.0, 1323.0, 1325.0, 1326.0, 1323.0, 1328.0, 1335.0, 1336.0, 1346.0, 1366.0, 1360.0, 1355.0, 1378.0, 1380.0, 1366.0, 1365.0, 1379.0, 1396.0, 1401.0, 1411.0, 1412.0, 1409.0, 1408.0, 1437.0, 1438.0, 1435.0, 1465.0, 1479.0, 1488.0, 1510.0, 1519.0, 1518.0, 1512.0, 1514.0, 1510.0, 1527.0, 1542.0, 1519.0, 1533.0, 1538.0, 1549.0, 1556.0, 1551.0, 1542.0, 1565.0, 1568.0, 1567.0, 1569.0, 1556.0, 1573.0, 1580.0, 1587.0, 1581.0, 1583.0, 1613.0, 1602.0, 1592.0, 1625.0, 1631.0, 1619.0, 1632.0, 1611.0, 1627.0, 1632.0, 1628.0, 1614.0, 1625.0, 1618.0, 1621.0, 1622.0, 1635.0, 1626.0, 1651.0, 1648.0, 1665.0, 1669.0, 1658.0, 1679.0, 1679.0, 1679.0, 1639.0, 1670.0, 1679.0, 1674.0, 1686.0, 1690.0, 1682.0, 1677.0, 1688.0, 1697.0, 1691.0, 1691.0, 1705.0, 1707.0, 1711.0, 1736.0, 1741.0, 1719.0, 1722.0, 1716.0, 1731.0, 1739.0, 1735.0, 1735.0, 1745.0, 1731.0, 1742.0, 1731.0, 1730.0, 1757.0, 1758.0, 1752.0, 1756.0, 1751.0, 1736.0, 1743.0, 1767.0, 1761.0, 1765.0, 1781.0, 1777.0, 1764.0, 1761.0, 1775.0, 1779.0, 1771.0, 1773.0, 1762.0, 1765.0, 1776.0, 1790.0, 1792.0, 1796.0, 1799.0, 1794.0, 1793.0, 1795.0, 1806.0, 1805.0, 1795.0, 1808.0, 1821.0, 1805.0, 1804.0, 1801.0, 1814.0, 1814.0, 1813.0, 1808.0, 1807.0, 1803.0, 1804.0, 1804.0, 1808.0, 1798.0, 1792.0, 1797.0, 1796.0, 1797.0, 1802.0, 1792.0, 1795.0, 1778.0, 1789.0, 1787.0, 1804.0, 1807.0, 1782.0, 1777.0, 1791.0, 1820.0, 1803.0, 1796.0, 1800.0, 1801.0, 1801.0, 1781.0, 1793.0, 1775.0, 1769.0, 1783.0, 1772.0, 1761.0, 1754.0, 1759.0, 1758.0, 1758.0, 1759.0, 1754.0, 1771.0, 1771.0, 1758.0, 1755.0, 1736.0, 1745.0, 1738.0, 1774.0, 1752.0, 1729.0, 1731.0, 1732.0, 1728.0, 1719.0, 1724.0, 1723.0, 1716.0, 1712.0, 1707.0, 1707.0, 1712.0, 1709.0, 1709.0, 1692.0, 1700.0, 1705.0, 1690.0, 1678.0, 1678.0, 1671.0, 1686.0, 1681.0, 1686.0, 1695.0, 1695.0, 1678.0, 1668.0, 1652.0, 1644.0, 1637.0, 1643.0, 1632.0, 1627.0, 1639.0, 1641.0, 1641.0, 1636.0, 1624.0, 1624.0, 1625.0, 1625.0, 1607.0, 1610.0, 1598.0, 1609.0, 1594.0, 1594.0, 1586.0, 1588.0, 1591.0, 1612.0, 1612.0, 1592.0, 1571.0, 1573.0, 1573.0, 1559.0, 1565.0, 1580.0, 1569.0, 1518.0, 1544.0, 1542.0, 1543.0, 1542.0, 1547.0, 1504.0, 1521.0, 1509.0, 1498.0, 1505.0, 1505.0, 1516.0, 1501.0, 1486.0, 1473.0, 1475.0, 1478.0, 1457.0, 1455.0, 1454.0, 1453.0, 1456.0, 1453.0, 1457.0, 1455.0, 1445.0, 1454.0, 1434.0, 1451.0, 1438.0, 1427.0, 1421.0, 1421.0, 1405.0, 1421.0, 1405.0, 1394.0, 1409.0, 1396.0, 1408.0, 1387.0, 1371.0, 1371.0, 1392.0, 1361.0, 1303.0, 1303.0, 1307.0, 1322.0, 1308.0, 1320.0, 1307.0, 1312.0, 1297.0, 1296.0, 1296.0, 1295.0, 1290.0, 1300.0, 1291.0, 1274.0, 1273.0, 1287.0, 1245.0, 1268.0, 1268.0, 1261.0, 1257.0, 1262.0, 1247.0, 1263.0, 1258.0, 1260.0, 1261.0, 1241.0, 1237.0, 1237.0, 1242.0, 1230.0, 1228.0, 1233.0, 1235.0, 1237.0, 1244.0, 1214.0, 1214.0, 1227.0, 1218.0, 1218.0, 1212.0, 1216.0, 1221.0, 1220.0, 1208.0, 1197.0, 1200.0, 1200.0, 1198.0, 1207.0, 1204.0, 1204.0, 1205.0, 1205.0, 1206.0, 1173.0, 1211.0, 1189.0, 1196.0, 1206.0, 1205.0, 1205.0, 1207.0, 1188.0, 1182.0, 1182.0, 1202.0, 1198.0, 1200.0, 1190.0, 1181.0, 1181.0, 1193.0, 1200.0, 1191.0, 1190.0, 1190.0, 1190.0, 1196.0, 1190.0, 1199.0, 1198.0, 1202.0, 1203.0, 1214.0, 1209.0, 1207.0, 1204.0, 1203.0, 1223.0, 1223.0, 1222.0, 1208.0, 1220.0, 1234.0, 1235.0, 1231.0, 1221.0, 1222.0, 1232.0, 1234.0, 1240.0, 1252.0, 1248.0, 1245.0, 1249.0, 1242.0, 1239.0, 1229.0, 1235.0, 1231.0, 1228.0, 1212.0, 1248.0, 1261.0, 1238.0, 1239.0, 1236.0, 1247.0, 1258.0, 1255.0, 1254.0, 1262.0, 1258.0, 1270.0, 1305.0, 1256.0, 1256.0, 1263.0, 1299.0, 1294.0, 1292.0, 1280.0, 1312.0, 1301.0, 1284.0, 1286.0, 1283.0, 1288.0, 1298.0, 1304.0, 1306.0, 1304.0, 1298.0, 1286.0, 1282.0, 1288.0, 1301.0, 1312.0, 1301.0, 1321.0, 1307.0, 1302.0, 1302.0, 1296.0, 1311.0, 1316.0, 1322.0, 1334.0, 1334.0, 1301.0, 1301.0, 1330.0, 1334.0, 1336.0, 1336.0, 1345.0, 1346.0, 1346.0, 1351.0, 1345.0, 1347.0, 1352.0, 1352.0, 1348.0, 1351.0, 1350.0, 1351.0, 1351.0, 1348.0, 1345.0, 1346.0, 1343.0, 1338.0, 1351.0, 1357.0, 1355.0, 1344.0, 1368.0, 1367.0, 1356.0, 1330.0, 1347.0, 1339.0, 1338.0, 1347.0, 1359.0, 1359.0, 1359.0]