header: 
  seq: 1191
  stamp: 
    secs: 1548820786
    nsecs: 918628888
  frame_id: "base_link"
angle_min: -2.35619449615
angle_max: 2.35619449615
angle_increment: 0.00436332309619
time_increment: 1.73611151695e-05
scan_time: 0.0250000003725
range_min: 0.019999999553
range_max: 30.0
ranges: [0.4309999942779541, 0.4339999854564667, 0.42899999022483826, 0.4399999976158142, 0.4429999887943268, 0.45899999141693115, 0.4560000002384186, 0.45899999141693115, 0.4580000042915344, 0.45500001311302185, 0.4490000009536743, 0.4480000138282776, 0.4490000009536743, 0.4449999928474426, 0.4449999928474426, 0.4090000092983246, 0.3709999918937683, 0.3310000002384186, 0.3449999988079071, 0.3240000009536743, 0.3619999885559082, 0.38600000739097595, 0.4189999997615814, 0.4339999854564667, 0.4390000104904175, 0.44200000166893005, 0.4350000023841858, 0.4339999854564667, 0.4359999895095825, 0.4269999861717224, 0.4269999861717224, 0.44600000977516174, 0.44200000166893005, 0.44200000166893005, 0.4300000071525574, 0.4309999942779541, 0.4320000112056732, 0.4320000112056732, 0.43700000643730164, 0.4339999854564667, 0.4410000145435333, 0.4350000023841858, 0.4350000023841858, 0.4339999854564667, 0.4339999854564667, 0.4309999942779541, 0.42800000309944153, 0.42100000381469727, 0.4309999942779541, 0.4320000112056732, 0.4320000112056732, 0.42899999022483826, 0.4300000071525574, 0.4309999942779541, 0.4320000112056732, 0.4259999990463257, 0.42500001192092896, 0.42500001192092896, 0.4259999990463257, 0.42399999499320984, 0.4269999861717224, 0.4259999990463257, 0.4259999990463257, 0.42399999499320984, 0.421999990940094, 0.42399999499320984, 0.42500001192092896, 0.41999998688697815, 0.41999998688697815, 0.42100000381469727, 0.42399999499320984, 0.42899999022483826, 0.42899999022483826, 0.4189999997615814, 0.4259999990463257, 0.42800000309944153, 0.42899999022483826, 0.42800000309944153, 0.4259999990463257, 0.42899999022483826, 0.4320000112056732, 0.42899999022483826, 0.42899999022483826, 0.42899999022483826, 0.42800000309944153, 0.421999990940094, 0.4230000078678131, 0.4230000078678131, 0.42100000381469727, 0.42100000381469727, 0.42500001192092896, 0.4259999990463257, 0.4259999990463257, 0.42399999499320984, 0.4269999861717224, 0.4230000078678131, 0.42399999499320984, 0.42399999499320984, 0.42399999499320984, 0.4169999957084656, 0.4169999957084656, 0.4169999957084656, 0.41999998688697815, 0.41999998688697815, 0.4189999997615814, 0.42100000381469727, 0.4230000078678131, 0.42100000381469727, 0.41999998688697815, 0.41999998688697815, 0.42100000381469727, 0.41999998688697815, 0.41999998688697815, 0.41999998688697815, 0.42100000381469727, 0.41499999165534973, 0.41999998688697815, 0.41999998688697815, 0.41999998688697815, 0.42100000381469727, 0.42100000381469727, 0.4230000078678131, 0.421999990940094, 0.421999990940094, 0.42100000381469727, 0.41999998688697815, 0.41999998688697815, 0.41999998688697815, 0.421999990940094, 0.4269999861717224, 0.4309999942779541, 0.42500001192092896, 0.42500001192092896, 0.43299999833106995, 0.43299999833106995, 0.42800000309944153, 0.4320000112056732, 0.43299999833106995, 0.4309999942779541, 0.42899999022483826, 0.4269999861717224, 0.4320000112056732, 0.4339999854564667, 0.4309999942779541, 0.43299999833106995, 0.4320000112056732, 0.4320000112056732, 0.4320000112056732, 0.4410000145435333, 0.4449999928474426, 0.4410000145435333, 0.42800000309944153, 0.4309999942779541, 0.4309999942779541, 0.4359999895095825, 0.43700000643730164, 0.4350000023841858, 0.4339999854564667, 0.4350000023841858, 0.4350000023841858, 0.43700000643730164, 0.43299999833106995, 0.4390000104904175, 0.4440000057220459, 0.4440000057220459, 0.4390000104904175, 0.4350000023841858, 0.43700000643730164, 0.43700000643730164, 0.4429999887943268, 0.43799999356269836, 0.4490000009536743, 0.4480000138282776, 0.4410000145435333, 0.4410000145435333, 0.4410000145435333, 0.4399999976158142, 0.4399999976158142, 0.4449999928474426, 0.4440000057220459, 0.4429999887943268, 0.44200000166893005, 0.4449999928474426, 0.44200000166893005, 0.44699999690055847, 0.44699999690055847, 0.44699999690055847, 0.44699999690055847, 0.4480000138282776, 0.45100000500679016, 0.45399999618530273, 0.45399999618530273, 0.44699999690055847, 0.4480000138282776, 0.4480000138282776, 0.44999998807907104, 0.44999998807907104, 0.4490000009536743, 0.4490000009536743, 0.45100000500679016, 0.45399999618530273, 0.453000009059906, 0.4490000009536743, 0.4480000138282776, 0.4519999921321869, 0.4569999873638153, 0.4580000042915344, 0.4519999921321869, 0.4519999921321869, 0.4569999873638153, 0.46000000834465027, 0.46000000834465027, 0.46000000834465027, 0.46000000834465027, 0.46000000834465027, 0.45899999141693115, 0.460999995470047, 0.46399998664855957, 0.46799999475479126, 0.46799999475479126, 0.46700000762939453, 0.46799999475479126, 0.4659999907016754, 0.46799999475479126, 0.46799999475479126, 0.4690000116825104, 0.4779999852180481, 0.47699999809265137, 0.47699999809265137, 0.4819999933242798, 0.4830000102519989, 0.47999998927116394, 0.47600001096725464, 0.4740000069141388, 0.4749999940395355, 0.47999998927116394, 0.4869999885559082, 0.48500001430511475, 0.4860000014305115, 0.4880000054836273, 0.49300000071525574, 0.4909999966621399, 0.49799999594688416, 0.4959999918937683, 0.4970000088214874, 0.49300000071525574, 0.49900001287460327, 0.5019999742507935, 0.5009999871253967, 0.5019999742507935, 0.5040000081062317, 0.5040000081062317, 0.5099999904632568, 0.515999972820282, 0.515999972820282, 0.5109999775886536, 0.5109999775886536, 0.5120000243186951, 0.5170000195503235, 0.5239999890327454, 0.5230000019073486, 0.527999997138977, 0.5299999713897705, 0.5320000052452087, 0.5350000262260437, 0.5379999876022339, 0.5360000133514404, 0.5360000133514404, 0.5400000214576721, 0.5389999747276306, 0.5410000085830688, 0.5410000085830688, 0.5490000247955322, 0.546999990940094, 0.5580000281333923, 0.5540000200271606, 0.5590000152587891, 0.5569999814033508, 0.5569999814033508, 0.5640000104904175, 0.5640000104904175, 0.5659999847412109, 0.5709999799728394, 0.5740000009536743, 0.5740000009536743, 0.5759999752044678, 0.5839999914169312, 0.5870000123977661, 0.5860000252723694, 0.5910000205039978, 0.593999981880188, 0.593999981880188, 0.5960000157356262, 0.6039999723434448, 0.6010000109672546, 0.6029999852180481, 0.6159999966621399, 0.6169999837875366, 0.6159999966621399, 0.6190000176429749, 0.6209999918937683, 0.621999979019165, 0.6209999918937683, 0.6240000128746033, 0.6299999952316284, 0.6320000290870667, 0.6370000243186951, 0.6389999985694885, 0.6439999938011169, 0.6489999890327454, 0.652999997138977, 0.656000018119812, 0.6570000052452087, 0.6629999876022339, 0.6629999876022339, 0.6679999828338623, 0.6690000295639038, 0.6769999861717224, 0.6769999861717224, 0.6819999814033508, 0.6890000104904175, 0.6980000138282776, 0.6970000267028809, 0.6990000009536743, 0.7080000042915344, 0.7139999866485596, 0.718999981880188, 0.7210000157356262, 0.7250000238418579, 0.7279999852180481, 0.7260000109672546, 0.7379999756813049, 0.7390000224113464, 0.7429999709129333, 0.7559999823570251, 0.7580000162124634, 0.7580000162124634, 0.7630000114440918, 0.7649999856948853, 0.7789999842643738, 0.7900000214576721, 0.7929999828338623, 0.7919999957084656, 0.7950000166893005, 0.8059999942779541, 0.8130000233650208, 0.8190000057220459, 0.8309999704360962, 0.8299999833106995, 0.8299999833106995, 0.847000002861023, 0.8500000238418579, 0.8500000238418579, 0.8629999756813049, 0.8740000128746033, 0.8840000033378601, 0.8870000243186951, 0.8970000147819519, 0.9010000228881836, 0.9129999876022339, 0.9160000085830688, 0.9259999990463257, 0.9440000057220459, 1.0019999742507935, 1.0920000076293945, 1.2309999465942383, 2.0810000896453857, 2.0869998931884766, 2.0840001106262207, 2.0789999961853027, 2.0759999752044678, 2.0769999027252197, 2.072000026702881, 2.061000108718872, 2.061000108718872, 2.059999942779541, 2.0510001182556152, 2.0429999828338623, 2.0409998893737793, 2.0399999618530273, 2.0409998893737793, 2.0350000858306885, 2.0280001163482666, 2.0199999809265137, 2.0199999809265137, 2.0190000534057617, 2.0179998874664307, 2.0139999389648438, 2.005000114440918, 2.003000020980835, 2.003000020980835, 1.9989999532699585, 1.996999979019165, 1.9910000562667847, 1.9880000352859497, 1.9889999628067017, 1.9819999933242798, 1.9819999933242798, 1.9850000143051147, 1.9850000143051147, 1.9800000190734863, 1.9739999771118164, 1.9700000286102295, 1.965999960899353, 1.9639999866485596, 1.9570000171661377, 1.9579999446868896, 1.9589999914169312, 1.9570000171661377, 1.9529999494552612, 1.9520000219345093, 1.9520000219345093, 1.9479999542236328, 1.9459999799728394, 1.944000005722046, 1.9479999542236328, 1.9450000524520874, 1.940000057220459, 1.9390000104904175, 1.934999942779541, 1.937000036239624, 1.934999942779541, 1.9299999475479126, 1.9299999475479126, 1.9199999570846558, 1.9170000553131104, 1.9160000085830688, 1.9170000553131104, 1.9119999408721924, 1.909999966621399, 1.9049999713897705, 1.902999997138977, 1.9019999504089355, 1.8990000486373901, 1.8890000581741333, 1.8860000371932983, 1.8869999647140503, 1.8869999647140503, 1.8849999904632568, 1.8819999694824219, 1.88100004196167, 1.871999979019165, 1.8730000257492065, 1.8680000305175781, 1.8589999675750732, 1.8589999675750732, 1.8600000143051147, 1.8609999418258667, 1.8480000495910645, 1.8489999771118164, 1.847000002861023, 1.8450000286102295, 1.8389999866485596, 1.8380000591278076, 1.8320000171661377, 1.8300000429153442, 1.8240000009536743, 1.815999984741211, 1.812000036239624, 1.809000015258789, 1.812000036239624, 1.8009999990463257, 1.7949999570846558, 1.7929999828338623, 1.784000039100647, 1.7790000438690186, 1.774999976158142, 1.7740000486373901, 1.7680000066757202, 1.7630000114440918, 1.7580000162124634, 1.746000051498413, 1.7400000095367432, 1.7309999465942383, 1.7300000190734863, 1.7309999465942383, 1.725000023841858, 1.7200000286102295, 1.7120000123977661, 1.715000033378601, 1.7100000381469727, 1.7050000429153442, 1.6970000267028809, 1.687000036239624, 1.6890000104904175, 1.6799999475479126, 1.6759999990463257, 1.6660000085830688, 1.6640000343322754, 1.659000039100647, 1.6519999504089355, 1.6469999551773071, 1.6349999904632568, 1.6319999694824219, 1.628999948501587, 1.621999979019165, 1.621999979019165, 1.6160000562667847, 1.6039999723434448, 1.5989999771118164, 1.5959999561309814, 1.5920000076293945, 1.5709999799728394, 1.565000057220459, 1.562999963760376, 1.562999963760376, 1.5520000457763672, 1.5529999732971191, 1.5369999408721924, 1.5290000438690186, 1.524999976158142, 1.5180000066757202, 1.5140000581741333, 1.5110000371932983, 1.5080000162124634, 1.5010000467300415, 1.4910000562667847, 1.4869999885559082, 1.4819999933242798, 1.468999981880188, 1.465000033378601, 1.4620000123977661, 1.4500000476837158, 1.4450000524520874, 1.4359999895095825, 1.430999994277954, 1.4220000505447388, 1.4179999828338623, 1.4110000133514404, 1.406000018119812, 1.4019999504089355, 1.3910000324249268, 1.3799999952316284, 1.3700000047683716, 1.3619999885559082, 1.3559999465942383, 1.3519999980926514, 1.3459999561309814, 1.3370000123977661, 1.3270000219345093, 1.3259999752044678, 1.312000036239624, 1.305999994277954, 1.2970000505447388, 1.2869999408721924, 1.281000018119812, 1.2760000228881836, 1.2610000371932983, 1.25600004196167, 1.2519999742507935, 1.2389999628067017, 1.2239999771118164, 1.215000033378601, 1.2059999704360962, 1.1950000524520874, 1.184999942779541, 1.1779999732971191, 1.1679999828338623, 1.1610000133514404, 1.1430000066757202, 1.1349999904632568, 1.128000020980835, 1.1180000305175781, 1.1100000143051147, 1.097000002861023, 1.0770000219345093, 1.0679999589920044, 1.065999984741211, 1.0549999475479126, 1.055999994277954, 1.0299999713897705, 1.0160000324249268, 1.0149999856948853, 1.0140000581741333, 0.9959999918937683, 0.9779999852180481, 0.9769999980926514, 0.9679999947547913, 0.9660000205039978, 0.9589999914169312, 0.9480000138282776, 0.9430000185966492, 0.9290000200271606, 0.9290000200271606, 0.9229999780654907, 0.9120000004768372, 0.9100000262260437, 0.8999999761581421, 0.9010000228881836, 0.8880000114440918, 0.8880000114440918, 0.8859999775886536, 0.8709999918937683, 0.8659999966621399, 0.8579999804496765, 0.8539999723434448, 0.8519999980926514, 0.847000002861023, 0.843999981880188, 0.8399999737739563, 0.8379999995231628, 0.8360000252723694, 0.8309999704360962, 0.828000009059906, 0.8180000185966492, 0.8080000281333923, 0.8080000281333923, 0.8069999814033508, 0.7979999780654907, 0.796999990940094, 0.7929999828338623, 0.7879999876022339, 0.7829999923706055, 0.777999997138977, 0.7720000147819519, 0.7649999856948853, 0.7599999904632568, 0.7599999904632568, 0.7559999823570251, 0.7480000257492065, 0.7409999966621399, 0.7379999756813049, 0.7390000224113464, 0.7319999933242798, 0.7300000190734863, 0.7289999723434448, 0.722000002861023, 0.7200000286102295, 0.7200000286102295, 0.7129999995231628, 0.7099999785423279, 0.703000009059906, 0.703000009059906, 0.7020000219345093, 0.6940000057220459, 0.6930000185966492, 0.6830000281333923, 0.6880000233650208, 0.6819999814033508, 0.6809999942779541, 0.6790000200271606, 0.671999990940094, 0.6660000085830688, 0.6650000214576721, 0.6639999747276306, 0.6610000133514404, 0.6600000262260437, 0.6600000262260437, 0.652999997138977, 0.6499999761581421, 0.6499999761581421, 0.6449999809265137, 0.640999972820282, 0.6389999985694885, 0.6370000243186951, 0.6320000290870667, 0.628000020980835, 0.6269999742507935, 0.628000020980835, 0.621999979019165, 0.6190000176429749, 0.6190000176429749, 0.6159999966621399, 0.6140000224113464, 0.6140000224113464, 0.609000027179718, 0.6039999723434448, 0.6039999723434448, 0.6039999723434448, 0.5979999899864197, 0.6039999723434448, 0.6039999723434448, 0.6010000109672546, 0.5950000286102295, 0.5920000076293945, 0.5920000076293945, 0.5879999995231628, 0.5879999995231628, 0.5870000123977661, 0.5870000123977661, 0.5830000042915344, 0.5789999961853027, 0.578000009059906, 0.578000009059906, 0.578000009059906, 0.5789999961853027, 0.5789999961853027, 0.5740000009536743, 0.5659999847412109, 0.5609999895095825, 0.5609999895095825, 0.5659999847412109, 0.5659999847412109, 0.5609999895095825, 0.5590000152587891, 0.5590000152587891, 0.5609999895095825, 0.5529999732971191, 0.5540000200271606, 0.5509999990463257, 0.5460000038146973, 0.5440000295639038, 0.5450000166893005, 0.5450000166893005, 0.5460000038146973, 0.5460000038146973, 0.5450000166893005, 0.5400000214576721, 0.5400000214576721, 0.5389999747276306, 0.5350000262260437, 0.5370000004768372, 0.5370000004768372, 0.5360000133514404, 0.5320000052452087, 0.5320000052452087, 0.5299999713897705, 0.5320000052452087, 0.527999997138977, 0.527999997138977, 0.5189999938011169, 0.5230000019073486, 0.5260000228881836, 0.527999997138977, 0.5220000147819519, 0.5189999938011169, 0.5189999938011169, 0.5180000066757202, 0.5130000114440918, 0.5130000114440918, 0.5099999904632568, 0.5090000033378601, 0.5139999985694885, 0.515999972820282, 0.5099999904632568, 0.5070000290870667, 0.5070000290870667, 0.5059999823570251, 0.503000020980835, 0.49900001287460327, 0.49900001287460327, 0.5009999871253967, 0.5019999742507935, 0.5019999742507935, 0.5099999904632568, 0.5059999823570251, 0.5019999742507935, 0.5, 0.4970000088214874, 0.4970000088214874, 0.49900001287460327, 0.49900001287460327, 0.5, 0.5019999742507935, 0.5070000290870667, 0.5049999952316284, 0.5040000081062317, 0.5009999871253967, 0.5040000081062317, 0.5009999871253967, 0.5, 0.4970000088214874, 0.49399998784065247, 0.49300000071525574, 0.4950000047683716, 0.49799999594688416, 0.4970000088214874, 0.49300000071525574, 0.4860000014305115, 0.48399999737739563, 0.4830000102519989, 0.48399999737739563, 0.4830000102519989, 0.48500001430511475, 0.4869999885559082, 0.4860000014305115, 0.4860000014305115, 0.49000000953674316, 0.49399998784065247, 0.492000013589859, 0.48899999260902405, 0.48500001430511475, 0.48500001430511475, 0.48399999737739563, 0.48399999737739563, 0.48399999737739563, 0.4869999885559082, 0.48899999260902405, 0.48500001430511475, 0.48100000619888306, 0.48100000619888306, 0.48100000619888306, 0.48100000619888306, 0.47699999809265137, 0.47600001096725464, 0.4740000069141388, 0.4779999852180481, 0.4790000021457672, 0.48100000619888306, 0.4819999933242798, 0.47999998927116394, 0.48399999737739563, 0.48100000619888306, 0.48100000619888306, 0.47999998927116394, 0.47999998927116394, 0.4819999933242798, 0.47999998927116394, 0.4790000021457672, 0.4779999852180481, 0.4779999852180481, 0.4790000021457672, 0.4790000021457672, 0.4790000021457672, 0.4790000021457672, 0.47699999809265137, 0.4790000021457672, 0.47200000286102295, 0.47099998593330383, 0.47200000286102295, 0.47200000286102295, 0.47999998927116394, 0.47099998593330383, 0.4699999988079071, 0.4690000116825104, 0.47699999809265137, 0.48100000619888306, 0.47999998927116394, 0.4819999933242798, 0.4819999933242798, 0.4790000021457672, 0.4790000021457672, 0.47600001096725464, 0.4779999852180481, 0.4779999852180481, 0.47999998927116394, 0.47999998927116394, 0.47999998927116394, 0.47699999809265137, 0.47699999809265137, 0.47699999809265137, 0.47699999809265137, 0.47699999809265137, 0.4779999852180481, 0.4790000021457672, 0.47999998927116394, 0.4779999852180481, 0.47999998927116394, 0.47999998927116394, 0.47999998927116394, 0.4860000014305115, 0.4860000014305115, 0.4790000021457672, 0.48100000619888306, 0.4869999885559082, 0.4869999885559082, 0.47999998927116394, 0.4830000102519989, 0.48899999260902405, 0.49000000953674316, 0.48500001430511475, 0.49000000953674316, 0.48899999260902405, 0.4869999885559082, 0.48500001430511475, 0.48500001430511475, 0.4909999966621399, 0.49000000953674316, 0.492000013589859, 0.4869999885559082, 0.4869999885559082, 0.4869999885559082, 0.4909999966621399, 0.48899999260902405, 0.49000000953674316, 0.49300000071525574, 0.49399998784065247, 0.4950000047683716, 0.49300000071525574, 0.49300000071525574, 0.4959999918937683, 0.49399998784065247, 0.49300000071525574, 0.49399998784065247, 0.4950000047683716, 0.4950000047683716, 0.49300000071525574, 0.49300000071525574, 0.4950000047683716, 0.4950000047683716, 0.4959999918937683, 0.5, 0.5, 0.4970000088214874, 0.4970000088214874, 0.4970000088214874, 0.49799999594688416, 0.4959999918937683, 0.5, 0.5009999871253967, 0.49799999594688416, 0.49799999594688416, 0.5, 0.5009999871253967, 0.5009999871253967, 0.5040000081062317, 0.5040000081062317, 0.5059999823570251, 0.5080000162124634, 0.5120000243186951, 0.5099999904632568, 0.5109999775886536, 0.5109999775886536, 0.5120000243186951, 0.5099999904632568, 0.5130000114440918, 0.5109999775886536, 0.5099999904632568, 0.515999972820282, 0.5090000033378601, 0.5109999775886536, 0.5220000147819519, 0.5230000019073486, 0.5210000276565552, 0.5220000147819519, 0.5220000147819519, 0.5189999938011169, 0.515999972820282, 0.5139999985694885, 0.5210000276565552, 0.5210000276565552, 0.5170000195503235, 0.5189999938011169, 0.5210000276565552, 0.5239999890327454, 0.5260000228881836, 0.5339999794960022, 0.5360000133514404, 0.5299999713897705, 0.5329999923706055, 0.5360000133514404, 0.5360000133514404, 0.5360000133514404, 0.5370000004768372, 0.5389999747276306, 0.5450000166893005, 0.5440000295639038, 0.5429999828338623, 0.5440000295639038, 0.5400000214576721, 0.5440000295639038, 0.5450000166893005, 0.550000011920929, 0.5529999732971191, 0.5540000200271606, 0.5630000233650208, 0.5590000152587891, 0.5559999942779541, 0.5590000152587891, 0.5630000233650208, 0.5609999895095825, 0.5640000104904175, 0.5680000185966492, 0.5680000185966492, 0.5699999928474426, 0.5699999928474426, 0.5770000219345093, 0.5759999752044678, 0.5820000171661377, 0.5820000171661377, 0.5830000042915344, 0.5809999704360962, 0.5809999704360962, 0.5860000252723694, 0.5920000076293945, 0.5929999947547913, 0.5910000205039978, 0.5889999866485596, 0.5910000205039978, 0.6010000109672546, 0.593999981880188, 0.5960000157356262, 0.5989999771118164, 0.6029999852180481, 0.6069999933242798, 0.6110000014305115, 0.6169999837875366, 0.6159999966621399, 0.6129999756813049, 0.6179999709129333, 0.6209999918937683, 0.6290000081062317, 0.6330000162124634, 0.6370000243186951, 0.6359999775886536, 0.6320000290870667, 0.628000020980835, 0.6340000033378601, 0.6399999856948853, 0.6359999775886536, 0.6359999775886536, 0.6389999985694885, 0.6449999809265137, 0.6489999890327454, 0.6520000100135803, 0.6570000052452087, 0.6600000262260437, 0.6629999876022339, 0.6690000295639038, 0.6710000038146973, 0.671999990940094, 0.6660000085830688, 0.6679999828338623, 0.6669999957084656, 0.6700000166893005, 0.6740000247955322, 0.6740000247955322, 0.675000011920929, 0.6850000023841858, 0.6880000233650208, 0.6909999847412109, 0.6899999976158142, 0.6959999799728394, 0.699999988079071, 0.7070000171661377, 0.7099999785423279, 0.703000009059906, 0.7020000219345093, 0.7059999704360962, 0.7099999785423279, 0.7110000252723694, 0.7170000076293945, 0.7210000157356262, 0.7210000157356262, 0.7250000238418579, 0.7360000014305115, 0.7419999837875366, 0.7480000257492065, 0.7480000257492065, 0.7509999871253967, 0.7509999871253967, 0.765999972820282, 0.7739999890327454, 0.7799999713897705, 0.7739999890327454, 0.7749999761581421, 0.7870000004768372, 0.7940000295639038, 0.7950000166893005, 0.7889999747276306, 0.7889999747276306, 0.7900000214576721, 0.800000011920929, 0.8109999895095825, 0.8119999766349792, 0.8019999861717224, 0.8059999942779541, 0.8180000185966492, 0.8180000185966492, 0.8220000267028809, 0.8220000267028809, 0.8240000009536743, 0.8320000171661377, 0.8450000286102295, 0.8529999852180481, 0.8640000224113464, 0.8669999837875366, 0.8669999837875366, 0.8790000081062317, 0.8849999904632568, 0.8999999761581421, 0.8960000276565552, 0.8960000276565552, 0.8980000019073486, 0.9049999713897705, 0.9089999794960022, 0.9129999876022339, 0.925000011920929, 0.9330000281333923, 0.9290000200271606, 0.9330000281333923]
intensities: [1125.0, 1172.0, 1151.0, 1253.0, 1279.0, 1495.0, 1541.0, 1570.0, 1583.0, 1615.0, 1632.0, 1631.0, 1645.0, 1630.0, 1458.0, 1247.0, 1067.0, 937.0, 971.0, 905.0, 960.0, 1008.0, 1079.0, 1101.0, 1088.0, 1080.0, 1067.0, 1096.0, 1125.0, 1148.0, 1226.0, 1426.0, 1496.0, 1642.0, 1669.0, 1691.0, 1741.0, 1741.0, 1758.0, 1760.0, 1778.0, 1757.0, 1757.0, 1778.0, 1778.0, 1770.0, 1773.0, 1797.0, 1778.0, 1775.0, 1775.0, 1779.0, 1763.0, 1763.0, 1764.0, 1752.0, 1758.0, 1758.0, 1764.0, 1762.0, 1747.0, 1742.0, 1743.0, 1740.0, 1737.0, 1727.0, 1720.0, 1737.0, 1729.0, 1726.0, 1705.0, 1748.0, 1748.0, 1720.0, 1708.0, 1715.0, 1721.0, 1721.0, 1708.0, 1701.0, 1687.0, 1674.0, 1674.0, 1693.0, 1695.0, 1661.0, 1665.0, 1675.0, 1634.0, 1634.0, 1646.0, 1665.0, 1665.0, 1648.0, 1642.0, 1638.0, 1624.0, 1624.0, 1616.0, 1615.0, 1629.0, 1629.0, 1593.0, 1596.0, 1603.0, 1610.0, 1600.0, 1591.0, 1594.0, 1594.0, 1583.0, 1583.0, 1583.0, 1563.0, 1559.0, 1549.0, 1561.0, 1570.0, 1570.0, 1529.0, 1529.0, 1524.0, 1532.0, 1530.0, 1514.0, 1512.0, 1512.0, 1512.0, 1513.0, 1508.0, 1488.0, 1501.0, 1501.0, 1501.0, 1501.0, 1478.0, 1484.0, 1467.0, 1444.0, 1453.0, 1450.0, 1459.0, 1448.0, 1455.0, 1444.0, 1403.0, 1403.0, 1402.0, 1408.0, 1395.0, 1384.0, 1380.0, 1384.0, 1384.0, 1365.0, 1363.0, 1355.0, 1355.0, 1364.0, 1352.0, 1333.0, 1330.0, 1321.0, 1326.0, 1326.0, 1318.0, 1309.0, 1309.0, 1309.0, 1310.0, 1305.0, 1313.0, 1304.0, 1284.0, 1282.0, 1270.0, 1262.0, 1262.0, 1248.0, 1243.0, 1239.0, 1241.0, 1235.0, 1234.0, 1230.0, 1230.0, 1230.0, 1236.0, 1230.0, 1222.0, 1221.0, 1221.0, 1217.0, 1206.0, 1202.0, 1212.0, 1212.0, 1216.0, 1210.0, 1201.0, 1213.0, 1213.0, 1191.0, 1203.0, 1201.0, 1220.0, 1207.0, 1188.0, 1191.0, 1193.0, 1187.0, 1187.0, 1181.0, 1181.0, 1185.0, 1184.0, 1169.0, 1166.0, 1167.0, 1167.0, 1160.0, 1151.0, 1147.0, 1140.0, 1140.0, 1141.0, 1160.0, 1149.0, 1144.0, 1144.0, 1148.0, 1149.0, 1140.0, 1133.0, 1137.0, 1146.0, 1150.0, 1135.0, 1139.0, 1136.0, 1136.0, 1131.0, 1131.0, 1126.0, 1132.0, 1136.0, 1135.0, 1134.0, 1130.0, 1139.0, 1154.0, 1154.0, 1132.0, 1137.0, 1137.0, 1134.0, 1139.0, 1148.0, 1155.0, 1163.0, 1144.0, 1138.0, 1122.0, 1117.0, 1135.0, 1143.0, 1126.0, 1122.0, 1134.0, 1140.0, 1151.0, 1133.0, 1174.0, 1149.0, 1135.0, 1112.0, 1131.0, 1130.0, 1130.0, 1123.0, 1123.0, 1134.0, 1142.0, 1144.0, 1144.0, 1144.0, 1157.0, 1166.0, 1154.0, 1137.0, 1142.0, 1142.0, 1136.0, 1134.0, 1120.0, 1122.0, 1156.0, 1153.0, 1147.0, 1127.0, 1132.0, 1124.0, 1119.0, 1127.0, 1141.0, 1124.0, 1136.0, 1131.0, 1134.0, 1139.0, 1135.0, 1124.0, 1132.0, 1131.0, 1131.0, 1137.0, 1131.0, 1131.0, 1126.0, 1124.0, 1118.0, 1146.0, 1137.0, 1127.0, 1132.0, 1132.0, 1106.0, 1113.0, 1128.0, 1144.0, 1108.0, 1121.0, 1114.0, 1105.0, 1137.0, 1115.0, 1118.0, 1141.0, 1110.0, 1122.0, 1117.0, 1113.0, 1093.0, 1101.0, 1094.0, 1087.0, 1088.0, 1102.0, 1095.0, 1095.0, 1100.0, 1101.0, 1093.0, 1113.0, 1109.0, 1104.0, 1093.0, 1104.0, 1091.0, 1107.0, 1100.0, 1114.0, 1100.0, 1327.0, 1453.0, 1412.0, 1026.0, 1024.0, 1028.0, 1038.0, 1037.0, 1034.0, 1035.0, 1043.0, 1045.0, 1040.0, 1041.0, 1053.0, 1051.0, 1049.0, 1049.0, 1052.0, 1053.0, 1054.0, 1054.0, 1062.0, 1064.0, 1060.0, 1068.0, 1073.0, 1073.0, 1067.0, 1079.0, 1071.0, 1073.0, 1086.0, 1076.0, 1076.0, 1077.0, 1077.0, 1081.0, 1080.0, 1078.0, 1081.0, 1080.0, 1086.0, 1084.0, 1080.0, 1076.0, 1073.0, 1067.0, 1067.0, 1068.0, 1063.0, 1060.0, 1064.0, 1081.0, 1073.0, 1075.0, 1069.0, 1080.0, 1080.0, 1070.0, 1088.0, 1102.0, 1084.0, 1079.0, 1086.0, 1099.0, 1087.0, 1108.0, 1108.0, 1107.0, 1110.0, 1115.0, 1117.0, 1118.0, 1119.0, 1113.0, 1120.0, 1117.0, 1115.0, 1123.0, 1120.0, 1120.0, 1120.0, 1123.0, 1132.0, 1120.0, 1128.0, 1120.0, 1119.0, 1130.0, 1141.0, 1109.0, 1129.0, 1125.0, 1124.0, 1112.0, 1101.0, 1111.0, 1106.0, 1125.0, 1118.0, 1103.0, 1124.0, 1100.0, 1109.0, 1114.0, 1125.0, 1112.0, 1108.0, 1102.0, 1107.0, 1101.0, 1108.0, 1099.0, 1109.0, 1107.0, 1108.0, 1114.0, 1108.0, 1098.0, 1099.0, 1111.0, 1111.0, 1112.0, 1108.0, 1113.0, 1115.0, 1119.0, 1109.0, 1081.0, 1118.0, 1118.0, 1101.0, 1103.0, 1102.0, 1089.0, 1105.0, 1115.0, 1101.0, 1110.0, 1090.0, 1084.0, 1093.0, 1084.0, 1094.0, 1095.0, 1102.0, 1103.0, 1095.0, 1091.0, 1105.0, 1107.0, 1105.0, 1091.0, 1083.0, 1097.0, 1095.0, 1099.0, 1132.0, 1096.0, 1083.0, 1103.0, 1104.0, 1104.0, 1095.0, 1087.0, 1104.0, 1102.0, 1092.0, 1092.0, 1088.0, 1087.0, 1090.0, 1092.0, 1100.0, 1099.0, 1102.0, 1103.0, 1106.0, 1110.0, 1089.0, 1107.0, 1107.0, 1103.0, 1099.0, 1110.0, 1110.0, 1118.0, 1100.0, 1113.0, 1112.0, 1126.0, 1115.0, 1129.0, 1131.0, 1132.0, 1115.0, 1128.0, 1123.0, 1128.0, 1127.0, 1125.0, 1157.0, 1133.0, 1133.0, 1131.0, 1150.0, 1137.0, 1123.0, 1145.0, 1144.0, 1149.0, 1129.0, 1157.0, 1146.0, 1149.0, 1164.0, 1160.0, 1188.0, 1184.0, 1201.0, 1203.0, 1189.0, 1208.0, 1210.0, 1234.0, 1231.0, 1231.0, 1240.0, 1243.0, 1260.0, 1252.0, 1275.0, 1272.0, 1280.0, 1290.0, 1292.0, 1301.0, 1303.0, 1302.0, 1317.0, 1321.0, 1334.0, 1337.0, 1337.0, 1345.0, 1346.0, 1357.0, 1369.0, 1367.0, 1370.0, 1382.0, 1386.0, 1398.0, 1401.0, 1418.0, 1409.0, 1396.0, 1397.0, 1411.0, 1413.0, 1429.0, 1427.0, 1435.0, 1450.0, 1450.0, 1457.0, 1462.0, 1494.0, 1497.0, 1481.0, 1504.0, 1508.0, 1509.0, 1499.0, 1480.0, 1513.0, 1501.0, 1524.0, 1526.0, 1539.0, 1530.0, 1537.0, 1552.0, 1548.0, 1545.0, 1535.0, 1548.0, 1543.0, 1549.0, 1596.0, 1585.0, 1575.0, 1586.0, 1603.0, 1610.0, 1589.0, 1584.0, 1586.0, 1592.0, 1596.0, 1596.0, 1612.0, 1627.0, 1627.0, 1619.0, 1627.0, 1632.0, 1625.0, 1646.0, 1651.0, 1659.0, 1659.0, 1693.0, 1693.0, 1692.0, 1692.0, 1695.0, 1691.0, 1695.0, 1699.0, 1697.0, 1703.0, 1703.0, 1686.0, 1703.0, 1705.0, 1705.0, 1706.0, 1703.0, 1703.0, 1714.0, 1714.0, 1712.0, 1716.0, 1728.0, 1734.0, 1737.0, 1727.0, 1737.0, 1737.0, 1725.0, 1725.0, 1732.0, 1725.0, 1725.0, 1715.0, 1722.0, 1716.0, 1721.0, 1730.0, 1722.0, 1747.0, 1739.0, 1731.0, 1739.0, 1739.0, 1734.0, 1746.0, 1734.0, 1727.0, 1752.0, 1743.0, 1752.0, 1742.0, 1728.0, 1726.0, 1748.0, 1740.0, 1746.0, 1748.0, 1745.0, 1753.0, 1763.0, 1740.0, 1759.0, 1748.0, 1752.0, 1739.0, 1734.0, 1734.0, 1746.0, 1746.0, 1737.0, 1744.0, 1740.0, 1741.0, 1752.0, 1752.0, 1741.0, 1731.0, 1732.0, 1729.0, 1731.0, 1737.0, 1732.0, 1753.0, 1745.0, 1736.0, 1735.0, 1722.0, 1735.0, 1732.0, 1734.0, 1730.0, 1734.0, 1738.0, 1724.0, 1730.0, 1722.0, 1727.0, 1727.0, 1709.0, 1709.0, 1688.0, 1693.0, 1694.0, 1690.0, 1681.0, 1703.0, 1694.0, 1707.0, 1707.0, 1692.0, 1677.0, 1690.0, 1683.0, 1666.0, 1664.0, 1678.0, 1679.0, 1647.0, 1684.0, 1679.0, 1679.0, 1666.0, 1671.0, 1648.0, 1666.0, 1666.0, 1680.0, 1658.0, 1662.0, 1644.0, 1654.0, 1627.0, 1632.0, 1628.0, 1619.0, 1619.0, 1617.0, 1621.0, 1622.0, 1632.0, 1627.0, 1637.0, 1653.0, 1645.0, 1653.0, 1632.0, 1633.0, 1635.0, 1673.0, 1665.0, 1644.0, 1622.0, 1627.0, 1597.0, 1605.0, 1586.0, 1603.0, 1547.0, 1550.0, 1550.0, 1545.0, 1536.0, 1540.0, 1532.0, 1535.0, 1529.0, 1517.0, 1493.0, 1506.0, 1511.0, 1499.0, 1493.0, 1493.0, 1483.0, 1478.0, 1488.0, 1487.0, 1477.0, 1477.0, 1480.0, 1481.0, 1466.0, 1454.0, 1460.0, 1449.0, 1425.0, 1422.0, 1437.0, 1437.0, 1408.0, 1385.0, 1420.0, 1410.0, 1410.0, 1398.0, 1396.0, 1420.0, 1408.0, 1396.0, 1371.0, 1367.0, 1361.0, 1360.0, 1363.0, 1350.0, 1341.0, 1344.0, 1356.0, 1356.0, 1350.0, 1350.0, 1324.0, 1339.0, 1307.0, 1309.0, 1309.0, 1293.0, 1289.0, 1295.0, 1301.0, 1283.0, 1277.0, 1287.0, 1262.0, 1262.0, 1257.0, 1261.0, 1257.0, 1263.0, 1260.0, 1256.0, 1269.0, 1282.0, 1262.0, 1263.0, 1268.0, 1253.0, 1246.0, 1241.0, 1241.0, 1240.0, 1228.0, 1209.0, 1204.0, 1239.0, 1235.0, 1222.0, 1209.0, 1206.0, 1202.0, 1205.0, 1209.0, 1204.0, 1196.0, 1196.0, 1195.0, 1193.0, 1193.0, 1192.0, 1191.0, 1191.0, 1186.0, 1181.0, 1187.0, 1187.0, 1186.0, 1182.0, 1183.0, 1185.0, 1174.0, 1175.0, 1183.0, 1172.0, 1173.0, 1182.0, 1181.0, 1158.0, 1169.0, 1179.0, 1170.0, 1161.0, 1164.0, 1162.0, 1141.0, 1147.0, 1155.0, 1147.0, 1160.0, 1160.0, 1167.0, 1170.0, 1170.0, 1155.0, 1141.0, 1163.0, 1164.0, 1168.0, 1148.0, 1155.0, 1163.0, 1160.0, 1161.0, 1163.0, 1163.0, 1170.0, 1168.0, 1175.0, 1167.0, 1156.0, 1156.0, 1153.0, 1154.0, 1149.0, 1148.0, 1158.0, 1147.0, 1146.0, 1168.0, 1168.0, 1175.0, 1181.0, 1179.0, 1150.0, 1140.0, 1139.0, 1151.0, 1144.0, 1145.0, 1146.0, 1142.0, 1147.0, 1151.0, 1155.0, 1167.0, 1161.0, 1174.0, 1165.0, 1170.0, 1175.0, 1175.0, 1182.0, 1177.0, 1175.0, 1171.0, 1172.0, 1183.0, 1187.0, 1176.0, 1187.0, 1165.0, 1146.0, 1157.0, 1149.0, 1137.0, 1153.0, 1163.0, 1163.0, 1184.0, 1207.0, 1217.0, 1228.0, 1187.0, 1170.0, 1170.0, 1177.0, 1188.0, 1213.0, 1201.0, 1199.0, 1200.0, 1203.0, 1207.0, 1188.0, 1188.0, 1170.0, 1161.0, 1163.0, 1166.0, 1167.0, 1172.0, 1167.0, 1160.0, 1173.0, 1173.0, 1180.0, 1181.0, 1173.0, 1170.0, 1176.0, 1175.0, 1175.0, 1192.0, 1167.0, 1179.0, 1170.0, 1170.0, 1173.0, 1179.0, 1182.0, 1196.0, 1195.0, 1188.0, 1206.0, 1213.0]