header: 
  seq: 1977
  stamp: 
    secs: 1548820806
    nsecs: 613204507
  frame_id: "base_link"
angle_min: -2.35619449615
angle_max: 2.35619449615
angle_increment: 0.00436332309619
time_increment: 1.73611151695e-05
scan_time: 0.0250000003725
range_min: 0.019999999553
range_max: 30.0
ranges: [0.34599998593330383, 0.35100001096725464, 0.3569999933242798, 0.3619999885559082, 0.36399999260902405, 0.3700000047683716, 0.36800000071525574, 0.3700000047683716, 0.3700000047683716, 0.3700000047683716, 0.3630000054836273, 0.3630000054836273, 0.3619999885559082, 0.3619999885559082, 0.3580000102519989, 0.3409999907016754, 0.32199999690055847, 0.32199999690055847, 0.30799999833106995, 0.25200000405311584, 0.28700000047683716, 0.3330000042915344, 0.33899998664855957, 0.3330000042915344, 0.3319999873638153, 0.3409999907016754, 0.33500000834465027, 0.33899998664855957, 0.3330000042915344, 0.3319999873638153, 0.3449999988079071, 0.335999995470047, 0.3490000069141388, 0.33899998664855957, 0.3319999873638153, 0.3319999873638153, 0.33399999141693115, 0.33000001311302185, 0.32899999618530273, 0.32899999618530273, 0.3310000002384186, 0.32899999618530273, 0.32899999618530273, 0.328000009059906, 0.3310000002384186, 0.3269999921321869, 0.328000009059906, 0.32600000500679016, 0.3269999921321869, 0.32600000500679016, 0.32499998807907104, 0.31700000166893005, 0.31700000166893005, 0.3179999887943268, 0.32100000977516174, 0.32100000977516174, 0.31700000166893005, 0.31200000643730164, 0.3109999895095825, 0.3109999895095825, 0.3109999895095825, 0.3140000104904175, 0.3140000104904175, 0.31299999356269836, 0.31299999356269836, 0.3140000104904175, 0.3149999976158142, 0.31299999356269836, 0.3070000112056732, 0.3070000112056732, 0.3059999942779541, 0.3050000071525574, 0.3050000071525574, 0.30399999022483826, 0.30399999022483826, 0.3009999990463257, 0.3070000112056732, 0.29600000381469727, 0.2930000126361847, 0.2930000126361847, 0.2930000126361847, 0.296999990940094, 0.296999990940094, 0.296999990940094, 0.29899999499320984, 0.29899999499320984, 0.29899999499320984, 0.2930000126361847, 0.2930000126361847, 0.2930000126361847, 0.2919999957084656, 0.2879999876022339, 0.2879999876022339, 0.29100000858306885, 0.29100000858306885, 0.28999999165534973, 0.289000004529953, 0.289000004529953, 0.28999999165534973, 0.28999999165534973, 0.28600001335144043, 0.2849999964237213, 0.28299999237060547, 0.28299999237060547, 0.28600001335144043, 0.28700000047683716, 0.2879999876022339, 0.28600001335144043, 0.28600001335144043, 0.28600001335144043, 0.28200000524520874, 0.2770000100135803, 0.2770000100135803, 0.27799999713897705, 0.27900001406669617, 0.27900001406669617, 0.2770000100135803, 0.27000001072883606, 0.2680000066757202, 0.27000001072883606, 0.2750000059604645, 0.2750000059604645, 0.27000001072883606, 0.27000001072883606, 0.2750000059604645, 0.27399998903274536, 0.27399998903274536, 0.2750000059604645, 0.27399998903274536, 0.27000001072883606, 0.26899999380111694, 0.2709999978542328, 0.27900001406669617, 0.27799999713897705, 0.2770000100135803, 0.26600000262260437, 0.26499998569488525, 0.26499998569488525, 0.26499998569488525, 0.27000001072883606, 0.2709999978542328, 0.26600000262260437, 0.2669999897480011, 0.2669999897480011, 0.2639999985694885, 0.2619999945163727, 0.2619999945163727, 0.27000001072883606, 0.26899999380111694, 0.26899999380111694, 0.2680000066757202, 0.2680000066757202, 0.25999999046325684, 0.25699999928474426, 0.2619999945163727, 0.26499998569488525, 0.2669999897480011, 0.27000001072883606, 0.27000001072883606, 0.26499998569488525, 0.2619999945163727, 0.2630000114440918, 0.257999986410141, 0.25999999046325684, 0.2639999985694885, 0.2639999985694885, 0.2639999985694885, 0.26499998569488525, 0.25600001215934753, 0.2639999985694885, 0.2669999897480011, 0.2619999945163727, 0.2590000033378601, 0.2619999945163727, 0.257999986410141, 0.25999999046325684, 0.25600001215934753, 0.25600001215934753, 0.25600001215934753, 0.2619999945163727, 0.26499998569488525, 0.2680000066757202, 0.2630000114440918, 0.257999986410141, 0.25600001215934753, 0.25699999928474426, 0.2619999945163727, 0.25999999046325684, 0.257999986410141, 0.2529999911785126, 0.25099998712539673, 0.2540000081062317, 0.257999986410141, 0.25600001215934753, 0.2590000033378601, 0.2529999911785126, 0.25, 0.2540000081062317, 0.2549999952316284, 0.25099998712539673, 0.25, 0.24799999594688416, 0.2529999911785126, 0.2540000081062317, 0.2549999952316284, 0.2619999945163727, 0.2619999945163727, 0.2590000033378601, 0.25200000405311584, 0.25099998712539673, 0.2529999911785126, 0.25600001215934753, 0.25600001215934753, 0.24899999797344208, 0.24500000476837158, 0.24500000476837158, 0.24899999797344208, 0.24799999594688416, 0.24799999594688416, 0.24699999392032623, 0.24899999797344208, 0.2540000081062317, 0.2549999952316284, 0.25600001215934753, 0.25600001215934753, 0.257999986410141, 0.257999986410141, 0.2549999952316284, 0.25699999928474426, 0.2540000081062317, 0.2540000081062317, 0.2549999952316284, 0.2630000114440918, 0.2630000114440918, 0.2529999911785126, 0.25099998712539673, 0.25999999046325684, 0.25600001215934753, 0.2529999911785126, 0.2619999945163727, 0.2669999897480011, 0.2590000033378601, 0.2619999945163727, 0.25699999928474426, 0.2549999952316284, 0.2549999952316284, 0.2590000033378601, 0.2639999985694885, 0.2639999985694885, 0.26100000739097595, 0.2619999945163727, 0.2630000114440918, 0.2619999945163727, 0.2619999945163727, 0.2619999945163727, 0.2639999985694885, 0.26499998569488525, 0.26899999380111694, 0.2720000147819519, 0.26899999380111694, 0.2630000114440918, 0.26100000739097595, 0.2669999897480011, 0.2630000114440918, 0.257999986410141, 0.257999986410141, 0.26100000739097595, 0.26499998569488525, 0.26899999380111694, 0.27799999713897705, 0.27799999713897705, 0.2720000147819519, 0.2709999978542328, 0.2720000147819519, 0.27000001072883606, 0.26899999380111694, 0.2720000147819519, 0.2720000147819519, 0.27900001406669617, 0.2800000011920929, 0.2809999883174896, 0.2800000011920929, 0.28600001335144043, 0.28299999237060547, 0.28600001335144043, 0.2770000100135803, 0.27799999713897705, 0.2879999876022339, 0.2879999876022339, 0.28700000047683716, 0.28600001335144043, 0.289000004529953, 0.29499998688697815, 0.30000001192092896, 0.30399999022483826, 0.3050000071525574, 0.3050000071525574, 0.3089999854564667, 0.31299999356269836, 0.3149999976158142, 0.3199999928474426, 0.3190000057220459, 0.3179999887943268, 0.3190000057220459, 0.3240000009536743, 0.328000009059906, 0.3269999921321869, 0.335999995470047, 0.3330000042915344, 0.33500000834465027, 0.3400000035762787, 0.34200000762939453, 0.3580000102519989, 0.37599998712539673, 0.4399999976158142, 0.5149999856948853, 0.625, 1.968000054359436, 1.968000054359436, 1.968000054359436, 1.9539999961853027, 1.9459999799728394, 1.9459999799728394, 1.9420000314712524, 1.934000015258789, 1.9270000457763672, 1.9119999408721924, 1.899999976158142, 1.8969999551773071, 1.8990000486373901, 1.8899999856948853, 1.88100004196167, 1.8630000352859497, 1.8580000400543213, 1.8509999513626099, 1.843000054359436, 1.8320000171661377, 1.8279999494552612, 1.8229999542236328, 1.812000036239624, 1.8009999990463257, 1.7940000295639038, 1.7860000133514404, 1.7740000486373901, 1.7660000324249268, 1.75600004196167, 1.746999979019165, 1.7410000562667847, 1.722000002861023, 1.7059999704360962, 1.7059999704360962, 1.6959999799728394, 1.6859999895095825, 1.680999994277954, 1.6749999523162842, 1.659000039100647, 1.6540000438690186, 1.6460000276565552, 1.6410000324249268, 1.6299999952316284, 1.6299999952316284, 1.6100000143051147, 1.6059999465942383, 1.5989999771118164, 1.593000054359436, 1.5789999961853027, 1.5700000524520874, 1.5720000267028809, 1.565000057220459, 1.5540000200271606, 1.5509999990463257, 1.5379999876022339, 1.534000039100647, 1.5299999713897705, 1.5180000066757202, 1.5160000324249268, 1.5199999809265137, 1.5210000276565552, 1.5, 1.4950000047683716, 1.4889999628067017, 1.4839999675750732, 1.4769999980926514, 1.468999981880188, 1.465999960899353, 1.4630000591278076, 1.4579999446868896, 1.4470000267028809, 1.4470000267028809, 1.437999963760376, 1.4329999685287476, 1.4299999475479126, 1.4259999990463257, 1.4160000085830688, 1.4140000343322754, 1.4119999408721924, 1.3980000019073486, 1.3930000066757202, 1.3910000324249268, 1.3880000114440918, 1.38100004196167, 1.371000051498413, 1.36899995803833, 1.3650000095367432, 1.3639999628067017, 1.3639999628067017, 1.3539999723434448, 1.340999960899353, 1.340999960899353, 1.340999960899353, 1.343999981880188, 1.3320000171661377, 1.3370000123977661, 1.3209999799728394, 1.3229999542236328, 1.315999984741211, 1.315000057220459, 1.312999963760376, 1.309000015258789, 1.2999999523162842, 1.2949999570846558, 1.2960000038146973, 1.2940000295639038, 1.2879999876022339, 1.284999966621399, 1.284999966621399, 1.2710000276565552, 1.2690000534057617, 1.2680000066757202, 1.2690000534057617, 1.2610000371932983, 1.2589999437332153, 1.2580000162124634, 1.2649999856948853, 1.2669999599456787, 1.2640000581741333, 1.2610000371932983, 1.2519999742507935, 1.2480000257492065, 1.2430000305175781, 1.2430000305175781, 1.2430000305175781, 1.2389999628067017, 1.2300000190734863, 1.2309999465942383, 1.2289999723434448, 1.2280000448226929, 1.2309999465942383, 1.2319999933242798, 1.2300000190734863, 1.2319999933242798, 1.218000054359436, 1.215000033378601, 1.215999960899353, 1.2170000076293945, 1.215999960899353, 1.215999960899353, 1.2109999656677246, 1.2050000429153442, 1.2020000219345093, 1.2039999961853027, 1.2070000171661377, 1.1990000009536743, 1.1929999589920044, 1.1959999799728394, 1.2020000219345093, 1.2029999494552612, 1.2059999704360962, 1.1929999589920044, 1.1920000314712524, 1.1829999685287476, 1.1779999732971191, 1.180999994277954, 1.1820000410079956, 1.1699999570846558, 1.1690000295639038, 1.1720000505447388, 1.1759999990463257, 1.1660000085830688, 1.1649999618530273, 1.1629999876022339, 1.1640000343322754, 1.1640000343322754, 1.1640000343322754, 1.1679999828338623, 1.1640000343322754, 1.156999945640564, 1.159999966621399, 1.156999945640564, 1.159000039100647, 1.156999945640564, 1.1610000133514404, 1.156000018119812, 1.156000018119812, 1.156000018119812, 1.149999976158142, 1.149999976158142, 1.1540000438690186, 1.156000018119812, 1.156000018119812, 1.1469999551773071, 1.1480000019073486, 1.1460000276565552, 1.1460000276565552, 1.1440000534057617, 1.1419999599456787, 1.1380000114440918, 1.1360000371932983, 1.1349999904632568, 1.1339999437332153, 1.1330000162124634, 1.13100004196167, 1.1299999952316284, 1.1299999952316284, 1.1299999952316284, 1.1269999742507935, 1.121999979019165, 1.128999948501587, 1.1330000162124634, 1.1349999904632568, 1.1299999952316284, 1.1269999742507935, 1.1239999532699585, 1.121000051498413, 1.1200000047683716, 1.11899995803833, 1.121999979019165, 1.11899995803833, 1.11899995803833, 1.1130000352859497, 1.1130000352859497, 1.1100000143051147, 1.1089999675750732, 1.1100000143051147, 1.1119999885559082, 1.1080000400543213, 1.1059999465942383, 1.1050000190734863, 1.1059999465942383, 1.100000023841858, 1.100000023841858, 1.1039999723434448, 1.1050000190734863, 1.093999981880188, 1.093000054359436, 1.093000054359436, 1.093000054359436, 1.090000033378601, 1.090000033378601, 1.090999960899353, 1.0859999656677246, 1.0839999914169312, 1.0850000381469727, 1.0829999446868896, 1.0750000476837158, 1.0809999704360962, 1.0820000171661377, 1.0839999914169312, 1.0850000381469727, 1.0720000267028809, 1.0709999799728394, 1.0679999589920044, 1.065999984741211, 1.062999963760376, 1.062999963760376, 1.055999994277954, 1.0529999732971191, 1.0540000200271606, 1.055999994277954, 1.0579999685287476, 1.0549999475479126, 1.055999994277954, 1.0509999990463257, 1.0529999732971191, 1.0529999732971191, 1.0529999732971191, 1.0540000200271606, 1.0520000457763672, 1.0509999990463257, 1.0399999618530273, 1.0369999408721924, 1.0379999876022339, 1.034999966621399, 1.0369999408721924, 1.031999945640564, 1.0219999551773071, 1.0190000534057617, 1.0240000486373901, 1.0210000276565552, 1.0160000324249268, 1.0169999599456787, 1.0169999599456787, 1.0160000324249268, 1.0099999904632568, 1.0069999694824219, 1.003999948501587, 1.0049999952316284, 1.003000020980835, 0.9990000128746033, 0.9990000128746033, 1.003999948501587, 1.003999948501587, 1.0, 1.0, 0.9950000047683716, 0.9950000047683716, 0.9890000224113464, 0.9879999756813049, 0.9950000047683716, 0.9959999918937683, 0.9860000014305115, 0.984000027179718, 0.984000027179718, 0.9810000061988831, 0.9789999723434448, 0.9789999723434448, 0.9810000061988831, 0.9789999723434448, 0.9710000157356262, 0.968999981880188, 0.9760000109672546, 0.9800000190734863, 0.9710000157356262, 0.9620000123977661, 0.9639999866485596, 0.9639999866485596, 0.9629999995231628, 0.9620000123977661, 0.9610000252723694, 0.9599999785423279, 0.9610000252723694, 0.9610000252723694, 0.9459999799728394, 0.949999988079071, 0.9539999961853027, 0.9509999752044678, 0.949999988079071, 0.9459999799728394, 0.9440000057220459, 0.9449999928474426, 0.9440000057220459, 0.9430000185966492, 0.9399999976158142, 0.9369999766349792, 0.9359999895095825, 0.9330000281333923, 0.9290000200271606, 0.9290000200271606, 0.9279999732971191, 0.9279999732971191, 0.9259999990463257, 0.925000011920929, 0.925000011920929, 0.9200000166893005, 0.9160000085830688, 0.9179999828338623, 0.9110000133514404, 0.9089999794960022, 0.9100000262260437, 0.9120000004768372, 0.9089999794960022, 0.9089999794960022, 0.9049999713897705, 0.9049999713897705, 0.902999997138977, 0.9020000100135803, 0.9039999842643738, 0.9039999842643738, 0.8960000276565552, 0.8920000195503235, 0.8870000243186951, 0.8920000195503235, 0.8889999985694885, 0.8920000195503235, 0.8799999952316284, 0.8820000290870667, 0.8820000290870667, 0.8820000290870667, 0.8790000081062317, 0.8790000081062317, 0.8759999871253967, 0.8759999871253967, 0.875, 0.8709999918937683, 0.8700000047683716, 0.8669999837875366, 0.8629999756813049, 0.8640000224113464, 0.8610000014305115, 0.859000027179718, 0.859000027179718, 0.8600000143051147, 0.8529999852180481, 0.8579999804496765, 0.8579999804496765, 0.8550000190734863, 0.8529999852180481, 0.8529999852180481, 0.8519999980926514, 0.8519999980926514, 0.8479999899864197, 0.8500000238418579, 0.8479999899864197, 0.8399999737739563, 0.8370000123977661, 0.8370000123977661, 0.8370000123977661, 0.8360000252723694, 0.8339999914169312, 0.8299999833106995, 0.8299999833106995, 0.8289999961853027, 0.8289999961853027, 0.8230000138282776, 0.8199999928474426, 0.8199999928474426, 0.8190000057220459, 0.8230000138282776, 0.8180000185966492, 0.8199999928474426, 0.8169999718666077, 0.8140000104904175, 0.8090000152587891, 0.8019999861717224, 0.8019999861717224, 0.8009999990463257, 0.8019999861717224, 0.8050000071525574, 0.8069999814033508, 0.8040000200271606, 0.8009999990463257, 0.800000011920929, 0.7929999828338623, 0.7889999747276306, 0.7889999747276306, 0.7879999876022339, 0.7879999876022339, 0.7870000004768372, 0.7879999876022339, 0.7850000262260437, 0.781000018119812, 0.7799999713897705, 0.7799999713897705, 0.7799999713897705, 0.7799999713897705, 0.7789999842643738, 0.777999997138977, 0.7720000147819519, 0.765999972820282, 0.7720000147819519, 0.7710000276565552, 0.7710000276565552, 0.7670000195503235, 0.7670000195503235, 0.7639999985694885, 0.7689999938011169, 0.7639999985694885, 0.7639999985694885, 0.7549999952316284, 0.7540000081062317, 0.7540000081062317, 0.7590000033378601, 0.7559999823570251, 0.7549999952316284, 0.7549999952316284, 0.7559999823570251, 0.7570000290870667, 0.7519999742507935, 0.7429999709129333, 0.7409999966621399, 0.7409999966621399, 0.746999979019165, 0.7350000143051147, 0.7409999966621399, 0.7360000014305115, 0.7350000143051147, 0.7350000143051147, 0.7419999837875366, 0.7319999933242798, 0.7319999933242798, 0.7319999933242798, 0.7260000109672546, 0.7260000109672546, 0.7310000061988831, 0.7279999852180481, 0.7239999771118164, 0.7229999899864197, 0.7229999899864197, 0.722000002861023, 0.7260000109672546, 0.7250000238418579, 0.7250000238418579, 0.7229999899864197, 0.7210000157356262, 0.718999981880188, 0.7089999914169312, 0.7099999785423279, 0.7129999995231628, 0.7139999866485596, 0.7129999995231628, 0.7089999914169312, 0.7070000171661377, 0.7039999961853027, 0.7059999704360962, 0.7059999704360962, 0.699999988079071, 0.703000009059906, 0.699999988079071, 0.6990000009536743, 0.6980000138282776, 0.6980000138282776, 0.6980000138282776, 0.6990000009536743, 0.6940000057220459, 0.6940000057220459, 0.6930000185966492, 0.6869999766349792, 0.6869999766349792, 0.6869999766349792, 0.6869999766349792, 0.6869999766349792, 0.6869999766349792, 0.6880000233650208, 0.6880000233650208, 0.6869999766349792, 0.6819999814033508, 0.6869999766349792, 0.6869999766349792, 0.6869999766349792, 0.6850000023841858, 0.6769999861717224, 0.6769999861717224, 0.6779999732971191, 0.6790000200271606, 0.6740000247955322, 0.675000011920929, 0.675000011920929, 0.6759999990463257, 0.6769999861717224, 0.6759999990463257, 0.671999990940094, 0.6669999957084656, 0.6639999747276306, 0.6629999876022339, 0.6639999747276306, 0.6710000038146973, 0.6669999957084656, 0.6639999747276306, 0.6639999747276306, 0.6610000133514404, 0.6639999747276306, 0.6639999747276306, 0.6629999876022339, 0.6700000166893005, 0.6669999957084656, 0.6660000085830688, 0.6650000214576721, 0.6639999747276306, 0.6669999957084656, 0.6660000085830688, 0.6650000214576721, 0.6610000133514404, 0.6610000133514404, 0.6589999794960022, 0.6600000262260437, 0.656000018119812, 0.652999997138977, 0.6549999713897705, 0.6570000052452087, 0.6610000133514404, 0.6610000133514404, 0.6579999923706055, 0.652999997138977, 0.6510000228881836, 0.652999997138977, 0.6549999713897705, 0.6589999794960022, 0.6510000228881836, 0.6480000019073486, 0.6480000019073486, 0.6470000147819519, 0.6489999890327454, 0.6520000100135803, 0.6520000100135803, 0.652999997138977, 0.6579999923706055, 0.6579999923706055, 0.6520000100135803, 0.6470000147819519, 0.6489999890327454, 0.6489999890327454, 0.6460000276565552, 0.6460000276565552, 0.6520000100135803, 0.6520000100135803, 0.6489999890327454, 0.6489999890327454, 0.6489999890327454, 0.6570000052452087, 0.6499999761581421, 0.6499999761581421, 0.6460000276565552, 0.6460000276565552, 0.6439999938011169, 0.6460000276565552, 0.6449999809265137, 0.6449999809265137, 0.6439999938011169, 0.6399999856948853, 0.6430000066757202, 0.6470000147819519, 0.6480000019073486, 0.6480000019073486, 0.6510000228881836, 0.652999997138977, 0.652999997138977, 0.6510000228881836, 0.6510000228881836, 0.6480000019073486, 0.6449999809265137, 0.6449999809265137, 0.6489999890327454, 0.6499999761581421, 0.6489999890327454, 0.6510000228881836, 0.6510000228881836, 0.6520000100135803, 0.6510000228881836, 0.6510000228881836, 0.6499999761581421, 0.6480000019073486, 0.6480000019073486, 0.6520000100135803, 0.6430000066757202, 0.6420000195503235, 0.6439999938011169, 0.6439999938011169, 0.6470000147819519, 0.6549999713897705, 0.6549999713897705, 0.6480000019073486, 0.6480000019073486, 0.6499999761581421, 0.6539999842643738, 0.6520000100135803, 0.6489999890327454, 0.6449999809265137, 0.6480000019073486, 0.6579999923706055, 0.6579999923706055, 0.6579999923706055, 0.6499999761581421, 0.6510000228881836, 0.6579999923706055, 0.656000018119812, 0.6549999713897705, 0.6579999923706055, 0.6589999794960022, 0.6600000262260437, 0.6620000004768372, 0.6650000214576721, 0.6660000085830688, 0.6639999747276306, 0.6639999747276306, 0.6620000004768372, 0.6660000085830688, 0.6690000295639038, 0.6690000295639038, 0.6690000295639038, 0.6729999780654907, 0.6779999732971191, 0.6779999732971191, 0.6779999732971191, 0.671999990940094, 0.6779999732971191, 0.6669999957084656, 0.6669999957084656, 0.6710000038146973, 0.6729999780654907, 0.671999990940094, 0.675000011920929, 0.6840000152587891, 0.6830000281333923, 0.6859999895095825, 0.6830000281333923, 0.6859999895095825, 0.6800000071525574, 0.6800000071525574, 0.6850000023841858, 0.6800000071525574, 0.6790000200271606, 0.6790000200271606, 0.6859999895095825, 0.6890000104904175, 0.6919999718666077, 0.6959999799728394, 0.6959999799728394, 0.6959999799728394, 0.6919999718666077, 0.6940000057220459, 0.7020000219345093, 0.7059999704360962, 0.7039999961853027, 0.699999988079071, 0.699999988079071, 0.7059999704360962, 0.7070000171661377, 0.7149999737739563, 0.7009999752044678, 0.7009999752044678, 0.7080000042915344, 0.7110000252723694, 0.7089999914169312, 0.7089999914169312, 0.7120000123977661, 0.7179999947547913, 0.7120000123977661, 0.7120000123977661, 0.7110000252723694, 0.7129999995231628, 0.718999981880188, 0.7170000076293945, 0.7170000076293945, 0.7139999866485596, 0.7210000157356262, 0.7229999899864197, 0.7160000205039978, 0.7179999947547913, 0.7210000157356262, 0.7210000157356262, 0.722000002861023, 0.722000002861023, 0.7229999899864197, 0.7269999980926514, 0.7329999804496765, 0.7360000014305115, 0.7400000095367432, 0.7450000047683716, 0.7379999756813049, 0.7369999885559082, 0.7369999885559082, 0.7450000047683716, 0.7440000176429749, 0.7440000176429749, 0.7450000047683716, 0.7429999709129333, 0.7350000143051147, 0.7350000143051147, 0.7490000128746033, 0.75, 0.746999979019165, 0.746999979019165, 0.753000020980835, 0.7609999775886536, 0.753000020980835, 0.7409999966621399, 0.7390000224113464, 0.7459999918937683, 0.7519999742507935, 0.753000020980835, 0.7639999985694885, 0.7590000033378601, 0.7459999918937683, 0.7620000243186951, 0.7860000133514404, 0.7860000133514404, 0.7929999828338623, 0.8009999990463257, 0.8040000200271606, 0.8009999990463257, 0.8019999861717224, 0.8140000104904175, 0.8119999766349792, 0.8100000023841858, 0.8109999895095825, 0.8180000185966492, 0.8240000009536743, 0.828000009059906, 0.8289999961853027, 0.8339999914169312, 0.8370000123977661]
intensities: [1093.0, 1112.0, 1131.0, 1230.0, 1297.0, 1363.0, 1346.0, 1420.0, 1420.0, 1420.0, 1427.0, 1424.0, 1410.0, 1405.0, 1348.0, 1208.0, 1043.0, 1043.0, 926.0, 785.0, 849.0, 947.0, 965.0, 964.0, 971.0, 1002.0, 1004.0, 1061.0, 1117.0, 1171.0, 1329.0, 1310.0, 1380.0, 1470.0, 1460.0, 1473.0, 1479.0, 1492.0, 1480.0, 1463.0, 1455.0, 1452.0, 1459.0, 1452.0, 1445.0, 1450.0, 1451.0, 1440.0, 1440.0, 1435.0, 1431.0, 1398.0, 1405.0, 1413.0, 1423.0, 1415.0, 1426.0, 1400.0, 1377.0, 1380.0, 1392.0, 1401.0, 1393.0, 1388.0, 1394.0, 1394.0, 1404.0, 1411.0, 1399.0, 1377.0, 1369.0, 1377.0, 1361.0, 1347.0, 1347.0, 1362.0, 1356.0, 1376.0, 1342.0, 1338.0, 1341.0, 1343.0, 1343.0, 1343.0, 1327.0, 1321.0, 1325.0, 1320.0, 1320.0, 1312.0, 1313.0, 1314.0, 1315.0, 1320.0, 1320.0, 1310.0, 1301.0, 1309.0, 1304.0, 1304.0, 1295.0, 1291.0, 1295.0, 1295.0, 1302.0, 1297.0, 1302.0, 1294.0, 1294.0, 1294.0, 1283.0, 1282.0, 1280.0, 1294.0, 1296.0, 1299.0, 1279.0, 1276.0, 1264.0, 1280.0, 1293.0, 1293.0, 1275.0, 1277.0, 1265.0, 1261.0, 1261.0, 1259.0, 1259.0, 1251.0, 1246.0, 1247.0, 1262.0, 1259.0, 1290.0, 1262.0, 1262.0, 1262.0, 1257.0, 1259.0, 1248.0, 1247.0, 1244.0, 1244.0, 1239.0, 1238.0, 1230.0, 1244.0, 1246.0, 1240.0, 1226.0, 1226.0, 1248.0, 1236.0, 1242.0, 1251.0, 1253.0, 1263.0, 1265.0, 1242.0, 1226.0, 1246.0, 1251.0, 1257.0, 1253.0, 1242.0, 1251.0, 1256.0, 1246.0, 1254.0, 1256.0, 1235.0, 1236.0, 1238.0, 1242.0, 1244.0, 1243.0, 1242.0, 1241.0, 1229.0, 1237.0, 1221.0, 1227.0, 1226.0, 1233.0, 1234.0, 1223.0, 1214.0, 1207.0, 1224.0, 1210.0, 1198.0, 1191.0, 1179.0, 1179.0, 1197.0, 1201.0, 1180.0, 1184.0, 1178.0, 1188.0, 1173.0, 1175.0, 1170.0, 1151.0, 1168.0, 1168.0, 1156.0, 1140.0, 1123.0, 1143.0, 1151.0, 1151.0, 1130.0, 1140.0, 1145.0, 1151.0, 1138.0, 1130.0, 1121.0, 1128.0, 1124.0, 1123.0, 1116.0, 1116.0, 1120.0, 1120.0, 1130.0, 1125.0, 1126.0, 1130.0, 1125.0, 1137.0, 1137.0, 1116.0, 1114.0, 1116.0, 1117.0, 1119.0, 1131.0, 1158.0, 1131.0, 1129.0, 1127.0, 1132.0, 1132.0, 1133.0, 1152.0, 1157.0, 1164.0, 1171.0, 1179.0, 1159.0, 1163.0, 1145.0, 1126.0, 1121.0, 1120.0, 1120.0, 1122.0, 1122.0, 1127.0, 1143.0, 1131.0, 1130.0, 1130.0, 1133.0, 1128.0, 1150.0, 1174.0, 1174.0, 1134.0, 1143.0, 1144.0, 1133.0, 1123.0, 1134.0, 1114.0, 1126.0, 1115.0, 1118.0, 1115.0, 1110.0, 1108.0, 1098.0, 1103.0, 1111.0, 1121.0, 1100.0, 1093.0, 1086.0, 1091.0, 1090.0, 1101.0, 1111.0, 1103.0, 1096.0, 1094.0, 1092.0, 1103.0, 1115.0, 1104.0, 1094.0, 1089.0, 1099.0, 1087.0, 1064.0, 1066.0, 1054.0, 1060.0, 1058.0, 1021.0, 1033.0, 1071.0, 1355.0, 1536.0, 1538.0, 985.0, 985.0, 993.0, 988.0, 985.0, 985.0, 991.0, 996.0, 996.0, 998.0, 1016.0, 1004.0, 1002.0, 985.0, 991.0, 995.0, 987.0, 990.0, 1009.0, 989.0, 989.0, 996.0, 986.0, 1003.0, 987.0, 992.0, 994.0, 1005.0, 996.0, 1008.0, 1009.0, 1010.0, 1006.0, 1013.0, 1018.0, 1019.0, 1033.0, 1048.0, 1029.0, 1047.0, 1038.0, 1028.0, 1029.0, 1047.0, 1056.0, 1058.0, 1062.0, 1078.0, 1069.0, 1068.0, 1087.0, 1085.0, 1067.0, 1091.0, 1087.0, 1086.0, 1084.0, 1089.0, 1089.0, 1103.0, 1102.0, 1103.0, 1106.0, 1114.0, 1117.0, 1122.0, 1122.0, 1108.0, 1104.0, 1102.0, 1083.0, 1083.0, 1105.0, 1095.0, 1109.0, 1094.0, 1082.0, 1096.0, 1112.0, 1096.0, 1103.0, 1099.0, 1096.0, 1119.0, 1101.0, 1111.0, 1105.0, 1110.0, 1113.0, 1103.0, 1093.0, 1092.0, 1092.0, 1119.0, 1102.0, 1110.0, 1103.0, 1105.0, 1103.0, 1113.0, 1106.0, 1127.0, 1119.0, 1125.0, 1128.0, 1124.0, 1118.0, 1118.0, 1118.0, 1128.0, 1128.0, 1126.0, 1133.0, 1136.0, 1143.0, 1138.0, 1166.0, 1191.0, 1210.0, 1207.0, 1232.0, 1229.0, 1241.0, 1246.0, 1246.0, 1242.0, 1234.0, 1235.0, 1245.0, 1239.0, 1270.0, 1270.0, 1260.0, 1273.0, 1269.0, 1266.0, 1267.0, 1271.0, 1273.0, 1282.0, 1287.0, 1297.0, 1288.0, 1296.0, 1305.0, 1304.0, 1354.0, 1349.0, 1319.0, 1319.0, 1342.0, 1333.0, 1339.0, 1345.0, 1342.0, 1340.0, 1339.0, 1343.0, 1340.0, 1344.0, 1337.0, 1359.0, 1356.0, 1353.0, 1360.0, 1360.0, 1361.0, 1358.0, 1361.0, 1362.0, 1370.0, 1362.0, 1369.0, 1372.0, 1348.0, 1374.0, 1371.0, 1370.0, 1367.0, 1367.0, 1371.0, 1376.0, 1373.0, 1364.0, 1364.0, 1362.0, 1358.0, 1357.0, 1359.0, 1363.0, 1365.0, 1364.0, 1352.0, 1341.0, 1369.0, 1375.0, 1375.0, 1368.0, 1361.0, 1359.0, 1357.0, 1366.0, 1369.0, 1392.0, 1345.0, 1349.0, 1359.0, 1353.0, 1357.0, 1359.0, 1362.0, 1362.0, 1369.0, 1369.0, 1377.0, 1372.0, 1384.0, 1396.0, 1367.0, 1373.0, 1374.0, 1379.0, 1377.0, 1377.0, 1372.0, 1378.0, 1371.0, 1381.0, 1388.0, 1388.0, 1377.0, 1388.0, 1409.0, 1400.0, 1391.0, 1395.0, 1394.0, 1378.0, 1394.0, 1395.0, 1411.0, 1398.0, 1392.0, 1407.0, 1416.0, 1405.0, 1405.0, 1407.0, 1421.0, 1424.0, 1422.0, 1421.0, 1401.0, 1408.0, 1423.0, 1416.0, 1418.0, 1418.0, 1417.0, 1416.0, 1410.0, 1412.0, 1419.0, 1422.0, 1425.0, 1434.0, 1434.0, 1435.0, 1432.0, 1438.0, 1433.0, 1427.0, 1417.0, 1446.0, 1445.0, 1438.0, 1427.0, 1412.0, 1418.0, 1424.0, 1423.0, 1439.0, 1439.0, 1431.0, 1431.0, 1443.0, 1447.0, 1472.0, 1459.0, 1437.0, 1435.0, 1443.0, 1442.0, 1447.0, 1449.0, 1449.0, 1454.0, 1455.0, 1464.0, 1468.0, 1472.0, 1462.0, 1460.0, 1465.0, 1447.0, 1455.0, 1460.0, 1463.0, 1465.0, 1452.0, 1454.0, 1459.0, 1465.0, 1469.0, 1469.0, 1453.0, 1477.0, 1495.0, 1509.0, 1490.0, 1491.0, 1506.0, 1512.0, 1499.0, 1483.0, 1502.0, 1506.0, 1493.0, 1499.0, 1499.0, 1501.0, 1504.0, 1504.0, 1516.0, 1521.0, 1521.0, 1508.0, 1514.0, 1516.0, 1499.0, 1498.0, 1503.0, 1517.0, 1519.0, 1528.0, 1525.0, 1525.0, 1516.0, 1527.0, 1532.0, 1532.0, 1533.0, 1535.0, 1552.0, 1535.0, 1543.0, 1543.0, 1555.0, 1549.0, 1549.0, 1549.0, 1548.0, 1552.0, 1551.0, 1536.0, 1541.0, 1560.0, 1565.0, 1561.0, 1570.0, 1560.0, 1545.0, 1552.0, 1564.0, 1567.0, 1550.0, 1567.0, 1567.0, 1567.0, 1562.0, 1564.0, 1558.0, 1558.0, 1566.0, 1551.0, 1540.0, 1574.0, 1583.0, 1571.0, 1571.0, 1565.0, 1575.0, 1575.0, 1565.0, 1573.0, 1580.0, 1588.0, 1590.0, 1590.0, 1591.0, 1588.0, 1596.0, 1592.0, 1569.0, 1593.0, 1591.0, 1588.0, 1588.0, 1585.0, 1590.0, 1598.0, 1589.0, 1586.0, 1579.0, 1583.0, 1593.0, 1600.0, 1587.0, 1606.0, 1602.0, 1597.0, 1593.0, 1589.0, 1596.0, 1600.0, 1600.0, 1609.0, 1609.0, 1598.0, 1598.0, 1605.0, 1602.0, 1598.0, 1612.0, 1607.0, 1616.0, 1616.0, 1598.0, 1598.0, 1598.0, 1595.0, 1609.0, 1612.0, 1612.0, 1589.0, 1597.0, 1583.0, 1583.0, 1595.0, 1610.0, 1614.0, 1604.0, 1597.0, 1591.0, 1608.0, 1590.0, 1574.0, 1614.0, 1590.0, 1602.0, 1585.0, 1590.0, 1590.0, 1577.0, 1554.0, 1555.0, 1549.0, 1546.0, 1553.0, 1557.0, 1544.0, 1549.0, 1537.0, 1544.0, 1544.0, 1532.0, 1546.0, 1541.0, 1551.0, 1545.0, 1541.0, 1544.0, 1551.0, 1557.0, 1558.0, 1524.0, 1533.0, 1533.0, 1528.0, 1526.0, 1520.0, 1524.0, 1526.0, 1526.0, 1530.0, 1524.0, 1527.0, 1545.0, 1542.0, 1535.0, 1541.0, 1550.0, 1550.0, 1547.0, 1547.0, 1567.0, 1563.0, 1548.0, 1542.0, 1527.0, 1527.0, 1524.0, 1520.0, 1513.0, 1523.0, 1520.0, 1536.0, 1526.0, 1512.0, 1510.0, 1501.0, 1513.0, 1490.0, 1497.0, 1498.0, 1494.0, 1487.0, 1448.0, 1466.0, 1476.0, 1485.0, 1485.0, 1471.0, 1474.0, 1474.0, 1466.0, 1458.0, 1467.0, 1471.0, 1491.0, 1479.0, 1477.0, 1452.0, 1442.0, 1444.0, 1478.0, 1456.0, 1440.0, 1453.0, 1449.0, 1447.0, 1458.0, 1451.0, 1438.0, 1436.0, 1430.0, 1426.0, 1425.0, 1420.0, 1445.0, 1415.0, 1411.0, 1411.0, 1410.0, 1411.0, 1409.0, 1409.0, 1407.0, 1412.0, 1412.0, 1412.0, 1407.0, 1406.0, 1404.0, 1405.0, 1405.0, 1402.0, 1402.0, 1393.0, 1387.0, 1387.0, 1389.0, 1406.0, 1406.0, 1386.0, 1387.0, 1383.0, 1369.0, 1376.0, 1376.0, 1389.0, 1390.0, 1385.0, 1363.0, 1360.0, 1360.0, 1368.0, 1373.0, 1369.0, 1361.0, 1361.0, 1365.0, 1364.0, 1364.0, 1357.0, 1366.0, 1355.0, 1365.0, 1356.0, 1353.0, 1364.0, 1364.0, 1347.0, 1329.0, 1329.0, 1337.0, 1333.0, 1324.0, 1346.0, 1346.0, 1349.0, 1359.0, 1359.0, 1330.0, 1323.0, 1341.0, 1330.0, 1323.0, 1319.0, 1326.0, 1336.0, 1328.0, 1328.0, 1333.0, 1322.0, 1316.0, 1323.0, 1312.0, 1320.0, 1323.0, 1310.0, 1297.0, 1313.0, 1316.0, 1315.0, 1305.0, 1308.0, 1299.0, 1321.0, 1323.0, 1323.0, 1320.0, 1318.0, 1313.0, 1319.0, 1319.0, 1318.0, 1309.0, 1298.0, 1298.0, 1316.0, 1316.0, 1318.0, 1312.0, 1322.0, 1311.0, 1324.0, 1343.0, 1340.0, 1316.0, 1316.0, 1302.0, 1313.0, 1312.0, 1312.0, 1300.0, 1306.0, 1304.0, 1322.0, 1318.0, 1313.0, 1310.0, 1307.0, 1301.0, 1300.0, 1303.0, 1322.0, 1340.0, 1316.0, 1307.0, 1312.0, 1304.0, 1304.0, 1314.0, 1324.0, 1319.0, 1320.0, 1323.0, 1326.0, 1343.0, 1352.0, 1330.0, 1351.0, 1374.0, 1376.0, 1376.0, 1350.0, 1350.0, 1369.0, 1353.0, 1338.0, 1366.0, 1336.0, 1338.0, 1342.0, 1341.0, 1322.0, 1344.0, 1333.0, 1323.0, 1335.0, 1326.0, 1330.0, 1320.0, 1337.0, 1309.0, 1281.0, 1309.0, 1320.0, 1319.0, 1320.0, 1332.0, 1325.0, 1326.0, 1326.0, 1336.0, 1338.0, 1334.0, 1317.0, 1310.0, 1330.0, 1339.0, 1335.0, 1323.0, 1339.0, 1348.0, 1329.0, 1322.0, 1322.0, 1311.0, 1318.0, 1311.0, 1307.0, 1304.0, 1304.0, 1302.0, 1310.0, 1316.0, 1326.0, 1327.0, 1314.0, 1313.0, 1321.0, 1320.0]