header: 
  seq: 2486
  stamp: 
    secs: 1548820819
    nsecs: 361997736
  frame_id: "base_link"
angle_min: -2.35619449615
angle_max: 2.35619449615
angle_increment: 0.00436332309619
time_increment: 1.73611151695e-05
scan_time: 0.0250000003725
range_min: 0.019999999553
range_max: 30.0
ranges: [0.49799999594688416, 0.49799999594688416, 0.5090000033378601, 0.5149999856948853, 0.5049999952316284, 0.5070000290870667, 0.5070000290870667, 0.527999997138977, 0.527999997138977, 0.5270000100135803, 0.5170000195503235, 0.5189999938011169, 0.5170000195503235, 0.5019999742507935, 0.5019999742507935, 0.4440000057220459, 0.3790000081062317, 0.32499998807907104, 0.29499998688697815, 0.3330000042915344, 0.4169999957084656, 0.46000000834465027, 0.4860000014305115, 0.4959999918937683, 0.5049999952316284, 0.5080000162124634, 0.5210000276565552, 0.5139999985694885, 0.5149999856948853, 0.5109999775886536, 0.5170000195503235, 0.5040000081062317, 0.5180000066757202, 0.5120000243186951, 0.5120000243186951, 0.5120000243186951, 0.5080000162124634, 0.5049999952316284, 0.5049999952316284, 0.5059999823570251, 0.5070000290870667, 0.5049999952316284, 0.5059999823570251, 0.5059999823570251, 0.5109999775886536, 0.5040000081062317, 0.5090000033378601, 0.5080000162124634, 0.5080000162124634, 0.5009999871253967, 0.5019999742507935, 0.5019999742507935, 0.5080000162124634, 0.5120000243186951, 0.5090000033378601, 0.5059999823570251, 0.503000020980835, 0.503000020980835, 0.503000020980835, 0.5040000081062317, 0.5049999952316284, 0.5040000081062317, 0.5009999871253967, 0.503000020980835, 0.503000020980835, 0.5040000081062317, 0.49900001287460327, 0.5, 0.503000020980835, 0.5049999952316284, 0.5049999952316284, 0.5080000162124634, 0.5080000162124634, 0.49900001287460327, 0.5, 0.5, 0.5, 0.5, 0.4950000047683716, 0.4959999918937683, 0.4959999918937683, 0.5, 0.49900001287460327, 0.5019999742507935, 0.49900001287460327, 0.5049999952316284, 0.5, 0.49900001287460327, 0.49900001287460327, 0.5, 0.5019999742507935, 0.4950000047683716, 0.4950000047683716, 0.4959999918937683, 0.49799999594688416, 0.503000020980835, 0.503000020980835, 0.48899999260902405, 0.49000000953674316, 0.492000013589859, 0.4869999885559082, 0.4869999885559082, 0.49300000071525574, 0.4970000088214874, 0.49900001287460327, 0.4970000088214874, 0.4950000047683716, 0.49399998784065247, 0.49300000071525574, 0.492000013589859, 0.4950000047683716, 0.4959999918937683, 0.4959999918937683, 0.4970000088214874, 0.4860000014305115, 0.4860000014305115, 0.4880000054836273, 0.49000000953674316, 0.49300000071525574, 0.4959999918937683, 0.49300000071525574, 0.49300000071525574, 0.4909999966621399, 0.4909999966621399, 0.4869999885559082, 0.492000013589859, 0.4970000088214874, 0.4970000088214874, 0.4880000054836273, 0.48899999260902405, 0.49300000071525574, 0.492000013589859, 0.492000013589859, 0.4880000054836273, 0.48500001430511475, 0.4869999885559082, 0.48899999260902405, 0.48899999260902405, 0.48899999260902405, 0.4909999966621399, 0.4869999885559082, 0.48500001430511475, 0.4860000014305115, 0.492000013589859, 0.4950000047683716, 0.492000013589859, 0.48500001430511475, 0.48399999737739563, 0.4869999885559082, 0.4869999885559082, 0.492000013589859, 0.4970000088214874, 0.4970000088214874, 0.4970000088214874, 0.4970000088214874, 0.4970000088214874, 0.4950000047683716, 0.492000013589859, 0.49300000071525574, 0.49300000071525574, 0.49300000071525574, 0.49300000071525574, 0.4959999918937683, 0.4959999918937683, 0.5009999871253967, 0.49399998784065247, 0.49900001287460327, 0.49799999594688416, 0.5009999871253967, 0.503000020980835, 0.503000020980835, 0.5019999742507935, 0.49799999594688416, 0.5, 0.5019999742507935, 0.503000020980835, 0.5040000081062317, 0.5009999871253967, 0.5009999871253967, 0.5019999742507935, 0.49799999594688416, 0.49900001287460327, 0.4959999918937683, 0.49900001287460327, 0.49399998784065247, 0.49900001287460327, 0.49900001287460327, 0.5, 0.5019999742507935, 0.5099999904632568, 0.5099999904632568, 0.5059999823570251, 0.5, 0.49799999594688416, 0.4959999918937683, 0.49799999594688416, 0.5059999823570251, 0.5120000243186951, 0.5099999904632568, 0.5109999775886536, 0.5130000114440918, 0.5090000033378601, 0.5059999823570251, 0.5059999823570251, 0.5099999904632568, 0.5120000243186951, 0.5139999985694885, 0.5139999985694885, 0.5139999985694885, 0.5090000033378601, 0.5070000290870667, 0.5070000290870667, 0.5109999775886536, 0.5139999985694885, 0.5109999775886536, 0.5210000276565552, 0.5180000066757202, 0.5249999761581421, 0.5149999856948853, 0.5149999856948853, 0.5170000195503235, 0.5260000228881836, 0.5239999890327454, 0.527999997138977, 0.5260000228881836, 0.527999997138977, 0.5239999890327454, 0.5239999890327454, 0.5249999761581421, 0.5289999842643738, 0.527999997138977, 0.527999997138977, 0.527999997138977, 0.5289999842643738, 0.531000018119812, 0.531000018119812, 0.5339999794960022, 0.5350000262260437, 0.5339999794960022, 0.5329999923706055, 0.5400000214576721, 0.5440000295639038, 0.5440000295639038, 0.550000011920929, 0.5550000071525574, 0.5519999861717224, 0.5529999732971191, 0.5529999732971191, 0.5559999942779541, 0.5580000281333923, 0.5600000023841858, 0.5590000152587891, 0.5580000281333923, 0.5600000023841858, 0.5640000104904175, 0.5680000185966492, 0.5730000138282776, 0.5699999928474426, 0.5770000219345093, 0.5799999833106995, 0.5830000042915344, 0.5870000123977661, 0.5830000042915344, 0.5889999866485596, 0.5889999866485596, 0.5879999995231628, 0.5920000076293945, 0.593999981880188, 0.6010000109672546, 0.6050000190734863, 0.6060000061988831, 0.5960000157356262, 0.5929999947547913, 0.5950000286102295, 0.6060000061988831, 0.6079999804496765, 0.6110000014305115, 0.6110000014305115, 0.6150000095367432, 0.6150000095367432, 0.6179999709129333, 0.6190000176429749, 0.6209999918937683, 0.6240000128746033, 0.6240000128746033, 0.6299999952316284, 0.628000020980835, 0.6320000290870667, 0.6309999823570251, 0.6349999904632568, 0.6359999775886536, 0.6359999775886536, 0.6399999856948853, 0.6430000066757202, 0.6480000019073486, 0.656000018119812, 0.6589999794960022, 0.6570000052452087, 0.652999997138977, 0.6589999794960022, 0.6610000133514404, 0.6669999957084656, 0.6679999828338623, 0.6740000247955322, 0.6800000071525574, 0.6800000071525574, 0.6809999942779541, 0.6830000281333923, 0.6850000023841858, 0.6930000185966492, 0.699999988079071, 0.699999988079071, 0.699999988079071, 0.7020000219345093, 0.7120000123977661, 0.7139999866485596, 0.7139999866485596, 0.7239999771118164, 0.7329999804496765, 0.7369999885559082, 0.7369999885559082, 0.7409999966621399, 0.7419999837875366, 0.7450000047683716, 0.7450000047683716, 0.7509999871253967, 0.7559999823570251, 0.7649999856948853, 0.7649999856948853, 0.7710000276565552, 0.7749999761581421, 0.7850000262260437, 0.7870000004768372, 0.7919999957084656, 0.8050000071525574, 0.8019999861717224, 0.8019999861717224, 0.8019999861717224, 0.8040000200271606, 0.8050000071525574, 0.8190000057220459, 0.8199999928474426, 0.8289999961853027, 0.8370000123977661, 0.843999981880188, 0.843999981880188, 0.8510000109672546, 0.8560000061988831, 0.8619999885559082, 0.875, 0.875, 0.8790000081062317, 0.8930000066757202, 0.8970000147819519, 0.8970000147819519, 0.9129999876022339, 0.9200000166893005, 0.9210000038146973, 0.9300000071525574, 0.9330000281333923, 0.9459999799728394, 0.9449999928474426, 0.9549999833106995, 0.9679999947547913, 0.9739999771118164, 0.9819999933242798, 0.9879999756813049, 1.003000020980835, 1.0180000066757202, 1.0260000228881836, 1.031999945640564, 1.0420000553131104, 1.0499999523162842, 1.0540000200271606, 1.0549999475479126, 1.0609999895095825, 1.0770000219345093, 1.1080000400543213, 1.187999963760376, 1.2920000553131104, 1.600000023841858, 2.2100000381469727, 2.2070000171661377, 2.200000047683716, 2.194000005722046, 2.193000078201294, 2.2009999752044678, 2.183000087738037, 2.177999973297119, 2.1740000247955322, 2.1710000038146973, 2.1700000762939453, 2.1630001068115234, 2.1589999198913574, 2.1449999809265137, 2.1429998874664307, 2.1440000534057617, 2.1449999809265137, 2.1410000324249268, 2.134999990463257, 2.132999897003174, 2.128999948501587, 2.127000093460083, 2.117000102996826, 2.118000030517578, 2.11899995803833, 2.118000030517578, 2.115999937057495, 2.114000082015991, 2.1089999675750732, 2.111999988555908, 2.1089999675750732, 2.1019999980926514, 2.0989999771118164, 2.0950000286102295, 2.0940001010894775, 2.0929999351501465, 2.0959999561309814, 2.0899999141693115, 2.0869998931884766, 2.0829999446868896, 2.0820000171661377, 2.0799999237060547, 2.0789999961853027, 2.0769999027252197, 2.072000026702881, 2.072000026702881, 2.069999933242798, 2.072999954223633, 2.059999942779541, 2.056999921798706, 2.053999900817871, 2.049999952316284, 2.049999952316284, 2.049999952316284, 2.052000045776367, 2.0480000972747803, 2.0369999408721924, 2.0380001068115234, 2.0369999408721924, 2.0369999408721924, 2.0369999408721924, 2.0280001163482666, 2.0250000953674316, 2.0239999294281006, 2.0239999294281006, 2.0220000743865967, 2.0169999599456787, 2.0160000324249268, 2.01200008392334, 2.005000114440918, 2.005000114440918, 2.003999948501587, 1.9989999532699585, 1.9950000047683716, 1.996000051498413, 1.9930000305175781, 1.9830000400543213, 1.9800000190734863, 1.9739999771118164, 1.972000002861023, 1.9639999866485596, 1.9589999914169312, 1.9550000429153442, 1.9550000429153442, 1.9479999542236328, 1.9459999799728394, 1.937999963760376, 1.934000015258789, 1.9299999475479126, 1.9210000038146973, 1.9220000505447388, 1.9160000085830688, 1.9119999408721924, 1.909999966621399, 1.9040000438690186, 1.899999976158142, 1.8930000066757202, 1.8940000534057617, 1.8830000162124634, 1.8769999742507935, 1.875, 1.8700000047683716, 1.8669999837875366, 1.8639999628067017, 1.8609999418258667, 1.8530000448226929, 1.843999981880188, 1.8350000381469727, 1.8300000429153442, 1.8209999799728394, 1.8140000104904175, 1.815000057220459, 1.8070000410079956, 1.7999999523162842, 1.7929999828338623, 1.7829999923706055, 1.781999945640564, 1.774999976158142, 1.7610000371932983, 1.7589999437332153, 1.75, 1.74399995803833, 1.7359999418258667, 1.7269999980926514, 1.722000002861023, 1.7139999866485596, 1.7100000381469727, 1.6979999542236328, 1.694000005722046, 1.6920000314712524, 1.6829999685287476, 1.6729999780654907, 1.6619999408721924, 1.659999966621399, 1.6549999713897705, 1.6490000486373901, 1.6399999856948853, 1.6330000162124634, 1.625, 1.6169999837875366, 1.6119999885559082, 1.6050000190734863, 1.5889999866485596, 1.5820000171661377, 1.569000005722046, 1.562000036239624, 1.5540000200271606, 1.5499999523162842, 1.534000039100647, 1.534000039100647, 1.5219999551773071, 1.5180000066757202, 1.5149999856948853, 1.5010000467300415, 1.4830000400543213, 1.4789999723434448, 1.472000002861023, 1.465999960899353, 1.4520000219345093, 1.4479999542236328, 1.430999994277954, 1.4270000457763672, 1.4129999876022339, 1.4049999713897705, 1.3869999647140503, 1.3769999742507935, 1.3680000305175781, 1.3589999675750732, 1.3539999723434448, 1.3359999656677246, 1.3300000429153442, 1.3140000104904175, 1.3079999685287476, 1.2920000553131104, 1.2829999923706055, 1.2769999504089355, 1.2630000114440918, 1.2419999837875366, 1.2300000190734863, 1.2170000076293945, 1.2100000381469727, 1.187000036239624, 1.1699999570846558, 1.159999966621399, 1.1469999551773071, 1.1419999599456787, 1.1169999837875366, 1.1059999465942383, 1.0950000286102295, 1.0789999961853027, 1.0729999542236328, 1.0579999685287476, 1.0520000457763672, 1.0299999713897705, 1.027999997138977, 1.0169999599456787, 1.0010000467300415, 0.984000027179718, 0.9750000238418579, 0.9710000157356262, 0.9679999947547913, 0.949999988079071, 0.9399999976158142, 0.9290000200271606, 0.9240000247955322, 0.9210000038146973, 0.9210000038146973, 0.9110000133514404, 0.8999999761581421, 0.8920000195503235, 0.8740000128746033, 0.8659999966621399, 0.8619999885559082, 0.859000027179718, 0.8619999885559082, 0.8579999804496765, 0.8460000157356262, 0.8370000123977661, 0.828000009059906, 0.8299999833106995, 0.8220000267028809, 0.8190000057220459, 0.8159999847412109, 0.8119999766349792, 0.8090000152587891, 0.7979999780654907, 0.7960000038146973, 0.7910000085830688, 0.7829999923706055, 0.7739999890327454, 0.7639999985694885, 0.7649999856948853, 0.7559999823570251, 0.7559999823570251, 0.7559999823570251, 0.7509999871253967, 0.7429999709129333, 0.7379999756813049, 0.7360000014305115, 0.7250000238418579, 0.7239999771118164, 0.7239999771118164, 0.7200000286102295, 0.7059999704360962, 0.7039999961853027, 0.6980000138282776, 0.6909999847412109, 0.6959999799728394, 0.6949999928474426, 0.6899999976158142, 0.6819999814033508, 0.6769999861717224, 0.6740000247955322, 0.6700000166893005, 0.6710000038146973, 0.6710000038146973, 0.6639999747276306, 0.6589999794960022, 0.656000018119812, 0.6549999713897705, 0.6549999713897705, 0.6489999890327454, 0.6489999890327454, 0.6359999775886536, 0.6309999823570251, 0.6370000243186951, 0.6320000290870667, 0.6259999871253967, 0.6259999871253967, 0.621999979019165, 0.6169999837875366, 0.6159999966621399, 0.6169999837875366, 0.6119999885559082, 0.609000027179718, 0.6060000061988831, 0.6010000109672546, 0.5910000205039978, 0.5870000123977661, 0.5889999866485596, 0.5860000252723694, 0.5870000123977661, 0.5839999914169312, 0.5789999961853027, 0.5789999961853027, 0.5789999961853027, 0.5720000267028809, 0.5709999799728394, 0.5709999799728394, 0.5699999928474426, 0.5609999895095825, 0.5609999895095825, 0.5580000281333923, 0.5550000071525574, 0.5540000200271606, 0.5550000071525574, 0.5569999814033508, 0.5509999990463257, 0.546999990940094, 0.5379999876022339, 0.5379999876022339, 0.5400000214576721, 0.5419999957084656, 0.5350000262260437, 0.5370000004768372, 0.5370000004768372, 0.5360000133514404, 0.531000018119812, 0.5289999842643738, 0.531000018119812, 0.5350000262260437, 0.5289999842643738, 0.5270000100135803, 0.5189999938011169, 0.515999972820282, 0.515999972820282, 0.515999972820282, 0.5130000114440918, 0.5080000162124634, 0.5080000162124634, 0.5080000162124634, 0.5120000243186951, 0.5099999904632568, 0.5040000081062317, 0.5040000081062317, 0.5040000081062317, 0.5009999871253967, 0.5, 0.503000020980835, 0.5019999742507935, 0.4950000047683716, 0.49399998784065247, 0.49300000071525574, 0.4869999885559082, 0.49000000953674316, 0.4950000047683716, 0.492000013589859, 0.492000013589859, 0.4869999885559082, 0.4830000102519989, 0.4869999885559082, 0.47999998927116394, 0.4740000069141388, 0.47999998927116394, 0.47999998927116394, 0.46700000762939453, 0.4740000069141388, 0.4699999988079071, 0.46799999475479126, 0.4690000116825104, 0.4699999988079071, 0.47600001096725464, 0.46700000762939453, 0.46700000762939453, 0.4690000116825104, 0.4659999907016754, 0.4659999907016754, 0.4659999907016754, 0.4690000116825104, 0.4659999907016754, 0.46399998664855957, 0.46299999952316284, 0.46399998664855957, 0.45899999141693115, 0.45899999141693115, 0.46000000834465027, 0.46399998664855957, 0.4690000116825104, 0.4650000035762787, 0.46000000834465027, 0.46000000834465027, 0.45899999141693115, 0.4580000042915344, 0.45500001311302185, 0.45500001311302185, 0.45500001311302185, 0.45399999618530273, 0.453000009059906, 0.4490000009536743, 0.44600000977516174, 0.44200000166893005, 0.4399999976158142, 0.4449999928474426, 0.44699999690055847, 0.4490000009536743, 0.4490000009536743, 0.4440000057220459, 0.44200000166893005, 0.4359999895095825, 0.4449999928474426, 0.4449999928474426, 0.4399999976158142, 0.4399999976158142, 0.43799999356269836, 0.4320000112056732, 0.4339999854564667, 0.4429999887943268, 0.4429999887943268, 0.43799999356269836, 0.4359999895095825, 0.43299999833106995, 0.4350000023841858, 0.43700000643730164, 0.4309999942779541, 0.42899999022483826, 0.4390000104904175, 0.43299999833106995, 0.42800000309944153, 0.42800000309944153, 0.4300000071525574, 0.42899999022483826, 0.4269999861717224, 0.4269999861717224, 0.42399999499320984, 0.42800000309944153, 0.43299999833106995, 0.4350000023841858, 0.4230000078678131, 0.421999990940094, 0.42399999499320984, 0.41999998688697815, 0.42800000309944153, 0.41999998688697815, 0.41999998688697815, 0.4189999997615814, 0.42800000309944153, 0.4180000126361847, 0.4180000126361847, 0.421999990940094, 0.42500001192092896, 0.421999990940094, 0.4180000126361847, 0.4169999957084656, 0.4189999997615814, 0.4189999997615814, 0.4180000126361847, 0.4180000126361847, 0.421999990940094, 0.421999990940094, 0.4169999957084656, 0.4180000126361847, 0.41999998688697815, 0.4169999957084656, 0.4129999876022339, 0.414000004529953, 0.41999998688697815, 0.4300000071525574, 0.4259999990463257, 0.41999998688697815, 0.4189999997615814, 0.42100000381469727, 0.42100000381469727, 0.421999990940094, 0.42100000381469727, 0.4230000078678131, 0.4230000078678131, 0.4180000126361847, 0.4169999957084656, 0.41999998688697815, 0.41499999165534973, 0.41600000858306885, 0.4230000078678131, 0.42500001192092896, 0.4230000078678131, 0.42100000381469727, 0.42100000381469727, 0.42899999022483826, 0.421999990940094, 0.42500001192092896, 0.42899999022483826, 0.42899999022483826, 0.42399999499320984, 0.421999990940094, 0.42100000381469727, 0.4230000078678131, 0.4230000078678131, 0.421999990940094, 0.421999990940094, 0.4300000071525574, 0.4300000071525574, 0.421999990940094, 0.42100000381469727, 0.42899999022483826, 0.43700000643730164, 0.43299999833106995, 0.4269999861717224, 0.4269999861717224, 0.4309999942779541, 0.42800000309944153, 0.4269999861717224, 0.4259999990463257, 0.42800000309944153, 0.4309999942779541, 0.4350000023841858, 0.42899999022483826, 0.4269999861717224, 0.4320000112056732, 0.44200000166893005, 0.44200000166893005, 0.4320000112056732, 0.4269999861717224, 0.4320000112056732, 0.4339999854564667, 0.43700000643730164, 0.4269999861717224, 0.42899999022483826, 0.42800000309944153, 0.42899999022483826, 0.4300000071525574, 0.4300000071525574, 0.42800000309944153, 0.4350000023841858, 0.42899999022483826, 0.43299999833106995, 0.4350000023841858, 0.4350000023841858, 0.4309999942779541, 0.42800000309944153, 0.42800000309944153, 0.4320000112056732, 0.4359999895095825, 0.4339999854564667, 0.43700000643730164, 0.4359999895095825, 0.4390000104904175, 0.4440000057220459, 0.4399999976158142, 0.4390000104904175, 0.4390000104904175, 0.4410000145435333, 0.44200000166893005, 0.4429999887943268, 0.44200000166893005, 0.44200000166893005, 0.4390000104904175, 0.4449999928474426, 0.4410000145435333, 0.4449999928474426, 0.44600000977516174, 0.4440000057220459, 0.4440000057220459, 0.4429999887943268, 0.4429999887943268, 0.4440000057220459, 0.44600000977516174, 0.44600000977516174, 0.4449999928474426, 0.4440000057220459, 0.44600000977516174, 0.44600000977516174, 0.45399999618530273, 0.46000000834465027, 0.45500001311302185, 0.45100000500679016, 0.4480000138282776, 0.4480000138282776, 0.45399999618530273, 0.44999998807907104, 0.44999998807907104, 0.453000009059906, 0.4569999873638153, 0.45899999141693115, 0.46000000834465027, 0.460999995470047, 0.46000000834465027, 0.4519999921321869, 0.453000009059906, 0.4620000123977661, 0.4650000035762787, 0.4620000123977661, 0.4569999873638153, 0.46000000834465027, 0.46299999952316284, 0.4620000123977661, 0.46299999952316284, 0.4650000035762787, 0.4659999907016754, 0.4699999988079071, 0.46700000762939453, 0.47099998593330383, 0.47200000286102295, 0.47200000286102295, 0.4699999988079071, 0.4790000021457672, 0.47699999809265137, 0.48100000619888306, 0.4729999899864197, 0.4819999933242798, 0.4830000102519989, 0.4860000014305115, 0.48500001430511475, 0.4950000047683716, 0.4909999966621399, 0.4950000047683716, 0.49799999594688416, 0.4950000047683716, 0.49300000071525574, 0.4970000088214874, 0.5, 0.4970000088214874, 0.5019999742507935, 0.5090000033378601, 0.5070000290870667, 0.5059999823570251, 0.5040000081062317, 0.5049999952316284, 0.5090000033378601, 0.5139999985694885, 0.5180000066757202, 0.5270000100135803, 0.5239999890327454, 0.5239999890327454, 0.5320000052452087, 0.5370000004768372, 0.527999997138977, 0.5249999761581421, 0.5289999842643738, 0.5360000133514404, 0.5419999957084656, 0.5429999828338623, 0.5429999828338623, 0.5450000166893005, 0.5450000166893005, 0.546999990940094, 0.546999990940094, 0.5460000038146973, 0.5460000038146973, 0.5490000247955322, 0.5509999990463257, 0.5540000200271606, 0.5590000152587891, 0.5550000071525574, 0.5529999732971191, 0.5519999861717224, 0.5590000152587891, 0.5680000185966492, 0.5680000185966492, 0.5699999928474426, 0.5699999928474426, 0.5809999704360962, 0.5789999961853027, 0.5759999752044678, 0.578000009059906, 0.5860000252723694, 0.5860000252723694, 0.5849999785423279, 0.5849999785423279, 0.5839999914169312, 0.5899999737739563, 0.5910000205039978, 0.5950000286102295, 0.5989999771118164, 0.6050000190734863, 0.6069999933242798, 0.6069999933242798, 0.6129999756813049, 0.6110000014305115, 0.6110000014305115, 0.6129999756813049, 0.6140000224113464, 0.6169999837875366, 0.6159999966621399, 0.6190000176429749, 0.6190000176429749, 0.625, 0.6269999742507935, 0.6309999823570251, 0.6359999775886536, 0.6340000033378601, 0.6340000033378601, 0.6389999985694885, 0.6370000243186951, 0.6370000243186951, 0.6349999904632568, 0.6460000276565552, 0.6449999809265137, 0.6449999809265137, 0.6499999761581421, 0.6539999842643738, 0.6589999794960022, 0.6600000262260437, 0.675000011920929, 0.6850000023841858, 0.6930000185966492, 0.6930000185966492, 0.6959999799728394, 0.6959999799728394, 0.7089999914169312, 0.7120000123977661, 0.7170000076293945, 0.7239999771118164, 0.7300000190734863, 0.7279999852180481, 0.7279999852180481, 0.7360000014305115, 0.7519999742507935, 0.7509999871253967, 0.7509999871253967, 0.7509999871253967, 0.7509999871253967]
intensities: [1056.0, 1056.0, 1125.0, 1136.0, 1135.0, 1177.0, 1219.0, 1404.0, 1410.0, 1430.0, 1450.0, 1474.0, 1469.0, 1296.0, 1296.0, 1160.0, 1029.0, 924.0, 853.0, 911.0, 1009.0, 1097.0, 1129.0, 1126.0, 1113.0, 1065.0, 1078.0, 1065.0, 1081.0, 1120.0, 1271.0, 1203.0, 1428.0, 1461.0, 1474.0, 1521.0, 1576.0, 1616.0, 1616.0, 1663.0, 1676.0, 1678.0, 1691.0, 1689.0, 1708.0, 1702.0, 1724.0, 1729.0, 1730.0, 1731.0, 1729.0, 1729.0, 1728.0, 1729.0, 1745.0, 1748.0, 1742.0, 1735.0, 1737.0, 1736.0, 1735.0, 1736.0, 1733.0, 1737.0, 1737.0, 1726.0, 1715.0, 1724.0, 1733.0, 1720.0, 1720.0, 1729.0, 1729.0, 1728.0, 1731.0, 1731.0, 1731.0, 1730.0, 1725.0, 1721.0, 1722.0, 1730.0, 1714.0, 1736.0, 1729.0, 1729.0, 1731.0, 1716.0, 1709.0, 1716.0, 1718.0, 1722.0, 1712.0, 1733.0, 1728.0, 1723.0, 1723.0, 1685.0, 1690.0, 1699.0, 1679.0, 1674.0, 1685.0, 1685.0, 1696.0, 1679.0, 1685.0, 1680.0, 1684.0, 1693.0, 1691.0, 1680.0, 1690.0, 1670.0, 1673.0, 1673.0, 1680.0, 1683.0, 1665.0, 1647.0, 1660.0, 1667.0, 1658.0, 1658.0, 1654.0, 1643.0, 1633.0, 1633.0, 1623.0, 1619.0, 1610.0, 1599.0, 1596.0, 1578.0, 1571.0, 1564.0, 1537.0, 1547.0, 1542.0, 1532.0, 1510.0, 1507.0, 1495.0, 1516.0, 1486.0, 1504.0, 1516.0, 1486.0, 1469.0, 1469.0, 1451.0, 1448.0, 1451.0, 1447.0, 1430.0, 1435.0, 1430.0, 1419.0, 1394.0, 1395.0, 1393.0, 1393.0, 1386.0, 1391.0, 1382.0, 1360.0, 1387.0, 1370.0, 1353.0, 1320.0, 1320.0, 1338.0, 1348.0, 1334.0, 1329.0, 1306.0, 1299.0, 1314.0, 1298.0, 1296.0, 1283.0, 1278.0, 1267.0, 1275.0, 1251.0, 1251.0, 1238.0, 1243.0, 1231.0, 1223.0, 1219.0, 1222.0, 1220.0, 1214.0, 1203.0, 1208.0, 1212.0, 1209.0, 1206.0, 1216.0, 1230.0, 1215.0, 1204.0, 1204.0, 1201.0, 1198.0, 1195.0, 1200.0, 1200.0, 1195.0, 1193.0, 1192.0, 1196.0, 1195.0, 1182.0, 1187.0, 1182.0, 1180.0, 1156.0, 1156.0, 1166.0, 1169.0, 1166.0, 1165.0, 1147.0, 1151.0, 1155.0, 1154.0, 1144.0, 1140.0, 1130.0, 1130.0, 1130.0, 1137.0, 1135.0, 1135.0, 1142.0, 1140.0, 1135.0, 1125.0, 1127.0, 1140.0, 1140.0, 1123.0, 1110.0, 1129.0, 1138.0, 1141.0, 1143.0, 1143.0, 1138.0, 1141.0, 1144.0, 1149.0, 1130.0, 1152.0, 1134.0, 1139.0, 1137.0, 1130.0, 1143.0, 1157.0, 1157.0, 1133.0, 1133.0, 1145.0, 1148.0, 1128.0, 1153.0, 1159.0, 1160.0, 1135.0, 1136.0, 1127.0, 1147.0, 1153.0, 1139.0, 1129.0, 1130.0, 1130.0, 1139.0, 1139.0, 1146.0, 1147.0, 1115.0, 1139.0, 1137.0, 1137.0, 1129.0, 1141.0, 1136.0, 1138.0, 1137.0, 1136.0, 1136.0, 1117.0, 1115.0, 1125.0, 1120.0, 1133.0, 1129.0, 1140.0, 1124.0, 1120.0, 1123.0, 1123.0, 1128.0, 1130.0, 1129.0, 1121.0, 1125.0, 1125.0, 1112.0, 1113.0, 1138.0, 1126.0, 1112.0, 1134.0, 1121.0, 1119.0, 1119.0, 1152.0, 1146.0, 1111.0, 1111.0, 1113.0, 1113.0, 1122.0, 1120.0, 1131.0, 1124.0, 1125.0, 1138.0, 1101.0, 1134.0, 1134.0, 1134.0, 1111.0, 1085.0, 1084.0, 1088.0, 1086.0, 1108.0, 1113.0, 1111.0, 1111.0, 1106.0, 1085.0, 1096.0, 1106.0, 1106.0, 1097.0, 1105.0, 1092.0, 1080.0, 1102.0, 1105.0, 1102.0, 1085.0, 1088.0, 1110.0, 1106.0, 1121.0, 1112.0, 1112.0, 1114.0, 1107.0, 1114.0, 1098.0, 1110.0, 1102.0, 1107.0, 1117.0, 1126.0, 1123.0, 1130.0, 1139.0, 1135.0, 1401.0, 1434.0, 1271.0, 1026.0, 1013.0, 1019.0, 1017.0, 1009.0, 1024.0, 1016.0, 1014.0, 1019.0, 1017.0, 1037.0, 1042.0, 1041.0, 1026.0, 1044.0, 1035.0, 1038.0, 1048.0, 1048.0, 1038.0, 1042.0, 1053.0, 1025.0, 1032.0, 1040.0, 1034.0, 1037.0, 1043.0, 1030.0, 1033.0, 1032.0, 1028.0, 1027.0, 1034.0, 1029.0, 1023.0, 1036.0, 1027.0, 1030.0, 1031.0, 1042.0, 1032.0, 1037.0, 1044.0, 1038.0, 1038.0, 1037.0, 1054.0, 1052.0, 1055.0, 1062.0, 1058.0, 1068.0, 1068.0, 1080.0, 1081.0, 1066.0, 1077.0, 1070.0, 1094.0, 1094.0, 1086.0, 1087.0, 1089.0, 1085.0, 1083.0, 1078.0, 1091.0, 1089.0, 1086.0, 1091.0, 1089.0, 1082.0, 1073.0, 1100.0, 1103.0, 1087.0, 1089.0, 1093.0, 1093.0, 1101.0, 1094.0, 1088.0, 1088.0, 1108.0, 1096.0, 1095.0, 1102.0, 1103.0, 1101.0, 1103.0, 1106.0, 1106.0, 1114.0, 1111.0, 1114.0, 1114.0, 1117.0, 1116.0, 1120.0, 1112.0, 1118.0, 1122.0, 1109.0, 1121.0, 1111.0, 1116.0, 1110.0, 1107.0, 1108.0, 1108.0, 1115.0, 1127.0, 1117.0, 1124.0, 1118.0, 1114.0, 1116.0, 1138.0, 1133.0, 1109.0, 1117.0, 1126.0, 1123.0, 1114.0, 1111.0, 1099.0, 1120.0, 1119.0, 1118.0, 1120.0, 1111.0, 1122.0, 1122.0, 1116.0, 1129.0, 1113.0, 1115.0, 1117.0, 1107.0, 1094.0, 1117.0, 1117.0, 1128.0, 1103.0, 1126.0, 1110.0, 1121.0, 1099.0, 1119.0, 1119.0, 1133.0, 1118.0, 1126.0, 1090.0, 1113.0, 1098.0, 1104.0, 1104.0, 1108.0, 1114.0, 1117.0, 1098.0, 1104.0, 1107.0, 1100.0, 1101.0, 1100.0, 1095.0, 1095.0, 1103.0, 1104.0, 1108.0, 1112.0, 1115.0, 1121.0, 1116.0, 1115.0, 1105.0, 1099.0, 1122.0, 1108.0, 1103.0, 1107.0, 1109.0, 1133.0, 1118.0, 1107.0, 1101.0, 1086.0, 1117.0, 1140.0, 1149.0, 1130.0, 1127.0, 1144.0, 1134.0, 1148.0, 1157.0, 1142.0, 1139.0, 1137.0, 1145.0, 1138.0, 1142.0, 1136.0, 1159.0, 1153.0, 1177.0, 1167.0, 1155.0, 1154.0, 1174.0, 1177.0, 1205.0, 1199.0, 1202.0, 1214.0, 1203.0, 1243.0, 1227.0, 1249.0, 1254.0, 1273.0, 1294.0, 1290.0, 1317.0, 1304.0, 1304.0, 1302.0, 1317.0, 1339.0, 1300.0, 1334.0, 1351.0, 1344.0, 1362.0, 1369.0, 1370.0, 1367.0, 1359.0, 1382.0, 1384.0, 1391.0, 1390.0, 1395.0, 1406.0, 1456.0, 1465.0, 1488.0, 1479.0, 1517.0, 1510.0, 1514.0, 1484.0, 1484.0, 1474.0, 1454.0, 1451.0, 1454.0, 1454.0, 1463.0, 1463.0, 1473.0, 1472.0, 1496.0, 1484.0, 1510.0, 1510.0, 1501.0, 1483.0, 1494.0, 1493.0, 1493.0, 1514.0, 1545.0, 1547.0, 1552.0, 1559.0, 1551.0, 1550.0, 1577.0, 1564.0, 1570.0, 1570.0, 1570.0, 1569.0, 1587.0, 1587.0, 1593.0, 1622.0, 1608.0, 1602.0, 1618.0, 1597.0, 1603.0, 1609.0, 1607.0, 1629.0, 1614.0, 1614.0, 1623.0, 1627.0, 1604.0, 1612.0, 1612.0, 1634.0, 1646.0, 1630.0, 1618.0, 1636.0, 1641.0, 1649.0, 1653.0, 1653.0, 1655.0, 1680.0, 1666.0, 1667.0, 1681.0, 1681.0, 1687.0, 1676.0, 1692.0, 1712.0, 1720.0, 1718.0, 1714.0, 1728.0, 1717.0, 1732.0, 1731.0, 1731.0, 1735.0, 1725.0, 1715.0, 1733.0, 1734.0, 1733.0, 1738.0, 1727.0, 1730.0, 1712.0, 1737.0, 1737.0, 1721.0, 1707.0, 1706.0, 1716.0, 1707.0, 1722.0, 1716.0, 1723.0, 1719.0, 1711.0, 1699.0, 1694.0, 1704.0, 1714.0, 1698.0, 1673.0, 1699.0, 1683.0, 1685.0, 1688.0, 1693.0, 1682.0, 1721.0, 1718.0, 1713.0, 1725.0, 1716.0, 1714.0, 1714.0, 1734.0, 1734.0, 1721.0, 1693.0, 1690.0, 1687.0, 1697.0, 1701.0, 1691.0, 1682.0, 1719.0, 1719.0, 1686.0, 1701.0, 1672.0, 1682.0, 1682.0, 1662.0, 1676.0, 1662.0, 1640.0, 1618.0, 1619.0, 1621.0, 1641.0, 1630.0, 1619.0, 1627.0, 1628.0, 1627.0, 1633.0, 1603.0, 1597.0, 1592.0, 1592.0, 1615.0, 1611.0, 1606.0, 1606.0, 1596.0, 1603.0, 1596.0, 1613.0, 1584.0, 1595.0, 1593.0, 1584.0, 1587.0, 1557.0, 1557.0, 1556.0, 1555.0, 1551.0, 1551.0, 1553.0, 1541.0, 1543.0, 1541.0, 1541.0, 1551.0, 1551.0, 1539.0, 1545.0, 1555.0, 1550.0, 1552.0, 1550.0, 1548.0, 1562.0, 1570.0, 1546.0, 1518.0, 1531.0, 1524.0, 1552.0, 1541.0, 1516.0, 1516.0, 1509.0, 1512.0, 1507.0, 1507.0, 1492.0, 1494.0, 1497.0, 1482.0, 1486.0, 1502.0, 1453.0, 1452.0, 1453.0, 1453.0, 1460.0, 1458.0, 1453.0, 1462.0, 1462.0, 1454.0, 1437.0, 1439.0, 1435.0, 1428.0, 1430.0, 1430.0, 1433.0, 1433.0, 1420.0, 1423.0, 1406.0, 1419.0, 1411.0, 1382.0, 1382.0, 1403.0, 1387.0, 1369.0, 1367.0, 1350.0, 1353.0, 1372.0, 1354.0, 1371.0, 1352.0, 1337.0, 1337.0, 1333.0, 1310.0, 1315.0, 1307.0, 1316.0, 1308.0, 1313.0, 1308.0, 1295.0, 1299.0, 1301.0, 1293.0, 1275.0, 1281.0, 1283.0, 1265.0, 1265.0, 1258.0, 1247.0, 1247.0, 1233.0, 1241.0, 1240.0, 1266.0, 1257.0, 1246.0, 1248.0, 1240.0, 1239.0, 1233.0, 1241.0, 1234.0, 1231.0, 1231.0, 1231.0, 1224.0, 1230.0, 1231.0, 1230.0, 1232.0, 1228.0, 1224.0, 1214.0, 1214.0, 1217.0, 1215.0, 1216.0, 1212.0, 1206.0, 1193.0, 1189.0, 1191.0, 1198.0, 1188.0, 1189.0, 1186.0, 1186.0, 1181.0, 1177.0, 1177.0, 1177.0, 1172.0, 1179.0, 1180.0, 1191.0, 1183.0, 1156.0, 1161.0, 1165.0, 1167.0, 1160.0, 1147.0, 1153.0, 1164.0, 1165.0, 1160.0, 1163.0, 1166.0, 1168.0, 1148.0, 1154.0, 1164.0, 1164.0, 1156.0, 1162.0, 1174.0, 1166.0, 1169.0, 1166.0, 1154.0, 1158.0, 1151.0, 1175.0, 1182.0, 1166.0, 1150.0, 1154.0, 1159.0, 1162.0, 1162.0, 1162.0, 1158.0, 1154.0, 1162.0, 1172.0, 1170.0, 1171.0, 1170.0, 1167.0, 1168.0, 1193.0, 1194.0, 1194.0, 1194.0, 1194.0, 1190.0, 1180.0, 1190.0, 1191.0, 1192.0, 1194.0, 1196.0, 1193.0, 1196.0, 1188.0, 1187.0, 1186.0, 1186.0, 1183.0, 1193.0, 1220.0, 1235.0, 1229.0, 1240.0, 1253.0, 1248.0, 1249.0, 1255.0, 1268.0, 1284.0, 1285.0, 1285.0, 1300.0, 1296.0, 1282.0, 1282.0, 1272.0, 1272.0, 1245.0, 1269.0, 1266.0, 1284.0, 1300.0, 1283.0, 1298.0, 1298.0, 1291.0, 1254.0, 1240.0, 1236.0, 1224.0, 1212.0, 1190.0, 1188.0, 1183.0, 1215.0, 1225.0, 1234.0, 1249.0, 1235.0, 1235.0, 1219.0, 1207.0, 1218.0, 1199.0, 1227.0, 1208.0, 1203.0, 1207.0, 1227.0, 1217.0, 1211.0, 1212.0, 1233.0, 1248.0, 1248.0, 1276.0, 1255.0, 1282.0, 1263.0, 1280.0, 1262.0, 1267.0, 1268.0, 1267.0, 1280.0, 1272.0, 1266.0, 1266.0, 1254.0, 1254.0]