header: 
  seq: 2066
  stamp: 
    secs: 1548820808
    nsecs: 840503506
  frame_id: "base_link"
angle_min: -2.35619449615
angle_max: 2.35619449615
angle_increment: 0.00436332309619
time_increment: 1.73611151695e-05
scan_time: 0.0250000003725
range_min: 0.019999999553
range_max: 30.0
ranges: [0.46700000762939453, 0.4699999988079071, 0.47099998593330383, 0.4729999899864197, 0.4729999899864197, 0.4819999933242798, 0.48500001430511475, 0.48399999737739563, 0.492000013589859, 0.49000000953674316, 0.49000000953674316, 0.49000000953674316, 0.4749999940395355, 0.47200000286102295, 0.46299999952316284, 0.4399999976158142, 0.37700000405311584, 0.3709999918937683, 0.34700000286102295, 0.3190000057220459, 0.39800000190734863, 0.4189999997615814, 0.4440000057220459, 0.46299999952316284, 0.4690000116825104, 0.47699999809265137, 0.48399999737739563, 0.47999998927116394, 0.46700000762939453, 0.46399998664855957, 0.4620000123977661, 0.4729999899864197, 0.4729999899864197, 0.4729999899864197, 0.4749999940395355, 0.4699999988079071, 0.47200000286102295, 0.47099998593330383, 0.4729999899864197, 0.4740000069141388, 0.4699999988079071, 0.47099998593330383, 0.47099998593330383, 0.4699999988079071, 0.4659999907016754, 0.4690000116825104, 0.47600001096725464, 0.47099998593330383, 0.4699999988079071, 0.4690000116825104, 0.4690000116825104, 0.4690000116825104, 0.4699999988079071, 0.47200000286102295, 0.47200000286102295, 0.47200000286102295, 0.4659999907016754, 0.4620000123977661, 0.4569999873638153, 0.46399998664855957, 0.47099998593330383, 0.4650000035762787, 0.46399998664855957, 0.4650000035762787, 0.46799999475479126, 0.46799999475479126, 0.46700000762939453, 0.460999995470047, 0.460999995470047, 0.46299999952316284, 0.4650000035762787, 0.46000000834465027, 0.4580000042915344, 0.4690000116825104, 0.46700000762939453, 0.46299999952316284, 0.46299999952316284, 0.46299999952316284, 0.4569999873638153, 0.4580000042915344, 0.4650000035762787, 0.4650000035762787, 0.4650000035762787, 0.4749999940395355, 0.46399998664855957, 0.4580000042915344, 0.46000000834465027, 0.46299999952316284, 0.460999995470047, 0.46299999952316284, 0.46000000834465027, 0.45399999618530273, 0.45399999618530273, 0.46000000834465027, 0.4620000123977661, 0.4560000002384186, 0.4560000002384186, 0.4580000042915344, 0.4580000042915344, 0.4580000042915344, 0.4560000002384186, 0.4560000002384186, 0.45500001311302185, 0.4580000042915344, 0.4580000042915344, 0.4569999873638153, 0.45500001311302185, 0.45500001311302185, 0.45500001311302185, 0.4569999873638153, 0.4569999873638153, 0.4569999873638153, 0.4569999873638153, 0.453000009059906, 0.4569999873638153, 0.45500001311302185, 0.45500001311302185, 0.45399999618530273, 0.45399999618530273, 0.4580000042915344, 0.46000000834465027, 0.4580000042915344, 0.4560000002384186, 0.4560000002384186, 0.4569999873638153, 0.460999995470047, 0.46700000762939453, 0.46299999952316284, 0.4580000042915344, 0.4569999873638153, 0.45500001311302185, 0.45500001311302185, 0.4560000002384186, 0.46000000834465027, 0.46000000834465027, 0.46000000834465027, 0.45899999141693115, 0.4569999873638153, 0.46000000834465027, 0.46299999952316284, 0.4650000035762787, 0.4699999988079071, 0.45500001311302185, 0.45500001311302185, 0.46000000834465027, 0.460999995470047, 0.4620000123977661, 0.46000000834465027, 0.46000000834465027, 0.45899999141693115, 0.4580000042915344, 0.45899999141693115, 0.460999995470047, 0.4620000123977661, 0.4620000123977661, 0.46299999952316284, 0.4580000042915344, 0.4560000002384186, 0.45899999141693115, 0.4560000002384186, 0.46000000834465027, 0.4620000123977661, 0.460999995470047, 0.4569999873638153, 0.4569999873638153, 0.4569999873638153, 0.46299999952316284, 0.46299999952316284, 0.46299999952316284, 0.46299999952316284, 0.46299999952316284, 0.46299999952316284, 0.45899999141693115, 0.45899999141693115, 0.46799999475479126, 0.46399998664855957, 0.46299999952316284, 0.4650000035762787, 0.4749999940395355, 0.47200000286102295, 0.4650000035762787, 0.46299999952316284, 0.46700000762939453, 0.46700000762939453, 0.46700000762939453, 0.47099998593330383, 0.4699999988079071, 0.4699999988079071, 0.46799999475479126, 0.4690000116825104, 0.4690000116825104, 0.46700000762939453, 0.4650000035762787, 0.46700000762939453, 0.47099998593330383, 0.47099998593330383, 0.4690000116825104, 0.46299999952316284, 0.4650000035762787, 0.46700000762939453, 0.4699999988079071, 0.4699999988079071, 0.46700000762939453, 0.4749999940395355, 0.4779999852180481, 0.47600001096725464, 0.4749999940395355, 0.4860000014305115, 0.4860000014305115, 0.4869999885559082, 0.48100000619888306, 0.4779999852180481, 0.4790000021457672, 0.4860000014305115, 0.4860000014305115, 0.4869999885559082, 0.4860000014305115, 0.4880000054836273, 0.48500001430511475, 0.49000000953674316, 0.49000000953674316, 0.49300000071525574, 0.4869999885559082, 0.4830000102519989, 0.4880000054836273, 0.4880000054836273, 0.4880000054836273, 0.48899999260902405, 0.48899999260902405, 0.4909999966621399, 0.492000013589859, 0.49399998784065247, 0.4959999918937683, 0.4970000088214874, 0.5040000081062317, 0.5040000081062317, 0.5080000162124634, 0.5099999904632568, 0.5130000114440918, 0.5090000033378601, 0.5059999823570251, 0.5040000081062317, 0.5080000162124634, 0.5040000081062317, 0.5040000081062317, 0.5070000290870667, 0.5120000243186951, 0.5149999856948853, 0.5189999938011169, 0.5149999856948853, 0.5139999985694885, 0.5139999985694885, 0.5230000019073486, 0.5249999761581421, 0.5350000262260437, 0.5249999761581421, 0.5249999761581421, 0.527999997138977, 0.531000018119812, 0.5389999747276306, 0.5450000166893005, 0.5440000295639038, 0.5350000262260437, 0.5410000085830688, 0.5410000085830688, 0.5410000085830688, 0.5429999828338623, 0.5429999828338623, 0.5479999780654907, 0.5590000152587891, 0.5630000233650208, 0.5640000104904175, 0.5630000233650208, 0.5640000104904175, 0.5649999976158142, 0.5649999976158142, 0.5659999847412109, 0.5730000138282776, 0.5770000219345093, 0.5830000042915344, 0.5860000252723694, 0.5910000205039978, 0.5879999995231628, 0.5899999737739563, 0.5950000286102295, 0.6060000061988831, 0.609000027179718, 0.6129999756813049, 0.6179999709129333, 0.6230000257492065, 0.6320000290870667, 0.6399999856948853, 0.6549999713897705, 0.7149999737739563, 0.7950000166893005, 0.6579999923706055, 2.75, 2.736999988555908, 2.7160000801086426, 2.687999963760376, 2.6619999408721924, 2.6610000133514404, 2.627000093460083, 2.611999988555908, 2.5869998931884766, 2.553999900817871, 2.5429999828338623, 2.5339999198913574, 2.507999897003174, 2.4769999980926514, 2.4570000171661377, 2.436000108718872, 2.421999931335449, 2.4079999923706055, 2.3940000534057617, 2.369999885559082, 2.361999988555908, 2.3359999656677246, 2.325000047683716, 2.308000087738037, 2.2890000343322754, 2.2799999713897705, 2.255000114440918, 2.240999937057495, 2.2320001125335693, 2.2090001106262207, 2.197999954223633, 2.188999891281128, 2.1760001182556152, 2.1579999923706055, 2.134000062942505, 2.121000051498413, 2.115000009536743, 2.0929999351501465, 2.0899999141693115, 2.0769999027252197, 2.062999963760376, 2.055999994277954, 2.0490000247955322, 2.0329999923706055, 2.0250000953674316, 2.006999969482422, 1.9950000047683716, 1.9839999675750732, 1.965999960899353, 1.9589999914169312, 1.9429999589920044, 1.9390000104904175, 1.9259999990463257, 1.9210000038146973, 1.9149999618530273, 1.8919999599456787, 1.8839999437332153, 1.86899995803833, 1.8669999837875366, 1.8639999628067017, 1.843000054359436, 1.8359999656677246, 1.8229999542236328, 1.8179999589920044, 1.8070000410079956, 1.7999999523162842, 1.7929999828338623, 1.784999966621399, 1.777999997138977, 1.7690000534057617, 1.7680000066757202, 1.7589999437332153, 1.7410000562667847, 1.7280000448226929, 1.725000023841858, 1.7209999561309814, 1.7109999656677246, 1.7000000476837158, 1.6979999542236328, 1.6929999589920044, 1.6779999732971191, 1.6729999780654907, 1.6690000295639038, 1.6629999876022339, 1.656999945640564, 1.6410000324249268, 1.6380000114440918, 1.6380000114440918, 1.6299999952316284, 1.6260000467300415, 1.625, 1.61899995803833, 1.6039999723434448, 1.593000054359436, 1.5800000429153442, 1.5779999494552612, 1.5720000267028809, 1.5700000524520874, 1.559000015258789, 1.5509999990463257, 1.5449999570846558, 1.5420000553131104, 1.5369999408721924, 1.5379999876022339, 1.531999945640564, 1.5210000276565552, 1.5169999599456787, 1.5149999856948853, 1.5140000581741333, 1.5110000371932983, 1.50600004196167, 1.4950000047683716, 1.49399995803833, 1.4900000095367432, 1.4900000095367432, 1.4819999933242798, 1.4780000448226929, 1.4759999513626099, 1.4700000286102295, 1.4630000591278076, 1.4559999704360962, 1.4490000009536743, 1.4470000267028809, 1.4420000314712524, 1.4359999895095825, 1.4290000200271606, 1.4249999523162842, 1.4240000247955322, 1.4240000247955322, 1.4179999828338623, 1.409000039100647, 1.406999945640564, 1.3990000486373901, 1.3980000019073486, 1.399999976158142, 1.3990000486373901, 1.3949999809265137, 1.3830000162124634, 1.378999948501587, 1.375, 1.371999979019165, 1.36899995803833, 1.371000051498413, 1.3639999628067017, 1.3660000562667847, 1.3650000095367432, 1.3639999628067017, 1.3589999675750732, 1.3569999933242798, 1.3550000190734863, 1.3489999771118164, 1.343999981880188, 1.3370000123977661, 1.3359999656677246, 1.3279999494552612, 1.3259999752044678, 1.3209999799728394, 1.3209999799728394, 1.3209999799728394, 1.3170000314712524, 1.3179999589920044, 1.309999942779541, 1.305999994277954, 1.309000015258789, 1.309000015258789, 1.3029999732971191, 1.2970000505447388, 1.2999999523162842, 1.2920000553131104, 1.2829999923706055, 1.284000039100647, 1.284999966621399, 1.281999945640564, 1.2730000019073486, 1.2710000276565552, 1.2669999599456787, 1.2649999856948853, 1.2589999437332153, 1.25600004196167, 1.25600004196167, 1.2549999952316284, 1.2549999952316284, 1.2549999952316284, 1.2389999628067017, 1.2369999885559082, 1.2369999885559082, 1.2380000352859497, 1.2300000190734863, 1.2269999980926514, 1.2259999513626099, 1.225000023841858, 1.2209999561309814, 1.218999981880188, 1.218999981880188, 1.2089999914169312, 1.2020000219345093, 1.2000000476837158, 1.1950000524520874, 1.194000005722046, 1.1859999895095825, 1.184999942779541, 1.180999994277954, 1.1740000247955322, 1.1740000247955322, 1.1699999570846558, 1.1749999523162842, 1.1749999523162842, 1.1619999408721924, 1.159999966621399, 1.1480000019073486, 1.1480000019073486, 1.1480000019073486, 1.1419999599456787, 1.1369999647140503, 1.1269999742507935, 1.128000020980835, 1.1239999532699585, 1.1180000305175781, 1.1180000305175781, 1.1150000095367432, 1.1139999628067017, 1.1109999418258667, 1.1080000400543213, 1.0989999771118164, 1.0959999561309814, 1.093000054359436, 1.0870000123977661, 1.0880000591278076, 1.0870000123977661, 1.0829999446868896, 1.0770000219345093, 1.0779999494552612, 1.0720000267028809, 1.065000057220459, 1.0640000104904175, 1.059999942779541, 1.0540000200271606, 1.0540000200271606, 1.0479999780654907, 1.0449999570846558, 1.0399999618530273, 1.0360000133514404, 1.0360000133514404, 1.0299999713897705, 1.0299999713897705, 1.027999997138977, 1.0190000534057617, 1.0130000114440918, 1.0069999694824219, 0.996999979019165, 0.9940000176429749, 0.9940000176429749, 0.9879999756813049, 0.9869999885559082, 0.9869999885559082, 0.9869999885559082, 0.9810000061988831, 0.9760000109672546, 0.9739999771118164, 0.968999981880188, 0.9629999995231628, 0.9620000123977661, 0.9549999833106995, 0.9549999833106995, 0.9509999752044678, 0.9480000138282776, 0.9449999928474426, 0.9369999766349792, 0.9350000023841858, 0.9340000152587891, 0.9300000071525574, 0.921999990940094, 0.9210000038146973, 0.9120000004768372, 0.9100000262260437, 0.9110000133514404, 0.902999997138977, 0.8980000019073486, 0.8980000019073486, 0.8980000019073486, 0.8889999985694885, 0.8830000162124634, 0.8830000162124634, 0.8840000033378601, 0.8740000128746033, 0.8730000257492065, 0.8669999837875366, 0.8659999966621399, 0.8669999837875366, 0.8619999885559082, 0.8500000238418579, 0.8500000238418579, 0.8460000157356262, 0.8389999866485596, 0.8429999947547913, 0.8379999995231628, 0.8320000171661377, 0.8299999833106995, 0.8199999928474426, 0.8180000185966492, 0.8119999766349792, 0.8090000152587891, 0.8100000023841858, 0.8069999814033508, 0.8069999814033508, 0.800000011920929, 0.7950000166893005, 0.7919999957084656, 0.7889999747276306, 0.7879999876022339, 0.7829999923706055, 0.777999997138977, 0.777999997138977, 0.777999997138977, 0.7760000228881836, 0.7649999856948853, 0.7570000290870667, 0.7559999823570251, 0.7490000128746033, 0.7480000257492065, 0.7459999918937683, 0.7400000095367432, 0.7360000014305115, 0.7360000014305115, 0.7350000143051147, 0.734000027179718, 0.7269999980926514, 0.722000002861023, 0.722000002861023, 0.7210000157356262, 0.7120000123977661, 0.7120000123977661, 0.7099999785423279, 0.7049999833106995, 0.7020000219345093, 0.6980000138282776, 0.6949999928474426, 0.6949999928474426, 0.6809999942779541, 0.6779999732971191, 0.6769999861717224, 0.675000011920929, 0.6759999990463257, 0.6729999780654907, 0.675000011920929, 0.6740000247955322, 0.6740000247955322, 0.6579999923706055, 0.6549999713897705, 0.652999997138977, 0.6520000100135803, 0.6489999890327454, 0.6489999890327454, 0.6449999809265137, 0.640999972820282, 0.6359999775886536, 0.6309999823570251, 0.6259999871253967, 0.625, 0.6200000047683716, 0.6200000047683716, 0.6179999709129333, 0.6179999709129333, 0.6140000224113464, 0.6100000143051147, 0.6100000143051147, 0.6019999980926514, 0.5960000157356262, 0.593999981880188, 0.5920000076293945, 0.5920000076293945, 0.5899999737739563, 0.5910000205039978, 0.5960000157356262, 0.597000002861023, 0.5899999737739563, 0.5860000252723694, 0.574999988079071, 0.574999988079071, 0.5740000009536743, 0.5699999928474426, 0.5740000009536743, 0.5619999766349792, 0.5640000104904175, 0.5640000104904175, 0.5640000104904175, 0.5640000104904175, 0.5619999766349792, 0.5580000281333923, 0.550000011920929, 0.5479999780654907, 0.5429999828338623, 0.5440000295639038, 0.5440000295639038, 0.5419999957084656, 0.5400000214576721, 0.5389999747276306, 0.5350000262260437, 0.5419999957084656, 0.5419999957084656, 0.5400000214576721, 0.5410000085830688, 0.5360000133514404, 0.5370000004768372, 0.5350000262260437, 0.5270000100135803, 0.5230000019073486, 0.5180000066757202, 0.5180000066757202, 0.515999972820282, 0.5170000195503235, 0.515999972820282, 0.5170000195503235, 0.5149999856948853, 0.515999972820282, 0.515999972820282, 0.5170000195503235, 0.5139999985694885, 0.5139999985694885, 0.5139999985694885, 0.5109999775886536, 0.5109999775886536, 0.5090000033378601, 0.5080000162124634, 0.5120000243186951, 0.5080000162124634, 0.49900001287460327, 0.5019999742507935, 0.5059999823570251, 0.5009999871253967, 0.49799999594688416, 0.49399998784065247, 0.49300000071525574, 0.49399998784065247, 0.4909999966621399, 0.4860000014305115, 0.48100000619888306, 0.4830000102519989, 0.49000000953674316, 0.48899999260902405, 0.48899999260902405, 0.49000000953674316, 0.49000000953674316, 0.4830000102519989, 0.4830000102519989, 0.4830000102519989, 0.48399999737739563, 0.4819999933242798, 0.4819999933242798, 0.48100000619888306, 0.47999998927116394, 0.48100000619888306, 0.4819999933242798, 0.47699999809265137, 0.4749999940395355, 0.4729999899864197, 0.47600001096725464, 0.4729999899864197, 0.4740000069141388, 0.47600001096725464, 0.47600001096725464, 0.4650000035762787, 0.4650000035762787, 0.4729999899864197, 0.4729999899864197, 0.47099998593330383, 0.47099998593330383, 0.47200000286102295, 0.47099998593330383, 0.47999998927116394, 0.4620000123977661, 0.45899999141693115, 0.46000000834465027, 0.45899999141693115, 0.46399998664855957, 0.46700000762939453, 0.46700000762939453, 0.46299999952316284, 0.46299999952316284, 0.4650000035762787, 0.4580000042915344, 0.45500001311302185, 0.4560000002384186, 0.4580000042915344, 0.4650000035762787, 0.4650000035762787, 0.4659999907016754, 0.460999995470047, 0.4569999873638153, 0.4580000042915344, 0.4580000042915344, 0.4580000042915344, 0.45500001311302185, 0.45399999618530273, 0.45399999618530273, 0.4580000042915344, 0.4580000042915344, 0.4560000002384186, 0.45399999618530273, 0.4449999928474426, 0.44600000977516174, 0.4480000138282776, 0.4480000138282776, 0.44999998807907104, 0.453000009059906, 0.45500001311302185, 0.45500001311302185, 0.4519999921321869, 0.4490000009536743, 0.4490000009536743, 0.4560000002384186, 0.4560000002384186, 0.453000009059906, 0.45100000500679016, 0.453000009059906, 0.453000009059906, 0.4480000138282776, 0.44600000977516174, 0.4560000002384186, 0.4560000002384186, 0.4519999921321869, 0.4480000138282776, 0.4480000138282776, 0.4480000138282776, 0.4490000009536743, 0.4440000057220459, 0.4410000145435333, 0.4399999976158142, 0.4490000009536743, 0.4480000138282776, 0.45100000500679016, 0.4480000138282776, 0.4569999873638153, 0.45399999618530273, 0.45100000500679016, 0.44999998807907104, 0.4480000138282776, 0.4519999921321869, 0.45100000500679016, 0.46000000834465027, 0.460999995470047, 0.4519999921321869, 0.44999998807907104, 0.4519999921321869, 0.4519999921321869, 0.4490000009536743, 0.453000009059906, 0.4560000002384186, 0.45100000500679016, 0.44999998807907104, 0.44600000977516174, 0.4519999921321869, 0.4480000138282776, 0.44999998807907104, 0.4480000138282776, 0.4519999921321869, 0.4560000002384186, 0.453000009059906, 0.44999998807907104, 0.4519999921321869, 0.45399999618530273, 0.4580000042915344, 0.4569999873638153, 0.45500001311302185, 0.4560000002384186, 0.45500001311302185, 0.4569999873638153, 0.4580000042915344, 0.4569999873638153, 0.44999998807907104, 0.4490000009536743, 0.4560000002384186, 0.4560000002384186, 0.4580000042915344, 0.4620000123977661, 0.46000000834465027, 0.4580000042915344, 0.45899999141693115, 0.4569999873638153, 0.45899999141693115, 0.45899999141693115, 0.4560000002384186, 0.4560000002384186, 0.45399999618530273, 0.44699999690055847, 0.45399999618530273, 0.45500001311302185, 0.45399999618530273, 0.453000009059906, 0.45399999618530273, 0.453000009059906, 0.45399999618530273, 0.4519999921321869, 0.4580000042915344, 0.4569999873638153, 0.46000000834465027, 0.46399998664855957, 0.45500001311302185, 0.45899999141693115, 0.4569999873638153, 0.460999995470047, 0.46000000834465027, 0.46299999952316284, 0.4620000123977661, 0.460999995470047, 0.4580000042915344, 0.45899999141693115, 0.46399998664855957, 0.46000000834465027, 0.46799999475479126, 0.47200000286102295, 0.4699999988079071, 0.460999995470047, 0.460999995470047, 0.47099998593330383, 0.47099998593330383, 0.47200000286102295, 0.47699999809265137, 0.4740000069141388, 0.4790000021457672, 0.47600001096725464, 0.4699999988079071, 0.4699999988079071, 0.4729999899864197, 0.47699999809265137, 0.4740000069141388, 0.4749999940395355, 0.4749999940395355, 0.4749999940395355, 0.46799999475479126, 0.47099998593330383, 0.4749999940395355, 0.4729999899864197, 0.47699999809265137, 0.4779999852180481, 0.4779999852180481, 0.4779999852180481, 0.4819999933242798, 0.4880000054836273, 0.48500001430511475, 0.4819999933242798, 0.4860000014305115, 0.4909999966621399, 0.4909999966621399, 0.4909999966621399, 0.48899999260902405, 0.48500001430511475, 0.48399999737739563, 0.4950000047683716, 0.4950000047683716, 0.49399998784065247, 0.4959999918937683, 0.5, 0.503000020980835, 0.49399998784065247, 0.49300000071525574, 0.5009999871253967, 0.5040000081062317, 0.5070000290870667, 0.5080000162124634, 0.503000020980835, 0.5009999871253967, 0.5149999856948853, 0.5170000195503235, 0.515999972820282, 0.5080000162124634, 0.5080000162124634, 0.5120000243186951, 0.5120000243186951, 0.5130000114440918, 0.5109999775886536, 0.5189999938011169, 0.5189999938011169, 0.5220000147819519, 0.5249999761581421, 0.5249999761581421, 0.5189999938011169, 0.5289999842643738, 0.5289999842643738, 0.527999997138977, 0.5339999794960022, 0.5350000262260437, 0.5350000262260437, 0.5360000133514404, 0.5370000004768372, 0.5429999828338623, 0.5429999828338623, 0.5440000295639038, 0.5429999828338623, 0.5490000247955322, 0.5460000038146973, 0.550000011920929, 0.5509999990463257, 0.5569999814033508, 0.5569999814033508, 0.5550000071525574, 0.5559999942779541, 0.5559999942779541, 0.5709999799728394, 0.5709999799728394, 0.5659999847412109, 0.5669999718666077, 0.5709999799728394, 0.5770000219345093, 0.5849999785423279, 0.578000009059906, 0.5809999704360962, 0.5860000252723694, 0.5879999995231628, 0.5879999995231628, 0.593999981880188, 0.5950000286102295, 0.593999981880188, 0.5929999947547913, 0.6019999980926514, 0.6029999852180481, 0.6029999852180481, 0.5910000205039978, 0.6050000190734863, 0.6039999723434448, 0.6029999852180481, 0.6050000190734863, 0.6079999804496765, 0.6179999709129333, 0.6179999709129333, 0.6190000176429749, 0.6150000095367432, 0.6150000095367432, 0.6179999709129333, 0.6209999918937683, 0.6230000257492065, 0.6269999742507935, 0.6309999823570251, 0.6330000162124634, 0.6320000290870667, 0.6330000162124634, 0.628000020980835, 0.628000020980835, 0.6439999938011169, 0.652999997138977, 0.652999997138977, 0.6510000228881836, 0.6470000147819519, 0.6480000019073486, 0.6510000228881836, 0.6650000214576721, 0.6690000295639038, 0.6690000295639038, 0.6769999861717224, 0.6779999732971191, 0.6759999990463257, 0.6819999814033508, 0.6859999895095825, 0.6859999895095825, 0.6880000233650208, 0.6919999718666077, 0.6890000104904175, 0.6940000057220459, 0.6990000009536743, 0.6980000138282776, 0.699999988079071, 0.7089999914169312, 0.722000002861023, 0.7289999723434448, 0.7289999723434448, 0.7329999804496765, 0.7319999933242798, 0.7419999837875366, 0.7609999775886536, 0.7599999904632568, 0.765999972820282, 0.7710000276565552, 0.7770000100135803, 0.7770000100135803, 0.7829999923706055, 0.7950000166893005, 0.8109999895095825, 0.8119999766349792, 0.8130000233650208, 0.8190000057220459, 0.8230000138282776, 0.8270000219345093, 0.8320000171661377, 0.8330000042915344, 0.8410000205039978]
intensities: [1076.0, 1113.0, 1179.0, 1221.0, 1221.0, 1363.0, 1427.0, 1442.0, 1475.0, 1574.0, 1574.0, 1604.0, 1590.0, 1563.0, 1380.0, 1232.0, 1059.0, 1100.0, 979.0, 866.0, 987.0, 1018.0, 1076.0, 1117.0, 1124.0, 1094.0, 1096.0, 1100.0, 1086.0, 1171.0, 1238.0, 1407.0, 1407.0, 1518.0, 1632.0, 1600.0, 1694.0, 1708.0, 1721.0, 1742.0, 1744.0, 1745.0, 1745.0, 1750.0, 1764.0, 1752.0, 1769.0, 1759.0, 1765.0, 1772.0, 1769.0, 1770.0, 1772.0, 1772.0, 1772.0, 1784.0, 1771.0, 1759.0, 1747.0, 1749.0, 1751.0, 1750.0, 1754.0, 1747.0, 1738.0, 1738.0, 1744.0, 1746.0, 1746.0, 1727.0, 1726.0, 1724.0, 1716.0, 1719.0, 1710.0, 1715.0, 1724.0, 1715.0, 1724.0, 1721.0, 1691.0, 1691.0, 1691.0, 1688.0, 1679.0, 1685.0, 1659.0, 1649.0, 1663.0, 1651.0, 1656.0, 1644.0, 1644.0, 1623.0, 1607.0, 1632.0, 1637.0, 1614.0, 1601.0, 1601.0, 1600.0, 1609.0, 1600.0, 1600.0, 1600.0, 1595.0, 1579.0, 1581.0, 1579.0, 1575.0, 1575.0, 1558.0, 1555.0, 1564.0, 1588.0, 1577.0, 1572.0, 1565.0, 1565.0, 1532.0, 1530.0, 1522.0, 1529.0, 1534.0, 1519.0, 1516.0, 1532.0, 1523.0, 1518.0, 1501.0, 1493.0, 1493.0, 1491.0, 1492.0, 1490.0, 1487.0, 1491.0, 1487.0, 1484.0, 1466.0, 1468.0, 1461.0, 1468.0, 1431.0, 1434.0, 1432.0, 1426.0, 1415.0, 1415.0, 1398.0, 1414.0, 1427.0, 1423.0, 1417.0, 1384.0, 1395.0, 1375.0, 1361.0, 1354.0, 1335.0, 1350.0, 1361.0, 1345.0, 1329.0, 1324.0, 1313.0, 1316.0, 1348.0, 1348.0, 1295.0, 1295.0, 1309.0, 1303.0, 1303.0, 1308.0, 1302.0, 1288.0, 1278.0, 1275.0, 1272.0, 1267.0, 1289.0, 1259.0, 1259.0, 1256.0, 1266.0, 1254.0, 1254.0, 1225.0, 1227.0, 1229.0, 1221.0, 1220.0, 1221.0, 1226.0, 1226.0, 1220.0, 1220.0, 1223.0, 1221.0, 1217.0, 1217.0, 1217.0, 1218.0, 1217.0, 1219.0, 1217.0, 1214.0, 1213.0, 1225.0, 1213.0, 1217.0, 1216.0, 1201.0, 1204.0, 1208.0, 1212.0, 1209.0, 1207.0, 1192.0, 1199.0, 1186.0, 1184.0, 1176.0, 1166.0, 1165.0, 1166.0, 1160.0, 1156.0, 1166.0, 1161.0, 1140.0, 1144.0, 1145.0, 1146.0, 1146.0, 1150.0, 1155.0, 1152.0, 1147.0, 1131.0, 1133.0, 1140.0, 1150.0, 1148.0, 1141.0, 1135.0, 1137.0, 1146.0, 1136.0, 1124.0, 1124.0, 1128.0, 1129.0, 1128.0, 1119.0, 1116.0, 1110.0, 1107.0, 1131.0, 1132.0, 1130.0, 1128.0, 1116.0, 1118.0, 1118.0, 1121.0, 1116.0, 1124.0, 1144.0, 1140.0, 1145.0, 1124.0, 1138.0, 1134.0, 1141.0, 1144.0, 1138.0, 1159.0, 1129.0, 1135.0, 1140.0, 1110.0, 1114.0, 1090.0, 1113.0, 1104.0, 1112.0, 1091.0, 1078.0, 1056.0, 1021.0, 1012.0, 1208.0, 1144.0, 421.0, 845.0, 839.0, 843.0, 847.0, 852.0, 884.0, 860.0, 850.0, 851.0, 860.0, 874.0, 875.0, 876.0, 882.0, 878.0, 874.0, 885.0, 889.0, 892.0, 897.0, 903.0, 904.0, 907.0, 919.0, 923.0, 916.0, 917.0, 917.0, 926.0, 925.0, 925.0, 929.0, 926.0, 940.0, 947.0, 938.0, 953.0, 946.0, 954.0, 952.0, 955.0, 952.0, 956.0, 961.0, 961.0, 971.0, 966.0, 969.0, 957.0, 976.0, 970.0, 976.0, 977.0, 988.0, 989.0, 978.0, 987.0, 983.0, 992.0, 1007.0, 1003.0, 1017.0, 1017.0, 1026.0, 1028.0, 1034.0, 1039.0, 1044.0, 1046.0, 1051.0, 1051.0, 1038.0, 1057.0, 1051.0, 1060.0, 1067.0, 1086.0, 1061.0, 1072.0, 1072.0, 1076.0, 1076.0, 1072.0, 1079.0, 1070.0, 1080.0, 1090.0, 1086.0, 1082.0, 1093.0, 1105.0, 1092.0, 1095.0, 1096.0, 1090.0, 1115.0, 1118.0, 1124.0, 1115.0, 1106.0, 1120.0, 1115.0, 1106.0, 1119.0, 1104.0, 1121.0, 1107.0, 1093.0, 1101.0, 1111.0, 1101.0, 1108.0, 1097.0, 1114.0, 1118.0, 1120.0, 1102.0, 1104.0, 1114.0, 1116.0, 1106.0, 1109.0, 1096.0, 1093.0, 1111.0, 1102.0, 1104.0, 1095.0, 1086.0, 1087.0, 1101.0, 1101.0, 1097.0, 1110.0, 1130.0, 1117.0, 1129.0, 1116.0, 1125.0, 1127.0, 1140.0, 1130.0, 1144.0, 1150.0, 1155.0, 1157.0, 1161.0, 1152.0, 1166.0, 1170.0, 1162.0, 1160.0, 1141.0, 1156.0, 1156.0, 1147.0, 1154.0, 1156.0, 1156.0, 1172.0, 1190.0, 1178.0, 1177.0, 1179.0, 1179.0, 1173.0, 1192.0, 1204.0, 1190.0, 1193.0, 1195.0, 1197.0, 1198.0, 1201.0, 1202.0, 1199.0, 1206.0, 1213.0, 1213.0, 1213.0, 1215.0, 1218.0, 1218.0, 1200.0, 1207.0, 1210.0, 1216.0, 1206.0, 1205.0, 1200.0, 1221.0, 1224.0, 1220.0, 1229.0, 1225.0, 1223.0, 1237.0, 1220.0, 1219.0, 1220.0, 1219.0, 1225.0, 1230.0, 1230.0, 1230.0, 1233.0, 1233.0, 1228.0, 1232.0, 1216.0, 1226.0, 1233.0, 1238.0, 1234.0, 1220.0, 1243.0, 1224.0, 1245.0, 1252.0, 1244.0, 1245.0, 1237.0, 1244.0, 1239.0, 1231.0, 1254.0, 1270.0, 1263.0, 1241.0, 1251.0, 1259.0, 1245.0, 1258.0, 1243.0, 1254.0, 1257.0, 1255.0, 1252.0, 1261.0, 1274.0, 1267.0, 1255.0, 1255.0, 1258.0, 1266.0, 1256.0, 1259.0, 1264.0, 1267.0, 1278.0, 1280.0, 1289.0, 1283.0, 1291.0, 1292.0, 1300.0, 1307.0, 1307.0, 1305.0, 1315.0, 1314.0, 1316.0, 1314.0, 1315.0, 1308.0, 1311.0, 1311.0, 1326.0, 1333.0, 1338.0, 1322.0, 1348.0, 1335.0, 1323.0, 1322.0, 1327.0, 1341.0, 1352.0, 1360.0, 1358.0, 1357.0, 1336.0, 1334.0, 1347.0, 1341.0, 1350.0, 1353.0, 1360.0, 1367.0, 1355.0, 1341.0, 1341.0, 1343.0, 1331.0, 1356.0, 1357.0, 1375.0, 1365.0, 1361.0, 1378.0, 1383.0, 1377.0, 1367.0, 1367.0, 1380.0, 1363.0, 1373.0, 1366.0, 1365.0, 1373.0, 1373.0, 1389.0, 1398.0, 1398.0, 1379.0, 1380.0, 1389.0, 1402.0, 1384.0, 1420.0, 1417.0, 1397.0, 1417.0, 1424.0, 1420.0, 1411.0, 1408.0, 1418.0, 1424.0, 1414.0, 1426.0, 1418.0, 1413.0, 1421.0, 1419.0, 1419.0, 1433.0, 1433.0, 1442.0, 1444.0, 1453.0, 1437.0, 1457.0, 1442.0, 1458.0, 1459.0, 1459.0, 1492.0, 1548.0, 1532.0, 1511.0, 1512.0, 1508.0, 1521.0, 1513.0, 1504.0, 1523.0, 1520.0, 1539.0, 1544.0, 1546.0, 1535.0, 1535.0, 1527.0, 1550.0, 1550.0, 1578.0, 1573.0, 1586.0, 1616.0, 1609.0, 1606.0, 1602.0, 1609.0, 1631.0, 1635.0, 1645.0, 1629.0, 1608.0, 1631.0, 1634.0, 1627.0, 1635.0, 1632.0, 1623.0, 1636.0, 1632.0, 1632.0, 1641.0, 1629.0, 1645.0, 1641.0, 1634.0, 1640.0, 1644.0, 1647.0, 1643.0, 1662.0, 1686.0, 1686.0, 1688.0, 1693.0, 1687.0, 1679.0, 1686.0, 1679.0, 1682.0, 1700.0, 1700.0, 1705.0, 1708.0, 1708.0, 1723.0, 1718.0, 1724.0, 1708.0, 1715.0, 1724.0, 1722.0, 1722.0, 1720.0, 1720.0, 1710.0, 1704.0, 1727.0, 1717.0, 1702.0, 1702.0, 1711.0, 1706.0, 1705.0, 1710.0, 1705.0, 1684.0, 1683.0, 1708.0, 1675.0, 1686.0, 1698.0, 1703.0, 1698.0, 1711.0, 1711.0, 1709.0, 1723.0, 1723.0, 1727.0, 1705.0, 1696.0, 1715.0, 1733.0, 1718.0, 1703.0, 1713.0, 1715.0, 1717.0, 1727.0, 1708.0, 1717.0, 1717.0, 1717.0, 1719.0, 1721.0, 1716.0, 1716.0, 1664.0, 1664.0, 1677.0, 1685.0, 1678.0, 1686.0, 1702.0, 1701.0, 1699.0, 1666.0, 1668.0, 1668.0, 1681.0, 1684.0, 1687.0, 1651.0, 1662.0, 1660.0, 1690.0, 1699.0, 1617.0, 1641.0, 1652.0, 1661.0, 1658.0, 1655.0, 1651.0, 1652.0, 1652.0, 1652.0, 1639.0, 1635.0, 1630.0, 1617.0, 1615.0, 1601.0, 1618.0, 1618.0, 1602.0, 1587.0, 1586.0, 1574.0, 1596.0, 1588.0, 1593.0, 1633.0, 1627.0, 1608.0, 1595.0, 1598.0, 1604.0, 1572.0, 1541.0, 1559.0, 1559.0, 1576.0, 1565.0, 1570.0, 1558.0, 1562.0, 1560.0, 1521.0, 1537.0, 1538.0, 1534.0, 1542.0, 1509.0, 1537.0, 1534.0, 1548.0, 1563.0, 1539.0, 1528.0, 1532.0, 1529.0, 1539.0, 1519.0, 1530.0, 1513.0, 1513.0, 1514.0, 1492.0, 1491.0, 1493.0, 1494.0, 1483.0, 1493.0, 1493.0, 1494.0, 1465.0, 1476.0, 1488.0, 1469.0, 1451.0, 1442.0, 1441.0, 1449.0, 1424.0, 1424.0, 1431.0, 1425.0, 1420.0, 1415.0, 1414.0, 1408.0, 1401.0, 1404.0, 1404.0, 1397.0, 1387.0, 1361.0, 1375.0, 1380.0, 1363.0, 1364.0, 1388.0, 1361.0, 1361.0, 1341.0, 1312.0, 1334.0, 1326.0, 1329.0, 1333.0, 1316.0, 1314.0, 1322.0, 1318.0, 1314.0, 1293.0, 1308.0, 1309.0, 1274.0, 1280.0, 1277.0, 1281.0, 1267.0, 1266.0, 1250.0, 1258.0, 1246.0, 1248.0, 1249.0, 1241.0, 1258.0, 1249.0, 1246.0, 1243.0, 1243.0, 1257.0, 1241.0, 1238.0, 1232.0, 1230.0, 1244.0, 1239.0, 1219.0, 1219.0, 1219.0, 1220.0, 1211.0, 1214.0, 1214.0, 1215.0, 1217.0, 1217.0, 1217.0, 1187.0, 1208.0, 1207.0, 1207.0, 1212.0, 1197.0, 1186.0, 1191.0, 1191.0, 1195.0, 1189.0, 1198.0, 1203.0, 1189.0, 1193.0, 1187.0, 1196.0, 1196.0, 1199.0, 1186.0, 1194.0, 1191.0, 1182.0, 1174.0, 1171.0, 1185.0, 1156.0, 1160.0, 1150.0, 1134.0, 1167.0, 1161.0, 1157.0, 1172.0, 1172.0, 1167.0, 1167.0, 1170.0, 1160.0, 1164.0, 1155.0, 1148.0, 1157.0, 1157.0, 1151.0, 1175.0, 1175.0, 1166.0, 1188.0, 1183.0, 1183.0, 1176.0, 1170.0, 1182.0, 1182.0, 1186.0, 1183.0, 1183.0, 1181.0, 1179.0, 1177.0, 1176.0, 1177.0, 1180.0, 1178.0, 1177.0, 1173.0, 1173.0, 1177.0, 1179.0, 1168.0, 1168.0, 1172.0, 1170.0, 1166.0, 1164.0, 1163.0, 1163.0, 1168.0, 1173.0, 1165.0, 1169.0, 1175.0, 1162.0, 1162.0, 1153.0, 1160.0, 1157.0, 1158.0, 1168.0, 1162.0, 1163.0, 1155.0, 1165.0, 1155.0, 1155.0, 1154.0, 1156.0, 1164.0, 1160.0, 1157.0, 1150.0, 1151.0, 1149.0, 1142.0, 1141.0, 1148.0, 1137.0, 1137.0, 1142.0, 1137.0, 1145.0, 1136.0, 1159.0, 1160.0, 1142.0, 1147.0, 1152.0, 1158.0, 1152.0, 1161.0, 1161.0, 1175.0, 1220.0, 1222.0, 1211.0, 1199.0, 1192.0, 1184.0, 1206.0, 1216.0, 1208.0, 1208.0, 1206.0, 1207.0, 1214.0, 1230.0, 1242.0, 1242.0, 1232.0, 1223.0, 1216.0, 1221.0, 1227.0, 1247.0, 1239.0, 1240.0, 1247.0, 1224.0, 1220.0, 1222.0, 1211.0, 1230.0]