header: 
  seq: 1153
  stamp: 
    secs: 1548820785
    nsecs: 965939427
  frame_id: "base_link"
angle_min: -2.35619449615
angle_max: 2.35619449615
angle_increment: 0.00436332309619
time_increment: 1.73611151695e-05
scan_time: 0.0250000003725
range_min: 0.019999999553
range_max: 30.0
ranges: [0.2709999978542328, 0.2639999985694885, 0.2770000100135803, 0.27900001406669617, 0.27900001406669617, 0.2800000011920929, 0.2919999957084656, 0.29100000858306885, 0.2879999876022339, 0.28299999237060547, 0.28200000524520874, 0.2800000011920929, 0.27900001406669617, 0.2800000011920929, 0.2709999978542328, 0.25099998712539673, 0.26100000739097595, 0.257999986410141, 0.25200000405311584, 0.24899999797344208, 0.24899999797344208, 0.2849999964237213, 0.27900001406669617, 0.2809999883174896, 0.2800000011920929, 0.2770000100135803, 0.2750000059604645, 0.2720000147819519, 0.28999999165534973, 0.28700000047683716, 0.2930000126361847, 0.29100000858306885, 0.29100000858306885, 0.2930000126361847, 0.29600000381469727, 0.29600000381469727, 0.29499998688697815, 0.29499998688697815, 0.2919999957084656, 0.289000004529953, 0.28999999165534973, 0.29499998688697815, 0.2980000078678131, 0.30000001192092896, 0.30000001192092896, 0.29600000381469727, 0.28700000047683716, 0.29600000381469727, 0.29600000381469727, 0.29600000381469727, 0.29600000381469727, 0.2939999997615814, 0.29600000381469727, 0.2980000078678131, 0.30000001192092896, 0.30000001192092896, 0.3019999861717224, 0.3019999861717224, 0.3019999861717224, 0.30000001192092896, 0.3019999861717224, 0.30000001192092896, 0.2980000078678131, 0.3059999942779541, 0.3070000112056732, 0.3070000112056732, 0.30799999833106995, 0.3089999854564667, 0.30799999833106995, 0.3070000112056732, 0.3100000023841858, 0.3109999895095825, 0.3149999976158142, 0.3140000104904175, 0.31299999356269836, 0.3100000023841858, 0.31200000643730164, 0.31200000643730164, 0.3140000104904175, 0.3140000104904175, 0.3160000145435333, 0.3160000145435333, 0.3179999887943268, 0.3179999887943268, 0.3179999887943268, 0.3190000057220459, 0.32499998807907104, 0.3240000009536743, 0.3230000138282776, 0.32499998807907104, 0.32600000500679016, 0.32499998807907104, 0.32499998807907104, 0.32600000500679016, 0.32600000500679016, 0.3240000009536743, 0.3230000138282776, 0.3230000138282776, 0.32899999618530273, 0.3370000123977661, 0.3400000035762787, 0.3330000042915344, 0.3330000042915344, 0.3310000002384186, 0.3370000123977661, 0.33399999141693115, 0.33399999141693115, 0.3370000123977661, 0.3449999988079071, 0.3490000069141388, 0.34700000286102295, 0.34700000286102295, 0.35100001096725464, 0.35100001096725464, 0.35100001096725464, 0.35199999809265137, 0.3499999940395355, 0.3499999940395355, 0.3569999933242798, 0.36500000953674316, 0.35899999737739563, 0.3449999988079071, 0.3490000069141388, 0.36000001430511475, 0.36500000953674316, 0.3610000014305115, 0.3610000014305115, 0.3619999885559082, 0.3580000102519989, 0.3580000102519989, 0.3580000102519989, 0.36000001430511475, 0.36399999260902405, 0.3659999966621399, 0.3659999966621399, 0.36500000953674316, 0.36899998784065247, 0.36899998784065247, 0.3709999918937683, 0.37299999594688416, 0.375, 0.3779999911785126, 0.3779999911785126, 0.38100001215934753, 0.38100001215934753, 0.38199999928474426, 0.3840000033378601, 0.3840000033378601, 0.3840000033378601, 0.38499999046325684, 0.38600000739097595, 0.3880000114440918, 0.3880000114440918, 0.3880000114440918, 0.3880000114440918, 0.3880000114440918, 0.3880000114440918, 0.38999998569488525, 0.39399999380111694, 0.3959999978542328, 0.39899998903274536, 0.40299999713897705, 0.40299999713897705, 0.40700000524520874, 0.4090000092983246, 0.41100001335144043, 0.41100001335144043, 0.41200000047683716, 0.4300000071525574, 0.42899999022483826, 0.42399999499320984, 0.421999990940094, 0.4230000078678131, 0.4339999854564667, 0.4359999895095825, 0.4309999942779541, 0.4390000104904175, 0.44699999690055847, 0.44200000166893005, 0.4440000057220459, 0.4490000009536743, 0.44699999690055847, 0.4480000138282776, 0.453000009059906, 0.46000000834465027, 0.46000000834465027, 0.46000000834465027, 0.4650000035762787, 0.4749999940395355, 0.47600001096725464, 0.47699999809265137, 0.4790000021457672, 0.4819999933242798, 0.4819999933242798, 0.4959999918937683, 0.49900001287460327, 0.5, 0.49900001287460327, 0.5019999742507935, 0.5049999952316284, 0.5099999904632568, 0.515999972820282, 0.5189999938011169, 0.5210000276565552, 0.5329999923706055, 0.5329999923706055, 0.5299999713897705, 0.5370000004768372, 0.5419999957084656, 0.5440000295639038, 0.5400000214576721, 0.5419999957084656, 0.5519999861717224, 0.5600000023841858, 0.5680000185966492, 0.5770000219345093, 0.578000009059906, 0.5849999785423279, 0.593999981880188, 0.5950000286102295, 0.6050000190734863, 0.6119999885559082, 0.6169999837875366, 0.6209999918937683, 0.6179999709129333, 0.6330000162124634, 0.6299999952316284, 0.6349999904632568, 0.6430000066757202, 0.6420000195503235, 0.6549999713897705, 0.6660000085830688, 0.6700000166893005, 0.6790000200271606, 0.6809999942779541, 0.6909999847412109, 0.6949999928474426, 0.703000009059906, 0.7160000205039978, 0.7170000076293945, 0.7279999852180481, 0.7360000014305115, 0.7419999837875366, 0.7540000081062317, 0.7649999856948853, 0.7730000019073486, 0.7789999842643738, 0.7829999923706055, 0.7940000295639038, 0.800000011920929, 0.8109999895095825, 0.8199999928474426, 0.8330000042915344, 0.8420000076293945, 0.847000002861023, 0.8629999756813049, 0.8759999871253967, 0.8859999775886536, 0.8960000276565552, 0.9079999923706055, 0.9160000085830688, 0.9290000200271606, 0.9490000009536743, 0.9660000205039978, 0.9810000061988831, 0.9919999837875366, 1.0119999647140503, 1.031999945640564, 1.0440000295639038, 1.059999942779541, 1.0859999656677246, 1.0950000286102295, 1.121999979019165, 1.1449999809265137, 1.1610000133514404, 1.187999963760376, 1.2000000476837158, 1.2289999723434448, 1.2599999904632568, 1.284999966621399, 1.309000015258789, 1.340000033378601, 1.4170000553131104, 1.5230000019073486, 1.8580000400543213, 2.436000108718872, 2.440999984741211, 2.441999912261963, 2.436000108718872, 2.437000036239624, 2.430000066757202, 2.427000045776367, 2.427000045776367, 2.4260001182556152, 2.4179999828338623, 2.4179999828338623, 2.4149999618530273, 2.4170000553131104, 2.4179999828338623, 2.4210000038146973, 2.4210000038146973, 2.4170000553131104, 2.4100000858306885, 2.4070000648498535, 2.4089999198913574, 2.4089999198913574, 2.4089999198913574, 2.4059998989105225, 2.4059998989105225, 2.4019999504089355, 2.4030001163482666, 2.4030001163482666, 2.4030001163482666, 2.3949999809265137, 2.3919999599456787, 2.390000104904175, 2.3919999599456787, 2.388000011444092, 2.382999897003174, 2.375, 2.375, 2.375, 2.372999906539917, 2.374000072479248, 2.36899995803833, 2.365999937057495, 2.361999988555908, 2.3550000190734863, 2.3510000705718994, 2.3469998836517334, 2.3429999351501465, 2.3399999141693115, 2.3399999141693115, 2.3329999446868896, 2.3299999237060547, 2.3239998817443848, 2.315000057220459, 2.315000057220459, 2.306999921798706, 2.305999994277954, 2.303999900817871, 2.2950000762939453, 2.2909998893737793, 2.2820000648498535, 2.2809998989105225, 2.2780001163482666, 2.2790000438690186, 2.2790000438690186, 2.2709999084472656, 2.253000020980835, 2.252000093460083, 2.247999906539917, 2.23799991607666, 2.2279999256134033, 2.2269999980926514, 2.2219998836517334, 2.2060000896453857, 2.203000068664551, 2.203000068664551, 2.194999933242798, 2.186000108718872, 2.180000066757202, 2.177999973297119, 2.171999931335449, 2.1670000553131104, 2.1570000648498535, 2.134000062942505, 2.132999897003174, 2.130000114440918, 2.125999927520752, 2.125999927520752, 2.1080000400543213, 2.1059999465942383, 2.1029999256134033, 2.0950000286102295, 2.0859999656677246, 2.0820000171661377, 2.0769999027252197, 2.066999912261963, 2.059000015258789, 2.052000045776367, 2.0390000343322754, 2.0299999713897705, 2.0220000743865967, 2.010999917984009, 2.0, 1.9930000305175781, 1.9819999933242798, 1.9639999866485596, 1.9539999961853027, 1.9450000524520874, 1.9420000314712524, 1.937999963760376, 1.9270000457763672, 1.9170000553131104, 1.8940000534057617, 1.8899999856948853, 1.8849999904632568, 1.8700000047683716, 1.8589999675750732, 1.8480000495910645, 1.8289999961853027, 1.815999984741211, 1.805999994277954, 1.7979999780654907, 1.7879999876022339, 1.777999997138977, 1.7510000467300415, 1.7410000562667847, 1.7230000495910645, 1.7079999446868896, 1.6990000009536743, 1.6759999990463257, 1.6649999618530273, 1.6480000019073486, 1.621999979019165, 1.6150000095367432, 1.5880000591278076, 1.5800000429153442, 1.562000036239624, 1.5449999570846558, 1.5190000534057617, 1.5140000581741333, 1.4950000047683716, 1.4910000562667847, 1.475000023841858, 1.465999960899353, 1.4450000524520874, 1.437999963760376, 1.4249999523162842, 1.4170000553131104, 1.3969999551773071, 1.3869999647140503, 1.3660000562667847, 1.3589999675750732, 1.343999981880188, 1.3320000171661377, 1.3220000267028809, 1.315000057220459, 1.3009999990463257, 1.2929999828338623, 1.281999945640564, 1.2690000534057617, 1.2630000114440918, 1.24399995803833, 1.2330000400543213, 1.222000002861023, 1.2130000591278076, 1.2020000219345093, 1.1929999589920044, 1.187000036239624, 1.1799999475479126, 1.1740000247955322, 1.1610000133514404, 1.156000018119812, 1.1490000486373901, 1.1380000114440918, 1.1330000162124634, 1.11899995803833, 1.1100000143051147, 1.0980000495910645, 1.0870000123977661, 1.0880000591278076, 1.0770000219345093, 1.0740000009536743, 1.0640000104904175, 1.062000036239624, 1.0570000410079956, 1.0549999475479126, 1.0460000038146973, 1.0440000295639038, 1.0369999408721924, 1.034999966621399, 1.027999997138977, 1.0210000276565552, 1.0149999856948853, 0.9980000257492065, 0.9919999837875366, 0.9860000014305115, 0.9800000190734863, 0.9739999771118164, 0.9660000205039978, 0.9670000076293945, 0.9610000252723694, 0.953000009059906, 0.9520000219345093, 0.9520000219345093, 0.9490000009536743, 0.9490000009536743, 0.9399999976158142, 0.9340000152587891, 0.9309999942779541, 0.921999990940094, 0.9240000247955322, 0.9210000038146973, 0.9129999876022339, 0.9100000262260437, 0.9100000262260437, 0.9010000228881836, 0.8980000019073486, 0.8930000066757202, 0.8880000114440918, 0.8840000033378601, 0.8790000081062317, 0.8730000257492065, 0.8679999709129333, 0.8700000047683716, 0.8690000176429749, 0.8600000143051147, 0.8579999804496765, 0.8560000061988831, 0.8560000061988831, 0.8510000109672546, 0.8489999771118164, 0.8450000286102295, 0.8399999737739563, 0.8379999995231628, 0.8309999704360962, 0.828000009059906, 0.8240000009536743, 0.8190000057220459, 0.8140000104904175, 0.8140000104904175, 0.8119999766349792, 0.8109999895095825, 0.8080000281333923, 0.8050000071525574, 0.8029999732971191, 0.8029999732971191, 0.7990000247955322, 0.7950000166893005, 0.7919999957084656, 0.7860000133514404, 0.7850000262260437, 0.7770000100135803, 0.7760000228881836, 0.7770000100135803, 0.7760000228881836, 0.7749999761581421, 0.7749999761581421, 0.7689999938011169, 0.765999972820282, 0.7590000033378601, 0.7549999952316284, 0.7509999871253967, 0.75, 0.7519999742507935, 0.7519999742507935, 0.75, 0.7429999709129333, 0.7429999709129333, 0.7400000095367432, 0.7379999756813049, 0.734000027179718, 0.7329999804496765, 0.7250000238418579, 0.7239999771118164, 0.7260000109672546, 0.7279999852180481, 0.7279999852180481, 0.7269999980926514, 0.7160000205039978, 0.7149999737739563, 0.718999981880188, 0.7170000076293945, 0.7049999833106995, 0.7039999961853027, 0.7049999833106995, 0.7020000219345093, 0.699999988079071, 0.6959999799728394, 0.6949999928474426, 0.6990000009536743, 0.6959999799728394, 0.6949999928474426, 0.6940000057220459, 0.6940000057220459, 0.6859999895095825, 0.6869999766349792, 0.6869999766349792, 0.6869999766349792, 0.6830000281333923, 0.6840000152587891, 0.6800000071525574, 0.675000011920929, 0.675000011920929, 0.6759999990463257, 0.671999990940094, 0.6779999732971191, 0.6769999861717224, 0.675000011920929, 0.671999990940094, 0.6679999828338623, 0.6669999957084656, 0.6679999828338623, 0.671999990940094, 0.675000011920929, 0.6710000038146973, 0.6650000214576721, 0.6639999747276306, 0.6610000133514404, 0.6589999794960022, 0.6589999794960022, 0.6579999923706055, 0.6629999876022339, 0.6610000133514404, 0.6600000262260437, 0.6549999713897705, 0.6549999713897705, 0.656000018119812, 0.656000018119812, 0.656000018119812, 0.656000018119812, 0.656000018119812, 0.656000018119812, 0.6510000228881836, 0.6520000100135803, 0.6570000052452087, 0.656000018119812, 0.6480000019073486, 0.6430000066757202, 0.6449999809265137, 0.6430000066757202, 0.6430000066757202, 0.6420000195503235, 0.6420000195503235, 0.6420000195503235, 0.6439999938011169, 0.6420000195503235, 0.6420000195503235, 0.640999972820282, 0.6399999856948853, 0.6389999985694885, 0.6370000243186951, 0.6370000243186951, 0.6330000162124634, 0.6309999823570251, 0.6389999985694885, 0.6420000195503235, 0.6389999985694885, 0.6359999775886536, 0.6330000162124634, 0.6290000081062317, 0.6290000081062317, 0.6290000081062317, 0.6269999742507935, 0.6259999871253967, 0.6299999952316284, 0.625, 0.6299999952316284, 0.6299999952316284, 0.6299999952316284, 0.6330000162124634, 0.6330000162124634, 0.6240000128746033, 0.6240000128746033, 0.6240000128746033, 0.6269999742507935, 0.6330000162124634, 0.6290000081062317, 0.6209999918937683, 0.6230000257492065, 0.621999979019165, 0.625, 0.6240000128746033, 0.621999979019165, 0.6240000128746033, 0.6269999742507935, 0.625, 0.6209999918937683, 0.6209999918937683, 0.6209999918937683, 0.6209999918937683, 0.6240000128746033, 0.621999979019165, 0.621999979019165, 0.6230000257492065, 0.6209999918937683, 0.6209999918937683, 0.6209999918937683, 0.6200000047683716, 0.6230000257492065, 0.6259999871253967, 0.6259999871253967, 0.625, 0.6259999871253967, 0.6259999871253967, 0.6200000047683716, 0.6200000047683716, 0.6179999709129333, 0.621999979019165, 0.6230000257492065, 0.6269999742507935, 0.625, 0.6299999952316284, 0.6349999904632568, 0.6349999904632568, 0.625, 0.6230000257492065, 0.6230000257492065, 0.625, 0.6290000081062317, 0.6269999742507935, 0.621999979019165, 0.6209999918937683, 0.6209999918937683, 0.6209999918937683, 0.6259999871253967, 0.6330000162124634, 0.6299999952316284, 0.6269999742507935, 0.625, 0.625, 0.6230000257492065, 0.621999979019165, 0.621999979019165, 0.625, 0.628000020980835, 0.6290000081062317, 0.621999979019165, 0.621999979019165, 0.6240000128746033, 0.628000020980835, 0.628000020980835, 0.6299999952316284, 0.6299999952316284, 0.6299999952316284, 0.6299999952316284, 0.6299999952316284, 0.6259999871253967, 0.6209999918937683, 0.6359999775886536, 0.6370000243186951, 0.6380000114440918, 0.6330000162124634, 0.6330000162124634, 0.6340000033378601, 0.6330000162124634, 0.6330000162124634, 0.6349999904632568, 0.6399999856948853, 0.6399999856948853, 0.6389999985694885, 0.6389999985694885, 0.6439999938011169, 0.6460000276565552, 0.6430000066757202, 0.6420000195503235, 0.6430000066757202, 0.6470000147819519, 0.6470000147819519, 0.6489999890327454, 0.6480000019073486, 0.6510000228881836, 0.6510000228881836, 0.6510000228881836, 0.6520000100135803, 0.6489999890327454, 0.6539999842643738, 0.6549999713897705, 0.6549999713897705, 0.6549999713897705, 0.6650000214576721, 0.6669999957084656, 0.6570000052452087, 0.6570000052452087, 0.6600000262260437, 0.6629999876022339, 0.6629999876022339, 0.6639999747276306, 0.6710000038146973, 0.6669999957084656, 0.6639999747276306, 0.6639999747276306, 0.6629999876022339, 0.6690000295639038, 0.6669999957084656, 0.6690000295639038, 0.6740000247955322, 0.6759999990463257, 0.6800000071525574, 0.675000011920929, 0.6740000247955322, 0.6700000166893005, 0.6729999780654907, 0.6710000038146973, 0.6740000247955322, 0.6769999861717224, 0.6800000071525574, 0.6800000071525574, 0.6830000281333923, 0.6790000200271606, 0.6830000281333923, 0.6809999942779541, 0.6840000152587891, 0.6840000152587891, 0.6830000281333923, 0.6809999942779541, 0.6840000152587891, 0.6840000152587891, 0.6840000152587891, 0.6859999895095825, 0.6869999766349792, 0.6890000104904175, 0.6890000104904175, 0.6959999799728394, 0.6959999799728394, 0.6940000057220459, 0.6940000057220459, 0.6940000057220459, 0.6949999928474426, 0.6970000267028809, 0.7009999752044678, 0.6990000009536743, 0.6990000009536743, 0.699999988079071, 0.699999988079071, 0.699999988079071, 0.7059999704360962, 0.7129999995231628, 0.7089999914169312, 0.7059999704360962, 0.7179999947547913, 0.718999981880188, 0.7179999947547913, 0.7139999866485596, 0.7170000076293945, 0.7170000076293945, 0.7170000076293945, 0.7170000076293945, 0.7170000076293945, 0.7170000076293945, 0.7170000076293945, 0.7139999866485596, 0.7110000252723694, 0.7160000205039978, 0.7239999771118164, 0.722000002861023, 0.7200000286102295, 0.7200000286102295, 0.7289999723434448, 0.7350000143051147, 0.734000027179718, 0.7260000109672546, 0.7239999771118164, 0.7229999899864197, 0.7260000109672546, 0.7350000143051147, 0.7390000224113464, 0.7409999966621399, 0.7459999918937683, 0.746999979019165, 0.75, 0.746999979019165, 0.7490000128746033, 0.7459999918937683, 0.7519999742507935, 0.746999979019165, 0.7429999709129333, 0.7440000176429749, 0.7450000047683716, 0.753000020980835, 0.7540000081062317, 0.7580000162124634, 0.7710000276565552, 0.7670000195503235, 0.7649999856948853, 0.7620000243186951, 0.7620000243186951, 0.7620000243186951, 0.7609999775886536, 0.7649999856948853, 0.7749999761581421, 0.7689999938011169, 0.7680000066757202, 0.7680000066757202, 0.7730000019073486, 0.7770000100135803, 0.7710000276565552, 0.7699999809265137, 0.7710000276565552, 0.777999997138977, 0.781000018119812, 0.777999997138977, 0.7799999713897705, 0.7820000052452087, 0.7839999794960022, 0.7839999794960022, 0.7860000133514404, 0.7860000133514404, 0.7879999876022339, 0.7870000004768372, 0.7889999747276306, 0.7900000214576721, 0.7960000038146973, 0.7950000166893005, 0.796999990940094, 0.796999990940094, 0.800000011920929, 0.8009999990463257, 0.7979999780654907, 0.7940000295639038, 0.7979999780654907, 0.7979999780654907, 0.8029999732971191, 0.8069999814033508, 0.8050000071525574, 0.8019999861717224, 0.8019999861717224, 0.8050000071525574, 0.8169999718666077, 0.8140000104904175, 0.8119999766349792, 0.8119999766349792, 0.8209999799728394, 0.8230000138282776, 0.824999988079071, 0.8199999928474426, 0.8169999718666077, 0.8190000057220459, 0.8230000138282776, 0.8259999752044678, 0.8259999752044678, 0.824999988079071, 0.824999988079071, 0.8230000138282776, 0.8259999752044678, 0.824999988079071, 0.8259999752044678, 0.8349999785423279, 0.8389999866485596, 0.8389999866485596, 0.8370000123977661, 0.8349999785423279, 0.8360000252723694, 0.8349999785423279, 0.8410000205039978, 0.847000002861023, 0.8460000157356262, 0.8450000286102295, 0.8450000286102295, 0.8550000190734863, 0.8550000190734863, 0.8539999723434448, 0.8539999723434448, 0.8500000238418579, 0.8500000238418579, 0.8560000061988831, 0.8550000190734863, 0.8560000061988831, 0.859000027179718, 0.8539999723434448, 0.8510000109672546, 0.8550000190734863, 0.8610000014305115, 0.8610000014305115, 0.8600000143051147, 0.8619999885559082, 0.8709999918937683, 0.8659999966621399, 0.8740000128746033, 0.8700000047683716, 0.8700000047683716, 0.8700000047683716, 0.8740000128746033, 0.878000020980835, 0.8769999742507935, 0.878000020980835, 0.8809999823570251, 0.8870000243186951, 0.8880000114440918, 0.8870000243186951, 0.8859999775886536, 0.8859999775886536, 0.890999972820282, 0.8960000276565552, 0.8949999809265137, 0.8930000066757202, 0.890999972820282, 0.8920000195503235, 0.8999999761581421, 0.9039999842643738, 0.906000018119812, 0.9020000100135803, 0.902999997138977, 0.9039999842643738, 0.9049999713897705, 0.906000018119812, 0.906000018119812, 0.9089999794960022, 0.9079999923706055, 0.9079999923706055, 0.9200000166893005, 0.9229999780654907, 0.9200000166893005, 0.9200000166893005, 0.9229999780654907, 0.9279999732971191, 0.9279999732971191, 0.9279999732971191, 0.9330000281333923, 0.9350000023841858, 0.9330000281333923, 0.9330000281333923, 0.9319999814033508, 0.9330000281333923, 0.9340000152587891, 0.9350000023841858, 0.9369999766349792, 0.9399999976158142, 0.9390000104904175, 0.9380000233650208, 0.9300000071525574, 0.9309999942779541, 0.9330000281333923, 0.9319999814033508, 0.9350000023841858, 0.9369999766349792, 0.9369999766349792, 0.9369999766349792, 0.9350000023841858, 0.9369999766349792, 0.9350000023841858, 0.9330000281333923, 0.9430000185966492, 0.9430000185966492, 0.9480000138282776, 0.9390000104904175, 0.9380000233650208, 0.9340000152587891, 0.9319999814033508, 0.9319999814033508, 0.9409999847412109, 0.9430000185966492, 0.9380000233650208, 0.9419999718666077, 0.9419999718666077, 0.9539999961853027, 0.9520000219345093, 0.9509999752044678, 0.9509999752044678, 0.9480000138282776, 0.9520000219345093, 0.9549999833106995, 0.9570000171661377, 0.9570000171661377, 0.9570000171661377, 0.9570000171661377, 0.9629999995231628, 0.9570000171661377, 0.9549999833106995, 0.9549999833106995, 0.9559999704360962, 0.9589999914169312, 0.9589999914169312, 0.9589999914169312, 0.9480000138282776, 0.9449999928474426, 0.9610000252723694, 0.9610000252723694, 0.9570000171661377, 0.9490000009536743, 0.9490000009536743, 0.9629999995231628, 0.9710000157356262, 0.9700000286102295, 0.9710000157356262, 0.9760000109672546, 0.9789999723434448, 0.9829999804496765, 0.9829999804496765, 0.9789999723434448, 0.9819999933242798, 0.9900000095367432, 0.9950000047683716, 0.9950000047683716, 0.9959999918937683, 1.0019999742507935, 1.0089999437332153, 1.00600004196167, 1.003999948501587]
intensities: [1134.0, 1131.0, 1253.0, 1333.0, 1371.0, 1409.0, 1495.0, 1491.0, 1476.0, 1466.0, 1454.0, 1440.0, 1437.0, 1339.0, 1248.0, 1143.0, 1136.0, 987.0, 905.0, 860.0, 860.0, 960.0, 989.0, 1028.0, 1036.0, 1045.0, 1080.0, 1154.0, 1367.0, 1359.0, 1464.0, 1476.0, 1503.0, 1530.0, 1531.0, 1526.0, 1540.0, 1540.0, 1509.0, 1539.0, 1535.0, 1516.0, 1507.0, 1513.0, 1513.0, 1503.0, 1517.0, 1508.0, 1508.0, 1498.0, 1512.0, 1496.0, 1498.0, 1495.0, 1495.0, 1481.0, 1465.0, 1465.0, 1485.0, 1458.0, 1458.0, 1459.0, 1434.0, 1465.0, 1460.0, 1460.0, 1447.0, 1448.0, 1450.0, 1453.0, 1449.0, 1444.0, 1438.0, 1456.0, 1452.0, 1421.0, 1421.0, 1427.0, 1416.0, 1422.0, 1408.0, 1408.0, 1400.0, 1400.0, 1397.0, 1394.0, 1402.0, 1406.0, 1410.0, 1379.0, 1374.0, 1367.0, 1367.0, 1372.0, 1372.0, 1365.0, 1350.0, 1350.0, 1360.0, 1334.0, 1335.0, 1305.0, 1305.0, 1310.0, 1310.0, 1282.0, 1282.0, 1305.0, 1295.0, 1290.0, 1289.0, 1291.0, 1276.0, 1276.0, 1278.0, 1280.0, 1277.0, 1273.0, 1273.0, 1284.0, 1279.0, 1273.0, 1273.0, 1269.0, 1267.0, 1262.0, 1257.0, 1268.0, 1256.0, 1256.0, 1256.0, 1262.0, 1256.0, 1266.0, 1264.0, 1261.0, 1260.0, 1260.0, 1256.0, 1250.0, 1245.0, 1247.0, 1236.0, 1221.0, 1221.0, 1216.0, 1207.0, 1207.0, 1208.0, 1197.0, 1182.0, 1175.0, 1175.0, 1175.0, 1176.0, 1166.0, 1161.0, 1166.0, 1144.0, 1128.0, 1132.0, 1137.0, 1130.0, 1099.0, 1109.0, 1129.0, 1124.0, 1130.0, 1148.0, 1141.0, 1125.0, 1116.0, 1123.0, 1129.0, 1127.0, 1118.0, 1129.0, 1141.0, 1136.0, 1150.0, 1136.0, 1131.0, 1122.0, 1116.0, 1109.0, 1109.0, 1109.0, 1090.0, 1107.0, 1107.0, 1104.0, 1098.0, 1106.0, 1100.0, 1113.0, 1117.0, 1117.0, 1110.0, 1115.0, 1092.0, 1086.0, 1102.0, 1101.0, 1101.0, 1109.0, 1109.0, 1096.0, 1113.0, 1109.0, 1102.0, 1078.0, 1106.0, 1109.0, 1099.0, 1102.0, 1113.0, 1106.0, 1106.0, 1113.0, 1108.0, 1123.0, 1122.0, 1117.0, 1134.0, 1103.0, 1131.0, 1113.0, 1123.0, 1130.0, 1116.0, 1110.0, 1124.0, 1120.0, 1120.0, 1106.0, 1103.0, 1097.0, 1092.0, 1086.0, 1081.0, 1104.0, 1086.0, 1088.0, 1082.0, 1074.0, 1058.0, 1043.0, 1037.0, 1046.0, 1039.0, 1053.0, 1051.0, 1047.0, 1045.0, 1044.0, 1016.0, 1007.0, 1000.0, 1006.0, 1020.0, 1013.0, 1019.0, 1014.0, 1017.0, 993.0, 981.0, 997.0, 981.0, 970.0, 947.0, 927.0, 929.0, 936.0, 954.0, 963.0, 969.0, 943.0, 910.0, 910.0, 931.0, 938.0, 956.0, 1106.0, 1370.0, 1236.0, 969.0, 971.0, 978.0, 957.0, 985.0, 984.0, 981.0, 981.0, 965.0, 974.0, 984.0, 980.0, 978.0, 982.0, 990.0, 986.0, 981.0, 975.0, 974.0, 979.0, 984.0, 984.0, 975.0, 969.0, 976.0, 986.0, 986.0, 986.0, 986.0, 986.0, 999.0, 996.0, 988.0, 983.0, 983.0, 985.0, 983.0, 977.0, 988.0, 971.0, 976.0, 984.0, 974.0, 987.0, 995.0, 986.0, 995.0, 995.0, 991.0, 999.0, 994.0, 982.0, 1002.0, 992.0, 994.0, 1000.0, 994.0, 983.0, 985.0, 986.0, 990.0, 987.0, 987.0, 992.0, 982.0, 984.0, 994.0, 992.0, 991.0, 988.0, 985.0, 983.0, 981.0, 981.0, 985.0, 991.0, 986.0, 990.0, 996.0, 989.0, 995.0, 999.0, 1003.0, 1005.0, 1006.0, 1009.0, 1015.0, 1014.0, 1009.0, 1014.0, 1003.0, 1025.0, 1010.0, 1007.0, 1012.0, 1021.0, 1027.0, 1026.0, 1022.0, 1013.0, 1019.0, 1023.0, 1013.0, 1013.0, 1030.0, 1021.0, 1033.0, 1019.0, 1024.0, 1011.0, 1016.0, 1028.0, 1026.0, 1020.0, 1020.0, 1027.0, 1019.0, 1017.0, 992.0, 1010.0, 993.0, 990.0, 999.0, 994.0, 987.0, 985.0, 980.0, 986.0, 981.0, 988.0, 980.0, 982.0, 986.0, 983.0, 994.0, 999.0, 1012.0, 1019.0, 1023.0, 1026.0, 1031.0, 1037.0, 1043.0, 1049.0, 1046.0, 1061.0, 1070.0, 1074.0, 1084.0, 1087.0, 1092.0, 1097.0, 1104.0, 1106.0, 1113.0, 1114.0, 1110.0, 1113.0, 1122.0, 1117.0, 1114.0, 1111.0, 1102.0, 1108.0, 1107.0, 1114.0, 1123.0, 1135.0, 1134.0, 1141.0, 1154.0, 1135.0, 1141.0, 1130.0, 1134.0, 1146.0, 1134.0, 1141.0, 1137.0, 1165.0, 1158.0, 1184.0, 1182.0, 1192.0, 1201.0, 1208.0, 1234.0, 1232.0, 1232.0, 1236.0, 1243.0, 1245.0, 1253.0, 1253.0, 1258.0, 1262.0, 1268.0, 1272.0, 1278.0, 1280.0, 1282.0, 1291.0, 1285.0, 1285.0, 1295.0, 1310.0, 1322.0, 1342.0, 1358.0, 1348.0, 1347.0, 1344.0, 1360.0, 1378.0, 1382.0, 1382.0, 1382.0, 1395.0, 1385.0, 1381.0, 1388.0, 1409.0, 1425.0, 1406.0, 1419.0, 1420.0, 1429.0, 1441.0, 1448.0, 1452.0, 1444.0, 1453.0, 1463.0, 1452.0, 1475.0, 1490.0, 1489.0, 1489.0, 1487.0, 1494.0, 1500.0, 1500.0, 1486.0, 1487.0, 1509.0, 1496.0, 1496.0, 1517.0, 1526.0, 1522.0, 1523.0, 1522.0, 1511.0, 1522.0, 1522.0, 1538.0, 1543.0, 1539.0, 1545.0, 1538.0, 1574.0, 1560.0, 1560.0, 1580.0, 1574.0, 1595.0, 1592.0, 1586.0, 1598.0, 1594.0, 1604.0, 1604.0, 1614.0, 1624.0, 1624.0, 1609.0, 1618.0, 1629.0, 1621.0, 1625.0, 1631.0, 1634.0, 1644.0, 1637.0, 1642.0, 1643.0, 1643.0, 1656.0, 1645.0, 1650.0, 1651.0, 1653.0, 1656.0, 1665.0, 1667.0, 1670.0, 1675.0, 1658.0, 1673.0, 1690.0, 1690.0, 1682.0, 1682.0, 1666.0, 1694.0, 1696.0, 1692.0, 1681.0, 1667.0, 1665.0, 1667.0, 1667.0, 1676.0, 1668.0, 1680.0, 1689.0, 1680.0, 1680.0, 1694.0, 1693.0, 1699.0, 1696.0, 1693.0, 1705.0, 1718.0, 1718.0, 1718.0, 1714.0, 1747.0, 1747.0, 1744.0, 1750.0, 1747.0, 1740.0, 1736.0, 1736.0, 1754.0, 1748.0, 1748.0, 1738.0, 1762.0, 1763.0, 1774.0, 1782.0, 1786.0, 1784.0, 1811.0, 1821.0, 1808.0, 1823.0, 1807.0, 1792.0, 1820.0, 1826.0, 1824.0, 1801.0, 1805.0, 1814.0, 1814.0, 1838.0, 1830.0, 1846.0, 1860.0, 1863.0, 1864.0, 1868.0, 1868.0, 1899.0, 1896.0, 1899.0, 1876.0, 1875.0, 1899.0, 1890.0, 1923.0, 1927.0, 1918.0, 1923.0, 1914.0, 1939.0, 1937.0, 1946.0, 1938.0, 1941.0, 1955.0, 1960.0, 1960.0, 1955.0, 1937.0, 1932.0, 1932.0, 1913.0, 1929.0, 1923.0, 1923.0, 1930.0, 1933.0, 1930.0, 1926.0, 1908.0, 1904.0, 1904.0, 1891.0, 1857.0, 1887.0, 1903.0, 1894.0, 1887.0, 1868.0, 1863.0, 1875.0, 1875.0, 1894.0, 1894.0, 1867.0, 1856.0, 1854.0, 1862.0, 1849.0, 1846.0, 1836.0, 1836.0, 1839.0, 1844.0, 1833.0, 1842.0, 1850.0, 1853.0, 1855.0, 1853.0, 1850.0, 1830.0, 1808.0, 1826.0, 1780.0, 1798.0, 1778.0, 1796.0, 1808.0, 1780.0, 1780.0, 1780.0, 1780.0, 1776.0, 1784.0, 1779.0, 1773.0, 1763.0, 1766.0, 1739.0, 1737.0, 1746.0, 1737.0, 1742.0, 1731.0, 1735.0, 1728.0, 1728.0, 1728.0, 1732.0, 1737.0, 1738.0, 1729.0, 1729.0, 1730.0, 1730.0, 1733.0, 1736.0, 1731.0, 1729.0, 1731.0, 1721.0, 1701.0, 1700.0, 1688.0, 1705.0, 1705.0, 1693.0, 1676.0, 1669.0, 1669.0, 1669.0, 1663.0, 1663.0, 1660.0, 1668.0, 1668.0, 1658.0, 1658.0, 1659.0, 1660.0, 1658.0, 1660.0, 1647.0, 1652.0, 1647.0, 1656.0, 1654.0, 1655.0, 1656.0, 1647.0, 1630.0, 1622.0, 1623.0, 1623.0, 1612.0, 1614.0, 1619.0, 1626.0, 1602.0, 1602.0, 1612.0, 1612.0, 1602.0, 1602.0, 1592.0, 1581.0, 1572.0, 1569.0, 1563.0, 1571.0, 1572.0, 1564.0, 1562.0, 1565.0, 1568.0, 1541.0, 1554.0, 1536.0, 1536.0, 1545.0, 1545.0, 1530.0, 1538.0, 1538.0, 1539.0, 1541.0, 1526.0, 1534.0, 1528.0, 1520.0, 1529.0, 1529.0, 1520.0, 1507.0, 1495.0, 1498.0, 1506.0, 1504.0, 1500.0, 1480.0, 1480.0, 1473.0, 1470.0, 1474.0, 1471.0, 1469.0, 1459.0, 1457.0, 1442.0, 1427.0, 1427.0, 1427.0, 1427.0, 1439.0, 1443.0, 1428.0, 1413.0, 1415.0, 1418.0, 1409.0, 1424.0, 1407.0, 1405.0, 1415.0, 1404.0, 1392.0, 1391.0, 1381.0, 1395.0, 1367.0, 1366.0, 1364.0, 1363.0, 1359.0, 1371.0, 1366.0, 1358.0, 1361.0, 1359.0, 1358.0, 1357.0, 1353.0, 1353.0, 1352.0, 1349.0, 1357.0, 1344.0, 1342.0, 1343.0, 1344.0, 1346.0, 1348.0, 1347.0, 1320.0, 1333.0, 1332.0, 1344.0, 1322.0, 1326.0, 1331.0, 1335.0, 1341.0, 1338.0, 1336.0, 1322.0, 1316.0, 1319.0, 1311.0, 1323.0, 1335.0, 1302.0, 1289.0, 1289.0, 1295.0, 1311.0, 1305.0, 1323.0, 1294.0, 1313.0, 1282.0, 1290.0, 1301.0, 1295.0, 1290.0, 1287.0, 1287.0, 1285.0, 1282.0, 1294.0, 1301.0, 1284.0, 1270.0, 1261.0, 1274.0, 1286.0, 1279.0, 1276.0, 1276.0, 1283.0, 1274.0, 1258.0, 1269.0, 1273.0, 1275.0, 1282.0, 1270.0, 1268.0, 1270.0, 1275.0, 1258.0, 1258.0, 1279.0, 1276.0, 1276.0, 1274.0, 1263.0, 1254.0, 1260.0, 1266.0, 1263.0, 1262.0, 1252.0, 1271.0, 1254.0, 1259.0, 1263.0, 1269.0, 1269.0, 1282.0, 1285.0, 1277.0, 1275.0, 1276.0, 1286.0, 1291.0, 1292.0, 1285.0, 1278.0, 1268.0, 1281.0, 1272.0, 1272.0, 1260.0, 1270.0, 1288.0, 1283.0, 1275.0, 1280.0, 1292.0, 1279.0, 1267.0, 1273.0, 1280.0, 1288.0, 1290.0, 1290.0, 1284.0, 1285.0, 1284.0, 1285.0, 1285.0, 1281.0, 1281.0, 1274.0, 1281.0, 1278.0, 1281.0, 1281.0, 1280.0, 1274.0, 1275.0, 1269.0, 1279.0, 1278.0, 1277.0, 1276.0, 1290.0, 1294.0, 1299.0, 1289.0, 1291.0, 1284.0, 1284.0, 1283.0, 1285.0, 1279.0, 1285.0, 1281.0, 1293.0, 1293.0, 1290.0, 1295.0, 1321.0, 1311.0, 1310.0, 1310.0, 1320.0, 1323.0, 1300.0, 1316.0, 1309.0, 1317.0, 1326.0, 1333.0, 1325.0, 1311.0, 1322.0, 1323.0, 1322.0, 1322.0, 1327.0, 1327.0, 1337.0, 1334.0, 1334.0, 1348.0, 1343.0, 1351.0, 1352.0, 1357.0, 1375.0, 1367.0, 1380.0, 1357.0, 1365.0, 1359.0, 1359.0, 1367.0, 1368.0, 1361.0, 1366.0, 1360.0, 1377.0, 1378.0, 1378.0, 1372.0, 1369.0, 1363.0, 1360.0, 1366.0, 1383.0, 1379.0, 1377.0, 1377.0, 1377.0]