header: 
  seq: 1829
  stamp: 
    secs: 1548820802
    nsecs: 902806632
  frame_id: "base_link"
angle_min: -2.35619449615
angle_max: 2.35619449615
angle_increment: 0.00436332309619
time_increment: 1.73611151695e-05
scan_time: 0.0250000003725
range_min: 0.019999999553
range_max: 30.0
ranges: [0.5540000200271606, 0.5569999814033508, 0.5619999766349792, 0.5619999766349792, 0.574999988079071, 0.5730000138282776, 0.5680000185966492, 0.5659999847412109, 0.5699999928474426, 0.5740000009536743, 0.5659999847412109, 0.5600000023841858, 0.5590000152587891, 0.5519999861717224, 0.5320000052452087, 0.4950000047683716, 0.4129999876022339, 0.35199999809265137, 0.28999999165534973, 0.3179999887943268, 0.39800000190734863, 0.45899999141693115, 0.5230000019073486, 0.5550000071525574, 0.5609999895095825, 0.5590000152587891, 0.5550000071525574, 0.5509999990463257, 0.550000011920929, 0.5419999957084656, 0.5329999923706055, 0.527999997138977, 0.5260000228881836, 0.5299999713897705, 0.5410000085830688, 0.5379999876022339, 0.5400000214576721, 0.5429999828338623, 0.5410000085830688, 0.5379999876022339, 0.5329999923706055, 0.5260000228881836, 0.5260000228881836, 0.5189999938011169, 0.5189999938011169, 0.5189999938011169, 0.5149999856948853, 0.5130000114440918, 0.5139999985694885, 0.5170000195503235, 0.5120000243186951, 0.5099999904632568, 0.5040000081062317, 0.5049999952316284, 0.5080000162124634, 0.503000020980835, 0.49900001287460327, 0.5049999952316284, 0.5049999952316284, 0.5009999871253967, 0.49799999594688416, 0.49399998784065247, 0.49000000953674316, 0.48899999260902405, 0.48899999260902405, 0.4860000014305115, 0.48500001430511475, 0.4880000054836273, 0.4880000054836273, 0.4909999966621399, 0.4909999966621399, 0.48500001430511475, 0.4819999933242798, 0.4819999933242798, 0.4830000102519989, 0.48500001430511475, 0.4830000102519989, 0.4790000021457672, 0.4790000021457672, 0.4790000021457672, 0.47999998927116394, 0.47600001096725464, 0.4729999899864197, 0.4740000069141388, 0.47999998927116394, 0.4729999899864197, 0.46700000762939453, 0.460999995470047, 0.45899999141693115, 0.4569999873638153, 0.4560000002384186, 0.4580000042915344, 0.45899999141693115, 0.46299999952316284, 0.4749999940395355, 0.4749999940395355, 0.4580000042915344, 0.4580000042915344, 0.45899999141693115, 0.45899999141693115, 0.44999998807907104, 0.44999998807907104, 0.45399999618530273, 0.45500001311302185, 0.4490000009536743, 0.44600000977516174, 0.4449999928474426, 0.44699999690055847, 0.44999998807907104, 0.4480000138282776, 0.4480000138282776, 0.44699999690055847, 0.4390000104904175, 0.4390000104904175, 0.4390000104904175, 0.43799999356269836, 0.4359999895095825, 0.4339999854564667, 0.4339999854564667, 0.4519999921321869, 0.43799999356269836, 0.43299999833106995, 0.4339999854564667, 0.4350000023841858, 0.43299999833106995, 0.42500001192092896, 0.42500001192092896, 0.4269999861717224, 0.42100000381469727, 0.42100000381469727, 0.4269999861717224, 0.42899999022483826, 0.42800000309944153, 0.4230000078678131, 0.42100000381469727, 0.4180000126361847, 0.41499999165534973, 0.4169999957084656, 0.4169999957084656, 0.4169999957084656, 0.41100001335144043, 0.40700000524520874, 0.4129999876022339, 0.4129999876022339, 0.40799999237060547, 0.40799999237060547, 0.40400001406669617, 0.4099999964237213, 0.41200000047683716, 0.41600000858306885, 0.41600000858306885, 0.4090000092983246, 0.4059999883174896, 0.4059999883174896, 0.4020000100135803, 0.4020000100135803, 0.4020000100135803, 0.40799999237060547, 0.4009999930858612, 0.40299999713897705, 0.40299999713897705, 0.4050000011920929, 0.4009999930858612, 0.40299999713897705, 0.40299999713897705, 0.4009999930858612, 0.4009999930858612, 0.39500001072883606, 0.3959999978542328, 0.3970000147819519, 0.39899998903274536, 0.3959999978542328, 0.3889999985694885, 0.39500001072883606, 0.39399999380111694, 0.3970000147819519, 0.39399999380111694, 0.39399999380111694, 0.3889999985694885, 0.3919999897480011, 0.3889999985694885, 0.3880000114440918, 0.3889999985694885, 0.3889999985694885, 0.3880000114440918, 0.38999998569488525, 0.38199999928474426, 0.3790000081062317, 0.3880000114440918, 0.3930000066757202, 0.39100000262260437, 0.3880000114440918, 0.3880000114440918, 0.3880000114440918, 0.3880000114440918, 0.38499999046325684, 0.38499999046325684, 0.382999986410141, 0.38499999046325684, 0.38600000739097595, 0.3880000114440918, 0.38999998569488525, 0.38499999046325684, 0.38199999928474426, 0.382999986410141, 0.3779999911785126, 0.375, 0.37599998712539673, 0.37599998712539673, 0.3840000033378601, 0.3869999945163727, 0.38499999046325684, 0.38199999928474426, 0.38499999046325684, 0.3919999897480011, 0.39100000262260437, 0.39399999380111694, 0.382999986410141, 0.3919999897480011, 0.38600000739097595, 0.38999998569488525, 0.38999998569488525, 0.3869999945163727, 0.3880000114440918, 0.38600000739097595, 0.382999986410141, 0.38199999928474426, 0.3790000081062317, 0.3779999911785126, 0.3779999911785126, 0.375, 0.3799999952316284, 0.3799999952316284, 0.382999986410141, 0.37400001287460327, 0.37400001287460327, 0.37700000405311584, 0.38100001215934753, 0.38100001215934753, 0.3880000114440918, 0.382999986410141, 0.3919999897480011, 0.39800000190734863, 0.3790000081062317, 0.3779999911785126, 0.38499999046325684, 0.38600000739097595, 0.38199999928474426, 0.3799999952316284, 0.38199999928474426, 0.3799999952316284, 0.38100001215934753, 0.38100001215934753, 0.38100001215934753, 0.382999986410141, 0.3880000114440918, 0.3880000114440918, 0.3869999945163727, 0.3869999945163727, 0.39100000262260437, 0.39500001072883606, 0.3930000066757202, 0.39500001072883606, 0.4050000011920929, 0.4050000011920929, 0.4090000092983246, 0.4099999964237213, 0.4099999964237213, 0.4050000011920929, 0.40700000524520874, 0.4169999957084656, 0.4129999876022339, 0.41600000858306885, 0.41499999165534973, 0.42500001192092896, 0.4269999861717224, 0.42500001192092896, 0.4189999997615814, 0.4169999957084656, 0.41999998688697815, 0.4309999942779541, 0.4320000112056732, 0.4359999895095825, 0.4440000057220459, 0.4449999928474426, 0.4490000009536743, 0.46799999475479126, 0.4699999988079071, 0.4729999899864197, 0.4790000021457672, 0.4790000021457672, 0.47600001096725464, 0.47999998927116394, 0.5809999704360962, 0.4950000047683716, 0.5080000162124634, 2.747999906539917, 2.734999895095825, 2.7249999046325684, 2.7230000495910645, 2.7049999237060547, 2.691999912261963, 2.688999891281128, 2.687999963760376, 2.671999931335449, 2.6579999923706055, 2.6470000743865967, 2.6449999809265137, 2.632999897003174, 2.615000009536743, 2.5999999046325684, 2.578000068664551, 2.572999954223633, 2.562000036239624, 2.546999931335449, 2.5420000553131104, 2.5250000953674316, 2.506999969482422, 2.490999937057495, 2.4779999256134033, 2.4649999141693115, 2.4489998817443848, 2.4260001182556152, 2.4030001163482666, 2.3989999294281006, 2.372999906539917, 2.364000082015991, 2.3350000381469727, 2.328000068664551, 2.299999952316284, 2.2880001068115234, 2.2679998874664307, 2.246999979019165, 2.2209999561309814, 2.2079999446868896, 2.194000005722046, 2.184999942779541, 2.1710000038146973, 2.132999897003174, 2.118000030517578, 2.1050000190734863, 2.0889999866485596, 2.078000068664551, 2.071000099182129, 2.059999942779541, 2.0390000343322754, 2.0199999809265137, 2.009000062942505, 1.9919999837875366, 1.9800000190734863, 1.968000054359436, 1.9579999446868896, 1.9420000314712524, 1.9229999780654907, 1.9119999408721924, 1.9049999713897705, 1.909000039100647, 1.8890000581741333, 1.8730000257492065, 1.8569999933242798, 1.8539999723434448, 1.8350000381469727, 1.815000057220459, 1.812000036239624, 1.8070000410079956, 1.7949999570846558, 1.7829999923706055, 1.7669999599456787, 1.7599999904632568, 1.753000020980835, 1.7380000352859497, 1.7230000495910645, 1.718000054359436, 1.7100000381469727, 1.7000000476837158, 1.6920000314712524, 1.6729999780654907, 1.6629999876022339, 1.6610000133514404, 1.652999997138977, 1.6430000066757202, 1.6349999904632568, 1.6299999952316284, 1.6139999628067017, 1.6080000400543213, 1.6019999980926514, 1.6050000190734863, 1.593999981880188, 1.5720000267028809, 1.5729999542236328, 1.559999942779541, 1.559000015258789, 1.5520000457763672, 1.5420000553131104, 1.5390000343322754, 1.524999976158142, 1.5140000581741333, 1.5130000114440918, 1.5130000114440918, 1.5130000114440918, 1.5010000467300415, 1.496999979019165, 1.4889999628067017, 1.4839999675750732, 1.4800000190734863, 1.468999981880188, 1.4670000076293945, 1.4570000171661377, 1.4529999494552612, 1.4459999799728394, 1.444000005722046, 1.434999942779541, 1.4320000410079956, 1.4290000200271606, 1.4160000085830688, 1.4140000343322754, 1.4079999923706055, 1.399999976158142, 1.3969999551773071, 1.3910000324249268, 1.375, 1.3700000047683716, 1.3730000257492065, 1.3600000143051147, 1.3539999723434448, 1.3459999561309814, 1.3370000123977661, 1.340000033378601, 1.3550000190734863, 1.3459999561309814, 1.3289999961853027, 1.3289999961853027, 1.3220000267028809, 1.315999984741211, 1.3170000314712524, 1.3109999895095825, 1.3020000457763672, 1.3009999990463257, 1.3020000457763672, 1.2970000505447388, 1.2890000343322754, 1.2869999408721924, 1.2890000343322754, 1.284000039100647, 1.2829999923706055, 1.277999997138977, 1.2680000066757202, 1.2669999599456787, 1.2669999599456787, 1.2640000581741333, 1.2610000371932983, 1.246999979019165, 1.2519999742507935, 1.25600004196167, 1.24399995803833, 1.24399995803833, 1.246999979019165, 1.246999979019165, 1.246999979019165, 1.2400000095367432, 1.2319999933242798, 1.2289999723434448, 1.2300000190734863, 1.2200000286102295, 1.218999981880188, 1.2209999561309814, 1.2269999980926514, 1.2230000495910645, 1.2130000591278076, 1.2079999446868896, 1.2059999704360962, 1.2059999704360962, 1.2100000381469727, 1.2000000476837158, 1.2000000476837158, 1.1950000524520874, 1.1950000524520874, 1.1950000524520874, 1.190999984741211, 1.187000036239624, 1.187000036239624, 1.1859999895095825, 1.1799999475479126, 1.1799999475479126, 1.1799999475479126, 1.1799999475479126, 1.1820000410079956, 1.1740000247955322, 1.1710000038146973, 1.1729999780654907, 1.1710000038146973, 1.1629999876022339, 1.1629999876022339, 1.156999945640564, 1.1549999713897705, 1.149999976158142, 1.149999976158142, 1.1490000486373901, 1.1460000276565552, 1.1430000066757202, 1.1410000324249268, 1.1380000114440918, 1.1369999647140503, 1.1369999647140503, 1.1349999904632568, 1.1330000162124634, 1.128999948501587, 1.125, 1.1260000467300415, 1.13100004196167, 1.1330000162124634, 1.13100004196167, 1.11899995803833, 1.1150000095367432, 1.1119999885559082, 1.1119999885559082, 1.1130000352859497, 1.1109999418258667, 1.1100000143051147, 1.1059999465942383, 1.1080000400543213, 1.1039999723434448, 1.0989999771118164, 1.097000002861023, 1.0950000286102295, 1.0950000286102295, 1.090999960899353, 1.090999960899353, 1.090000033378601, 1.093000054359436, 1.090999960899353, 1.090000033378601, 1.0880000591278076, 1.0759999752044678, 1.0750000476837158, 1.0729999542236328, 1.0700000524520874, 1.069000005722046, 1.069000005722046, 1.065999984741211, 1.0640000104904175, 1.062999963760376, 1.0670000314712524, 1.069000005722046, 1.059000015258789, 1.0529999732971191, 1.0529999732971191, 1.0490000247955322, 1.0490000247955322, 1.0499999523162842, 1.0549999475479126, 1.0420000553131104, 1.0420000553131104, 1.0449999570846558, 1.0509999990463257, 1.0529999732971191, 1.0429999828338623, 1.027999997138977, 1.0269999504089355, 1.0269999504089355, 1.0269999504089355, 1.0089999437332153, 1.0089999437332153, 1.0119999647140503, 1.0140000581741333, 1.0089999437332153, 1.003000020980835, 1.00600004196167, 1.0069999694824219, 1.0069999694824219, 0.9980000257492065, 0.9940000176429749, 0.9929999709129333, 0.9879999756813049, 0.9879999756813049, 0.9829999804496765, 0.9819999933242798, 0.9829999804496765, 0.9779999852180481, 0.9779999852180481, 0.9779999852180481, 0.9710000157356262, 0.9649999737739563, 0.9649999737739563, 0.9629999995231628, 0.9639999866485596, 0.9599999785423279, 0.9580000042915344, 0.9580000042915344, 0.9599999785423279, 0.9599999785423279, 0.9599999785423279, 0.9589999914169312, 0.9480000138282776, 0.9430000185966492, 0.9440000057220459, 0.9380000233650208, 0.9319999814033508, 0.9269999861717224, 0.9279999732971191, 0.9269999861717224, 0.9269999861717224, 0.925000011920929, 0.925000011920929, 0.9259999990463257, 0.9229999780654907, 0.9200000166893005, 0.9229999780654907, 0.9279999732971191, 0.9179999828338623, 0.9110000133514404, 0.9079999923706055, 0.9079999923706055, 0.9120000004768372, 0.9039999842643738, 0.8999999761581421, 0.8949999809265137, 0.8930000066757202, 0.8939999938011169, 0.8939999938011169, 0.8920000195503235, 0.890999972820282, 0.8809999823570251, 0.8809999823570251, 0.8809999823570251, 0.8820000290870667, 0.8820000290870667, 0.8820000290870667, 0.8820000290870667, 0.8740000128746033, 0.8700000047683716, 0.8679999709129333, 0.8669999837875366, 0.8640000224113464, 0.8569999933242798, 0.8569999933242798, 0.8510000109672546, 0.8579999804496765, 0.8519999980926514, 0.8479999899864197, 0.8349999785423279, 0.8429999947547913, 0.843999981880188, 0.8460000157356262, 0.843999981880188, 0.8389999866485596, 0.8339999914169312, 0.8309999704360962, 0.8299999833106995, 0.8320000171661377, 0.8320000171661377, 0.8309999704360962, 0.8289999961853027, 0.8230000138282776, 0.8199999928474426, 0.8159999847412109, 0.8140000104904175, 0.8100000023841858, 0.8090000152587891, 0.8100000023841858, 0.8100000023841858, 0.8050000071525574, 0.7990000247955322, 0.8009999990463257, 0.8050000071525574, 0.8009999990463257, 0.7979999780654907, 0.7950000166893005, 0.7929999828338623, 0.7919999957084656, 0.7910000085830688, 0.7910000085830688, 0.7829999923706055, 0.7789999842643738, 0.7770000100135803, 0.7799999713897705, 0.7770000100135803, 0.7770000100135803, 0.7789999842643738, 0.7760000228881836, 0.7739999890327454, 0.7639999985694885, 0.7630000114440918, 0.7630000114440918, 0.7599999904632568, 0.7630000114440918, 0.7689999938011169, 0.7540000081062317, 0.7540000081062317, 0.7490000128746033, 0.7409999966621399, 0.7419999837875366, 0.7350000143051147, 0.7350000143051147, 0.7350000143051147, 0.7329999804496765, 0.7329999804496765, 0.7300000190734863, 0.7279999852180481, 0.7310000061988831, 0.7329999804496765, 0.7289999723434448, 0.7250000238418579, 0.7269999980926514, 0.7179999947547913, 0.7120000123977661, 0.7099999785423279, 0.7110000252723694, 0.7129999995231628, 0.7129999995231628, 0.7110000252723694, 0.7139999866485596, 0.7020000219345093, 0.7020000219345093, 0.7009999752044678, 0.703000009059906, 0.703000009059906, 0.6970000267028809, 0.6899999976158142, 0.6890000104904175, 0.6919999718666077, 0.6919999718666077, 0.6840000152587891, 0.6850000023841858, 0.6930000185966492, 0.6890000104904175, 0.6859999895095825, 0.6790000200271606, 0.6779999732971191, 0.6710000038146973, 0.6710000038146973, 0.6710000038146973, 0.6759999990463257, 0.6759999990463257, 0.6710000038146973, 0.6660000085830688, 0.6639999747276306, 0.6679999828338623, 0.6650000214576721, 0.6600000262260437, 0.6549999713897705, 0.6629999876022339, 0.6660000085830688, 0.6610000133514404, 0.6549999713897705, 0.6499999761581421, 0.6510000228881836, 0.6499999761581421, 0.652999997138977, 0.6549999713897705, 0.6499999761581421, 0.6420000195503235, 0.6399999856948853, 0.6399999856948853, 0.6430000066757202, 0.640999972820282, 0.6399999856948853, 0.6420000195503235, 0.6430000066757202, 0.6359999775886536, 0.6290000081062317, 0.6290000081062317, 0.6269999742507935, 0.6340000033378601, 0.6389999985694885, 0.6349999904632568, 0.6299999952316284, 0.6290000081062317, 0.625, 0.625, 0.6259999871253967, 0.6230000257492065, 0.6150000095367432, 0.6140000224113464, 0.6179999709129333, 0.6150000095367432, 0.6100000143051147, 0.6169999837875366, 0.621999979019165, 0.621999979019165, 0.609000027179718, 0.6029999852180481, 0.6029999852180481, 0.6050000190734863, 0.6019999980926514, 0.6050000190734863, 0.6050000190734863, 0.5979999899864197, 0.5960000157356262, 0.5920000076293945, 0.5889999866485596, 0.5910000205039978, 0.5920000076293945, 0.5929999947547913, 0.5910000205039978, 0.5910000205039978, 0.5910000205039978, 0.5989999771118164, 0.5860000252723694, 0.5839999914169312, 0.5820000171661377, 0.578000009059906, 0.5759999752044678, 0.5770000219345093, 0.5770000219345093, 0.5740000009536743, 0.5709999799728394, 0.5680000185966492, 0.5690000057220459, 0.5669999718666077, 0.5659999847412109, 0.5659999847412109, 0.5680000185966492, 0.5699999928474426, 0.5730000138282776, 0.5730000138282776, 0.5730000138282776, 0.5669999718666077, 0.5619999766349792, 0.5600000023841858, 0.5590000152587891, 0.5590000152587891, 0.5590000152587891, 0.5590000152587891, 0.5550000071525574, 0.5619999766349792, 0.5590000152587891, 0.5590000152587891, 0.5519999861717224, 0.5519999861717224, 0.5619999766349792, 0.5519999861717224, 0.5540000200271606, 0.5559999942779541, 0.5490000247955322, 0.5429999828338623, 0.5419999957084656, 0.5419999957084656, 0.5410000085830688, 0.5410000085830688, 0.5410000085830688, 0.5410000085830688, 0.5410000085830688, 0.5440000295639038, 0.5460000038146973, 0.5379999876022339, 0.5329999923706055, 0.5339999794960022, 0.5370000004768372, 0.5320000052452087, 0.5320000052452087, 0.531000018119812, 0.5289999842643738, 0.5289999842643738, 0.5299999713897705, 0.531000018119812, 0.531000018119812, 0.5329999923706055, 0.5299999713897705, 0.527999997138977, 0.5270000100135803, 0.5270000100135803, 0.5260000228881836, 0.5260000228881836, 0.5239999890327454, 0.5239999890327454, 0.5199999809265137, 0.5199999809265137, 0.5199999809265137, 0.5199999809265137, 0.5199999809265137, 0.5180000066757202, 0.5180000066757202, 0.5170000195503235, 0.5189999938011169, 0.5120000243186951, 0.5070000290870667, 0.5120000243186951, 0.5130000114440918, 0.5130000114440918, 0.5070000290870667, 0.5080000162124634, 0.5120000243186951, 0.5120000243186951, 0.5090000033378601, 0.5109999775886536, 0.5170000195503235, 0.5130000114440918, 0.5019999742507935, 0.5040000081062317, 0.5009999871253967, 0.5040000081062317, 0.5099999904632568, 0.503000020980835, 0.5049999952316284, 0.5040000081062317, 0.5130000114440918, 0.5139999985694885, 0.5080000162124634, 0.5040000081062317, 0.5040000081062317, 0.5049999952316284, 0.5049999952316284, 0.5059999823570251, 0.5019999742507935, 0.5009999871253967, 0.5070000290870667, 0.5170000195503235, 0.5, 0.492000013589859, 0.49799999594688416, 0.5059999823570251, 0.5049999952316284, 0.5, 0.4950000047683716, 0.49399998784065247, 0.49900001287460327, 0.5059999823570251, 0.49399998784065247, 0.4959999918937683, 0.5, 0.503000020980835, 0.5, 0.5, 0.4950000047683716, 0.4950000047683716, 0.4959999918937683, 0.4959999918937683, 0.5040000081062317, 0.4970000088214874, 0.4970000088214874, 0.4959999918937683, 0.49300000071525574, 0.48899999260902405, 0.49399998784065247, 0.5019999742507935, 0.49799999594688416, 0.49300000071525574, 0.4959999918937683, 0.5009999871253967, 0.4970000088214874, 0.48899999260902405, 0.4909999966621399, 0.4959999918937683, 0.5040000081062317, 0.49900001287460327, 0.49900001287460327, 0.49399998784065247, 0.4959999918937683, 0.49799999594688416, 0.49799999594688416, 0.49300000071525574, 0.4970000088214874, 0.5059999823570251, 0.5049999952316284, 0.503000020980835, 0.5019999742507935, 0.5019999742507935, 0.5009999871253967, 0.49900001287460327, 0.5009999871253967, 0.49900001287460327, 0.5040000081062317, 0.5040000081062317, 0.5109999775886536, 0.515999972820282, 0.515999972820282, 0.5080000162124634, 0.503000020980835, 0.5049999952316284, 0.5049999952316284, 0.5049999952316284, 0.5049999952316284, 0.5049999952316284, 0.5049999952316284, 0.5049999952316284, 0.5059999823570251, 0.5099999904632568, 0.5099999904632568, 0.5090000033378601, 0.5080000162124634, 0.5090000033378601, 0.5090000033378601, 0.5070000290870667, 0.5120000243186951, 0.5090000033378601, 0.5080000162124634, 0.5180000066757202, 0.5210000276565552, 0.5199999809265137, 0.5149999856948853, 0.515999972820282, 0.515999972820282, 0.5170000195503235, 0.5199999809265137, 0.5220000147819519, 0.5210000276565552, 0.5180000066757202, 0.5170000195503235, 0.515999972820282, 0.5149999856948853, 0.5239999890327454, 0.5239999890327454, 0.5239999890327454, 0.5289999842643738, 0.5289999842643738, 0.5260000228881836, 0.5260000228881836, 0.5289999842643738, 0.5320000052452087, 0.5320000052452087, 0.5339999794960022, 0.5270000100135803, 0.5270000100135803, 0.527999997138977, 0.5320000052452087, 0.5329999923706055, 0.5329999923706055, 0.527999997138977, 0.5339999794960022, 0.5329999923706055, 0.5329999923706055, 0.5299999713897705, 0.5299999713897705, 0.5299999713897705, 0.527999997138977, 0.5270000100135803, 0.5270000100135803, 0.5339999794960022, 0.5339999794960022, 0.5350000262260437, 0.5350000262260437, 0.5350000262260437, 0.5419999957084656, 0.5419999957084656, 0.5450000166893005, 0.5460000038146973, 0.5440000295639038, 0.5410000085830688, 0.5450000166893005, 0.546999990940094, 0.546999990940094, 0.5429999828338623, 0.5400000214576721, 0.5419999957084656, 0.5429999828338623, 0.550000011920929, 0.5509999990463257, 0.5490000247955322, 0.5479999780654907, 0.5450000166893005, 0.5450000166893005, 0.5440000295639038, 0.5479999780654907, 0.5479999780654907, 0.5509999990463257, 0.5509999990463257, 0.5519999861717224, 0.5519999861717224, 0.5559999942779541, 0.5580000281333923, 0.5540000200271606, 0.5519999861717224, 0.5590000152587891, 0.5609999895095825, 0.5630000233650208, 0.5640000104904175, 0.5720000267028809, 0.5759999752044678, 0.5799999833106995, 0.5809999704360962, 0.5809999704360962, 0.5830000042915344, 0.5879999995231628, 0.5889999866485596, 0.5929999947547913, 0.5960000157356262, 0.5989999771118164, 0.5950000286102295, 0.5950000286102295, 0.5960000157356262]
intensities: [1003.0, 1018.0, 1089.0, 1098.0, 1154.0, 1142.0, 1132.0, 1134.0, 1139.0, 1176.0, 1180.0, 1209.0, 1229.0, 1210.0, 1141.0, 1181.0, 1059.0, 944.0, 824.0, 861.0, 968.0, 1033.0, 1103.0, 1129.0, 1133.0, 1072.0, 1044.0, 1024.0, 1049.0, 1056.0, 1089.0, 1128.0, 1130.0, 1236.0, 1339.0, 1397.0, 1438.0, 1454.0, 1462.0, 1474.0, 1481.0, 1517.0, 1531.0, 1531.0, 1531.0, 1539.0, 1520.0, 1517.0, 1519.0, 1528.0, 1520.0, 1512.0, 1513.0, 1509.0, 1518.0, 1525.0, 1532.0, 1544.0, 1544.0, 1544.0, 1548.0, 1546.0, 1544.0, 1542.0, 1542.0, 1536.0, 1531.0, 1539.0, 1539.0, 1531.0, 1514.0, 1516.0, 1511.0, 1506.0, 1520.0, 1546.0, 1533.0, 1530.0, 1497.0, 1497.0, 1498.0, 1491.0, 1518.0, 1510.0, 1506.0, 1494.0, 1485.0, 1495.0, 1488.0, 1490.0, 1488.0, 1502.0, 1502.0, 1495.0, 1488.0, 1488.0, 1494.0, 1494.0, 1490.0, 1490.0, 1491.0, 1491.0, 1486.0, 1494.0, 1479.0, 1490.0, 1481.0, 1475.0, 1483.0, 1479.0, 1495.0, 1481.0, 1454.0, 1461.0, 1469.0, 1469.0, 1480.0, 1490.0, 1490.0, 1435.0, 1455.0, 1455.0, 1457.0, 1464.0, 1469.0, 1455.0, 1452.0, 1452.0, 1449.0, 1456.0, 1462.0, 1463.0, 1458.0, 1450.0, 1434.0, 1415.0, 1411.0, 1413.0, 1413.0, 1413.0, 1406.0, 1399.0, 1406.0, 1407.0, 1375.0, 1375.0, 1379.0, 1361.0, 1369.0, 1353.0, 1353.0, 1351.0, 1345.0, 1345.0, 1341.0, 1314.0, 1314.0, 1340.0, 1321.0, 1320.0, 1320.0, 1334.0, 1326.0, 1305.0, 1305.0, 1320.0, 1339.0, 1309.0, 1304.0, 1288.0, 1301.0, 1279.0, 1312.0, 1313.0, 1279.0, 1288.0, 1279.0, 1276.0, 1271.0, 1263.0, 1263.0, 1260.0, 1263.0, 1268.0, 1255.0, 1256.0, 1260.0, 1258.0, 1261.0, 1259.0, 1257.0, 1251.0, 1251.0, 1258.0, 1258.0, 1254.0, 1256.0, 1243.0, 1255.0, 1253.0, 1258.0, 1256.0, 1251.0, 1240.0, 1245.0, 1229.0, 1227.0, 1228.0, 1235.0, 1235.0, 1240.0, 1240.0, 1232.0, 1246.0, 1246.0, 1249.0, 1242.0, 1246.0, 1232.0, 1224.0, 1231.0, 1235.0, 1232.0, 1223.0, 1204.0, 1196.0, 1191.0, 1201.0, 1206.0, 1206.0, 1182.0, 1177.0, 1177.0, 1177.0, 1181.0, 1178.0, 1174.0, 1174.0, 1174.0, 1179.0, 1187.0, 1190.0, 1202.0, 1158.0, 1153.0, 1158.0, 1166.0, 1161.0, 1168.0, 1180.0, 1152.0, 1138.0, 1138.0, 1136.0, 1132.0, 1129.0, 1129.0, 1123.0, 1123.0, 1128.0, 1137.0, 1146.0, 1125.0, 1139.0, 1126.0, 1128.0, 1129.0, 1149.0, 1144.0, 1117.0, 1134.0, 1118.0, 1115.0, 1110.0, 1115.0, 1115.0, 1109.0, 1090.0, 1088.0, 1089.0, 1099.0, 1087.0, 1096.0, 1109.0, 1103.0, 1107.0, 1091.0, 1083.0, 1054.0, 1071.0, 1071.0, 1022.0, 988.0, 1510.0, 737.0, 429.0, 911.0, 927.0, 914.0, 931.0, 921.0, 916.0, 920.0, 925.0, 916.0, 916.0, 912.0, 915.0, 909.0, 909.0, 916.0, 908.0, 904.0, 914.0, 901.0, 905.0, 899.0, 895.0, 891.0, 885.0, 883.0, 882.0, 885.0, 878.0, 879.0, 899.0, 896.0, 901.0, 901.0, 892.0, 888.0, 892.0, 896.0, 911.0, 915.0, 918.0, 927.0, 926.0, 930.0, 927.0, 934.0, 935.0, 936.0, 939.0, 935.0, 943.0, 948.0, 949.0, 941.0, 956.0, 956.0, 962.0, 957.0, 959.0, 963.0, 973.0, 991.0, 979.0, 983.0, 1002.0, 1011.0, 1005.0, 1003.0, 994.0, 1002.0, 996.0, 998.0, 998.0, 1005.0, 1008.0, 1011.0, 1018.0, 1016.0, 1034.0, 1032.0, 1029.0, 1036.0, 1041.0, 1054.0, 1052.0, 1061.0, 1052.0, 1054.0, 1066.0, 1066.0, 1077.0, 1083.0, 1086.0, 1085.0, 1093.0, 1089.0, 1084.0, 1101.0, 1100.0, 1116.0, 1100.0, 1103.0, 1109.0, 1114.0, 1114.0, 1110.0, 1109.0, 1101.0, 1110.0, 1113.0, 1108.0, 1115.0, 1105.0, 1118.0, 1114.0, 1103.0, 1104.0, 1102.0, 1101.0, 1129.0, 1116.0, 1104.0, 1098.0, 1092.0, 1097.0, 1100.0, 1090.0, 1115.0, 1091.0, 1105.0, 1108.0, 1093.0, 1107.0, 1106.0, 1111.0, 1127.0, 1127.0, 1114.0, 1105.0, 1111.0, 1115.0, 1147.0, 1146.0, 1142.0, 1146.0, 1152.0, 1156.0, 1180.0, 1171.0, 1172.0, 1171.0, 1183.0, 1176.0, 1188.0, 1182.0, 1187.0, 1188.0, 1198.0, 1209.0, 1208.0, 1232.0, 1248.0, 1248.0, 1238.0, 1238.0, 1236.0, 1259.0, 1259.0, 1260.0, 1255.0, 1266.0, 1281.0, 1295.0, 1295.0, 1294.0, 1307.0, 1301.0, 1300.0, 1313.0, 1313.0, 1300.0, 1302.0, 1302.0, 1298.0, 1298.0, 1298.0, 1308.0, 1304.0, 1310.0, 1327.0, 1327.0, 1337.0, 1330.0, 1330.0, 1321.0, 1326.0, 1299.0, 1313.0, 1319.0, 1317.0, 1339.0, 1339.0, 1330.0, 1332.0, 1341.0, 1351.0, 1352.0, 1348.0, 1347.0, 1346.0, 1344.0, 1349.0, 1337.0, 1348.0, 1356.0, 1362.0, 1356.0, 1358.0, 1358.0, 1363.0, 1353.0, 1342.0, 1347.0, 1339.0, 1338.0, 1357.0, 1352.0, 1353.0, 1355.0, 1347.0, 1356.0, 1351.0, 1349.0, 1352.0, 1347.0, 1359.0, 1365.0, 1371.0, 1366.0, 1359.0, 1356.0, 1360.0, 1365.0, 1365.0, 1363.0, 1374.0, 1383.0, 1354.0, 1358.0, 1369.0, 1378.0, 1373.0, 1373.0, 1377.0, 1389.0, 1409.0, 1390.0, 1389.0, 1388.0, 1380.0, 1386.0, 1395.0, 1407.0, 1399.0, 1399.0, 1399.0, 1404.0, 1404.0, 1400.0, 1406.0, 1400.0, 1412.0, 1412.0, 1419.0, 1419.0, 1406.0, 1408.0, 1411.0, 1413.0, 1413.0, 1429.0, 1418.0, 1429.0, 1408.0, 1408.0, 1433.0, 1409.0, 1430.0, 1430.0, 1421.0, 1421.0, 1417.0, 1423.0, 1423.0, 1448.0, 1448.0, 1429.0, 1416.0, 1449.0, 1435.0, 1434.0, 1434.0, 1440.0, 1442.0, 1435.0, 1447.0, 1447.0, 1448.0, 1460.0, 1448.0, 1457.0, 1454.0, 1451.0, 1452.0, 1459.0, 1458.0, 1475.0, 1475.0, 1470.0, 1479.0, 1477.0, 1470.0, 1477.0, 1470.0, 1462.0, 1490.0, 1470.0, 1470.0, 1470.0, 1475.0, 1473.0, 1492.0, 1493.0, 1493.0, 1484.0, 1505.0, 1508.0, 1505.0, 1497.0, 1481.0, 1481.0, 1515.0, 1520.0, 1508.0, 1505.0, 1510.0, 1534.0, 1526.0, 1521.0, 1515.0, 1544.0, 1530.0, 1512.0, 1531.0, 1527.0, 1528.0, 1534.0, 1539.0, 1542.0, 1539.0, 1544.0, 1544.0, 1551.0, 1550.0, 1563.0, 1552.0, 1576.0, 1587.0, 1565.0, 1565.0, 1565.0, 1578.0, 1572.0, 1573.0, 1564.0, 1585.0, 1598.0, 1576.0, 1574.0, 1583.0, 1589.0, 1584.0, 1584.0, 1590.0, 1595.0, 1591.0, 1613.0, 1616.0, 1615.0, 1603.0, 1593.0, 1620.0, 1614.0, 1605.0, 1612.0, 1597.0, 1611.0, 1625.0, 1612.0, 1612.0, 1619.0, 1604.0, 1615.0, 1630.0, 1597.0, 1604.0, 1634.0, 1618.0, 1618.0, 1619.0, 1633.0, 1628.0, 1613.0, 1617.0, 1621.0, 1630.0, 1635.0, 1630.0, 1630.0, 1628.0, 1627.0, 1627.0, 1630.0, 1628.0, 1636.0, 1612.0, 1612.0, 1645.0, 1640.0, 1653.0, 1644.0, 1648.0, 1634.0, 1657.0, 1654.0, 1653.0, 1653.0, 1648.0, 1648.0, 1638.0, 1659.0, 1641.0, 1643.0, 1637.0, 1645.0, 1632.0, 1648.0, 1640.0, 1631.0, 1613.0, 1612.0, 1621.0, 1601.0, 1631.0, 1629.0, 1633.0, 1611.0, 1603.0, 1603.0, 1612.0, 1627.0, 1634.0, 1631.0, 1617.0, 1631.0, 1627.0, 1618.0, 1616.0, 1613.0, 1627.0, 1621.0, 1613.0, 1608.0, 1598.0, 1601.0, 1608.0, 1594.0, 1612.0, 1599.0, 1597.0, 1594.0, 1583.0, 1599.0, 1596.0, 1587.0, 1592.0, 1592.0, 1592.0, 1580.0, 1599.0, 1575.0, 1575.0, 1573.0, 1594.0, 1588.0, 1579.0, 1577.0, 1568.0, 1584.0, 1579.0, 1583.0, 1588.0, 1563.0, 1581.0, 1582.0, 1582.0, 1564.0, 1551.0, 1565.0, 1580.0, 1574.0, 1571.0, 1569.0, 1571.0, 1566.0, 1555.0, 1555.0, 1559.0, 1563.0, 1559.0, 1568.0, 1567.0, 1549.0, 1545.0, 1551.0, 1546.0, 1546.0, 1530.0, 1530.0, 1537.0, 1538.0, 1525.0, 1529.0, 1527.0, 1528.0, 1532.0, 1504.0, 1501.0, 1499.0, 1498.0, 1507.0, 1516.0, 1512.0, 1486.0, 1469.0, 1469.0, 1478.0, 1478.0, 1473.0, 1459.0, 1474.0, 1467.0, 1467.0, 1476.0, 1468.0, 1468.0, 1456.0, 1456.0, 1456.0, 1447.0, 1453.0, 1453.0, 1450.0, 1444.0, 1442.0, 1445.0, 1441.0, 1442.0, 1442.0, 1429.0, 1418.0, 1420.0, 1420.0, 1411.0, 1407.0, 1406.0, 1375.0, 1386.0, 1381.0, 1409.0, 1401.0, 1389.0, 1381.0, 1365.0, 1372.0, 1381.0, 1380.0, 1368.0, 1368.0, 1360.0, 1361.0, 1370.0, 1377.0, 1361.0, 1347.0, 1343.0, 1349.0, 1342.0, 1334.0, 1355.0, 1349.0, 1344.0, 1342.0, 1338.0, 1326.0, 1327.0, 1325.0, 1325.0, 1330.0, 1325.0, 1321.0, 1310.0, 1303.0, 1312.0, 1320.0, 1320.0, 1317.0, 1316.0, 1320.0, 1308.0, 1316.0, 1301.0, 1304.0, 1293.0, 1301.0, 1305.0, 1297.0, 1295.0, 1289.0, 1291.0, 1291.0, 1271.0, 1286.0, 1298.0, 1283.0, 1283.0, 1284.0, 1280.0, 1275.0, 1283.0, 1302.0, 1289.0, 1272.0, 1283.0, 1270.0, 1271.0, 1283.0, 1275.0, 1251.0, 1276.0, 1277.0, 1277.0, 1269.0, 1276.0, 1281.0, 1281.0, 1255.0, 1261.0, 1267.0, 1272.0, 1278.0, 1272.0, 1273.0, 1274.0, 1262.0, 1276.0, 1274.0, 1278.0, 1270.0, 1279.0, 1287.0, 1287.0, 1277.0, 1278.0, 1278.0, 1261.0, 1293.0, 1293.0, 1291.0, 1291.0, 1289.0, 1302.0, 1314.0, 1296.0, 1315.0, 1317.0, 1308.0, 1308.0, 1300.0, 1326.0, 1328.0, 1290.0, 1326.0, 1336.0, 1327.0, 1319.0, 1332.0, 1336.0, 1336.0, 1336.0, 1332.0, 1336.0, 1333.0, 1356.0, 1336.0, 1329.0, 1339.0, 1345.0, 1345.0, 1351.0, 1351.0, 1354.0, 1354.0, 1363.0, 1370.0, 1370.0, 1371.0, 1380.0, 1382.0, 1401.0, 1400.0, 1408.0, 1408.0, 1409.0, 1398.0, 1404.0, 1390.0, 1420.0, 1420.0, 1433.0, 1430.0, 1438.0, 1424.0, 1427.0, 1427.0, 1440.0, 1453.0, 1440.0, 1414.0, 1414.0, 1416.0, 1414.0, 1423.0, 1424.0, 1451.0, 1450.0, 1451.0, 1447.0, 1425.0, 1416.0, 1429.0, 1441.0, 1433.0, 1447.0, 1449.0, 1454.0, 1454.0, 1455.0, 1459.0, 1471.0, 1483.0, 1483.0, 1471.0, 1471.0, 1470.0, 1463.0, 1458.0, 1455.0, 1467.0, 1461.0, 1453.0, 1452.0, 1469.0, 1457.0, 1467.0, 1459.0, 1461.0, 1458.0, 1457.0, 1458.0, 1435.0, 1442.0, 1435.0, 1442.0, 1442.0, 1450.0]