header: 
  seq: 2628
  stamp: 
    secs: 1548820822
    nsecs: 916027052
  frame_id: "base_link"
angle_min: -2.35619449615
angle_max: 2.35619449615
angle_increment: 0.00436332309619
time_increment: 1.73611151695e-05
scan_time: 0.0250000003725
range_min: 0.019999999553
range_max: 30.0
ranges: [0.34200000762939453, 0.3499999940395355, 0.34700000286102295, 0.35499998927116394, 0.3619999885559082, 0.3580000102519989, 0.35899999737739563, 0.3659999966621399, 0.36000001430511475, 0.35600000619888306, 0.36000001430511475, 0.3540000021457672, 0.3529999852180481, 0.3490000069141388, 0.3619999885559082, 0.3490000069141388, 0.31700000166893005, 0.31700000166893005, 0.2720000147819519, 0.27799999713897705, 0.3179999887943268, 0.3179999887943268, 0.32600000500679016, 0.33899998664855957, 0.33899998664855957, 0.34599998593330383, 0.33399999141693115, 0.33799999952316284, 0.33899998664855957, 0.3580000102519989, 0.35899999737739563, 0.3540000021457672, 0.3490000069141388, 0.3499999940395355, 0.34700000286102295, 0.33899998664855957, 0.33899998664855957, 0.34200000762939453, 0.34200000762939453, 0.34599998593330383, 0.35100001096725464, 0.34700000286102295, 0.34299999475479126, 0.34200000762939453, 0.34200000762939453, 0.34200000762939453, 0.3370000123977661, 0.33500000834465027, 0.33399999141693115, 0.3330000042915344, 0.3370000123977661, 0.3370000123977661, 0.3400000035762787, 0.33500000834465027, 0.33399999141693115, 0.3330000042915344, 0.3310000002384186, 0.32899999618530273, 0.3400000035762787, 0.34200000762939453, 0.33899998664855957, 0.33899998664855957, 0.3370000123977661, 0.33399999141693115, 0.3330000042915344, 0.33899998664855957, 0.3400000035762787, 0.335999995470047, 0.3370000123977661, 0.33799999952316284, 0.33799999952316284, 0.335999995470047, 0.3330000042915344, 0.3319999873638153, 0.3319999873638153, 0.3330000042915344, 0.3330000042915344, 0.3319999873638153, 0.3310000002384186, 0.3400000035762787, 0.3310000002384186, 0.3310000002384186, 0.3370000123977661, 0.33899998664855957, 0.3370000123977661, 0.3370000123977661, 0.33399999141693115, 0.3319999873638153, 0.33399999141693115, 0.3370000123977661, 0.3370000123977661, 0.3370000123977661, 0.3370000123977661, 0.3370000123977661, 0.3370000123977661, 0.3310000002384186, 0.3310000002384186, 0.3310000002384186, 0.3310000002384186, 0.3310000002384186, 0.33000001311302185, 0.335999995470047, 0.335999995470047, 0.335999995470047, 0.33899998664855957, 0.33899998664855957, 0.335999995470047, 0.3330000042915344, 0.3330000042915344, 0.33799999952316284, 0.33799999952316284, 0.33500000834465027, 0.33500000834465027, 0.33799999952316284, 0.33799999952316284, 0.33799999952316284, 0.335999995470047, 0.33500000834465027, 0.33500000834465027, 0.33500000834465027, 0.32600000500679016, 0.3269999921321869, 0.335999995470047, 0.33799999952316284, 0.335999995470047, 0.34299999475479126, 0.34299999475479126, 0.34200000762939453, 0.34200000762939453, 0.34299999475479126, 0.3490000069141388, 0.3449999988079071, 0.3440000116825104, 0.3449999988079071, 0.3440000116825104, 0.3370000123977661, 0.3330000042915344, 0.34299999475479126, 0.3490000069141388, 0.3490000069141388, 0.34200000762939453, 0.3400000035762787, 0.3400000035762787, 0.34200000762939453, 0.34299999475479126, 0.3440000116825104, 0.34700000286102295, 0.34700000286102295, 0.34200000762939453, 0.3440000116825104, 0.34299999475479126, 0.3409999907016754, 0.3400000035762787, 0.34299999475479126, 0.3440000116825104, 0.34599998593330383, 0.3440000116825104, 0.3449999988079071, 0.3440000116825104, 0.3440000116825104, 0.3409999907016754, 0.34700000286102295, 0.3490000069141388, 0.3409999907016754, 0.34200000762939453, 0.3490000069141388, 0.3479999899864197, 0.3449999988079071, 0.34599998593330383, 0.35100001096725464, 0.3490000069141388, 0.3440000116825104, 0.34700000286102295, 0.34599998593330383, 0.35100001096725464, 0.3499999940395355, 0.35199999809265137, 0.35199999809265137, 0.3499999940395355, 0.34200000762939453, 0.3490000069141388, 0.3490000069141388, 0.3400000035762787, 0.3400000035762787, 0.34200000762939453, 0.34700000286102295, 0.34700000286102295, 0.34700000286102295, 0.34200000762939453, 0.3409999907016754, 0.3440000116825104, 0.34599998593330383, 0.3499999940395355, 0.34700000286102295, 0.3440000116825104, 0.34599998593330383, 0.35100001096725464, 0.3540000021457672, 0.3540000021457672, 0.3529999852180481, 0.3540000021457672, 0.35100001096725464, 0.35100001096725464, 0.3610000014305115, 0.3610000014305115, 0.35899999737739563, 0.35499998927116394, 0.35499998927116394, 0.3529999852180481, 0.3569999933242798, 0.3580000102519989, 0.3630000054836273, 0.367000013589859, 0.3659999966621399, 0.35600000619888306, 0.35600000619888306, 0.36399999260902405, 0.3659999966621399, 0.367000013589859, 0.3709999918937683, 0.37400001287460327, 0.3659999966621399, 0.36800000071525574, 0.36899998784065247, 0.37599998712539673, 0.3799999952316284, 0.37400001287460327, 0.375, 0.37700000405311584, 0.3790000081062317, 0.3790000081062317, 0.38499999046325684, 0.382999986410141, 0.39100000262260437, 0.39100000262260437, 0.3799999952316284, 0.3840000033378601, 0.3840000033378601, 0.3840000033378601, 0.3919999897480011, 0.3959999978542328, 0.39800000190734863, 0.40400001406669617, 0.40299999713897705, 0.3959999978542328, 0.39800000190734863, 0.4050000011920929, 0.40700000524520874, 0.4020000100135803, 0.39899998903274536, 0.39800000190734863, 0.39899998903274536, 0.40799999237060547, 0.4169999957084656, 0.42399999499320984, 0.41999998688697815, 0.4189999997615814, 0.421999990940094, 0.41999998688697815, 0.41999998688697815, 0.4189999997615814, 0.4230000078678131, 0.4339999854564667, 0.43299999833106995, 0.4309999942779541, 0.4309999942779541, 0.43299999833106995, 0.43799999356269836, 0.43299999833106995, 0.4339999854564667, 0.4440000057220459, 0.4429999887943268, 0.44200000166893005, 0.4449999928474426, 0.4449999928474426, 0.44600000977516174, 0.44699999690055847, 0.44699999690055847, 0.4480000138282776, 0.45500001311302185, 0.453000009059906, 0.45500001311302185, 0.46000000834465027, 0.4620000123977661, 0.46399998664855957, 0.46299999952316284, 0.46299999952316284, 0.46000000834465027, 0.46299999952316284, 0.47200000286102295, 0.47600001096725464, 0.4779999852180481, 0.4779999852180481, 0.48399999737739563, 0.48899999260902405, 0.48899999260902405, 0.49000000953674316, 0.49300000071525574, 0.4959999918937683, 0.5009999871253967, 0.5009999871253967, 0.5009999871253967, 0.5009999871253967, 0.5070000290870667, 0.5109999775886536, 0.5139999985694885, 0.5170000195503235, 0.5170000195503235, 0.5180000066757202, 0.5230000019073486, 0.5210000276565552, 0.5270000100135803, 0.5270000100135803, 0.5360000133514404, 0.5410000085830688, 0.5450000166893005, 0.5479999780654907, 0.5490000247955322, 0.5550000071525574, 0.5580000281333923, 0.5630000233650208, 0.5669999718666077, 0.5720000267028809, 0.5770000219345093, 0.5770000219345093, 0.5789999961853027, 0.5860000252723694, 0.5849999785423279, 0.5929999947547913, 0.597000002861023, 0.597000002861023, 0.5989999771118164, 0.6039999723434448, 0.6079999804496765, 0.6159999966621399, 0.625, 0.6320000290870667, 0.6309999823570251, 0.6320000290870667, 0.6380000114440918, 0.6449999809265137, 0.6499999761581421, 0.6549999713897705, 0.6579999923706055, 0.6800000071525574, 0.6909999847412109, 0.7160000205039978, 0.7900000214576721, 0.8700000047683716, 2.0829999446868896, 2.0850000381469727, 2.0889999866485596, 2.0840001106262207, 2.069000005722046, 2.058000087738037, 2.0490000247955322, 2.0399999618530273, 2.0309998989105225, 2.0169999599456787, 2.015000104904175, 2.006999969482422, 2.006999969482422, 1.99399995803833, 1.9839999675750732, 1.9759999513626099, 1.9709999561309814, 1.9630000591278076, 1.940999984741211, 1.937000036239624, 1.9279999732971191, 1.9240000247955322, 1.9220000505447388, 1.906000018119812, 1.9010000228881836, 1.902999997138977, 1.8919999599456787, 1.8860000371932983, 1.8769999742507935, 1.8680000305175781, 1.86899995803833, 1.8609999418258667, 1.850000023841858, 1.8359999656677246, 1.8380000591278076, 1.8259999752044678, 1.8250000476837158, 1.8229999542236328, 1.812000036239624, 1.8029999732971191, 1.7929999828338623, 1.7899999618530273, 1.7799999713897705, 1.7799999713897705, 1.781999945640564, 1.7710000276565552, 1.7649999856948853, 1.7580000162124634, 1.7450000047683716, 1.7430000305175781, 1.7369999885559082, 1.7350000143051147, 1.7359999418258667, 1.7259999513626099, 1.7230000495910645, 1.715999960899353, 1.715999960899353, 1.7109999656677246, 1.7000000476837158, 1.690999984741211, 1.6890000104904175, 1.684999942779541, 1.680999994277954, 1.680999994277954, 1.6740000247955322, 1.6699999570846558, 1.6690000295639038, 1.6610000133514404, 1.6549999713897705, 1.6469999551773071, 1.6449999809265137, 1.6490000486373901, 1.6469999551773071, 1.6469999551773071, 1.6349999904632568, 1.6299999952316284, 1.625, 1.6169999837875366, 1.6100000143051147, 1.6109999418258667, 1.6069999933242798, 1.6009999513626099, 1.5889999866485596, 1.5870000123977661, 1.5850000381469727, 1.5770000219345093, 1.5759999752044678, 1.5700000524520874, 1.569000005722046, 1.569000005722046, 1.5679999589920044, 1.559999942779541, 1.5529999732971191, 1.5529999732971191, 1.5529999732971191, 1.5549999475479126, 1.5570000410079956, 1.5529999732971191, 1.5460000038146973, 1.5420000553131104, 1.5399999618530273, 1.5390000343322754, 1.5260000228881836, 1.524999976158142, 1.5260000228881836, 1.5240000486373901, 1.524999976158142, 1.5199999809265137, 1.5160000324249268, 1.5110000371932983, 1.5119999647140503, 1.5119999647140503, 1.5180000066757202, 1.5119999647140503, 1.503999948501587, 1.496999979019165, 1.496999979019165, 1.4950000047683716, 1.4910000562667847, 1.4869999885559082, 1.4809999465942383, 1.4769999980926514, 1.4769999980926514, 1.475000023841858, 1.4670000076293945, 1.4639999866485596, 1.4609999656677246, 1.4620000123977661, 1.4620000123977661, 1.4589999914169312, 1.4559999704360962, 1.4459999799728394, 1.4459999799728394, 1.444000005722046, 1.4490000009536743, 1.434999942779541, 1.434000015258789, 1.4329999685287476, 1.4240000247955322, 1.4259999990463257, 1.4170000553131104, 1.4129999876022339, 1.4119999408721924, 1.406000018119812, 1.406000018119812, 1.3990000486373901, 1.3969999551773071, 1.3969999551773071, 1.3940000534057617, 1.3930000066757202, 1.3899999856948853, 1.3799999952316284, 1.375, 1.36899995803833, 1.3609999418258667, 1.3600000143051147, 1.3569999933242798, 1.3539999723434448, 1.3480000495910645, 1.347000002861023, 1.3509999513626099, 1.347000002861023, 1.3370000123977661, 1.3339999914169312, 1.3279999494552612, 1.3250000476837158, 1.3250000476837158, 1.3250000476837158, 1.3170000314712524, 1.309000015258789, 1.309000015258789, 1.3009999990463257, 1.2960000038146973, 1.2929999828338623, 1.2920000553131104, 1.2869999408721924, 1.284999966621399, 1.284999966621399, 1.2790000438690186, 1.2719999551773071, 1.2669999599456787, 1.2649999856948853, 1.2610000371932983, 1.25600004196167, 1.2480000257492065, 1.2430000305175781, 1.2419999837875366, 1.2389999628067017, 1.2359999418258667, 1.2369999885559082, 1.2339999675750732, 1.218999981880188, 1.2139999866485596, 1.2130000591278076, 1.2130000591278076, 1.2120000123977661, 1.2009999752044678, 1.1979999542236328, 1.1970000267028809, 1.187999963760376, 1.187000036239624, 1.1820000410079956, 1.1710000038146973, 1.1690000295639038, 1.1649999618530273, 1.1610000133514404, 1.159999966621399, 1.1579999923706055, 1.1469999551773071, 1.1399999856948853, 1.1390000581741333, 1.1339999437332153, 1.128999948501587, 1.121999979019165, 1.1169999837875366, 1.1160000562667847, 1.1109999418258667, 1.1050000190734863, 1.1059999465942383, 1.100000023841858, 1.0950000286102295, 1.0880000591278076, 1.0850000381469727, 1.0850000381469727, 1.0850000381469727, 1.0720000267028809, 1.0670000314712524, 1.0640000104904175, 1.055999994277954, 1.0570000410079956, 1.0520000457763672, 1.0490000247955322, 1.0449999570846558, 1.0379999876022339, 1.0299999713897705, 1.024999976158142, 1.0210000276565552, 1.024999976158142, 1.0089999437332153, 0.9929999709129333, 0.9879999756813049, 0.9879999756813049, 0.9879999756813049, 0.9779999852180481, 0.9700000286102295, 0.9729999899864197, 0.9679999947547913, 0.9629999995231628, 0.9549999833106995, 0.953000009059906, 0.949999988079071, 0.9449999928474426, 0.9390000104904175, 0.9340000152587891, 0.9350000023841858, 0.9309999942779541, 0.9269999861717224, 0.9229999780654907, 0.9150000214576721, 0.906000018119812, 0.8999999761581421, 0.9010000228881836, 0.902999997138977, 0.8960000276565552, 0.8889999985694885, 0.8769999742507935, 0.8790000081062317, 0.8740000128746033, 0.8709999918937683, 0.8669999837875366, 0.8600000143051147, 0.8550000190734863, 0.8529999852180481, 0.8510000109672546, 0.8510000109672546, 0.8460000157356262, 0.8420000076293945, 0.8420000076293945, 0.8349999785423279, 0.8339999914169312, 0.8309999704360962, 0.8289999961853027, 0.8169999718666077, 0.8119999766349792, 0.8059999942779541, 0.8050000071525574, 0.8019999861717224, 0.8019999861717224, 0.796999990940094, 0.7960000038146973, 0.7900000214576721, 0.7850000262260437, 0.7799999713897705, 0.7770000100135803, 0.7789999842643738, 0.7789999842643738, 0.7720000147819519, 0.765999972820282, 0.7639999985694885, 0.7570000290870667, 0.7570000290870667, 0.753000020980835, 0.7480000257492065, 0.7459999918937683, 0.7450000047683716, 0.7379999756813049, 0.7360000014305115, 0.7360000014305115, 0.7329999804496765, 0.7319999933242798, 0.7279999852180481, 0.7269999980926514, 0.7179999947547913, 0.7139999866485596, 0.7129999995231628, 0.7089999914169312, 0.7089999914169312, 0.7059999704360962, 0.7089999914169312, 0.7020000219345093, 0.6990000009536743, 0.6930000185966492, 0.6959999799728394, 0.6940000057220459, 0.6890000104904175, 0.6890000104904175, 0.6890000104904175, 0.6880000233650208, 0.6869999766349792, 0.6840000152587891, 0.6859999895095825, 0.6859999895095825, 0.6790000200271606, 0.6779999732971191, 0.6769999861717224, 0.6779999732971191, 0.6759999990463257, 0.6710000038146973, 0.6679999828338623, 0.6650000214576721, 0.6650000214576721, 0.6650000214576721, 0.6620000004768372, 0.6589999794960022, 0.6589999794960022, 0.6579999923706055, 0.6570000052452087, 0.6510000228881836, 0.6510000228881836, 0.6510000228881836, 0.6499999761581421, 0.6489999890327454, 0.6489999890327454, 0.6430000066757202, 0.6389999985694885, 0.6370000243186951, 0.6349999904632568, 0.6299999952316284, 0.6320000290870667, 0.6349999904632568, 0.6230000257492065, 0.6230000257492065, 0.6230000257492065, 0.6269999742507935, 0.628000020980835, 0.6240000128746033, 0.6240000128746033, 0.621999979019165, 0.6169999837875366, 0.6209999918937683, 0.6159999966621399, 0.6050000190734863, 0.6060000061988831, 0.6060000061988831, 0.609000027179718, 0.6159999966621399, 0.6129999756813049, 0.6100000143051147, 0.6060000061988831, 0.6060000061988831, 0.6029999852180481, 0.6019999980926514, 0.597000002861023, 0.5929999947547913, 0.5950000286102295, 0.597000002861023, 0.5989999771118164, 0.6029999852180481, 0.5989999771118164, 0.5910000205039978, 0.5899999737739563, 0.5899999737739563, 0.5889999866485596, 0.5910000205039978, 0.5889999866485596, 0.593999981880188, 0.593999981880188, 0.593999981880188, 0.5910000205039978, 0.5910000205039978, 0.5889999866485596, 0.5910000205039978, 0.5910000205039978, 0.5870000123977661, 0.5870000123977661, 0.5789999961853027, 0.5789999961853027, 0.5789999961853027, 0.5809999704360962, 0.5849999785423279, 0.5849999785423279, 0.5799999833106995, 0.5789999961853027, 0.5759999752044678, 0.5789999961853027, 0.5789999961853027, 0.5730000138282776, 0.5770000219345093, 0.5809999704360962, 0.578000009059906, 0.5759999752044678, 0.5759999752044678, 0.5759999752044678, 0.5740000009536743, 0.5740000009536743, 0.5709999799728394, 0.5690000057220459, 0.5699999928474426, 0.5699999928474426, 0.5709999799728394, 0.5759999752044678, 0.5879999995231628, 0.5730000138282776, 0.5699999928474426, 0.5789999961853027, 0.578000009059906, 0.574999988079071, 0.5730000138282776, 0.5669999718666077, 0.5669999718666077, 0.5669999718666077, 0.5659999847412109, 0.5690000057220459, 0.5709999799728394, 0.5720000267028809, 0.5649999976158142, 0.5649999976158142, 0.5649999976158142, 0.5569999814033508, 0.5529999732971191, 0.5659999847412109, 0.5659999847412109, 0.5659999847412109, 0.5659999847412109, 0.5669999718666077, 0.5649999976158142, 0.5590000152587891, 0.5659999847412109, 0.5659999847412109, 0.5649999976158142, 0.5600000023841858, 0.5600000023841858, 0.5659999847412109, 0.5659999847412109, 0.5649999976158142, 0.5630000233650208, 0.5600000023841858, 0.5600000023841858, 0.5600000023841858, 0.5630000233650208, 0.5619999766349792, 0.5619999766349792, 0.5619999766349792, 0.5619999766349792, 0.5619999766349792, 0.5529999732971191, 0.5529999732971191, 0.5640000104904175, 0.5680000185966492, 0.5680000185966492, 0.5669999718666077, 0.5680000185966492, 0.5699999928474426, 0.5640000104904175, 0.5619999766349792, 0.5630000233650208, 0.5709999799728394, 0.5720000267028809, 0.5709999799728394, 0.5680000185966492, 0.5659999847412109, 0.5640000104904175, 0.5640000104904175, 0.5640000104904175, 0.5659999847412109, 0.5720000267028809, 0.5720000267028809, 0.5699999928474426, 0.5699999928474426, 0.5709999799728394, 0.5730000138282776, 0.5730000138282776, 0.5699999928474426, 0.5730000138282776, 0.5690000057220459, 0.5730000138282776, 0.5730000138282776, 0.5730000138282776, 0.5740000009536743, 0.5770000219345093, 0.5770000219345093, 0.5709999799728394, 0.5759999752044678, 0.5740000009536743, 0.578000009059906, 0.578000009059906, 0.5770000219345093, 0.5799999833106995, 0.5809999704360962, 0.5870000123977661, 0.5920000076293945, 0.5820000171661377, 0.5789999961853027, 0.5799999833106995, 0.5809999704360962, 0.5830000042915344, 0.5830000042915344, 0.5889999866485596, 0.5910000205039978, 0.5910000205039978, 0.5860000252723694, 0.5889999866485596, 0.5920000076293945, 0.5950000286102295, 0.5920000076293945, 0.5899999737739563, 0.5920000076293945, 0.5950000286102295, 0.5920000076293945, 0.5889999866485596, 0.5929999947547913, 0.597000002861023, 0.597000002861023, 0.593999981880188, 0.597000002861023, 0.6010000109672546, 0.6019999980926514, 0.6000000238418579, 0.5960000157356262, 0.6039999723434448, 0.6039999723434448, 0.6060000061988831, 0.6079999804496765, 0.609000027179718, 0.6110000014305115, 0.609000027179718, 0.6039999723434448, 0.6060000061988831, 0.6110000014305115, 0.6230000257492065, 0.6209999918937683, 0.6150000095367432, 0.6100000143051147, 0.609000027179718, 0.6100000143051147, 0.6150000095367432, 0.6150000095367432, 0.6110000014305115, 0.6159999966621399, 0.6200000047683716, 0.6240000128746033, 0.6240000128746033, 0.6240000128746033, 0.6240000128746033, 0.625, 0.6269999742507935, 0.6299999952316284, 0.6330000162124634, 0.6349999904632568, 0.6320000290870667, 0.6320000290870667, 0.6340000033378601, 0.6389999985694885, 0.6349999904632568, 0.6340000033378601, 0.6330000162124634, 0.6340000033378601, 0.6420000195503235, 0.6420000195503235, 0.6389999985694885, 0.6430000066757202, 0.6449999809265137, 0.6449999809265137, 0.6470000147819519, 0.652999997138977, 0.6520000100135803, 0.6520000100135803, 0.6579999923706055, 0.6579999923706055, 0.6539999842643738, 0.6579999923706055, 0.6579999923706055, 0.6589999794960022, 0.6620000004768372, 0.6660000085830688, 0.6669999957084656, 0.6710000038146973, 0.6729999780654907, 0.6740000247955322, 0.6740000247955322, 0.6800000071525574, 0.6869999766349792, 0.6859999895095825, 0.6840000152587891, 0.6880000233650208, 0.6899999976158142, 0.6919999718666077, 0.7009999752044678, 0.703000009059906, 0.6990000009536743, 0.6959999799728394, 0.7020000219345093, 0.7080000042915344, 0.7080000042915344, 0.7110000252723694, 0.7120000123977661, 0.7210000157356262, 0.7229999899864197, 0.7239999771118164, 0.722000002861023, 0.7229999899864197, 0.7239999771118164, 0.7279999852180481, 0.7319999933242798, 0.7369999885559082, 0.7369999885559082, 0.7379999756813049, 0.7450000047683716, 0.753000020980835, 0.7519999742507935, 0.753000020980835, 0.7540000081062317, 0.7540000081062317, 0.7609999775886536, 0.765999972820282, 0.765999972820282, 0.7720000147819519, 0.7739999890327454, 0.7710000276565552, 0.7730000019073486, 0.7760000228881836, 0.7760000228881836, 0.7770000100135803, 0.7829999923706055, 0.7889999747276306, 0.7910000085830688, 0.7919999957084656, 0.8040000200271606, 0.800000011920929, 0.800000011920929, 0.8019999861717224, 0.8050000071525574, 0.8050000071525574, 0.8059999942779541, 0.8050000071525574, 0.8029999732971191, 0.8100000023841858, 0.8050000071525574, 0.8130000233650208, 0.8159999847412109, 0.8220000267028809, 0.8240000009536743, 0.8270000219345093, 0.8270000219345093, 0.828000009059906, 0.828000009059906, 0.8259999752044678, 0.828000009059906, 0.828000009059906, 0.828000009059906, 0.8330000042915344, 0.8270000219345093, 0.8339999914169312, 0.8339999914169312, 0.8370000123977661, 0.8360000252723694, 0.8429999947547913, 0.8450000286102295, 0.8450000286102295, 0.8460000157356262, 0.8529999852180481, 0.8529999852180481, 0.8519999980926514, 0.8550000190734863, 0.8619999885559082, 0.8600000143051147, 0.8619999885559082, 0.8650000095367432, 0.8650000095367432, 0.8659999966621399, 0.8659999966621399, 0.8679999709129333, 0.8600000143051147, 0.8600000143051147, 0.8610000014305115, 0.8659999966621399, 0.8669999837875366, 0.8679999709129333, 0.8740000128746033, 0.8849999904632568, 0.8840000033378601, 0.8669999837875366, 0.8650000095367432, 0.8740000128746033, 0.8989999890327454, 0.8980000019073486, 0.8999999761581421, 0.9010000228881836, 0.9049999713897705, 0.9100000262260437, 0.9150000214576721, 0.9229999780654907, 0.9210000038146973, 0.925000011920929, 0.9309999942779541, 0.9340000152587891, 0.9390000104904175, 0.9430000185966492, 0.9359999895095825, 0.9390000104904175, 0.9409999847412109, 0.9440000057220459]
intensities: [1104.0, 1164.0, 1192.0, 1314.0, 1469.0, 1447.0, 1532.0, 1596.0, 1585.0, 1599.0, 1609.0, 1595.0, 1592.0, 1475.0, 1491.0, 1274.0, 1057.0, 1057.0, 857.0, 851.0, 952.0, 952.0, 983.0, 1037.0, 1037.0, 1064.0, 1033.0, 1117.0, 1215.0, 1432.0, 1458.0, 1581.0, 1601.0, 1667.0, 1658.0, 1682.0, 1687.0, 1695.0, 1681.0, 1676.0, 1665.0, 1666.0, 1657.0, 1653.0, 1653.0, 1658.0, 1643.0, 1644.0, 1646.0, 1655.0, 1639.0, 1633.0, 1639.0, 1623.0, 1630.0, 1628.0, 1627.0, 1626.0, 1625.0, 1623.0, 1601.0, 1617.0, 1614.0, 1616.0, 1607.0, 1612.0, 1612.0, 1598.0, 1576.0, 1598.0, 1598.0, 1574.0, 1581.0, 1576.0, 1584.0, 1586.0, 1580.0, 1559.0, 1553.0, 1548.0, 1546.0, 1542.0, 1546.0, 1553.0, 1546.0, 1541.0, 1542.0, 1542.0, 1534.0, 1514.0, 1514.0, 1504.0, 1500.0, 1504.0, 1500.0, 1513.0, 1508.0, 1496.0, 1502.0, 1501.0, 1493.0, 1475.0, 1472.0, 1470.0, 1447.0, 1466.0, 1470.0, 1483.0, 1461.0, 1438.0, 1456.0, 1442.0, 1455.0, 1447.0, 1447.0, 1445.0, 1449.0, 1443.0, 1436.0, 1436.0, 1420.0, 1439.0, 1428.0, 1435.0, 1428.0, 1385.0, 1385.0, 1414.0, 1414.0, 1377.0, 1380.0, 1370.0, 1373.0, 1380.0, 1390.0, 1359.0, 1361.0, 1381.0, 1331.0, 1331.0, 1349.0, 1324.0, 1324.0, 1337.0, 1334.0, 1329.0, 1320.0, 1320.0, 1310.0, 1299.0, 1303.0, 1294.0, 1299.0, 1284.0, 1276.0, 1284.0, 1275.0, 1275.0, 1276.0, 1276.0, 1286.0, 1273.0, 1274.0, 1270.0, 1273.0, 1254.0, 1251.0, 1247.0, 1245.0, 1258.0, 1241.0, 1229.0, 1248.0, 1239.0, 1229.0, 1212.0, 1217.0, 1217.0, 1207.0, 1205.0, 1194.0, 1194.0, 1197.0, 1197.0, 1180.0, 1177.0, 1177.0, 1170.0, 1161.0, 1147.0, 1141.0, 1138.0, 1157.0, 1142.0, 1136.0, 1136.0, 1141.0, 1142.0, 1140.0, 1140.0, 1163.0, 1143.0, 1143.0, 1136.0, 1136.0, 1140.0, 1132.0, 1132.0, 1120.0, 1116.0, 1120.0, 1130.0, 1130.0, 1134.0, 1106.0, 1106.0, 1120.0, 1129.0, 1132.0, 1118.0, 1117.0, 1104.0, 1141.0, 1146.0, 1127.0, 1135.0, 1132.0, 1137.0, 1144.0, 1141.0, 1131.0, 1153.0, 1139.0, 1153.0, 1136.0, 1129.0, 1109.0, 1099.0, 1099.0, 1137.0, 1137.0, 1129.0, 1128.0, 1132.0, 1120.0, 1121.0, 1146.0, 1139.0, 1134.0, 1132.0, 1124.0, 1132.0, 1128.0, 1130.0, 1120.0, 1122.0, 1139.0, 1133.0, 1127.0, 1127.0, 1119.0, 1142.0, 1116.0, 1127.0, 1143.0, 1143.0, 1127.0, 1136.0, 1131.0, 1136.0, 1145.0, 1143.0, 1141.0, 1125.0, 1125.0, 1119.0, 1121.0, 1120.0, 1120.0, 1142.0, 1117.0, 1122.0, 1142.0, 1136.0, 1147.0, 1141.0, 1148.0, 1137.0, 1130.0, 1146.0, 1146.0, 1149.0, 1145.0, 1152.0, 1142.0, 1142.0, 1144.0, 1145.0, 1146.0, 1148.0, 1142.0, 1142.0, 1142.0, 1148.0, 1158.0, 1159.0, 1155.0, 1155.0, 1147.0, 1156.0, 1126.0, 1133.0, 1133.0, 1141.0, 1147.0, 1153.0, 1172.0, 1161.0, 1153.0, 1165.0, 1163.0, 1143.0, 1150.0, 1161.0, 1156.0, 1159.0, 1166.0, 1161.0, 1174.0, 1154.0, 1146.0, 1150.0, 1155.0, 1152.0, 1151.0, 1143.0, 1147.0, 1128.0, 1121.0, 1141.0, 1136.0, 1127.0, 1114.0, 1120.0, 1119.0, 1120.0, 1179.0, 1477.0, 1512.0, 965.0, 961.0, 978.0, 975.0, 981.0, 985.0, 986.0, 979.0, 983.0, 993.0, 1009.0, 992.0, 1020.0, 1011.0, 1019.0, 1019.0, 1019.0, 1022.0, 1028.0, 1034.0, 1037.0, 1047.0, 1044.0, 1047.0, 1046.0, 1055.0, 1041.0, 1049.0, 1053.0, 1057.0, 1060.0, 1053.0, 1065.0, 1047.0, 1059.0, 1067.0, 1080.0, 1071.0, 1075.0, 1073.0, 1063.0, 1074.0, 1065.0, 1065.0, 1077.0, 1067.0, 1090.0, 1084.0, 1104.0, 1094.0, 1100.0, 1094.0, 1100.0, 1100.0, 1104.0, 1113.0, 1119.0, 1102.0, 1092.0, 1094.0, 1094.0, 1093.0, 1076.0, 1088.0, 1088.0, 1084.0, 1085.0, 1098.0, 1091.0, 1099.0, 1091.0, 1113.0, 1112.0, 1107.0, 1098.0, 1117.0, 1107.0, 1113.0, 1108.0, 1127.0, 1114.0, 1113.0, 1099.0, 1091.0, 1098.0, 1099.0, 1123.0, 1116.0, 1120.0, 1141.0, 1140.0, 1134.0, 1137.0, 1142.0, 1137.0, 1128.0, 1143.0, 1153.0, 1134.0, 1139.0, 1134.0, 1138.0, 1154.0, 1147.0, 1154.0, 1140.0, 1146.0, 1126.0, 1110.0, 1112.0, 1118.0, 1114.0, 1144.0, 1126.0, 1123.0, 1110.0, 1132.0, 1124.0, 1124.0, 1117.0, 1118.0, 1126.0, 1121.0, 1121.0, 1117.0, 1119.0, 1131.0, 1128.0, 1128.0, 1117.0, 1137.0, 1118.0, 1117.0, 1105.0, 1143.0, 1140.0, 1137.0, 1132.0, 1126.0, 1139.0, 1131.0, 1112.0, 1138.0, 1129.0, 1129.0, 1120.0, 1119.0, 1122.0, 1124.0, 1124.0, 1125.0, 1125.0, 1124.0, 1113.0, 1135.0, 1134.0, 1120.0, 1120.0, 1116.0, 1118.0, 1120.0, 1121.0, 1131.0, 1132.0, 1134.0, 1128.0, 1128.0, 1129.0, 1148.0, 1128.0, 1128.0, 1118.0, 1128.0, 1115.0, 1140.0, 1130.0, 1122.0, 1122.0, 1137.0, 1131.0, 1127.0, 1137.0, 1132.0, 1136.0, 1141.0, 1141.0, 1136.0, 1135.0, 1138.0, 1143.0, 1145.0, 1150.0, 1151.0, 1150.0, 1150.0, 1159.0, 1172.0, 1157.0, 1163.0, 1165.0, 1167.0, 1166.0, 1177.0, 1187.0, 1177.0, 1189.0, 1189.0, 1184.0, 1185.0, 1196.0, 1194.0, 1192.0, 1193.0, 1191.0, 1198.0, 1201.0, 1201.0, 1206.0, 1202.0, 1206.0, 1209.0, 1212.0, 1212.0, 1212.0, 1212.0, 1210.0, 1217.0, 1221.0, 1222.0, 1228.0, 1232.0, 1234.0, 1233.0, 1234.0, 1235.0, 1239.0, 1238.0, 1226.0, 1236.0, 1245.0, 1240.0, 1240.0, 1250.0, 1229.0, 1247.0, 1255.0, 1253.0, 1254.0, 1241.0, 1256.0, 1258.0, 1258.0, 1251.0, 1264.0, 1271.0, 1255.0, 1263.0, 1268.0, 1281.0, 1283.0, 1274.0, 1284.0, 1298.0, 1298.0, 1297.0, 1304.0, 1315.0, 1336.0, 1314.0, 1328.0, 1323.0, 1325.0, 1331.0, 1321.0, 1343.0, 1331.0, 1346.0, 1347.0, 1345.0, 1350.0, 1384.0, 1389.0, 1406.0, 1400.0, 1419.0, 1417.0, 1431.0, 1413.0, 1425.0, 1427.0, 1426.0, 1425.0, 1433.0, 1444.0, 1448.0, 1448.0, 1448.0, 1448.0, 1455.0, 1477.0, 1483.0, 1480.0, 1498.0, 1499.0, 1497.0, 1514.0, 1523.0, 1515.0, 1525.0, 1536.0, 1532.0, 1539.0, 1546.0, 1550.0, 1550.0, 1537.0, 1537.0, 1529.0, 1573.0, 1563.0, 1565.0, 1565.0, 1567.0, 1591.0, 1576.0, 1580.0, 1578.0, 1595.0, 1606.0, 1602.0, 1598.0, 1598.0, 1616.0, 1623.0, 1632.0, 1638.0, 1646.0, 1631.0, 1635.0, 1645.0, 1660.0, 1660.0, 1652.0, 1654.0, 1660.0, 1639.0, 1648.0, 1660.0, 1660.0, 1656.0, 1656.0, 1669.0, 1671.0, 1670.0, 1676.0, 1676.0, 1672.0, 1669.0, 1672.0, 1676.0, 1681.0, 1694.0, 1687.0, 1683.0, 1680.0, 1683.0, 1682.0, 1681.0, 1705.0, 1678.0, 1685.0, 1684.0, 1692.0, 1686.0, 1683.0, 1710.0, 1709.0, 1709.0, 1700.0, 1695.0, 1703.0, 1718.0, 1714.0, 1710.0, 1705.0, 1709.0, 1709.0, 1714.0, 1714.0, 1707.0, 1706.0, 1706.0, 1705.0, 1720.0, 1719.0, 1719.0, 1719.0, 1721.0, 1711.0, 1711.0, 1733.0, 1727.0, 1745.0, 1722.0, 1708.0, 1712.0, 1710.0, 1725.0, 1734.0, 1736.0, 1721.0, 1712.0, 1719.0, 1718.0, 1724.0, 1724.0, 1717.0, 1712.0, 1708.0, 1707.0, 1712.0, 1713.0, 1713.0, 1709.0, 1711.0, 1709.0, 1701.0, 1699.0, 1697.0, 1709.0, 1703.0, 1699.0, 1697.0, 1698.0, 1708.0, 1692.0, 1698.0, 1704.0, 1703.0, 1700.0, 1687.0, 1677.0, 1690.0, 1703.0, 1708.0, 1702.0, 1703.0, 1704.0, 1704.0, 1704.0, 1703.0, 1703.0, 1697.0, 1697.0, 1697.0, 1705.0, 1668.0, 1687.0, 1687.0, 1689.0, 1663.0, 1663.0, 1651.0, 1651.0, 1660.0, 1647.0, 1643.0, 1650.0, 1654.0, 1649.0, 1629.0, 1620.0, 1626.0, 1609.0, 1607.0, 1582.0, 1586.0, 1605.0, 1617.0, 1617.0, 1603.0, 1595.0, 1587.0, 1608.0, 1596.0, 1591.0, 1583.0, 1588.0, 1572.0, 1574.0, 1565.0, 1567.0, 1562.0, 1562.0, 1571.0, 1537.0, 1537.0, 1518.0, 1542.0, 1514.0, 1498.0, 1498.0, 1501.0, 1504.0, 1497.0, 1495.0, 1499.0, 1499.0, 1483.0, 1474.0, 1467.0, 1476.0, 1463.0, 1472.0, 1459.0, 1459.0, 1454.0, 1442.0, 1437.0, 1446.0, 1435.0, 1417.0, 1428.0, 1418.0, 1412.0, 1416.0, 1416.0, 1393.0, 1396.0, 1396.0, 1388.0, 1389.0, 1376.0, 1372.0, 1373.0, 1376.0, 1373.0, 1357.0, 1366.0, 1372.0, 1360.0, 1334.0, 1336.0, 1331.0, 1340.0, 1337.0, 1324.0, 1330.0, 1301.0, 1301.0, 1301.0, 1312.0, 1314.0, 1300.0, 1295.0, 1285.0, 1279.0, 1271.0, 1285.0, 1281.0, 1275.0, 1283.0, 1270.0, 1264.0, 1276.0, 1280.0, 1258.0, 1255.0, 1243.0, 1241.0, 1250.0, 1244.0, 1236.0, 1233.0, 1233.0, 1224.0, 1223.0, 1220.0, 1233.0, 1212.0, 1212.0, 1209.0, 1210.0, 1204.0, 1209.0, 1202.0, 1195.0, 1178.0, 1185.0, 1192.0, 1193.0, 1194.0, 1181.0, 1171.0, 1191.0, 1176.0, 1176.0, 1178.0, 1181.0, 1181.0, 1176.0, 1165.0, 1167.0, 1173.0, 1185.0, 1177.0, 1172.0, 1162.0, 1171.0, 1170.0, 1190.0, 1182.0, 1194.0, 1188.0, 1188.0, 1163.0, 1168.0, 1181.0, 1189.0, 1181.0, 1185.0, 1174.0, 1163.0, 1169.0, 1198.0, 1199.0, 1201.0, 1190.0, 1217.0, 1205.0, 1211.0, 1194.0, 1182.0, 1203.0, 1224.0, 1219.0, 1221.0, 1218.0, 1212.0, 1210.0, 1217.0, 1219.0, 1221.0, 1227.0, 1218.0, 1218.0, 1214.0, 1229.0, 1231.0, 1222.0, 1218.0, 1218.0, 1212.0, 1226.0, 1214.0, 1208.0, 1208.0, 1202.0, 1208.0, 1208.0, 1221.0, 1243.0, 1243.0, 1246.0, 1247.0, 1244.0, 1297.0, 1253.0, 1286.0, 1292.0, 1281.0, 1282.0, 1298.0, 1298.0, 1284.0, 1284.0, 1311.0, 1310.0, 1293.0, 1280.0, 1288.0, 1293.0, 1316.0, 1316.0, 1306.0, 1291.0, 1294.0, 1300.0, 1301.0, 1308.0, 1312.0, 1312.0, 1316.0, 1317.0, 1317.0, 1320.0, 1316.0, 1311.0, 1312.0, 1313.0, 1313.0, 1322.0, 1314.0, 1314.0, 1310.0, 1317.0, 1324.0, 1336.0, 1334.0, 1342.0, 1347.0, 1343.0, 1348.0, 1332.0, 1339.0, 1332.0, 1339.0, 1340.0, 1318.0, 1339.0, 1311.0, 1320.0, 1328.0, 1337.0, 1334.0, 1330.0, 1337.0, 1345.0, 1329.0, 1362.0, 1363.0, 1367.0]