header: 
  seq: 1716
  stamp: 
    secs: 1548820800
    nsecs:  71559719
  frame_id: "base_link"
angle_min: -2.35619449615
angle_max: 2.35619449615
angle_increment: 0.00436332309619
time_increment: 1.73611151695e-05
scan_time: 0.0250000003725
range_min: 0.019999999553
range_max: 30.0
ranges: [0.296999990940094, 0.296999990940094, 0.3070000112056732, 0.3009999990463257, 0.3089999854564667, 0.30799999833106995, 0.3109999895095825, 0.31200000643730164, 0.3019999861717224, 0.29899999499320984, 0.3009999990463257, 0.30000001192092896, 0.29899999499320984, 0.29600000381469727, 0.2939999997615814, 0.2919999957084656, 0.2849999964237213, 0.2840000092983246, 0.2540000081062317, 0.24699999392032623, 0.2919999957084656, 0.27900001406669617, 0.29600000381469727, 0.289000004529953, 0.2809999883174896, 0.28299999237060547, 0.289000004529953, 0.2750000059604645, 0.28700000047683716, 0.29100000858306885, 0.28700000047683716, 0.2919999957084656, 0.2939999997615814, 0.29600000381469727, 0.2919999957084656, 0.28700000047683716, 0.28999999165534973, 0.2919999957084656, 0.2879999876022339, 0.2849999964237213, 0.2849999964237213, 0.28700000047683716, 0.2849999964237213, 0.2840000092983246, 0.28700000047683716, 0.28700000047683716, 0.2879999876022339, 0.2879999876022339, 0.2879999876022339, 0.28600001335144043, 0.2849999964237213, 0.28700000047683716, 0.28700000047683716, 0.2919999957084656, 0.2919999957084656, 0.28700000047683716, 0.2840000092983246, 0.289000004529953, 0.2919999957084656, 0.2919999957084656, 0.2980000078678131, 0.29100000858306885, 0.2930000126361847, 0.2939999997615814, 0.29499998688697815, 0.2919999957084656, 0.2919999957084656, 0.2919999957084656, 0.2919999957084656, 0.2939999997615814, 0.29499998688697815, 0.29499998688697815, 0.2919999957084656, 0.2919999957084656, 0.2919999957084656, 0.2939999997615814, 0.2930000126361847, 0.2930000126361847, 0.2930000126361847, 0.29600000381469727, 0.29899999499320984, 0.2980000078678131, 0.29499998688697815, 0.29100000858306885, 0.2939999997615814, 0.29899999499320984, 0.2980000078678131, 0.2939999997615814, 0.2980000078678131, 0.29600000381469727, 0.3019999861717224, 0.3009999990463257, 0.30300000309944153, 0.3009999990463257, 0.30000001192092896, 0.30000001192092896, 0.30399999022483826, 0.3089999854564667, 0.3070000112056732, 0.30300000309944153, 0.30300000309944153, 0.3050000071525574, 0.3089999854564667, 0.3100000023841858, 0.31299999356269836, 0.3160000145435333, 0.31700000166893005, 0.31700000166893005, 0.31700000166893005, 0.3179999887943268, 0.3179999887943268, 0.31299999356269836, 0.3190000057220459, 0.3179999887943268, 0.3199999928474426, 0.31700000166893005, 0.31700000166893005, 0.3269999921321869, 0.3269999921321869, 0.32899999618530273, 0.328000009059906, 0.32600000500679016, 0.32600000500679016, 0.328000009059906, 0.3310000002384186, 0.3330000042915344, 0.3319999873638153, 0.3330000042915344, 0.33899998664855957, 0.335999995470047, 0.3409999907016754, 0.34599998593330383, 0.3440000116825104, 0.3409999907016754, 0.3440000116825104, 0.35100001096725464, 0.3479999899864197, 0.35100001096725464, 0.35199999809265137, 0.3540000021457672, 0.35899999737739563, 0.3529999852180481, 0.3569999933242798, 0.3580000102519989, 0.35899999737739563, 0.367000013589859, 0.36399999260902405, 0.375, 0.382999986410141, 0.382999986410141, 0.38199999928474426, 0.3720000088214874, 0.3720000088214874, 0.3869999945163727, 0.3919999897480011, 0.3959999978542328, 0.4009999930858612, 0.41100001335144043, 0.4099999964237213, 0.4099999964237213, 0.4129999876022339, 0.4180000126361847, 0.42899999022483826, 0.4339999854564667, 0.4309999942779541, 0.4259999990463257, 0.43799999356269836, 0.4359999895095825, 0.44200000166893005, 0.44600000977516174, 0.453000009059906, 0.45500001311302185, 0.46299999952316284, 0.46299999952316284, 0.4560000002384186, 0.4560000002384186, 0.46700000762939453, 0.4729999899864197, 0.4779999852180481, 0.4819999933242798, 0.4830000102519989, 0.4880000054836273, 0.48899999260902405, 0.49900001287460327, 0.5009999871253967, 0.5049999952316284, 0.5120000243186951, 0.5220000147819519, 0.5230000019073486, 0.5230000019073486, 0.5339999794960022, 0.5389999747276306, 0.5460000038146973, 0.5529999732971191, 0.5569999814033508, 0.5569999814033508, 0.5659999847412109, 0.578000009059906, 0.5870000123977661, 0.5929999947547913, 0.5950000286102295, 0.6010000109672546, 0.6129999756813049, 0.6150000095367432, 0.6259999871253967, 0.6330000162124634, 0.6399999856948853, 0.6439999938011169, 0.6510000228881836, 0.6600000262260437, 0.6769999861717224, 0.6809999942779541, 0.6899999976158142, 0.7020000219345093, 0.7039999961853027, 0.7129999995231628, 0.7269999980926514, 0.7440000176429749, 0.75, 0.7639999985694885, 0.7789999842643738, 0.7820000052452087, 0.7919999957084656, 0.8019999861717224, 0.8090000152587891, 0.828000009059906, 0.8399999737739563, 0.8560000061988831, 0.8640000224113464, 0.8849999904632568, 0.8970000147819519, 0.9160000085830688, 0.9399999976158142, 0.9419999718666077, 0.972000002861023, 0.9919999837875366, 1.0089999437332153, 1.024999976158142, 1.0470000505447388, 1.0770000219345093, 1.097000002861023, 1.1180000305175781, 1.1510000228881836, 1.1729999780654907, 1.2000000476837158, 1.2289999723434448, 1.2669999599456787, 1.2949999570846558, 1.3329999446868896, 1.3619999885559082, 1.4240000247955322, 1.4709999561309814, 1.524999976158142, 1.6759999990463257, 2.009000062942505, 2.5799999237060547, 2.5799999237060547, 2.578000068664551, 2.578000068664551, 2.5810000896453857, 2.5789999961853027, 2.5840001106262207, 2.5859999656677246, 2.5810000896453857, 2.5810000896453857, 2.5759999752044678, 2.5789999961853027, 2.5850000381469727, 2.5820000171661377, 2.572000026702881, 2.569000005722046, 2.575000047683716, 2.569999933242798, 2.565999984741211, 2.562000036239624, 2.562999963760376, 2.569000005722046, 2.569000005722046, 2.558000087738037, 2.549999952316284, 2.5460000038146973, 2.5480000972747803, 2.5490000247955322, 2.546999931335449, 2.5409998893737793, 2.5369999408721924, 2.5320000648498535, 2.5320000648498535, 2.5339999198913574, 2.5269999504089355, 2.5280001163482666, 2.5160000324249268, 2.51200008392334, 2.502000093460083, 2.503999948501587, 2.50600004196167, 2.503999948501587, 2.494999885559082, 2.490999937057495, 2.490000009536743, 2.48799991607666, 2.4760000705718994, 2.4709999561309814, 2.4690001010894775, 2.4619998931884766, 2.4590001106262207, 2.4509999752044678, 2.450000047683716, 2.444000005722046, 2.434999942779541, 2.430999994277954, 2.4260001182556152, 2.424999952316284, 2.4059998989105225, 2.3989999294281006, 2.3949999809265137, 2.3929998874664307, 2.3919999599456787, 2.384999990463257, 2.375999927520752, 2.365000009536743, 2.364000082015991, 2.3559999465942383, 2.3469998836517334, 2.3469998836517334, 2.3389999866485596, 2.3289999961853027, 2.312999963760376, 2.303999900817871, 2.2960000038146973, 2.2920000553131104, 2.2860000133514404, 2.2790000438690186, 2.2730000019073486, 2.2660000324249268, 2.255000114440918, 2.24399995803833, 2.23799991607666, 2.2320001125335693, 2.2239999771118164, 2.2079999446868896, 2.2009999752044678, 2.191999912261963, 2.180999994277954, 2.177000045776367, 2.1760001182556152, 2.1489999294281006, 2.1410000324249268, 2.122999906539917, 2.115000009536743, 2.1040000915527344, 2.0989999771118164, 2.0810000896453857, 2.072999954223633, 2.069000005722046, 2.052000045776367, 2.0429999828338623, 2.0250000953674316, 2.0260000228881836, 2.000999927520752, 1.9900000095367432, 1.9739999771118164, 1.9620000123977661, 1.9500000476837158, 1.9320000410079956, 1.9119999408721924, 1.8969999551773071, 1.8830000162124634, 1.8630000352859497, 1.840000033378601, 1.8359999656677246, 1.8140000104904175, 1.7970000505447388, 1.7740000486373901, 1.7589999437332153, 1.7289999723434448, 1.715000033378601, 1.6920000314712524, 1.6820000410079956, 1.659000039100647, 1.6449999809265137, 1.6239999532699585, 1.6119999885559082, 1.5989999771118164, 1.5859999656677246, 1.5570000410079956, 1.5440000295639038, 1.5269999504089355, 1.5230000019073486, 1.5160000324249268, 1.503999948501587, 1.4839999675750732, 1.4780000448226929, 1.4630000591278076, 1.4479999542236328, 1.437000036239624, 1.4249999523162842, 1.4119999408721924, 1.399999976158142, 1.3949999809265137, 1.3899999856948853, 1.378000020980835, 1.3509999513626099, 1.3459999561309814, 1.340000033378601, 1.3309999704360962, 1.3179999589920044, 1.3049999475479126, 1.2940000295639038, 1.2890000343322754, 1.2890000343322754, 1.2730000019073486, 1.2599999904632568, 1.25, 1.2410000562667847, 1.2369999885559082, 1.2309999465942383, 1.2239999771118164, 1.2009999752044678, 1.1929999589920044, 1.190999984741211, 1.180999994277954, 1.1770000457763672, 1.1610000133514404, 1.1519999504089355, 1.1519999504089355, 1.1349999904632568, 1.13100004196167, 1.128000020980835, 1.1169999837875366, 1.1089999675750732, 1.1009999513626099, 1.0920000076293945, 1.0880000591278076, 1.0889999866485596, 1.0870000123977661, 1.0820000171661377, 1.065999984741211, 1.065000057220459, 1.0609999895095825, 1.055999994277954, 1.0509999990463257, 1.0420000553131104, 1.0429999828338623, 1.0429999828338623, 1.0440000295639038, 1.034000039100647, 1.0290000438690186, 1.0160000324249268, 1.003999948501587, 0.9950000047683716, 0.9959999918937683, 0.9990000128746033, 0.9980000257492065, 0.9959999918937683, 0.9890000224113464, 0.9789999723434448, 0.9750000238418579, 0.9710000157356262, 0.9710000157356262, 0.9700000286102295, 0.9660000205039978, 0.9649999737739563, 0.953000009059906, 0.9449999928474426, 0.9480000138282776, 0.9380000233650208, 0.9359999895095825, 0.9309999942779541, 0.9279999732971191, 0.9259999990463257, 0.9259999990463257, 0.9150000214576721, 0.9150000214576721, 0.906000018119812, 0.8989999890327454, 0.8970000147819519, 0.8970000147819519, 0.8949999809265137, 0.8849999904632568, 0.8870000243186951, 0.8859999775886536, 0.8820000290870667, 0.8809999823570251, 0.875, 0.8709999918937683, 0.8679999709129333, 0.8679999709129333, 0.8600000143051147, 0.8650000095367432, 0.8610000014305115, 0.8550000190734863, 0.8510000109672546, 0.8489999771118164, 0.8489999771118164, 0.8450000286102295, 0.8429999947547913, 0.8410000205039978, 0.8360000252723694, 0.8320000171661377, 0.8289999961853027, 0.8289999961853027, 0.8289999961853027, 0.8270000219345093, 0.8169999718666077, 0.8130000233650208, 0.8119999766349792, 0.8069999814033508, 0.8050000071525574, 0.8019999861717224, 0.800000011920929, 0.8009999990463257, 0.800000011920929, 0.796999990940094, 0.796999990940094, 0.7979999780654907, 0.7960000038146973, 0.7940000295639038, 0.7860000133514404, 0.7870000004768372, 0.7870000004768372, 0.7850000262260437, 0.7839999794960022, 0.7839999794960022, 0.7799999713897705, 0.7749999761581421, 0.7710000276565552, 0.7730000019073486, 0.7699999809265137, 0.7680000066757202, 0.7630000114440918, 0.7630000114440918, 0.7620000243186951, 0.7599999904632568, 0.7590000033378601, 0.7559999823570251, 0.7519999742507935, 0.746999979019165, 0.7509999871253967, 0.7509999871253967, 0.7440000176429749, 0.7440000176429749, 0.746999979019165, 0.7490000128746033, 0.7490000128746033, 0.7490000128746033, 0.734000027179718, 0.734000027179718, 0.734000027179718, 0.7310000061988831, 0.7300000190734863, 0.7310000061988831, 0.7269999980926514, 0.7260000109672546, 0.7250000238418579, 0.7260000109672546, 0.7260000109672546, 0.7210000157356262, 0.7200000286102295, 0.7210000157356262, 0.7229999899864197, 0.7239999771118164, 0.7229999899864197, 0.7229999899864197, 0.7179999947547913, 0.7179999947547913, 0.7110000252723694, 0.7110000252723694, 0.703000009059906, 0.7080000042915344, 0.7089999914169312, 0.7080000042915344, 0.7089999914169312, 0.7070000171661377, 0.7080000042915344, 0.7070000171661377, 0.7009999752044678, 0.7009999752044678, 0.7059999704360962, 0.703000009059906, 0.6940000057220459, 0.6899999976158142, 0.6930000185966492, 0.6930000185966492, 0.6940000057220459, 0.6930000185966492, 0.6959999799728394, 0.6980000138282776, 0.6990000009536743, 0.6959999799728394, 0.6899999976158142, 0.6859999895095825, 0.6859999895095825, 0.6869999766349792, 0.6869999766349792, 0.6850000023841858, 0.6899999976158142, 0.6880000233650208, 0.6880000233650208, 0.6869999766349792, 0.6859999895095825, 0.6850000023841858, 0.6850000023841858, 0.6850000023841858, 0.6880000233650208, 0.6880000233650208, 0.6859999895095825, 0.6859999895095825, 0.6859999895095825, 0.6859999895095825, 0.6850000023841858, 0.6840000152587891, 0.6830000281333923, 0.6859999895095825, 0.6859999895095825, 0.6800000071525574, 0.6779999732971191, 0.6809999942779541, 0.6850000023841858, 0.6899999976158142, 0.6859999895095825, 0.6840000152587891, 0.6850000023841858, 0.6840000152587891, 0.6850000023841858, 0.6850000023841858, 0.6850000023841858, 0.6850000023841858, 0.6769999861717224, 0.6809999942779541, 0.6800000071525574, 0.6819999814033508, 0.6859999895095825, 0.6859999895095825, 0.6850000023841858, 0.6840000152587891, 0.6840000152587891, 0.6880000233650208, 0.6819999814033508, 0.6819999814033508, 0.6809999942779541, 0.6880000233650208, 0.6909999847412109, 0.6899999976158142, 0.6859999895095825, 0.6819999814033508, 0.6830000281333923, 0.6830000281333923, 0.6830000281333923, 0.6830000281333923, 0.6830000281333923, 0.6830000281333923, 0.6759999990463257, 0.6809999942779541, 0.6840000152587891, 0.6840000152587891, 0.6859999895095825, 0.6869999766349792, 0.6909999847412109, 0.6909999847412109, 0.6859999895095825, 0.6769999861717224, 0.6800000071525574, 0.6830000281333923, 0.6830000281333923, 0.6909999847412109, 0.6949999928474426, 0.6830000281333923, 0.6800000071525574, 0.6800000071525574, 0.6779999732971191, 0.6790000200271606, 0.6790000200271606, 0.6790000200271606, 0.6869999766349792, 0.6869999766349792, 0.6850000023841858, 0.6819999814033508, 0.6819999814033508, 0.6859999895095825, 0.6859999895095825, 0.6850000023841858, 0.6830000281333923, 0.6840000152587891, 0.6809999942779541, 0.6869999766349792, 0.6850000023841858, 0.6830000281333923, 0.6790000200271606, 0.6830000281333923, 0.6880000233650208, 0.6880000233650208, 0.6830000281333923, 0.6840000152587891, 0.6859999895095825, 0.6899999976158142, 0.6899999976158142, 0.6869999766349792, 0.6840000152587891, 0.6840000152587891, 0.6790000200271606, 0.6769999861717224, 0.6779999732971191, 0.6840000152587891, 0.6859999895095825, 0.6869999766349792, 0.6850000023841858, 0.6819999814033508, 0.6819999814033508, 0.6859999895095825, 0.6890000104904175, 0.6859999895095825, 0.6859999895095825, 0.6859999895095825, 0.6840000152587891, 0.6790000200271606, 0.6759999990463257, 0.6850000023841858, 0.6819999814033508, 0.6790000200271606, 0.6850000023841858, 0.6869999766349792, 0.6869999766349792, 0.6830000281333923, 0.6840000152587891, 0.6909999847412109, 0.6909999847412109, 0.6880000233650208, 0.6880000233650208, 0.6859999895095825, 0.6830000281333923, 0.6819999814033508, 0.6809999942779541, 0.6819999814033508, 0.6850000023841858, 0.6850000023841858, 0.6819999814033508, 0.6809999942779541, 0.6840000152587891, 0.6850000023841858, 0.6859999895095825, 0.6880000233650208, 0.6880000233650208, 0.6899999976158142, 0.6919999718666077, 0.6919999718666077, 0.6880000233650208, 0.6919999718666077, 0.6930000185966492, 0.6909999847412109, 0.6819999814033508, 0.6800000071525574, 0.6769999861717224, 0.6819999814033508, 0.6940000057220459, 0.6970000267028809, 0.6959999799728394, 0.6959999799728394, 0.6940000057220459, 0.6959999799728394, 0.6970000267028809, 0.6980000138282776, 0.6970000267028809, 0.6909999847412109, 0.6899999976158142, 0.6880000233650208, 0.6919999718666077, 0.6919999718666077, 0.6919999718666077, 0.6899999976158142, 0.6930000185966492, 0.6909999847412109, 0.6970000267028809, 0.6919999718666077, 0.6940000057220459, 0.6940000057220459, 0.6909999847412109, 0.6859999895095825, 0.6940000057220459, 0.6980000138282776, 0.699999988079071, 0.703000009059906, 0.6970000267028809, 0.6959999799728394, 0.6959999799728394, 0.6940000057220459, 0.6940000057220459, 0.7020000219345093, 0.7020000219345093, 0.703000009059906, 0.6980000138282776, 0.6949999928474426, 0.6959999799728394, 0.6970000267028809, 0.703000009059906, 0.7049999833106995, 0.703000009059906, 0.703000009059906, 0.7059999704360962, 0.7099999785423279, 0.7059999704360962, 0.7059999704360962, 0.7049999833106995, 0.7089999914169312, 0.7089999914169312, 0.7080000042915344, 0.7080000042915344, 0.703000009059906, 0.7009999752044678, 0.7049999833106995, 0.7120000123977661, 0.7110000252723694, 0.7139999866485596, 0.7129999995231628, 0.7179999947547913, 0.7200000286102295, 0.7210000157356262, 0.7129999995231628, 0.7089999914169312, 0.722000002861023, 0.722000002861023, 0.7170000076293945, 0.7170000076293945, 0.7170000076293945, 0.7120000123977661, 0.7120000123977661, 0.7179999947547913, 0.7200000286102295, 0.7200000286102295, 0.7210000157356262, 0.718999981880188, 0.7210000157356262, 0.7200000286102295, 0.7239999771118164, 0.7350000143051147, 0.7350000143051147, 0.7260000109672546, 0.7279999852180481, 0.7279999852180481, 0.7289999723434448, 0.7300000190734863, 0.7300000190734863, 0.7279999852180481, 0.7279999852180481, 0.7319999933242798, 0.7319999933242798, 0.7239999771118164, 0.7239999771118164, 0.7350000143051147, 0.7400000095367432, 0.7310000061988831, 0.7310000061988831, 0.7329999804496765, 0.7319999933242798, 0.7310000061988831, 0.734000027179718, 0.7409999966621399, 0.7400000095367432, 0.7419999837875366, 0.7429999709129333, 0.746999979019165, 0.746999979019165, 0.7490000128746033, 0.746999979019165, 0.7440000176429749, 0.7459999918937683, 0.7459999918937683, 0.746999979019165, 0.7419999837875366, 0.7490000128746033, 0.7519999742507935, 0.7519999742507935, 0.7490000128746033, 0.7450000047683716, 0.7480000257492065, 0.7519999742507935, 0.7549999952316284, 0.7509999871253967, 0.7459999918937683, 0.7590000033378601, 0.7590000033378601, 0.7540000081062317, 0.7570000290870667, 0.7580000162124634, 0.7580000162124634, 0.7580000162124634, 0.7580000162124634, 0.7599999904632568, 0.765999972820282, 0.7639999985694885, 0.7580000162124634, 0.7580000162124634, 0.7639999985694885, 0.7689999938011169, 0.7699999809265137, 0.7639999985694885, 0.7639999985694885, 0.765999972820282, 0.7689999938011169, 0.7710000276565552, 0.7680000066757202, 0.7639999985694885, 0.7639999985694885, 0.7649999856948853, 0.7689999938011169, 0.7749999761581421, 0.7710000276565552, 0.7710000276565552, 0.7689999938011169, 0.7699999809265137, 0.7770000100135803, 0.7770000100135803, 0.7749999761581421, 0.7749999761581421, 0.7789999842643738, 0.781000018119812, 0.7789999842643738, 0.7829999923706055, 0.7749999761581421, 0.7760000228881836, 0.7760000228881836, 0.7820000052452087, 0.7820000052452087, 0.7839999794960022, 0.7850000262260437, 0.7839999794960022, 0.7900000214576721, 0.7910000085830688, 0.7889999747276306, 0.7889999747276306, 0.7889999747276306, 0.7910000085830688, 0.7870000004768372, 0.7820000052452087, 0.7900000214576721, 0.7900000214576721, 0.7889999747276306, 0.7919999957084656, 0.7940000295639038, 0.7940000295639038, 0.7940000295639038, 0.7940000295639038, 0.7960000038146973, 0.7950000166893005, 0.7990000247955322, 0.7990000247955322, 0.7990000247955322, 0.7990000247955322, 0.800000011920929, 0.8040000200271606, 0.8059999942779541, 0.8059999942779541, 0.8080000281333923, 0.8090000152587891, 0.8100000023841858, 0.8050000071525574, 0.8040000200271606, 0.8050000071525574, 0.8080000281333923, 0.8109999895095825, 0.8119999766349792, 0.8149999976158142, 0.8169999718666077, 0.8159999847412109, 0.8180000185966492, 0.8180000185966492, 0.8190000057220459, 0.8190000057220459, 0.8180000185966492, 0.8209999799728394, 0.824999988079071, 0.824999988079071, 0.824999988079071, 0.8309999704360962, 0.8379999995231628, 0.8309999704360962, 0.8209999799728394, 0.8220000267028809, 0.8240000009536743, 0.8299999833106995, 0.8299999833106995, 0.824999988079071, 0.824999988079071, 0.824999988079071, 0.824999988079071, 0.8320000171661377, 0.8320000171661377, 0.8429999947547913, 0.8389999866485596, 0.8410000205039978, 0.8410000205039978, 0.8389999866485596, 0.8389999866485596, 0.8360000252723694, 0.8339999914169312, 0.8379999995231628, 0.8429999947547913, 0.847000002861023, 0.8450000286102295, 0.847000002861023, 0.8489999771118164, 0.8489999771118164, 0.8479999899864197, 0.8429999947547913, 0.8450000286102295, 0.8500000238418579, 0.8510000109672546, 0.8500000238418579, 0.8500000238418579, 0.8489999771118164, 0.8489999771118164, 0.8489999771118164, 0.8460000157356262, 0.8429999947547913, 0.8510000109672546, 0.8479999899864197, 0.8510000109672546, 0.8479999899864197, 0.8479999899864197, 0.847000002861023, 0.8500000238418579, 0.8500000238418579, 0.8510000109672546, 0.8450000286102295, 0.8450000286102295, 0.8479999899864197, 0.843999981880188, 0.8399999737739563, 0.8379999995231628, 0.8379999995231628, 0.8420000076293945, 0.8429999947547913, 0.8410000205039978, 0.8420000076293945, 0.847000002861023, 0.8479999899864197, 0.8529999852180481, 0.8550000190734863, 0.8510000109672546, 0.847000002861023, 0.847000002861023, 0.8479999899864197, 0.8479999899864197, 0.8510000109672546, 0.8539999723434448, 0.8539999723434448, 0.8489999771118164, 0.8479999899864197, 0.8510000109672546, 0.8519999980926514, 0.8539999723434448, 0.8519999980926514, 0.8429999947547913, 0.8339999914169312, 0.8399999737739563, 0.8479999899864197, 0.828000009059906, 0.8330000042915344, 0.8410000205039978, 0.8450000286102295, 0.8479999899864197, 0.8479999899864197, 0.8489999771118164, 0.8539999723434448, 0.859000027179718, 0.8640000224113464, 0.8679999709129333, 0.871999979019165, 0.8740000128746033, 0.871999979019165, 0.8690000176429749, 0.871999979019165, 0.875, 0.8730000257492065, 0.8640000224113464, 0.8640000224113464, 0.8809999823570251, 0.8840000033378601, 0.8769999742507935, 0.8700000047683716, 0.8700000047683716]
intensities: [1101.0, 1140.0, 1207.0, 1219.0, 1309.0, 1333.0, 1372.0, 1383.0, 1414.0, 1402.0, 1396.0, 1391.0, 1395.0, 1391.0, 1325.0, 1270.0, 1107.0, 1001.0, 870.0, 842.0, 937.0, 930.0, 989.0, 1015.0, 1016.0, 1043.0, 1095.0, 1126.0, 1257.0, 1333.0, 1471.0, 1489.0, 1520.0, 1552.0, 1558.0, 1546.0, 1558.0, 1546.0, 1543.0, 1535.0, 1552.0, 1540.0, 1539.0, 1546.0, 1530.0, 1530.0, 1564.0, 1565.0, 1564.0, 1562.0, 1563.0, 1545.0, 1545.0, 1567.0, 1537.0, 1548.0, 1559.0, 1539.0, 1542.0, 1542.0, 1533.0, 1513.0, 1518.0, 1496.0, 1496.0, 1484.0, 1460.0, 1462.0, 1475.0, 1479.0, 1482.0, 1484.0, 1459.0, 1439.0, 1419.0, 1418.0, 1404.0, 1410.0, 1410.0, 1429.0, 1423.0, 1410.0, 1402.0, 1369.0, 1381.0, 1395.0, 1390.0, 1354.0, 1385.0, 1350.0, 1343.0, 1325.0, 1341.0, 1331.0, 1317.0, 1317.0, 1303.0, 1293.0, 1292.0, 1294.0, 1293.0, 1285.0, 1292.0, 1290.0, 1290.0, 1268.0, 1263.0, 1263.0, 1254.0, 1245.0, 1245.0, 1260.0, 1237.0, 1216.0, 1212.0, 1206.0, 1206.0, 1207.0, 1203.0, 1212.0, 1179.0, 1180.0, 1180.0, 1185.0, 1183.0, 1177.0, 1161.0, 1145.0, 1178.0, 1170.0, 1165.0, 1170.0, 1160.0, 1155.0, 1150.0, 1135.0, 1134.0, 1138.0, 1140.0, 1139.0, 1142.0, 1131.0, 1103.0, 1112.0, 1106.0, 1132.0, 1120.0, 1127.0, 1128.0, 1128.0, 1148.0, 1115.0, 1115.0, 1108.0, 1109.0, 1101.0, 1101.0, 1097.0, 1087.0, 1090.0, 1102.0, 1110.0, 1098.0, 1104.0, 1106.0, 1096.0, 1109.0, 1100.0, 1103.0, 1111.0, 1102.0, 1105.0, 1104.0, 1104.0, 1090.0, 1089.0, 1093.0, 1110.0, 1110.0, 1112.0, 1104.0, 1119.0, 1106.0, 1116.0, 1111.0, 1094.0, 1099.0, 1101.0, 1103.0, 1106.0, 1107.0, 1116.0, 1109.0, 1110.0, 1110.0, 1110.0, 1120.0, 1120.0, 1102.0, 1097.0, 1093.0, 1095.0, 1091.0, 1083.0, 1094.0, 1096.0, 1095.0, 1096.0, 1089.0, 1097.0, 1094.0, 1080.0, 1078.0, 1088.0, 1078.0, 1077.0, 1070.0, 1071.0, 1072.0, 1076.0, 1078.0, 1067.0, 1071.0, 1063.0, 1062.0, 1049.0, 1048.0, 1040.0, 1036.0, 1025.0, 1008.0, 1007.0, 999.0, 996.0, 988.0, 984.0, 976.0, 957.0, 960.0, 985.0, 983.0, 973.0, 957.0, 948.0, 920.0, 882.0, 887.0, 923.0, 945.0, 896.0, 900.0, 968.0, 1040.0, 1332.0, 1204.0, 951.0, 951.0, 942.0, 950.0, 969.0, 963.0, 964.0, 964.0, 951.0, 957.0, 958.0, 966.0, 973.0, 969.0, 960.0, 961.0, 987.0, 975.0, 966.0, 961.0, 960.0, 969.0, 969.0, 965.0, 952.0, 961.0, 965.0, 972.0, 974.0, 970.0, 971.0, 967.0, 965.0, 974.0, 962.0, 974.0, 961.0, 960.0, 961.0, 963.0, 965.0, 963.0, 958.0, 960.0, 963.0, 959.0, 958.0, 959.0, 970.0, 956.0, 956.0, 949.0, 962.0, 965.0, 962.0, 966.0, 957.0, 960.0, 950.0, 955.0, 962.0, 956.0, 961.0, 961.0, 950.0, 953.0, 953.0, 954.0, 952.0, 963.0, 944.0, 956.0, 961.0, 956.0, 951.0, 954.0, 963.0, 954.0, 964.0, 967.0, 964.0, 963.0, 957.0, 964.0, 967.0, 973.0, 975.0, 974.0, 980.0, 977.0, 984.0, 975.0, 979.0, 973.0, 983.0, 964.0, 969.0, 967.0, 967.0, 971.0, 965.0, 968.0, 962.0, 973.0, 967.0, 971.0, 974.0, 968.0, 957.0, 964.0, 964.0, 966.0, 975.0, 967.0, 969.0, 978.0, 955.0, 952.0, 951.0, 967.0, 968.0, 975.0, 966.0, 979.0, 991.0, 990.0, 992.0, 990.0, 985.0, 997.0, 1003.0, 1012.0, 1013.0, 1025.0, 1024.0, 1024.0, 1027.0, 1031.0, 1042.0, 1044.0, 1056.0, 1059.0, 1060.0, 1069.0, 1071.0, 1078.0, 1084.0, 1086.0, 1088.0, 1099.0, 1095.0, 1102.0, 1092.0, 1083.0, 1099.0, 1099.0, 1107.0, 1106.0, 1101.0, 1110.0, 1104.0, 1118.0, 1115.0, 1108.0, 1128.0, 1118.0, 1097.0, 1099.0, 1104.0, 1106.0, 1106.0, 1108.0, 1134.0, 1144.0, 1151.0, 1150.0, 1120.0, 1144.0, 1142.0, 1166.0, 1166.0, 1171.0, 1192.0, 1198.0, 1221.0, 1214.0, 1231.0, 1240.0, 1243.0, 1247.0, 1257.0, 1247.0, 1269.0, 1259.0, 1275.0, 1271.0, 1269.0, 1267.0, 1314.0, 1310.0, 1305.0, 1305.0, 1311.0, 1315.0, 1314.0, 1317.0, 1335.0, 1323.0, 1338.0, 1348.0, 1372.0, 1350.0, 1358.0, 1357.0, 1365.0, 1364.0, 1364.0, 1372.0, 1378.0, 1399.0, 1392.0, 1390.0, 1382.0, 1406.0, 1410.0, 1400.0, 1414.0, 1409.0, 1419.0, 1427.0, 1428.0, 1428.0, 1424.0, 1429.0, 1435.0, 1431.0, 1457.0, 1458.0, 1454.0, 1467.0, 1478.0, 1465.0, 1468.0, 1487.0, 1486.0, 1478.0, 1504.0, 1504.0, 1507.0, 1518.0, 1509.0, 1520.0, 1513.0, 1517.0, 1523.0, 1520.0, 1524.0, 1527.0, 1530.0, 1530.0, 1542.0, 1541.0, 1545.0, 1535.0, 1537.0, 1549.0, 1555.0, 1562.0, 1564.0, 1573.0, 1557.0, 1567.0, 1572.0, 1574.0, 1580.0, 1585.0, 1591.0, 1594.0, 1588.0, 1585.0, 1590.0, 1607.0, 1615.0, 1622.0, 1622.0, 1622.0, 1623.0, 1616.0, 1625.0, 1625.0, 1625.0, 1633.0, 1630.0, 1630.0, 1642.0, 1636.0, 1642.0, 1644.0, 1653.0, 1660.0, 1665.0, 1674.0, 1660.0, 1669.0, 1667.0, 1677.0, 1688.0, 1681.0, 1691.0, 1708.0, 1708.0, 1694.0, 1701.0, 1690.0, 1709.0, 1700.0, 1723.0, 1737.0, 1728.0, 1725.0, 1728.0, 1734.0, 1734.0, 1753.0, 1753.0, 1755.0, 1752.0, 1756.0, 1756.0, 1764.0, 1759.0, 1747.0, 1744.0, 1758.0, 1752.0, 1755.0, 1760.0, 1760.0, 1771.0, 1783.0, 1739.0, 1743.0, 1748.0, 1748.0, 1741.0, 1746.0, 1743.0, 1752.0, 1752.0, 1753.0, 1753.0, 1762.0, 1798.0, 1768.0, 1762.0, 1769.0, 1794.0, 1788.0, 1793.0, 1790.0, 1782.0, 1781.0, 1770.0, 1780.0, 1769.0, 1756.0, 1752.0, 1746.0, 1758.0, 1742.0, 1742.0, 1756.0, 1771.0, 1784.0, 1778.0, 1765.0, 1775.0, 1751.0, 1751.0, 1752.0, 1749.0, 1761.0, 1756.0, 1752.0, 1749.0, 1743.0, 1762.0, 1754.0, 1763.0, 1756.0, 1756.0, 1764.0, 1764.0, 1764.0, 1764.0, 1765.0, 1774.0, 1784.0, 1763.0, 1794.0, 1771.0, 1779.0, 1773.0, 1782.0, 1782.0, 1776.0, 1767.0, 1771.0, 1775.0, 1775.0, 1782.0, 1787.0, 1766.0, 1785.0, 1785.0, 1773.0, 1772.0, 1782.0, 1782.0, 1776.0, 1777.0, 1792.0, 1790.0, 1783.0, 1785.0, 1785.0, 1771.0, 1780.0, 1796.0, 1755.0, 1781.0, 1781.0, 1768.0, 1768.0, 1773.0, 1769.0, 1769.0, 1768.0, 1769.0, 1763.0, 1786.0, 1786.0, 1768.0, 1754.0, 1754.0, 1761.0, 1758.0, 1758.0, 1781.0, 1791.0, 1770.0, 1777.0, 1771.0, 1779.0, 1770.0, 1762.0, 1761.0, 1790.0, 1791.0, 1756.0, 1748.0, 1748.0, 1771.0, 1772.0, 1773.0, 1777.0, 1779.0, 1770.0, 1762.0, 1762.0, 1755.0, 1745.0, 1734.0, 1751.0, 1761.0, 1755.0, 1736.0, 1740.0, 1752.0, 1736.0, 1734.0, 1736.0, 1751.0, 1749.0, 1734.0, 1733.0, 1732.0, 1776.0, 1783.0, 1766.0, 1757.0, 1719.0, 1720.0, 1732.0, 1734.0, 1743.0, 1742.0, 1727.0, 1727.0, 1707.0, 1716.0, 1735.0, 1735.0, 1725.0, 1750.0, 1746.0, 1743.0, 1722.0, 1736.0, 1732.0, 1728.0, 1728.0, 1727.0, 1711.0, 1720.0, 1704.0, 1698.0, 1716.0, 1657.0, 1651.0, 1651.0, 1661.0, 1660.0, 1669.0, 1650.0, 1649.0, 1652.0, 1673.0, 1660.0, 1643.0, 1644.0, 1644.0, 1643.0, 1643.0, 1643.0, 1639.0, 1642.0, 1648.0, 1654.0, 1647.0, 1645.0, 1646.0, 1637.0, 1626.0, 1629.0, 1639.0, 1639.0, 1638.0, 1638.0, 1638.0, 1609.0, 1607.0, 1641.0, 1597.0, 1596.0, 1611.0, 1602.0, 1597.0, 1592.0, 1601.0, 1596.0, 1588.0, 1601.0, 1602.0, 1608.0, 1595.0, 1597.0, 1585.0, 1585.0, 1574.0, 1574.0, 1579.0, 1578.0, 1578.0, 1570.0, 1577.0, 1563.0, 1527.0, 1544.0, 1560.0, 1529.0, 1536.0, 1546.0, 1542.0, 1532.0, 1523.0, 1514.0, 1521.0, 1521.0, 1500.0, 1503.0, 1492.0, 1494.0, 1498.0, 1494.0, 1485.0, 1485.0, 1479.0, 1469.0, 1460.0, 1468.0, 1463.0, 1448.0, 1435.0, 1422.0, 1452.0, 1440.0, 1426.0, 1432.0, 1423.0, 1429.0, 1429.0, 1444.0, 1427.0, 1429.0, 1420.0, 1420.0, 1408.0, 1421.0, 1399.0, 1390.0, 1385.0, 1406.0, 1410.0, 1407.0, 1395.0, 1384.0, 1376.0, 1401.0, 1401.0, 1401.0, 1388.0, 1375.0, 1368.0, 1364.0, 1366.0, 1366.0, 1373.0, 1364.0, 1367.0, 1355.0, 1355.0, 1359.0, 1363.0, 1353.0, 1353.0, 1362.0, 1359.0, 1357.0, 1355.0, 1364.0, 1353.0, 1353.0, 1352.0, 1351.0, 1351.0, 1351.0, 1352.0, 1352.0, 1351.0, 1351.0, 1351.0, 1351.0, 1338.0, 1340.0, 1340.0, 1336.0, 1342.0, 1348.0, 1345.0, 1337.0, 1324.0, 1332.0, 1330.0, 1337.0, 1337.0, 1341.0, 1340.0, 1319.0, 1336.0, 1336.0, 1327.0, 1319.0, 1304.0, 1315.0, 1328.0, 1328.0, 1339.0, 1327.0, 1302.0, 1317.0, 1317.0, 1334.0, 1324.0, 1324.0, 1332.0, 1332.0, 1324.0, 1317.0, 1313.0, 1309.0, 1314.0, 1315.0, 1320.0, 1297.0, 1308.0, 1302.0, 1302.0, 1297.0, 1328.0, 1328.0, 1332.0, 1332.0, 1331.0, 1331.0, 1330.0, 1330.0, 1331.0, 1328.0, 1330.0, 1308.0, 1328.0, 1328.0, 1312.0, 1315.0, 1328.0, 1330.0, 1328.0, 1330.0, 1330.0, 1322.0, 1322.0, 1331.0, 1317.0, 1323.0, 1323.0, 1324.0, 1324.0, 1342.0, 1331.0, 1332.0, 1326.0, 1325.0, 1328.0, 1325.0, 1324.0, 1324.0, 1319.0, 1326.0, 1329.0, 1338.0, 1343.0, 1338.0, 1334.0, 1328.0, 1328.0, 1328.0, 1330.0, 1327.0, 1347.0, 1344.0, 1338.0, 1340.0, 1336.0, 1344.0, 1354.0, 1339.0, 1355.0, 1368.0, 1370.0, 1368.0, 1353.0, 1349.0, 1364.0, 1363.0, 1384.0, 1376.0, 1371.0, 1378.0, 1387.0, 1382.0, 1393.0, 1384.0, 1393.0, 1391.0, 1395.0, 1395.0, 1387.0, 1389.0, 1391.0, 1401.0, 1427.0, 1426.0, 1436.0, 1420.0, 1406.0, 1408.0, 1407.0, 1396.0, 1406.0, 1417.0, 1444.0, 1440.0, 1439.0, 1424.0, 1424.0, 1424.0, 1443.0, 1438.0, 1435.0, 1429.0, 1429.0, 1442.0, 1438.0, 1428.0, 1425.0, 1437.0, 1446.0, 1460.0, 1449.0, 1449.0, 1470.0, 1468.0, 1468.0, 1474.0, 1458.0]