header: 
  seq: 2694
  stamp: 
    secs: 1548820824
    nsecs: 569651083
  frame_id: "base_link"
angle_min: -2.35619449615
angle_max: 2.35619449615
angle_increment: 0.00436332309619
time_increment: 1.73611151695e-05
scan_time: 0.0250000003725
range_min: 0.019999999553
range_max: 30.0
ranges: [0.41499999165534973, 0.421999990940094, 0.42100000381469727, 0.42100000381469727, 0.4000000059604645, 0.39500001072883606, 0.39800000190734863, 0.39800000190734863, 0.3970000147819519, 0.3930000066757202, 0.39100000262260437, 0.38999998569488525, 0.3880000114440918, 0.375, 0.37599998712539673, 0.33899998664855957, 0.31700000166893005, 0.30300000309944153, 0.3050000071525574, 0.2809999883174896, 0.3089999854564667, 0.3490000069141388, 0.3490000069141388, 0.36899998784065247, 0.375, 0.36800000071525574, 0.3580000102519989, 0.3630000054836273, 0.3490000069141388, 0.3330000042915344, 0.3409999907016754, 0.3409999907016754, 0.35100001096725464, 0.3490000069141388, 0.3479999899864197, 0.34700000286102295, 0.34200000762939453, 0.3409999907016754, 0.3540000021457672, 0.3540000021457672, 0.3409999907016754, 0.3330000042915344, 0.33399999141693115, 0.328000009059906, 0.3310000002384186, 0.3240000009536743, 0.3199999928474426, 0.32199999690055847, 0.32600000500679016, 0.32499998807907104, 0.32199999690055847, 0.3179999887943268, 0.3179999887943268, 0.3179999887943268, 0.3190000057220459, 0.3179999887943268, 0.3179999887943268, 0.3160000145435333, 0.31299999356269836, 0.3109999895095825, 0.31700000166893005, 0.31700000166893005, 0.32100000977516174, 0.32100000977516174, 0.3160000145435333, 0.3070000112056732, 0.3070000112056732, 0.3070000112056732, 0.3070000112056732, 0.3050000071525574, 0.3140000104904175, 0.3269999921321869, 0.3179999887943268, 0.30300000309944153, 0.3050000071525574, 0.30799999833106995, 0.2980000078678131, 0.2980000078678131, 0.3019999861717224, 0.3019999861717224, 0.3109999895095825, 0.3140000104904175, 0.30399999022483826, 0.30300000309944153, 0.3009999990463257, 0.3009999990463257, 0.30300000309944153, 0.3050000071525574, 0.30399999022483826, 0.29899999499320984, 0.296999990940094, 0.296999990940094, 0.3009999990463257, 0.29899999499320984, 0.3160000145435333, 0.31200000643730164, 0.30399999022483826, 0.30000001192092896, 0.3050000071525574, 0.3100000023841858, 0.3059999942779541, 0.3009999990463257, 0.29600000381469727, 0.2939999997615814, 0.3009999990463257, 0.30399999022483826, 0.30000001192092896, 0.30399999022483826, 0.31299999356269836, 0.3109999895095825, 0.3160000145435333, 0.30799999833106995, 0.29899999499320984, 0.29899999499320984, 0.30000001192092896, 0.30000001192092896, 0.3089999854564667, 0.3100000023841858, 0.31200000643730164, 0.30799999833106995, 0.3059999942779541, 0.3059999942779541, 0.3100000023841858, 0.3059999942779541, 0.3059999942779541, 0.3050000071525574, 0.30399999022483826, 0.3050000071525574, 0.3050000071525574, 0.30799999833106995, 0.3050000071525574, 0.3050000071525574, 0.30799999833106995, 0.3059999942779541, 0.30399999022483826, 0.3059999942779541, 0.3059999942779541, 0.3059999942779541, 0.3059999942779541, 0.3109999895095825, 0.3160000145435333, 0.3160000145435333, 0.3109999895095825, 0.31200000643730164, 0.3179999887943268, 0.3179999887943268, 0.3109999895095825, 0.3179999887943268, 0.31700000166893005, 0.3179999887943268, 0.3109999895095825, 0.3230000138282776, 0.3230000138282776, 0.3230000138282776, 0.3230000138282776, 0.3230000138282776, 0.32600000500679016, 0.33000001311302185, 0.33000001311302185, 0.3310000002384186, 0.3269999921321869, 0.3269999921321869, 0.33399999141693115, 0.3370000123977661, 0.3449999988079071, 0.3400000035762787, 0.3319999873638153, 0.3330000042915344, 0.34200000762939453, 0.34200000762939453, 0.34599998593330383, 0.3540000021457672, 0.3540000021457672, 0.35600000619888306, 0.35600000619888306, 0.35600000619888306, 0.35600000619888306, 0.36000001430511475, 0.36500000953674316, 0.36899998784065247, 0.37700000405311584, 0.37599998712539673, 0.3700000047683716, 0.36899998784065247, 0.3840000033378601, 0.38600000739097595, 0.3840000033378601, 0.38199999928474426, 0.382999986410141, 0.38499999046325684, 0.3930000066757202, 0.39800000190734863, 0.4180000126361847, 0.414000004529953, 0.4050000011920929, 0.4090000092983246, 0.4169999957084656, 0.4169999957084656, 0.414000004529953, 0.414000004529953, 0.42500001192092896, 0.42800000309944153, 0.4350000023841858, 0.4350000023841858, 0.4339999854564667, 0.44200000166893005, 0.4309999942779541, 0.4320000112056732, 0.4429999887943268, 0.45100000500679016, 0.460999995470047, 0.45899999141693115, 0.4650000035762787, 0.4659999907016754, 0.4659999907016754, 0.46700000762939453, 0.4699999988079071, 0.4790000021457672, 0.4860000014305115, 0.4950000047683716, 0.4970000088214874, 0.49799999594688416, 0.4970000088214874, 0.4970000088214874, 0.5009999871253967, 0.5149999856948853, 0.5210000276565552, 0.5220000147819519, 0.5230000019073486, 0.5299999713897705, 0.5320000052452087, 0.5350000262260437, 0.5360000133514404, 0.5400000214576721, 0.5609999895095825, 0.5640000104904175, 0.5690000057220459, 0.5699999928474426, 0.5740000009536743, 0.5809999704360962, 0.597000002861023, 0.5979999899864197, 0.6060000061988831, 0.6069999933242798, 0.6150000095367432, 0.6179999709129333, 0.6259999871253967, 0.6380000114440918, 0.6460000276565552, 0.6499999761581421, 0.6600000262260437, 0.675000011920929, 0.675000011920929, 0.6819999814033508, 0.6890000104904175, 0.7049999833106995, 0.7099999785423279, 0.722000002861023, 0.7289999723434448, 0.7419999837875366, 0.7590000033378601, 0.7630000114440918, 0.7680000066757202, 0.777999997138977, 0.796999990940094, 0.8090000152587891, 0.8109999895095825, 0.8270000219345093, 0.8450000286102295, 0.8730000257492065, 0.8830000162124634, 0.8960000276565552, 0.902999997138977, 0.9070000052452087, 0.9380000233650208, 0.9580000042915344, 0.9760000109672546, 0.9980000257492065, 1.0169999599456787, 1.0290000438690186, 1.0440000295639038, 1.0800000429153442, 1.097000002861023, 1.1150000095367432, 1.128999948501587, 1.1660000085830688, 1.1950000524520874, 1.215999960899353, 1.2369999885559082, 1.2710000276565552, 1.2949999570846558, 1.3359999656677246, 1.3739999532699585, 1.409000039100647, 1.437000036239624, 1.4819999933242798, 1.5169999599456787, 1.5750000476837158, 1.6369999647140503, 1.725000023841858, 1.8329999446868896, 1.9930000305175781, 2.815999984741211, 2.8310000896453857, 2.8310000896453857, 2.8289999961853027, 2.8269999027252197, 2.821000099182129, 2.822999954223633, 2.8269999027252197, 2.825000047683716, 2.8239998817443848, 2.821000099182129, 2.819000005722046, 2.819000005722046, 2.819000005722046, 2.818000078201294, 2.813999891281128, 2.811000108718872, 2.815999984741211, 2.809999942779541, 2.809999942779541, 2.809000015258789, 2.802000045776367, 2.799999952316284, 2.7909998893737793, 2.7929999828338623, 2.7920000553131104, 2.7909998893737793, 2.7799999713897705, 2.7809998989105225, 2.7799999713897705, 2.7769999504089355, 2.7720000743865967, 2.7699999809265137, 2.753999948501587, 2.749000072479248, 2.749000072479248, 2.743000030517578, 2.740999937057495, 2.740999937057495, 2.7279999256134033, 2.7209999561309814, 2.7200000286102295, 2.7209999561309814, 2.7130000591278076, 2.7119998931884766, 2.690000057220459, 2.687999963760376, 2.687000036239624, 2.680000066757202, 2.678999900817871, 2.6760001182556152, 2.6659998893737793, 2.6570000648498535, 2.6510000228881836, 2.6459999084472656, 2.635999917984009, 2.635999917984009, 2.625, 2.614000082015991, 2.6080000400543213, 2.5980000495910645, 2.5940001010894775, 2.5920000076293945, 2.5940001010894775, 2.572999954223633, 2.566999912261963, 2.565000057220459, 2.562999963760376, 2.5480000972747803, 2.5329999923706055, 2.5209999084472656, 2.510999917984009, 2.503000020980835, 2.494999885559082, 2.4779999256134033, 2.4670000076293945, 2.4600000381469727, 2.4539999961853027, 2.444999933242798, 2.424999952316284, 2.4140000343322754, 2.3959999084472656, 2.3929998874664307, 2.3889999389648438, 2.364000082015991, 2.3529999256134033, 2.3429999351501465, 2.3320000171661377, 2.309999942779541, 2.2880001068115234, 2.2809998989105225, 2.2699999809265137, 2.25, 2.242000102996826, 2.2290000915527344, 2.2130000591278076, 2.184000015258789, 2.178999900817871, 2.1640000343322754, 2.135999917984009, 2.117000102996826, 2.0999999046325684, 2.066999912261963, 2.046999931335449, 2.0260000228881836, 2.003000020980835, 1.9839999675750732, 1.9700000286102295, 1.9299999475479126, 1.9179999828338623, 1.899999976158142, 1.8760000467300415, 1.8589999675750732, 1.8339999914169312, 1.7999999523162842, 1.7879999876022339, 1.7730000019073486, 1.7519999742507935, 1.7280000448226929, 1.715999960899353, 1.690000057220459, 1.6649999618530273, 1.6510000228881836, 1.63100004196167, 1.621000051498413, 1.6169999837875366, 1.5850000381469727, 1.5740000009536743, 1.562000036239624, 1.5420000553131104, 1.5260000228881836, 1.5210000276565552, 1.5080000162124634, 1.5, 1.4880000352859497, 1.4670000076293945, 1.4550000429153442, 1.440000057220459, 1.434000015258789, 1.4220000505447388, 1.4129999876022339, 1.4079999923706055, 1.3940000534057617, 1.378000020980835, 1.36899995803833, 1.3609999418258667, 1.3489999771118164, 1.340000033378601, 1.3240000009536743, 1.3170000314712524, 1.309999942779541, 1.2920000553131104, 1.2890000343322754, 1.2769999504089355, 1.2699999809265137, 1.25, 1.2369999885559082, 1.2350000143051147, 1.2280000448226929, 1.2289999723434448, 1.225000023841858, 1.2050000429153442, 1.2009999752044678, 1.187999963760376, 1.1749999523162842, 1.1740000247955322, 1.1690000295639038, 1.1549999713897705, 1.1440000534057617, 1.1390000581741333, 1.1360000371932983, 1.1239999532699585, 1.11899995803833, 1.1160000562667847, 1.1160000562667847, 1.1130000352859497, 1.0989999771118164, 1.0980000495910645, 1.0959999561309814, 1.0839999914169312, 1.0750000476837158, 1.069000005722046, 1.0640000104904175, 1.062999963760376, 1.0509999990463257, 1.0460000038146973, 1.0449999570846558, 1.0360000133514404, 1.034000039100647, 1.034000039100647, 1.0290000438690186, 1.0230000019073486, 1.0110000371932983, 1.003999948501587, 0.9980000257492065, 0.9929999709129333, 0.9869999885559082, 0.9869999885559082, 0.9760000109672546, 0.9700000286102295, 0.968999981880188, 0.9679999947547913, 0.968999981880188, 0.9599999785423279, 0.9549999833106995, 0.9440000057220459, 0.9449999928474426, 0.9449999928474426, 0.9449999928474426, 0.9440000057220459, 0.9290000200271606, 0.9279999732971191, 0.9269999861717224, 0.9179999828338623, 0.9190000295639038, 0.9190000295639038, 0.9169999957084656, 0.9169999957084656, 0.9139999747276306, 0.902999997138977, 0.8960000276565552, 0.8949999809265137, 0.8949999809265137, 0.8899999856948853, 0.8809999823570251, 0.8820000290870667, 0.8880000114440918, 0.8840000033378601, 0.8790000081062317, 0.8790000081062317, 0.8619999885559082, 0.859000027179718, 0.8560000061988831, 0.8510000109672546, 0.8510000109672546, 0.8529999852180481, 0.8519999980926514, 0.8519999980926514, 0.8500000238418579, 0.8489999771118164, 0.847000002861023, 0.8410000205039978, 0.8360000252723694, 0.8379999995231628, 0.8410000205039978, 0.8420000076293945, 0.8420000076293945, 0.8289999961853027, 0.8240000009536743, 0.8140000104904175, 0.8130000233650208, 0.8159999847412109, 0.8130000233650208, 0.8140000104904175, 0.8140000104904175, 0.8059999942779541, 0.7940000295639038, 0.7919999957084656, 0.7910000085830688, 0.7910000085830688, 0.7870000004768372, 0.7879999876022339, 0.7889999747276306, 0.7910000085830688, 0.7910000085830688, 0.7870000004768372, 0.7850000262260437, 0.777999997138977, 0.7799999713897705, 0.7889999747276306, 0.7860000133514404, 0.7749999761581421, 0.7749999761581421, 0.7670000195503235, 0.7639999985694885, 0.7670000195503235, 0.7649999856948853, 0.7649999856948853, 0.7599999904632568, 0.7609999775886536, 0.7559999823570251, 0.753000020980835, 0.7549999952316284, 0.7480000257492065, 0.7409999966621399, 0.7419999837875366, 0.7419999837875366, 0.7419999837875366, 0.753000020980835, 0.7409999966621399, 0.7400000095367432, 0.7400000095367432, 0.7429999709129333, 0.734000027179718, 0.7289999723434448, 0.722000002861023, 0.722000002861023, 0.7350000143051147, 0.7360000014305115, 0.7310000061988831, 0.7269999980926514, 0.7239999771118164, 0.7279999852180481, 0.7269999980926514, 0.7250000238418579, 0.7279999852180481, 0.7250000238418579, 0.7250000238418579, 0.7229999899864197, 0.7070000171661377, 0.7039999961853027, 0.7080000042915344, 0.7080000042915344, 0.7080000042915344, 0.7129999995231628, 0.7049999833106995, 0.7020000219345093, 0.703000009059906, 0.7129999995231628, 0.7160000205039978, 0.7129999995231628, 0.7099999785423279, 0.7070000171661377, 0.7070000171661377, 0.7020000219345093, 0.7020000219345093, 0.6990000009536743, 0.6990000009536743, 0.703000009059906, 0.703000009059906, 0.7009999752044678, 0.7020000219345093, 0.6949999928474426, 0.7049999833106995, 0.7039999961853027, 0.6940000057220459, 0.6919999718666077, 0.6909999847412109, 0.6909999847412109, 0.6949999928474426, 0.6890000104904175, 0.6869999766349792, 0.6859999895095825, 0.6869999766349792, 0.6869999766349792, 0.6880000233650208, 0.6880000233650208, 0.6859999895095825, 0.6850000023841858, 0.6859999895095825, 0.6859999895095825, 0.6850000023841858, 0.6869999766349792, 0.6859999895095825, 0.6850000023841858, 0.6840000152587891, 0.6800000071525574, 0.6819999814033508, 0.6840000152587891, 0.6850000023841858, 0.6850000023841858, 0.6909999847412109, 0.6819999814033508, 0.6800000071525574, 0.6779999732971191, 0.6759999990463257, 0.6759999990463257, 0.6790000200271606, 0.6800000071525574, 0.6769999861717224, 0.675000011920929, 0.6700000166893005, 0.6740000247955322, 0.6740000247955322, 0.6710000038146973, 0.6690000295639038, 0.6690000295639038, 0.671999990940094, 0.6759999990463257, 0.675000011920929, 0.6779999732971191, 0.6779999732971191, 0.671999990940094, 0.671999990940094, 0.6690000295639038, 0.6679999828338623, 0.6650000214576721, 0.6650000214576721, 0.6729999780654907, 0.675000011920929, 0.6759999990463257, 0.6710000038146973, 0.6669999957084656, 0.6650000214576721, 0.6650000214576721, 0.6700000166893005, 0.6690000295639038, 0.6639999747276306, 0.6610000133514404, 0.6589999794960022, 0.6610000133514404, 0.6610000133514404, 0.6629999876022339, 0.6629999876022339, 0.6600000262260437, 0.6539999842643738, 0.6539999842643738, 0.6570000052452087, 0.6669999957084656, 0.6629999876022339, 0.6629999876022339, 0.656000018119812, 0.6549999713897705, 0.6520000100135803, 0.6520000100135803, 0.6460000276565552, 0.6449999809265137, 0.6489999890327454, 0.6570000052452087, 0.656000018119812, 0.6539999842643738, 0.6470000147819519, 0.6480000019073486, 0.6539999842643738, 0.6589999794960022, 0.6499999761581421, 0.6499999761581421, 0.6510000228881836, 0.6539999842643738, 0.6520000100135803, 0.6539999842643738, 0.6539999842643738, 0.6470000147819519, 0.6510000228881836, 0.6510000228881836, 0.6430000066757202, 0.6430000066757202, 0.6439999938011169, 0.6510000228881836, 0.6520000100135803, 0.6539999842643738, 0.6520000100135803, 0.6430000066757202, 0.6430000066757202, 0.6460000276565552, 0.6460000276565552, 0.6480000019073486, 0.6460000276565552, 0.6470000147819519, 0.6470000147819519, 0.6480000019073486, 0.6480000019073486, 0.6510000228881836, 0.6480000019073486, 0.6439999938011169, 0.6460000276565552, 0.6489999890327454, 0.6399999856948853, 0.6420000195503235, 0.6470000147819519, 0.6510000228881836, 0.6510000228881836, 0.6420000195503235, 0.6420000195503235, 0.6430000066757202, 0.6430000066757202, 0.6520000100135803, 0.6549999713897705, 0.6499999761581421, 0.6399999856948853, 0.6430000066757202, 0.6489999890327454, 0.6489999890327454, 0.6480000019073486, 0.6510000228881836, 0.6510000228881836, 0.6399999856948853, 0.6470000147819519, 0.6549999713897705, 0.6499999761581421, 0.6470000147819519, 0.6449999809265137, 0.6449999809265137, 0.6380000114440918, 0.6380000114440918, 0.6399999856948853, 0.6399999856948853, 0.6460000276565552, 0.6470000147819519, 0.6430000066757202, 0.6340000033378601, 0.6349999904632568, 0.6340000033378601, 0.6359999775886536, 0.6399999856948853, 0.6470000147819519, 0.6439999938011169, 0.640999972820282, 0.6359999775886536, 0.6340000033378601, 0.6399999856948853, 0.6460000276565552, 0.6499999761581421, 0.6370000243186951, 0.6299999952316284, 0.6340000033378601, 0.640999972820282, 0.6439999938011169, 0.6439999938011169, 0.6320000290870667, 0.6330000162124634, 0.6359999775886536, 0.6380000114440918, 0.6389999985694885, 0.6330000162124634, 0.6330000162124634, 0.6370000243186951, 0.640999972820282, 0.6439999938011169, 0.6430000066757202, 0.6439999938011169, 0.6439999938011169, 0.6439999938011169, 0.6439999938011169, 0.640999972820282, 0.6460000276565552, 0.656000018119812, 0.656000018119812, 0.640999972820282, 0.6449999809265137, 0.6420000195503235, 0.6430000066757202, 0.6399999856948853, 0.6449999809265137, 0.6480000019073486, 0.6449999809265137, 0.6449999809265137, 0.6420000195503235, 0.6420000195503235, 0.6430000066757202, 0.6470000147819519, 0.6470000147819519, 0.640999972820282, 0.640999972820282, 0.6430000066757202, 0.6460000276565552, 0.6430000066757202, 0.640999972820282, 0.6330000162124634, 0.6320000290870667, 0.6340000033378601, 0.6349999904632568, 0.6380000114440918, 0.6439999938011169, 0.6420000195503235, 0.6420000195503235, 0.6470000147819519, 0.6480000019073486, 0.6430000066757202, 0.6420000195503235, 0.6380000114440918, 0.6420000195503235, 0.6439999938011169, 0.6480000019073486, 0.6499999761581421, 0.6489999890327454, 0.6449999809265137, 0.6449999809265137, 0.640999972820282, 0.6460000276565552, 0.6460000276565552, 0.6449999809265137, 0.6439999938011169, 0.6420000195503235, 0.6470000147819519, 0.6520000100135803, 0.6539999842643738, 0.6520000100135803, 0.6489999890327454, 0.6520000100135803, 0.6520000100135803, 0.6520000100135803, 0.6460000276565552, 0.6520000100135803, 0.6480000019073486, 0.6489999890327454, 0.6499999761581421, 0.6520000100135803, 0.6510000228881836, 0.6510000228881836, 0.6510000228881836, 0.652999997138977, 0.652999997138977, 0.652999997138977, 0.6539999842643738, 0.6510000228881836, 0.6570000052452087, 0.6610000133514404, 0.6610000133514404, 0.6539999842643738, 0.6470000147819519, 0.6460000276565552, 0.6579999923706055, 0.6589999794960022, 0.6579999923706055, 0.6579999923706055, 0.6589999794960022, 0.6549999713897705, 0.6539999842643738, 0.6539999842643738, 0.6589999794960022, 0.6650000214576721, 0.6620000004768372, 0.6570000052452087, 0.6589999794960022, 0.6600000262260437, 0.6639999747276306, 0.6629999876022339, 0.6629999876022339, 0.6639999747276306, 0.6650000214576721, 0.6650000214576721, 0.6660000085830688, 0.6660000085830688, 0.6600000262260437, 0.6600000262260437, 0.6600000262260437, 0.6700000166893005, 0.6639999747276306, 0.6700000166893005, 0.6660000085830688, 0.6690000295639038, 0.6679999828338623, 0.6679999828338623, 0.6629999876022339, 0.6669999957084656, 0.6700000166893005, 0.6639999747276306, 0.6639999747276306, 0.6629999876022339, 0.6610000133514404, 0.6660000085830688, 0.6660000085830688, 0.6650000214576721, 0.6639999747276306, 0.6629999876022339, 0.6679999828338623, 0.6790000200271606, 0.671999990940094, 0.6639999747276306, 0.6629999876022339, 0.6629999876022339, 0.6669999957084656, 0.6650000214576721, 0.6650000214576721, 0.6700000166893005, 0.6710000038146973, 0.675000011920929, 0.6759999990463257, 0.6769999861717224, 0.6779999732971191, 0.6769999861717224, 0.6759999990463257, 0.6759999990463257, 0.6759999990463257, 0.6759999990463257, 0.6759999990463257, 0.6729999780654907, 0.6759999990463257, 0.6790000200271606, 0.6819999814033508, 0.6859999895095825, 0.6859999895095825, 0.6890000104904175, 0.6880000233650208, 0.6830000281333923, 0.6840000152587891, 0.6869999766349792, 0.6909999847412109, 0.6880000233650208, 0.6880000233650208, 0.6880000233650208, 0.6840000152587891, 0.6850000023841858, 0.6869999766349792, 0.6890000104904175, 0.6919999718666077, 0.6980000138282776, 0.7009999752044678, 0.6980000138282776, 0.7020000219345093, 0.703000009059906, 0.699999988079071, 0.6930000185966492, 0.6909999847412109, 0.6919999718666077, 0.6909999847412109, 0.6880000233650208, 0.6890000104904175, 0.6980000138282776, 0.6980000138282776, 0.6980000138282776, 0.7070000171661377, 0.699999988079071, 0.7020000219345093, 0.7049999833106995, 0.7049999833106995, 0.6970000267028809, 0.6919999718666077, 0.6980000138282776, 0.7009999752044678, 0.7009999752044678, 0.6990000009536743, 0.6930000185966492, 0.6909999847412109, 0.6959999799728394, 0.699999988079071, 0.699999988079071, 0.6990000009536743, 0.6909999847412109, 0.6930000185966492, 0.6940000057220459, 0.6959999799728394, 0.6940000057220459, 0.6980000138282776, 0.699999988079071, 0.6930000185966492, 0.6850000023841858, 0.6850000023841858, 0.6890000104904175, 0.6919999718666077, 0.7009999752044678, 0.6949999928474426, 0.6940000057220459, 0.6930000185966492, 0.6930000185966492, 0.6970000267028809, 0.699999988079071, 0.7009999752044678, 0.6940000057220459, 0.6930000185966492, 0.699999988079071, 0.6980000138282776, 0.6970000267028809, 0.6959999799728394, 0.7020000219345093, 0.7020000219345093, 0.699999988079071, 0.6980000138282776, 0.6940000057220459, 0.6940000057220459, 0.6970000267028809, 0.6959999799728394, 0.6880000233650208, 0.6809999942779541, 0.6890000104904175, 0.6940000057220459, 0.6959999799728394, 0.7020000219345093, 0.6980000138282776, 0.6949999928474426, 0.703000009059906, 0.7059999704360962, 0.7059999704360962, 0.7089999914169312, 0.7160000205039978, 0.7179999947547913, 0.7329999804496765, 0.7310000061988831, 0.7279999852180481, 0.7260000109672546, 0.7260000109672546, 0.7260000109672546, 0.7360000014305115, 0.7379999756813049, 0.7419999837875366, 0.7419999837875366, 0.7419999837875366, 0.7409999966621399]
intensities: [1032.0, 1103.0, 1116.0, 1116.0, 1108.0, 1195.0, 1230.0, 1252.0, 1280.0, 1283.0, 1293.0, 1305.0, 1309.0, 1191.0, 1213.0, 1026.0, 947.0, 897.0, 881.0, 801.0, 839.0, 919.0, 919.0, 961.0, 972.0, 961.0, 978.0, 1071.0, 1048.0, 1137.0, 1233.0, 1233.0, 1279.0, 1322.0, 1318.0, 1331.0, 1331.0, 1330.0, 1358.0, 1358.0, 1363.0, 1354.0, 1356.0, 1356.0, 1373.0, 1390.0, 1363.0, 1371.0, 1382.0, 1369.0, 1366.0, 1375.0, 1395.0, 1399.0, 1414.0, 1398.0, 1382.0, 1377.0, 1370.0, 1371.0, 1442.0, 1442.0, 1438.0, 1438.0, 1436.0, 1454.0, 1454.0, 1438.0, 1433.0, 1438.0, 1451.0, 1456.0, 1447.0, 1442.0, 1452.0, 1463.0, 1416.0, 1429.0, 1424.0, 1424.0, 1474.0, 1434.0, 1431.0, 1438.0, 1442.0, 1440.0, 1451.0, 1434.0, 1425.0, 1443.0, 1438.0, 1438.0, 1428.0, 1433.0, 1425.0, 1433.0, 1438.0, 1445.0, 1428.0, 1423.0, 1410.0, 1401.0, 1411.0, 1414.0, 1401.0, 1391.0, 1384.0, 1391.0, 1390.0, 1397.0, 1379.0, 1392.0, 1383.0, 1383.0, 1363.0, 1363.0, 1355.0, 1363.0, 1362.0, 1342.0, 1332.0, 1332.0, 1319.0, 1299.0, 1299.0, 1293.0, 1294.0, 1296.0, 1296.0, 1292.0, 1287.0, 1292.0, 1289.0, 1278.0, 1254.0, 1248.0, 1247.0, 1247.0, 1247.0, 1239.0, 1233.0, 1236.0, 1244.0, 1248.0, 1223.0, 1223.0, 1202.0, 1185.0, 1188.0, 1183.0, 1131.0, 1110.0, 1110.0, 1126.0, 1137.0, 1137.0, 1139.0, 1160.0, 1116.0, 1118.0, 1099.0, 1099.0, 1094.0, 1097.0, 1090.0, 1094.0, 1095.0, 1091.0, 1094.0, 1091.0, 1101.0, 1106.0, 1106.0, 1119.0, 1130.0, 1130.0, 1104.0, 1107.0, 1108.0, 1114.0, 1102.0, 1093.0, 1085.0, 1085.0, 1093.0, 1108.0, 1093.0, 1082.0, 1082.0, 1089.0, 1071.0, 1093.0, 1087.0, 1084.0, 1069.0, 1074.0, 1068.0, 1068.0, 1073.0, 1073.0, 1066.0, 1066.0, 1080.0, 1080.0, 1072.0, 1076.0, 1081.0, 1083.0, 1070.0, 1062.0, 1065.0, 1047.0, 1053.0, 1051.0, 1051.0, 1047.0, 1035.0, 1042.0, 1036.0, 1041.0, 1032.0, 1019.0, 1021.0, 1021.0, 1020.0, 1024.0, 1027.0, 1013.0, 1016.0, 1010.0, 1014.0, 998.0, 991.0, 991.0, 1008.0, 1008.0, 1002.0, 1000.0, 999.0, 1001.0, 1007.0, 999.0, 994.0, 986.0, 990.0, 986.0, 983.0, 978.0, 990.0, 979.0, 960.0, 967.0, 961.0, 954.0, 953.0, 949.0, 949.0, 946.0, 942.0, 950.0, 931.0, 934.0, 938.0, 927.0, 924.0, 923.0, 919.0, 921.0, 927.0, 936.0, 916.0, 914.0, 910.0, 898.0, 892.0, 896.0, 889.0, 899.0, 898.0, 891.0, 888.0, 881.0, 880.0, 873.0, 858.0, 866.0, 864.0, 862.0, 849.0, 837.0, 834.0, 833.0, 848.0, 866.0, 852.0, 849.0, 819.0, 844.0, 865.0, 969.0, 1357.0, 1326.0, 947.0, 949.0, 954.0, 954.0, 956.0, 954.0, 953.0, 956.0, 951.0, 958.0, 955.0, 952.0, 950.0, 950.0, 953.0, 949.0, 944.0, 951.0, 953.0, 953.0, 960.0, 967.0, 961.0, 942.0, 946.0, 944.0, 947.0, 948.0, 950.0, 957.0, 956.0, 946.0, 956.0, 952.0, 954.0, 957.0, 953.0, 949.0, 950.0, 944.0, 940.0, 950.0, 956.0, 957.0, 959.0, 946.0, 948.0, 951.0, 940.0, 938.0, 944.0, 940.0, 943.0, 956.0, 956.0, 942.0, 949.0, 953.0, 956.0, 954.0, 949.0, 953.0, 948.0, 956.0, 944.0, 942.0, 938.0, 951.0, 950.0, 945.0, 948.0, 953.0, 950.0, 950.0, 947.0, 945.0, 943.0, 962.0, 952.0, 952.0, 954.0, 942.0, 950.0, 946.0, 939.0, 949.0, 941.0, 933.0, 940.0, 942.0, 941.0, 940.0, 945.0, 951.0, 941.0, 949.0, 941.0, 957.0, 945.0, 935.0, 941.0, 943.0, 931.0, 947.0, 962.0, 965.0, 939.0, 938.0, 942.0, 956.0, 948.0, 966.0, 949.0, 953.0, 960.0, 969.0, 968.0, 979.0, 994.0, 992.0, 1002.0, 992.0, 996.0, 1013.0, 1004.0, 1021.0, 1003.0, 1012.0, 1012.0, 1012.0, 1025.0, 1028.0, 1047.0, 1064.0, 1072.0, 1071.0, 1073.0, 1080.0, 1082.0, 1075.0, 1075.0, 1092.0, 1086.0, 1093.0, 1099.0, 1097.0, 1094.0, 1099.0, 1108.0, 1110.0, 1105.0, 1113.0, 1105.0, 1083.0, 1108.0, 1111.0, 1097.0, 1093.0, 1100.0, 1109.0, 1125.0, 1115.0, 1141.0, 1145.0, 1129.0, 1149.0, 1130.0, 1115.0, 1114.0, 1116.0, 1142.0, 1140.0, 1158.0, 1163.0, 1161.0, 1207.0, 1211.0, 1236.0, 1230.0, 1224.0, 1217.0, 1225.0, 1221.0, 1223.0, 1227.0, 1230.0, 1238.0, 1238.0, 1251.0, 1251.0, 1278.0, 1273.0, 1267.0, 1286.0, 1300.0, 1286.0, 1284.0, 1292.0, 1298.0, 1275.0, 1268.0, 1292.0, 1322.0, 1297.0, 1303.0, 1301.0, 1321.0, 1325.0, 1325.0, 1324.0, 1322.0, 1338.0, 1343.0, 1348.0, 1359.0, 1359.0, 1358.0, 1374.0, 1369.0, 1374.0, 1385.0, 1369.0, 1378.0, 1387.0, 1387.0, 1391.0, 1399.0, 1418.0, 1420.0, 1425.0, 1418.0, 1416.0, 1449.0, 1453.0, 1446.0, 1454.0, 1446.0, 1452.0, 1439.0, 1459.0, 1454.0, 1449.0, 1450.0, 1469.0, 1507.0, 1520.0, 1525.0, 1512.0, 1500.0, 1505.0, 1518.0, 1526.0, 1518.0, 1535.0, 1535.0, 1543.0, 1525.0, 1537.0, 1544.0, 1553.0, 1539.0, 1547.0, 1569.0, 1572.0, 1572.0, 1573.0, 1579.0, 1584.0, 1580.0, 1586.0, 1600.0, 1589.0, 1596.0, 1616.0, 1610.0, 1613.0, 1617.0, 1617.0, 1618.0, 1601.0, 1606.0, 1607.0, 1600.0, 1603.0, 1621.0, 1619.0, 1621.0, 1623.0, 1625.0, 1621.0, 1611.0, 1623.0, 1626.0, 1621.0, 1617.0, 1620.0, 1619.0, 1629.0, 1624.0, 1631.0, 1630.0, 1632.0, 1633.0, 1634.0, 1634.0, 1659.0, 1660.0, 1660.0, 1662.0, 1656.0, 1661.0, 1679.0, 1679.0, 1680.0, 1686.0, 1674.0, 1668.0, 1665.0, 1676.0, 1671.0, 1665.0, 1674.0, 1684.0, 1693.0, 1697.0, 1717.0, 1688.0, 1688.0, 1697.0, 1697.0, 1704.0, 1703.0, 1693.0, 1698.0, 1676.0, 1671.0, 1689.0, 1689.0, 1710.0, 1720.0, 1720.0, 1709.0, 1704.0, 1723.0, 1728.0, 1736.0, 1727.0, 1750.0, 1754.0, 1767.0, 1754.0, 1743.0, 1736.0, 1734.0, 1762.0, 1757.0, 1749.0, 1756.0, 1763.0, 1784.0, 1777.0, 1766.0, 1753.0, 1753.0, 1751.0, 1754.0, 1758.0, 1766.0, 1786.0, 1778.0, 1779.0, 1783.0, 1782.0, 1782.0, 1788.0, 1775.0, 1775.0, 1768.0, 1798.0, 1799.0, 1794.0, 1799.0, 1805.0, 1789.0, 1827.0, 1812.0, 1805.0, 1814.0, 1815.0, 1799.0, 1821.0, 1810.0, 1818.0, 1800.0, 1785.0, 1803.0, 1815.0, 1812.0, 1821.0, 1821.0, 1808.0, 1801.0, 1813.0, 1813.0, 1842.0, 1824.0, 1830.0, 1829.0, 1836.0, 1818.0, 1831.0, 1830.0, 1846.0, 1853.0, 1848.0, 1850.0, 1843.0, 1844.0, 1844.0, 1824.0, 1832.0, 1843.0, 1843.0, 1840.0, 1824.0, 1812.0, 1809.0, 1807.0, 1810.0, 1808.0, 1830.0, 1830.0, 1825.0, 1819.0, 1812.0, 1818.0, 1825.0, 1838.0, 1843.0, 1823.0, 1813.0, 1826.0, 1832.0, 1819.0, 1813.0, 1813.0, 1808.0, 1806.0, 1784.0, 1805.0, 1804.0, 1804.0, 1840.0, 1828.0, 1832.0, 1829.0, 1848.0, 1840.0, 1811.0, 1817.0, 1810.0, 1816.0, 1803.0, 1804.0, 1802.0, 1787.0, 1794.0, 1802.0, 1794.0, 1794.0, 1805.0, 1809.0, 1818.0, 1828.0, 1828.0, 1820.0, 1750.0, 1769.0, 1778.0, 1782.0, 1776.0, 1765.0, 1765.0, 1753.0, 1752.0, 1766.0, 1773.0, 1753.0, 1760.0, 1743.0, 1752.0, 1753.0, 1752.0, 1763.0, 1753.0, 1729.0, 1730.0, 1731.0, 1749.0, 1744.0, 1757.0, 1753.0, 1746.0, 1729.0, 1737.0, 1725.0, 1734.0, 1740.0, 1734.0, 1675.0, 1681.0, 1690.0, 1691.0, 1690.0, 1678.0, 1681.0, 1692.0, 1689.0, 1677.0, 1680.0, 1689.0, 1689.0, 1680.0, 1673.0, 1671.0, 1661.0, 1653.0, 1653.0, 1657.0, 1667.0, 1666.0, 1654.0, 1629.0, 1616.0, 1628.0, 1617.0, 1622.0, 1606.0, 1625.0, 1606.0, 1587.0, 1587.0, 1602.0, 1602.0, 1588.0, 1574.0, 1572.0, 1570.0, 1558.0, 1544.0, 1555.0, 1560.0, 1554.0, 1570.0, 1559.0, 1572.0, 1587.0, 1552.0, 1545.0, 1534.0, 1534.0, 1537.0, 1537.0, 1510.0, 1553.0, 1514.0, 1525.0, 1515.0, 1510.0, 1498.0, 1498.0, 1490.0, 1486.0, 1479.0, 1486.0, 1483.0, 1457.0, 1459.0, 1467.0, 1468.0, 1468.0, 1453.0, 1430.0, 1438.0, 1439.0, 1454.0, 1447.0, 1440.0, 1439.0, 1439.0, 1408.0, 1424.0, 1439.0, 1422.0, 1396.0, 1406.0, 1400.0, 1405.0, 1405.0, 1405.0, 1405.0, 1406.0, 1412.0, 1410.0, 1401.0, 1398.0, 1396.0, 1395.0, 1405.0, 1405.0, 1395.0, 1394.0, 1392.0, 1388.0, 1388.0, 1380.0, 1371.0, 1379.0, 1378.0, 1384.0, 1383.0, 1383.0, 1369.0, 1369.0, 1350.0, 1352.0, 1352.0, 1332.0, 1340.0, 1340.0, 1354.0, 1350.0, 1347.0, 1347.0, 1336.0, 1346.0, 1340.0, 1340.0, 1329.0, 1344.0, 1322.0, 1345.0, 1342.0, 1329.0, 1341.0, 1316.0, 1335.0, 1337.0, 1328.0, 1329.0, 1321.0, 1318.0, 1326.0, 1307.0, 1307.0, 1324.0, 1328.0, 1329.0, 1330.0, 1337.0, 1344.0, 1335.0, 1328.0, 1330.0, 1330.0, 1326.0, 1333.0, 1328.0, 1342.0, 1335.0, 1342.0, 1340.0, 1341.0, 1339.0, 1346.0, 1354.0, 1352.0, 1362.0, 1354.0, 1350.0, 1354.0, 1363.0, 1371.0, 1363.0, 1356.0, 1362.0, 1368.0, 1362.0, 1359.0, 1362.0, 1357.0, 1380.0, 1374.0, 1381.0, 1359.0, 1372.0, 1371.0, 1376.0, 1373.0, 1376.0, 1376.0, 1376.0, 1382.0, 1375.0, 1378.0, 1381.0, 1384.0, 1379.0, 1380.0, 1370.0, 1379.0, 1382.0, 1386.0, 1401.0, 1394.0, 1389.0, 1391.0, 1391.0, 1395.0, 1390.0, 1396.0, 1402.0, 1396.0, 1400.0, 1423.0, 1387.0, 1399.0, 1387.0, 1393.0, 1414.0, 1430.0, 1394.0, 1425.0, 1424.0, 1426.0, 1426.0, 1421.0, 1427.0, 1413.0, 1443.0, 1448.0, 1455.0, 1441.0, 1461.0, 1452.0, 1433.0, 1447.0, 1456.0, 1462.0, 1456.0, 1456.0, 1472.0, 1470.0, 1446.0, 1478.0, 1465.0, 1458.0, 1492.0, 1467.0, 1465.0, 1474.0, 1451.0, 1449.0, 1449.0, 1456.0, 1461.0, 1454.0, 1467.0, 1459.0, 1451.0, 1457.0, 1467.0, 1467.0, 1457.0, 1451.0, 1450.0, 1453.0, 1453.0, 1452.0]