header: 
  seq: 2299
  stamp: 
    secs: 1548820814
    nsecs: 678841562
  frame_id: "base_link"
angle_min: -2.35619449615
angle_max: 2.35619449615
angle_increment: 0.00436332309619
time_increment: 1.73611151695e-05
scan_time: 0.0250000003725
range_min: 0.019999999553
range_max: 30.0
ranges: [0.21400000154972076, 0.21699999272823334, 0.2160000056028366, 0.2160000056028366, 0.210999995470047, 0.21199999749660492, 0.2160000056028366, 0.21699999272823334, 0.21699999272823334, 0.21699999272823334, 0.2160000056028366, 0.21199999749660492, 0.20600000023841858, 0.20999999344348907, 0.20900000631809235, 0.21400000154972076, 0.21199999749660492, 0.22499999403953552, 0.21400000154972076, 0.2150000035762787, 0.19699999690055847, 0.1940000057220459, 0.20200000703334808, 0.20499999821186066, 0.21799999475479126, 0.21299999952316284, 0.20100000500679016, 0.19900000095367432, 0.21299999952316284, 0.20800000429153442, 0.21699999272823334, 0.21899999678134918, 0.22100000083446503, 0.22300000488758087, 0.22100000083446503, 0.2150000035762787, 0.21299999952316284, 0.21400000154972076, 0.21799999475479126, 0.2150000035762787, 0.210999995470047, 0.21299999952316284, 0.21799999475479126, 0.22200000286102295, 0.2160000056028366, 0.2160000056028366, 0.2199999988079071, 0.2199999988079071, 0.2160000056028366, 0.21699999272823334, 0.21799999475479126, 0.21799999475479126, 0.21199999749660492, 0.2150000035762787, 0.2150000035762787, 0.2240000069141388, 0.22599999606609344, 0.2240000069141388, 0.22499999403953552, 0.22100000083446503, 0.2160000056028366, 0.2160000056028366, 0.22200000286102295, 0.21799999475479126, 0.2150000035762787, 0.21899999678134918, 0.21899999678134918, 0.21799999475479126, 0.2199999988079071, 0.2199999988079071, 0.2199999988079071, 0.21799999475479126, 0.21699999272823334, 0.21899999678134918, 0.22200000286102295, 0.2150000035762787, 0.21400000154972076, 0.2150000035762787, 0.21899999678134918, 0.21899999678134918, 0.22200000286102295, 0.2240000069141388, 0.2240000069141388, 0.22300000488758087, 0.23899999260902405, 0.23600000143051147, 0.23000000417232513, 0.2290000021457672, 0.23000000417232513, 0.22300000488758087, 0.22300000488758087, 0.22200000286102295, 0.22200000286102295, 0.22200000286102295, 0.2199999988079071, 0.2199999988079071, 0.22300000488758087, 0.22499999403953552, 0.22599999606609344, 0.22599999606609344, 0.22499999403953552, 0.22100000083446503, 0.21799999475479126, 0.2199999988079071, 0.2240000069141388, 0.2240000069141388, 0.22200000286102295, 0.2240000069141388, 0.21899999678134918, 0.2199999988079071, 0.2199999988079071, 0.2199999988079071, 0.21899999678134918, 0.21899999678134918, 0.2280000001192093, 0.22499999403953552, 0.2280000001192093, 0.22599999606609344, 0.22599999606609344, 0.22499999403953552, 0.2290000021457672, 0.23100000619888306, 0.2329999953508377, 0.23999999463558197, 0.23600000143051147, 0.23399999737739563, 0.2329999953508377, 0.23399999737739563, 0.23800000548362732, 0.23999999463558197, 0.2370000034570694, 0.23399999737739563, 0.23199999332427979, 0.23100000619888306, 0.23199999332427979, 0.23499999940395355, 0.2329999953508377, 0.2290000021457672, 0.23199999332427979, 0.23800000548362732, 0.23999999463558197, 0.23899999260902405, 0.23899999260902405, 0.23499999940395355, 0.23499999940395355, 0.23499999940395355, 0.2409999966621399, 0.23899999260902405, 0.23899999260902405, 0.23100000619888306, 0.24500000476837158, 0.24500000476837158, 0.25099998712539673, 0.24500000476837158, 0.25, 0.25099998712539673, 0.2549999952316284, 0.2540000081062317, 0.2549999952316284, 0.2549999952316284, 0.257999986410141, 0.26100000739097595, 0.2619999945163727, 0.2630000114440918, 0.26499998569488525, 0.26499998569488525, 0.2709999978542328, 0.26100000739097595, 0.2669999897480011, 0.2669999897480011, 0.27000001072883606, 0.27000001072883606, 0.2709999978542328, 0.2750000059604645, 0.2770000100135803, 0.2770000100135803, 0.2809999883174896, 0.2800000011920929, 0.28600001335144043, 0.2879999876022339, 0.28600001335144043, 0.28600001335144043, 0.28999999165534973, 0.2939999997615814, 0.29600000381469727, 0.28600001335144043, 0.28600001335144043, 0.30000001192092896, 0.3019999861717224, 0.30000001192092896, 0.30000001192092896, 0.3059999942779541, 0.3089999854564667, 0.3109999895095825, 0.3160000145435333, 0.3140000104904175, 0.31299999356269836, 0.31700000166893005, 0.32600000500679016, 0.3230000138282776, 0.32100000977516174, 0.3199999928474426, 0.3160000145435333, 0.3199999928474426, 0.3240000009536743, 0.335999995470047, 0.3370000123977661, 0.33500000834465027, 0.33500000834465027, 0.3330000042915344, 0.3409999907016754, 0.34299999475479126, 0.3400000035762787, 0.3400000035762787, 0.33799999952316284, 0.3440000116825104, 0.3499999940395355, 0.35199999809265137, 0.35499998927116394, 0.3580000102519989, 0.3580000102519989, 0.3529999852180481, 0.3479999899864197, 0.3709999918937683, 0.37299999594688416, 0.37400001287460327, 0.375, 0.37700000405311584, 0.3779999911785126, 0.38600000739097595, 0.38600000739097595, 0.3869999945163727, 0.39399999380111694, 0.39500001072883606, 0.4000000059604645, 0.40400001406669617, 0.4090000092983246, 0.4099999964237213, 0.41100001335144043, 0.41100001335144043, 0.41200000047683716, 0.41200000047683716, 0.4269999861717224, 0.4300000071525574, 0.42399999499320984, 0.41999998688697815, 0.42399999499320984, 0.4359999895095825, 0.44600000977516174, 0.44600000977516174, 0.44600000977516174, 0.45399999618530273, 0.4580000042915344, 0.4620000123977661, 0.4620000123977661, 0.46799999475479126, 0.47200000286102295, 0.4729999899864197, 0.4860000014305115, 0.49000000953674316, 0.492000013589859, 0.4950000047683716, 0.49900001287460327, 0.5019999742507935, 0.5059999823570251, 0.5120000243186951, 0.5189999938011169, 0.5299999713897705, 0.531000018119812, 0.5389999747276306, 0.5440000295639038, 0.5460000038146973, 0.5529999732971191, 0.5669999718666077, 0.5770000219345093, 0.5809999704360962, 0.5860000252723694, 0.5910000205039978, 0.6019999980926514, 0.6060000061988831, 0.6140000224113464, 0.621999979019165, 0.6290000081062317, 0.6349999904632568, 0.6460000276565552, 0.6499999761581421, 0.6650000214576721, 0.6679999828338623, 0.6740000247955322, 0.6779999732971191, 0.6930000185966492, 0.7110000252723694, 0.7200000286102295, 0.7269999980926514, 0.7459999918937683, 0.7540000081062317, 0.7689999938011169, 0.7839999794960022, 0.7919999957084656, 0.8009999990463257, 0.8149999976158142, 0.8379999995231628, 0.8460000157356262, 0.8709999918937683, 0.8840000033378601, 0.8889999985694885, 0.9010000228881836, 0.9259999990463257, 0.9300000071525574, 0.9729999899864197, 0.9940000176429749, 1.003999948501587, 1.0299999713897705, 1.0429999828338623, 1.0670000314712524, 1.1019999980926514, 1.1380000114440918, 1.1510000228881836, 1.184999942779541, 1.218999981880188, 1.2380000352859497, 1.2730000019073486, 1.3270000219345093, 1.4329999685287476, 1.5369999408721924, 2.4030001163482666, 2.4210000038146973, 2.428999900817871, 2.4189999103546143, 2.4200000762939453, 2.421999931335449, 2.4210000038146973, 2.4159998893737793, 2.4159998893737793, 2.4230000972747803, 2.4230000972747803, 2.493000030517578, 2.493000030517578, 2.513000011444092, 2.5280001163482666, 2.4240000247955322, 2.4240000247955322, 2.421999931335449, 2.4159998893737793, 2.4100000858306885, 2.4010000228881836, 2.4010000228881836, 2.3989999294281006, 2.4089999198913574, 2.3959999084472656, 2.4049999713897705, 2.4070000648498535, 2.4019999504089355, 2.3970000743865967, 2.4000000953674316, 2.3940000534057617, 2.3959999084472656, 2.385999917984009, 2.378999948501587, 2.378000020980835, 2.375, 2.380000114440918, 2.371000051498413, 2.3570001125335693, 2.3570001125335693, 2.371000051498413, 2.365999937057495, 2.361999988555908, 2.365000009536743, 2.36299991607666, 2.364000082015991, 2.3529999256134033, 2.3459999561309814, 2.3450000286102295, 2.3440001010894775, 2.321000099182129, 2.313999891281128, 2.312000036239624, 2.3239998817443848, 2.2990000247955322, 2.299999952316284, 2.2909998893737793, 2.2909998893737793, 2.2909998893737793, 2.2839999198913574, 2.2929999828338623, 2.2929999828338623, 2.2739999294281006, 2.2709999084472656, 2.4760000705718994, 2.4700000286102295, 2.4690001010894775, 2.4619998931884766, 2.4159998893737793, 2.437999963760376, 2.246000051498413, 2.236999988555908, 2.2269999980926514, 2.2179999351501465, 2.2190001010894775, 2.187999963760376, 2.2639999389648438, 2.2049999237060547, 2.2839999198913574, 2.2950000762939453, 2.253000020980835, 2.26200008392334, 2.244999885559082, 2.2360000610351562, 2.190999984741211, 2.1489999294281006, 2.11299991607666, 2.1029999256134033, 2.1040000915527344, 2.0859999656677246, 2.072000026702881, 2.0739998817443848, 2.062999963760376, 2.059000015258789, 2.049999952316284, 2.0409998893737793, 2.0280001163482666, 2.0299999713897705, 2.0209999084472656, 2.0, 2.0, 1.9930000305175781, 1.975000023841858, 1.9769999980926514, 1.968999981880188, 1.9609999656677246, 1.9450000524520874, 1.934000015258789, 1.9129999876022339, 1.9119999408721924, 1.9119999408721924, 1.9019999504089355, 1.8890000581741333, 1.8609999418258667, 1.8589999675750732, 1.8480000495910645, 1.8420000076293945, 1.8309999704360962, 1.809000015258789, 1.7940000295639038, 1.784000039100647, 1.777999997138977, 1.7680000066757202, 1.7519999742507935, 1.7280000448226929, 1.7020000219345093, 1.6690000295639038, 1.6430000066757202, 1.6339999437332153, 1.621000051498413, 1.6130000352859497, 1.6009999513626099, 1.5820000171661377, 1.569000005722046, 1.5490000247955322, 1.5390000343322754, 1.5299999713897705, 1.5140000581741333, 1.5140000581741333, 1.503999948501587, 1.4819999933242798, 1.468999981880188, 1.4600000381469727, 1.4490000009536743, 1.437000036239624, 1.4210000038146973, 1.4129999876022339, 1.4040000438690186, 1.3890000581741333, 1.3830000162124634, 1.3700000047683716, 1.3509999513626099, 1.3350000381469727, 1.3320000171661377, 1.3300000429153442, 1.3220000267028809, 1.305999994277954, 1.2970000505447388, 1.2890000343322754, 1.284000039100647, 1.2649999856948853, 1.2580000162124634, 1.25600004196167, 1.2510000467300415, 1.2339999675750732, 1.2259999513626099, 1.2200000286102295, 1.2059999704360962, 1.2029999494552612, 1.1890000104904175, 1.1829999685287476, 1.1790000200271606, 1.1660000085830688, 1.159999966621399, 1.159999966621399, 1.1490000486373901, 1.1440000534057617, 1.1319999694824219, 1.1269999742507935, 1.121000051498413, 1.1100000143051147, 1.1069999933242798, 1.1030000448226929, 1.0989999771118164, 1.090000033378601, 1.0779999494552612, 1.0770000219345093, 1.0770000219345093, 1.0729999542236328, 1.065999984741211, 1.062000036239624, 1.0509999990463257, 1.0420000553131104, 1.0429999828338623, 1.0420000553131104, 1.0420000553131104, 1.034999966621399, 1.0269999504089355, 1.0199999809265137, 1.0169999599456787, 1.0149999856948853, 1.0099999904632568, 1.0, 0.9980000257492065, 1.0, 0.9850000143051147, 0.9819999933242798, 0.9829999804496765, 0.972000002861023, 0.9649999737739563, 0.9660000205039978, 0.9639999866485596, 0.9559999704360962, 0.9570000171661377, 0.9430000185966492, 0.9430000185966492, 0.949999988079071, 0.9419999718666077, 0.9419999718666077, 0.9390000104904175, 0.9309999942779541, 0.925000011920929, 0.9210000038146973, 0.9179999828338623, 0.9179999828338623, 0.9179999828338623, 0.9179999828338623, 0.9089999794960022, 0.8999999761581421, 0.8999999761581421, 0.9020000100135803, 0.8859999775886536, 0.8840000033378601, 0.8880000114440918, 0.8870000243186951, 0.8859999775886536, 0.8790000081062317, 0.878000020980835, 0.8759999871253967, 0.878000020980835, 0.8759999871253967, 0.8619999885559082, 0.859000027179718, 0.8569999933242798, 0.8569999933242798, 0.8539999723434448, 0.8510000109672546, 0.8489999771118164, 0.8389999866485596, 0.8389999866485596, 0.8399999737739563, 0.8410000205039978, 0.8360000252723694, 0.828000009059906, 0.8289999961853027, 0.8289999961853027, 0.8299999833106995, 0.828000009059906, 0.8220000267028809, 0.8190000057220459, 0.8159999847412109, 0.8169999718666077, 0.8159999847412109, 0.8090000152587891, 0.8100000023841858, 0.8040000200271606, 0.8040000200271606, 0.8019999861717224, 0.7960000038146973, 0.7960000038146973, 0.7940000295639038, 0.7960000038146973, 0.7910000085830688, 0.7860000133514404, 0.7889999747276306, 0.7829999923706055, 0.7829999923706055, 0.7829999923706055, 0.7820000052452087, 0.7820000052452087, 0.7860000133514404, 0.7850000262260437, 0.7820000052452087, 0.7820000052452087, 0.7770000100135803, 0.7639999985694885, 0.7620000243186951, 0.7609999775886536, 0.7630000114440918, 0.7590000033378601, 0.7549999952316284, 0.7590000033378601, 0.7609999775886536, 0.7609999775886536, 0.7549999952316284, 0.7620000243186951, 0.7620000243186951, 0.7590000033378601, 0.7559999823570251, 0.7559999823570251, 0.7540000081062317, 0.7440000176429749, 0.7440000176429749, 0.7429999709129333, 0.7400000095367432, 0.7400000095367432, 0.7319999933242798, 0.7319999933242798, 0.7329999804496765, 0.7350000143051147, 0.7360000014305115, 0.734000027179718, 0.7310000061988831, 0.7289999723434448, 0.7239999771118164, 0.7210000157356262, 0.7260000109672546, 0.7310000061988831, 0.7229999899864197, 0.7229999899864197, 0.7179999947547913, 0.7120000123977661, 0.7139999866485596, 0.7179999947547913, 0.718999981880188, 0.718999981880188, 0.7110000252723694, 0.7039999961853027, 0.7129999995231628, 0.7129999995231628, 0.7200000286102295, 0.7179999947547913, 0.7110000252723694, 0.7110000252723694, 0.7120000123977661, 0.7129999995231628, 0.7080000042915344, 0.7049999833106995, 0.7049999833106995, 0.7039999961853027, 0.7059999704360962, 0.7070000171661377, 0.7070000171661377, 0.7110000252723694, 0.7089999914169312, 0.7070000171661377, 0.7080000042915344, 0.7099999785423279, 0.7080000042915344, 0.7020000219345093, 0.7020000219345093, 0.7039999961853027, 0.7020000219345093, 0.7039999961853027, 0.7039999961853027, 0.703000009059906, 0.703000009059906, 0.7089999914169312, 0.6980000138282776, 0.6980000138282776, 0.6980000138282776, 0.6940000057220459, 0.6919999718666077, 0.6890000104904175, 0.6909999847412109, 0.6919999718666077, 0.6970000267028809, 0.6980000138282776, 0.7020000219345093, 0.7020000219345093, 0.6959999799728394, 0.6909999847412109, 0.6909999847412109, 0.6949999928474426, 0.699999988079071, 0.6959999799728394, 0.6919999718666077, 0.6919999718666077, 0.6919999718666077, 0.6940000057220459, 0.7039999961853027, 0.6980000138282776, 0.6949999928474426, 0.6949999928474426, 0.6949999928474426, 0.6970000267028809, 0.6940000057220459, 0.6940000057220459, 0.6919999718666077, 0.6919999718666077, 0.6890000104904175, 0.6890000104904175, 0.6899999976158142, 0.6980000138282776, 0.6959999799728394, 0.6919999718666077, 0.6909999847412109, 0.6899999976158142, 0.6899999976158142, 0.6869999766349792, 0.6869999766349792, 0.6880000233650208, 0.6840000152587891, 0.6869999766349792, 0.6880000233650208, 0.6930000185966492, 0.699999988079071, 0.6940000057220459, 0.6949999928474426, 0.6949999928474426, 0.6949999928474426, 0.6930000185966492, 0.6850000023841858, 0.6899999976158142, 0.6890000104904175, 0.6940000057220459, 0.6949999928474426, 0.6949999928474426, 0.6940000057220459, 0.6940000057220459, 0.6970000267028809, 0.7049999833106995, 0.7039999961853027, 0.699999988079071, 0.6970000267028809, 0.6970000267028809, 0.703000009059906, 0.7020000219345093, 0.699999988079071, 0.703000009059906, 0.7070000171661377, 0.7099999785423279, 0.7120000123977661, 0.7020000219345093, 0.7039999961853027, 0.7059999704360962, 0.7059999704360962, 0.703000009059906, 0.7059999704360962, 0.7139999866485596, 0.7139999866485596, 0.7160000205039978, 0.7129999995231628, 0.7160000205039978, 0.7110000252723694, 0.7129999995231628, 0.7120000123977661, 0.7160000205039978, 0.7179999947547913, 0.7210000157356262, 0.7200000286102295, 0.722000002861023, 0.7229999899864197, 0.7139999866485596, 0.7179999947547913, 0.7229999899864197, 0.722000002861023, 0.722000002861023, 0.7229999899864197, 0.7260000109672546, 0.7350000143051147, 0.7350000143051147, 0.7279999852180481, 0.7229999899864197, 0.7229999899864197, 0.7239999771118164, 0.7329999804496765, 0.7329999804496765, 0.7350000143051147, 0.7329999804496765, 0.7350000143051147, 0.7329999804496765, 0.7300000190734863, 0.7300000190734863, 0.7379999756813049, 0.7419999837875366, 0.7419999837875366, 0.75, 0.7549999952316284, 0.7450000047683716, 0.7440000176429749, 0.7450000047683716, 0.7450000047683716, 0.7419999837875366, 0.7419999837875366, 0.7480000257492065, 0.7459999918937683, 0.7459999918937683, 0.7450000047683716, 0.7509999871253967, 0.7540000081062317, 0.7540000081062317, 0.7540000081062317, 0.7540000081062317, 0.7570000290870667, 0.7599999904632568, 0.7570000290870667, 0.75, 0.75, 0.7580000162124634, 0.7609999775886536, 0.7670000195503235, 0.7620000243186951, 0.7620000243186951, 0.7620000243186951, 0.7620000243186951, 0.7649999856948853, 0.7649999856948853, 0.7680000066757202, 0.7670000195503235, 0.7620000243186951, 0.7609999775886536, 0.7739999890327454, 0.7710000276565552, 0.7739999890327454, 0.7739999890327454, 0.7739999890327454, 0.7760000228881836, 0.7770000100135803, 0.7829999923706055, 0.7860000133514404, 0.7820000052452087, 0.781000018119812, 0.7760000228881836, 0.7739999890327454, 0.7739999890327454, 0.777999997138977, 0.7829999923706055, 0.7950000166893005, 0.7960000038146973, 0.7799999713897705, 0.7799999713897705, 0.7850000262260437, 0.7839999794960022, 0.7839999794960022, 0.7919999957084656, 0.800000011920929, 0.7990000247955322, 0.7910000085830688, 0.7910000085830688, 0.8090000152587891, 0.800000011920929, 0.7979999780654907, 0.7900000214576721, 0.7900000214576721, 0.7929999828338623, 0.7979999780654907, 0.7990000247955322, 0.8009999990463257, 0.800000011920929, 0.800000011920929, 0.8050000071525574, 0.8109999895095825, 0.8100000023841858, 0.8040000200271606, 0.8109999895095825, 0.8090000152587891, 0.8090000152587891, 0.8119999766349792, 0.8230000138282776, 0.8190000057220459, 0.8149999976158142, 0.8199999928474426, 0.8220000267028809, 0.824999988079071, 0.8220000267028809, 0.8209999799728394, 0.8199999928474426, 0.8180000185966492, 0.8209999799728394, 0.8240000009536743, 0.8299999833106995, 0.8299999833106995, 0.8289999961853027, 0.8299999833106995, 0.8309999704360962, 0.8320000171661377, 0.8309999704360962, 0.8270000219345093, 0.8270000219345093, 0.8270000219345093, 0.8270000219345093, 0.8370000123977661, 0.8399999737739563, 0.8399999737739563, 0.8410000205039978, 0.8460000157356262, 0.8389999866485596, 0.8389999866485596, 0.8389999866485596, 0.8389999866485596, 0.8389999866485596, 0.8389999866485596, 0.843999981880188, 0.847000002861023, 0.847000002861023, 0.8479999899864197, 0.8500000238418579, 0.8479999899864197, 0.843999981880188, 0.843999981880188, 0.847000002861023, 0.8489999771118164, 0.8500000238418579, 0.859000027179718, 0.8600000143051147, 0.8579999804496765, 0.8579999804496765, 0.8569999933242798, 0.8500000238418579, 0.8519999980926514, 0.8560000061988831, 0.8579999804496765, 0.8600000143051147, 0.8650000095367432, 0.8679999709129333, 0.8690000176429749, 0.8669999837875366, 0.871999979019165, 0.8690000176429749, 0.8690000176429749, 0.8650000095367432, 0.8650000095367432, 0.8679999709129333, 0.8650000095367432, 0.8690000176429749, 0.8679999709129333, 0.8679999709129333, 0.8679999709129333, 0.8700000047683716, 0.8700000047683716, 0.878000020980835, 0.8849999904632568, 0.8809999823570251, 0.8790000081062317, 0.8769999742507935, 0.8799999952316284, 0.8820000290870667, 0.8920000195503235, 0.8870000243186951, 0.8880000114440918, 0.8880000114440918, 0.8889999985694885, 0.8849999904632568, 0.8849999904632568, 0.8889999985694885, 0.8999999761581421, 0.8999999761581421, 0.9010000228881836, 0.902999997138977, 0.9020000100135803, 0.8970000147819519, 0.8970000147819519, 0.8970000147819519, 0.8989999890327454, 0.9010000228881836, 0.8980000019073486, 0.8999999761581421, 0.8999999761581421, 0.8949999809265137, 0.8949999809265137, 0.9039999842643738, 0.906000018119812, 0.9110000133514404, 0.9139999747276306, 0.9150000214576721, 0.9150000214576721, 0.9179999828338623, 0.9150000214576721, 0.9129999876022339, 0.9160000085830688, 0.9129999876022339, 0.9179999828338623, 0.9200000166893005, 0.9200000166893005, 0.9179999828338623, 0.925000011920929, 0.9330000281333923, 0.9350000023841858, 0.9330000281333923, 0.9229999780654907, 0.9290000200271606, 0.9269999861717224, 0.9330000281333923, 0.9309999942779541, 0.9300000071525574, 0.9240000247955322, 0.9279999732971191, 0.9290000200271606, 0.9309999942779541, 0.9350000023841858, 0.9340000152587891, 0.9300000071525574, 0.9269999861717224, 0.9259999990463257, 0.9300000071525574, 0.9409999847412109, 0.9380000233650208, 0.9309999942779541, 0.9259999990463257, 0.9350000023841858, 0.9350000023841858, 0.9309999942779541, 0.9269999861717224, 0.9259999990463257, 0.9309999942779541, 0.9419999718666077, 0.9440000057220459, 0.9350000023841858, 0.9350000023841858, 0.9300000071525574, 0.9319999814033508, 0.9390000104904175, 0.9440000057220459, 0.9430000185966492, 0.9449999928474426, 0.9459999799728394, 0.9419999718666077, 0.9380000233650208, 0.9419999718666077, 0.9449999928474426, 0.9430000185966492, 0.9399999976158142, 0.9409999847412109, 0.9369999766349792, 0.9350000023841858, 0.9300000071525574, 0.9259999990463257, 0.9240000247955322, 0.9240000247955322, 0.9160000085830688, 0.8799999952316284, 0.8939999938011169, 0.9229999780654907, 0.9330000281333923, 0.9330000281333923, 0.9269999861717224, 0.9390000104904175, 0.9480000138282776, 0.9480000138282776, 0.9459999799728394, 0.9459999799728394, 0.9470000267028809, 0.9549999833106995, 0.9580000042915344, 0.9559999704360962, 0.9559999704360962, 0.953000009059906, 0.9570000171661377, 0.968999981880188, 0.968999981880188, 0.9660000205039978, 0.9660000205039978, 0.9700000286102295, 0.9670000076293945, 0.9649999737739563]
intensities: [987.0, 1037.0, 1070.0, 1083.0, 1087.0, 1116.0, 1148.0, 1182.0, 1182.0, 1204.0, 1193.0, 1168.0, 1132.0, 1139.0, 1106.0, 1120.0, 1047.0, 983.0, 897.0, 886.0, 839.0, 867.0, 954.0, 962.0, 1026.0, 1074.0, 1092.0, 1121.0, 1243.0, 1217.0, 1308.0, 1301.0, 1294.0, 1304.0, 1305.0, 1301.0, 1293.0, 1300.0, 1321.0, 1323.0, 1306.0, 1300.0, 1323.0, 1300.0, 1303.0, 1303.0, 1303.0, 1298.0, 1293.0, 1303.0, 1310.0, 1314.0, 1321.0, 1324.0, 1320.0, 1309.0, 1315.0, 1302.0, 1302.0, 1282.0, 1271.0, 1271.0, 1282.0, 1283.0, 1269.0, 1281.0, 1281.0, 1272.0, 1281.0, 1279.0, 1279.0, 1284.0, 1292.0, 1280.0, 1273.0, 1261.0, 1261.0, 1260.0, 1252.0, 1247.0, 1261.0, 1256.0, 1256.0, 1253.0, 1268.0, 1245.0, 1239.0, 1240.0, 1238.0, 1215.0, 1215.0, 1207.0, 1207.0, 1207.0, 1210.0, 1202.0, 1198.0, 1199.0, 1197.0, 1197.0, 1195.0, 1195.0, 1197.0, 1194.0, 1192.0, 1192.0, 1181.0, 1174.0, 1166.0, 1165.0, 1165.0, 1168.0, 1167.0, 1167.0, 1184.0, 1175.0, 1184.0, 1162.0, 1157.0, 1152.0, 1161.0, 1173.0, 1157.0, 1165.0, 1147.0, 1133.0, 1130.0, 1136.0, 1144.0, 1132.0, 1129.0, 1131.0, 1121.0, 1116.0, 1126.0, 1140.0, 1136.0, 1129.0, 1125.0, 1124.0, 1122.0, 1118.0, 1118.0, 1112.0, 1109.0, 1113.0, 1116.0, 1120.0, 1117.0, 1120.0, 1111.0, 1111.0, 1131.0, 1107.0, 1125.0, 1122.0, 1124.0, 1125.0, 1128.0, 1121.0, 1122.0, 1121.0, 1128.0, 1135.0, 1114.0, 1114.0, 1107.0, 1103.0, 1120.0, 1120.0, 1106.0, 1106.0, 1094.0, 1096.0, 1099.0, 1099.0, 1090.0, 1082.0, 1087.0, 1095.0, 1103.0, 1103.0, 1104.0, 1108.0, 1103.0, 1083.0, 1083.0, 1112.0, 1094.0, 1104.0, 1102.0, 1116.0, 1118.0, 1130.0, 1091.0, 1096.0, 1101.0, 1103.0, 1097.0, 1093.0, 1108.0, 1101.0, 1090.0, 1106.0, 1094.0, 1102.0, 1097.0, 1094.0, 1094.0, 1096.0, 1096.0, 1103.0, 1099.0, 1099.0, 1108.0, 1118.0, 1129.0, 1114.0, 1102.0, 1098.0, 1098.0, 1098.0, 1098.0, 1097.0, 1096.0, 1091.0, 1085.0, 1098.0, 1098.0, 1101.0, 1101.0, 1094.0, 1117.0, 1099.0, 1100.0, 1107.0, 1118.0, 1126.0, 1119.0, 1095.0, 1107.0, 1091.0, 1107.0, 1094.0, 1096.0, 1097.0, 1103.0, 1098.0, 1087.0, 1089.0, 1088.0, 1097.0, 1099.0, 1091.0, 1091.0, 1093.0, 1082.0, 1088.0, 1089.0, 1094.0, 1098.0, 1103.0, 1100.0, 1106.0, 1103.0, 1102.0, 1096.0, 1114.0, 1112.0, 1117.0, 1099.0, 1104.0, 1099.0, 1121.0, 1089.0, 1091.0, 1099.0, 1101.0, 1117.0, 1104.0, 1110.0, 1107.0, 1097.0, 1098.0, 1109.0, 1095.0, 1081.0, 1091.0, 1082.0, 1074.0, 1081.0, 1089.0, 1085.0, 1093.0, 1075.0, 1061.0, 1056.0, 1049.0, 1040.0, 1032.0, 1031.0, 1031.0, 1015.0, 1021.0, 1005.0, 999.0, 1008.0, 1012.0, 1008.0, 1000.0, 993.0, 983.0, 993.0, 973.0, 959.0, 974.0, 970.0, 959.0, 943.0, 952.0, 950.0, 976.0, 1007.0, 1330.0, 1377.0, 874.0, 865.0, 873.0, 860.0, 863.0, 862.0, 862.0, 862.0, 862.0, 859.0, 859.0, 1073.0, 1073.0, 1205.0, 1288.0, 843.0, 843.0, 828.0, 819.0, 811.0, 803.0, 803.0, 795.0, 800.0, 786.0, 782.0, 783.0, 776.0, 772.0, 778.0, 765.0, 767.0, 755.0, 755.0, 753.0, 750.0, 738.0, 730.0, 712.0, 712.0, 742.0, 739.0, 724.0, 733.0, 721.0, 728.0, 720.0, 700.0, 695.0, 695.0, 690.0, 692.0, 690.0, 694.0, 676.0, 676.0, 646.0, 646.0, 675.0, 670.0, 694.0, 694.0, 667.0, 673.0, 1827.0, 1827.0, 1855.0, 1878.0, 1286.0, 1865.0, 727.0, 738.0, 733.0, 732.0, 757.0, 744.0, 932.0, 803.0, 1033.0, 1120.0, 973.0, 1030.0, 1032.0, 1000.0, 904.0, 844.0, 779.0, 783.0, 795.0, 801.0, 811.0, 823.0, 828.0, 844.0, 843.0, 854.0, 856.0, 868.0, 887.0, 877.0, 905.0, 916.0, 924.0, 946.0, 943.0, 958.0, 967.0, 969.0, 981.0, 985.0, 1004.0, 1005.0, 1009.0, 1020.0, 1027.0, 1034.0, 1031.0, 1024.0, 1029.0, 1017.0, 1031.0, 1036.0, 1025.0, 1023.0, 1019.0, 1015.0, 1008.0, 1010.0, 1030.0, 1008.0, 1020.0, 1031.0, 1035.0, 1049.0, 1055.0, 1058.0, 1076.0, 1091.0, 1094.0, 1104.0, 1099.0, 1107.0, 1119.0, 1108.0, 1106.0, 1100.0, 1117.0, 1099.0, 1092.0, 1095.0, 1111.0, 1098.0, 1108.0, 1097.0, 1098.0, 1102.0, 1107.0, 1110.0, 1119.0, 1121.0, 1120.0, 1118.0, 1128.0, 1134.0, 1141.0, 1131.0, 1140.0, 1118.0, 1125.0, 1131.0, 1148.0, 1138.0, 1148.0, 1138.0, 1140.0, 1143.0, 1147.0, 1142.0, 1145.0, 1157.0, 1157.0, 1160.0, 1175.0, 1172.0, 1182.0, 1190.0, 1187.0, 1187.0, 1203.0, 1214.0, 1209.0, 1209.0, 1227.0, 1228.0, 1232.0, 1232.0, 1232.0, 1221.0, 1237.0, 1239.0, 1251.0, 1257.0, 1248.0, 1250.0, 1282.0, 1259.0, 1282.0, 1292.0, 1295.0, 1281.0, 1321.0, 1307.0, 1328.0, 1336.0, 1321.0, 1325.0, 1329.0, 1338.0, 1339.0, 1343.0, 1356.0, 1362.0, 1368.0, 1385.0, 1385.0, 1384.0, 1383.0, 1395.0, 1414.0, 1405.0, 1396.0, 1409.0, 1414.0, 1406.0, 1423.0, 1438.0, 1437.0, 1431.0, 1439.0, 1457.0, 1453.0, 1463.0, 1456.0, 1454.0, 1477.0, 1463.0, 1473.0, 1460.0, 1485.0, 1485.0, 1484.0, 1506.0, 1500.0, 1494.0, 1501.0, 1507.0, 1521.0, 1504.0, 1505.0, 1505.0, 1489.0, 1500.0, 1491.0, 1516.0, 1520.0, 1517.0, 1517.0, 1518.0, 1532.0, 1507.0, 1525.0, 1539.0, 1533.0, 1526.0, 1541.0, 1516.0, 1536.0, 1538.0, 1552.0, 1552.0, 1563.0, 1571.0, 1571.0, 1571.0, 1578.0, 1574.0, 1566.0, 1585.0, 1582.0, 1579.0, 1601.0, 1610.0, 1602.0, 1602.0, 1601.0, 1622.0, 1621.0, 1621.0, 1622.0, 1622.0, 1613.0, 1625.0, 1625.0, 1625.0, 1628.0, 1629.0, 1627.0, 1630.0, 1632.0, 1640.0, 1649.0, 1652.0, 1650.0, 1646.0, 1650.0, 1660.0, 1669.0, 1679.0, 1673.0, 1667.0, 1673.0, 1692.0, 1692.0, 1701.0, 1699.0, 1699.0, 1686.0, 1680.0, 1689.0, 1689.0, 1705.0, 1705.0, 1713.0, 1721.0, 1723.0, 1731.0, 1713.0, 1715.0, 1708.0, 1739.0, 1746.0, 1745.0, 1742.0, 1750.0, 1765.0, 1753.0, 1749.0, 1745.0, 1725.0, 1739.0, 1735.0, 1746.0, 1763.0, 1763.0, 1765.0, 1770.0, 1815.0, 1829.0, 1814.0, 1827.0, 1838.0, 1848.0, 1861.0, 1849.0, 1875.0, 1881.0, 1901.0, 1897.0, 1893.0, 1888.0, 1875.0, 1888.0, 1874.0, 1864.0, 1860.0, 1856.0, 1869.0, 1865.0, 1874.0, 1852.0, 1824.0, 1833.0, 1829.0, 1829.0, 1843.0, 1841.0, 1828.0, 1824.0, 1814.0, 1804.0, 1827.0, 1818.0, 1806.0, 1798.0, 1764.0, 1772.0, 1776.0, 1760.0, 1767.0, 1767.0, 1737.0, 1750.0, 1741.0, 1741.0, 1732.0, 1745.0, 1735.0, 1743.0, 1746.0, 1746.0, 1749.0, 1760.0, 1744.0, 1740.0, 1733.0, 1737.0, 1758.0, 1750.0, 1736.0, 1730.0, 1723.0, 1734.0, 1724.0, 1712.0, 1721.0, 1711.0, 1696.0, 1664.0, 1680.0, 1692.0, 1687.0, 1696.0, 1683.0, 1673.0, 1688.0, 1676.0, 1668.0, 1683.0, 1659.0, 1657.0, 1657.0, 1648.0, 1649.0, 1652.0, 1647.0, 1637.0, 1644.0, 1639.0, 1639.0, 1637.0, 1634.0, 1635.0, 1634.0, 1635.0, 1627.0, 1619.0, 1625.0, 1629.0, 1632.0, 1611.0, 1616.0, 1611.0, 1623.0, 1630.0, 1613.0, 1609.0, 1587.0, 1587.0, 1597.0, 1597.0, 1586.0, 1601.0, 1601.0, 1592.0, 1579.0, 1576.0, 1581.0, 1565.0, 1567.0, 1555.0, 1551.0, 1552.0, 1547.0, 1545.0, 1547.0, 1528.0, 1527.0, 1527.0, 1527.0, 1540.0, 1528.0, 1533.0, 1525.0, 1523.0, 1531.0, 1534.0, 1525.0, 1523.0, 1523.0, 1518.0, 1504.0, 1517.0, 1522.0, 1518.0, 1503.0, 1503.0, 1517.0, 1517.0, 1474.0, 1460.0, 1495.0, 1474.0, 1486.0, 1470.0, 1471.0, 1471.0, 1465.0, 1453.0, 1465.0, 1459.0, 1456.0, 1448.0, 1453.0, 1438.0, 1434.0, 1447.0, 1453.0, 1443.0, 1437.0, 1426.0, 1435.0, 1432.0, 1422.0, 1419.0, 1416.0, 1405.0, 1415.0, 1405.0, 1391.0, 1386.0, 1406.0, 1384.0, 1388.0, 1362.0, 1374.0, 1364.0, 1366.0, 1369.0, 1370.0, 1363.0, 1357.0, 1357.0, 1366.0, 1356.0, 1361.0, 1375.0, 1344.0, 1344.0, 1350.0, 1356.0, 1355.0, 1354.0, 1338.0, 1333.0, 1337.0, 1333.0, 1332.0, 1335.0, 1334.0, 1330.0, 1330.0, 1331.0, 1331.0, 1328.0, 1328.0, 1329.0, 1328.0, 1328.0, 1321.0, 1330.0, 1330.0, 1325.0, 1326.0, 1323.0, 1323.0, 1323.0, 1323.0, 1317.0, 1317.0, 1316.0, 1318.0, 1317.0, 1318.0, 1318.0, 1319.0, 1319.0, 1319.0, 1319.0, 1319.0, 1314.0, 1314.0, 1319.0, 1306.0, 1307.0, 1313.0, 1319.0, 1308.0, 1315.0, 1299.0, 1300.0, 1313.0, 1313.0, 1312.0, 1299.0, 1301.0, 1301.0, 1309.0, 1308.0, 1313.0, 1289.0, 1294.0, 1289.0, 1294.0, 1310.0, 1311.0, 1281.0, 1274.0, 1270.0, 1270.0, 1290.0, 1290.0, 1287.0, 1276.0, 1289.0, 1290.0, 1295.0, 1292.0, 1267.0, 1292.0, 1299.0, 1302.0, 1290.0, 1285.0, 1298.0, 1298.0, 1290.0, 1297.0, 1295.0, 1301.0, 1301.0, 1295.0, 1297.0, 1297.0, 1267.0, 1281.0, 1296.0, 1294.0, 1292.0, 1292.0, 1293.0, 1293.0, 1290.0, 1289.0, 1290.0, 1294.0, 1290.0, 1286.0, 1286.0, 1289.0, 1291.0, 1287.0, 1292.0, 1286.0, 1288.0, 1290.0, 1295.0, 1301.0, 1304.0, 1297.0, 1297.0, 1293.0, 1304.0, 1294.0, 1304.0, 1295.0, 1297.0, 1301.0, 1322.0, 1300.0, 1306.0, 1316.0, 1293.0, 1297.0, 1318.0, 1308.0, 1321.0, 1327.0, 1321.0, 1314.0, 1314.0, 1323.0, 1323.0, 1315.0, 1331.0, 1313.0, 1324.0, 1330.0, 1340.0, 1313.0, 1329.0, 1326.0, 1337.0, 1344.0, 1340.0, 1338.0, 1346.0, 1343.0, 1364.0, 1364.0, 1377.0, 1371.0, 1358.0, 1365.0, 1378.0, 1377.0, 1363.0, 1381.0, 1374.0, 1377.0, 1379.0, 1375.0, 1430.0, 1408.0, 1408.0, 1409.0, 1404.0, 1390.0, 1389.0, 1391.0, 1391.0, 1399.0, 1399.0, 1398.0, 1395.0, 1394.0, 1403.0, 1395.0, 1392.0, 1374.0, 1421.0, 1416.0, 1412.0, 1412.0, 1396.0, 1408.0, 1420.0]