header: 
  seq: 1498
  stamp: 
    secs: 1548820794
    nsecs: 612005733
  frame_id: "base_link"
angle_min: -2.35619449615
angle_max: 2.35619449615
angle_increment: 0.00436332309619
time_increment: 1.73611151695e-05
scan_time: 0.0250000003725
range_min: 0.019999999553
range_max: 30.0
ranges: [0.3970000147819519, 0.39399999380111694, 0.41100001335144043, 0.40299999713897705, 0.4099999964237213, 0.4059999883174896, 0.4020000100135803, 0.3970000147819519, 0.39800000190734863, 0.39800000190734863, 0.4000000059604645, 0.39899998903274536, 0.39899998903274536, 0.3970000147819519, 0.3970000147819519, 0.37599998712539673, 0.3490000069141388, 0.32499998807907104, 0.34200000762939453, 0.31299999356269836, 0.35100001096725464, 0.35899999737739563, 0.36500000953674316, 0.38199999928474426, 0.3840000033378601, 0.38199999928474426, 0.38999998569488525, 0.3799999952316284, 0.38199999928474426, 0.3700000047683716, 0.38199999928474426, 0.38100001215934753, 0.3799999952316284, 0.37700000405311584, 0.37599998712539673, 0.37599998712539673, 0.38499999046325684, 0.37700000405311584, 0.382999986410141, 0.382999986410141, 0.382999986410141, 0.375, 0.36800000071525574, 0.3709999918937683, 0.37599998712539673, 0.375, 0.37400001287460327, 0.3720000088214874, 0.3709999918937683, 0.3709999918937683, 0.3700000047683716, 0.3700000047683716, 0.3700000047683716, 0.36899998784065247, 0.3700000047683716, 0.3659999966621399, 0.36800000071525574, 0.36800000071525574, 0.36500000953674316, 0.36000001430511475, 0.35600000619888306, 0.3569999933242798, 0.36399999260902405, 0.3630000054836273, 0.3630000054836273, 0.3619999885559082, 0.35899999737739563, 0.36399999260902405, 0.3659999966621399, 0.3610000014305115, 0.3569999933242798, 0.3580000102519989, 0.35899999737739563, 0.35899999737739563, 0.367000013589859, 0.36399999260902405, 0.3619999885559082, 0.3619999885559082, 0.35499998927116394, 0.3569999933242798, 0.36000001430511475, 0.3580000102519989, 0.3580000102519989, 0.36000001430511475, 0.35499998927116394, 0.3630000054836273, 0.36500000953674316, 0.3630000054836273, 0.3580000102519989, 0.3529999852180481, 0.3490000069141388, 0.3569999933242798, 0.35100001096725464, 0.35499998927116394, 0.3569999933242798, 0.3529999852180481, 0.3479999899864197, 0.3490000069141388, 0.34700000286102295, 0.3479999899864197, 0.35199999809265137, 0.35600000619888306, 0.35600000619888306, 0.35499998927116394, 0.3569999933242798, 0.35600000619888306, 0.3479999899864197, 0.3479999899864197, 0.35199999809265137, 0.35199999809265137, 0.3479999899864197, 0.3610000014305115, 0.34700000286102295, 0.34299999475479126, 0.33899998664855957, 0.33899998664855957, 0.33899998664855957, 0.34200000762939453, 0.3449999988079071, 0.3440000116825104, 0.3440000116825104, 0.3440000116825104, 0.33799999952316284, 0.33500000834465027, 0.3440000116825104, 0.3400000035762787, 0.3370000123977661, 0.34700000286102295, 0.3479999899864197, 0.3499999940395355, 0.3529999852180481, 0.3400000035762787, 0.3440000116825104, 0.3490000069141388, 0.35199999809265137, 0.3440000116825104, 0.34200000762939453, 0.34599998593330383, 0.3440000116825104, 0.3400000035762787, 0.33799999952316284, 0.335999995470047, 0.33899998664855957, 0.34200000762939453, 0.34200000762939453, 0.3540000021457672, 0.3529999852180481, 0.35100001096725464, 0.3440000116825104, 0.33899998664855957, 0.33899998664855957, 0.34200000762939453, 0.34200000762939453, 0.33500000834465027, 0.33399999141693115, 0.33899998664855957, 0.3370000123977661, 0.33899998664855957, 0.33799999952316284, 0.3409999907016754, 0.33899998664855957, 0.3370000123977661, 0.33500000834465027, 0.33799999952316284, 0.34200000762939453, 0.3370000123977661, 0.33899998664855957, 0.33899998664855957, 0.3370000123977661, 0.33899998664855957, 0.3370000123977661, 0.3310000002384186, 0.33399999141693115, 0.33399999141693115, 0.33799999952316284, 0.33399999141693115, 0.33000001311302185, 0.33000001311302185, 0.33799999952316284, 0.335999995470047, 0.3370000123977661, 0.33899998664855957, 0.34599998593330383, 0.3440000116825104, 0.3440000116825104, 0.3400000035762787, 0.33500000834465027, 0.328000009059906, 0.3310000002384186, 0.33799999952316284, 0.33799999952316284, 0.3330000042915344, 0.32899999618530273, 0.32899999618530273, 0.3370000123977661, 0.3330000042915344, 0.3310000002384186, 0.3319999873638153, 0.3310000002384186, 0.33399999141693115, 0.32899999618530273, 0.3319999873638153, 0.335999995470047, 0.335999995470047, 0.33799999952316284, 0.3370000123977661, 0.3370000123977661, 0.33799999952316284, 0.3440000116825104, 0.3440000116825104, 0.3409999907016754, 0.335999995470047, 0.3370000123977661, 0.3370000123977661, 0.3400000035762787, 0.33399999141693115, 0.33399999141693115, 0.33799999952316284, 0.33399999141693115, 0.32899999618530273, 0.3370000123977661, 0.3409999907016754, 0.3400000035762787, 0.34599998593330383, 0.3479999899864197, 0.3479999899864197, 0.34700000286102295, 0.3440000116825104, 0.33399999141693115, 0.3540000021457672, 0.34700000286102295, 0.34599998593330383, 0.3440000116825104, 0.34599998593330383, 0.34700000286102295, 0.35100001096725464, 0.34700000286102295, 0.3440000116825104, 0.3449999988079071, 0.3440000116825104, 0.34700000286102295, 0.35199999809265137, 0.3479999899864197, 0.3449999988079071, 0.3440000116825104, 0.3490000069141388, 0.34700000286102295, 0.3499999940395355, 0.3499999940395355, 0.3569999933242798, 0.35600000619888306, 0.35600000619888306, 0.35600000619888306, 0.3569999933242798, 0.3619999885559082, 0.3619999885559082, 0.3610000014305115, 0.35899999737739563, 0.3610000014305115, 0.3610000014305115, 0.3630000054836273, 0.36500000953674316, 0.3610000014305115, 0.3619999885559082, 0.35600000619888306, 0.35600000619888306, 0.36000001430511475, 0.3610000014305115, 0.3619999885559082, 0.36500000953674316, 0.36800000071525574, 0.3720000088214874, 0.38100001215934753, 0.3720000088214874, 0.37299999594688416, 0.375, 0.37599998712539673, 0.37599998712539673, 0.38199999928474426, 0.3790000081062317, 0.3779999911785126, 0.3799999952316284, 0.38499999046325684, 0.38499999046325684, 0.38499999046325684, 0.38999998569488525, 0.3919999897480011, 0.39399999380111694, 0.39800000190734863, 0.39399999380111694, 0.39399999380111694, 0.39800000190734863, 0.4000000059604645, 0.4050000011920929, 0.41100001335144043, 0.4180000126361847, 0.42100000381469727, 0.42100000381469727, 0.41100001335144043, 0.40400001406669617, 0.4050000011920929, 0.4129999876022339, 0.414000004529953, 0.414000004529953, 0.4180000126361847, 0.42899999022483826, 0.4320000112056732, 0.42800000309944153, 0.42899999022483826, 0.4320000112056732, 0.4359999895095825, 0.4350000023841858, 0.43700000643730164, 0.4390000104904175, 0.4390000104904175, 0.4359999895095825, 0.4359999895095825, 0.4390000104904175, 0.44200000166893005, 0.4429999887943268, 0.44200000166893005, 0.44200000166893005, 0.453000009059906, 0.453000009059906, 0.45500001311302185, 0.4580000042915344, 0.45399999618530273, 0.4490000009536743, 0.453000009059906, 0.4650000035762787, 0.47200000286102295, 0.4749999940395355, 0.47699999809265137, 0.4790000021457672, 0.4819999933242798, 0.4950000047683716, 0.503000020980835, 0.5080000162124634, 0.5419999957084656, 0.6230000257492065, 0.7099999785423279, 2.444999933242798, 2.430999994277954, 2.4140000343322754, 2.390000104904175, 2.377000093460083, 2.3580000400543213, 2.3450000286102295, 2.3259999752044678, 2.316999912261963, 2.296999931335449, 2.2720000743865967, 2.259999990463257, 2.242000102996826, 2.2290000915527344, 2.2139999866485596, 2.194999933242798, 2.187999963760376, 2.1610000133514404, 2.1419999599456787, 2.131999969482422, 2.124000072479248, 2.1070001125335693, 2.1019999980926514, 2.0850000381469727, 2.0759999752044678, 2.058000087738037, 2.052999973297119, 2.0399999618530273, 2.0139999389648438, 1.9989999532699585, 1.996999979019165, 1.9839999675750732, 1.965999960899353, 1.9609999656677246, 1.9529999494552612, 1.9359999895095825, 1.9240000247955322, 1.9129999876022339, 1.906999945640564, 1.9019999504089355, 1.8880000114440918, 1.8760000467300415, 1.8609999418258667, 1.8559999465942383, 1.8420000076293945, 1.8339999914169312, 1.8279999494552612, 1.8229999542236328, 1.809999942779541, 1.7970000505447388, 1.7960000038146973, 1.7790000438690186, 1.7719999551773071, 1.7619999647140503, 1.7489999532699585, 1.7480000257492065, 1.7350000143051147, 1.7239999771118164, 1.715999960899353, 1.7100000381469727, 1.7009999752044678, 1.6890000104904175, 1.6790000200271606, 1.6759999990463257, 1.6759999990463257, 1.6649999618530273, 1.6519999504089355, 1.6469999551773071, 1.6430000066757202, 1.6330000162124634, 1.628999948501587, 1.628999948501587, 1.6169999837875366, 1.6130000352859497, 1.6100000143051147, 1.5889999866485596, 1.5889999866485596, 1.5809999704360962, 1.5720000267028809, 1.5700000524520874, 1.5700000524520874, 1.5549999475479126, 1.555999994277954, 1.5429999828338623, 1.534999966621399, 1.5290000438690186, 1.5199999809265137, 1.5180000066757202, 1.5149999856948853, 1.5110000371932983, 1.5069999694824219, 1.4980000257492065, 1.4859999418258667, 1.4869999885559082, 1.4739999771118164, 1.475000023841858, 1.4769999980926514, 1.4739999771118164, 1.4609999656677246, 1.4579999446868896, 1.4529999494552612, 1.4459999799728394, 1.4429999589920044, 1.440999984741211, 1.434999942779541, 1.4299999475479126, 1.4270000457763672, 1.4110000133514404, 1.4110000133514404, 1.406000018119812, 1.3990000486373901, 1.399999976158142, 1.406000018119812, 1.3969999551773071, 1.3930000066757202, 1.3910000324249268, 1.3839999437332153, 1.3819999694824219, 1.3830000162124634, 1.371999979019165, 1.3680000305175781, 1.3639999628067017, 1.3639999628067017, 1.3580000400543213, 1.3550000190734863, 1.3550000190734863, 1.3509999513626099, 1.3450000286102295, 1.343000054359436, 1.3519999980926514, 1.3459999561309814, 1.3370000123977661, 1.3329999446868896, 1.3309999704360962, 1.3240000009536743, 1.3209999799728394, 1.3309999704360962, 1.3300000429153442, 1.3229999542236328, 1.315999984741211, 1.3079999685287476, 1.3079999685287476, 1.3040000200271606, 1.3070000410079956, 1.305999994277954, 1.3009999990463257, 1.2999999523162842, 1.2960000038146973, 1.2920000553131104, 1.284999966621399, 1.284000039100647, 1.284000039100647, 1.281999945640564, 1.277999997138977, 1.2760000228881836, 1.2740000486373901, 1.2760000228881836, 1.274999976158142, 1.2680000066757202, 1.2660000324249268, 1.2640000581741333, 1.2619999647140503, 1.2599999904632568, 1.2569999694824219, 1.253999948501587, 1.2519999742507935, 1.2510000467300415, 1.2510000467300415, 1.2450000047683716, 1.2419999837875366, 1.2430000305175781, 1.2419999837875366, 1.2380000352859497, 1.2369999885559082, 1.2339999675750732, 1.2350000143051147, 1.2330000400543213, 1.2289999723434448, 1.2289999723434448, 1.225000023841858, 1.2239999771118164, 1.225000023841858, 1.2239999771118164, 1.2070000171661377, 1.2020000219345093, 1.2020000219345093, 1.2039999961853027, 1.2000000476837158, 1.2000000476837158, 1.2000000476837158, 1.1990000009536743, 1.1950000524520874, 1.1890000104904175, 1.180999994277954, 1.1799999475479126, 1.1779999732971191, 1.1829999685287476, 1.1829999685287476, 1.1740000247955322, 1.1670000553131104, 1.1660000085830688, 1.1690000295639038, 1.1690000295639038, 1.1469999551773071, 1.1490000486373901, 1.1510000228881836, 1.1510000228881836, 1.1549999713897705, 1.152999997138977, 1.1469999551773071, 1.1430000066757202, 1.1430000066757202, 1.1440000534057617, 1.1330000162124634, 1.1339999437332153, 1.128999948501587, 1.128999948501587, 1.121999979019165, 1.1200000047683716, 1.11899995803833, 1.1139999628067017, 1.1109999418258667, 1.1059999465942383, 1.1019999980926514, 1.0989999771118164, 1.097000002861023, 1.093999981880188, 1.0920000076293945, 1.0920000076293945, 1.0920000076293945, 1.0889999866485596, 1.0889999866485596, 1.0870000123977661, 1.0820000171661377, 1.0770000219345093, 1.0759999752044678, 1.0789999961853027, 1.0779999494552612, 1.059000015258789, 1.062000036239624, 1.065000057220459, 1.065999984741211, 1.0609999895095825, 1.059000015258789, 1.0520000457763672, 1.0449999570846558, 1.0420000553131104, 1.0420000553131104, 1.0369999408721924, 1.031999945640564, 1.0329999923706055, 1.031999945640564, 1.031000018119812, 1.024999976158142, 1.0119999647140503, 1.003999948501587, 1.0019999742507935, 1.00600004196167, 1.0080000162124634, 1.00600004196167, 1.003000020980835, 0.9950000047683716, 0.9950000047683716, 0.9990000128746033, 0.9959999918937683, 0.984000027179718, 0.9819999933242798, 0.9850000143051147, 0.984000027179718, 0.9769999980926514, 0.9739999771118164, 0.9739999771118164, 0.9750000238418579, 0.9729999899864197, 0.9679999947547913, 0.9620000123977661, 0.9610000252723694, 0.9589999914169312, 0.9589999914169312, 0.9589999914169312, 0.9480000138282776, 0.9490000009536743, 0.9490000009536743, 0.9490000009536743, 0.9470000267028809, 0.9419999718666077, 0.9399999976158142, 0.9359999895095825, 0.9330000281333923, 0.9340000152587891, 0.9290000200271606, 0.9229999780654907, 0.9139999747276306, 0.9100000262260437, 0.9089999794960022, 0.9110000133514404, 0.9089999794960022, 0.9070000052452087, 0.9020000100135803, 0.8999999761581421, 0.8980000019073486, 0.8930000066757202, 0.8920000195503235, 0.8949999809265137, 0.8920000195503235, 0.8849999904632568, 0.8809999823570251, 0.8809999823570251, 0.8809999823570251, 0.8740000128746033, 0.8740000128746033, 0.8740000128746033, 0.8740000128746033, 0.871999979019165, 0.8629999756813049, 0.8569999933242798, 0.8569999933242798, 0.8579999804496765, 0.8569999933242798, 0.8529999852180481, 0.8510000109672546, 0.8489999771118164, 0.8460000157356262, 0.8450000286102295, 0.8399999737739563, 0.8399999737739563, 0.8339999914169312, 0.8299999833106995, 0.828000009059906, 0.8220000267028809, 0.8190000057220459, 0.8190000057220459, 0.8209999799728394, 0.8180000185966492, 0.8080000281333923, 0.8040000200271606, 0.8040000200271606, 0.8019999861717224, 0.8009999990463257, 0.7979999780654907, 0.7960000038146973, 0.7919999957084656, 0.7879999876022339, 0.7860000133514404, 0.7850000262260437, 0.781000018119812, 0.7770000100135803, 0.7749999761581421, 0.7730000019073486, 0.7720000147819519, 0.7689999938011169, 0.7630000114440918, 0.7590000033378601, 0.7630000114440918, 0.7590000033378601, 0.7570000290870667, 0.746999979019165, 0.7419999837875366, 0.7440000176429749, 0.7450000047683716, 0.7419999837875366, 0.7379999756813049, 0.7350000143051147, 0.7350000143051147, 0.7319999933242798, 0.7269999980926514, 0.7239999771118164, 0.7170000076293945, 0.7129999995231628, 0.7160000205039978, 0.7160000205039978, 0.7139999866485596, 0.7139999866485596, 0.7139999866485596, 0.7059999704360962, 0.6980000138282776, 0.6980000138282776, 0.6990000009536743, 0.6970000267028809, 0.6949999928474426, 0.6919999718666077, 0.6909999847412109, 0.6899999976158142, 0.6899999976158142, 0.6880000233650208, 0.6779999732971191, 0.6759999990463257, 0.675000011920929, 0.6729999780654907, 0.6710000038146973, 0.6710000038146973, 0.6690000295639038, 0.6700000166893005, 0.6650000214576721, 0.6639999747276306, 0.6610000133514404, 0.6629999876022339, 0.6679999828338623, 0.6690000295639038, 0.6639999747276306, 0.6570000052452087, 0.6570000052452087, 0.6539999842643738, 0.6480000019073486, 0.6480000019073486, 0.6510000228881836, 0.6470000147819519, 0.6420000195503235, 0.6430000066757202, 0.6389999985694885, 0.6389999985694885, 0.6439999938011169, 0.6349999904632568, 0.6320000290870667, 0.6309999823570251, 0.6320000290870667, 0.6309999823570251, 0.6269999742507935, 0.6230000257492065, 0.6200000047683716, 0.6200000047683716, 0.6290000081062317, 0.6340000033378601, 0.6320000290870667, 0.621999979019165, 0.6169999837875366, 0.6129999756813049, 0.6129999756813049, 0.6129999756813049, 0.6129999756813049, 0.6119999885559082, 0.6110000014305115, 0.6119999885559082, 0.6169999837875366, 0.6119999885559082, 0.6050000190734863, 0.6039999723434448, 0.6050000190734863, 0.6039999723434448, 0.5989999771118164, 0.593999981880188, 0.5910000205039978, 0.5889999866485596, 0.5950000286102295, 0.5989999771118164, 0.597000002861023, 0.5899999737739563, 0.593999981880188, 0.5989999771118164, 0.597000002861023, 0.5960000157356262, 0.5929999947547913, 0.5929999947547913, 0.5879999995231628, 0.5870000123977661, 0.5899999737739563, 0.5870000123977661, 0.5870000123977661, 0.5849999785423279, 0.5849999785423279, 0.5830000042915344, 0.578000009059906, 0.5770000219345093, 0.5799999833106995, 0.5809999704360962, 0.5770000219345093, 0.578000009059906, 0.5759999752044678, 0.5740000009536743, 0.5740000009536743, 0.574999988079071, 0.574999988079071, 0.574999988079071, 0.574999988079071, 0.574999988079071, 0.5720000267028809, 0.5690000057220459, 0.5680000185966492, 0.5680000185966492, 0.5730000138282776, 0.5740000009536743, 0.5730000138282776, 0.5740000009536743, 0.574999988079071, 0.5740000009536743, 0.5680000185966492, 0.5640000104904175, 0.5609999895095825, 0.5640000104904175, 0.5649999976158142, 0.5630000233650208, 0.5609999895095825, 0.5609999895095825, 0.5609999895095825, 0.5609999895095825, 0.5640000104904175, 0.5609999895095825, 0.5640000104904175, 0.5609999895095825, 0.5609999895095825, 0.5609999895095825, 0.5630000233650208, 0.5600000023841858, 0.5600000023841858, 0.5559999942779541, 0.5600000023841858, 0.5609999895095825, 0.5609999895095825, 0.5619999766349792, 0.5600000023841858, 0.5600000023841858, 0.5559999942779541, 0.5529999732971191, 0.5540000200271606, 0.5580000281333923, 0.5550000071525574, 0.5640000104904175, 0.5630000233650208, 0.5630000233650208, 0.5630000233650208, 0.5619999766349792, 0.5580000281333923, 0.5659999847412109, 0.5690000057220459, 0.5669999718666077, 0.5630000233650208, 0.5619999766349792, 0.5619999766349792, 0.5640000104904175, 0.5640000104904175, 0.5640000104904175, 0.5649999976158142, 0.5649999976158142, 0.5640000104904175, 0.5609999895095825, 0.5609999895095825, 0.5590000152587891, 0.5600000023841858, 0.5630000233650208, 0.5640000104904175, 0.5680000185966492, 0.5709999799728394, 0.5699999928474426, 0.5709999799728394, 0.5709999799728394, 0.5669999718666077, 0.5600000023841858, 0.5590000152587891, 0.5600000023841858, 0.5580000281333923, 0.5649999976158142, 0.5669999718666077, 0.5659999847412109, 0.5659999847412109, 0.5659999847412109, 0.5659999847412109, 0.5659999847412109, 0.5740000009536743, 0.5699999928474426, 0.5699999928474426, 0.5600000023841858, 0.5590000152587891, 0.5590000152587891, 0.5669999718666077, 0.5659999847412109, 0.5669999718666077, 0.5659999847412109, 0.5680000185966492, 0.5659999847412109, 0.5669999718666077, 0.5649999976158142, 0.5720000267028809, 0.5759999752044678, 0.574999988079071, 0.574999988079071, 0.5730000138282776, 0.5730000138282776, 0.5730000138282776, 0.5730000138282776, 0.5720000267028809, 0.5720000267028809, 0.5730000138282776, 0.5730000138282776, 0.5730000138282776, 0.5730000138282776, 0.5740000009536743, 0.574999988079071, 0.5730000138282776, 0.5730000138282776, 0.5720000267028809, 0.5759999752044678, 0.574999988079071, 0.5759999752044678, 0.5849999785423279, 0.5849999785423279, 0.5839999914169312, 0.5860000252723694, 0.5799999833106995, 0.5759999752044678, 0.578000009059906, 0.5809999704360962, 0.5839999914169312, 0.5839999914169312, 0.5860000252723694, 0.5860000252723694, 0.5860000252723694, 0.5860000252723694, 0.5870000123977661, 0.5870000123977661, 0.5879999995231628, 0.5910000205039978, 0.593999981880188, 0.593999981880188, 0.5950000286102295, 0.5979999899864197, 0.597000002861023, 0.5989999771118164, 0.5989999771118164, 0.6050000190734863, 0.6050000190734863, 0.6010000109672546, 0.6019999980926514, 0.6100000143051147, 0.6150000095367432, 0.6169999837875366, 0.6140000224113464, 0.6140000224113464, 0.6179999709129333, 0.6190000176429749, 0.6190000176429749, 0.6190000176429749, 0.6169999837875366, 0.6179999709129333, 0.6179999709129333, 0.6200000047683716, 0.6290000081062317, 0.6309999823570251, 0.6340000033378601, 0.6389999985694885, 0.6320000290870667, 0.6340000033378601, 0.6340000033378601, 0.6340000033378601, 0.6349999904632568, 0.6359999775886536, 0.6389999985694885, 0.6399999856948853, 0.6420000195503235, 0.6449999809265137, 0.6460000276565552, 0.6460000276565552, 0.6460000276565552, 0.6520000100135803, 0.652999997138977, 0.6549999713897705, 0.6549999713897705, 0.6549999713897705, 0.6570000052452087, 0.6570000052452087, 0.6510000228881836, 0.6570000052452087, 0.6589999794960022, 0.6620000004768372, 0.6650000214576721, 0.6679999828338623, 0.6679999828338623, 0.6679999828338623, 0.6700000166893005, 0.671999990940094, 0.6729999780654907, 0.6729999780654907, 0.675000011920929, 0.6769999861717224, 0.6759999990463257, 0.6740000247955322, 0.6859999895095825, 0.6869999766349792, 0.6819999814033508, 0.6830000281333923, 0.6850000023841858, 0.6859999895095825, 0.6859999895095825, 0.6859999895095825, 0.6880000233650208, 0.6899999976158142, 0.6940000057220459, 0.6940000057220459, 0.6869999766349792, 0.6850000023841858, 0.6909999847412109, 0.6919999718666077, 0.6959999799728394, 0.6970000267028809, 0.699999988079071, 0.7049999833106995, 0.7070000171661377, 0.7039999961853027, 0.7039999961853027, 0.7229999899864197, 0.7260000109672546, 0.7289999723434448, 0.7360000014305115, 0.7319999933242798, 0.7400000095367432, 0.7409999966621399, 0.7390000224113464, 0.7360000014305115, 0.7350000143051147, 0.7400000095367432, 0.7369999885559082, 0.7400000095367432, 0.7400000095367432, 0.7360000014305115, 0.7409999966621399, 0.7409999966621399, 0.7440000176429749, 0.7409999966621399, 0.75, 0.753000020980835, 0.7680000066757202, 0.7710000276565552, 0.7720000147819519, 0.7730000019073486, 0.777999997138977, 0.7829999923706055, 0.7900000214576721, 0.8009999990463257, 0.8059999942779541, 0.8119999766349792, 0.8209999799728394, 0.8270000219345093, 0.8360000252723694, 0.8399999737739563, 0.8410000205039978, 0.8479999899864197, 0.8479999899864197, 0.8529999852180481, 0.8560000061988831, 0.8610000014305115, 0.8679999709129333]
intensities: [1103.0, 1119.0, 1243.0, 1308.0, 1397.0, 1421.0, 1479.0, 1548.0, 1581.0, 1581.0, 1589.0, 1582.0, 1602.0, 1476.0, 1476.0, 1271.0, 1125.0, 958.0, 1001.0, 878.0, 959.0, 974.0, 982.0, 1024.0, 1027.0, 1024.0, 1081.0, 1069.0, 1181.0, 1160.0, 1370.0, 1409.0, 1476.0, 1577.0, 1613.0, 1632.0, 1677.0, 1670.0, 1689.0, 1686.0, 1686.0, 1673.0, 1660.0, 1673.0, 1686.0, 1686.0, 1668.0, 1666.0, 1664.0, 1664.0, 1655.0, 1646.0, 1659.0, 1654.0, 1640.0, 1617.0, 1601.0, 1592.0, 1593.0, 1602.0, 1604.0, 1598.0, 1604.0, 1603.0, 1592.0, 1589.0, 1587.0, 1590.0, 1588.0, 1573.0, 1549.0, 1563.0, 1578.0, 1545.0, 1579.0, 1576.0, 1551.0, 1550.0, 1542.0, 1538.0, 1534.0, 1531.0, 1531.0, 1534.0, 1531.0, 1534.0, 1531.0, 1526.0, 1530.0, 1521.0, 1512.0, 1512.0, 1517.0, 1506.0, 1508.0, 1496.0, 1493.0, 1502.0, 1489.0, 1497.0, 1495.0, 1477.0, 1477.0, 1497.0, 1473.0, 1485.0, 1460.0, 1460.0, 1448.0, 1448.0, 1503.0, 1465.0, 1461.0, 1461.0, 1437.0, 1441.0, 1443.0, 1461.0, 1467.0, 1447.0, 1436.0, 1436.0, 1416.0, 1430.0, 1398.0, 1400.0, 1402.0, 1387.0, 1383.0, 1380.0, 1394.0, 1387.0, 1392.0, 1382.0, 1383.0, 1374.0, 1365.0, 1366.0, 1358.0, 1348.0, 1361.0, 1370.0, 1352.0, 1342.0, 1342.0, 1344.0, 1337.0, 1326.0, 1315.0, 1296.0, 1296.0, 1296.0, 1296.0, 1306.0, 1312.0, 1308.0, 1293.0, 1276.0, 1281.0, 1277.0, 1278.0, 1277.0, 1278.0, 1276.0, 1275.0, 1251.0, 1275.0, 1275.0, 1262.0, 1264.0, 1241.0, 1217.0, 1261.0, 1261.0, 1246.0, 1237.0, 1228.0, 1214.0, 1233.0, 1239.0, 1231.0, 1225.0, 1215.0, 1216.0, 1216.0, 1210.0, 1210.0, 1194.0, 1198.0, 1194.0, 1194.0, 1200.0, 1190.0, 1180.0, 1181.0, 1167.0, 1170.0, 1177.0, 1174.0, 1173.0, 1168.0, 1168.0, 1165.0, 1165.0, 1163.0, 1156.0, 1156.0, 1153.0, 1151.0, 1149.0, 1145.0, 1159.0, 1152.0, 1152.0, 1150.0, 1140.0, 1140.0, 1143.0, 1137.0, 1135.0, 1156.0, 1153.0, 1138.0, 1143.0, 1129.0, 1131.0, 1140.0, 1151.0, 1150.0, 1145.0, 1141.0, 1137.0, 1136.0, 1133.0, 1137.0, 1149.0, 1137.0, 1136.0, 1145.0, 1132.0, 1128.0, 1143.0, 1132.0, 1144.0, 1124.0, 1118.0, 1125.0, 1145.0, 1145.0, 1129.0, 1120.0, 1115.0, 1115.0, 1120.0, 1136.0, 1136.0, 1130.0, 1114.0, 1128.0, 1128.0, 1127.0, 1135.0, 1114.0, 1131.0, 1119.0, 1122.0, 1115.0, 1121.0, 1131.0, 1130.0, 1139.0, 1115.0, 1129.0, 1120.0, 1125.0, 1128.0, 1131.0, 1131.0, 1137.0, 1143.0, 1152.0, 1169.0, 1157.0, 1154.0, 1152.0, 1166.0, 1173.0, 1176.0, 1172.0, 1189.0, 1189.0, 1192.0, 1178.0, 1180.0, 1187.0, 1187.0, 1205.0, 1205.0, 1203.0, 1198.0, 1195.0, 1192.0, 1191.0, 1191.0, 1202.0, 1229.0, 1216.0, 1221.0, 1223.0, 1229.0, 1235.0, 1231.0, 1230.0, 1227.0, 1227.0, 1214.0, 1214.0, 1205.0, 1200.0, 1205.0, 1204.0, 1198.0, 1217.0, 1215.0, 1180.0, 1170.0, 1165.0, 1154.0, 1139.0, 1137.0, 1139.0, 1148.0, 1117.0, 1101.0, 1107.0, 1097.0, 1100.0, 1081.0, 1209.0, 1504.0, 1623.0, 879.0, 880.0, 912.0, 897.0, 898.0, 915.0, 912.0, 907.0, 923.0, 924.0, 936.0, 939.0, 943.0, 947.0, 953.0, 951.0, 962.0, 961.0, 954.0, 960.0, 966.0, 955.0, 963.0, 963.0, 974.0, 973.0, 981.0, 977.0, 988.0, 985.0, 989.0, 993.0, 985.0, 994.0, 997.0, 1000.0, 1000.0, 1004.0, 1018.0, 1020.0, 1019.0, 1016.0, 1011.0, 1020.0, 1029.0, 1024.0, 1015.0, 1029.0, 1029.0, 1040.0, 1042.0, 1039.0, 1041.0, 1046.0, 1055.0, 1072.0, 1060.0, 1069.0, 1063.0, 1074.0, 1067.0, 1083.0, 1086.0, 1092.0, 1092.0, 1085.0, 1078.0, 1058.0, 1068.0, 1071.0, 1072.0, 1071.0, 1069.0, 1076.0, 1089.0, 1077.0, 1084.0, 1094.0, 1093.0, 1093.0, 1107.0, 1098.0, 1112.0, 1096.0, 1104.0, 1115.0, 1107.0, 1124.0, 1133.0, 1118.0, 1089.0, 1112.0, 1090.0, 1134.0, 1111.0, 1113.0, 1115.0, 1114.0, 1118.0, 1127.0, 1133.0, 1138.0, 1147.0, 1137.0, 1130.0, 1111.0, 1116.0, 1108.0, 1115.0, 1113.0, 1118.0, 1109.0, 1120.0, 1123.0, 1118.0, 1129.0, 1130.0, 1130.0, 1141.0, 1130.0, 1148.0, 1147.0, 1161.0, 1157.0, 1166.0, 1166.0, 1159.0, 1173.0, 1186.0, 1199.0, 1189.0, 1184.0, 1187.0, 1193.0, 1183.0, 1173.0, 1212.0, 1208.0, 1190.0, 1224.0, 1202.0, 1202.0, 1216.0, 1208.0, 1211.0, 1234.0, 1235.0, 1234.0, 1238.0, 1226.0, 1227.0, 1231.0, 1239.0, 1240.0, 1246.0, 1241.0, 1245.0, 1251.0, 1238.0, 1238.0, 1233.0, 1238.0, 1227.0, 1231.0, 1238.0, 1234.0, 1227.0, 1227.0, 1256.0, 1255.0, 1244.0, 1242.0, 1244.0, 1251.0, 1233.0, 1241.0, 1232.0, 1242.0, 1242.0, 1247.0, 1250.0, 1244.0, 1243.0, 1238.0, 1251.0, 1251.0, 1245.0, 1245.0, 1268.0, 1264.0, 1260.0, 1250.0, 1253.0, 1260.0, 1258.0, 1267.0, 1260.0, 1260.0, 1261.0, 1262.0, 1268.0, 1278.0, 1278.0, 1262.0, 1262.0, 1258.0, 1258.0, 1283.0, 1288.0, 1280.0, 1281.0, 1277.0, 1286.0, 1266.0, 1308.0, 1287.0, 1287.0, 1286.0, 1292.0, 1289.0, 1283.0, 1297.0, 1301.0, 1318.0, 1296.0, 1289.0, 1291.0, 1301.0, 1303.0, 1298.0, 1306.0, 1306.0, 1319.0, 1305.0, 1304.0, 1292.0, 1312.0, 1315.0, 1315.0, 1314.0, 1311.0, 1321.0, 1310.0, 1320.0, 1314.0, 1303.0, 1309.0, 1308.0, 1315.0, 1322.0, 1320.0, 1327.0, 1327.0, 1339.0, 1318.0, 1319.0, 1317.0, 1327.0, 1328.0, 1319.0, 1343.0, 1353.0, 1344.0, 1340.0, 1329.0, 1340.0, 1349.0, 1333.0, 1340.0, 1356.0, 1351.0, 1364.0, 1369.0, 1384.0, 1379.0, 1370.0, 1383.0, 1365.0, 1365.0, 1374.0, 1369.0, 1378.0, 1378.0, 1384.0, 1379.0, 1373.0, 1366.0, 1384.0, 1400.0, 1388.0, 1386.0, 1400.0, 1407.0, 1401.0, 1409.0, 1413.0, 1407.0, 1397.0, 1420.0, 1406.0, 1403.0, 1399.0, 1410.0, 1422.0, 1426.0, 1410.0, 1422.0, 1420.0, 1440.0, 1426.0, 1432.0, 1428.0, 1428.0, 1442.0, 1435.0, 1440.0, 1440.0, 1437.0, 1431.0, 1433.0, 1441.0, 1453.0, 1454.0, 1452.0, 1450.0, 1459.0, 1469.0, 1458.0, 1466.0, 1469.0, 1472.0, 1468.0, 1470.0, 1479.0, 1474.0, 1481.0, 1483.0, 1481.0, 1478.0, 1489.0, 1491.0, 1490.0, 1485.0, 1494.0, 1482.0, 1489.0, 1498.0, 1500.0, 1494.0, 1515.0, 1493.0, 1484.0, 1510.0, 1514.0, 1508.0, 1503.0, 1518.0, 1517.0, 1502.0, 1496.0, 1511.0, 1509.0, 1499.0, 1501.0, 1517.0, 1502.0, 1523.0, 1509.0, 1502.0, 1525.0, 1530.0, 1518.0, 1556.0, 1556.0, 1537.0, 1538.0, 1550.0, 1532.0, 1534.0, 1536.0, 1553.0, 1555.0, 1572.0, 1592.0, 1581.0, 1570.0, 1569.0, 1573.0, 1583.0, 1582.0, 1581.0, 1572.0, 1576.0, 1574.0, 1583.0, 1584.0, 1598.0, 1591.0, 1600.0, 1590.0, 1574.0, 1590.0, 1586.0, 1582.0, 1582.0, 1603.0, 1606.0, 1587.0, 1620.0, 1621.0, 1614.0, 1639.0, 1621.0, 1616.0, 1612.0, 1611.0, 1597.0, 1606.0, 1620.0, 1626.0, 1630.0, 1603.0, 1603.0, 1595.0, 1602.0, 1611.0, 1599.0, 1607.0, 1629.0, 1629.0, 1622.0, 1615.0, 1634.0, 1612.0, 1623.0, 1627.0, 1636.0, 1639.0, 1641.0, 1611.0, 1614.0, 1616.0, 1597.0, 1625.0, 1633.0, 1610.0, 1635.0, 1631.0, 1627.0, 1648.0, 1623.0, 1623.0, 1618.0, 1627.0, 1618.0, 1609.0, 1610.0, 1611.0, 1625.0, 1625.0, 1619.0, 1617.0, 1627.0, 1619.0, 1604.0, 1603.0, 1612.0, 1605.0, 1615.0, 1614.0, 1604.0, 1604.0, 1609.0, 1604.0, 1603.0, 1615.0, 1631.0, 1599.0, 1599.0, 1594.0, 1589.0, 1603.0, 1612.0, 1613.0, 1599.0, 1582.0, 1595.0, 1595.0, 1593.0, 1597.0, 1601.0, 1598.0, 1586.0, 1573.0, 1573.0, 1567.0, 1575.0, 1560.0, 1559.0, 1556.0, 1553.0, 1537.0, 1546.0, 1543.0, 1564.0, 1546.0, 1536.0, 1547.0, 1561.0, 1551.0, 1528.0, 1520.0, 1541.0, 1530.0, 1534.0, 1519.0, 1521.0, 1506.0, 1506.0, 1498.0, 1492.0, 1449.0, 1467.0, 1458.0, 1452.0, 1447.0, 1446.0, 1445.0, 1447.0, 1444.0, 1433.0, 1426.0, 1426.0, 1437.0, 1450.0, 1448.0, 1448.0, 1447.0, 1447.0, 1449.0, 1424.0, 1431.0, 1423.0, 1420.0, 1401.0, 1396.0, 1379.0, 1369.0, 1367.0, 1360.0, 1368.0, 1347.0, 1353.0, 1360.0, 1356.0, 1359.0, 1359.0, 1386.0, 1368.0, 1373.0, 1363.0, 1355.0, 1355.0, 1366.0, 1355.0, 1358.0, 1357.0, 1352.0, 1355.0, 1331.0, 1326.0, 1340.0, 1341.0, 1350.0, 1350.0, 1338.0, 1330.0, 1334.0, 1312.0, 1301.0, 1301.0, 1306.0, 1307.0, 1307.0, 1309.0, 1312.0, 1290.0, 1276.0, 1257.0, 1263.0, 1285.0, 1296.0, 1280.0, 1267.0, 1257.0, 1271.0, 1251.0, 1246.0, 1260.0, 1272.0, 1268.0, 1257.0, 1257.0, 1255.0, 1249.0, 1246.0, 1246.0, 1247.0, 1258.0, 1252.0, 1247.0, 1248.0, 1250.0, 1245.0, 1242.0, 1240.0, 1251.0, 1223.0, 1233.0, 1237.0, 1235.0, 1231.0, 1240.0, 1219.0, 1238.0, 1260.0, 1251.0, 1246.0, 1248.0, 1252.0, 1254.0, 1266.0, 1270.0, 1270.0, 1238.0, 1238.0, 1250.0, 1257.0, 1277.0, 1274.0, 1261.0, 1250.0, 1250.0, 1265.0, 1274.0, 1277.0, 1267.0, 1253.0, 1256.0, 1260.0, 1253.0, 1235.0, 1251.0, 1243.0, 1245.0, 1227.0, 1227.0, 1260.0, 1260.0, 1240.0, 1259.0, 1250.0, 1242.0, 1242.0, 1253.0, 1253.0, 1253.0, 1243.0, 1235.0, 1240.0, 1236.0, 1242.0, 1249.0, 1237.0, 1237.0, 1263.0, 1259.0, 1247.0, 1248.0, 1247.0, 1246.0, 1251.0, 1250.0, 1241.0, 1244.0, 1248.0, 1258.0, 1259.0, 1257.0, 1238.0, 1245.0, 1247.0, 1246.0, 1251.0, 1255.0, 1258.0, 1237.0, 1237.0, 1226.0, 1224.0, 1230.0, 1251.0, 1242.0, 1248.0, 1252.0, 1231.0, 1210.0, 1207.0, 1256.0, 1249.0, 1250.0, 1244.0, 1225.0, 1226.0, 1226.0, 1229.0, 1241.0, 1220.0, 1214.0, 1202.0, 1209.0, 1216.0, 1219.0, 1221.0, 1207.0, 1201.0, 1195.0, 1199.0, 1190.0, 1211.0, 1206.0, 1239.0, 1244.0, 1245.0, 1226.0, 1228.0, 1233.0, 1235.0, 1241.0, 1242.0]