header: 
  seq: 1561
  stamp: 
    secs: 1548820796
    nsecs: 189469096
  frame_id: "base_link"
angle_min: -2.35619449615
angle_max: 2.35619449615
angle_increment: 0.00436332309619
time_increment: 1.73611151695e-05
scan_time: 0.0250000003725
range_min: 0.019999999553
range_max: 30.0
ranges: [0.35600000619888306, 0.36500000953674316, 0.3619999885559082, 0.37299999594688416, 0.3720000088214874, 0.375, 0.375, 0.3709999918937683, 0.367000013589859, 0.36500000953674316, 0.3619999885559082, 0.36399999260902405, 0.3790000081062317, 0.37400001287460327, 0.3610000014305115, 0.3580000102519989, 0.32600000500679016, 0.31200000643730164, 0.28700000047683716, 0.2930000126361847, 0.28999999165534973, 0.3149999976158142, 0.3440000116825104, 0.3449999988079071, 0.3449999988079071, 0.3449999988079071, 0.3449999988079071, 0.3490000069141388, 0.34700000286102295, 0.3490000069141388, 0.3540000021457672, 0.36399999260902405, 0.3630000054836273, 0.35600000619888306, 0.3499999940395355, 0.3540000021457672, 0.3580000102519989, 0.36800000071525574, 0.35899999737739563, 0.3580000102519989, 0.3479999899864197, 0.3479999899864197, 0.35199999809265137, 0.3569999933242798, 0.35499998927116394, 0.3540000021457672, 0.3540000021457672, 0.3700000047683716, 0.3700000047683716, 0.36800000071525574, 0.3610000014305115, 0.3580000102519989, 0.3630000054836273, 0.3610000014305115, 0.3610000014305115, 0.35499998927116394, 0.36000001430511475, 0.35499998927116394, 0.35499998927116394, 0.35899999737739563, 0.36500000953674316, 0.36399999260902405, 0.3630000054836273, 0.3619999885559082, 0.3569999933242798, 0.3580000102519989, 0.3580000102519989, 0.3630000054836273, 0.3580000102519989, 0.36000001430511475, 0.3610000014305115, 0.367000013589859, 0.36800000071525574, 0.36899998784065247, 0.367000013589859, 0.36500000953674316, 0.3659999966621399, 0.36800000071525574, 0.36800000071525574, 0.36800000071525574, 0.36800000071525574, 0.36800000071525574, 0.367000013589859, 0.36399999260902405, 0.3659999966621399, 0.367000013589859, 0.36899998784065247, 0.37299999594688416, 0.37700000405311584, 0.375, 0.36899998784065247, 0.3700000047683716, 0.3799999952316284, 0.38199999928474426, 0.3799999952316284, 0.38199999928474426, 0.38199999928474426, 0.37599998712539673, 0.37400001287460327, 0.3720000088214874, 0.37700000405311584, 0.38100001215934753, 0.38199999928474426, 0.38499999046325684, 0.3869999945163727, 0.38600000739097595, 0.38600000739097595, 0.38600000739097595, 0.38600000739097595, 0.38600000739097595, 0.38600000739097595, 0.38600000739097595, 0.382999986410141, 0.382999986410141, 0.38600000739097595, 0.3930000066757202, 0.38999998569488525, 0.3880000114440918, 0.3880000114440918, 0.38999998569488525, 0.38999998569488525, 0.38999998569488525, 0.38999998569488525, 0.3930000066757202, 0.3970000147819519, 0.4009999930858612, 0.40299999713897705, 0.3959999978542328, 0.3959999978542328, 0.39500001072883606, 0.38999998569488525, 0.3889999985694885, 0.3889999985694885, 0.4000000059604645, 0.40700000524520874, 0.40700000524520874, 0.40400001406669617, 0.4020000100135803, 0.39899998903274536, 0.4009999930858612, 0.4000000059604645, 0.3970000147819519, 0.3970000147819519, 0.4000000059604645, 0.4099999964237213, 0.41100001335144043, 0.4050000011920929, 0.40400001406669617, 0.4050000011920929, 0.40799999237060547, 0.40799999237060547, 0.41499999165534973, 0.4169999957084656, 0.4129999876022339, 0.4180000126361847, 0.41999998688697815, 0.4180000126361847, 0.4169999957084656, 0.41999998688697815, 0.421999990940094, 0.4230000078678131, 0.4230000078678131, 0.4230000078678131, 0.421999990940094, 0.42100000381469727, 0.42800000309944153, 0.4309999942779541, 0.4269999861717224, 0.4259999990463257, 0.42399999499320984, 0.42500001192092896, 0.42800000309944153, 0.4339999854564667, 0.4339999854564667, 0.43299999833106995, 0.4320000112056732, 0.43299999833106995, 0.4339999854564667, 0.4350000023841858, 0.4429999887943268, 0.44699999690055847, 0.44699999690055847, 0.44699999690055847, 0.44699999690055847, 0.453000009059906, 0.45899999141693115, 0.46000000834465027, 0.46299999952316284, 0.45899999141693115, 0.46000000834465027, 0.4659999907016754, 0.4659999907016754, 0.46299999952316284, 0.46799999475479126, 0.47200000286102295, 0.47600001096725464, 0.4740000069141388, 0.47600001096725464, 0.4779999852180481, 0.47999998927116394, 0.48399999737739563, 0.4880000054836273, 0.4909999966621399, 0.49300000071525574, 0.49399998784065247, 0.5009999871253967, 0.5040000081062317, 0.5, 0.5019999742507935, 0.5040000081062317, 0.5130000114440918, 0.5130000114440918, 0.5180000066757202, 0.5199999809265137, 0.5170000195503235, 0.515999972820282, 0.5220000147819519, 0.5239999890327454, 0.5239999890327454, 0.5270000100135803, 0.5320000052452087, 0.5379999876022339, 0.5389999747276306, 0.5450000166893005, 0.5479999780654907, 0.5550000071525574, 0.5609999895095825, 0.5630000233650208, 0.5630000233650208, 0.5659999847412109, 0.5709999799728394, 0.5770000219345093, 0.578000009059906, 0.5789999961853027, 0.5809999704360962, 0.5899999737739563, 0.593999981880188, 0.593999981880188, 0.5979999899864197, 0.5989999771118164, 0.6029999852180481, 0.6079999804496765, 0.6140000224113464, 0.6179999709129333, 0.6209999918937683, 0.6240000128746033, 0.6259999871253967, 0.628000020980835, 0.6299999952316284, 0.6359999775886536, 0.640999972820282, 0.6480000019073486, 0.6480000019073486, 0.6510000228881836, 0.6549999713897705, 0.6610000133514404, 0.6639999747276306, 0.6660000085830688, 0.6740000247955322, 0.6859999895095825, 0.6880000233650208, 0.6919999718666077, 0.7039999961853027, 0.7059999704360962, 0.7089999914169312, 0.7200000286102295, 0.7289999723434448, 0.7300000190734863, 0.7379999756813049, 0.7390000224113464, 0.746999979019165, 0.7620000243186951, 0.7639999985694885, 0.7680000066757202, 0.7760000228881836, 0.7820000052452087, 0.7910000085830688, 0.7950000166893005, 0.8040000200271606, 0.8090000152587891, 0.8180000185966492, 0.8240000009536743, 0.8270000219345093, 0.8360000252723694, 0.8500000238418579, 0.859000027179718, 0.8679999709129333, 0.871999979019165, 0.8809999823570251, 0.8930000066757202, 0.8960000276565552, 0.9070000052452087, 0.9160000085830688, 0.9350000023841858, 0.9409999847412109, 0.9440000057220459, 0.9570000171661377, 0.9670000076293945, 0.9800000190734863, 0.9940000176429749, 1.003000020980835, 1.0089999437332153, 1.0210000276565552, 1.0440000295639038, 1.0579999685287476, 1.0670000314712524, 1.0720000267028809, 1.090999960899353, 1.1089999675750732, 1.1139999628067017, 1.1330000162124634, 1.156999945640564, 1.1829999685287476, 1.1820000410079956, 1.2020000219345093, 1.2319999933242798, 1.2430000305175781, 1.2610000371932983, 1.2699999809265137, 1.2869999408721924, 1.309000015258789, 1.3300000429153442, 1.3580000400543213, 1.3700000047683716, 1.4049999713897705, 1.4299999475479126, 1.4620000123977661, 1.4889999628067017, 1.5219999551773071, 1.569000005722046, 1.659000039100647, 1.809000015258789, 2.6459999084472656, 2.6510000228881836, 2.6559998989105225, 2.6559998989105225, 2.6530001163482666, 2.6530001163482666, 2.6570000648498535, 2.6530001163482666, 2.6570000648498535, 2.6500000953674316, 2.6510000228881836, 2.6459999084472656, 2.6449999809265137, 2.6440000534057617, 2.6549999713897705, 2.6500000953674316, 2.6429998874664307, 2.6429998874664307, 2.6419999599456787, 2.638000011444092, 2.640000104904175, 2.635999917984009, 2.630000114440918, 2.628000020980835, 2.628999948501587, 2.634999990463257, 2.628999948501587, 2.61899995803833, 2.614000082015991, 2.615000009536743, 2.615999937057495, 2.615999937057495, 2.627000093460083, 2.61899995803833, 2.6010000705718994, 2.6050000190734863, 2.5989999771118164, 2.5940001010894775, 2.5910000801086426, 2.5850000381469727, 2.5850000381469727, 2.5820000171661377, 2.578000068664551, 2.569000005722046, 2.569000005722046, 2.569000005722046, 2.552999973297119, 2.5510001182556152, 2.5480000972747803, 2.5409998893737793, 2.5399999618530273, 2.5329999923706055, 2.5309998989105225, 2.5260000228881836, 2.513000011444092, 2.506999969482422, 2.505000114440918, 2.503000020980835, 2.494999885559082, 2.490999937057495, 2.484999895095825, 2.4760000705718994, 2.4700000286102295, 2.4649999141693115, 2.4590001106262207, 2.4519999027252197, 2.438999891281128, 2.434000015258789, 2.430000066757202, 2.4210000038146973, 2.4149999618530273, 2.4049999713897705, 2.3980000019073486, 2.3910000324249268, 2.38700008392334, 2.38100004196167, 2.371999979019165, 2.3580000400543213, 2.3469998836517334, 2.3369998931884766, 2.3269999027252197, 2.328000068664551, 2.316999912261963, 2.306999921798706, 2.2850000858306885, 2.2869999408721924, 2.2839999198913574, 2.2679998874664307, 2.25600004196167, 2.253000020980835, 2.236999988555908, 2.2230000495910645, 2.2090001106262207, 2.2009999752044678, 2.1989998817443848, 2.174999952316284, 2.1700000762939453, 2.1579999923706055, 2.1510000228881836, 2.125999927520752, 2.118000030517578, 2.111999988555908, 2.0889999866485596, 2.0850000381469727, 2.075000047683716, 2.059999942779541, 2.0399999618530273, 2.0250000953674316, 2.006999969482422, 1.9950000047683716, 1.9839999675750732, 1.9670000076293945, 1.934999942779541, 1.9270000457763672, 1.9079999923706055, 1.8890000581741333, 1.8639999628067017, 1.8389999866485596, 1.815000057220459, 1.8009999990463257, 1.7799999713897705, 1.7640000581741333, 1.7330000400543213, 1.6959999799728394, 1.6779999732971191, 1.6460000276565552, 1.6339999437332153, 1.6169999837875366, 1.6019999980926514, 1.5770000219345093, 1.5529999732971191, 1.534000039100647, 1.5130000114440918, 1.5099999904632568, 1.5, 1.4780000448226929, 1.4609999656677246, 1.4479999542236328, 1.430999994277954, 1.409000039100647, 1.3940000534057617, 1.3880000114440918, 1.371999979019165, 1.3619999885559082, 1.3459999561309814, 1.3339999914169312, 1.3220000267028809, 1.3079999685287476, 1.2920000553131104, 1.284000039100647, 1.2649999856948853, 1.2580000162124634, 1.2419999837875366, 1.2350000143051147, 1.225000023841858, 1.2109999656677246, 1.2000000476837158, 1.1820000410079956, 1.1779999732971191, 1.1710000038146973, 1.159999966621399, 1.1430000066757202, 1.1269999742507935, 1.128000020980835, 1.1230000257492065, 1.1069999933242798, 1.0959999561309814, 1.0870000123977661, 1.0789999961853027, 1.0720000267028809, 1.065000057220459, 1.0490000247955322, 1.0440000295639038, 1.0429999828338623, 1.0379999876022339, 1.0219999551773071, 1.0190000534057617, 1.0149999856948853, 1.003000020980835, 0.996999979019165, 0.9879999756813049, 0.984000027179718, 0.9800000190734863, 0.9739999771118164, 0.972000002861023, 0.9589999914169312, 0.9509999752044678, 0.9459999799728394, 0.9449999928474426, 0.9399999976158142, 0.9369999766349792, 0.9290000200271606, 0.9279999732971191, 0.9240000247955322, 0.9190000295639038, 0.9120000004768372, 0.902999997138977, 0.902999997138977, 0.8980000019073486, 0.890999972820282, 0.8899999856948853, 0.8899999856948853, 0.8799999952316284, 0.8740000128746033, 0.8690000176429749, 0.8659999966621399, 0.8560000061988831, 0.8569999933242798, 0.8539999723434448, 0.8539999723434448, 0.8539999723434448, 0.8479999899864197, 0.8370000123977661, 0.8370000123977661, 0.8370000123977661, 0.8370000123977661, 0.8259999752044678, 0.8209999799728394, 0.8119999766349792, 0.8159999847412109, 0.8159999847412109, 0.8090000152587891, 0.7960000038146973, 0.7950000166893005, 0.7910000085830688, 0.7889999747276306, 0.7839999794960022, 0.7839999794960022, 0.7839999794960022, 0.7839999794960022, 0.781000018119812, 0.777999997138977, 0.7680000066757202, 0.7620000243186951, 0.7580000162124634, 0.753000020980835, 0.75, 0.7459999918937683, 0.7459999918937683, 0.7450000047683716, 0.7450000047683716, 0.7409999966621399, 0.7369999885559082, 0.7319999933242798, 0.7260000109672546, 0.718999981880188, 0.7210000157356262, 0.7229999899864197, 0.7200000286102295, 0.7149999737739563, 0.7139999866485596, 0.7099999785423279, 0.7039999961853027, 0.6990000009536743, 0.6990000009536743, 0.7009999752044678, 0.703000009059906, 0.6980000138282776, 0.6899999976158142, 0.6890000104904175, 0.6890000104904175, 0.6890000104904175, 0.6859999895095825, 0.6819999814033508, 0.6769999861717224, 0.6740000247955322, 0.675000011920929, 0.6759999990463257, 0.675000011920929, 0.6690000295639038, 0.6650000214576721, 0.6669999957084656, 0.675000011920929, 0.6690000295639038, 0.6629999876022339, 0.6620000004768372, 0.6589999794960022, 0.6589999794960022, 0.656000018119812, 0.652999997138977, 0.652999997138977, 0.6439999938011169, 0.6439999938011169, 0.6439999938011169, 0.6439999938011169, 0.6449999809265137, 0.6449999809265137, 0.640999972820282, 0.6389999985694885, 0.6389999985694885, 0.6380000114440918, 0.6330000162124634, 0.6299999952316284, 0.6290000081062317, 0.6259999871253967, 0.6240000128746033, 0.6259999871253967, 0.6240000128746033, 0.625, 0.6240000128746033, 0.621999979019165, 0.6190000176429749, 0.6169999837875366, 0.6129999756813049, 0.6069999933242798, 0.6209999918937683, 0.6169999837875366, 0.6169999837875366, 0.6150000095367432, 0.6150000095367432, 0.6150000095367432, 0.6150000095367432, 0.609000027179718, 0.6029999852180481, 0.6039999723434448, 0.6039999723434448, 0.6060000061988831, 0.6060000061988831, 0.6050000190734863, 0.6050000190734863, 0.597000002861023, 0.5960000157356262, 0.6029999852180481, 0.6000000238418579, 0.5929999947547913, 0.5929999947547913, 0.5950000286102295, 0.597000002861023, 0.5870000123977661, 0.5879999995231628, 0.5879999995231628, 0.5879999995231628, 0.5889999866485596, 0.5889999866485596, 0.5899999737739563, 0.5830000042915344, 0.5740000009536743, 0.5759999752044678, 0.5849999785423279, 0.5849999785423279, 0.5830000042915344, 0.5789999961853027, 0.574999988079071, 0.5759999752044678, 0.5839999914169312, 0.578000009059906, 0.5759999752044678, 0.578000009059906, 0.5730000138282776, 0.5730000138282776, 0.5759999752044678, 0.5759999752044678, 0.5680000185966492, 0.5680000185966492, 0.5720000267028809, 0.5720000267028809, 0.5680000185966492, 0.5640000104904175, 0.5649999976158142, 0.5649999976158142, 0.578000009059906, 0.5740000009536743, 0.5740000009536743, 0.574999988079071, 0.5809999704360962, 0.578000009059906, 0.5699999928474426, 0.5699999928474426, 0.5659999847412109, 0.5640000104904175, 0.5649999976158142, 0.5649999976158142, 0.5640000104904175, 0.5619999766349792, 0.5609999895095825, 0.5640000104904175, 0.5640000104904175, 0.5659999847412109, 0.5669999718666077, 0.5640000104904175, 0.5640000104904175, 0.574999988079071, 0.5569999814033508, 0.5550000071525574, 0.5559999942779541, 0.5550000071525574, 0.5590000152587891, 0.5559999942779541, 0.5559999942779541, 0.5580000281333923, 0.5619999766349792, 0.5619999766349792, 0.5590000152587891, 0.5580000281333923, 0.5569999814033508, 0.5569999814033508, 0.5590000152587891, 0.5619999766349792, 0.5569999814033508, 0.5590000152587891, 0.5619999766349792, 0.5640000104904175, 0.5550000071525574, 0.5569999814033508, 0.5600000023841858, 0.5669999718666077, 0.5669999718666077, 0.5569999814033508, 0.5540000200271606, 0.5540000200271606, 0.5630000233650208, 0.5619999766349792, 0.5649999976158142, 0.5600000023841858, 0.5540000200271606, 0.5479999780654907, 0.5540000200271606, 0.5569999814033508, 0.5600000023841858, 0.5580000281333923, 0.5609999895095825, 0.5609999895095825, 0.5590000152587891, 0.5580000281333923, 0.5529999732971191, 0.5580000281333923, 0.5619999766349792, 0.5569999814033508, 0.5559999942779541, 0.5550000071525574, 0.5630000233650208, 0.5590000152587891, 0.5569999814033508, 0.5569999814033508, 0.5619999766349792, 0.5619999766349792, 0.5609999895095825, 0.5609999895095825, 0.5609999895095825, 0.5590000152587891, 0.5640000104904175, 0.5649999976158142, 0.5669999718666077, 0.5669999718666077, 0.5609999895095825, 0.5640000104904175, 0.5669999718666077, 0.5659999847412109, 0.5619999766349792, 0.5619999766349792, 0.5640000104904175, 0.5669999718666077, 0.5669999718666077, 0.5730000138282776, 0.574999988079071, 0.5640000104904175, 0.5640000104904175, 0.5649999976158142, 0.5619999766349792, 0.5600000023841858, 0.5619999766349792, 0.5659999847412109, 0.5680000185966492, 0.5680000185966492, 0.5659999847412109, 0.5659999847412109, 0.5649999976158142, 0.5680000185966492, 0.5680000185966492, 0.5680000185966492, 0.5649999976158142, 0.5680000185966492, 0.5709999799728394, 0.5680000185966492, 0.5669999718666077, 0.5669999718666077, 0.5690000057220459, 0.5690000057220459, 0.5759999752044678, 0.5770000219345093, 0.5740000009536743, 0.5699999928474426, 0.5690000057220459, 0.5730000138282776, 0.5770000219345093, 0.5770000219345093, 0.5730000138282776, 0.5699999928474426, 0.574999988079071, 0.578000009059906, 0.5809999704360962, 0.5770000219345093, 0.5799999833106995, 0.5830000042915344, 0.5849999785423279, 0.5820000171661377, 0.5830000042915344, 0.5830000042915344, 0.5879999995231628, 0.5910000205039978, 0.5899999737739563, 0.5839999914169312, 0.5849999785423279, 0.5879999995231628, 0.5910000205039978, 0.5910000205039978, 0.5910000205039978, 0.5910000205039978, 0.5920000076293945, 0.5889999866485596, 0.5889999866485596, 0.5910000205039978, 0.593999981880188, 0.593999981880188, 0.5950000286102295, 0.597000002861023, 0.5979999899864197, 0.5929999947547913, 0.593999981880188, 0.593999981880188, 0.5979999899864197, 0.6039999723434448, 0.6029999852180481, 0.6029999852180481, 0.6029999852180481, 0.6029999852180481, 0.6019999980926514, 0.6010000109672546, 0.6039999723434448, 0.6119999885559082, 0.6100000143051147, 0.6079999804496765, 0.6069999933242798, 0.6039999723434448, 0.6029999852180481, 0.6060000061988831, 0.6079999804496765, 0.6159999966621399, 0.6159999966621399, 0.6169999837875366, 0.6169999837875366, 0.6159999966621399, 0.6110000014305115, 0.6140000224113464, 0.6140000224113464, 0.621999979019165, 0.621999979019165, 0.6169999837875366, 0.6129999756813049, 0.6169999837875366, 0.6230000257492065, 0.6230000257492065, 0.6209999918937683, 0.6240000128746033, 0.6209999918937683, 0.6209999918937683, 0.6240000128746033, 0.621999979019165, 0.6269999742507935, 0.6269999742507935, 0.625, 0.621999979019165, 0.628000020980835, 0.6290000081062317, 0.6320000290870667, 0.6269999742507935, 0.6309999823570251, 0.6380000114440918, 0.6309999823570251, 0.6309999823570251, 0.6340000033378601, 0.6340000033378601, 0.6359999775886536, 0.6420000195503235, 0.6420000195503235, 0.6340000033378601, 0.6330000162124634, 0.6389999985694885, 0.6480000019073486, 0.6499999761581421, 0.6470000147819519, 0.6470000147819519, 0.6480000019073486, 0.6480000019073486, 0.6470000147819519, 0.6480000019073486, 0.6470000147819519, 0.6430000066757202, 0.6430000066757202, 0.6439999938011169, 0.6460000276565552, 0.6439999938011169, 0.6520000100135803, 0.6579999923706055, 0.6600000262260437, 0.6549999713897705, 0.6549999713897705, 0.6520000100135803, 0.6510000228881836, 0.656000018119812, 0.6549999713897705, 0.6549999713897705, 0.6579999923706055, 0.6600000262260437, 0.6610000133514404, 0.6629999876022339, 0.6629999876022339, 0.656000018119812, 0.656000018119812, 0.656000018119812, 0.656000018119812, 0.6589999794960022, 0.6610000133514404, 0.6679999828338623, 0.6660000085830688, 0.6620000004768372, 0.675000011920929, 0.675000011920929, 0.6669999957084656, 0.6660000085830688, 0.6700000166893005, 0.6740000247955322, 0.6759999990463257, 0.6759999990463257, 0.671999990940094, 0.6729999780654907, 0.6790000200271606, 0.6819999814033508, 0.6830000281333923, 0.6840000152587891, 0.6859999895095825, 0.6909999847412109, 0.6919999718666077, 0.6949999928474426, 0.6859999895095825, 0.6830000281333923, 0.6830000281333923, 0.6970000267028809, 0.6970000267028809, 0.6919999718666077, 0.6890000104904175, 0.6930000185966492, 0.703000009059906, 0.7080000042915344, 0.7020000219345093, 0.6990000009536743, 0.6990000009536743, 0.6990000009536743, 0.7070000171661377, 0.7099999785423279, 0.7089999914169312, 0.7080000042915344, 0.7080000042915344, 0.7089999914169312, 0.7080000042915344, 0.7120000123977661, 0.7179999947547913, 0.7149999737739563, 0.7120000123977661, 0.718999981880188, 0.7160000205039978, 0.7239999771118164, 0.7289999723434448, 0.7279999852180481, 0.7250000238418579, 0.7260000109672546, 0.7279999852180481, 0.7279999852180481, 0.7310000061988831, 0.7300000190734863, 0.7350000143051147, 0.7379999756813049, 0.7350000143051147, 0.7350000143051147, 0.7379999756813049, 0.7400000095367432, 0.7419999837875366, 0.7450000047683716, 0.7440000176429749, 0.7419999837875366, 0.7450000047683716, 0.7390000224113464, 0.734000027179718, 0.7390000224113464, 0.7450000047683716, 0.7429999709129333, 0.7440000176429749, 0.7459999918937683, 0.7480000257492065, 0.7419999837875366, 0.7369999885559082, 0.7379999756813049, 0.7450000047683716, 0.7480000257492065, 0.7459999918937683, 0.7480000257492065, 0.75, 0.753000020980835, 0.7559999823570251, 0.7559999823570251, 0.746999979019165, 0.746999979019165, 0.7509999871253967, 0.7549999952316284, 0.7590000033378601, 0.7580000162124634, 0.7570000290870667, 0.7570000290870667, 0.7559999823570251, 0.7570000290870667, 0.7599999904632568, 0.7630000114440918, 0.7599999904632568, 0.7609999775886536, 0.7639999985694885, 0.7609999775886536, 0.7580000162124634, 0.7599999904632568, 0.7620000243186951, 0.7620000243186951, 0.7590000033378601, 0.7590000033378601, 0.7509999871253967, 0.753000020980835, 0.7540000081062317, 0.753000020980835, 0.7509999871253967, 0.7599999904632568, 0.7599999904632568, 0.7599999904632568, 0.7670000195503235, 0.7720000147819519, 0.7770000100135803, 0.7820000052452087, 0.7879999876022339, 0.781000018119812, 0.7879999876022339, 0.7979999780654907, 0.8069999814033508, 0.7879999876022339, 0.7879999876022339, 0.7879999876022339, 0.7960000038146973, 0.7990000247955322, 0.796999990940094, 0.7919999957084656, 0.7960000038146973, 0.8029999732971191, 0.8029999732971191]
intensities: [1112.0, 1159.0, 1197.0, 1371.0, 1362.0, 1472.0, 1472.0, 1507.0, 1549.0, 1556.0, 1563.0, 1561.0, 1530.0, 1512.0, 1434.0, 1339.0, 1086.0, 1012.0, 864.0, 873.0, 856.0, 908.0, 1007.0, 1017.0, 1015.0, 1022.0, 1051.0, 1104.0, 1153.0, 1290.0, 1355.0, 1627.0, 1614.0, 1689.0, 1723.0, 1728.0, 1744.0, 1754.0, 1731.0, 1749.0, 1745.0, 1745.0, 1717.0, 1722.0, 1727.0, 1717.0, 1710.0, 1717.0, 1717.0, 1710.0, 1701.0, 1699.0, 1691.0, 1698.0, 1698.0, 1630.0, 1639.0, 1653.0, 1677.0, 1670.0, 1681.0, 1672.0, 1666.0, 1651.0, 1654.0, 1661.0, 1644.0, 1640.0, 1635.0, 1642.0, 1635.0, 1626.0, 1623.0, 1631.0, 1613.0, 1630.0, 1600.0, 1597.0, 1591.0, 1578.0, 1566.0, 1583.0, 1544.0, 1578.0, 1599.0, 1567.0, 1542.0, 1535.0, 1525.0, 1527.0, 1519.0, 1513.0, 1516.0, 1509.0, 1511.0, 1498.0, 1495.0, 1495.0, 1493.0, 1493.0, 1477.0, 1475.0, 1470.0, 1473.0, 1491.0, 1454.0, 1454.0, 1447.0, 1447.0, 1463.0, 1451.0, 1451.0, 1446.0, 1435.0, 1433.0, 1426.0, 1421.0, 1438.0, 1418.0, 1420.0, 1420.0, 1420.0, 1377.0, 1391.0, 1385.0, 1396.0, 1405.0, 1370.0, 1370.0, 1372.0, 1354.0, 1343.0, 1339.0, 1344.0, 1358.0, 1358.0, 1337.0, 1331.0, 1326.0, 1322.0, 1305.0, 1285.0, 1285.0, 1281.0, 1293.0, 1262.0, 1260.0, 1270.0, 1260.0, 1265.0, 1265.0, 1241.0, 1256.0, 1228.0, 1238.0, 1230.0, 1204.0, 1198.0, 1193.0, 1201.0, 1199.0, 1201.0, 1192.0, 1181.0, 1169.0, 1152.0, 1162.0, 1147.0, 1156.0, 1144.0, 1149.0, 1149.0, 1145.0, 1145.0, 1128.0, 1121.0, 1128.0, 1136.0, 1136.0, 1129.0, 1126.0, 1126.0, 1114.0, 1111.0, 1135.0, 1109.0, 1116.0, 1148.0, 1137.0, 1121.0, 1115.0, 1115.0, 1106.0, 1115.0, 1114.0, 1096.0, 1101.0, 1114.0, 1123.0, 1097.0, 1118.0, 1119.0, 1102.0, 1104.0, 1096.0, 1111.0, 1108.0, 1090.0, 1101.0, 1091.0, 1096.0, 1091.0, 1097.0, 1097.0, 1091.0, 1082.0, 1106.0, 1100.0, 1091.0, 1089.0, 1093.0, 1103.0, 1107.0, 1125.0, 1112.0, 1119.0, 1107.0, 1115.0, 1115.0, 1106.0, 1113.0, 1100.0, 1101.0, 1108.0, 1103.0, 1112.0, 1107.0, 1107.0, 1092.0, 1097.0, 1110.0, 1090.0, 1096.0, 1086.0, 1088.0, 1090.0, 1081.0, 1072.0, 1077.0, 1078.0, 1070.0, 1082.0, 1073.0, 1069.0, 1066.0, 1041.0, 1054.0, 1056.0, 1049.0, 1065.0, 1054.0, 1044.0, 1053.0, 1061.0, 1040.0, 1040.0, 1044.0, 1045.0, 1055.0, 1035.0, 1041.0, 1046.0, 1037.0, 1039.0, 1038.0, 1035.0, 1028.0, 1029.0, 1028.0, 1024.0, 1037.0, 1022.0, 1018.0, 1021.0, 1013.0, 1016.0, 1020.0, 1020.0, 1010.0, 1003.0, 1011.0, 1008.0, 995.0, 1001.0, 999.0, 997.0, 990.0, 984.0, 977.0, 974.0, 970.0, 963.0, 959.0, 951.0, 955.0, 949.0, 944.0, 940.0, 939.0, 927.0, 924.0, 930.0, 935.0, 920.0, 929.0, 929.0, 924.0, 938.0, 927.0, 922.0, 904.0, 902.0, 903.0, 886.0, 900.0, 904.0, 918.0, 906.0, 954.0, 1074.0, 1394.0, 1353.0, 965.0, 968.0, 976.0, 976.0, 976.0, 974.0, 966.0, 964.0, 967.0, 963.0, 971.0, 972.0, 977.0, 977.0, 983.0, 978.0, 977.0, 986.0, 990.0, 985.0, 984.0, 984.0, 978.0, 978.0, 980.0, 990.0, 1000.0, 986.0, 974.0, 980.0, 986.0, 986.0, 981.0, 977.0, 976.0, 990.0, 981.0, 978.0, 978.0, 986.0, 988.0, 981.0, 980.0, 979.0, 979.0, 987.0, 977.0, 982.0, 981.0, 983.0, 989.0, 986.0, 991.0, 987.0, 985.0, 982.0, 983.0, 989.0, 978.0, 978.0, 984.0, 977.0, 988.0, 988.0, 981.0, 979.0, 981.0, 973.0, 991.0, 978.0, 975.0, 976.0, 972.0, 977.0, 972.0, 971.0, 963.0, 961.0, 949.0, 958.0, 938.0, 959.0, 957.0, 957.0, 951.0, 962.0, 963.0, 963.0, 965.0, 967.0, 973.0, 970.0, 966.0, 977.0, 972.0, 981.0, 983.0, 977.0, 982.0, 982.0, 994.0, 996.0, 994.0, 986.0, 991.0, 1000.0, 1001.0, 1002.0, 989.0, 984.0, 980.0, 988.0, 976.0, 981.0, 977.0, 974.0, 971.0, 969.0, 1014.0, 1012.0, 1009.0, 1010.0, 984.0, 1006.0, 1004.0, 1015.0, 1032.0, 1023.0, 1034.0, 1037.0, 1040.0, 1060.0, 1049.0, 1070.0, 1076.0, 1084.0, 1078.0, 1081.0, 1088.0, 1100.0, 1084.0, 1090.0, 1106.0, 1104.0, 1098.0, 1095.0, 1105.0, 1108.0, 1111.0, 1120.0, 1104.0, 1123.0, 1103.0, 1109.0, 1113.0, 1100.0, 1104.0, 1108.0, 1104.0, 1123.0, 1101.0, 1113.0, 1103.0, 1119.0, 1124.0, 1145.0, 1142.0, 1156.0, 1140.0, 1118.0, 1137.0, 1126.0, 1116.0, 1121.0, 1126.0, 1124.0, 1114.0, 1139.0, 1138.0, 1152.0, 1148.0, 1148.0, 1173.0, 1180.0, 1180.0, 1194.0, 1200.0, 1208.0, 1241.0, 1227.0, 1243.0, 1246.0, 1247.0, 1251.0, 1267.0, 1284.0, 1288.0, 1306.0, 1299.0, 1332.0, 1323.0, 1350.0, 1339.0, 1363.0, 1353.0, 1379.0, 1362.0, 1366.0, 1390.0, 1381.0, 1379.0, 1372.0, 1379.0, 1371.0, 1391.0, 1405.0, 1413.0, 1412.0, 1406.0, 1435.0, 1435.0, 1433.0, 1469.0, 1479.0, 1457.0, 1471.0, 1458.0, 1477.0, 1471.0, 1471.0, 1470.0, 1476.0, 1484.0, 1477.0, 1506.0, 1486.0, 1495.0, 1490.0, 1493.0, 1499.0, 1499.0, 1506.0, 1504.0, 1520.0, 1533.0, 1523.0, 1534.0, 1545.0, 1555.0, 1544.0, 1556.0, 1548.0, 1569.0, 1562.0, 1574.0, 1559.0, 1571.0, 1552.0, 1580.0, 1580.0, 1574.0, 1581.0, 1595.0, 1573.0, 1590.0, 1586.0, 1589.0, 1600.0, 1597.0, 1604.0, 1610.0, 1606.0, 1612.0, 1618.0, 1639.0, 1632.0, 1633.0, 1643.0, 1638.0, 1645.0, 1643.0, 1656.0, 1662.0, 1658.0, 1659.0, 1668.0, 1668.0, 1665.0, 1671.0, 1671.0, 1671.0, 1672.0, 1669.0, 1673.0, 1674.0, 1677.0, 1676.0, 1686.0, 1707.0, 1697.0, 1699.0, 1688.0, 1708.0, 1704.0, 1693.0, 1728.0, 1733.0, 1729.0, 1715.0, 1715.0, 1732.0, 1734.0, 1732.0, 1733.0, 1737.0, 1734.0, 1737.0, 1728.0, 1740.0, 1757.0, 1741.0, 1744.0, 1763.0, 1760.0, 1783.0, 1783.0, 1769.0, 1763.0, 1782.0, 1795.0, 1795.0, 1788.0, 1799.0, 1809.0, 1809.0, 1772.0, 1783.0, 1823.0, 1823.0, 1818.0, 1803.0, 1807.0, 1815.0, 1823.0, 1814.0, 1819.0, 1814.0, 1813.0, 1834.0, 1834.0, 1828.0, 1814.0, 1824.0, 1812.0, 1821.0, 1826.0, 1813.0, 1811.0, 1824.0, 1819.0, 1813.0, 1842.0, 1841.0, 1821.0, 1829.0, 1824.0, 1834.0, 1827.0, 1833.0, 1842.0, 1832.0, 1832.0, 1840.0, 1821.0, 1826.0, 1834.0, 1832.0, 1837.0, 1849.0, 1824.0, 1824.0, 1850.0, 1859.0, 1845.0, 1849.0, 1845.0, 1849.0, 1851.0, 1858.0, 1857.0, 1853.0, 1849.0, 1837.0, 1858.0, 1838.0, 1840.0, 1838.0, 1837.0, 1827.0, 1828.0, 1828.0, 1822.0, 1810.0, 1800.0, 1808.0, 1799.0, 1799.0, 1799.0, 1797.0, 1775.0, 1796.0, 1792.0, 1791.0, 1792.0, 1799.0, 1806.0, 1804.0, 1800.0, 1773.0, 1795.0, 1796.0, 1760.0, 1759.0, 1758.0, 1673.0, 1640.0, 1765.0, 1762.0, 1761.0, 1760.0, 1768.0, 1772.0, 1745.0, 1748.0, 1751.0, 1751.0, 1734.0, 1745.0, 1756.0, 1749.0, 1733.0, 1739.0, 1734.0, 1734.0, 1739.0, 1726.0, 1713.0, 1719.0, 1706.0, 1704.0, 1703.0, 1710.0, 1698.0, 1700.0, 1697.0, 1689.0, 1699.0, 1702.0, 1704.0, 1692.0, 1679.0, 1677.0, 1677.0, 1677.0, 1688.0, 1694.0, 1683.0, 1668.0, 1668.0, 1656.0, 1650.0, 1661.0, 1673.0, 1659.0, 1646.0, 1649.0, 1638.0, 1638.0, 1634.0, 1641.0, 1647.0, 1632.0, 1624.0, 1635.0, 1651.0, 1641.0, 1626.0, 1622.0, 1606.0, 1612.0, 1614.0, 1595.0, 1574.0, 1579.0, 1588.0, 1599.0, 1596.0, 1587.0, 1573.0, 1571.0, 1582.0, 1543.0, 1547.0, 1538.0, 1544.0, 1534.0, 1525.0, 1519.0, 1506.0, 1521.0, 1521.0, 1504.0, 1510.0, 1510.0, 1505.0, 1497.0, 1494.0, 1487.0, 1506.0, 1481.0, 1472.0, 1467.0, 1448.0, 1448.0, 1444.0, 1440.0, 1436.0, 1432.0, 1459.0, 1433.0, 1432.0, 1426.0, 1426.0, 1422.0, 1426.0, 1430.0, 1419.0, 1422.0, 1422.0, 1417.0, 1416.0, 1411.0, 1395.0, 1399.0, 1394.0, 1379.0, 1383.0, 1373.0, 1369.0, 1367.0, 1370.0, 1375.0, 1378.0, 1381.0, 1375.0, 1368.0, 1359.0, 1349.0, 1353.0, 1350.0, 1347.0, 1342.0, 1364.0, 1341.0, 1327.0, 1320.0, 1325.0, 1337.0, 1332.0, 1332.0, 1346.0, 1346.0, 1335.0, 1327.0, 1312.0, 1312.0, 1318.0, 1312.0, 1324.0, 1324.0, 1313.0, 1315.0, 1311.0, 1304.0, 1301.0, 1305.0, 1303.0, 1283.0, 1294.0, 1289.0, 1300.0, 1285.0, 1276.0, 1265.0, 1297.0, 1271.0, 1251.0, 1277.0, 1270.0, 1267.0, 1260.0, 1252.0, 1265.0, 1261.0, 1278.0, 1280.0, 1280.0, 1248.0, 1251.0, 1255.0, 1255.0, 1265.0, 1246.0, 1280.0, 1258.0, 1246.0, 1272.0, 1272.0, 1262.0, 1253.0, 1249.0, 1241.0, 1237.0, 1237.0, 1254.0, 1241.0, 1255.0, 1245.0, 1245.0, 1260.0, 1250.0, 1245.0, 1253.0, 1256.0, 1265.0, 1263.0, 1268.0, 1259.0, 1259.0, 1247.0, 1240.0, 1259.0, 1274.0, 1288.0, 1249.0, 1255.0, 1265.0, 1265.0, 1276.0, 1288.0, 1284.0, 1279.0, 1279.0, 1301.0, 1294.0, 1277.0, 1289.0, 1283.0, 1291.0, 1289.0, 1268.0, 1294.0, 1301.0, 1291.0, 1295.0, 1296.0, 1295.0, 1295.0, 1312.0, 1306.0, 1294.0, 1291.0, 1294.0, 1301.0, 1318.0, 1310.0, 1303.0, 1301.0, 1315.0, 1330.0, 1325.0, 1322.0, 1312.0, 1323.0, 1345.0, 1327.0, 1323.0, 1324.0, 1332.0, 1329.0, 1332.0, 1335.0, 1335.0, 1344.0, 1350.0, 1364.0, 1337.0, 1336.0, 1355.0, 1366.0, 1359.0, 1359.0, 1364.0, 1363.0, 1368.0, 1374.0, 1367.0, 1368.0, 1363.0, 1366.0, 1362.0, 1359.0, 1368.0, 1361.0, 1383.0, 1393.0, 1405.0, 1402.0, 1411.0, 1411.0, 1398.0, 1407.0, 1393.0, 1403.0, 1398.0, 1409.0, 1410.0, 1411.0, 1420.0, 1429.0, 1386.0, 1407.0, 1408.0, 1412.0, 1413.0, 1409.0, 1418.0, 1403.0, 1428.0, 1413.0, 1422.0, 1416.0, 1410.0, 1411.0, 1426.0, 1433.0, 1437.0, 1436.0, 1436.0]