header: 
  seq: 2623
  stamp: 
    secs: 1548820822
    nsecs: 790641669
  frame_id: "base_link"
angle_min: -2.35619449615
angle_max: 2.35619449615
angle_increment: 0.00436332309619
time_increment: 1.73611151695e-05
scan_time: 0.0250000003725
range_min: 0.019999999553
range_max: 30.0
ranges: [0.3269999921321869, 0.33500000834465027, 0.35100001096725464, 0.35199999809265137, 0.35199999809265137, 0.3490000069141388, 0.3479999899864197, 0.3479999899864197, 0.3440000116825104, 0.33899998664855957, 0.33399999141693115, 0.3310000002384186, 0.3310000002384186, 0.3319999873638153, 0.33500000834465027, 0.3199999928474426, 0.31299999356269836, 0.3009999990463257, 0.257999986410141, 0.2849999964237213, 0.3160000145435333, 0.3310000002384186, 0.33000001311302185, 0.32100000977516174, 0.32100000977516174, 0.3269999921321869, 0.32899999618530273, 0.33000001311302185, 0.3240000009536743, 0.3409999907016754, 0.3330000042915344, 0.3269999921321869, 0.328000009059906, 0.328000009059906, 0.33500000834465027, 0.3310000002384186, 0.3319999873638153, 0.33399999141693115, 0.33399999141693115, 0.3319999873638153, 0.3269999921321869, 0.32499998807907104, 0.328000009059906, 0.3310000002384186, 0.33500000834465027, 0.33399999141693115, 0.33399999141693115, 0.33399999141693115, 0.32600000500679016, 0.3240000009536743, 0.32600000500679016, 0.32600000500679016, 0.33000001311302185, 0.328000009059906, 0.32600000500679016, 0.3240000009536743, 0.32600000500679016, 0.3310000002384186, 0.33000001311302185, 0.33000001311302185, 0.32600000500679016, 0.32199999690055847, 0.32199999690055847, 0.32199999690055847, 0.3199999928474426, 0.3269999921321869, 0.3269999921321869, 0.33799999952316284, 0.3319999873638153, 0.3310000002384186, 0.33500000834465027, 0.3269999921321869, 0.32899999618530273, 0.3370000123977661, 0.33399999141693115, 0.33000001311302185, 0.33000001311302185, 0.33399999141693115, 0.33399999141693115, 0.32600000500679016, 0.33399999141693115, 0.3370000123977661, 0.33399999141693115, 0.328000009059906, 0.3319999873638153, 0.32600000500679016, 0.3310000002384186, 0.33000001311302185, 0.33500000834465027, 0.3370000123977661, 0.33399999141693115, 0.33399999141693115, 0.32899999618530273, 0.33399999141693115, 0.3310000002384186, 0.32899999618530273, 0.33000001311302185, 0.335999995470047, 0.33399999141693115, 0.33000001311302185, 0.3310000002384186, 0.3310000002384186, 0.335999995470047, 0.3330000042915344, 0.3330000042915344, 0.3330000042915344, 0.3330000042915344, 0.3330000042915344, 0.335999995470047, 0.33799999952316284, 0.3370000123977661, 0.335999995470047, 0.3319999873638153, 0.3319999873638153, 0.32899999618530273, 0.3319999873638153, 0.33500000834465027, 0.33399999141693115, 0.33399999141693115, 0.3319999873638153, 0.3370000123977661, 0.3370000123977661, 0.335999995470047, 0.33500000834465027, 0.33399999141693115, 0.3449999988079071, 0.33500000834465027, 0.33500000834465027, 0.3370000123977661, 0.3409999907016754, 0.34200000762939453, 0.3449999988079071, 0.34200000762939453, 0.3409999907016754, 0.3409999907016754, 0.34299999475479126, 0.34299999475479126, 0.34599998593330383, 0.3490000069141388, 0.3479999899864197, 0.3440000116825104, 0.3449999988079071, 0.34200000762939453, 0.34200000762939453, 0.34200000762939453, 0.3409999907016754, 0.3409999907016754, 0.34200000762939453, 0.34200000762939453, 0.33899998664855957, 0.33899998664855957, 0.33799999952316284, 0.3440000116825104, 0.3490000069141388, 0.35100001096725464, 0.35499998927116394, 0.3540000021457672, 0.3479999899864197, 0.3479999899864197, 0.34599998593330383, 0.3440000116825104, 0.3400000035762787, 0.3409999907016754, 0.3449999988079071, 0.34200000762939453, 0.35499998927116394, 0.3499999940395355, 0.3499999940395355, 0.3499999940395355, 0.3490000069141388, 0.3569999933242798, 0.35199999809265137, 0.3540000021457672, 0.3540000021457672, 0.35100001096725464, 0.3490000069141388, 0.3449999988079071, 0.34299999475479126, 0.3440000116825104, 0.3479999899864197, 0.3490000069141388, 0.35100001096725464, 0.35100001096725464, 0.3479999899864197, 0.3490000069141388, 0.35600000619888306, 0.35499998927116394, 0.35499998927116394, 0.3529999852180481, 0.35199999809265137, 0.35199999809265137, 0.3540000021457672, 0.3529999852180481, 0.35100001096725464, 0.3529999852180481, 0.3569999933242798, 0.3580000102519989, 0.3580000102519989, 0.3580000102519989, 0.3610000014305115, 0.3580000102519989, 0.3619999885559082, 0.36500000953674316, 0.3610000014305115, 0.35899999737739563, 0.367000013589859, 0.367000013589859, 0.36500000953674316, 0.36500000953674316, 0.3659999966621399, 0.3659999966621399, 0.3720000088214874, 0.3709999918937683, 0.3720000088214874, 0.37700000405311584, 0.3790000081062317, 0.3700000047683716, 0.3700000047683716, 0.3720000088214874, 0.37599998712539673, 0.38100001215934753, 0.38499999046325684, 0.3869999945163727, 0.3869999945163727, 0.3869999945163727, 0.3840000033378601, 0.39100000262260437, 0.3889999985694885, 0.3889999985694885, 0.4000000059604645, 0.4000000059604645, 0.4009999930858612, 0.4050000011920929, 0.40799999237060547, 0.40799999237060547, 0.4090000092983246, 0.4000000059604645, 0.4000000059604645, 0.41100001335144043, 0.414000004529953, 0.41499999165534973, 0.414000004529953, 0.414000004529953, 0.4099999964237213, 0.414000004529953, 0.414000004529953, 0.41499999165534973, 0.421999990940094, 0.42800000309944153, 0.42899999022483826, 0.4309999942779541, 0.4350000023841858, 0.43700000643730164, 0.4350000023841858, 0.4320000112056732, 0.4339999854564667, 0.4359999895095825, 0.4359999895095825, 0.44200000166893005, 0.4490000009536743, 0.45100000500679016, 0.45100000500679016, 0.44699999690055847, 0.44699999690055847, 0.4490000009536743, 0.4519999921321869, 0.45100000500679016, 0.4580000042915344, 0.4569999873638153, 0.46000000834465027, 0.46000000834465027, 0.4690000116825104, 0.4690000116825104, 0.4690000116825104, 0.4729999899864197, 0.47699999809265137, 0.4779999852180481, 0.4830000102519989, 0.48500001430511475, 0.48500001430511475, 0.48500001430511475, 0.4860000014305115, 0.48500001430511475, 0.48500001430511475, 0.4909999966621399, 0.4970000088214874, 0.5009999871253967, 0.5009999871253967, 0.5, 0.5009999871253967, 0.5059999823570251, 0.5130000114440918, 0.5230000019073486, 0.5249999761581421, 0.5249999761581421, 0.5239999890327454, 0.5239999890327454, 0.5360000133514404, 0.5400000214576721, 0.5400000214576721, 0.5389999747276306, 0.5429999828338623, 0.5460000038146973, 0.5479999780654907, 0.5509999990463257, 0.5529999732971191, 0.5550000071525574, 0.5640000104904175, 0.5690000057220459, 0.574999988079071, 0.5770000219345093, 0.5809999704360962, 0.5839999914169312, 0.5820000171661377, 0.5879999995231628, 0.5910000205039978, 0.597000002861023, 0.6029999852180481, 0.609000027179718, 0.6100000143051147, 0.6100000143051147, 0.6269999742507935, 0.628000020980835, 0.6320000290870667, 0.6320000290870667, 0.6309999823570251, 0.640999972820282, 0.6510000228881836, 0.6539999842643738, 0.6620000004768372, 0.6610000133514404, 0.6710000038146973, 0.675000011920929, 0.6840000152587891, 0.6890000104904175, 0.6899999976158142, 0.7080000042915344, 0.7070000171661377, 0.7200000286102295, 0.7319999933242798, 0.7699999809265137, 0.8379999995231628, 0.9440000057220459, 2.0880000591278076, 2.0829999446868896, 2.0799999237060547, 2.072000026702881, 2.069000005722046, 2.056999921798706, 2.0460000038146973, 2.0439999103546143, 2.0339999198913574, 2.0269999504089355, 2.0220000743865967, 2.0220000743865967, 2.010999917984009, 1.9989999532699585, 1.9880000352859497, 1.9819999933242798, 1.9789999723434448, 1.9670000076293945, 1.9600000381469727, 1.9550000429153442, 1.940999984741211, 1.940000057220459, 1.9290000200271606, 1.9259999990463257, 1.9259999990463257, 1.9140000343322754, 1.9049999713897705, 1.902999997138977, 1.899999976158142, 1.8919999599456787, 1.8760000467300415, 1.8730000257492065, 1.8680000305175781, 1.8639999628067017, 1.8509999513626099, 1.8480000495910645, 1.847000002861023, 1.840000033378601, 1.8270000219345093, 1.8229999542236328, 1.8109999895095825, 1.812000036239624, 1.8109999895095825, 1.809000015258789, 1.8020000457763672, 1.7920000553131104, 1.7879999876022339, 1.784000039100647, 1.7799999713897705, 1.7760000228881836, 1.7699999809265137, 1.7610000371932983, 1.75600004196167, 1.7549999952316284, 1.7510000467300415, 1.7480000257492065, 1.7380000352859497, 1.7339999675750732, 1.7300000190734863, 1.725000023841858, 1.7209999561309814, 1.715000033378601, 1.7100000381469727, 1.7070000171661377, 1.7000000476837158, 1.6990000009536743, 1.6990000009536743, 1.6990000009536743, 1.690999984741211, 1.6920000314712524, 1.6799999475479126, 1.6759999990463257, 1.6770000457763672, 1.6740000247955322, 1.6679999828338623, 1.6679999828338623, 1.6660000085830688, 1.6629999876022339, 1.652999997138977, 1.6510000228881836, 1.6510000228881836, 1.6480000019073486, 1.6440000534057617, 1.6419999599456787, 1.6339999437332153, 1.6269999742507935, 1.6260000467300415, 1.625, 1.6239999532699585, 1.621999979019165, 1.621000051498413, 1.6059999465942383, 1.6059999465942383, 1.6039999723434448, 1.5989999771118164, 1.590999960899353, 1.5880000591278076, 1.5880000591278076, 1.5859999656677246, 1.5779999494552612, 1.5740000009536743, 1.5679999589920044, 1.569000005722046, 1.569000005722046, 1.565999984741211, 1.562999963760376, 1.559000015258789, 1.559000015258789, 1.5579999685287476, 1.5540000200271606, 1.5549999475479126, 1.5410000085830688, 1.5410000085830688, 1.5449999570846558, 1.5379999876022339, 1.5360000133514404, 1.5329999923706055, 1.531000018119812, 1.531999945640564, 1.5290000438690186, 1.5260000228881836, 1.5160000324249268, 1.5160000324249268, 1.5119999647140503, 1.503000020980835, 1.5010000467300415, 1.503000020980835, 1.5010000467300415, 1.496000051498413, 1.4889999628067017, 1.4869999885559082, 1.4809999465942383, 1.4780000448226929, 1.4739999771118164, 1.4700000286102295, 1.4670000076293945, 1.4600000381469727, 1.4630000591278076, 1.4539999961853027, 1.4529999494552612, 1.4470000267028809, 1.440000057220459, 1.437999963760376, 1.4359999895095825, 1.434000015258789, 1.4259999990463257, 1.4240000247955322, 1.4179999828338623, 1.4179999828338623, 1.4149999618530273, 1.4040000438690186, 1.399999976158142, 1.3969999551773071, 1.3980000019073486, 1.3799999952316284, 1.3799999952316284, 1.378999948501587, 1.371000051498413, 1.3630000352859497, 1.3660000562667847, 1.3600000143051147, 1.3539999723434448, 1.3550000190734863, 1.3569999933242798, 1.3450000286102295, 1.3420000076293945, 1.3300000429153442, 1.3229999542236328, 1.3200000524520874, 1.315000057220459, 1.3140000104904175, 1.3079999685287476, 1.3020000457763672, 1.3020000457763672, 1.3009999990463257, 1.2949999570846558, 1.2869999408721924, 1.281999945640564, 1.281999945640564, 1.281000018119812, 1.2690000534057617, 1.2610000371932983, 1.2589999437332153, 1.2569999694824219, 1.253000020980835, 1.2519999742507935, 1.2480000257492065, 1.2480000257492065, 1.2480000257492065, 1.2280000448226929, 1.222000002861023, 1.2209999561309814, 1.218000054359436, 1.2139999866485596, 1.2079999446868896, 1.2059999704360962, 1.1990000009536743, 1.1959999799728394, 1.180999994277954, 1.180999994277954, 1.180999994277954, 1.1710000038146973, 1.1640000343322754, 1.1579999923706055, 1.149999976158142, 1.1469999551773071, 1.1430000066757202, 1.1349999904632568, 1.1319999694824219, 1.1239999532699585, 1.1200000047683716, 1.121000051498413, 1.1150000095367432, 1.1059999465942383, 1.1030000448226929, 1.100000023841858, 1.0920000076293945, 1.0829999446868896, 1.0809999704360962, 1.0750000476837158, 1.0709999799728394, 1.062000036239624, 1.059000015258789, 1.059999942779541, 1.055999994277954, 1.0479999780654907, 1.0410000085830688, 1.0360000133514404, 1.0299999713897705, 1.0269999504089355, 1.0190000534057617, 1.0140000581741333, 1.0069999694824219, 0.9950000047683716, 0.9869999885559082, 0.9879999756813049, 0.9769999980926514, 0.9710000157356262, 0.9649999737739563, 0.9620000123977661, 0.9610000252723694, 0.953000009059906, 0.949999988079071, 0.9330000281333923, 0.9309999942779541, 0.9350000023841858, 0.9350000023841858, 0.9350000023841858, 0.9229999780654907, 0.9150000214576721, 0.9150000214576721, 0.906000018119812, 0.8989999890327454, 0.8930000066757202, 0.8930000066757202, 0.8930000066757202, 0.8790000081062317, 0.8730000257492065, 0.8730000257492065, 0.871999979019165, 0.8650000095367432, 0.8600000143051147, 0.8579999804496765, 0.8579999804496765, 0.8510000109672546, 0.8399999737739563, 0.8389999866485596, 0.8420000076293945, 0.8360000252723694, 0.8339999914169312, 0.8339999914169312, 0.8320000171661377, 0.8190000057220459, 0.8169999718666077, 0.8130000233650208, 0.8119999766349792, 0.8090000152587891, 0.8040000200271606, 0.8009999990463257, 0.7960000038146973, 0.7950000166893005, 0.7910000085830688, 0.7919999957084656, 0.7889999747276306, 0.7889999747276306, 0.7879999876022339, 0.7760000228881836, 0.7730000019073486, 0.7630000114440918, 0.7609999775886536, 0.7609999775886536, 0.7609999775886536, 0.7580000162124634, 0.7570000290870667, 0.7549999952316284, 0.7480000257492065, 0.7440000176429749, 0.7409999966621399, 0.7390000224113464, 0.7369999885559082, 0.7369999885559082, 0.7300000190734863, 0.7260000109672546, 0.722000002861023, 0.7179999947547913, 0.718999981880188, 0.7200000286102295, 0.7160000205039978, 0.7089999914169312, 0.7059999704360962, 0.703000009059906, 0.6990000009536743, 0.6990000009536743, 0.6990000009536743, 0.6990000009536743, 0.6819999814033508, 0.6830000281333923, 0.6880000233650208, 0.6890000104904175, 0.6859999895095825, 0.6830000281333923, 0.6830000281333923, 0.6830000281333923, 0.6830000281333923, 0.6759999990463257, 0.6700000166893005, 0.6700000166893005, 0.6700000166893005, 0.6710000038146973, 0.6690000295639038, 0.6690000295639038, 0.6679999828338623, 0.6629999876022339, 0.6589999794960022, 0.6579999923706055, 0.6589999794960022, 0.6579999923706055, 0.652999997138977, 0.652999997138977, 0.6520000100135803, 0.6520000100135803, 0.6499999761581421, 0.6449999809265137, 0.640999972820282, 0.6430000066757202, 0.6430000066757202, 0.6389999985694885, 0.6380000114440918, 0.6370000243186951, 0.6370000243186951, 0.6389999985694885, 0.6359999775886536, 0.6299999952316284, 0.6299999952316284, 0.625, 0.6290000081062317, 0.6209999918937683, 0.6240000128746033, 0.621999979019165, 0.621999979019165, 0.621999979019165, 0.6190000176429749, 0.6200000047683716, 0.6209999918937683, 0.6150000095367432, 0.6150000095367432, 0.6150000095367432, 0.6129999756813049, 0.6129999756813049, 0.6150000095367432, 0.6129999756813049, 0.6110000014305115, 0.6100000143051147, 0.6050000190734863, 0.6019999980926514, 0.5989999771118164, 0.6110000014305115, 0.6010000109672546, 0.6010000109672546, 0.597000002861023, 0.6000000238418579, 0.6039999723434448, 0.597000002861023, 0.597000002861023, 0.5950000286102295, 0.593999981880188, 0.5950000286102295, 0.5950000286102295, 0.5960000157356262, 0.593999981880188, 0.5960000157356262, 0.5989999771118164, 0.5920000076293945, 0.5879999995231628, 0.5870000123977661, 0.5870000123977661, 0.5830000042915344, 0.5849999785423279, 0.5849999785423279, 0.5899999737739563, 0.578000009059906, 0.578000009059906, 0.578000009059906, 0.578000009059906, 0.578000009059906, 0.574999988079071, 0.5820000171661377, 0.5809999704360962, 0.5839999914169312, 0.5799999833106995, 0.5809999704360962, 0.5789999961853027, 0.5759999752044678, 0.5770000219345093, 0.574999988079071, 0.5820000171661377, 0.5799999833106995, 0.5770000219345093, 0.574999988079071, 0.5730000138282776, 0.5720000267028809, 0.5720000267028809, 0.5789999961853027, 0.5699999928474426, 0.5699999928474426, 0.5759999752044678, 0.5709999799728394, 0.5680000185966492, 0.5640000104904175, 0.5669999718666077, 0.5680000185966492, 0.5680000185966492, 0.5630000233650208, 0.5640000104904175, 0.5699999928474426, 0.5709999799728394, 0.5690000057220459, 0.5690000057220459, 0.5680000185966492, 0.5669999718666077, 0.5740000009536743, 0.5709999799728394, 0.5740000009536743, 0.5680000185966492, 0.5640000104904175, 0.5669999718666077, 0.5699999928474426, 0.5699999928474426, 0.5730000138282776, 0.5759999752044678, 0.5709999799728394, 0.5690000057220459, 0.5690000057220459, 0.5619999766349792, 0.5600000023841858, 0.5600000023841858, 0.5640000104904175, 0.5640000104904175, 0.5619999766349792, 0.5580000281333923, 0.5640000104904175, 0.5609999895095825, 0.5619999766349792, 0.5619999766349792, 0.5580000281333923, 0.5690000057220459, 0.5659999847412109, 0.5669999718666077, 0.5669999718666077, 0.5680000185966492, 0.5669999718666077, 0.5680000185966492, 0.5699999928474426, 0.5690000057220459, 0.5659999847412109, 0.5640000104904175, 0.5630000233650208, 0.5730000138282776, 0.5730000138282776, 0.5740000009536743, 0.574999988079071, 0.5740000009536743, 0.578000009059906, 0.5799999833106995, 0.5820000171661377, 0.5680000185966492, 0.5630000233650208, 0.5709999799728394, 0.5730000138282776, 0.5740000009536743, 0.5699999928474426, 0.5730000138282776, 0.5730000138282776, 0.5709999799728394, 0.5690000057220459, 0.574999988079071, 0.5730000138282776, 0.5720000267028809, 0.5759999752044678, 0.5770000219345093, 0.5720000267028809, 0.5720000267028809, 0.574999988079071, 0.5809999704360962, 0.5839999914169312, 0.5879999995231628, 0.5870000123977661, 0.5830000042915344, 0.5830000042915344, 0.5860000252723694, 0.5889999866485596, 0.5889999866485596, 0.5889999866485596, 0.5899999737739563, 0.5920000076293945, 0.5920000076293945, 0.5860000252723694, 0.5860000252723694, 0.5910000205039978, 0.5910000205039978, 0.5920000076293945, 0.593999981880188, 0.5979999899864197, 0.6010000109672546, 0.5989999771118164, 0.5979999899864197, 0.6039999723434448, 0.6039999723434448, 0.6039999723434448, 0.6029999852180481, 0.6019999980926514, 0.6029999852180481, 0.6029999852180481, 0.609000027179718, 0.6140000224113464, 0.6060000061988831, 0.6039999723434448, 0.6069999933242798, 0.6129999756813049, 0.6110000014305115, 0.6110000014305115, 0.6110000014305115, 0.6110000014305115, 0.6100000143051147, 0.6079999804496765, 0.6110000014305115, 0.6140000224113464, 0.6190000176429749, 0.6159999966621399, 0.6209999918937683, 0.6200000047683716, 0.6200000047683716, 0.6190000176429749, 0.6179999709129333, 0.6200000047683716, 0.6230000257492065, 0.6259999871253967, 0.6269999742507935, 0.625, 0.6240000128746033, 0.6269999742507935, 0.6309999823570251, 0.6330000162124634, 0.6330000162124634, 0.6330000162124634, 0.6370000243186951, 0.640999972820282, 0.6399999856948853, 0.640999972820282, 0.6399999856948853, 0.6399999856948853, 0.640999972820282, 0.6399999856948853, 0.6470000147819519, 0.6449999809265137, 0.6449999809265137, 0.6449999809265137, 0.6439999938011169, 0.6480000019073486, 0.656000018119812, 0.656000018119812, 0.6610000133514404, 0.6570000052452087, 0.6570000052452087, 0.6579999923706055, 0.6600000262260437, 0.6589999794960022, 0.6589999794960022, 0.6610000133514404, 0.6710000038146973, 0.675000011920929, 0.6740000247955322, 0.6740000247955322, 0.675000011920929, 0.675000011920929, 0.6790000200271606, 0.6809999942779541, 0.6809999942779541, 0.6869999766349792, 0.6880000233650208, 0.6869999766349792, 0.6869999766349792, 0.6869999766349792, 0.6909999847412109, 0.6840000152587891, 0.6940000057220459, 0.6940000057220459, 0.7020000219345093, 0.7039999961853027, 0.7009999752044678, 0.7020000219345093, 0.7080000042915344, 0.7149999737739563, 0.7149999737739563, 0.7110000252723694, 0.7070000171661377, 0.7160000205039978, 0.7250000238418579, 0.7239999771118164, 0.7229999899864197, 0.7260000109672546, 0.7289999723434448, 0.7319999933242798, 0.7289999723434448, 0.7269999980926514, 0.7329999804496765, 0.734000027179718, 0.7360000014305115, 0.7360000014305115, 0.7440000176429749, 0.7480000257492065, 0.7559999823570251, 0.7559999823570251, 0.7519999742507935, 0.7549999952316284, 0.7590000033378601, 0.7609999775886536, 0.7639999985694885, 0.7699999809265137, 0.7720000147819519, 0.7720000147819519, 0.7699999809265137, 0.7699999809265137, 0.7749999761581421, 0.7770000100135803, 0.7799999713897705, 0.7829999923706055, 0.7889999747276306, 0.7879999876022339, 0.7889999747276306, 0.7879999876022339, 0.7900000214576721, 0.7940000295639038, 0.7990000247955322, 0.8050000071525574, 0.8050000071525574, 0.8059999942779541, 0.8069999814033508, 0.8130000233650208, 0.8130000233650208, 0.8190000057220459, 0.8209999799728394, 0.8230000138282776, 0.8220000267028809, 0.8230000138282776, 0.824999988079071, 0.8289999961853027, 0.8299999833106995, 0.8309999704360962, 0.8299999833106995, 0.8199999928474426, 0.8240000009536743, 0.8240000009536743, 0.828000009059906, 0.8289999961853027, 0.8320000171661377, 0.8339999914169312, 0.8389999866485596, 0.8389999866485596, 0.8370000123977661, 0.8370000123977661, 0.8349999785423279, 0.8339999914169312, 0.8389999866485596, 0.8429999947547913, 0.8429999947547913, 0.8389999866485596, 0.8389999866485596, 0.8450000286102295, 0.8450000286102295, 0.8399999737739563, 0.8399999737739563, 0.8460000157356262, 0.859000027179718, 0.8579999804496765, 0.8610000014305115, 0.859000027179718, 0.8619999885559082, 0.8650000095367432, 0.8659999966621399, 0.8659999966621399, 0.8659999966621399, 0.8730000257492065, 0.8690000176429749, 0.8769999742507935, 0.8709999918937683, 0.8709999918937683, 0.8669999837875366, 0.8740000128746033, 0.8740000128746033, 0.8740000128746033, 0.8690000176429749, 0.8650000095367432, 0.8669999837875366, 0.875, 0.8799999952316284, 0.8840000033378601, 0.890999972820282, 0.890999972820282, 0.8849999904632568, 0.8840000033378601, 0.8930000066757202, 0.8980000019073486, 0.902999997138977, 0.9070000052452087, 0.9160000085830688, 0.9240000247955322, 0.9259999990463257, 0.9240000247955322, 0.9290000200271606, 0.9309999942779541, 0.9359999895095825, 0.9369999766349792, 0.9350000023841858, 0.9359999895095825, 0.9430000185966492, 0.949999988079071, 0.9459999799728394]
intensities: [1128.0, 1184.0, 1326.0, 1352.0, 1465.0, 1557.0, 1571.0, 1571.0, 1599.0, 1604.0, 1598.0, 1574.0, 1545.0, 1452.0, 1439.0, 1196.0, 1084.0, 966.0, 835.0, 860.0, 930.0, 988.0, 1013.0, 1030.0, 1030.0, 1064.0, 1102.0, 1145.0, 1186.0, 1479.0, 1540.0, 1590.0, 1628.0, 1628.0, 1680.0, 1662.0, 1680.0, 1691.0, 1691.0, 1694.0, 1671.0, 1681.0, 1661.0, 1653.0, 1642.0, 1647.0, 1648.0, 1641.0, 1660.0, 1656.0, 1619.0, 1619.0, 1621.0, 1618.0, 1608.0, 1598.0, 1600.0, 1604.0, 1588.0, 1588.0, 1591.0, 1592.0, 1595.0, 1594.0, 1590.0, 1575.0, 1575.0, 1556.0, 1567.0, 1573.0, 1564.0, 1556.0, 1547.0, 1544.0, 1544.0, 1545.0, 1548.0, 1552.0, 1552.0, 1549.0, 1543.0, 1544.0, 1545.0, 1545.0, 1547.0, 1544.0, 1538.0, 1534.0, 1532.0, 1525.0, 1536.0, 1523.0, 1516.0, 1518.0, 1500.0, 1493.0, 1484.0, 1479.0, 1470.0, 1476.0, 1469.0, 1469.0, 1463.0, 1468.0, 1468.0, 1468.0, 1469.0, 1469.0, 1457.0, 1472.0, 1464.0, 1458.0, 1453.0, 1453.0, 1455.0, 1450.0, 1439.0, 1415.0, 1415.0, 1422.0, 1416.0, 1416.0, 1402.0, 1409.0, 1412.0, 1421.0, 1403.0, 1403.0, 1390.0, 1370.0, 1383.0, 1366.0, 1363.0, 1379.0, 1379.0, 1362.0, 1362.0, 1348.0, 1324.0, 1320.0, 1329.0, 1314.0, 1317.0, 1300.0, 1309.0, 1280.0, 1275.0, 1287.0, 1296.0, 1285.0, 1285.0, 1275.0, 1283.0, 1288.0, 1262.0, 1268.0, 1269.0, 1274.0, 1274.0, 1274.0, 1263.0, 1261.0, 1256.0, 1263.0, 1246.0, 1262.0, 1225.0, 1238.0, 1261.0, 1247.0, 1244.0, 1237.0, 1224.0, 1224.0, 1229.0, 1233.0, 1222.0, 1167.0, 1194.0, 1189.0, 1181.0, 1189.0, 1183.0, 1176.0, 1171.0, 1170.0, 1147.0, 1147.0, 1135.0, 1150.0, 1149.0, 1144.0, 1136.0, 1136.0, 1137.0, 1135.0, 1137.0, 1135.0, 1135.0, 1118.0, 1102.0, 1124.0, 1140.0, 1129.0, 1129.0, 1135.0, 1137.0, 1134.0, 1125.0, 1127.0, 1127.0, 1134.0, 1130.0, 1129.0, 1133.0, 1143.0, 1105.0, 1105.0, 1117.0, 1136.0, 1143.0, 1143.0, 1127.0, 1113.0, 1113.0, 1112.0, 1152.0, 1143.0, 1140.0, 1140.0, 1143.0, 1147.0, 1132.0, 1130.0, 1117.0, 1125.0, 1120.0, 1122.0, 1118.0, 1122.0, 1139.0, 1133.0, 1133.0, 1118.0, 1128.0, 1122.0, 1128.0, 1118.0, 1126.0, 1122.0, 1114.0, 1125.0, 1132.0, 1122.0, 1121.0, 1112.0, 1113.0, 1113.0, 1120.0, 1137.0, 1129.0, 1113.0, 1107.0, 1111.0, 1106.0, 1101.0, 1101.0, 1117.0, 1120.0, 1119.0, 1122.0, 1131.0, 1141.0, 1143.0, 1134.0, 1146.0, 1140.0, 1133.0, 1145.0, 1140.0, 1143.0, 1133.0, 1116.0, 1112.0, 1127.0, 1130.0, 1132.0, 1134.0, 1123.0, 1121.0, 1124.0, 1128.0, 1127.0, 1128.0, 1130.0, 1135.0, 1135.0, 1136.0, 1144.0, 1144.0, 1135.0, 1133.0, 1122.0, 1129.0, 1127.0, 1129.0, 1141.0, 1116.0, 1128.0, 1135.0, 1121.0, 1139.0, 1152.0, 1133.0, 1146.0, 1140.0, 1137.0, 1137.0, 1134.0, 1118.0, 1109.0, 1140.0, 1121.0, 1137.0, 1133.0, 1122.0, 1122.0, 1136.0, 1144.0, 1144.0, 1130.0, 1129.0, 1122.0, 1119.0, 1120.0, 1106.0, 1115.0, 1108.0, 1122.0, 1101.0, 1164.0, 1477.0, 1500.0, 969.0, 968.0, 980.0, 977.0, 988.0, 991.0, 994.0, 999.0, 998.0, 1005.0, 1010.0, 1011.0, 1015.0, 1018.0, 1027.0, 1032.0, 1035.0, 1023.0, 1033.0, 1032.0, 1031.0, 1041.0, 1036.0, 1036.0, 1046.0, 1045.0, 1050.0, 1050.0, 1056.0, 1053.0, 1053.0, 1059.0, 1055.0, 1063.0, 1048.0, 1047.0, 1078.0, 1078.0, 1073.0, 1073.0, 1059.0, 1077.0, 1077.0, 1068.0, 1085.0, 1093.0, 1087.0, 1087.0, 1091.0, 1102.0, 1099.0, 1087.0, 1088.0, 1103.0, 1101.0, 1105.0, 1108.0, 1108.0, 1117.0, 1110.0, 1108.0, 1096.0, 1098.0, 1113.0, 1103.0, 1099.0, 1101.0, 1099.0, 1082.0, 1091.0, 1085.0, 1085.0, 1094.0, 1098.0, 1102.0, 1118.0, 1122.0, 1112.0, 1122.0, 1106.0, 1106.0, 1115.0, 1110.0, 1104.0, 1107.0, 1107.0, 1107.0, 1104.0, 1102.0, 1113.0, 1111.0, 1097.0, 1095.0, 1107.0, 1126.0, 1128.0, 1124.0, 1124.0, 1113.0, 1120.0, 1124.0, 1108.0, 1125.0, 1125.0, 1135.0, 1126.0, 1096.0, 1096.0, 1115.0, 1128.0, 1133.0, 1114.0, 1120.0, 1139.0, 1134.0, 1126.0, 1137.0, 1145.0, 1139.0, 1148.0, 1134.0, 1125.0, 1143.0, 1114.0, 1123.0, 1125.0, 1135.0, 1139.0, 1144.0, 1138.0, 1123.0, 1135.0, 1131.0, 1146.0, 1147.0, 1140.0, 1126.0, 1139.0, 1123.0, 1121.0, 1140.0, 1130.0, 1134.0, 1149.0, 1139.0, 1115.0, 1124.0, 1112.0, 1112.0, 1128.0, 1115.0, 1117.0, 1113.0, 1120.0, 1099.0, 1099.0, 1130.0, 1119.0, 1108.0, 1126.0, 1117.0, 1109.0, 1119.0, 1133.0, 1107.0, 1115.0, 1106.0, 1103.0, 1118.0, 1114.0, 1111.0, 1113.0, 1112.0, 1116.0, 1132.0, 1122.0, 1118.0, 1118.0, 1120.0, 1131.0, 1130.0, 1130.0, 1127.0, 1133.0, 1134.0, 1134.0, 1138.0, 1138.0, 1141.0, 1144.0, 1136.0, 1142.0, 1150.0, 1142.0, 1153.0, 1149.0, 1143.0, 1149.0, 1145.0, 1140.0, 1145.0, 1137.0, 1157.0, 1159.0, 1148.0, 1160.0, 1174.0, 1171.0, 1177.0, 1164.0, 1170.0, 1174.0, 1173.0, 1181.0, 1183.0, 1180.0, 1190.0, 1194.0, 1192.0, 1182.0, 1204.0, 1179.0, 1185.0, 1177.0, 1199.0, 1189.0, 1204.0, 1191.0, 1206.0, 1201.0, 1188.0, 1202.0, 1210.0, 1207.0, 1223.0, 1228.0, 1209.0, 1211.0, 1212.0, 1212.0, 1206.0, 1221.0, 1218.0, 1211.0, 1197.0, 1234.0, 1234.0, 1243.0, 1269.0, 1261.0, 1275.0, 1275.0, 1278.0, 1291.0, 1297.0, 1297.0, 1302.0, 1309.0, 1310.0, 1316.0, 1314.0, 1335.0, 1342.0, 1348.0, 1343.0, 1331.0, 1348.0, 1350.0, 1344.0, 1337.0, 1365.0, 1355.0, 1357.0, 1361.0, 1390.0, 1404.0, 1427.0, 1419.0, 1417.0, 1417.0, 1422.0, 1423.0, 1433.0, 1446.0, 1446.0, 1441.0, 1472.0, 1480.0, 1487.0, 1501.0, 1468.0, 1472.0, 1474.0, 1478.0, 1492.0, 1474.0, 1502.0, 1497.0, 1500.0, 1495.0, 1508.0, 1519.0, 1519.0, 1532.0, 1551.0, 1545.0, 1539.0, 1560.0, 1540.0, 1576.0, 1580.0, 1585.0, 1576.0, 1576.0, 1588.0, 1587.0, 1613.0, 1596.0, 1605.0, 1603.0, 1597.0, 1611.0, 1625.0, 1625.0, 1630.0, 1634.0, 1629.0, 1637.0, 1650.0, 1658.0, 1658.0, 1661.0, 1657.0, 1658.0, 1650.0, 1662.0, 1662.0, 1663.0, 1663.0, 1643.0, 1643.0, 1657.0, 1648.0, 1661.0, 1669.0, 1669.0, 1674.0, 1672.0, 1671.0, 1673.0, 1679.0, 1689.0, 1698.0, 1689.0, 1682.0, 1690.0, 1679.0, 1699.0, 1702.0, 1698.0, 1705.0, 1712.0, 1717.0, 1709.0, 1734.0, 1731.0, 1730.0, 1738.0, 1733.0, 1733.0, 1734.0, 1730.0, 1725.0, 1710.0, 1723.0, 1724.0, 1743.0, 1749.0, 1749.0, 1743.0, 1742.0, 1741.0, 1754.0, 1761.0, 1754.0, 1756.0, 1758.0, 1753.0, 1753.0, 1741.0, 1743.0, 1745.0, 1744.0, 1708.0, 1755.0, 1755.0, 1728.0, 1730.0, 1730.0, 1734.0, 1721.0, 1756.0, 1756.0, 1756.0, 1741.0, 1737.0, 1760.0, 1763.0, 1767.0, 1756.0, 1764.0, 1756.0, 1759.0, 1782.0, 1779.0, 1783.0, 1780.0, 1783.0, 1784.0, 1767.0, 1751.0, 1758.0, 1757.0, 1739.0, 1739.0, 1747.0, 1763.0, 1780.0, 1763.0, 1752.0, 1764.0, 1764.0, 1737.0, 1717.0, 1701.0, 1701.0, 1704.0, 1699.0, 1698.0, 1697.0, 1694.0, 1692.0, 1694.0, 1710.0, 1703.0, 1708.0, 1713.0, 1713.0, 1710.0, 1718.0, 1711.0, 1731.0, 1731.0, 1717.0, 1704.0, 1704.0, 1710.0, 1709.0, 1723.0, 1668.0, 1692.0, 1685.0, 1681.0, 1682.0, 1683.0, 1691.0, 1682.0, 1700.0, 1700.0, 1661.0, 1657.0, 1661.0, 1664.0, 1670.0, 1668.0, 1669.0, 1671.0, 1693.0, 1693.0, 1669.0, 1646.0, 1636.0, 1651.0, 1650.0, 1649.0, 1624.0, 1604.0, 1603.0, 1603.0, 1614.0, 1618.0, 1594.0, 1576.0, 1578.0, 1574.0, 1543.0, 1534.0, 1538.0, 1527.0, 1525.0, 1535.0, 1529.0, 1522.0, 1506.0, 1514.0, 1502.0, 1475.0, 1480.0, 1481.0, 1464.0, 1483.0, 1469.0, 1468.0, 1473.0, 1480.0, 1464.0, 1463.0, 1451.0, 1450.0, 1450.0, 1432.0, 1429.0, 1428.0, 1423.0, 1413.0, 1426.0, 1401.0, 1408.0, 1394.0, 1389.0, 1378.0, 1383.0, 1391.0, 1380.0, 1378.0, 1391.0, 1356.0, 1350.0, 1355.0, 1350.0, 1350.0, 1350.0, 1351.0, 1347.0, 1329.0, 1324.0, 1319.0, 1314.0, 1310.0, 1305.0, 1296.0, 1291.0, 1294.0, 1295.0, 1296.0, 1281.0, 1285.0, 1293.0, 1284.0, 1276.0, 1273.0, 1262.0, 1274.0, 1274.0, 1274.0, 1264.0, 1271.0, 1270.0, 1260.0, 1251.0, 1251.0, 1229.0, 1223.0, 1249.0, 1234.0, 1222.0, 1222.0, 1215.0, 1234.0, 1257.0, 1257.0, 1252.0, 1215.0, 1218.0, 1222.0, 1213.0, 1211.0, 1232.0, 1223.0, 1219.0, 1220.0, 1214.0, 1214.0, 1208.0, 1196.0, 1200.0, 1200.0, 1200.0, 1207.0, 1212.0, 1211.0, 1209.0, 1209.0, 1214.0, 1190.0, 1232.0, 1215.0, 1207.0, 1207.0, 1204.0, 1201.0, 1201.0, 1204.0, 1204.0, 1193.0, 1199.0, 1210.0, 1227.0, 1218.0, 1212.0, 1211.0, 1206.0, 1204.0, 1211.0, 1196.0, 1211.0, 1211.0, 1218.0, 1208.0, 1226.0, 1212.0, 1220.0, 1220.0, 1214.0, 1214.0, 1239.0, 1232.0, 1228.0, 1233.0, 1240.0, 1235.0, 1235.0, 1240.0, 1266.0, 1276.0, 1276.0, 1267.0, 1284.0, 1272.0, 1273.0, 1271.0, 1275.0, 1281.0, 1281.0, 1268.0, 1270.0, 1272.0, 1280.0, 1279.0, 1286.0, 1276.0, 1269.0, 1270.0, 1265.0, 1283.0, 1298.0, 1291.0, 1281.0, 1291.0, 1292.0, 1268.0, 1274.0, 1274.0, 1292.0, 1283.0, 1289.0, 1295.0, 1288.0, 1301.0, 1298.0, 1298.0, 1309.0, 1300.0, 1294.0, 1308.0, 1308.0, 1307.0, 1322.0, 1304.0, 1304.0, 1319.0, 1319.0, 1319.0, 1308.0, 1305.0, 1308.0, 1314.0, 1320.0, 1320.0, 1326.0, 1326.0, 1326.0, 1320.0, 1317.0, 1320.0, 1339.0, 1339.0, 1338.0, 1343.0, 1343.0, 1332.0, 1350.0, 1358.0, 1364.0, 1388.0, 1354.0, 1360.0, 1355.0, 1355.0, 1374.0, 1375.0, 1360.0, 1357.0, 1316.0, 1342.0, 1349.0, 1352.0, 1356.0, 1350.0, 1348.0, 1355.0, 1370.0, 1367.0, 1377.0, 1353.0, 1350.0, 1352.0, 1348.0]