header: 
  seq: 1478
  stamp: 
    secs: 1548820794
    nsecs: 110963394
  frame_id: "base_link"
angle_min: -2.35619449615
angle_max: 2.35619449615
angle_increment: 0.00436332309619
time_increment: 1.73611151695e-05
scan_time: 0.0250000003725
range_min: 0.019999999553
range_max: 30.0
ranges: [0.34599998593330383, 0.3540000021457672, 0.36800000071525574, 0.36399999260902405, 0.36399999260902405, 0.3630000054836273, 0.3630000054836273, 0.367000013589859, 0.3709999918937683, 0.3720000088214874, 0.3610000014305115, 0.3619999885559082, 0.3630000054836273, 0.3630000054836273, 0.36399999260902405, 0.3610000014305115, 0.34599998593330383, 0.31299999356269836, 0.3149999976158142, 0.28700000047683716, 0.32100000977516174, 0.328000009059906, 0.3449999988079071, 0.3479999899864197, 0.3449999988079071, 0.34200000762939453, 0.3490000069141388, 0.3490000069141388, 0.3400000035762787, 0.3400000035762787, 0.35199999809265137, 0.3540000021457672, 0.3449999988079071, 0.3449999988079071, 0.3540000021457672, 0.3630000054836273, 0.3630000054836273, 0.3580000102519989, 0.3540000021457672, 0.35499998927116394, 0.35899999737739563, 0.36000001430511475, 0.35600000619888306, 0.3529999852180481, 0.3540000021457672, 0.34599998593330383, 0.34599998593330383, 0.3490000069141388, 0.3540000021457672, 0.36000001430511475, 0.36000001430511475, 0.35499998927116394, 0.3540000021457672, 0.35499998927116394, 0.35499998927116394, 0.3540000021457672, 0.3540000021457672, 0.36000001430511475, 0.3610000014305115, 0.3449999988079071, 0.3440000116825104, 0.3569999933242798, 0.35600000619888306, 0.35499998927116394, 0.35600000619888306, 0.3540000021457672, 0.3540000021457672, 0.35499998927116394, 0.35499998927116394, 0.3569999933242798, 0.35600000619888306, 0.3529999852180481, 0.35600000619888306, 0.36000001430511475, 0.3529999852180481, 0.35199999809265137, 0.3529999852180481, 0.3540000021457672, 0.35199999809265137, 0.35600000619888306, 0.3610000014305115, 0.3440000116825104, 0.335999995470047, 0.3529999852180481, 0.35600000619888306, 0.35600000619888306, 0.35600000619888306, 0.35199999809265137, 0.35199999809265137, 0.3499999940395355, 0.3479999899864197, 0.3479999899864197, 0.35600000619888306, 0.3659999966621399, 0.3610000014305115, 0.3580000102519989, 0.3580000102519989, 0.35899999737739563, 0.35899999737739563, 0.3580000102519989, 0.35899999737739563, 0.367000013589859, 0.3610000014305115, 0.3610000014305115, 0.3580000102519989, 0.3619999885559082, 0.367000013589859, 0.36500000953674316, 0.3610000014305115, 0.3610000014305115, 0.3610000014305115, 0.36500000953674316, 0.36800000071525574, 0.36800000071525574, 0.3630000054836273, 0.36000001430511475, 0.3659999966621399, 0.36399999260902405, 0.3610000014305115, 0.36000001430511475, 0.3610000014305115, 0.3610000014305115, 0.3659999966621399, 0.36800000071525574, 0.36800000071525574, 0.36500000953674316, 0.3630000054836273, 0.36399999260902405, 0.36500000953674316, 0.3700000047683716, 0.367000013589859, 0.36500000953674316, 0.36500000953674316, 0.3700000047683716, 0.37299999594688416, 0.37299999594688416, 0.36399999260902405, 0.3619999885559082, 0.3630000054836273, 0.36800000071525574, 0.36899998784065247, 0.36800000071525574, 0.36800000071525574, 0.3659999966621399, 0.367000013589859, 0.36500000953674316, 0.3659999966621399, 0.3659999966621399, 0.36399999260902405, 0.36800000071525574, 0.36800000071525574, 0.3700000047683716, 0.3709999918937683, 0.3709999918937683, 0.37299999594688416, 0.36500000953674316, 0.36000001430511475, 0.3709999918937683, 0.3720000088214874, 0.3659999966621399, 0.3700000047683716, 0.36899998784065247, 0.3709999918937683, 0.375, 0.37599998712539673, 0.375, 0.3779999911785126, 0.3779999911785126, 0.3779999911785126, 0.37400001287460327, 0.3790000081062317, 0.38600000739097595, 0.382999986410141, 0.382999986410141, 0.38199999928474426, 0.3779999911785126, 0.3790000081062317, 0.382999986410141, 0.38100001215934753, 0.3840000033378601, 0.3799999952316284, 0.38999998569488525, 0.3840000033378601, 0.38600000739097595, 0.38499999046325684, 0.3779999911785126, 0.3779999911785126, 0.38199999928474426, 0.38499999046325684, 0.38499999046325684, 0.3840000033378601, 0.382999986410141, 0.38499999046325684, 0.3869999945163727, 0.382999986410141, 0.3799999952316284, 0.38499999046325684, 0.382999986410141, 0.382999986410141, 0.38499999046325684, 0.3889999985694885, 0.3880000114440918, 0.3889999985694885, 0.3880000114440918, 0.38999998569488525, 0.3959999978542328, 0.39800000190734863, 0.39899998903274536, 0.4050000011920929, 0.4050000011920929, 0.40400001406669617, 0.4020000100135803, 0.40799999237060547, 0.4090000092983246, 0.4090000092983246, 0.4099999964237213, 0.41100001335144043, 0.41499999165534973, 0.4180000126361847, 0.4180000126361847, 0.4180000126361847, 0.42100000381469727, 0.4320000112056732, 0.42500001192092896, 0.4300000071525574, 0.4259999990463257, 0.42500001192092896, 0.42800000309944153, 0.42800000309944153, 0.4320000112056732, 0.4350000023841858, 0.4350000023841858, 0.43299999833106995, 0.4350000023841858, 0.4390000104904175, 0.4429999887943268, 0.4429999887943268, 0.4429999887943268, 0.44699999690055847, 0.453000009059906, 0.45500001311302185, 0.45500001311302185, 0.4560000002384186, 0.4560000002384186, 0.4569999873638153, 0.46299999952316284, 0.4659999907016754, 0.46700000762939453, 0.4659999907016754, 0.47099998593330383, 0.46799999475479126, 0.47099998593330383, 0.4779999852180481, 0.48100000619888306, 0.47699999809265137, 0.4909999966621399, 0.47999998927116394, 0.47600001096725464, 0.4790000021457672, 0.4880000054836273, 0.48899999260902405, 0.49300000071525574, 0.49799999594688416, 0.49799999594688416, 0.49399998784065247, 0.49799999594688416, 0.49900001287460327, 0.5019999742507935, 0.5070000290870667, 0.5109999775886536, 0.5090000033378601, 0.5099999904632568, 0.5139999985694885, 0.5230000019073486, 0.5249999761581421, 0.5249999761581421, 0.5249999761581421, 0.5249999761581421, 0.5339999794960022, 0.5389999747276306, 0.5429999828338623, 0.5429999828338623, 0.5419999957084656, 0.5429999828338623, 0.5479999780654907, 0.550000011920929, 0.550000011920929, 0.5569999814033508, 0.5609999895095825, 0.5690000057220459, 0.5809999704360962, 0.5740000009536743, 0.574999988079071, 0.5820000171661377, 0.5929999947547913, 0.593999981880188, 0.5989999771118164, 0.593999981880188, 0.597000002861023, 0.597000002861023, 0.6029999852180481, 0.6069999933242798, 0.6179999709129333, 0.6179999709129333, 0.6179999709129333, 0.6230000257492065, 0.6259999871253967, 0.6320000290870667, 0.6359999775886536, 0.6349999904632568, 0.6430000066757202, 0.6470000147819519, 0.6589999794960022, 0.6660000085830688, 0.6669999957084656, 0.675000011920929, 0.6890000104904175, 0.7009999752044678, 0.718999981880188, 0.7860000133514404, 0.8619999885559082, 0.7250000238418579, 2.138000011444092, 2.119999885559082, 2.1070001125335693, 2.1019999980926514, 2.0889999866485596, 2.0859999656677246, 2.0829999446868896, 2.075000047683716, 2.072999954223633, 2.061000108718872, 2.0399999618530273, 2.0320000648498535, 2.0269999504089355, 2.0190000534057617, 2.00600004196167, 1.9980000257492065, 1.996999979019165, 1.9889999628067017, 1.9809999465942383, 1.9670000076293945, 1.9550000429153442, 1.9420000314712524, 1.9390000104904175, 1.934000015258789, 1.934000015258789, 1.9199999570846558, 1.9079999923706055, 1.9010000228881836, 1.8949999809265137, 1.8839999437332153, 1.875, 1.875, 1.871999979019165, 1.8589999675750732, 1.8530000448226929, 1.8509999513626099, 1.8480000495910645, 1.843999981880188, 1.8339999914169312, 1.8209999799728394, 1.8179999589920044, 1.8070000410079956, 1.8070000410079956, 1.8029999732971191, 1.7940000295639038, 1.781999945640564, 1.7829999923706055, 1.7760000228881836, 1.7680000066757202, 1.7569999694824219, 1.75600004196167, 1.753999948501587, 1.7510000467300415, 1.7419999837875366, 1.7280000448226929, 1.7230000495910645, 1.7230000495910645, 1.7230000495910645, 1.718999981880188, 1.7139999866485596, 1.7020000219345093, 1.6990000009536743, 1.6959999799728394, 1.6890000104904175, 1.6820000410079956, 1.6799999475479126, 1.680999994277954, 1.6790000200271606, 1.6749999523162842, 1.6629999876022339, 1.6640000343322754, 1.659000039100647, 1.656999945640564, 1.6430000066757202, 1.6430000066757202, 1.6349999904632568, 1.6299999952316284, 1.621000051498413, 1.6180000305175781, 1.6200000047683716, 1.6200000047683716, 1.6130000352859497, 1.6119999885559082, 1.6119999885559082, 1.6080000400543213, 1.6030000448226929, 1.5980000495910645, 1.593999981880188, 1.593000054359436, 1.590000033378601, 1.5820000171661377, 1.5820000171661377, 1.5729999542236328, 1.5720000267028809, 1.562999963760376, 1.5640000104904175, 1.562000036239624, 1.5529999732971191, 1.5499999523162842, 1.5499999523162842, 1.5479999780654907, 1.5479999780654907, 1.5360000133514404, 1.5299999713897705, 1.5269999504089355, 1.5240000486373901, 1.5240000486373901, 1.5190000534057617, 1.5199999809265137, 1.5199999809265137, 1.5180000066757202, 1.5160000324249268, 1.5160000324249268, 1.5160000324249268, 1.5169999599456787, 1.5180000066757202, 1.5089999437332153, 1.50600004196167, 1.503000020980835, 1.4950000047683716, 1.4850000143051147, 1.4819999933242798, 1.4769999980926514, 1.4789999723434448, 1.4769999980926514, 1.4739999771118164, 1.468999981880188, 1.468999981880188, 1.4630000591278076, 1.4620000123977661, 1.4589999914169312, 1.4520000219345093, 1.4459999799728394, 1.440999984741211, 1.440000057220459, 1.437000036239624, 1.437000036239624, 1.4329999685287476, 1.4299999475479126, 1.4279999732971191, 1.4270000457763672, 1.4190000295639038, 1.4129999876022339, 1.4149999618530273, 1.4079999923706055, 1.406999945640564, 1.399999976158142, 1.399999976158142, 1.3960000276565552, 1.3940000534057617, 1.3919999599456787, 1.3819999694824219, 1.378999948501587, 1.371999979019165, 1.36899995803833, 1.3639999628067017, 1.3650000095367432, 1.3669999837875366, 1.3580000400543213, 1.347000002861023, 1.3420000076293945, 1.340000033378601, 1.343000054359436, 1.340000033378601, 1.3309999704360962, 1.3270000219345093, 1.3220000267028809, 1.315000057220459, 1.315000057220459, 1.3079999685287476, 1.309000015258789, 1.309000015258789, 1.3040000200271606, 1.2929999828338623, 1.2899999618530273, 1.2829999923706055, 1.2799999713897705, 1.277999997138977, 1.2769999504089355, 1.2680000066757202, 1.2649999856948853, 1.2649999856948853, 1.2519999742507935, 1.2519999742507935, 1.253000020980835, 1.2450000047683716, 1.2430000305175781, 1.2389999628067017, 1.2309999465942383, 1.2309999465942383, 1.2280000448226929, 1.2269999980926514, 1.2230000495910645, 1.2200000286102295, 1.2120000123977661, 1.2000000476837158, 1.1959999799728394, 1.194000005722046, 1.187999963760376, 1.1829999685287476, 1.1790000200271606, 1.1790000200271606, 1.1779999732971191, 1.1670000553131104, 1.1640000343322754, 1.159999966621399, 1.1510000228881836, 1.1490000486373901, 1.1490000486373901, 1.1449999809265137, 1.1369999647140503, 1.1360000371932983, 1.128999948501587, 1.121999979019165, 1.1109999418258667, 1.1089999675750732, 1.1089999675750732, 1.1069999933242798, 1.1030000448226929, 1.0980000495910645, 1.090999960899353, 1.0889999866485596, 1.0809999704360962, 1.0770000219345093, 1.0750000476837158, 1.065000057220459, 1.0609999895095825, 1.0579999685287476, 1.0509999990463257, 1.0410000085830688, 1.0399999618530273, 1.0390000343322754, 1.0410000085830688, 1.034999966621399, 1.0269999504089355, 1.0230000019073486, 1.0140000581741333, 1.0110000371932983, 0.996999979019165, 0.9940000176429749, 0.9940000176429749, 0.9890000224113464, 0.9800000190734863, 0.9760000109672546, 0.968999981880188, 0.9700000286102295, 0.9639999866485596, 0.9610000252723694, 0.9580000042915344, 0.9490000009536743, 0.9430000185966492, 0.9380000233650208, 0.9369999766349792, 0.9330000281333923, 0.925000011920929, 0.9210000038146973, 0.9169999957084656, 0.9089999794960022, 0.8970000147819519, 0.8970000147819519, 0.8920000195503235, 0.8970000147819519, 0.8889999985694885, 0.8769999742507935, 0.8769999742507935, 0.8659999966621399, 0.8629999756813049, 0.8600000143051147, 0.8600000143051147, 0.8569999933242798, 0.8510000109672546, 0.847000002861023, 0.8389999866485596, 0.8379999995231628, 0.8379999995231628, 0.8339999914169312, 0.8320000171661377, 0.8270000219345093, 0.8230000138282776, 0.8169999718666077, 0.8119999766349792, 0.8130000233650208, 0.8059999942779541, 0.796999990940094, 0.7960000038146973, 0.7940000295639038, 0.7910000085830688, 0.7879999876022339, 0.7839999794960022, 0.7799999713897705, 0.7720000147819519, 0.7710000276565552, 0.7730000019073486, 0.7730000019073486, 0.7680000066757202, 0.7570000290870667, 0.7540000081062317, 0.7480000257492065, 0.746999979019165, 0.746999979019165, 0.7400000095367432, 0.7350000143051147, 0.734000027179718, 0.734000027179718, 0.7310000061988831, 0.7310000061988831, 0.7250000238418579, 0.7229999899864197, 0.7239999771118164, 0.7210000157356262, 0.7139999866485596, 0.7120000123977661, 0.7059999704360962, 0.6980000138282776, 0.6970000267028809, 0.6919999718666077, 0.699999988079071, 0.699999988079071, 0.6940000057220459, 0.6880000233650208, 0.6830000281333923, 0.6830000281333923, 0.6840000152587891, 0.6840000152587891, 0.6840000152587891, 0.6769999861717224, 0.6740000247955322, 0.671999990940094, 0.675000011920929, 0.6740000247955322, 0.6700000166893005, 0.6629999876022339, 0.6579999923706055, 0.6589999794960022, 0.6570000052452087, 0.656000018119812, 0.6539999842643738, 0.652999997138977, 0.6539999842643738, 0.652999997138977, 0.6520000100135803, 0.6449999809265137, 0.6449999809265137, 0.6449999809265137, 0.6449999809265137, 0.6389999985694885, 0.6349999904632568, 0.6320000290870667, 0.640999972820282, 0.6489999890327454, 0.6439999938011169, 0.6370000243186951, 0.6320000290870667, 0.6309999823570251, 0.625, 0.6259999871253967, 0.6209999918937683, 0.6240000128746033, 0.6230000257492065, 0.6169999837875366, 0.6159999966621399, 0.6140000224113464, 0.6150000095367432, 0.6150000095367432, 0.6150000095367432, 0.6140000224113464, 0.6119999885559082, 0.6110000014305115, 0.6110000014305115, 0.609000027179718, 0.6060000061988831, 0.6050000190734863, 0.6029999852180481, 0.5979999899864197, 0.6010000109672546, 0.5960000157356262, 0.5960000157356262, 0.5960000157356262, 0.5979999899864197, 0.597000002861023, 0.5889999866485596, 0.5839999914169312, 0.5849999785423279, 0.5879999995231628, 0.5849999785423279, 0.5830000042915344, 0.5849999785423279, 0.5860000252723694, 0.5809999704360962, 0.5809999704360962, 0.5830000042915344, 0.5789999961853027, 0.5730000138282776, 0.5709999799728394, 0.5740000009536743, 0.5770000219345093, 0.5740000009536743, 0.574999988079071, 0.5699999928474426, 0.5740000009536743, 0.5740000009536743, 0.5730000138282776, 0.5690000057220459, 0.5659999847412109, 0.5659999847412109, 0.5669999718666077, 0.5680000185966492, 0.5640000104904175, 0.5680000185966492, 0.5720000267028809, 0.5709999799728394, 0.5690000057220459, 0.5659999847412109, 0.5649999976158142, 0.5619999766349792, 0.5649999976158142, 0.5609999895095825, 0.5590000152587891, 0.5540000200271606, 0.5540000200271606, 0.5590000152587891, 0.5609999895095825, 0.5559999942779541, 0.5569999814033508, 0.5600000023841858, 0.5609999895095825, 0.5529999732971191, 0.5519999861717224, 0.5550000071525574, 0.5609999895095825, 0.5559999942779541, 0.5509999990463257, 0.5659999847412109, 0.5590000152587891, 0.5529999732971191, 0.5550000071525574, 0.5550000071525574, 0.5529999732971191, 0.5519999861717224, 0.5519999861717224, 0.5479999780654907, 0.546999990940094, 0.5450000166893005, 0.5519999861717224, 0.5529999732971191, 0.5519999861717224, 0.5529999732971191, 0.5529999732971191, 0.5529999732971191, 0.5519999861717224, 0.550000011920929, 0.5490000247955322, 0.5490000247955322, 0.5559999942779541, 0.5529999732971191, 0.5519999861717224, 0.5529999732971191, 0.5550000071525574, 0.5529999732971191, 0.5490000247955322, 0.5450000166893005, 0.546999990940094, 0.5479999780654907, 0.5460000038146973, 0.5450000166893005, 0.5450000166893005, 0.5419999957084656, 0.5419999957084656, 0.5440000295639038, 0.5440000295639038, 0.5440000295639038, 0.5479999780654907, 0.5519999861717224, 0.5519999861717224, 0.5490000247955322, 0.546999990940094, 0.5460000038146973, 0.5569999814033508, 0.5550000071525574, 0.546999990940094, 0.5460000038146973, 0.5460000038146973, 0.5460000038146973, 0.5460000038146973, 0.5450000166893005, 0.5540000200271606, 0.5600000023841858, 0.5490000247955322, 0.5490000247955322, 0.550000011920929, 0.5450000166893005, 0.5450000166893005, 0.5460000038146973, 0.546999990940094, 0.5460000038146973, 0.5479999780654907, 0.5490000247955322, 0.546999990940094, 0.5440000295639038, 0.5460000038146973, 0.5540000200271606, 0.5590000152587891, 0.5540000200271606, 0.5509999990463257, 0.5600000023841858, 0.5529999732971191, 0.5559999942779541, 0.5559999942779541, 0.5509999990463257, 0.5540000200271606, 0.5580000281333923, 0.5559999942779541, 0.5559999942779541, 0.5580000281333923, 0.5580000281333923, 0.5580000281333923, 0.5580000281333923, 0.5580000281333923, 0.5569999814033508, 0.5609999895095825, 0.5609999895095825, 0.5630000233650208, 0.5630000233650208, 0.5630000233650208, 0.5600000023841858, 0.5630000233650208, 0.5619999766349792, 0.5619999766349792, 0.5619999766349792, 0.5649999976158142, 0.5720000267028809, 0.5720000267028809, 0.5740000009536743, 0.574999988079071, 0.5730000138282776, 0.5699999928474426, 0.5770000219345093, 0.5770000219345093, 0.578000009059906, 0.578000009059906, 0.5730000138282776, 0.574999988079071, 0.5720000267028809, 0.5770000219345093, 0.5759999752044678, 0.578000009059906, 0.5820000171661377, 0.5799999833106995, 0.5860000252723694, 0.5849999785423279, 0.5860000252723694, 0.5860000252723694, 0.5870000123977661, 0.5860000252723694, 0.5860000252723694, 0.5870000123977661, 0.5899999737739563, 0.5899999737739563, 0.5899999737739563, 0.5910000205039978, 0.5929999947547913, 0.597000002861023, 0.5950000286102295, 0.5950000286102295, 0.6000000238418579, 0.6000000238418579, 0.5989999771118164, 0.6029999852180481, 0.5989999771118164, 0.6029999852180481, 0.5979999899864197, 0.5979999899864197, 0.6010000109672546, 0.6060000061988831, 0.6069999933242798, 0.6110000014305115, 0.6110000014305115, 0.6100000143051147, 0.6060000061988831, 0.6119999885559082, 0.6100000143051147, 0.6140000224113464, 0.6140000224113464, 0.6119999885559082, 0.6110000014305115, 0.6200000047683716, 0.6200000047683716, 0.6190000176429749, 0.6190000176429749, 0.6190000176429749, 0.6299999952316284, 0.6299999952316284, 0.6269999742507935, 0.6240000128746033, 0.6269999742507935, 0.6320000290870667, 0.6309999823570251, 0.6299999952316284, 0.6320000290870667, 0.6330000162124634, 0.628000020980835, 0.6290000081062317, 0.6370000243186951, 0.6389999985694885, 0.6389999985694885, 0.6399999856948853, 0.6449999809265137, 0.6439999938011169, 0.6480000019073486, 0.6449999809265137, 0.6470000147819519, 0.6470000147819519, 0.6520000100135803, 0.656000018119812, 0.656000018119812, 0.656000018119812, 0.6669999957084656, 0.6679999828338623, 0.6679999828338623, 0.6710000038146973, 0.6710000038146973, 0.6710000038146973, 0.675000011920929, 0.6759999990463257, 0.6759999990463257, 0.6800000071525574, 0.6809999942779541, 0.6809999942779541, 0.6819999814033508, 0.6850000023841858, 0.6980000138282776, 0.6990000009536743, 0.6990000009536743, 0.6970000267028809, 0.703000009059906, 0.703000009059906, 0.7049999833106995, 0.7089999914169312, 0.7089999914169312, 0.7129999995231628, 0.7160000205039978, 0.722000002861023, 0.7239999771118164, 0.7239999771118164, 0.7250000238418579, 0.7289999723434448, 0.7289999723434448, 0.734000027179718, 0.7400000095367432, 0.7440000176429749, 0.7440000176429749, 0.75, 0.7540000081062317, 0.7549999952316284, 0.7540000081062317, 0.7519999742507935, 0.7549999952316284, 0.7570000290870667, 0.7570000290870667, 0.765999972820282, 0.7680000066757202, 0.7710000276565552, 0.7699999809265137, 0.7739999890327454, 0.7789999842643738, 0.7870000004768372, 0.7879999876022339, 0.7870000004768372, 0.7879999876022339, 0.7900000214576721, 0.7960000038146973, 0.7990000247955322, 0.800000011920929, 0.8050000071525574, 0.8080000281333923, 0.8140000104904175, 0.8199999928474426, 0.8199999928474426, 0.8209999799728394, 0.8190000057220459, 0.8230000138282776, 0.8289999961853027, 0.8360000252723694, 0.8360000252723694, 0.8339999914169312, 0.8360000252723694, 0.8389999866485596, 0.8360000252723694, 0.8360000252723694, 0.8360000252723694, 0.8410000205039978, 0.8429999947547913, 0.8460000157356262, 0.8410000205039978, 0.8420000076293945, 0.8420000076293945, 0.8450000286102295, 0.8519999980926514, 0.8610000014305115, 0.8610000014305115, 0.8610000014305115, 0.8629999756813049, 0.8629999756813049, 0.8610000014305115, 0.8619999885559082, 0.8679999709129333, 0.8650000095367432, 0.8640000224113464, 0.8629999756813049, 0.8650000095367432, 0.871999979019165, 0.8759999871253967, 0.878000020980835, 0.8790000081062317, 0.8809999823570251, 0.8809999823570251, 0.8840000033378601, 0.8859999775886536, 0.8859999775886536, 0.8889999985694885, 0.8970000147819519, 0.9010000228881836, 0.902999997138977, 0.902999997138977, 0.9049999713897705, 0.8999999761581421, 0.8960000276565552, 0.8970000147819519, 0.9010000228881836, 0.9010000228881836, 0.9020000100135803, 0.9039999842643738, 0.9120000004768372, 0.9120000004768372, 0.9100000262260437, 0.9110000133514404, 0.9179999828338623, 0.9269999861717224, 0.9259999990463257, 0.9139999747276306, 0.9210000038146973, 0.9419999718666077, 0.9449999928474426, 0.9480000138282776, 0.9539999961853027, 0.9570000171661377, 0.9520000219345093, 0.9599999785423279, 0.9599999785423279, 0.9620000123977661, 0.9660000205039978, 0.9779999852180481, 0.9789999723434448, 0.9789999723434448, 0.9879999756813049, 0.9900000095367432, 0.9890000224113464, 0.9909999966621399, 0.9890000224113464]
intensities: [1160.0, 1220.0, 1327.0, 1387.0, 1480.0, 1579.0, 1579.0, 1637.0, 1665.0, 1659.0, 1658.0, 1661.0, 1626.0, 1626.0, 1453.0, 1376.0, 1227.0, 997.0, 965.0, 850.0, 899.0, 935.0, 1006.0, 1011.0, 1023.0, 1035.0, 1078.0, 1099.0, 1231.0, 1231.0, 1343.0, 1591.0, 1682.0, 1682.0, 1708.0, 1745.0, 1745.0, 1750.0, 1753.0, 1754.0, 1747.0, 1745.0, 1750.0, 1743.0, 1751.0, 1698.0, 1693.0, 1698.0, 1718.0, 1707.0, 1707.0, 1695.0, 1685.0, 1685.0, 1679.0, 1672.0, 1663.0, 1645.0, 1643.0, 1656.0, 1672.0, 1668.0, 1659.0, 1657.0, 1650.0, 1641.0, 1623.0, 1632.0, 1632.0, 1621.0, 1616.0, 1622.0, 1616.0, 1611.0, 1601.0, 1603.0, 1605.0, 1604.0, 1606.0, 1595.0, 1590.0, 1582.0, 1577.0, 1561.0, 1561.0, 1572.0, 1572.0, 1567.0, 1557.0, 1550.0, 1548.0, 1539.0, 1535.0, 1524.0, 1532.0, 1530.0, 1530.0, 1525.0, 1525.0, 1531.0, 1519.0, 1529.0, 1518.0, 1521.0, 1514.0, 1525.0, 1511.0, 1520.0, 1510.0, 1497.0, 1505.0, 1506.0, 1489.0, 1497.0, 1486.0, 1477.0, 1477.0, 1479.0, 1468.0, 1454.0, 1468.0, 1453.0, 1453.0, 1435.0, 1435.0, 1429.0, 1410.0, 1412.0, 1412.0, 1432.0, 1423.0, 1402.0, 1402.0, 1400.0, 1396.0, 1402.0, 1399.0, 1392.0, 1392.0, 1378.0, 1381.0, 1366.0, 1355.0, 1363.0, 1332.0, 1354.0, 1325.0, 1325.0, 1313.0, 1323.0, 1313.0, 1301.0, 1309.0, 1292.0, 1284.0, 1290.0, 1285.0, 1264.0, 1271.0, 1266.0, 1263.0, 1261.0, 1264.0, 1256.0, 1259.0, 1259.0, 1259.0, 1252.0, 1244.0, 1239.0, 1242.0, 1239.0, 1238.0, 1233.0, 1228.0, 1224.0, 1219.0, 1218.0, 1207.0, 1196.0, 1199.0, 1195.0, 1180.0, 1182.0, 1176.0, 1177.0, 1180.0, 1152.0, 1153.0, 1153.0, 1143.0, 1144.0, 1153.0, 1163.0, 1149.0, 1135.0, 1157.0, 1143.0, 1143.0, 1134.0, 1137.0, 1132.0, 1124.0, 1121.0, 1124.0, 1127.0, 1129.0, 1118.0, 1130.0, 1130.0, 1133.0, 1129.0, 1139.0, 1128.0, 1126.0, 1128.0, 1129.0, 1130.0, 1130.0, 1129.0, 1129.0, 1115.0, 1134.0, 1115.0, 1133.0, 1137.0, 1132.0, 1124.0, 1113.0, 1115.0, 1126.0, 1136.0, 1127.0, 1119.0, 1127.0, 1140.0, 1144.0, 1144.0, 1120.0, 1137.0, 1135.0, 1135.0, 1138.0, 1138.0, 1136.0, 1147.0, 1146.0, 1147.0, 1143.0, 1155.0, 1151.0, 1148.0, 1143.0, 1126.0, 1103.0, 1114.0, 1136.0, 1131.0, 1136.0, 1129.0, 1118.0, 1120.0, 1126.0, 1135.0, 1128.0, 1144.0, 1124.0, 1124.0, 1129.0, 1120.0, 1122.0, 1116.0, 1126.0, 1132.0, 1140.0, 1136.0, 1131.0, 1129.0, 1136.0, 1134.0, 1134.0, 1131.0, 1132.0, 1130.0, 1136.0, 1128.0, 1116.0, 1118.0, 1134.0, 1131.0, 1144.0, 1135.0, 1140.0, 1137.0, 1149.0, 1145.0, 1164.0, 1137.0, 1143.0, 1143.0, 1141.0, 1137.0, 1131.0, 1131.0, 1128.0, 1146.0, 1133.0, 1125.0, 1131.0, 1129.0, 1140.0, 1119.0, 1112.0, 1117.0, 1120.0, 1118.0, 1109.0, 1093.0, 1094.0, 1353.0, 1485.0, 266.0, 973.0, 962.0, 961.0, 962.0, 962.0, 973.0, 970.0, 967.0, 973.0, 972.0, 974.0, 976.0, 990.0, 980.0, 979.0, 981.0, 997.0, 994.0, 1001.0, 1003.0, 1013.0, 1018.0, 1024.0, 1025.0, 1025.0, 1027.0, 1025.0, 1024.0, 1028.0, 1042.0, 1024.0, 1036.0, 1039.0, 1034.0, 1042.0, 1056.0, 1042.0, 1054.0, 1059.0, 1037.0, 1052.0, 1046.0, 1058.0, 1061.0, 1059.0, 1048.0, 1057.0, 1066.0, 1080.0, 1066.0, 1084.0, 1080.0, 1095.0, 1081.0, 1097.0, 1089.0, 1088.0, 1100.0, 1095.0, 1099.0, 1098.0, 1094.0, 1104.0, 1110.0, 1107.0, 1102.0, 1113.0, 1106.0, 1108.0, 1100.0, 1123.0, 1114.0, 1110.0, 1084.0, 1119.0, 1116.0, 1112.0, 1110.0, 1101.0, 1111.0, 1111.0, 1103.0, 1097.0, 1102.0, 1118.0, 1124.0, 1105.0, 1118.0, 1103.0, 1121.0, 1105.0, 1105.0, 1123.0, 1119.0, 1100.0, 1103.0, 1106.0, 1108.0, 1097.0, 1097.0, 1095.0, 1099.0, 1087.0, 1108.0, 1116.0, 1102.0, 1102.0, 1071.0, 1098.0, 1125.0, 1126.0, 1142.0, 1133.0, 1133.0, 1146.0, 1152.0, 1140.0, 1140.0, 1145.0, 1128.0, 1117.0, 1127.0, 1110.0, 1121.0, 1120.0, 1139.0, 1128.0, 1128.0, 1111.0, 1122.0, 1133.0, 1119.0, 1127.0, 1118.0, 1131.0, 1129.0, 1123.0, 1119.0, 1106.0, 1132.0, 1144.0, 1132.0, 1113.0, 1138.0, 1129.0, 1144.0, 1138.0, 1134.0, 1131.0, 1130.0, 1128.0, 1125.0, 1130.0, 1130.0, 1130.0, 1136.0, 1122.0, 1137.0, 1140.0, 1130.0, 1126.0, 1118.0, 1134.0, 1138.0, 1141.0, 1139.0, 1133.0, 1131.0, 1141.0, 1147.0, 1155.0, 1155.0, 1146.0, 1137.0, 1135.0, 1132.0, 1139.0, 1143.0, 1168.0, 1140.0, 1132.0, 1154.0, 1133.0, 1135.0, 1138.0, 1143.0, 1145.0, 1140.0, 1145.0, 1146.0, 1147.0, 1163.0, 1168.0, 1159.0, 1160.0, 1158.0, 1162.0, 1164.0, 1164.0, 1166.0, 1166.0, 1166.0, 1173.0, 1173.0, 1176.0, 1183.0, 1181.0, 1181.0, 1185.0, 1190.0, 1179.0, 1186.0, 1188.0, 1187.0, 1192.0, 1194.0, 1199.0, 1201.0, 1194.0, 1207.0, 1206.0, 1218.0, 1211.0, 1202.0, 1214.0, 1207.0, 1220.0, 1221.0, 1229.0, 1228.0, 1230.0, 1231.0, 1235.0, 1233.0, 1239.0, 1242.0, 1244.0, 1246.0, 1246.0, 1251.0, 1253.0, 1254.0, 1253.0, 1250.0, 1262.0, 1264.0, 1267.0, 1269.0, 1270.0, 1268.0, 1271.0, 1275.0, 1271.0, 1255.0, 1281.0, 1274.0, 1267.0, 1274.0, 1266.0, 1276.0, 1268.0, 1278.0, 1293.0, 1273.0, 1273.0, 1298.0, 1309.0, 1312.0, 1314.0, 1317.0, 1334.0, 1338.0, 1322.0, 1327.0, 1334.0, 1336.0, 1356.0, 1345.0, 1349.0, 1362.0, 1372.0, 1395.0, 1383.0, 1411.0, 1409.0, 1404.0, 1405.0, 1389.0, 1421.0, 1416.0, 1401.0, 1422.0, 1422.0, 1423.0, 1427.0, 1462.0, 1465.0, 1471.0, 1468.0, 1476.0, 1497.0, 1497.0, 1485.0, 1487.0, 1489.0, 1507.0, 1506.0, 1520.0, 1519.0, 1524.0, 1544.0, 1542.0, 1550.0, 1553.0, 1545.0, 1562.0, 1563.0, 1563.0, 1571.0, 1552.0, 1550.0, 1550.0, 1572.0, 1583.0, 1579.0, 1582.0, 1572.0, 1587.0, 1610.0, 1618.0, 1616.0, 1630.0, 1623.0, 1634.0, 1633.0, 1633.0, 1645.0, 1642.0, 1664.0, 1660.0, 1660.0, 1668.0, 1668.0, 1668.0, 1670.0, 1676.0, 1680.0, 1668.0, 1674.0, 1678.0, 1675.0, 1676.0, 1686.0, 1687.0, 1681.0, 1692.0, 1705.0, 1699.0, 1693.0, 1692.0, 1688.0, 1685.0, 1700.0, 1699.0, 1718.0, 1732.0, 1735.0, 1721.0, 1709.0, 1714.0, 1718.0, 1707.0, 1707.0, 1696.0, 1702.0, 1697.0, 1700.0, 1696.0, 1731.0, 1748.0, 1728.0, 1701.0, 1723.0, 1746.0, 1746.0, 1760.0, 1762.0, 1765.0, 1763.0, 1772.0, 1778.0, 1774.0, 1765.0, 1761.0, 1776.0, 1781.0, 1776.0, 1776.0, 1788.0, 1801.0, 1801.0, 1790.0, 1780.0, 1781.0, 1781.0, 1771.0, 1762.0, 1762.0, 1773.0, 1772.0, 1783.0, 1774.0, 1771.0, 1782.0, 1792.0, 1795.0, 1770.0, 1766.0, 1754.0, 1756.0, 1763.0, 1770.0, 1795.0, 1783.0, 1771.0, 1769.0, 1793.0, 1782.0, 1784.0, 1775.0, 1765.0, 1755.0, 1787.0, 1783.0, 1779.0, 1778.0, 1773.0, 1771.0, 1764.0, 1778.0, 1762.0, 1786.0, 1762.0, 1773.0, 1764.0, 1777.0, 1775.0, 1787.0, 1792.0, 1763.0, 1757.0, 1767.0, 1767.0, 1796.0, 1787.0, 1782.0, 1780.0, 1773.0, 1772.0, 1725.0, 1768.0, 1742.0, 1777.0, 1760.0, 1736.0, 1727.0, 1730.0, 1723.0, 1716.0, 1721.0, 1712.0, 1721.0, 1710.0, 1710.0, 1703.0, 1678.0, 1662.0, 1685.0, 1677.0, 1670.0, 1663.0, 1657.0, 1647.0, 1644.0, 1632.0, 1670.0, 1676.0, 1661.0, 1661.0, 1673.0, 1667.0, 1662.0, 1654.0, 1654.0, 1654.0, 1651.0, 1644.0, 1641.0, 1642.0, 1638.0, 1644.0, 1645.0, 1632.0, 1626.0, 1589.0, 1606.0, 1584.0, 1584.0, 1599.0, 1607.0, 1620.0, 1602.0, 1585.0, 1583.0, 1570.0, 1570.0, 1565.0, 1583.0, 1525.0, 1556.0, 1512.0, 1507.0, 1536.0, 1521.0, 1510.0, 1500.0, 1510.0, 1510.0, 1510.0, 1483.0, 1470.0, 1470.0, 1458.0, 1447.0, 1469.0, 1452.0, 1445.0, 1443.0, 1441.0, 1441.0, 1427.0, 1441.0, 1441.0, 1438.0, 1438.0, 1427.0, 1420.0, 1409.0, 1409.0, 1398.0, 1397.0, 1388.0, 1386.0, 1372.0, 1372.0, 1362.0, 1369.0, 1369.0, 1369.0, 1366.0, 1341.0, 1353.0, 1335.0, 1330.0, 1332.0, 1331.0, 1326.0, 1320.0, 1313.0, 1314.0, 1302.0, 1294.0, 1318.0, 1286.0, 1278.0, 1272.0, 1272.0, 1278.0, 1283.0, 1279.0, 1258.0, 1262.0, 1262.0, 1255.0, 1248.0, 1253.0, 1239.0, 1228.0, 1243.0, 1243.0, 1241.0, 1241.0, 1235.0, 1216.0, 1211.0, 1221.0, 1203.0, 1198.0, 1193.0, 1198.0, 1193.0, 1193.0, 1196.0, 1198.0, 1190.0, 1191.0, 1188.0, 1183.0, 1189.0, 1177.0, 1168.0, 1170.0, 1177.0, 1160.0, 1166.0, 1160.0, 1194.0, 1199.0, 1199.0, 1187.0, 1174.0, 1175.0, 1169.0, 1182.0, 1182.0, 1159.0, 1144.0, 1144.0, 1142.0, 1146.0, 1153.0, 1164.0, 1164.0, 1158.0, 1177.0, 1167.0, 1167.0, 1155.0, 1155.0, 1145.0, 1143.0, 1154.0, 1166.0, 1170.0, 1171.0, 1186.0, 1186.0, 1180.0, 1183.0, 1187.0, 1187.0, 1205.0, 1203.0, 1192.0, 1207.0, 1195.0, 1181.0, 1192.0, 1180.0, 1189.0, 1179.0, 1206.0, 1189.0, 1176.0, 1193.0, 1166.0, 1175.0, 1175.0, 1216.0, 1206.0, 1229.0, 1229.0, 1214.0, 1230.0, 1230.0, 1233.0, 1267.0, 1262.0, 1265.0, 1254.0, 1267.0, 1261.0, 1239.0, 1239.0, 1266.0, 1272.0, 1270.0, 1230.0, 1266.0, 1271.0, 1278.0, 1273.0, 1276.0, 1270.0, 1275.0, 1275.0, 1262.0, 1263.0, 1271.0, 1274.0, 1277.0, 1279.0, 1273.0, 1280.0, 1280.0, 1284.0, 1276.0, 1291.0, 1276.0, 1274.0, 1288.0, 1285.0, 1279.0, 1286.0, 1299.0, 1303.0, 1301.0, 1301.0, 1301.0, 1299.0, 1298.0, 1288.0, 1295.0, 1295.0, 1311.0, 1303.0, 1296.0, 1301.0, 1299.0, 1299.0, 1316.0, 1324.0, 1316.0, 1316.0, 1315.0, 1323.0, 1329.0, 1320.0, 1323.0, 1344.0, 1334.0, 1329.0, 1318.0, 1321.0, 1325.0, 1332.0, 1303.0, 1295.0, 1295.0, 1298.0, 1301.0, 1314.0, 1314.0, 1314.0, 1324.0, 1325.0, 1320.0, 1316.0, 1310.0]