header: 
  seq: 2718
  stamp: 
    secs: 1548820825
    nsecs: 171326669
  frame_id: "base_link"
angle_min: -2.35619449615
angle_max: 2.35619449615
angle_increment: 0.00436332309619
time_increment: 1.73611151695e-05
scan_time: 0.0250000003725
range_min: 0.019999999553
range_max: 30.0
ranges: [0.33799999952316284, 0.3370000123977661, 0.34599998593330383, 0.36000001430511475, 0.3659999966621399, 0.36399999260902405, 0.3630000054836273, 0.35600000619888306, 0.3490000069141388, 0.35199999809265137, 0.3449999988079071, 0.3440000116825104, 0.34700000286102295, 0.35600000619888306, 0.3540000021457672, 0.328000009059906, 0.33500000834465027, 0.3149999976158142, 0.257999986410141, 0.27000001072883606, 0.29899999499320984, 0.3319999873638153, 0.3319999873638153, 0.33899998664855957, 0.3400000035762787, 0.3449999988079071, 0.3490000069141388, 0.33799999952316284, 0.3490000069141388, 0.3409999907016754, 0.3479999899864197, 0.35100001096725464, 0.35199999809265137, 0.35100001096725464, 0.35100001096725464, 0.35199999809265137, 0.3479999899864197, 0.34700000286102295, 0.3479999899864197, 0.35499998927116394, 0.36000001430511475, 0.36000001430511475, 0.35499998927116394, 0.35199999809265137, 0.3479999899864197, 0.3479999899864197, 0.3529999852180481, 0.3479999899864197, 0.3490000069141388, 0.3540000021457672, 0.3540000021457672, 0.35499998927116394, 0.35600000619888306, 0.35600000619888306, 0.3540000021457672, 0.3529999852180481, 0.3540000021457672, 0.35199999809265137, 0.35199999809265137, 0.35100001096725464, 0.35100001096725464, 0.3569999933242798, 0.35499998927116394, 0.34599998593330383, 0.3499999940395355, 0.35499998927116394, 0.3529999852180481, 0.3529999852180481, 0.35499998927116394, 0.3569999933242798, 0.3569999933242798, 0.3529999852180481, 0.36500000953674316, 0.3619999885559082, 0.36000001430511475, 0.36000001430511475, 0.35899999737739563, 0.35899999737739563, 0.3610000014305115, 0.3610000014305115, 0.3619999885559082, 0.36000001430511475, 0.36000001430511475, 0.3610000014305115, 0.3619999885559082, 0.3619999885559082, 0.3610000014305115, 0.3619999885559082, 0.3619999885559082, 0.3630000054836273, 0.3619999885559082, 0.3619999885559082, 0.3619999885559082, 0.3659999966621399, 0.3619999885559082, 0.3619999885559082, 0.3610000014305115, 0.36000001430511475, 0.35899999737739563, 0.3619999885559082, 0.36899998784065247, 0.3659999966621399, 0.35899999737739563, 0.35899999737739563, 0.36500000953674316, 0.367000013589859, 0.36500000953674316, 0.36500000953674316, 0.36500000953674316, 0.36500000953674316, 0.36500000953674316, 0.3659999966621399, 0.36800000071525574, 0.36800000071525574, 0.3659999966621399, 0.3720000088214874, 0.3700000047683716, 0.3779999911785126, 0.37400001287460327, 0.37299999594688416, 0.37299999594688416, 0.3790000081062317, 0.37700000405311584, 0.37400001287460327, 0.37299999594688416, 0.37400001287460327, 0.375, 0.375, 0.37700000405311584, 0.37599998712539673, 0.375, 0.3779999911785126, 0.3790000081062317, 0.3779999911785126, 0.3779999911785126, 0.37700000405311584, 0.37700000405311584, 0.3790000081062317, 0.3799999952316284, 0.37599998712539673, 0.37599998712539673, 0.37599998712539673, 0.3700000047683716, 0.375, 0.375, 0.38100001215934753, 0.3790000081062317, 0.38199999928474426, 0.38199999928474426, 0.382999986410141, 0.38100001215934753, 0.3799999952316284, 0.3790000081062317, 0.3790000081062317, 0.3779999911785126, 0.3790000081062317, 0.3840000033378601, 0.3799999952316284, 0.37700000405311584, 0.37700000405311584, 0.3779999911785126, 0.382999986410141, 0.3880000114440918, 0.38999998569488525, 0.3880000114440918, 0.3869999945163727, 0.38600000739097595, 0.3880000114440918, 0.382999986410141, 0.3869999945163727, 0.38600000739097595, 0.38199999928474426, 0.38100001215934753, 0.382999986410141, 0.38600000739097595, 0.38600000739097595, 0.3869999945163727, 0.3889999985694885, 0.38999998569488525, 0.38999998569488525, 0.382999986410141, 0.38199999928474426, 0.3880000114440918, 0.3880000114440918, 0.40299999713897705, 0.40400001406669617, 0.40400001406669617, 0.40299999713897705, 0.40299999713897705, 0.4129999876022339, 0.41999998688697815, 0.41200000047683716, 0.4169999957084656, 0.41600000858306885, 0.4169999957084656, 0.4180000126361847, 0.4230000078678131, 0.42100000381469727, 0.42399999499320984, 0.4230000078678131, 0.4300000071525574, 0.42800000309944153, 0.4269999861717224, 0.42500001192092896, 0.4259999990463257, 0.42800000309944153, 0.4350000023841858, 0.4339999854564667, 0.4390000104904175, 0.4350000023841858, 0.43799999356269836, 0.4390000104904175, 0.4390000104904175, 0.4350000023841858, 0.4519999921321869, 0.44999998807907104, 0.4490000009536743, 0.45100000500679016, 0.453000009059906, 0.45500001311302185, 0.4580000042915344, 0.4580000042915344, 0.453000009059906, 0.44999998807907104, 0.4560000002384186, 0.460999995470047, 0.46000000834465027, 0.46799999475479126, 0.4699999988079071, 0.46700000762939453, 0.4740000069141388, 0.4740000069141388, 0.4740000069141388, 0.47200000286102295, 0.4830000102519989, 0.4869999885559082, 0.4869999885559082, 0.4909999966621399, 0.4909999966621399, 0.4959999918937683, 0.4970000088214874, 0.4959999918937683, 0.503000020980835, 0.5049999952316284, 0.5049999952316284, 0.5139999985694885, 0.5109999775886536, 0.5090000033378601, 0.5170000195503235, 0.5199999809265137, 0.5180000066757202, 0.5220000147819519, 0.5260000228881836, 0.5339999794960022, 0.5360000133514404, 0.5360000133514404, 0.5370000004768372, 0.5379999876022339, 0.5440000295639038, 0.546999990940094, 0.5450000166893005, 0.5559999942779541, 0.5569999814033508, 0.5609999895095825, 0.5659999847412109, 0.5649999976158142, 0.5690000057220459, 0.5669999718666077, 0.574999988079071, 0.5759999752044678, 0.574999988079071, 0.5889999866485596, 0.5889999866485596, 0.5910000205039978, 0.593999981880188, 0.5929999947547913, 0.6069999933242798, 0.6150000095367432, 0.6150000095367432, 0.6159999966621399, 0.6209999918937683, 0.6240000128746033, 0.6299999952316284, 0.6320000290870667, 0.6330000162124634, 0.6359999775886536, 0.6449999809265137, 0.6470000147819519, 0.6470000147819519, 0.6539999842643738, 0.6610000133514404, 0.6650000214576721, 0.6669999957084656, 0.6679999828338623, 0.6800000071525574, 0.6790000200271606, 0.703000009059906, 0.703000009059906, 0.7020000219345093, 0.7039999961853027, 0.7099999785423279, 0.7139999866485596, 0.7229999899864197, 0.7310000061988831, 0.7369999885559082, 0.7419999837875366, 0.7459999918937683, 0.7549999952316284, 0.7590000033378601, 0.7670000195503235, 0.7710000276565552, 0.7839999794960022, 0.796999990940094, 0.8009999990463257, 0.8019999861717224, 0.8100000023841858, 0.8149999976158142, 0.8259999752044678, 0.8289999961853027, 0.8339999914169312, 0.8429999947547913, 0.8569999933242798, 0.8640000224113464, 0.8700000047683716, 0.8830000162124634, 0.8889999985694885, 0.8970000147819519, 0.906000018119812, 0.9139999747276306, 0.9210000038146973, 0.9300000071525574, 0.9390000104904175, 0.9539999961853027, 0.9620000123977661, 0.9869999885559082, 0.9940000176429749, 1.0080000162124634, 1.0160000324249268, 1.0269999504089355, 1.031999945640564, 1.062000036239624, 1.069000005722046, 1.0820000171661377, 1.0959999561309814, 1.1080000400543213, 1.13100004196167, 1.1399999856948853, 1.1649999618530273, 1.1720000505447388, 1.190999984741211, 1.218999981880188, 1.2280000448226929, 1.253000020980835, 1.277999997138977, 1.2899999618530273, 1.309000015258789, 1.3289999961853027, 1.3569999933242798, 1.378000020980835, 1.4019999504089355, 1.437000036239624, 1.5089999437332153, 1.590000033378601, 2.194000005722046, 2.5329999923706055, 2.5329999923706055, 2.5339999198913574, 2.5380001068115234, 2.5380001068115234, 2.5409998893737793, 2.5399999618530273, 2.5360000133514404, 2.5350000858306885, 2.5360000133514404, 2.5390000343322754, 2.5390000343322754, 2.5309998989105225, 2.5320000648498535, 2.5350000858306885, 2.5369999408721924, 2.5309998989105225, 2.5309998989105225, 2.5260000228881836, 2.5220000743865967, 2.5209999084472656, 2.5220000743865967, 2.5220000743865967, 2.5169999599456787, 2.5169999599456787, 2.5179998874664307, 2.5139999389648438, 2.51200008392334, 2.509000062942505, 2.507999897003174, 2.5, 2.496000051498413, 2.496000051498413, 2.5, 2.5, 2.494999885559082, 2.4839999675750732, 2.4839999675750732, 2.4839999675750732, 2.4760000705718994, 2.4709999561309814, 2.4749999046325684, 2.4790000915527344, 2.4709999561309814, 2.4630000591278076, 2.4600000381469727, 2.453000068664551, 2.444999933242798, 2.447000026702881, 2.450000047683716, 2.446000099182129, 2.437000036239624, 2.427000045776367, 2.4240000247955322, 2.421999931335449, 2.4130001068115234, 2.4040000438690186, 2.4019999504089355, 2.3980000019073486, 2.4000000953674316, 2.3980000019073486, 2.3929998874664307, 2.3889999389648438, 2.374000072479248, 2.36899995803833, 2.364000082015991, 2.3589999675750732, 2.3499999046325684, 2.3450000286102295, 2.3389999866485596, 2.328000068664551, 2.322000026702881, 2.312999963760376, 2.312000036239624, 2.305999994277954, 2.2960000038146973, 2.2829999923706055, 2.2750000953674316, 2.2730000019073486, 2.257999897003174, 2.255000114440918, 2.249000072479248, 2.243000030517578, 2.2330000400543213, 2.2219998836517334, 2.2170000076293945, 2.2070000171661377, 2.200000047683716, 2.191999912261963, 2.186000108718872, 2.177999973297119, 2.1640000343322754, 2.1480000019073486, 2.135999917984009, 2.130000114440918, 2.118000030517578, 2.111999988555908, 2.1029999256134033, 2.1019999980926514, 2.0910000801086426, 2.0840001106262207, 2.0739998817443848, 2.061000108718872, 2.046999931335449, 2.0380001068115234, 2.0190000534057617, 2.005000114440918, 1.9919999837875366, 1.9869999885559082, 1.9759999513626099, 1.9639999866485596, 1.9479999542236328, 1.930999994277954, 1.9190000295639038, 1.9119999408721924, 1.9010000228881836, 1.878999948501587, 1.8630000352859497, 1.8509999513626099, 1.8329999446868896, 1.8179999589920044, 1.7999999523162842, 1.777999997138977, 1.7589999437332153, 1.7339999675750732, 1.718000054359436, 1.687000036239624, 1.6820000410079956, 1.6679999828338623, 1.6449999809265137, 1.6330000162124634, 1.6059999465942383, 1.5809999704360962, 1.5679999589920044, 1.5429999828338623, 1.5180000066757202, 1.5049999952316284, 1.4989999532699585, 1.4730000495910645, 1.468999981880188, 1.4450000524520874, 1.430999994277954, 1.4199999570846558, 1.4010000228881836, 1.3919999599456787, 1.378999948501587, 1.3559999465942383, 1.3489999771118164, 1.340999960899353, 1.3270000219345093, 1.309999942779541, 1.3029999732971191, 1.2899999618530273, 1.274999976158142, 1.2640000581741333, 1.25, 1.2369999885559082, 1.2300000190734863, 1.225000023841858, 1.2079999446868896, 1.1990000009536743, 1.1859999895095825, 1.1679999828338623, 1.1610000133514404, 1.1469999551773071, 1.1410000324249268, 1.128000020980835, 1.1269999742507935, 1.1169999837875366, 1.1069999933242798, 1.0950000286102295, 1.090999960899353, 1.0729999542236328, 1.0729999542236328, 1.0670000314712524, 1.0570000410079956, 1.0509999990463257, 1.0420000553131104, 1.0299999713897705, 1.0219999551773071, 1.0160000324249268, 1.0130000114440918, 0.9990000128746033, 0.996999979019165, 0.9909999966621399, 0.9879999756813049, 0.9769999980926514, 0.9769999980926514, 0.972000002861023, 0.9580000042915344, 0.9559999704360962, 0.9520000219345093, 0.9459999799728394, 0.9419999718666077, 0.9399999976158142, 0.9290000200271606, 0.9279999732971191, 0.921999990940094, 0.9120000004768372, 0.9039999842643738, 0.9010000228881836, 0.9020000100135803, 0.8999999761581421, 0.8859999775886536, 0.8859999775886536, 0.8849999904632568, 0.878000020980835, 0.8740000128746033, 0.8669999837875366, 0.8650000095367432, 0.8600000143051147, 0.8550000190734863, 0.8529999852180481, 0.8510000109672546, 0.8500000238418579, 0.8450000286102295, 0.8460000157356262, 0.8399999737739563, 0.8320000171661377, 0.8209999799728394, 0.8130000233650208, 0.8140000104904175, 0.8130000233650208, 0.8100000023841858, 0.8050000071525574, 0.8029999732971191, 0.7979999780654907, 0.796999990940094, 0.7950000166893005, 0.7900000214576721, 0.7850000262260437, 0.7839999794960022, 0.7760000228881836, 0.7749999761581421, 0.7749999761581421, 0.7739999890327454, 0.7680000066757202, 0.7620000243186951, 0.7580000162124634, 0.7580000162124634, 0.7559999823570251, 0.746999979019165, 0.7419999837875366, 0.7369999885559082, 0.7360000014305115, 0.734000027179718, 0.734000027179718, 0.7350000143051147, 0.7350000143051147, 0.7289999723434448, 0.7250000238418579, 0.7229999899864197, 0.722000002861023, 0.7200000286102295, 0.7139999866485596, 0.7049999833106995, 0.7049999833106995, 0.7080000042915344, 0.6959999799728394, 0.6959999799728394, 0.6959999799728394, 0.6940000057220459, 0.6930000185966492, 0.6899999976158142, 0.6899999976158142, 0.6869999766349792, 0.6809999942779541, 0.6759999990463257, 0.6729999780654907, 0.6729999780654907, 0.6729999780654907, 0.6769999861717224, 0.6729999780654907, 0.6700000166893005, 0.6700000166893005, 0.6679999828338623, 0.6669999957084656, 0.6669999957084656, 0.6660000085830688, 0.6600000262260437, 0.6570000052452087, 0.6570000052452087, 0.6570000052452087, 0.6589999794960022, 0.6539999842643738, 0.6460000276565552, 0.6499999761581421, 0.6470000147819519, 0.6439999938011169, 0.6449999809265137, 0.6470000147819519, 0.6399999856948853, 0.6389999985694885, 0.6389999985694885, 0.640999972820282, 0.6349999904632568, 0.6349999904632568, 0.6349999904632568, 0.6330000162124634, 0.6269999742507935, 0.6230000257492065, 0.6209999918937683, 0.6230000257492065, 0.6240000128746033, 0.6230000257492065, 0.6230000257492065, 0.6179999709129333, 0.6169999837875366, 0.6169999837875366, 0.6179999709129333, 0.6150000095367432, 0.6110000014305115, 0.6119999885559082, 0.6110000014305115, 0.6110000014305115, 0.6060000061988831, 0.6019999980926514, 0.6050000190734863, 0.609000027179718, 0.6069999933242798, 0.6050000190734863, 0.6019999980926514, 0.6029999852180481, 0.6029999852180481, 0.6010000109672546, 0.5989999771118164, 0.5989999771118164, 0.5960000157356262, 0.5950000286102295, 0.593999981880188, 0.597000002861023, 0.5899999737739563, 0.5870000123977661, 0.5870000123977661, 0.5879999995231628, 0.5879999995231628, 0.5899999737739563, 0.5889999866485596, 0.5870000123977661, 0.5830000042915344, 0.5770000219345093, 0.5740000009536743, 0.5789999961853027, 0.5809999704360962, 0.5820000171661377, 0.5789999961853027, 0.5789999961853027, 0.5809999704360962, 0.5789999961853027, 0.5809999704360962, 0.5799999833106995, 0.5799999833106995, 0.5770000219345093, 0.5730000138282776, 0.5720000267028809, 0.5709999799728394, 0.5690000057220459, 0.5699999928474426, 0.5699999928474426, 0.5709999799728394, 0.5730000138282776, 0.5730000138282776, 0.5699999928474426, 0.5680000185966492, 0.5680000185966492, 0.5640000104904175, 0.5640000104904175, 0.5690000057220459, 0.5690000057220459, 0.5680000185966492, 0.5680000185966492, 0.5680000185966492, 0.5619999766349792, 0.5630000233650208, 0.5649999976158142, 0.5630000233650208, 0.5619999766349792, 0.5609999895095825, 0.5649999976158142, 0.5640000104904175, 0.5619999766349792, 0.5609999895095825, 0.5590000152587891, 0.5609999895095825, 0.5590000152587891, 0.5609999895095825, 0.5600000023841858, 0.5600000023841858, 0.5569999814033508, 0.5569999814033508, 0.5600000023841858, 0.5600000023841858, 0.5630000233650208, 0.5640000104904175, 0.5659999847412109, 0.5630000233650208, 0.5609999895095825, 0.5590000152587891, 0.5580000281333923, 0.5699999928474426, 0.5699999928474426, 0.5609999895095825, 0.5609999895095825, 0.5630000233650208, 0.5630000233650208, 0.5609999895095825, 0.5569999814033508, 0.5609999895095825, 0.5640000104904175, 0.5649999976158142, 0.5609999895095825, 0.5609999895095825, 0.5619999766349792, 0.5619999766349792, 0.5600000023841858, 0.5619999766349792, 0.5619999766349792, 0.5590000152587891, 0.5540000200271606, 0.5640000104904175, 0.5709999799728394, 0.5659999847412109, 0.5619999766349792, 0.5590000152587891, 0.5590000152587891, 0.5619999766349792, 0.5640000104904175, 0.5669999718666077, 0.5669999718666077, 0.5690000057220459, 0.5690000057220459, 0.5649999976158142, 0.5630000233650208, 0.5540000200271606, 0.5529999732971191, 0.5540000200271606, 0.5609999895095825, 0.5609999895095825, 0.5619999766349792, 0.5619999766349792, 0.5619999766349792, 0.5609999895095825, 0.5619999766349792, 0.5630000233650208, 0.5640000104904175, 0.5630000233650208, 0.5619999766349792, 0.5619999766349792, 0.5659999847412109, 0.5659999847412109, 0.5659999847412109, 0.5709999799728394, 0.5709999799728394, 0.5709999799728394, 0.578000009059906, 0.5830000042915344, 0.5789999961853027, 0.5740000009536743, 0.574999988079071, 0.574999988079071, 0.5759999752044678, 0.5690000057220459, 0.5690000057220459, 0.5709999799728394, 0.5699999928474426, 0.578000009059906, 0.5789999961853027, 0.5789999961853027, 0.578000009059906, 0.578000009059906, 0.5820000171661377, 0.5820000171661377, 0.5849999785423279, 0.5830000042915344, 0.5759999752044678, 0.5799999833106995, 0.5809999704360962, 0.5830000042915344, 0.5830000042915344, 0.5860000252723694, 0.5879999995231628, 0.5929999947547913, 0.5910000205039978, 0.5879999995231628, 0.5870000123977661, 0.5889999866485596, 0.5889999866485596, 0.5910000205039978, 0.5910000205039978, 0.5910000205039978, 0.5929999947547913, 0.5950000286102295, 0.5960000157356262, 0.5979999899864197, 0.5979999899864197, 0.5979999899864197, 0.5979999899864197, 0.5960000157356262, 0.6050000190734863, 0.6039999723434448, 0.6039999723434448, 0.6039999723434448, 0.6029999852180481, 0.6060000061988831, 0.6119999885559082, 0.6110000014305115, 0.6110000014305115, 0.6110000014305115, 0.6000000238418579, 0.6079999804496765, 0.6119999885559082, 0.6150000095367432, 0.6169999837875366, 0.621999979019165, 0.621999979019165, 0.6230000257492065, 0.6230000257492065, 0.6169999837875366, 0.6169999837875366, 0.6179999709129333, 0.6179999709129333, 0.6200000047683716, 0.6230000257492065, 0.6320000290870667, 0.6320000290870667, 0.6309999823570251, 0.6240000128746033, 0.621999979019165, 0.628000020980835, 0.6320000290870667, 0.6309999823570251, 0.6309999823570251, 0.6370000243186951, 0.6359999775886536, 0.6389999985694885, 0.6420000195503235, 0.640999972820282, 0.640999972820282, 0.6399999856948853, 0.6380000114440918, 0.6380000114440918, 0.6370000243186951, 0.6380000114440918, 0.640999972820282, 0.6470000147819519, 0.6449999809265137, 0.6439999938011169, 0.6420000195503235, 0.6430000066757202, 0.6430000066757202, 0.6460000276565552, 0.6480000019073486, 0.6539999842643738, 0.6510000228881836, 0.6539999842643738, 0.6539999842643738, 0.6539999842643738, 0.6539999842643738, 0.656000018119812, 0.652999997138977, 0.6510000228881836, 0.6510000228881836, 0.656000018119812, 0.6600000262260437, 0.6579999923706055, 0.6579999923706055, 0.6600000262260437, 0.6669999957084656, 0.6589999794960022, 0.6589999794960022, 0.6600000262260437, 0.6600000262260437, 0.6669999957084656, 0.6690000295639038, 0.6690000295639038, 0.6700000166893005, 0.6740000247955322, 0.675000011920929, 0.6740000247955322, 0.6769999861717224, 0.6790000200271606, 0.6729999780654907, 0.6700000166893005, 0.6729999780654907, 0.6790000200271606, 0.6769999861717224, 0.6759999990463257, 0.6769999861717224, 0.6769999861717224, 0.6890000104904175, 0.6940000057220459, 0.6930000185966492, 0.6899999976158142, 0.6859999895095825, 0.6880000233650208, 0.6899999976158142, 0.6949999928474426, 0.7020000219345093, 0.7099999785423279, 0.7089999914169312, 0.703000009059906, 0.7039999961853027, 0.7039999961853027, 0.7039999961853027, 0.7139999866485596, 0.7110000252723694, 0.7120000123977661, 0.7039999961853027, 0.7120000123977661, 0.7139999866485596, 0.7179999947547913, 0.7210000157356262, 0.7210000157356262, 0.7200000286102295, 0.7200000286102295, 0.718999981880188, 0.7210000157356262, 0.7260000109672546, 0.7300000190734863, 0.7319999933242798, 0.7329999804496765, 0.7310000061988831, 0.7350000143051147, 0.7360000014305115, 0.7369999885559082, 0.7369999885559082, 0.7379999756813049, 0.7379999756813049, 0.7440000176429749, 0.7419999837875366, 0.7440000176429749, 0.7440000176429749, 0.7450000047683716, 0.7450000047683716, 0.753000020980835, 0.7549999952316284, 0.7549999952316284, 0.7620000243186951, 0.7639999985694885, 0.7620000243186951, 0.7580000162124634, 0.7590000033378601, 0.7730000019073486, 0.7699999809265137, 0.7699999809265137, 0.7710000276565552, 0.765999972820282, 0.7689999938011169, 0.7720000147819519, 0.7710000276565552, 0.7720000147819519, 0.7710000276565552, 0.7699999809265137, 0.7699999809265137, 0.7699999809265137, 0.7710000276565552, 0.7710000276565552, 0.7739999890327454, 0.781000018119812, 0.7789999842643738, 0.7760000228881836, 0.7749999761581421, 0.7799999713897705, 0.7829999923706055, 0.781000018119812, 0.7799999713897705, 0.7820000052452087, 0.777999997138977, 0.7760000228881836, 0.781000018119812, 0.7870000004768372, 0.7900000214576721, 0.7900000214576721, 0.7929999828338623, 0.796999990940094, 0.7960000038146973, 0.7910000085830688, 0.7879999876022339, 0.7879999876022339, 0.7910000085830688, 0.7960000038146973, 0.7960000038146973, 0.7940000295639038, 0.7900000214576721, 0.7900000214576721, 0.7889999747276306, 0.7919999957084656, 0.7919999957084656, 0.7979999780654907, 0.800000011920929, 0.7929999828338623, 0.7820000052452087, 0.8019999861717224, 0.8080000281333923, 0.8019999861717224, 0.7929999828338623, 0.8029999732971191, 0.7990000247955322, 0.7990000247955322, 0.8059999942779541, 0.8080000281333923, 0.8119999766349792, 0.8109999895095825, 0.824999988079071, 0.824999988079071, 0.8349999785423279, 0.8429999947547913, 0.8410000205039978, 0.8360000252723694, 0.8289999961853027, 0.8289999961853027, 0.8429999947547913, 0.8489999771118164, 0.8489999771118164, 0.8529999852180481, 0.8519999980926514, 0.8489999771118164]
intensities: [1113.0, 1131.0, 1186.0, 1335.0, 1514.0, 1502.0, 1523.0, 1592.0, 1615.0, 1614.0, 1623.0, 1657.0, 1642.0, 1516.0, 1379.0, 1146.0, 1172.0, 1027.0, 826.0, 811.0, 879.0, 990.0, 996.0, 1035.0, 1051.0, 1065.0, 1095.0, 1114.0, 1334.0, 1319.0, 1534.0, 1690.0, 1704.0, 1703.0, 1758.0, 1786.0, 1795.0, 1796.0, 1798.0, 1801.0, 1780.0, 1780.0, 1790.0, 1787.0, 1795.0, 1746.0, 1751.0, 1759.0, 1773.0, 1775.0, 1782.0, 1752.0, 1763.0, 1743.0, 1767.0, 1763.0, 1772.0, 1742.0, 1742.0, 1723.0, 1719.0, 1719.0, 1722.0, 1695.0, 1697.0, 1699.0, 1704.0, 1690.0, 1693.0, 1701.0, 1703.0, 1717.0, 1685.0, 1687.0, 1687.0, 1657.0, 1654.0, 1651.0, 1654.0, 1654.0, 1651.0, 1637.0, 1622.0, 1622.0, 1607.0, 1602.0, 1632.0, 1608.0, 1594.0, 1603.0, 1572.0, 1572.0, 1565.0, 1574.0, 1547.0, 1547.0, 1549.0, 1540.0, 1530.0, 1540.0, 1522.0, 1529.0, 1528.0, 1528.0, 1523.0, 1515.0, 1516.0, 1500.0, 1494.0, 1506.0, 1519.0, 1514.0, 1477.0, 1477.0, 1474.0, 1476.0, 1469.0, 1469.0, 1449.0, 1460.0, 1460.0, 1439.0, 1434.0, 1430.0, 1434.0, 1404.0, 1411.0, 1402.0, 1404.0, 1385.0, 1372.0, 1358.0, 1377.0, 1383.0, 1405.0, 1348.0, 1340.0, 1356.0, 1366.0, 1319.0, 1319.0, 1332.0, 1311.0, 1312.0, 1312.0, 1289.0, 1286.0, 1276.0, 1276.0, 1287.0, 1276.0, 1263.0, 1260.0, 1260.0, 1257.0, 1260.0, 1255.0, 1245.0, 1225.0, 1225.0, 1223.0, 1222.0, 1224.0, 1214.0, 1223.0, 1212.0, 1211.0, 1213.0, 1188.0, 1189.0, 1188.0, 1179.0, 1176.0, 1182.0, 1166.0, 1166.0, 1151.0, 1137.0, 1138.0, 1152.0, 1146.0, 1149.0, 1128.0, 1120.0, 1122.0, 1129.0, 1129.0, 1126.0, 1126.0, 1111.0, 1139.0, 1116.0, 1126.0, 1114.0, 1116.0, 1130.0, 1137.0, 1132.0, 1142.0, 1130.0, 1142.0, 1129.0, 1133.0, 1136.0, 1130.0, 1119.0, 1120.0, 1117.0, 1130.0, 1120.0, 1124.0, 1127.0, 1130.0, 1105.0, 1106.0, 1119.0, 1133.0, 1115.0, 1108.0, 1118.0, 1125.0, 1125.0, 1114.0, 1093.0, 1096.0, 1112.0, 1108.0, 1107.0, 1110.0, 1108.0, 1093.0, 1104.0, 1104.0, 1096.0, 1083.0, 1084.0, 1084.0, 1106.0, 1108.0, 1120.0, 1100.0, 1096.0, 1108.0, 1114.0, 1099.0, 1128.0, 1114.0, 1101.0, 1107.0, 1115.0, 1107.0, 1110.0, 1124.0, 1117.0, 1120.0, 1120.0, 1110.0, 1101.0, 1111.0, 1112.0, 1083.0, 1106.0, 1091.0, 1092.0, 1100.0, 1094.0, 1117.0, 1103.0, 1104.0, 1095.0, 1091.0, 1094.0, 1094.0, 1114.0, 1104.0, 1095.0, 1105.0, 1103.0, 1106.0, 1106.0, 1106.0, 1102.0, 1099.0, 1103.0, 1105.0, 1104.0, 1101.0, 1097.0, 1099.0, 1104.0, 1091.0, 1096.0, 1082.0, 1090.0, 1100.0, 1096.0, 1100.0, 1100.0, 1086.0, 1077.0, 1086.0, 1098.0, 1072.0, 1096.0, 1089.0, 1086.0, 1081.0, 1087.0, 1087.0, 1080.0, 1082.0, 1065.0, 1058.0, 1058.0, 1061.0, 1060.0, 1058.0, 1054.0, 1050.0, 1050.0, 1045.0, 1042.0, 1039.0, 1031.0, 1033.0, 1027.0, 1023.0, 1023.0, 1027.0, 1016.0, 1021.0, 1010.0, 1016.0, 1001.0, 999.0, 986.0, 1006.0, 992.0, 1000.0, 984.0, 987.0, 974.0, 974.0, 984.0, 974.0, 992.0, 980.0, 979.0, 961.0, 960.0, 960.0, 949.0, 946.0, 941.0, 942.0, 951.0, 966.0, 959.0, 943.0, 967.0, 1062.0, 1380.0, 1440.0, 1144.0, 992.0, 992.0, 992.0, 1000.0, 996.0, 1008.0, 998.0, 992.0, 1003.0, 1006.0, 1013.0, 1016.0, 1003.0, 1008.0, 1012.0, 1020.0, 998.0, 1014.0, 1005.0, 997.0, 1002.0, 1020.0, 1018.0, 1015.0, 1008.0, 1001.0, 1004.0, 1001.0, 1004.0, 1010.0, 1010.0, 1003.0, 1003.0, 1008.0, 1010.0, 1007.0, 1007.0, 1007.0, 1005.0, 994.0, 996.0, 998.0, 1000.0, 997.0, 983.0, 992.0, 981.0, 963.0, 970.0, 983.0, 976.0, 967.0, 968.0, 968.0, 971.0, 980.0, 975.0, 981.0, 973.0, 984.0, 985.0, 981.0, 990.0, 978.0, 990.0, 987.0, 995.0, 992.0, 990.0, 1009.0, 1012.0, 1004.0, 1006.0, 1014.0, 1021.0, 1019.0, 1010.0, 1009.0, 1013.0, 1005.0, 1000.0, 1009.0, 1011.0, 1010.0, 1013.0, 1015.0, 997.0, 1006.0, 1011.0, 1009.0, 1010.0, 1007.0, 1020.0, 1012.0, 1006.0, 1020.0, 1024.0, 1020.0, 1022.0, 1023.0, 1027.0, 1027.0, 1025.0, 1018.0, 1021.0, 1025.0, 1028.0, 1028.0, 1028.0, 1024.0, 1012.0, 1015.0, 1009.0, 1017.0, 1018.0, 1016.0, 1014.0, 1019.0, 1012.0, 1010.0, 1014.0, 1003.0, 992.0, 996.0, 987.0, 1013.0, 1041.0, 1056.0, 1034.0, 1030.0, 1013.0, 1032.0, 1043.0, 1057.0, 1050.0, 1049.0, 1059.0, 1050.0, 1063.0, 1068.0, 1069.0, 1075.0, 1081.0, 1084.0, 1094.0, 1104.0, 1100.0, 1099.0, 1114.0, 1103.0, 1107.0, 1115.0, 1112.0, 1117.0, 1125.0, 1111.0, 1106.0, 1113.0, 1113.0, 1113.0, 1104.0, 1105.0, 1102.0, 1118.0, 1114.0, 1110.0, 1119.0, 1129.0, 1138.0, 1138.0, 1150.0, 1142.0, 1124.0, 1130.0, 1125.0, 1128.0, 1125.0, 1125.0, 1132.0, 1132.0, 1132.0, 1150.0, 1164.0, 1165.0, 1173.0, 1184.0, 1204.0, 1207.0, 1180.0, 1205.0, 1232.0, 1226.0, 1227.0, 1233.0, 1253.0, 1252.0, 1259.0, 1260.0, 1264.0, 1277.0, 1281.0, 1288.0, 1296.0, 1299.0, 1305.0, 1308.0, 1307.0, 1323.0, 1328.0, 1315.0, 1343.0, 1343.0, 1353.0, 1350.0, 1364.0, 1357.0, 1366.0, 1373.0, 1370.0, 1386.0, 1393.0, 1413.0, 1404.0, 1434.0, 1443.0, 1432.0, 1447.0, 1458.0, 1466.0, 1468.0, 1469.0, 1462.0, 1458.0, 1447.0, 1468.0, 1471.0, 1486.0, 1483.0, 1487.0, 1487.0, 1496.0, 1498.0, 1494.0, 1491.0, 1529.0, 1510.0, 1510.0, 1514.0, 1536.0, 1536.0, 1556.0, 1563.0, 1573.0, 1570.0, 1555.0, 1533.0, 1541.0, 1548.0, 1535.0, 1532.0, 1573.0, 1572.0, 1571.0, 1577.0, 1583.0, 1590.0, 1597.0, 1579.0, 1600.0, 1600.0, 1590.0, 1591.0, 1595.0, 1605.0, 1613.0, 1616.0, 1619.0, 1619.0, 1623.0, 1635.0, 1637.0, 1649.0, 1652.0, 1659.0, 1640.0, 1650.0, 1666.0, 1667.0, 1669.0, 1670.0, 1672.0, 1671.0, 1674.0, 1671.0, 1670.0, 1675.0, 1672.0, 1675.0, 1689.0, 1676.0, 1676.0, 1675.0, 1676.0, 1694.0, 1712.0, 1709.0, 1706.0, 1713.0, 1715.0, 1726.0, 1713.0, 1741.0, 1748.0, 1735.0, 1735.0, 1730.0, 1737.0, 1746.0, 1752.0, 1749.0, 1753.0, 1741.0, 1769.0, 1769.0, 1769.0, 1761.0, 1769.0, 1753.0, 1758.0, 1768.0, 1772.0, 1776.0, 1780.0, 1767.0, 1769.0, 1773.0, 1776.0, 1786.0, 1781.0, 1794.0, 1792.0, 1786.0, 1806.0, 1800.0, 1787.0, 1798.0, 1798.0, 1813.0, 1793.0, 1801.0, 1808.0, 1826.0, 1823.0, 1815.0, 1805.0, 1802.0, 1803.0, 1814.0, 1814.0, 1784.0, 1810.0, 1810.0, 1813.0, 1766.0, 1815.0, 1780.0, 1780.0, 1779.0, 1779.0, 1778.0, 1779.0, 1784.0, 1773.0, 1787.0, 1786.0, 1781.0, 1777.0, 1757.0, 1767.0, 1767.0, 1766.0, 1766.0, 1779.0, 1769.0, 1761.0, 1764.0, 1769.0, 1769.0, 1752.0, 1752.0, 1771.0, 1757.0, 1758.0, 1760.0, 1756.0, 1753.0, 1765.0, 1745.0, 1728.0, 1748.0, 1748.0, 1730.0, 1730.0, 1706.0, 1706.0, 1719.0, 1708.0, 1718.0, 1705.0, 1706.0, 1708.0, 1712.0, 1720.0, 1719.0, 1703.0, 1717.0, 1707.0, 1665.0, 1706.0, 1703.0, 1687.0, 1682.0, 1661.0, 1670.0, 1670.0, 1694.0, 1703.0, 1687.0, 1687.0, 1688.0, 1686.0, 1689.0, 1686.0, 1675.0, 1673.0, 1666.0, 1660.0, 1661.0, 1658.0, 1658.0, 1654.0, 1636.0, 1640.0, 1638.0, 1631.0, 1627.0, 1638.0, 1645.0, 1625.0, 1606.0, 1606.0, 1605.0, 1605.0, 1594.0, 1608.0, 1594.0, 1583.0, 1573.0, 1573.0, 1590.0, 1589.0, 1592.0, 1594.0, 1583.0, 1578.0, 1569.0, 1563.0, 1555.0, 1524.0, 1524.0, 1539.0, 1539.0, 1439.0, 1463.0, 1494.0, 1491.0, 1494.0, 1477.0, 1470.0, 1495.0, 1450.0, 1460.0, 1455.0, 1452.0, 1445.0, 1462.0, 1462.0, 1433.0, 1433.0, 1431.0, 1435.0, 1432.0, 1430.0, 1418.0, 1418.0, 1423.0, 1421.0, 1392.0, 1415.0, 1410.0, 1405.0, 1398.0, 1392.0, 1382.0, 1381.0, 1372.0, 1372.0, 1378.0, 1341.0, 1364.0, 1372.0, 1360.0, 1365.0, 1374.0, 1374.0, 1379.0, 1361.0, 1334.0, 1334.0, 1325.0, 1320.0, 1334.0, 1332.0, 1346.0, 1343.0, 1340.0, 1311.0, 1318.0, 1318.0, 1314.0, 1310.0, 1310.0, 1306.0, 1301.0, 1308.0, 1289.0, 1284.0, 1288.0, 1315.0, 1308.0, 1306.0, 1284.0, 1291.0, 1275.0, 1315.0, 1301.0, 1288.0, 1272.0, 1266.0, 1273.0, 1260.0, 1259.0, 1287.0, 1277.0, 1287.0, 1289.0, 1289.0, 1285.0, 1279.0, 1268.0, 1257.0, 1253.0, 1253.0, 1237.0, 1241.0, 1220.0, 1230.0, 1253.0, 1238.0, 1238.0, 1241.0, 1244.0, 1250.0, 1246.0, 1246.0, 1243.0, 1241.0, 1236.0, 1220.0, 1233.0, 1248.0, 1235.0, 1227.0, 1238.0, 1251.0, 1241.0, 1230.0, 1228.0, 1228.0, 1240.0, 1235.0, 1226.0, 1227.0, 1234.0, 1234.0, 1234.0, 1230.0, 1229.0, 1224.0, 1245.0, 1237.0, 1232.0, 1229.0, 1229.0, 1240.0, 1240.0, 1249.0, 1244.0, 1244.0, 1254.0, 1252.0, 1250.0, 1250.0, 1259.0, 1259.0, 1250.0, 1280.0, 1259.0, 1266.0, 1260.0, 1271.0, 1255.0, 1272.0, 1278.0, 1265.0, 1259.0, 1259.0, 1259.0, 1271.0, 1268.0, 1261.0, 1261.0, 1270.0, 1270.0, 1268.0, 1276.0, 1276.0, 1283.0, 1280.0, 1283.0, 1277.0, 1277.0, 1299.0, 1285.0, 1281.0, 1291.0, 1270.0, 1279.0, 1293.0, 1289.0, 1297.0, 1311.0, 1299.0, 1299.0, 1292.0, 1296.0, 1296.0, 1306.0, 1305.0, 1308.0, 1310.0, 1299.0, 1308.0, 1313.0, 1302.0, 1304.0, 1325.0, 1321.0, 1315.0, 1332.0, 1341.0, 1346.0, 1346.0, 1345.0, 1326.0, 1343.0, 1342.0, 1343.0, 1343.0, 1344.0, 1343.0, 1343.0, 1349.0, 1350.0, 1352.0, 1353.0, 1362.0, 1358.0, 1359.0, 1366.0, 1367.0, 1375.0, 1371.0, 1378.0, 1378.0, 1377.0, 1389.0, 1390.0, 1390.0, 1377.0, 1362.0, 1370.0, 1382.0, 1383.0, 1381.0, 1388.0, 1386.0, 1383.0, 1388.0, 1380.0, 1380.0, 1386.0, 1381.0, 1381.0, 1393.0, 1373.0, 1401.0]