header: 
  seq: 2117
  stamp: 
    secs: 1548820810
    nsecs: 117803330
  frame_id: "base_link"
angle_min: -2.35619449615
angle_max: 2.35619449615
angle_increment: 0.00436332309619
time_increment: 1.73611151695e-05
scan_time: 0.0250000003725
range_min: 0.019999999553
range_max: 30.0
ranges: [0.5170000195503235, 0.5389999747276306, 0.5389999747276306, 0.5419999957084656, 0.5440000295639038, 0.5419999957084656, 0.5389999747276306, 0.5339999794960022, 0.527999997138977, 0.531000018119812, 0.5410000085830688, 0.5410000085830688, 0.5299999713897705, 0.5009999871253967, 0.49399998784065247, 0.4749999940395355, 0.40400001406669617, 0.3580000102519989, 0.31700000166893005, 0.2800000011920929, 0.3779999911785126, 0.4399999976158142, 0.46700000762939453, 0.4909999966621399, 0.49399998784065247, 0.4970000088214874, 0.49300000071525574, 0.4950000047683716, 0.4860000014305115, 0.48399999737739563, 0.47600001096725464, 0.46399998664855957, 0.4650000035762787, 0.47200000286102295, 0.4830000102519989, 0.47999998927116394, 0.47699999809265137, 0.4650000035762787, 0.46799999475479126, 0.46799999475479126, 0.4699999988079071, 0.46700000762939453, 0.4659999907016754, 0.4659999907016754, 0.4519999921321869, 0.4519999921321869, 0.44699999690055847, 0.44600000977516174, 0.44600000977516174, 0.44600000977516174, 0.44999998807907104, 0.4440000057220459, 0.4339999854564667, 0.4339999854564667, 0.43799999356269836, 0.4410000145435333, 0.4339999854564667, 0.4359999895095825, 0.4399999976158142, 0.4230000078678131, 0.4169999957084656, 0.4169999957084656, 0.4169999957084656, 0.42100000381469727, 0.41499999165534973, 0.4090000092983246, 0.40799999237060547, 0.4090000092983246, 0.4090000092983246, 0.4050000011920929, 0.40299999713897705, 0.4020000100135803, 0.4020000100135803, 0.4009999930858612, 0.39800000190734863, 0.39899998903274536, 0.4020000100135803, 0.4020000100135803, 0.40400001406669617, 0.40400001406669617, 0.3959999978542328, 0.3959999978542328, 0.4050000011920929, 0.4050000011920929, 0.4000000059604645, 0.3970000147819519, 0.39800000190734863, 0.4000000059604645, 0.3970000147819519, 0.39500001072883606, 0.39100000262260437, 0.3869999945163727, 0.38600000739097595, 0.38499999046325684, 0.3869999945163727, 0.38999998569488525, 0.3880000114440918, 0.3790000081062317, 0.3790000081062317, 0.3790000081062317, 0.3799999952316284, 0.3779999911785126, 0.37700000405311584, 0.3779999911785126, 0.3840000033378601, 0.3889999985694885, 0.38199999928474426, 0.3799999952316284, 0.3779999911785126, 0.37700000405311584, 0.37700000405311584, 0.37700000405311584, 0.37700000405311584, 0.38499999046325684, 0.3889999985694885, 0.39100000262260437, 0.3840000033378601, 0.3799999952316284, 0.3799999952316284, 0.38199999928474426, 0.38199999928474426, 0.38100001215934753, 0.38100001215934753, 0.38499999046325684, 0.3869999945163727, 0.3869999945163727, 0.38600000739097595, 0.38600000739097595, 0.38499999046325684, 0.38499999046325684, 0.38499999046325684, 0.3840000033378601, 0.3840000033378601, 0.38999998569488525, 0.38999998569488525, 0.3869999945163727, 0.3970000147819519, 0.3869999945163727, 0.38999998569488525, 0.3869999945163727, 0.3889999985694885, 0.38600000739097595, 0.3869999945163727, 0.38600000739097595, 0.3919999897480011, 0.38999998569488525, 0.3889999985694885, 0.38999998569488525, 0.38999998569488525, 0.38999998569488525, 0.3919999897480011, 0.3959999978542328, 0.39899998903274536, 0.3930000066757202, 0.3930000066757202, 0.39500001072883606, 0.38600000739097595, 0.38600000739097595, 0.3880000114440918, 0.39500001072883606, 0.3959999978542328, 0.4000000059604645, 0.40299999713897705, 0.4050000011920929, 0.40799999237060547, 0.41499999165534973, 0.4090000092983246, 0.4129999876022339, 0.4189999997615814, 0.41999998688697815, 0.4230000078678131, 0.42899999022483826, 0.4309999942779541, 0.4320000112056732, 0.4399999976158142, 0.44200000166893005, 0.4399999976158142, 0.4410000145435333, 0.4410000145435333, 0.4429999887943268, 0.4560000002384186, 0.46000000834465027, 0.45899999141693115, 0.4620000123977661, 0.46299999952316284, 0.46299999952316284, 0.4650000035762787, 0.47699999809265137, 0.47699999809265137, 0.48100000619888306, 0.4830000102519989, 0.4869999885559082, 0.492000013589859, 0.4959999918937683, 0.49900001287460327, 0.5009999871253967, 0.5040000081062317, 0.5049999952316284, 0.5059999823570251, 0.5099999904632568, 0.5149999856948853, 0.5149999856948853, 0.5299999713897705, 0.5320000052452087, 0.5299999713897705, 0.531000018119812, 0.5400000214576721, 0.546999990940094, 0.546999990940094, 0.5450000166893005, 0.5609999895095825, 0.5690000057220459, 0.5680000185966492, 0.5699999928474426, 0.5770000219345093, 0.5879999995231628, 0.5950000286102295, 0.5960000157356262, 0.6029999852180481, 0.6100000143051147, 0.6100000143051147, 0.6169999837875366, 0.628000020980835, 0.6269999742507935, 0.6299999952316284, 0.6349999904632568, 0.6460000276565552, 0.6480000019073486, 0.656000018119812, 0.6629999876022339, 0.6729999780654907, 0.6890000104904175, 0.6940000057220459, 0.6940000057220459, 0.7039999961853027, 0.7129999995231628, 0.718999981880188, 0.7229999899864197, 0.7289999723434448, 0.7440000176429749, 0.7580000162124634, 0.765999972820282, 0.7720000147819519, 0.7730000019073486, 0.7839999794960022, 0.7879999876022339, 0.800000011920929, 0.8080000281333923, 0.8159999847412109, 0.8309999704360962, 0.8489999771118164, 0.8579999804496765, 0.8669999837875366, 0.8820000290870667, 0.8920000195503235, 0.9039999842643738, 0.9200000166893005, 0.9380000233650208, 0.9440000057220459, 0.9769999980926514, 0.9909999966621399, 0.9959999918937683, 1.0099999904632568, 1.0269999504089355, 1.0379999876022339, 1.0679999589920044, 1.0850000381469727, 1.1150000095367432, 1.1200000047683716, 1.1380000114440918, 1.1679999828338623, 1.1690000295639038, 1.2139999866485596, 1.2309999465942383, 1.2489999532699585, 1.274999976158142, 1.2970000505447388, 1.3309999704360962, 1.3559999465942383, 1.3980000019073486, 1.4229999780654907, 1.4550000429153442, 1.4900000095367432, 1.5260000228881836, 1.555999994277954, 1.5980000495910645, 1.659999966621399, 1.7170000076293945, 1.7690000534057617, 1.8760000467300415, 1.9670000076293945, 2.8980000019073486, 2.9049999713897705, 2.9079999923706055, 2.9070000648498535, 2.9049999713897705, 2.9049999713897705, 2.9089999198913574, 2.9089999198913574, 2.9100000858306885, 2.9089999198913574, 2.9070000648498535, 2.8949999809265137, 2.8980000019073486, 2.8989999294281006, 2.8989999294281006, 2.8929998874664307, 2.8929998874664307, 2.890000104904175, 2.88700008392334, 2.878000020980835, 2.884999990463257, 2.885999917984009, 2.884999990463257, 2.875, 2.874000072479248, 2.874000072479248, 2.867000102996826, 2.867000102996826, 2.865000009536743, 2.865000009536743, 2.8570001125335693, 2.8559999465942383, 2.8540000915527344, 2.8529999256134033, 2.8459999561309814, 2.8429999351501465, 2.8380000591278076, 2.8299999237060547, 2.8299999237060547, 2.818000078201294, 2.819000005722046, 2.808000087738037, 2.8010001182556152, 2.7939999103546143, 2.7960000038146973, 2.7920000553131104, 2.7869999408721924, 2.7820000648498535, 2.7769999504089355, 2.7639999389648438, 2.753000020980835, 2.740000009536743, 2.7260000705718994, 2.7249999046325684, 2.7219998836517334, 2.7170000076293945, 2.7100000381469727, 2.703000068664551, 2.694000005722046, 2.683000087738037, 2.671999931335449, 2.6710000038146973, 2.6679999828338623, 2.6519999504089355, 2.6510000228881836, 2.63100004196167, 2.631999969482422, 2.625, 2.6070001125335693, 2.5999999046325684, 2.5820000171661377, 2.578000068664551, 2.5739998817443848, 2.552000045776367, 2.546999931335449, 2.5399999618530273, 2.5280001163482666, 2.510999917984009, 2.497999906539917, 2.4809999465942383, 2.4730000495910645, 2.4600000381469727, 2.443000078201294, 2.430000066757202, 2.4149999618530273, 2.4010000228881836, 2.378999948501587, 2.36899995803833, 2.3610000610351562, 2.3519999980926514, 2.315000057220459, 2.2909998893737793, 2.2899999618530273, 2.265000104904175, 2.25600004196167, 2.2300000190734863, 2.2139999866485596, 2.2160000801086426, 2.1730000972747803, 2.1440000534057617, 2.114000082015991, 2.0989999771118164, 2.0820000171661377, 2.0450000762939453, 2.013000011444092, 1.99399995803833, 1.965999960899353, 1.9479999542236328, 1.9179999828338623, 1.8980000019073486, 1.86899995803833, 1.843999981880188, 1.8109999895095825, 1.7940000295639038, 1.781000018119812, 1.7569999694824219, 1.7339999675750732, 1.718000054359436, 1.694000005722046, 1.6790000200271606, 1.6660000085830688, 1.652999997138977, 1.6299999952316284, 1.621000051498413, 1.6039999723434448, 1.5800000429153442, 1.5640000104904175, 1.5440000295639038, 1.5199999809265137, 1.5069999694824219, 1.503999948501587, 1.4859999418258667, 1.4800000190734863, 1.465000033378601, 1.4500000476837158, 1.4420000314712524, 1.4249999523162842, 1.4129999876022339, 1.406000018119812, 1.3919999599456787, 1.3819999694824219, 1.3769999742507935, 1.3550000190734863, 1.3339999914169312, 1.3350000381469727, 1.3229999542236328, 1.3140000104904175, 1.2929999828338623, 1.2920000553131104, 1.2699999809265137, 1.2610000371932983, 1.2510000467300415, 1.246999979019165, 1.2280000448226929, 1.2269999980926514, 1.2259999513626099, 1.2100000381469727, 1.2029999494552612, 1.1920000314712524, 1.184999942779541, 1.1770000457763672, 1.159000039100647, 1.1449999809265137, 1.1399999856948853, 1.1399999856948853, 1.1349999904632568, 1.11899995803833, 1.1069999933242798, 1.1059999465942383, 1.1039999723434448, 1.0950000286102295, 1.0950000286102295, 1.0779999494552612, 1.0720000267028809, 1.0720000267028809, 1.0700000524520874, 1.065000057220459, 1.0509999990463257, 1.0490000247955322, 1.0479999780654907, 1.034000039100647, 1.027999997138977, 1.024999976158142, 1.0230000019073486, 1.0140000581741333, 1.0080000162124634, 0.9990000128746033, 0.996999979019165, 0.9890000224113464, 0.9829999804496765, 0.9800000190734863, 0.9760000109672546, 0.9760000109672546, 0.9789999723434448, 0.972000002861023, 0.9490000009536743, 0.9449999928474426, 0.9440000057220459, 0.9430000185966492, 0.9390000104904175, 0.9399999976158142, 0.9390000104904175, 0.9390000104904175, 0.9350000023841858, 0.925000011920929, 0.9129999876022339, 0.9089999794960022, 0.906000018119812, 0.902999997138977, 0.902999997138977, 0.8939999938011169, 0.8870000243186951, 0.8870000243186951, 0.8849999904632568, 0.8799999952316284, 0.8740000128746033, 0.8740000128746033, 0.8700000047683716, 0.8659999966621399, 0.8619999885559082, 0.859000027179718, 0.8569999933242798, 0.8600000143051147, 0.8539999723434448, 0.8539999723434448, 0.8510000109672546, 0.847000002861023, 0.8460000157356262, 0.8360000252723694, 0.8309999704360962, 0.8309999704360962, 0.8330000042915344, 0.828000009059906, 0.8270000219345093, 0.8220000267028809, 0.8190000057220459, 0.8149999976158142, 0.8149999976158142, 0.8149999976158142, 0.8169999718666077, 0.8169999718666077, 0.8080000281333923, 0.8050000071525574, 0.8050000071525574, 0.8050000071525574, 0.800000011920929, 0.7900000214576721, 0.7879999876022339, 0.7839999794960022, 0.7820000052452087, 0.7730000019073486, 0.7689999938011169, 0.765999972820282, 0.7739999890327454, 0.7749999761581421, 0.7680000066757202, 0.7620000243186951, 0.7620000243186951, 0.7620000243186951, 0.7620000243186951, 0.7580000162124634, 0.7580000162124634, 0.7549999952316284, 0.7459999918937683, 0.7429999709129333, 0.7419999837875366, 0.7350000143051147, 0.7390000224113464, 0.7429999709129333, 0.7409999966621399, 0.7379999756813049, 0.7350000143051147, 0.7319999933242798, 0.7279999852180481, 0.7289999723434448, 0.7260000109672546, 0.722000002861023, 0.7229999899864197, 0.7179999947547913, 0.7139999866485596, 0.7110000252723694, 0.7099999785423279, 0.7129999995231628, 0.7089999914169312, 0.7120000123977661, 0.7089999914169312, 0.7059999704360962, 0.7059999704360962, 0.7160000205039978, 0.7160000205039978, 0.7070000171661377, 0.7009999752044678, 0.7020000219345093, 0.7020000219345093, 0.6930000185966492, 0.6909999847412109, 0.6949999928474426, 0.6899999976158142, 0.6930000185966492, 0.6909999847412109, 0.6909999847412109, 0.6909999847412109, 0.6840000152587891, 0.6779999732971191, 0.6790000200271606, 0.6759999990463257, 0.6769999861717224, 0.6819999814033508, 0.6840000152587891, 0.6819999814033508, 0.6800000071525574, 0.6759999990463257, 0.675000011920929, 0.6759999990463257, 0.6740000247955322, 0.6710000038146973, 0.6679999828338623, 0.6710000038146973, 0.671999990940094, 0.6679999828338623, 0.6639999747276306, 0.6629999876022339, 0.6639999747276306, 0.6639999747276306, 0.6679999828338623, 0.6700000166893005, 0.6679999828338623, 0.6629999876022339, 0.6600000262260437, 0.6520000100135803, 0.6520000100135803, 0.6549999713897705, 0.656000018119812, 0.656000018119812, 0.6549999713897705, 0.652999997138977, 0.6510000228881836, 0.6539999842643738, 0.6539999842643738, 0.656000018119812, 0.6570000052452087, 0.6570000052452087, 0.6460000276565552, 0.6460000276565552, 0.6439999938011169, 0.6460000276565552, 0.6460000276565552, 0.6460000276565552, 0.6430000066757202, 0.6380000114440918, 0.6389999985694885, 0.6399999856948853, 0.640999972820282, 0.6420000195503235, 0.6439999938011169, 0.6430000066757202, 0.6430000066757202, 0.6430000066757202, 0.6449999809265137, 0.6449999809265137, 0.6269999742507935, 0.6340000033378601, 0.6330000162124634, 0.6269999742507935, 0.6269999742507935, 0.6320000290870667, 0.6269999742507935, 0.6269999742507935, 0.6269999742507935, 0.625, 0.628000020980835, 0.640999972820282, 0.6370000243186951, 0.6209999918937683, 0.6209999918937683, 0.6179999709129333, 0.6119999885559082, 0.6179999709129333, 0.6320000290870667, 0.625, 0.6200000047683716, 0.6190000176429749, 0.6190000176429749, 0.6179999709129333, 0.6119999885559082, 0.6110000014305115, 0.6119999885559082, 0.6100000143051147, 0.6100000143051147, 0.6110000014305115, 0.6140000224113464, 0.6140000224113464, 0.6119999885559082, 0.609000027179718, 0.6129999756813049, 0.6140000224113464, 0.609000027179718, 0.6019999980926514, 0.6010000109672546, 0.6000000238418579, 0.6000000238418579, 0.5989999771118164, 0.6039999723434448, 0.6050000190734863, 0.6069999933242798, 0.6050000190734863, 0.6000000238418579, 0.5989999771118164, 0.5979999899864197, 0.5979999899864197, 0.5960000157356262, 0.593999981880188, 0.5870000123977661, 0.5889999866485596, 0.5929999947547913, 0.5979999899864197, 0.5979999899864197, 0.593999981880188, 0.5910000205039978, 0.5910000205039978, 0.5929999947547913, 0.5929999947547913, 0.5860000252723694, 0.5839999914169312, 0.5820000171661377, 0.5830000042915344, 0.5950000286102295, 0.5830000042915344, 0.5809999704360962, 0.5830000042915344, 0.5860000252723694, 0.5770000219345093, 0.5770000219345093, 0.5839999914169312, 0.5839999914169312, 0.5870000123977661, 0.5870000123977661, 0.5860000252723694, 0.5860000252723694, 0.5830000042915344, 0.5830000042915344, 0.5830000042915344, 0.5839999914169312, 0.5839999914169312, 0.5830000042915344, 0.5820000171661377, 0.5820000171661377, 0.5820000171661377, 0.5830000042915344, 0.5809999704360962, 0.5809999704360962, 0.5830000042915344, 0.5830000042915344, 0.5830000042915344, 0.5820000171661377, 0.5820000171661377, 0.5759999752044678, 0.5709999799728394, 0.5709999799728394, 0.5609999895095825, 0.5720000267028809, 0.5759999752044678, 0.5789999961853027, 0.5770000219345093, 0.5669999718666077, 0.5630000233650208, 0.5730000138282776, 0.5690000057220459, 0.5690000057220459, 0.5720000267028809, 0.5630000233650208, 0.5630000233650208, 0.5680000185966492, 0.5680000185966492, 0.5649999976158142, 0.5659999847412109, 0.5690000057220459, 0.5649999976158142, 0.5630000233650208, 0.5630000233650208, 0.5630000233650208, 0.5669999718666077, 0.5659999847412109, 0.5659999847412109, 0.5740000009536743, 0.5680000185966492, 0.5669999718666077, 0.5619999766349792, 0.5609999895095825, 0.5649999976158142, 0.5649999976158142, 0.5690000057220459, 0.5659999847412109, 0.5619999766349792, 0.5669999718666077, 0.5709999799728394, 0.5690000057220459, 0.5680000185966492, 0.5609999895095825, 0.5609999895095825, 0.5590000152587891, 0.5569999814033508, 0.5519999861717224, 0.5640000104904175, 0.5640000104904175, 0.5529999732971191, 0.5519999861717224, 0.5529999732971191, 0.5609999895095825, 0.5609999895095825, 0.5640000104904175, 0.5619999766349792, 0.5569999814033508, 0.5600000023841858, 0.5609999895095825, 0.5619999766349792, 0.5590000152587891, 0.5580000281333923, 0.5580000281333923, 0.5580000281333923, 0.5590000152587891, 0.5609999895095825, 0.5609999895095825, 0.5580000281333923, 0.5580000281333923, 0.5630000233650208, 0.5630000233650208, 0.5580000281333923, 0.5600000023841858, 0.5619999766349792, 0.5630000233650208, 0.5630000233650208, 0.5640000104904175, 0.5659999847412109, 0.5640000104904175, 0.5590000152587891, 0.5540000200271606, 0.5529999732971191, 0.5580000281333923, 0.5559999942779541, 0.5559999942779541, 0.5559999942779541, 0.5529999732971191, 0.5550000071525574, 0.5550000071525574, 0.5559999942779541, 0.5590000152587891, 0.5600000023841858, 0.5600000023841858, 0.5619999766349792, 0.5630000233650208, 0.5550000071525574, 0.5540000200271606, 0.5550000071525574, 0.5569999814033508, 0.5550000071525574, 0.5550000071525574, 0.5550000071525574, 0.5590000152587891, 0.5600000023841858, 0.5600000023841858, 0.5590000152587891, 0.5590000152587891, 0.5619999766349792, 0.5619999766349792, 0.5609999895095825, 0.5580000281333923, 0.5479999780654907, 0.546999990940094, 0.5509999990463257, 0.5569999814033508, 0.5559999942779541, 0.5559999942779541, 0.5559999942779541, 0.5559999942779541, 0.5609999895095825, 0.5640000104904175, 0.5659999847412109, 0.5600000023841858, 0.5600000023841858, 0.5619999766349792, 0.5619999766349792, 0.5609999895095825, 0.5550000071525574, 0.5529999732971191, 0.5559999942779541, 0.5609999895095825, 0.5720000267028809, 0.5699999928474426, 0.5640000104904175, 0.5569999814033508, 0.5569999814033508, 0.5619999766349792, 0.5690000057220459, 0.5709999799728394, 0.5669999718666077, 0.5640000104904175, 0.5640000104904175, 0.5680000185966492, 0.5680000185966492, 0.5630000233650208, 0.5630000233650208, 0.5659999847412109, 0.5659999847412109, 0.5820000171661377, 0.5770000219345093, 0.5709999799728394, 0.5690000057220459, 0.5690000057220459, 0.5680000185966492, 0.5690000057220459, 0.5799999833106995, 0.5699999928474426, 0.5680000185966492, 0.5680000185966492, 0.5609999895095825, 0.5619999766349792, 0.5709999799728394, 0.5720000267028809, 0.5690000057220459, 0.5619999766349792, 0.5590000152587891, 0.5609999895095825, 0.5640000104904175, 0.5669999718666077, 0.5680000185966492, 0.5669999718666077, 0.5669999718666077, 0.5699999928474426, 0.5699999928474426, 0.5680000185966492, 0.5680000185966492, 0.5720000267028809, 0.5730000138282776, 0.5709999799728394, 0.5699999928474426, 0.5699999928474426, 0.5680000185966492, 0.5659999847412109, 0.5690000057220459, 0.5709999799728394, 0.5720000267028809, 0.5740000009536743, 0.574999988079071, 0.5770000219345093, 0.5770000219345093, 0.574999988079071, 0.574999988079071, 0.574999988079071, 0.574999988079071, 0.574999988079071, 0.5789999961853027, 0.5789999961853027, 0.5789999961853027, 0.5699999928474426, 0.5669999718666077, 0.5759999752044678, 0.578000009059906, 0.578000009059906, 0.5799999833106995, 0.5799999833106995, 0.5799999833106995, 0.574999988079071, 0.574999988079071, 0.5799999833106995, 0.5920000076293945, 0.5820000171661377, 0.578000009059906, 0.5789999961853027, 0.5740000009536743, 0.574999988079071, 0.5759999752044678, 0.5910000205039978, 0.5979999899864197, 0.5920000076293945, 0.5879999995231628, 0.597000002861023, 0.5979999899864197, 0.5920000076293945, 0.5879999995231628, 0.5860000252723694, 0.5839999914169312, 0.5839999914169312, 0.5879999995231628, 0.5910000205039978, 0.5910000205039978, 0.5910000205039978, 0.5910000205039978, 0.5879999995231628, 0.5910000205039978, 0.6019999980926514, 0.5950000286102295, 0.5929999947547913, 0.5989999771118164, 0.5960000157356262, 0.5979999899864197, 0.597000002861023, 0.5979999899864197, 0.6010000109672546, 0.6029999852180481, 0.6029999852180481, 0.6029999852180481, 0.6029999852180481, 0.6119999885559082, 0.6129999756813049, 0.6069999933242798, 0.6019999980926514, 0.6019999980926514, 0.6110000014305115, 0.6140000224113464, 0.6150000095367432, 0.6129999756813049, 0.6100000143051147, 0.6110000014305115, 0.6100000143051147, 0.6129999756813049, 0.6169999837875366, 0.6179999709129333, 0.6140000224113464, 0.6119999885559082, 0.6119999885559082, 0.6050000190734863, 0.6039999723434448, 0.6060000061988831, 0.6050000190734863, 0.6060000061988831, 0.6050000190734863, 0.6169999837875366, 0.6200000047683716, 0.6060000061988831, 0.6060000061988831, 0.609000027179718, 0.6129999756813049, 0.6129999756813049, 0.609000027179718, 0.6100000143051147, 0.609000027179718, 0.6079999804496765, 0.6060000061988831, 0.6069999933242798, 0.6060000061988831, 0.6060000061988831, 0.6060000061988831, 0.6069999933242798, 0.6079999804496765, 0.6110000014305115, 0.6150000095367432, 0.6150000095367432, 0.6179999709129333, 0.6150000095367432, 0.6159999966621399, 0.6159999966621399, 0.6179999709129333, 0.6179999709129333, 0.6150000095367432, 0.6159999966621399, 0.6190000176429749, 0.625, 0.6190000176429749, 0.6159999966621399, 0.6159999966621399, 0.6159999966621399, 0.6150000095367432, 0.6129999756813049, 0.6119999885559082, 0.6169999837875366, 0.6240000128746033, 0.621999979019165, 0.6169999837875366, 0.6079999804496765, 0.609000027179718, 0.6190000176429749, 0.6299999952316284, 0.6389999985694885, 0.6389999985694885, 0.6299999952316284, 0.6290000081062317, 0.6330000162124634, 0.6359999775886536, 0.6389999985694885, 0.6389999985694885, 0.6389999985694885, 0.6430000066757202, 0.6480000019073486, 0.6539999842643738, 0.6549999713897705, 0.6480000019073486, 0.6480000019073486, 0.6499999761581421, 0.6489999890327454]
intensities: [1027.0, 1046.0, 1046.0, 1078.0, 1112.0, 1127.0, 1144.0, 1155.0, 1169.0, 1193.0, 1254.0, 1254.0, 1255.0, 1188.0, 1202.0, 1137.0, 1046.0, 1018.0, 929.0, 835.0, 949.0, 1001.0, 1054.0, 1069.0, 1053.0, 1040.0, 1015.0, 1017.0, 1007.0, 1091.0, 1128.0, 1118.0, 1224.0, 1273.0, 1354.0, 1337.0, 1418.0, 1413.0, 1434.0, 1434.0, 1454.0, 1457.0, 1458.0, 1478.0, 1468.0, 1475.0, 1477.0, 1487.0, 1491.0, 1491.0, 1494.0, 1485.0, 1491.0, 1491.0, 1485.0, 1488.0, 1466.0, 1456.0, 1447.0, 1452.0, 1459.0, 1461.0, 1461.0, 1430.0, 1433.0, 1448.0, 1450.0, 1452.0, 1452.0, 1477.0, 1477.0, 1470.0, 1466.0, 1469.0, 1481.0, 1491.0, 1495.0, 1495.0, 1474.0, 1470.0, 1476.0, 1476.0, 1507.0, 1507.0, 1514.0, 1516.0, 1504.0, 1495.0, 1506.0, 1516.0, 1528.0, 1520.0, 1539.0, 1535.0, 1532.0, 1527.0, 1524.0, 1531.0, 1536.0, 1536.0, 1529.0, 1540.0, 1534.0, 1546.0, 1539.0, 1553.0, 1523.0, 1550.0, 1526.0, 1551.0, 1539.0, 1544.0, 1545.0, 1535.0, 1543.0, 1553.0, 1526.0, 1520.0, 1514.0, 1501.0, 1501.0, 1488.0, 1488.0, 1489.0, 1495.0, 1495.0, 1480.0, 1458.0, 1436.0, 1438.0, 1433.0, 1435.0, 1427.0, 1426.0, 1426.0, 1414.0, 1396.0, 1359.0, 1364.0, 1364.0, 1350.0, 1325.0, 1335.0, 1323.0, 1321.0, 1303.0, 1303.0, 1303.0, 1275.0, 1261.0, 1262.0, 1253.0, 1252.0, 1238.0, 1238.0, 1226.0, 1222.0, 1222.0, 1181.0, 1167.0, 1167.0, 1153.0, 1157.0, 1124.0, 1118.0, 1127.0, 1126.0, 1095.0, 1105.0, 1094.0, 1089.0, 1097.0, 1094.0, 1094.0, 1110.0, 1105.0, 1092.0, 1104.0, 1105.0, 1093.0, 1111.0, 1117.0, 1113.0, 1115.0, 1104.0, 1104.0, 1105.0, 1102.0, 1099.0, 1078.0, 1087.0, 1095.0, 1072.0, 1081.0, 1090.0, 1083.0, 1085.0, 1075.0, 1065.0, 1074.0, 1085.0, 1083.0, 1094.0, 1091.0, 1089.0, 1083.0, 1066.0, 1067.0, 1067.0, 1056.0, 1051.0, 1068.0, 1060.0, 1063.0, 1051.0, 1048.0, 1047.0, 1050.0, 1037.0, 1030.0, 1030.0, 1023.0, 1033.0, 1028.0, 1022.0, 1021.0, 1005.0, 1007.0, 1009.0, 1018.0, 1025.0, 1004.0, 1012.0, 1012.0, 1017.0, 1010.0, 994.0, 1002.0, 996.0, 973.0, 977.0, 979.0, 972.0, 966.0, 972.0, 953.0, 959.0, 954.0, 952.0, 953.0, 946.0, 941.0, 932.0, 931.0, 925.0, 923.0, 920.0, 921.0, 923.0, 908.0, 918.0, 904.0, 894.0, 884.0, 898.0, 889.0, 893.0, 895.0, 876.0, 872.0, 874.0, 864.0, 863.0, 857.0, 847.0, 844.0, 848.0, 834.0, 839.0, 840.0, 841.0, 835.0, 852.0, 854.0, 835.0, 824.0, 827.0, 845.0, 865.0, 1201.0, 1362.0, 926.0, 920.0, 919.0, 922.0, 924.0, 924.0, 934.0, 934.0, 928.0, 926.0, 927.0, 928.0, 936.0, 931.0, 937.0, 931.0, 931.0, 928.0, 929.0, 929.0, 930.0, 931.0, 929.0, 936.0, 950.0, 944.0, 937.0, 942.0, 936.0, 936.0, 944.0, 943.0, 945.0, 946.0, 941.0, 941.0, 947.0, 944.0, 947.0, 947.0, 945.0, 935.0, 932.0, 933.0, 945.0, 933.0, 934.0, 937.0, 935.0, 935.0, 941.0, 945.0, 938.0, 944.0, 934.0, 935.0, 932.0, 932.0, 935.0, 938.0, 926.0, 930.0, 939.0, 932.0, 943.0, 930.0, 953.0, 940.0, 931.0, 932.0, 926.0, 936.0, 942.0, 941.0, 940.0, 935.0, 932.0, 928.0, 932.0, 934.0, 927.0, 930.0, 927.0, 928.0, 927.0, 934.0, 920.0, 916.0, 916.0, 917.0, 908.0, 920.0, 927.0, 930.0, 925.0, 923.0, 917.0, 924.0, 921.0, 912.0, 932.0, 973.0, 959.0, 926.0, 936.0, 943.0, 959.0, 969.0, 963.0, 972.0, 964.0, 973.0, 978.0, 977.0, 986.0, 994.0, 981.0, 982.0, 982.0, 984.0, 981.0, 975.0, 966.0, 973.0, 980.0, 983.0, 1001.0, 998.0, 1011.0, 1016.0, 1019.0, 1024.0, 1031.0, 1042.0, 1043.0, 1047.0, 1054.0, 1054.0, 1070.0, 1068.0, 1080.0, 1085.0, 1093.0, 1095.0, 1097.0, 1104.0, 1105.0, 1113.0, 1117.0, 1121.0, 1120.0, 1120.0, 1127.0, 1106.0, 1113.0, 1125.0, 1116.0, 1116.0, 1088.0, 1128.0, 1137.0, 1134.0, 1139.0, 1129.0, 1144.0, 1173.0, 1160.0, 1170.0, 1168.0, 1171.0, 1177.0, 1188.0, 1210.0, 1210.0, 1210.0, 1210.0, 1225.0, 1219.0, 1222.0, 1230.0, 1232.0, 1244.0, 1232.0, 1244.0, 1245.0, 1243.0, 1253.0, 1252.0, 1252.0, 1254.0, 1261.0, 1267.0, 1272.0, 1273.0, 1282.0, 1288.0, 1283.0, 1286.0, 1290.0, 1324.0, 1317.0, 1308.0, 1316.0, 1316.0, 1334.0, 1342.0, 1323.0, 1340.0, 1377.0, 1377.0, 1360.0, 1377.0, 1377.0, 1379.0, 1381.0, 1393.0, 1405.0, 1399.0, 1409.0, 1409.0, 1409.0, 1415.0, 1419.0, 1432.0, 1432.0, 1440.0, 1449.0, 1440.0, 1448.0, 1467.0, 1460.0, 1465.0, 1475.0, 1469.0, 1467.0, 1469.0, 1461.0, 1461.0, 1465.0, 1490.0, 1485.0, 1500.0, 1505.0, 1505.0, 1505.0, 1520.0, 1508.0, 1515.0, 1510.0, 1522.0, 1539.0, 1539.0, 1545.0, 1537.0, 1550.0, 1543.0, 1552.0, 1555.0, 1582.0, 1582.0, 1572.0, 1572.0, 1577.0, 1579.0, 1581.0, 1590.0, 1604.0, 1616.0, 1624.0, 1626.0, 1628.0, 1628.0, 1630.0, 1632.0, 1625.0, 1629.0, 1625.0, 1629.0, 1636.0, 1636.0, 1636.0, 1646.0, 1652.0, 1647.0, 1652.0, 1670.0, 1660.0, 1660.0, 1683.0, 1674.0, 1691.0, 1663.0, 1658.0, 1665.0, 1672.0, 1668.0, 1663.0, 1661.0, 1661.0, 1659.0, 1663.0, 1672.0, 1668.0, 1665.0, 1666.0, 1663.0, 1679.0, 1667.0, 1667.0, 1661.0, 1663.0, 1655.0, 1660.0, 1672.0, 1676.0, 1673.0, 1670.0, 1686.0, 1669.0, 1680.0, 1688.0, 1701.0, 1712.0, 1712.0, 1700.0, 1673.0, 1706.0, 1682.0, 1685.0, 1681.0, 1681.0, 1688.0, 1687.0, 1687.0, 1683.0, 1679.0, 1676.0, 1693.0, 1693.0, 1727.0, 1715.0, 1715.0, 1714.0, 1714.0, 1700.0, 1723.0, 1720.0, 1711.0, 1710.0, 1705.0, 1709.0, 1724.0, 1733.0, 1731.0, 1730.0, 1723.0, 1721.0, 1723.0, 1747.0, 1747.0, 1743.0, 1746.0, 1756.0, 1740.0, 1740.0, 1760.0, 1737.0, 1739.0, 1741.0, 1753.0, 1755.0, 1791.0, 1779.0, 1779.0, 1779.0, 1779.0, 1767.0, 1775.0, 1798.0, 1787.0, 1789.0, 1791.0, 1792.0, 1775.0, 1783.0, 1777.0, 1792.0, 1782.0, 1774.0, 1788.0, 1803.0, 1803.0, 1812.0, 1823.0, 1819.0, 1786.0, 1757.0, 1767.0, 1793.0, 1803.0, 1787.0, 1797.0, 1782.0, 1794.0, 1813.0, 1809.0, 1787.0, 1806.0, 1793.0, 1804.0, 1795.0, 1773.0, 1808.0, 1815.0, 1822.0, 1797.0, 1795.0, 1807.0, 1804.0, 1804.0, 1807.0, 1817.0, 1804.0, 1790.0, 1811.0, 1812.0, 1804.0, 1809.0, 1829.0, 1806.0, 1836.0, 1814.0, 1814.0, 1819.0, 1829.0, 1829.0, 1829.0, 1833.0, 1833.0, 1831.0, 1825.0, 1813.0, 1815.0, 1846.0, 1833.0, 1786.0, 1799.0, 1799.0, 1815.0, 1801.0, 1809.0, 1830.0, 1818.0, 1808.0, 1807.0, 1807.0, 1807.0, 1800.0, 1800.0, 1784.0, 1808.0, 1797.0, 1785.0, 1800.0, 1802.0, 1784.0, 1814.0, 1796.0, 1796.0, 1802.0, 1780.0, 1780.0, 1788.0, 1788.0, 1781.0, 1786.0, 1785.0, 1812.0, 1779.0, 1779.0, 1791.0, 1775.0, 1804.0, 1804.0, 1775.0, 1786.0, 1773.0, 1789.0, 1774.0, 1772.0, 1760.0, 1779.0, 1772.0, 1748.0, 1767.0, 1770.0, 1755.0, 1748.0, 1779.0, 1779.0, 1771.0, 1779.0, 1768.0, 1763.0, 1763.0, 1724.0, 1734.0, 1724.0, 1704.0, 1706.0, 1705.0, 1697.0, 1706.0, 1698.0, 1691.0, 1696.0, 1704.0, 1704.0, 1705.0, 1703.0, 1694.0, 1697.0, 1697.0, 1702.0, 1702.0, 1690.0, 1690.0, 1695.0, 1687.0, 1679.0, 1697.0, 1689.0, 1682.0, 1677.0, 1656.0, 1672.0, 1665.0, 1647.0, 1643.0, 1630.0, 1668.0, 1671.0, 1689.0, 1654.0, 1654.0, 1670.0, 1654.0, 1645.0, 1647.0, 1638.0, 1638.0, 1617.0, 1627.0, 1608.0, 1602.0, 1607.0, 1624.0, 1624.0, 1599.0, 1605.0, 1605.0, 1569.0, 1569.0, 1541.0, 1541.0, 1549.0, 1554.0, 1555.0, 1563.0, 1526.0, 1509.0, 1525.0, 1525.0, 1518.0, 1511.0, 1522.0, 1511.0, 1511.0, 1502.0, 1485.0, 1496.0, 1496.0, 1492.0, 1483.0, 1496.0, 1485.0, 1475.0, 1474.0, 1448.0, 1445.0, 1459.0, 1459.0, 1447.0, 1447.0, 1447.0, 1450.0, 1451.0, 1450.0, 1425.0, 1408.0, 1439.0, 1439.0, 1435.0, 1394.0, 1395.0, 1414.0, 1413.0, 1414.0, 1411.0, 1406.0, 1401.0, 1383.0, 1393.0, 1383.0, 1383.0, 1385.0, 1393.0, 1371.0, 1365.0, 1371.0, 1377.0, 1378.0, 1375.0, 1372.0, 1372.0, 1384.0, 1369.0, 1347.0, 1350.0, 1350.0, 1348.0, 1348.0, 1346.0, 1337.0, 1343.0, 1320.0, 1320.0, 1324.0, 1323.0, 1315.0, 1316.0, 1334.0, 1335.0, 1320.0, 1315.0, 1318.0, 1326.0, 1326.0, 1326.0, 1324.0, 1331.0, 1331.0, 1323.0, 1314.0, 1304.0, 1288.0, 1295.0, 1308.0, 1310.0, 1326.0, 1302.0, 1302.0, 1282.0, 1280.0, 1281.0, 1312.0, 1278.0, 1308.0, 1319.0, 1298.0, 1310.0, 1301.0, 1308.0, 1315.0, 1300.0, 1300.0, 1308.0, 1309.0, 1303.0, 1303.0, 1308.0, 1319.0, 1321.0, 1323.0, 1328.0, 1331.0, 1331.0, 1331.0, 1325.0, 1323.0, 1312.0, 1327.0, 1327.0, 1332.0, 1329.0, 1342.0, 1339.0, 1342.0, 1338.0, 1345.0, 1345.0, 1350.0, 1350.0, 1350.0, 1352.0, 1352.0, 1357.0, 1357.0, 1360.0, 1371.0, 1379.0, 1360.0, 1353.0, 1374.0, 1362.0, 1361.0, 1372.0, 1382.0, 1373.0, 1370.0, 1387.0, 1389.0, 1378.0, 1400.0, 1407.0, 1413.0, 1400.0, 1416.0, 1411.0, 1413.0, 1413.0, 1402.0, 1408.0, 1408.0, 1422.0, 1442.0, 1437.0, 1426.0, 1426.0, 1427.0, 1426.0, 1427.0, 1426.0, 1427.0, 1426.0, 1429.0, 1437.0, 1437.0, 1454.0, 1451.0, 1462.0, 1462.0, 1455.0, 1455.0, 1452.0, 1462.0, 1469.0, 1469.0, 1468.0, 1460.0, 1461.0, 1462.0, 1484.0, 1482.0, 1482.0, 1481.0, 1485.0, 1503.0, 1500.0, 1480.0, 1472.0, 1484.0, 1472.0, 1478.0, 1491.0, 1500.0, 1492.0, 1474.0, 1478.0, 1466.0, 1480.0, 1476.0, 1469.0, 1462.0, 1471.0, 1468.0, 1486.0, 1483.0, 1459.0, 1481.0]