header: 
  seq: 2373
  stamp: 
    secs: 1548820816
    nsecs: 531149192
  frame_id: "base_link"
angle_min: -2.35619449615
angle_max: 2.35619449615
angle_increment: 0.00436332309619
time_increment: 1.73611151695e-05
scan_time: 0.0250000003725
range_min: 0.019999999553
range_max: 30.0
ranges: [0.3779999911785126, 0.3779999911785126, 0.3779999911785126, 0.3799999952316284, 0.38999998569488525, 0.3959999978542328, 0.3919999897480011, 0.39399999380111694, 0.39399999380111694, 0.38999998569488525, 0.3869999945163727, 0.3840000033378601, 0.3869999945163727, 0.382999986410141, 0.3700000047683716, 0.36899998784065247, 0.3440000116825104, 0.2720000147819519, 0.27399998903274536, 0.2750000059604645, 0.3409999907016754, 0.33799999952316284, 0.36000001430511475, 0.3610000014305115, 0.3610000014305115, 0.367000013589859, 0.3630000054836273, 0.3540000021457672, 0.3779999911785126, 0.3659999966621399, 0.37599998712539673, 0.37599998712539673, 0.375, 0.37599998712539673, 0.3659999966621399, 0.3630000054836273, 0.3630000054836273, 0.3619999885559082, 0.3619999885559082, 0.367000013589859, 0.36399999260902405, 0.35899999737739563, 0.3569999933242798, 0.3580000102519989, 0.3630000054836273, 0.36000001430511475, 0.3569999933242798, 0.35600000619888306, 0.35199999809265137, 0.35899999737739563, 0.35499998927116394, 0.35899999737739563, 0.35600000619888306, 0.3540000021457672, 0.3490000069141388, 0.34700000286102295, 0.35600000619888306, 0.35600000619888306, 0.3540000021457672, 0.35100001096725464, 0.3490000069141388, 0.34700000286102295, 0.3490000069141388, 0.35100001096725464, 0.35100001096725464, 0.34700000286102295, 0.34700000286102295, 0.34299999475479126, 0.3449999988079071, 0.3400000035762787, 0.3400000035762787, 0.3400000035762787, 0.33899998664855957, 0.33799999952316284, 0.33799999952316284, 0.3400000035762787, 0.3409999907016754, 0.34299999475479126, 0.33899998664855957, 0.33399999141693115, 0.33000001311302185, 0.33000001311302185, 0.3409999907016754, 0.33799999952316284, 0.33799999952316284, 0.3370000123977661, 0.3409999907016754, 0.34299999475479126, 0.34299999475479126, 0.3330000042915344, 0.3310000002384186, 0.33799999952316284, 0.33399999141693115, 0.33799999952316284, 0.3319999873638153, 0.33000001311302185, 0.32899999618530273, 0.33000001311302185, 0.32899999618530273, 0.32899999618530273, 0.32899999618530273, 0.33500000834465027, 0.32499998807907104, 0.32499998807907104, 0.3240000009536743, 0.32600000500679016, 0.32499998807907104, 0.32100000977516174, 0.32199999690055847, 0.328000009059906, 0.3310000002384186, 0.3310000002384186, 0.3230000138282776, 0.3179999887943268, 0.3240000009536743, 0.33500000834465027, 0.3319999873638153, 0.32499998807907104, 0.3179999887943268, 0.3230000138282776, 0.32100000977516174, 0.32199999690055847, 0.3190000057220459, 0.31700000166893005, 0.32499998807907104, 0.32499998807907104, 0.3240000009536743, 0.3230000138282776, 0.32100000977516174, 0.32100000977516174, 0.31200000643730164, 0.31299999356269836, 0.3190000057220459, 0.32100000977516174, 0.32199999690055847, 0.3190000057220459, 0.3190000057220459, 0.3199999928474426, 0.3149999976158142, 0.3199999928474426, 0.3140000104904175, 0.31700000166893005, 0.3160000145435333, 0.3160000145435333, 0.31200000643730164, 0.3100000023841858, 0.3089999854564667, 0.3100000023841858, 0.3100000023841858, 0.31200000643730164, 0.31299999356269836, 0.3140000104904175, 0.31200000643730164, 0.3089999854564667, 0.30799999833106995, 0.3140000104904175, 0.3199999928474426, 0.31200000643730164, 0.30799999833106995, 0.3089999854564667, 0.3100000023841858, 0.31200000643730164, 0.3089999854564667, 0.30399999022483826, 0.30300000309944153, 0.30799999833106995, 0.3070000112056732, 0.3050000071525574, 0.3089999854564667, 0.31299999356269836, 0.3050000071525574, 0.3089999854564667, 0.31200000643730164, 0.3140000104904175, 0.3149999976158142, 0.31700000166893005, 0.31299999356269836, 0.3140000104904175, 0.3179999887943268, 0.3179999887943268, 0.3149999976158142, 0.31200000643730164, 0.3100000023841858, 0.3089999854564667, 0.3089999854564667, 0.3100000023841858, 0.3070000112056732, 0.3009999990463257, 0.3089999854564667, 0.3140000104904175, 0.3140000104904175, 0.3100000023841858, 0.3070000112056732, 0.3050000071525574, 0.3050000071525574, 0.3100000023841858, 0.3149999976158142, 0.3100000023841858, 0.3089999854564667, 0.3089999854564667, 0.30799999833106995, 0.30799999833106995, 0.3100000023841858, 0.30399999022483826, 0.30399999022483826, 0.3019999861717224, 0.3009999990463257, 0.3009999990463257, 0.3059999942779541, 0.3109999895095825, 0.30399999022483826, 0.30799999833106995, 0.3109999895095825, 0.3109999895095825, 0.3100000023841858, 0.31299999356269836, 0.3160000145435333, 0.3190000057220459, 0.3190000057220459, 0.3179999887943268, 0.3140000104904175, 0.31299999356269836, 0.30799999833106995, 0.3070000112056732, 0.31200000643730164, 0.3109999895095825, 0.3190000057220459, 0.32199999690055847, 0.32499998807907104, 0.3240000009536743, 0.3240000009536743, 0.3240000009536743, 0.31700000166893005, 0.3149999976158142, 0.31200000643730164, 0.31200000643730164, 0.32100000977516174, 0.32100000977516174, 0.3269999921321869, 0.32499998807907104, 0.328000009059906, 0.32600000500679016, 0.3269999921321869, 0.3269999921321869, 0.32600000500679016, 0.3310000002384186, 0.3330000042915344, 0.3190000057220459, 0.3199999928474426, 0.32499998807907104, 0.32499998807907104, 0.32499998807907104, 0.32199999690055847, 0.32499998807907104, 0.328000009059906, 0.328000009059906, 0.3370000123977661, 0.3370000123977661, 0.3370000123977661, 0.3370000123977661, 0.3370000123977661, 0.34200000762939453, 0.34200000762939453, 0.33899998664855957, 0.335999995470047, 0.3370000123977661, 0.3370000123977661, 0.3370000123977661, 0.3440000116825104, 0.3409999907016754, 0.3400000035762787, 0.34200000762939453, 0.3449999988079071, 0.34599998593330383, 0.34200000762939453, 0.34700000286102295, 0.3400000035762787, 0.34200000762939453, 0.34200000762939453, 0.34299999475479126, 0.34700000286102295, 0.3499999940395355, 0.3540000021457672, 0.3580000102519989, 0.35199999809265137, 0.3540000021457672, 0.35199999809265137, 0.35499998927116394, 0.35499998927116394, 0.3569999933242798, 0.3490000069141388, 0.3490000069141388, 0.3630000054836273, 0.36399999260902405, 0.36399999260902405, 0.36500000953674316, 0.3610000014305115, 0.36899998784065247, 0.36899998784065247, 0.367000013589859, 0.367000013589859, 0.36899998784065247, 0.367000013589859, 0.37299999594688416, 0.37299999594688416, 0.37299999594688416, 0.37599998712539673, 0.3799999952316284, 0.38100001215934753, 0.382999986410141, 0.38199999928474426, 0.38999998569488525, 0.39100000262260437, 0.3919999897480011, 0.38999998569488525, 0.39399999380111694, 0.3930000066757202, 0.3930000066757202, 0.4009999930858612, 0.4009999930858612, 0.4009999930858612, 0.4020000100135803, 0.4050000011920929, 0.40700000524520874, 0.4099999964237213, 0.4129999876022339, 0.4129999876022339, 0.41200000047683716, 0.41200000047683716, 0.4129999876022339, 0.41999998688697815, 0.42399999499320984, 0.4259999990463257, 0.4269999861717224, 0.42500001192092896, 0.42800000309944153, 0.4309999942779541, 0.4359999895095825, 0.4410000145435333, 0.43700000643730164, 0.44200000166893005, 0.44200000166893005, 0.4440000057220459, 0.44200000166893005, 0.4480000138282776, 0.44999998807907104, 0.453000009059906, 0.4560000002384186, 0.45100000500679016, 0.453000009059906, 0.4569999873638153, 0.45899999141693115, 0.46700000762939453, 0.47600001096725464, 0.47099998593330383, 0.4749999940395355, 0.4729999899864197, 0.47699999809265137, 0.4790000021457672, 0.47999998927116394, 0.4790000021457672, 0.47699999809265137, 0.47999998927116394, 0.4860000014305115, 0.5, 0.5210000276565552, 0.5619999766349792, 0.6159999966621399, 0.7210000157356262, 1.024999976158142, 1.7610000371932983, 1.753999948501587, 1.74399995803833, 1.7430000305175781, 1.7389999628067017, 1.7380000352859497, 1.7300000190734863, 1.7259999513626099, 1.7170000076293945, 1.7089999914169312, 1.7070000171661377, 1.7029999494552612, 1.6979999542236328, 1.6950000524520874, 1.6920000314712524, 1.6950000524520874, 1.6790000200271606, 1.6690000295639038, 1.6670000553131104, 1.6649999618530273, 1.6649999618530273, 1.659000039100647, 1.6549999713897705, 1.6430000066757202, 1.6330000162124634, 1.628999948501587, 1.63100004196167, 1.6230000257492065, 1.6200000047683716, 1.6200000047683716, 1.6059999465942383, 1.6039999723434448, 1.6009999513626099, 1.590999960899353, 1.590999960899353, 1.5950000286102295, 1.5870000123977661, 1.5750000476837158, 1.5700000524520874, 1.5700000524520874, 1.5729999542236328, 1.569000005722046, 1.5490000247955322, 1.5499999523162842, 1.5509999990463257, 1.5509999990463257, 1.5509999990463257, 1.5529999732971191, 1.534999966621399, 1.5360000133514404, 1.531000018119812, 1.5219999551773071, 1.5240000486373901, 1.5199999809265137, 1.5140000581741333, 1.5140000581741333, 1.5130000114440918, 1.5069999694824219, 1.5069999694824219, 1.50600004196167, 1.503000020980835, 1.503000020980835, 1.5010000467300415, 1.4989999532699585, 1.49399995803833, 1.4859999418258667, 1.4850000143051147, 1.4800000190734863, 1.4739999771118164, 1.4739999771118164, 1.4730000495910645, 1.468000054359436, 1.4630000591278076, 1.4600000381469727, 1.4589999914169312, 1.4539999961853027, 1.4559999704360962, 1.4600000381469727, 1.4509999752044678, 1.4539999961853027, 1.4509999752044678, 1.4479999542236328, 1.4490000009536743, 1.4479999542236328, 1.4459999799728394, 1.440999984741211, 1.4450000524520874, 1.437999963760376, 1.4359999895095825, 1.4390000104904175, 1.4390000104904175, 1.4320000410079956, 1.430999994277954, 1.4329999685287476, 1.4329999685287476, 1.4279999732971191, 1.4199999570846558, 1.4249999523162842, 1.4249999523162842, 1.4240000247955322, 1.4249999523162842, 1.4220000505447388, 1.4210000038146973, 1.4179999828338623, 1.4170000553131104, 1.4179999828338623, 1.4140000343322754, 1.4140000343322754, 1.4160000085830688, 1.4160000085830688, 1.4170000553131104, 1.406999945640564, 1.4079999923706055, 1.406000018119812, 1.4040000438690186, 1.4010000228881836, 1.3969999551773071, 1.3869999647140503, 1.3880000114440918, 1.3910000324249268, 1.3890000581741333, 1.3910000324249268, 1.3899999856948853, 1.3860000371932983, 1.3760000467300415, 1.3760000467300415, 1.3730000257492065, 1.375, 1.375, 1.3739999532699585, 1.3760000467300415, 1.36899995803833, 1.3660000562667847, 1.3609999418258667, 1.3589999675750732, 1.3580000400543213, 1.3550000190734863, 1.3539999723434448, 1.3569999933242798, 1.3539999723434448, 1.3489999771118164, 1.347000002861023, 1.3489999771118164, 1.3450000286102295, 1.3380000591278076, 1.3380000591278076, 1.3389999866485596, 1.3380000591278076, 1.3359999656677246, 1.3350000381469727, 1.3289999961853027, 1.3270000219345093, 1.3250000476837158, 1.319000005722046, 1.319000005722046, 1.315999984741211, 1.3179999589920044, 1.3109999895095825, 1.312000036239624, 1.3049999475479126, 1.2999999523162842, 1.2999999523162842, 1.309999942779541, 1.3020000457763672, 1.3049999475479126, 1.3049999475479126, 1.2970000505447388, 1.2890000343322754, 1.2910000085830688, 1.2899999618530273, 1.2829999923706055, 1.277999997138977, 1.2760000228881836, 1.2730000019073486, 1.2719999551773071, 1.2699999809265137, 1.2690000534057617, 1.2699999809265137, 1.2690000534057617, 1.2649999856948853, 1.2569999694824219, 1.253000020980835, 1.2450000047683716, 1.24399995803833, 1.2400000095367432, 1.2410000562667847, 1.24399995803833, 1.2410000562667847, 1.2380000352859497, 1.2380000352859497, 1.2319999933242798, 1.2319999933242798, 1.2230000495910645, 1.2209999561309814, 1.218000054359436, 1.215999960899353, 1.2139999866485596, 1.2039999961853027, 1.2000000476837158, 1.2000000476837158, 1.2029999494552612, 1.2009999752044678, 1.1929999589920044, 1.190000057220459, 1.1890000104904175, 1.1890000104904175, 1.180999994277954, 1.1799999475479126, 1.1749999523162842, 1.1759999990463257, 1.1690000295639038, 1.1670000553131104, 1.1610000133514404, 1.1540000438690186, 1.152999997138977, 1.159000039100647, 1.1579999923706055, 1.1490000486373901, 1.1440000534057617, 1.1430000066757202, 1.1399999856948853, 1.1360000371932983, 1.1330000162124634, 1.128999948501587, 1.1239999532699585, 1.121000051498413, 1.1230000257492065, 1.121999979019165, 1.121000051498413, 1.1139999628067017, 1.1069999933242798, 1.1080000400543213, 1.1039999723434448, 1.0950000286102295, 1.090999960899353, 1.090999960899353, 1.0870000123977661, 1.0870000123977661, 1.0839999914169312, 1.0839999914169312, 1.0779999494552612, 1.0720000267028809, 1.0720000267028809, 1.0709999799728394, 1.069000005722046, 1.065999984741211, 1.0670000314712524, 1.065999984741211, 1.062999963760376, 1.0479999780654907, 1.0479999780654907, 1.0520000457763672, 1.0529999732971191, 1.0460000038146973, 1.0399999618530273, 1.0379999876022339, 1.0360000133514404, 1.0240000486373901, 1.0210000276565552, 1.0199999809265137, 1.0180000066757202, 1.0099999904632568, 1.0, 0.9980000257492065, 0.9980000257492065, 0.9940000176429749, 0.9940000176429749, 0.9940000176429749, 0.9829999804496765, 0.9819999933242798, 0.9810000061988831, 0.9810000061988831, 0.9810000061988831, 0.9729999899864197, 0.972000002861023, 0.9660000205039978, 0.9700000286102295, 0.9670000076293945, 0.9589999914169312, 0.9549999833106995, 0.9520000219345093, 0.949999988079071, 0.949999988079071, 0.9490000009536743, 0.9490000009536743, 0.9440000057220459, 0.9390000104904175, 0.9319999814033508, 0.9319999814033508, 0.9319999814033508, 0.9279999732971191, 0.9169999957084656, 0.9179999828338623, 0.9169999957084656, 0.9179999828338623, 0.9120000004768372, 0.9039999842643738, 0.9010000228881836, 0.8970000147819519, 0.8949999809265137, 0.8889999985694885, 0.8889999985694885, 0.8880000114440918, 0.8799999952316284, 0.8790000081062317, 0.8769999742507935, 0.8679999709129333, 0.8679999709129333, 0.8679999709129333, 0.8659999966621399, 0.8650000095367432, 0.8600000143051147, 0.8560000061988831, 0.8550000190734863, 0.8479999899864197, 0.8420000076293945, 0.8399999737739563, 0.8370000123977661, 0.8389999866485596, 0.8349999785423279, 0.8299999833106995, 0.8289999961853027, 0.8270000219345093, 0.8169999718666077, 0.8159999847412109, 0.8180000185966492, 0.8180000185966492, 0.8059999942779541, 0.8040000200271606, 0.7990000247955322, 0.7979999780654907, 0.7950000166893005, 0.796999990940094, 0.7870000004768372, 0.7829999923706055, 0.7820000052452087, 0.7739999890327454, 0.7760000228881836, 0.7739999890327454, 0.7720000147819519, 0.765999972820282, 0.7620000243186951, 0.7580000162124634, 0.7549999952316284, 0.7519999742507935, 0.7509999871253967, 0.7490000128746033, 0.7480000257492065, 0.7440000176429749, 0.7379999756813049, 0.7329999804496765, 0.7310000061988831, 0.7319999933242798, 0.7260000109672546, 0.7229999899864197, 0.7200000286102295, 0.722000002861023, 0.7170000076293945, 0.7120000123977661, 0.7080000042915344, 0.7080000042915344, 0.7049999833106995, 0.7059999704360962, 0.7059999704360962, 0.7020000219345093, 0.6990000009536743, 0.6970000267028809, 0.6940000057220459, 0.6899999976158142, 0.6880000233650208, 0.6880000233650208, 0.6880000233650208, 0.6840000152587891, 0.6809999942779541, 0.6800000071525574, 0.6809999942779541, 0.6819999814033508, 0.6809999942779541, 0.6729999780654907, 0.6729999780654907, 0.6759999990463257, 0.675000011920929, 0.6700000166893005, 0.6639999747276306, 0.6600000262260437, 0.6600000262260437, 0.6629999876022339, 0.6740000247955322, 0.6629999876022339, 0.656000018119812, 0.656000018119812, 0.6549999713897705, 0.652999997138977, 0.656000018119812, 0.6579999923706055, 0.6549999713897705, 0.6510000228881836, 0.6520000100135803, 0.6520000100135803, 0.6449999809265137, 0.6420000195503235, 0.6420000195503235, 0.640999972820282, 0.6370000243186951, 0.6370000243186951, 0.6330000162124634, 0.6320000290870667, 0.6349999904632568, 0.6380000114440918, 0.6380000114440918, 0.6340000033378601, 0.6330000162124634, 0.6240000128746033, 0.6240000128746033, 0.6240000128746033, 0.6240000128746033, 0.6240000128746033, 0.6209999918937683, 0.6240000128746033, 0.6240000128746033, 0.6230000257492065, 0.6159999966621399, 0.6150000095367432, 0.6110000014305115, 0.6190000176429749, 0.6190000176429749, 0.6100000143051147, 0.6100000143051147, 0.6110000014305115, 0.6110000014305115, 0.6100000143051147, 0.6069999933242798, 0.6100000143051147, 0.6110000014305115, 0.6100000143051147, 0.6029999852180481, 0.6050000190734863, 0.5979999899864197, 0.5979999899864197, 0.6050000190734863, 0.6029999852180481, 0.6100000143051147, 0.6100000143051147, 0.6050000190734863, 0.6029999852180481, 0.609000027179718, 0.6050000190734863, 0.6019999980926514, 0.597000002861023, 0.5920000076293945, 0.5899999737739563, 0.5910000205039978, 0.5989999771118164, 0.5929999947547913, 0.5910000205039978, 0.5929999947547913, 0.5989999771118164, 0.5989999771118164, 0.593999981880188, 0.5849999785423279, 0.5879999995231628, 0.5839999914169312, 0.5809999704360962, 0.5809999704360962, 0.5820000171661377, 0.5899999737739563, 0.5889999866485596, 0.5950000286102295, 0.5899999737739563, 0.5870000123977661, 0.5870000123977661, 0.5849999785423279, 0.5849999785423279, 0.5849999785423279, 0.5839999914169312, 0.5820000171661377, 0.5860000252723694, 0.5849999785423279, 0.5849999785423279, 0.5839999914169312, 0.5849999785423279, 0.5860000252723694, 0.5860000252723694, 0.5870000123977661, 0.5870000123977661, 0.5849999785423279, 0.5860000252723694, 0.5879999995231628, 0.5849999785423279, 0.5820000171661377, 0.5849999785423279, 0.5849999785423279, 0.5879999995231628, 0.5839999914169312, 0.5830000042915344, 0.5830000042915344, 0.5839999914169312, 0.5830000042915344, 0.5839999914169312, 0.5849999785423279, 0.5879999995231628, 0.5879999995231628, 0.5879999995231628, 0.5889999866485596, 0.5860000252723694, 0.5839999914169312, 0.5809999704360962, 0.5809999704360962, 0.5830000042915344, 0.5849999785423279, 0.5879999995231628, 0.5870000123977661, 0.5839999914169312, 0.5820000171661377, 0.5830000042915344, 0.5830000042915344, 0.5789999961853027, 0.5799999833106995, 0.578000009059906, 0.5789999961853027, 0.5799999833106995, 0.5799999833106995, 0.5839999914169312, 0.5839999914169312, 0.5849999785423279, 0.5830000042915344, 0.5820000171661377, 0.5870000123977661, 0.5889999866485596, 0.5849999785423279, 0.5830000042915344, 0.5860000252723694, 0.5870000123977661, 0.5830000042915344, 0.5839999914169312, 0.5860000252723694, 0.5889999866485596, 0.5889999866485596, 0.593999981880188, 0.593999981880188, 0.5910000205039978, 0.5960000157356262, 0.5950000286102295, 0.5929999947547913, 0.5920000076293945, 0.5899999737739563, 0.5920000076293945, 0.5899999737739563, 0.5929999947547913, 0.5920000076293945, 0.5910000205039978, 0.5879999995231628, 0.5950000286102295, 0.5879999995231628, 0.5979999899864197, 0.5920000076293945, 0.5950000286102295, 0.5960000157356262, 0.5960000157356262, 0.5960000157356262, 0.5960000157356262, 0.6069999933242798, 0.6019999980926514, 0.5889999866485596, 0.5920000076293945, 0.5989999771118164, 0.6000000238418579, 0.5979999899864197, 0.5950000286102295, 0.593999981880188, 0.593999981880188, 0.5950000286102295, 0.5989999771118164, 0.6000000238418579, 0.6029999852180481, 0.6069999933242798, 0.6100000143051147, 0.6069999933242798, 0.6010000109672546, 0.6010000109672546, 0.6129999756813049, 0.6119999885559082, 0.6100000143051147, 0.6119999885559082, 0.6129999756813049, 0.6129999756813049, 0.6129999756813049, 0.6169999837875366, 0.6200000047683716, 0.621999979019165, 0.6190000176429749, 0.6209999918937683, 0.6179999709129333, 0.6169999837875366, 0.6179999709129333, 0.6159999966621399, 0.625, 0.6299999952316284, 0.6299999952316284, 0.6399999856948853, 0.6430000066757202, 0.640999972820282, 0.628000020980835, 0.6380000114440918, 0.6380000114440918, 0.6349999904632568, 0.6309999823570251, 0.6349999904632568, 0.6370000243186951, 0.6420000195503235, 0.6430000066757202, 0.6420000195503235, 0.6380000114440918, 0.6439999938011169, 0.6510000228881836, 0.6489999890327454, 0.6520000100135803, 0.6520000100135803, 0.6539999842643738, 0.656000018119812, 0.6579999923706055, 0.6610000133514404, 0.6650000214576721, 0.6700000166893005, 0.6629999876022339, 0.6620000004768372, 0.6650000214576721, 0.6669999957084656, 0.6669999957084656, 0.6710000038146973, 0.6729999780654907, 0.6800000071525574, 0.6769999861717224, 0.6740000247955322, 0.6740000247955322, 0.6740000247955322, 0.6830000281333923, 0.6830000281333923, 0.6830000281333923, 0.6830000281333923, 0.6809999942779541, 0.6809999942779541, 0.6800000071525574, 0.6809999942779541, 0.6880000233650208, 0.6830000281333923, 0.6869999766349792, 0.6909999847412109, 0.699999988079071, 0.699999988079071, 0.7009999752044678, 0.6990000009536743, 0.7009999752044678, 0.7020000219345093, 0.7089999914169312, 0.7099999785423279, 0.7039999961853027, 0.7059999704360962, 0.7059999704360962, 0.7059999704360962, 0.7020000219345093, 0.7039999961853027, 0.7020000219345093, 0.7049999833106995, 0.7170000076293945, 0.7179999947547913, 0.7170000076293945, 0.7210000157356262, 0.7269999980926514, 0.7229999899864197, 0.7250000238418579, 0.7250000238418579, 0.734000027179718, 0.7360000014305115, 0.7400000095367432, 0.7400000095367432, 0.7400000095367432, 0.7379999756813049, 0.7369999885559082, 0.7400000095367432, 0.7450000047683716, 0.7450000047683716, 0.7440000176429749, 0.7409999966621399, 0.7360000014305115, 0.7329999804496765, 0.7360000014305115, 0.7509999871253967, 0.753000020980835, 0.753000020980835, 0.7570000290870667, 0.753000020980835, 0.7599999904632568, 0.765999972820282, 0.7839999794960022, 0.7879999876022339, 0.7910000085830688, 0.8019999861717224, 0.8149999976158142, 0.8159999847412109, 0.8180000185966492, 0.8180000185966492, 0.8199999928474426, 0.8190000057220459, 0.8180000185966492, 0.8379999995231628, 0.8450000286102295, 0.847000002861023, 0.8579999804496765, 0.8579999804496765, 0.8610000014305115]
intensities: [1128.0, 1128.0, 1164.0, 1200.0, 1332.0, 1408.0, 1436.0, 1521.0, 1521.0, 1546.0, 1548.0, 1536.0, 1548.0, 1408.0, 1263.0, 1299.0, 1094.0, 834.0, 846.0, 858.0, 944.0, 924.0, 992.0, 987.0, 989.0, 1008.0, 1023.0, 1076.0, 1230.0, 1229.0, 1380.0, 1459.0, 1500.0, 1544.0, 1545.0, 1565.0, 1583.0, 1606.0, 1606.0, 1556.0, 1578.0, 1560.0, 1530.0, 1570.0, 1594.0, 1557.0, 1548.0, 1549.0, 1552.0, 1555.0, 1534.0, 1534.0, 1534.0, 1534.0, 1534.0, 1534.0, 1531.0, 1528.0, 1536.0, 1530.0, 1538.0, 1537.0, 1537.0, 1536.0, 1537.0, 1534.0, 1537.0, 1535.0, 1528.0, 1539.0, 1525.0, 1525.0, 1521.0, 1533.0, 1524.0, 1518.0, 1506.0, 1529.0, 1504.0, 1504.0, 1506.0, 1506.0, 1498.0, 1507.0, 1506.0, 1493.0, 1495.0, 1487.0, 1487.0, 1486.0, 1486.0, 1468.0, 1473.0, 1468.0, 1457.0, 1449.0, 1439.0, 1439.0, 1436.0, 1436.0, 1436.0, 1429.0, 1448.0, 1436.0, 1424.0, 1430.0, 1421.0, 1425.0, 1433.0, 1406.0, 1415.0, 1427.0, 1416.0, 1390.0, 1396.0, 1418.0, 1400.0, 1394.0, 1388.0, 1386.0, 1385.0, 1377.0, 1382.0, 1375.0, 1377.0, 1371.0, 1371.0, 1377.0, 1375.0, 1379.0, 1391.0, 1384.0, 1370.0, 1356.0, 1333.0, 1339.0, 1358.0, 1367.0, 1315.0, 1367.0, 1368.0, 1360.0, 1354.0, 1348.0, 1344.0, 1325.0, 1321.0, 1314.0, 1294.0, 1300.0, 1302.0, 1296.0, 1289.0, 1288.0, 1278.0, 1278.0, 1288.0, 1291.0, 1277.0, 1277.0, 1279.0, 1291.0, 1278.0, 1288.0, 1285.0, 1282.0, 1283.0, 1275.0, 1286.0, 1288.0, 1262.0, 1262.0, 1254.0, 1268.0, 1273.0, 1288.0, 1261.0, 1263.0, 1272.0, 1272.0, 1271.0, 1265.0, 1248.0, 1239.0, 1239.0, 1236.0, 1238.0, 1227.0, 1230.0, 1212.0, 1212.0, 1193.0, 1191.0, 1190.0, 1190.0, 1186.0, 1200.0, 1178.0, 1187.0, 1188.0, 1171.0, 1171.0, 1187.0, 1156.0, 1156.0, 1157.0, 1160.0, 1159.0, 1145.0, 1144.0, 1145.0, 1127.0, 1124.0, 1124.0, 1132.0, 1135.0, 1135.0, 1131.0, 1131.0, 1136.0, 1141.0, 1133.0, 1119.0, 1122.0, 1115.0, 1107.0, 1124.0, 1121.0, 1132.0, 1123.0, 1114.0, 1112.0, 1095.0, 1108.0, 1100.0, 1100.0, 1118.0, 1118.0, 1145.0, 1117.0, 1115.0, 1108.0, 1116.0, 1130.0, 1136.0, 1122.0, 1111.0, 1106.0, 1119.0, 1128.0, 1118.0, 1118.0, 1121.0, 1125.0, 1113.0, 1113.0, 1156.0, 1143.0, 1131.0, 1131.0, 1143.0, 1140.0, 1140.0, 1124.0, 1121.0, 1110.0, 1109.0, 1109.0, 1142.0, 1129.0, 1131.0, 1129.0, 1127.0, 1138.0, 1121.0, 1127.0, 1118.0, 1105.0, 1101.0, 1093.0, 1114.0, 1121.0, 1094.0, 1149.0, 1123.0, 1140.0, 1133.0, 1135.0, 1125.0, 1149.0, 1114.0, 1114.0, 1144.0, 1150.0, 1157.0, 1159.0, 1137.0, 1170.0, 1170.0, 1163.0, 1163.0, 1160.0, 1172.0, 1172.0, 1172.0, 1172.0, 1189.0, 1186.0, 1182.0, 1192.0, 1184.0, 1216.0, 1218.0, 1233.0, 1240.0, 1237.0, 1217.0, 1217.0, 1250.0, 1250.0, 1220.0, 1224.0, 1235.0, 1247.0, 1252.0, 1248.0, 1248.0, 1245.0, 1243.0, 1244.0, 1275.0, 1269.0, 1272.0, 1283.0, 1275.0, 1272.0, 1282.0, 1264.0, 1269.0, 1264.0, 1278.0, 1283.0, 1284.0, 1284.0, 1299.0, 1303.0, 1293.0, 1293.0, 1288.0, 1298.0, 1308.0, 1302.0, 1291.0, 1288.0, 1259.0, 1260.0, 1222.0, 1219.0, 1212.0, 1214.0, 1190.0, 1150.0, 1132.0, 1131.0, 1136.0, 1138.0, 1321.0, 1517.0, 1529.0, 1372.0, 1057.0, 1072.0, 1070.0, 1075.0, 1084.0, 1089.0, 1089.0, 1100.0, 1086.0, 1084.0, 1106.0, 1091.0, 1089.0, 1102.0, 1090.0, 1113.0, 1098.0, 1096.0, 1107.0, 1115.0, 1115.0, 1105.0, 1103.0, 1107.0, 1106.0, 1118.0, 1128.0, 1108.0, 1099.0, 1100.0, 1114.0, 1113.0, 1115.0, 1112.0, 1112.0, 1115.0, 1135.0, 1120.0, 1115.0, 1115.0, 1128.0, 1129.0, 1108.0, 1109.0, 1110.0, 1110.0, 1100.0, 1108.0, 1104.0, 1110.0, 1111.0, 1080.0, 1103.0, 1106.0, 1108.0, 1108.0, 1105.0, 1094.0, 1094.0, 1088.0, 1111.0, 1128.0, 1128.0, 1122.0, 1130.0, 1134.0, 1131.0, 1133.0, 1126.0, 1126.0, 1119.0, 1122.0, 1119.0, 1132.0, 1140.0, 1125.0, 1134.0, 1158.0, 1135.0, 1147.0, 1147.0, 1147.0, 1153.0, 1151.0, 1149.0, 1144.0, 1170.0, 1146.0, 1157.0, 1168.0, 1167.0, 1168.0, 1184.0, 1186.0, 1193.0, 1184.0, 1157.0, 1186.0, 1204.0, 1206.0, 1214.0, 1199.0, 1195.0, 1195.0, 1209.0, 1218.0, 1190.0, 1196.0, 1213.0, 1213.0, 1215.0, 1212.0, 1208.0, 1194.0, 1192.0, 1197.0, 1200.0, 1196.0, 1195.0, 1199.0, 1199.0, 1205.0, 1214.0, 1206.0, 1209.0, 1214.0, 1214.0, 1208.0, 1208.0, 1198.0, 1213.0, 1201.0, 1212.0, 1208.0, 1207.0, 1199.0, 1189.0, 1202.0, 1202.0, 1199.0, 1205.0, 1204.0, 1216.0, 1203.0, 1211.0, 1211.0, 1208.0, 1198.0, 1206.0, 1206.0, 1209.0, 1208.0, 1208.0, 1192.0, 1188.0, 1190.0, 1193.0, 1207.0, 1205.0, 1210.0, 1203.0, 1203.0, 1221.0, 1210.0, 1217.0, 1217.0, 1212.0, 1204.0, 1217.0, 1224.0, 1228.0, 1217.0, 1219.0, 1208.0, 1231.0, 1225.0, 1240.0, 1222.0, 1235.0, 1234.0, 1236.0, 1218.0, 1226.0, 1247.0, 1233.0, 1238.0, 1248.0, 1249.0, 1266.0, 1266.0, 1249.0, 1249.0, 1250.0, 1248.0, 1251.0, 1244.0, 1245.0, 1238.0, 1234.0, 1239.0, 1266.0, 1263.0, 1260.0, 1255.0, 1255.0, 1255.0, 1254.0, 1267.0, 1252.0, 1256.0, 1272.0, 1269.0, 1261.0, 1268.0, 1270.0, 1275.0, 1267.0, 1273.0, 1280.0, 1278.0, 1271.0, 1266.0, 1272.0, 1269.0, 1268.0, 1272.0, 1272.0, 1264.0, 1268.0, 1275.0, 1280.0, 1278.0, 1276.0, 1291.0, 1296.0, 1296.0, 1298.0, 1300.0, 1318.0, 1318.0, 1311.0, 1309.0, 1315.0, 1306.0, 1318.0, 1331.0, 1337.0, 1332.0, 1318.0, 1316.0, 1316.0, 1315.0, 1321.0, 1325.0, 1323.0, 1324.0, 1320.0, 1351.0, 1338.0, 1317.0, 1336.0, 1345.0, 1337.0, 1334.0, 1334.0, 1337.0, 1337.0, 1345.0, 1342.0, 1352.0, 1347.0, 1347.0, 1345.0, 1352.0, 1361.0, 1359.0, 1355.0, 1386.0, 1371.0, 1375.0, 1361.0, 1352.0, 1360.0, 1363.0, 1386.0, 1377.0, 1380.0, 1369.0, 1389.0, 1383.0, 1382.0, 1402.0, 1399.0, 1397.0, 1399.0, 1407.0, 1402.0, 1399.0, 1400.0, 1420.0, 1388.0, 1414.0, 1403.0, 1419.0, 1405.0, 1406.0, 1417.0, 1417.0, 1417.0, 1421.0, 1426.0, 1431.0, 1447.0, 1444.0, 1430.0, 1440.0, 1449.0, 1434.0, 1458.0, 1438.0, 1449.0, 1473.0, 1458.0, 1471.0, 1475.0, 1483.0, 1483.0, 1482.0, 1477.0, 1465.0, 1481.0, 1475.0, 1483.0, 1485.0, 1464.0, 1461.0, 1471.0, 1477.0, 1467.0, 1490.0, 1484.0, 1496.0, 1505.0, 1501.0, 1497.0, 1508.0, 1505.0, 1526.0, 1529.0, 1536.0, 1517.0, 1517.0, 1520.0, 1523.0, 1533.0, 1537.0, 1520.0, 1524.0, 1536.0, 1546.0, 1546.0, 1528.0, 1525.0, 1525.0, 1563.0, 1562.0, 1557.0, 1540.0, 1567.0, 1570.0, 1568.0, 1554.0, 1572.0, 1580.0, 1588.0, 1586.0, 1585.0, 1593.0, 1584.0, 1608.0, 1575.0, 1588.0, 1586.0, 1617.0, 1598.0, 1603.0, 1598.0, 1616.0, 1595.0, 1598.0, 1598.0, 1597.0, 1590.0, 1593.0, 1596.0, 1591.0, 1606.0, 1597.0, 1609.0, 1584.0, 1605.0, 1617.0, 1606.0, 1603.0, 1602.0, 1584.0, 1597.0, 1593.0, 1576.0, 1583.0, 1604.0, 1606.0, 1639.0, 1612.0, 1612.0, 1612.0, 1615.0, 1608.0, 1608.0, 1623.0, 1631.0, 1601.0, 1606.0, 1620.0, 1620.0, 1604.0, 1597.0, 1603.0, 1609.0, 1607.0, 1602.0, 1602.0, 1577.0, 1604.0, 1598.0, 1595.0, 1596.0, 1604.0, 1604.0, 1595.0, 1586.0, 1618.0, 1618.0, 1572.0, 1604.0, 1590.0, 1594.0, 1589.0, 1600.0, 1591.0, 1584.0, 1584.0, 1588.0, 1595.0, 1595.0, 1592.0, 1571.0, 1593.0, 1583.0, 1582.0, 1585.0, 1564.0, 1567.0, 1561.0, 1565.0, 1558.0, 1536.0, 1558.0, 1531.0, 1524.0, 1524.0, 1526.0, 1525.0, 1516.0, 1529.0, 1501.0, 1529.0, 1530.0, 1518.0, 1538.0, 1513.0, 1493.0, 1493.0, 1502.0, 1502.0, 1512.0, 1512.0, 1513.0, 1497.0, 1482.0, 1446.0, 1446.0, 1458.0, 1453.0, 1439.0, 1437.0, 1463.0, 1454.0, 1452.0, 1441.0, 1437.0, 1433.0, 1433.0, 1432.0, 1429.0, 1430.0, 1423.0, 1428.0, 1436.0, 1422.0, 1433.0, 1423.0, 1421.0, 1430.0, 1412.0, 1406.0, 1400.0, 1402.0, 1395.0, 1395.0, 1398.0, 1403.0, 1394.0, 1378.0, 1401.0, 1395.0, 1386.0, 1390.0, 1393.0, 1388.0, 1371.0, 1358.0, 1361.0, 1360.0, 1365.0, 1339.0, 1342.0, 1342.0, 1356.0, 1356.0, 1351.0, 1360.0, 1363.0, 1351.0, 1336.0, 1322.0, 1337.0, 1353.0, 1337.0, 1330.0, 1330.0, 1302.0, 1308.0, 1301.0, 1309.0, 1310.0, 1305.0, 1296.0, 1296.0, 1299.0, 1299.0, 1296.0, 1280.0, 1283.0, 1292.0, 1285.0, 1270.0, 1296.0, 1291.0, 1286.0, 1281.0, 1284.0, 1292.0, 1285.0, 1279.0, 1286.0, 1272.0, 1256.0, 1254.0, 1262.0, 1272.0, 1276.0, 1273.0, 1276.0, 1272.0, 1272.0, 1268.0, 1269.0, 1269.0, 1284.0, 1273.0, 1286.0, 1277.0, 1271.0, 1284.0, 1270.0, 1262.0, 1266.0, 1254.0, 1260.0, 1269.0, 1280.0, 1260.0, 1277.0, 1277.0, 1283.0, 1286.0, 1267.0, 1249.0, 1263.0, 1274.0, 1282.0, 1269.0, 1273.0, 1276.0, 1278.0, 1290.0, 1290.0, 1296.0, 1298.0, 1301.0, 1304.0, 1301.0, 1298.0, 1288.0, 1302.0, 1303.0, 1293.0, 1280.0, 1309.0, 1290.0, 1306.0, 1295.0, 1291.0, 1299.0, 1299.0, 1280.0, 1284.0, 1285.0, 1285.0, 1285.0, 1303.0, 1269.0, 1266.0, 1298.0, 1300.0, 1298.0, 1302.0, 1306.0, 1310.0, 1315.0, 1328.0, 1318.0, 1303.0, 1299.0, 1307.0, 1290.0, 1303.0, 1293.0, 1293.0, 1293.0, 1291.0, 1289.0, 1280.0, 1283.0, 1284.0, 1275.0, 1268.0, 1270.0, 1254.0, 1252.0, 1252.0, 1288.0, 1279.0, 1263.0, 1260.0, 1268.0, 1266.0, 1264.0, 1261.0, 1247.0, 1247.0, 1240.0, 1250.0, 1257.0, 1258.0, 1257.0, 1241.0, 1243.0, 1237.0, 1251.0, 1245.0, 1246.0, 1236.0, 1243.0, 1247.0, 1235.0, 1237.0, 1220.0, 1214.0, 1221.0, 1218.0, 1228.0, 1221.0, 1215.0, 1249.0, 1237.0, 1244.0, 1231.0, 1231.0, 1219.0]