header: 
  seq: 2029
  stamp: 
    secs: 1548820807
    nsecs: 914632921
  frame_id: "base_link"
angle_min: -2.35619449615
angle_max: 2.35619449615
angle_increment: 0.00436332309619
time_increment: 1.73611151695e-05
scan_time: 0.0250000003725
range_min: 0.019999999553
range_max: 30.0
ranges: [0.3240000009536743, 0.3240000009536743, 0.33899998664855957, 0.335999995470047, 0.33399999141693115, 0.3330000042915344, 0.3370000123977661, 0.33899998664855957, 0.33399999141693115, 0.3319999873638153, 0.32899999618530273, 0.3330000042915344, 0.33500000834465027, 0.33500000834465027, 0.3370000123977661, 0.3190000057220459, 0.3179999887943268, 0.30000001192092896, 0.289000004529953, 0.2529999911785126, 0.3140000104904175, 0.31200000643730164, 0.328000009059906, 0.3310000002384186, 0.32899999618530273, 0.3319999873638153, 0.33000001311302185, 0.33399999141693115, 0.33000001311302185, 0.3330000042915344, 0.3319999873638153, 0.34599998593330383, 0.3499999940395355, 0.3449999988079071, 0.34599998593330383, 0.3479999899864197, 0.35100001096725464, 0.35100001096725464, 0.35100001096725464, 0.34599998593330383, 0.3440000116825104, 0.34299999475479126, 0.34200000762939453, 0.34200000762939453, 0.3400000035762787, 0.34299999475479126, 0.3529999852180481, 0.3580000102519989, 0.35899999737739563, 0.3619999885559082, 0.3630000054836273, 0.3569999933242798, 0.3529999852180481, 0.3540000021457672, 0.3569999933242798, 0.35899999737739563, 0.35899999737739563, 0.3619999885559082, 0.3659999966621399, 0.35899999737739563, 0.35600000619888306, 0.35499998927116394, 0.35600000619888306, 0.35499998927116394, 0.35499998927116394, 0.3619999885559082, 0.36399999260902405, 0.3659999966621399, 0.3659999966621399, 0.367000013589859, 0.3700000047683716, 0.36899998784065247, 0.36800000071525574, 0.375, 0.3840000033378601, 0.3720000088214874, 0.375, 0.3700000047683716, 0.36899998784065247, 0.3659999966621399, 0.36899998784065247, 0.375, 0.37599998712539673, 0.37700000405311584, 0.3779999911785126, 0.3790000081062317, 0.38100001215934753, 0.38100001215934753, 0.38199999928474426, 0.38199999928474426, 0.3779999911785126, 0.3799999952316284, 0.3790000081062317, 0.3790000081062317, 0.3930000066757202, 0.382999986410141, 0.3799999952316284, 0.38499999046325684, 0.38600000739097595, 0.38600000739097595, 0.38600000739097595, 0.38600000739097595, 0.3889999985694885, 0.3889999985694885, 0.3880000114440918, 0.39100000262260437, 0.3959999978542328, 0.39800000190734863, 0.39800000190734863, 0.3959999978542328, 0.39500001072883606, 0.4009999930858612, 0.4050000011920929, 0.4050000011920929, 0.4050000011920929, 0.4009999930858612, 0.40400001406669617, 0.40400001406669617, 0.40400001406669617, 0.4059999883174896, 0.4059999883174896, 0.40299999713897705, 0.39899998903274536, 0.4099999964237213, 0.4129999876022339, 0.414000004529953, 0.414000004529953, 0.414000004529953, 0.41499999165534973, 0.41200000047683716, 0.41499999165534973, 0.421999990940094, 0.421999990940094, 0.42399999499320984, 0.42800000309944153, 0.43299999833106995, 0.43299999833106995, 0.4339999854564667, 0.43799999356269836, 0.4390000104904175, 0.4359999895095825, 0.4390000104904175, 0.4440000057220459, 0.4480000138282776, 0.4440000057220459, 0.4429999887943268, 0.44200000166893005, 0.4440000057220459, 0.4440000057220459, 0.44699999690055847, 0.45500001311302185, 0.45500001311302185, 0.4560000002384186, 0.4519999921321869, 0.4480000138282776, 0.4519999921321869, 0.4560000002384186, 0.4569999873638153, 0.4580000042915344, 0.4620000123977661, 0.46000000834465027, 0.46000000834465027, 0.46299999952316284, 0.4659999907016754, 0.46399998664855957, 0.4659999907016754, 0.4740000069141388, 0.4729999899864197, 0.46799999475479126, 0.46799999475479126, 0.4690000116825104, 0.47200000286102295, 0.4740000069141388, 0.47200000286102295, 0.4699999988079071, 0.4819999933242798, 0.4880000054836273, 0.49399998784065247, 0.492000013589859, 0.4909999966621399, 0.4909999966621399, 0.4970000088214874, 0.5130000114440918, 0.5109999775886536, 0.5120000243186951, 0.5120000243186951, 0.5149999856948853, 0.5130000114440918, 0.5149999856948853, 0.5180000066757202, 0.5329999923706055, 0.5320000052452087, 0.5320000052452087, 0.5350000262260437, 0.5400000214576721, 0.5400000214576721, 0.5429999828338623, 0.5460000038146973, 0.5550000071525574, 0.5569999814033508, 0.5569999814033508, 0.5609999895095825, 0.5609999895095825, 0.5709999799728394, 0.5699999928474426, 0.5690000057220459, 0.5720000267028809, 0.5849999785423279, 0.593999981880188, 0.5950000286102295, 0.6010000109672546, 0.6010000109672546, 0.6050000190734863, 0.6039999723434448, 0.6129999756813049, 0.6200000047683716, 0.6240000128746033, 0.6259999871253967, 0.6269999742507935, 0.6439999938011169, 0.6470000147819519, 0.6470000147819519, 0.6470000147819519, 0.6539999842643738, 0.6610000133514404, 0.6690000295639038, 0.671999990940094, 0.671999990940094, 0.6759999990463257, 0.6809999942779541, 0.6859999895095825, 0.6909999847412109, 0.699999988079071, 0.7139999866485596, 0.7229999899864197, 0.7289999723434448, 0.7329999804496765, 0.7360000014305115, 0.7429999709129333, 0.7450000047683716, 0.7519999742507935, 0.765999972820282, 0.7760000228881836, 0.781000018119812, 0.7839999794960022, 0.7979999780654907, 0.8029999732971191, 0.8059999942779541, 0.8119999766349792, 0.8180000185966492, 0.824999988079071, 0.8349999785423279, 0.8479999899864197, 0.8569999933242798, 0.8619999885559082, 0.875, 0.8949999809265137, 0.9039999842643738, 0.9120000004768372, 0.9179999828338623, 0.9539999961853027, 1.0399999618530273, 1.149999976158142, 2.194999933242798, 2.194000005722046, 2.194000005722046, 2.187999963760376, 2.177999973297119, 2.177999973297119, 2.184000015258789, 2.1619999408721924, 2.1410000324249268, 2.13700008392334, 2.128999948501587, 2.128000020980835, 2.11899995803833, 2.11299991607666, 2.1019999980926514, 2.1010000705718994, 2.0880000591278076, 2.0859999656677246, 2.0869998931884766, 2.0789999961853027, 2.0769999027252197, 2.0759999752044678, 2.055999994277954, 2.052999973297119, 2.052000045776367, 2.0339999198913574, 2.0329999923706055, 2.0320000648498535, 2.0220000743865967, 2.0160000324249268, 2.0139999389648438, 2.009000062942505, 1.99399995803833, 1.9900000095367432, 1.9889999628067017, 1.9900000095367432, 1.9850000143051147, 1.9809999465942383, 1.9800000190734863, 1.9730000495910645, 1.9639999866485596, 1.9520000219345093, 1.9520000219345093, 1.9479999542236328, 1.940000057220459, 1.940999984741211, 1.9290000200271606, 1.9220000505447388, 1.9210000038146973, 1.9220000505447388, 1.9079999923706055, 1.9040000438690186, 1.9049999713897705, 1.9010000228881836, 1.9019999504089355, 1.899999976158142, 1.8930000066757202, 1.8839999437332153, 1.8839999437332153, 1.8819999694824219, 1.8760000467300415, 1.8730000257492065, 1.8769999742507935, 1.8739999532699585, 1.8580000400543213, 1.8559999465942383, 1.8569999933242798, 1.8569999933242798, 1.8480000495910645, 1.850000023841858, 1.840000033378601, 1.8279999494552612, 1.8279999494552612, 1.8279999494552612, 1.8279999494552612, 1.8270000219345093, 1.8259999752044678, 1.819000005722046, 1.8170000314712524, 1.812999963760376, 1.815000057220459, 1.812999963760376, 1.812000036239624, 1.7970000505447388, 1.7960000038146973, 1.7940000295639038, 1.7899999618530273, 1.777999997138977, 1.7760000228881836, 1.7790000438690186, 1.781000018119812, 1.7710000276565552, 1.7699999809265137, 1.7619999647140503, 1.7549999952316284, 1.7480000257492065, 1.7430000305175781, 1.7410000562667847, 1.7389999628067017, 1.7380000352859497, 1.7269999980926514, 1.7230000495910645, 1.7200000286102295, 1.7120000123977661, 1.7050000429153442, 1.7070000171661377, 1.7050000429153442, 1.7050000429153442, 1.694000005722046, 1.6920000314712524, 1.6979999542236328, 1.6829999685287476, 1.6770000457763672, 1.6729999780654907, 1.6640000343322754, 1.6579999923706055, 1.652999997138977, 1.6390000581741333, 1.6390000581741333, 1.6390000581741333, 1.6369999647140503, 1.6319999694824219, 1.625, 1.6230000257492065, 1.621999979019165, 1.6119999885559082, 1.6069999933242798, 1.600000023841858, 1.593000054359436, 1.5839999914169312, 1.5770000219345093, 1.5740000009536743, 1.5740000009536743, 1.565999984741211, 1.562000036239624, 1.5570000410079956, 1.5499999523162842, 1.5440000295639038, 1.5379999876022339, 1.524999976158142, 1.5169999599456787, 1.5169999599456787, 1.5130000114440918, 1.5099999904632568, 1.5080000162124634, 1.4980000257492065, 1.4919999837875366, 1.4869999885559082, 1.4819999933242798, 1.4759999513626099, 1.4739999771118164, 1.4709999561309814, 1.4609999656677246, 1.4539999961853027, 1.4490000009536743, 1.4429999589920044, 1.4420000314712524, 1.4299999475479126, 1.4259999990463257, 1.4210000038146973, 1.402999997138977, 1.3990000486373901, 1.4019999504089355, 1.38100004196167, 1.375, 1.3680000305175781, 1.3600000143051147, 1.3569999933242798, 1.3539999723434448, 1.343000054359436, 1.3270000219345093, 1.3170000314712524, 1.312999963760376, 1.3070000410079956, 1.2949999570846558, 1.2860000133514404, 1.284999966621399, 1.281000018119812, 1.2730000019073486, 1.2669999599456787, 1.2549999952316284, 1.2430000305175781, 1.2389999628067017, 1.2309999465942383, 1.2200000286102295, 1.215999960899353, 1.2029999494552612, 1.2029999494552612, 1.190999984741211, 1.180999994277954, 1.1729999780654907, 1.1640000343322754, 1.1629999876022339, 1.1449999809265137, 1.1349999904632568, 1.128000020980835, 1.1260000467300415, 1.1150000095367432, 1.1059999465942383, 1.097000002861023, 1.0829999446868896, 1.0789999961853027, 1.0709999799728394, 1.0700000524520874, 1.0520000457763672, 1.0460000038146973, 1.0410000085830688, 1.031999945640564, 1.0240000486373901, 1.0199999809265137, 1.0089999437332153, 0.9990000128746033, 0.996999979019165, 0.9929999709129333, 0.9929999709129333, 0.9750000238418579, 0.9739999771118164, 0.9700000286102295, 0.9589999914169312, 0.9520000219345093, 0.9490000009536743, 0.9449999928474426, 0.9449999928474426, 0.9330000281333923, 0.9290000200271606, 0.9229999780654907, 0.9200000166893005, 0.9150000214576721, 0.9070000052452087, 0.9010000228881836, 0.890999972820282, 0.890999972820282, 0.8859999775886536, 0.8830000162124634, 0.871999979019165, 0.871999979019165, 0.8650000095367432, 0.8629999756813049, 0.8529999852180481, 0.8560000061988831, 0.8560000061988831, 0.8529999852180481, 0.8450000286102295, 0.8450000286102295, 0.8450000286102295, 0.8309999704360962, 0.8309999704360962, 0.828000009059906, 0.8240000009536743, 0.8240000009536743, 0.8140000104904175, 0.8050000071525574, 0.8050000071525574, 0.800000011920929, 0.7929999828338623, 0.7919999957084656, 0.7919999957084656, 0.7919999957084656, 0.7889999747276306, 0.7820000052452087, 0.7789999842643738, 0.7799999713897705, 0.7770000100135803, 0.7649999856948853, 0.7590000033378601, 0.7639999985694885, 0.7580000162124634, 0.7459999918937683, 0.7450000047683716, 0.7450000047683716, 0.7429999709129333, 0.7419999837875366, 0.7409999966621399, 0.7379999756813049, 0.7379999756813049, 0.7310000061988831, 0.7279999852180481, 0.7239999771118164, 0.7229999899864197, 0.7149999737739563, 0.7160000205039978, 0.7149999737739563, 0.7120000123977661, 0.7080000042915344, 0.7080000042915344, 0.7080000042915344, 0.7049999833106995, 0.699999988079071, 0.6930000185966492, 0.6909999847412109, 0.6899999976158142, 0.6850000023841858, 0.6850000023841858, 0.6809999942779541, 0.6830000281333923, 0.6790000200271606, 0.6800000071525574, 0.6819999814033508, 0.6779999732971191, 0.6779999732971191, 0.6710000038146973, 0.6669999957084656, 0.6629999876022339, 0.6629999876022339, 0.6620000004768372, 0.6629999876022339, 0.6639999747276306, 0.6639999747276306, 0.6589999794960022, 0.656000018119812, 0.652999997138977, 0.6510000228881836, 0.652999997138977, 0.6480000019073486, 0.6489999890327454, 0.6489999890327454, 0.6489999890327454, 0.6439999938011169, 0.640999972820282, 0.6370000243186951, 0.6359999775886536, 0.6359999775886536, 0.6349999904632568, 0.6290000081062317, 0.6290000081062317, 0.6290000081062317, 0.628000020980835, 0.621999979019165, 0.621999979019165, 0.621999979019165, 0.621999979019165, 0.6200000047683716, 0.6140000224113464, 0.6129999756813049, 0.6179999709129333, 0.6190000176429749, 0.6169999837875366, 0.6150000095367432, 0.609000027179718, 0.6110000014305115, 0.6169999837875366, 0.6119999885559082, 0.6069999933242798, 0.6029999852180481, 0.6029999852180481, 0.6029999852180481, 0.6010000109672546, 0.5989999771118164, 0.6050000190734863, 0.6029999852180481, 0.6029999852180481, 0.6100000143051147, 0.6060000061988831, 0.6019999980926514, 0.5979999899864197, 0.5899999737739563, 0.5920000076293945, 0.5920000076293945, 0.5920000076293945, 0.5950000286102295, 0.5920000076293945, 0.593999981880188, 0.5979999899864197, 0.5929999947547913, 0.5899999737739563, 0.5879999995231628, 0.5849999785423279, 0.5820000171661377, 0.5860000252723694, 0.5860000252723694, 0.5889999866485596, 0.5860000252723694, 0.5830000042915344, 0.5820000171661377, 0.5809999704360962, 0.5820000171661377, 0.5830000042915344, 0.578000009059906, 0.5740000009536743, 0.5740000009536743, 0.5720000267028809, 0.5730000138282776, 0.5740000009536743, 0.5740000009536743, 0.5759999752044678, 0.5740000009536743, 0.5659999847412109, 0.5659999847412109, 0.5730000138282776, 0.5740000009536743, 0.5730000138282776, 0.5699999928474426, 0.5699999928474426, 0.5730000138282776, 0.5730000138282776, 0.5699999928474426, 0.5690000057220459, 0.5680000185966492, 0.5659999847412109, 0.5659999847412109, 0.5640000104904175, 0.5640000104904175, 0.5630000233650208, 0.5619999766349792, 0.5630000233650208, 0.5609999895095825, 0.5580000281333923, 0.5580000281333923, 0.5550000071525574, 0.5569999814033508, 0.5600000023841858, 0.5609999895095825, 0.5590000152587891, 0.5580000281333923, 0.5569999814033508, 0.5609999895095825, 0.5649999976158142, 0.5550000071525574, 0.5490000247955322, 0.5550000071525574, 0.5550000071525574, 0.5540000200271606, 0.5540000200271606, 0.5540000200271606, 0.5540000200271606, 0.5540000200271606, 0.5540000200271606, 0.5529999732971191, 0.5529999732971191, 0.5540000200271606, 0.5540000200271606, 0.5540000200271606, 0.5569999814033508, 0.5550000071525574, 0.5569999814033508, 0.5659999847412109, 0.5659999847412109, 0.5559999942779541, 0.5519999861717224, 0.5519999861717224, 0.5540000200271606, 0.5519999861717224, 0.5509999990463257, 0.5540000200271606, 0.5540000200271606, 0.5540000200271606, 0.5460000038146973, 0.5529999732971191, 0.546999990940094, 0.546999990940094, 0.546999990940094, 0.5460000038146973, 0.5460000038146973, 0.546999990940094, 0.5540000200271606, 0.5550000071525574, 0.5540000200271606, 0.5550000071525574, 0.5600000023841858, 0.5600000023841858, 0.5609999895095825, 0.5609999895095825, 0.5609999895095825, 0.5590000152587891, 0.5600000023841858, 0.5600000023841858, 0.5600000023841858, 0.5580000281333923, 0.5609999895095825, 0.5730000138282776, 0.5569999814033508, 0.5559999942779541, 0.5590000152587891, 0.5680000185966492, 0.5709999799728394, 0.5690000057220459, 0.5690000057220459, 0.5659999847412109, 0.5630000233650208, 0.5619999766349792, 0.5609999895095825, 0.5659999847412109, 0.5659999847412109, 0.5659999847412109, 0.5720000267028809, 0.5759999752044678, 0.574999988079071, 0.5709999799728394, 0.5740000009536743, 0.5690000057220459, 0.5680000185966492, 0.5669999718666077, 0.5680000185966492, 0.5699999928474426, 0.5709999799728394, 0.5699999928474426, 0.5680000185966492, 0.5690000057220459, 0.5770000219345093, 0.5830000042915344, 0.578000009059906, 0.5740000009536743, 0.574999988079071, 0.5799999833106995, 0.5809999704360962, 0.5809999704360962, 0.578000009059906, 0.5789999961853027, 0.5899999737739563, 0.5910000205039978, 0.5889999866485596, 0.5830000042915344, 0.5849999785423279, 0.5899999737739563, 0.5929999947547913, 0.5929999947547913, 0.5889999866485596, 0.5870000123977661, 0.5889999866485596, 0.5879999995231628, 0.5879999995231628, 0.5879999995231628, 0.593999981880188, 0.5889999866485596, 0.5910000205039978, 0.5920000076293945, 0.5920000076293945, 0.5929999947547913, 0.5929999947547913, 0.5960000157356262, 0.597000002861023, 0.597000002861023, 0.597000002861023, 0.597000002861023, 0.597000002861023, 0.593999981880188, 0.5960000157356262, 0.6029999852180481, 0.6050000190734863, 0.6069999933242798, 0.6110000014305115, 0.6110000014305115, 0.6129999756813049, 0.6110000014305115, 0.6129999756813049, 0.6110000014305115, 0.6100000143051147, 0.6129999756813049, 0.6179999709129333, 0.6179999709129333, 0.621999979019165, 0.6209999918937683, 0.6209999918937683, 0.6190000176429749, 0.6190000176429749, 0.6230000257492065, 0.6299999952316284, 0.6269999742507935, 0.6240000128746033, 0.6200000047683716, 0.6179999709129333, 0.6179999709129333, 0.6179999709129333, 0.625, 0.628000020980835, 0.6320000290870667, 0.6340000033378601, 0.6449999809265137, 0.6470000147819519, 0.6510000228881836, 0.6510000228881836, 0.6359999775886536, 0.6389999985694885, 0.6389999985694885, 0.6389999985694885, 0.6370000243186951, 0.6340000033378601, 0.6370000243186951, 0.6370000243186951, 0.6549999713897705, 0.6579999923706055, 0.6549999713897705, 0.6570000052452087, 0.6570000052452087, 0.6549999713897705, 0.6579999923706055, 0.6610000133514404, 0.6610000133514404, 0.6520000100135803, 0.6520000100135803, 0.6570000052452087, 0.6570000052452087, 0.6570000052452087, 0.6620000004768372, 0.6570000052452087, 0.652999997138977, 0.656000018119812, 0.6660000085830688, 0.6660000085830688, 0.6679999828338623, 0.6700000166893005, 0.6690000295639038, 0.6690000295639038, 0.6740000247955322, 0.6740000247955322, 0.675000011920929, 0.675000011920929, 0.6740000247955322, 0.671999990940094, 0.6710000038146973, 0.6769999861717224, 0.6769999861717224, 0.6759999990463257, 0.6759999990463257, 0.6769999861717224, 0.6779999732971191, 0.6790000200271606, 0.6790000200271606, 0.6830000281333923, 0.6869999766349792, 0.6909999847412109, 0.6940000057220459, 0.6940000057220459, 0.6859999895095825, 0.6880000233650208, 0.6919999718666077, 0.6909999847412109, 0.6919999718666077, 0.6980000138282776, 0.6980000138282776, 0.6970000267028809, 0.6930000185966492, 0.6899999976158142, 0.6959999799728394, 0.703000009059906, 0.7080000042915344, 0.7080000042915344, 0.7059999704360962, 0.7020000219345093, 0.7020000219345093, 0.7110000252723694, 0.7059999704360962, 0.7039999961853027, 0.7049999833106995, 0.718999981880188, 0.7160000205039978, 0.7170000076293945, 0.7160000205039978, 0.7179999947547913, 0.7170000076293945, 0.7200000286102295, 0.7289999723434448, 0.7310000061988831, 0.7329999804496765, 0.7369999885559082, 0.7329999804496765, 0.7319999933242798, 0.7319999933242798, 0.734000027179718, 0.7289999723434448, 0.7269999980926514, 0.7300000190734863, 0.734000027179718, 0.7369999885559082, 0.7419999837875366, 0.7450000047683716, 0.7459999918937683, 0.7459999918937683, 0.7480000257492065, 0.7519999742507935, 0.753000020980835, 0.753000020980835, 0.7519999742507935, 0.7519999742507935, 0.7509999871253967, 0.75, 0.7549999952316284, 0.7519999742507935, 0.7580000162124634, 0.7609999775886536, 0.7570000290870667, 0.7570000290870667, 0.7639999985694885, 0.7639999985694885, 0.765999972820282, 0.7670000195503235, 0.7680000066757202, 0.7680000066757202, 0.7699999809265137, 0.7820000052452087, 0.7770000100135803, 0.7710000276565552, 0.7689999938011169, 0.7739999890327454, 0.777999997138977, 0.7799999713897705, 0.7789999842643738, 0.7770000100135803, 0.7799999713897705, 0.781000018119812, 0.7889999747276306, 0.7929999828338623, 0.7879999876022339, 0.7879999876022339, 0.7919999957084656, 0.7929999828338623, 0.7950000166893005, 0.796999990940094, 0.800000011920929, 0.7979999780654907, 0.8009999990463257, 0.8100000023841858, 0.8059999942779541, 0.8059999942779541, 0.8050000071525574, 0.8050000071525574, 0.8069999814033508, 0.8109999895095825, 0.8190000057220459, 0.8209999799728394, 0.8240000009536743, 0.8240000009536743, 0.8240000009536743, 0.8330000042915344, 0.8330000042915344, 0.8330000042915344, 0.8360000252723694, 0.8339999914169312, 0.8330000042915344, 0.8360000252723694, 0.8330000042915344, 0.8349999785423279, 0.8410000205039978, 0.8349999785423279, 0.8429999947547913, 0.8429999947547913, 0.8429999947547913, 0.8450000286102295, 0.8460000157356262, 0.8450000286102295, 0.8529999852180481, 0.8669999837875366, 0.8669999837875366, 0.8560000061988831, 0.8560000061988831, 0.8529999852180481, 0.8539999723434448, 0.8569999933242798, 0.8569999933242798, 0.8569999933242798, 0.8550000190734863, 0.8529999852180481, 0.8519999980926514, 0.8510000109672546, 0.8539999723434448, 0.8610000014305115, 0.8629999756813049, 0.8659999966621399, 0.8659999966621399, 0.8650000095367432, 0.8659999966621399, 0.8669999837875366, 0.8669999837875366, 0.8560000061988831, 0.8519999980926514, 0.859000027179718, 0.8600000143051147, 0.8669999837875366, 0.8659999966621399, 0.8619999885559082, 0.8610000014305115, 0.8610000014305115, 0.875, 0.8820000290870667, 0.8820000290870667, 0.8820000290870667, 0.8820000290870667, 0.8799999952316284, 0.8809999823570251, 0.8820000290870667, 0.8840000033378601, 0.8830000162124634, 0.8870000243186951, 0.8840000033378601, 0.8849999904632568, 0.8880000114440918, 0.8899999856948853, 0.8859999775886536, 0.8730000257492065, 0.8769999742507935, 0.8769999742507935, 0.8700000047683716, 0.8700000047683716, 0.8690000176429749, 0.8600000143051147, 0.8640000224113464, 0.8870000243186951, 0.8809999823570251, 0.8889999985694885, 0.8980000019073486, 0.9089999794960022, 0.9100000262260437, 0.902999997138977, 0.8980000019073486, 0.9010000228881836, 0.9139999747276306, 0.9210000038146973, 0.925000011920929, 0.9259999990463257, 0.9229999780654907, 0.9269999861717224, 0.9330000281333923, 0.9330000281333923, 0.9380000233650208, 0.9359999895095825, 0.9350000023841858, 0.9350000023841858, 0.9350000023841858]
intensities: [1191.0, 1211.0, 1333.0, 1412.0, 1436.0, 1546.0, 1609.0, 1615.0, 1605.0, 1656.0, 1655.0, 1626.0, 1613.0, 1575.0, 1529.0, 1246.0, 1176.0, 983.0, 900.0, 799.0, 949.0, 958.0, 1005.0, 1029.0, 1024.0, 1032.0, 1064.0, 1124.0, 1187.0, 1349.0, 1375.0, 1532.0, 1665.0, 1675.0, 1685.0, 1707.0, 1700.0, 1703.0, 1706.0, 1696.0, 1686.0, 1672.0, 1693.0, 1680.0, 1674.0, 1677.0, 1676.0, 1652.0, 1637.0, 1650.0, 1649.0, 1633.0, 1636.0, 1641.0, 1626.0, 1620.0, 1620.0, 1632.0, 1616.0, 1608.0, 1613.0, 1610.0, 1603.0, 1602.0, 1602.0, 1606.0, 1594.0, 1580.0, 1575.0, 1574.0, 1573.0, 1571.0, 1577.0, 1554.0, 1563.0, 1569.0, 1564.0, 1559.0, 1538.0, 1537.0, 1540.0, 1536.0, 1532.0, 1532.0, 1539.0, 1539.0, 1531.0, 1531.0, 1522.0, 1517.0, 1517.0, 1513.0, 1519.0, 1519.0, 1515.0, 1498.0, 1510.0, 1481.0, 1477.0, 1463.0, 1491.0, 1477.0, 1472.0, 1449.0, 1444.0, 1456.0, 1468.0, 1444.0, 1444.0, 1454.0, 1465.0, 1447.0, 1461.0, 1466.0, 1465.0, 1432.0, 1438.0, 1430.0, 1417.0, 1407.0, 1390.0, 1396.0, 1403.0, 1396.0, 1390.0, 1390.0, 1383.0, 1383.0, 1390.0, 1357.0, 1347.0, 1364.0, 1358.0, 1337.0, 1330.0, 1340.0, 1331.0, 1337.0, 1332.0, 1337.0, 1325.0, 1322.0, 1316.0, 1304.0, 1297.0, 1290.0, 1270.0, 1264.0, 1264.0, 1258.0, 1244.0, 1240.0, 1239.0, 1244.0, 1245.0, 1245.0, 1237.0, 1226.0, 1223.0, 1220.0, 1221.0, 1208.0, 1197.0, 1196.0, 1202.0, 1190.0, 1174.0, 1169.0, 1145.0, 1145.0, 1145.0, 1146.0, 1143.0, 1139.0, 1132.0, 1122.0, 1126.0, 1131.0, 1114.0, 1110.0, 1110.0, 1126.0, 1137.0, 1118.0, 1119.0, 1135.0, 1147.0, 1136.0, 1138.0, 1131.0, 1151.0, 1106.0, 1106.0, 1125.0, 1146.0, 1146.0, 1120.0, 1112.0, 1125.0, 1120.0, 1120.0, 1110.0, 1114.0, 1107.0, 1110.0, 1113.0, 1102.0, 1107.0, 1125.0, 1111.0, 1098.0, 1098.0, 1092.0, 1107.0, 1110.0, 1112.0, 1116.0, 1117.0, 1095.0, 1092.0, 1104.0, 1104.0, 1116.0, 1105.0, 1111.0, 1110.0, 1106.0, 1106.0, 1107.0, 1104.0, 1102.0, 1108.0, 1111.0, 1108.0, 1115.0, 1105.0, 1106.0, 1105.0, 1092.0, 1090.0, 1093.0, 1087.0, 1077.0, 1074.0, 1073.0, 1072.0, 1069.0, 1068.0, 1064.0, 1053.0, 1058.0, 1057.0, 1053.0, 1041.0, 1040.0, 1048.0, 1032.0, 1028.0, 1022.0, 1024.0, 1059.0, 1316.0, 1404.0, 968.0, 971.0, 973.0, 972.0, 966.0, 973.0, 991.0, 986.0, 984.0, 993.0, 982.0, 984.0, 987.0, 992.0, 1000.0, 996.0, 994.0, 991.0, 994.0, 994.0, 996.0, 997.0, 1002.0, 1003.0, 999.0, 983.0, 999.0, 1012.0, 997.0, 993.0, 1001.0, 1010.0, 1003.0, 1003.0, 1006.0, 1002.0, 1001.0, 1007.0, 1018.0, 1009.0, 1012.0, 1010.0, 1016.0, 1016.0, 1020.0, 1027.0, 1018.0, 1023.0, 1018.0, 1033.0, 1024.0, 1025.0, 1027.0, 1032.0, 1036.0, 1028.0, 1053.0, 1033.0, 1048.0, 1060.0, 1042.0, 1050.0, 1063.0, 1059.0, 1047.0, 1060.0, 1058.0, 1054.0, 1029.0, 1055.0, 1061.0, 1053.0, 1053.0, 1062.0, 1062.0, 1063.0, 1073.0, 1060.0, 1072.0, 1069.0, 1063.0, 1070.0, 1056.0, 1062.0, 1064.0, 1084.0, 1077.0, 1063.0, 1062.0, 1069.0, 1070.0, 1068.0, 1075.0, 1084.0, 1077.0, 1075.0, 1078.0, 1078.0, 1085.0, 1090.0, 1079.0, 1085.0, 1090.0, 1082.0, 1079.0, 1086.0, 1081.0, 1085.0, 1101.0, 1100.0, 1106.0, 1098.0, 1095.0, 1107.0, 1107.0, 1091.0, 1108.0, 1085.0, 1085.0, 1096.0, 1096.0, 1118.0, 1098.0, 1099.0, 1097.0, 1091.0, 1106.0, 1108.0, 1105.0, 1099.0, 1111.0, 1105.0, 1105.0, 1113.0, 1117.0, 1115.0, 1117.0, 1105.0, 1101.0, 1100.0, 1099.0, 1101.0, 1091.0, 1090.0, 1093.0, 1102.0, 1088.0, 1087.0, 1095.0, 1090.0, 1088.0, 1089.0, 1085.0, 1092.0, 1103.0, 1101.0, 1104.0, 1093.0, 1089.0, 1097.0, 1098.0, 1106.0, 1123.0, 1094.0, 1103.0, 1096.0, 1102.0, 1103.0, 1097.0, 1094.0, 1102.0, 1103.0, 1108.0, 1107.0, 1093.0, 1108.0, 1116.0, 1120.0, 1116.0, 1106.0, 1109.0, 1107.0, 1113.0, 1119.0, 1103.0, 1100.0, 1103.0, 1103.0, 1105.0, 1087.0, 1090.0, 1099.0, 1113.0, 1084.0, 1092.0, 1104.0, 1117.0, 1130.0, 1119.0, 1124.0, 1147.0, 1146.0, 1115.0, 1129.0, 1114.0, 1116.0, 1130.0, 1132.0, 1134.0, 1144.0, 1189.0, 1193.0, 1193.0, 1196.0, 1196.0, 1218.0, 1226.0, 1229.0, 1241.0, 1255.0, 1267.0, 1274.0, 1274.0, 1263.0, 1272.0, 1281.0, 1287.0, 1288.0, 1292.0, 1293.0, 1299.0, 1304.0, 1300.0, 1309.0, 1307.0, 1314.0, 1322.0, 1319.0, 1331.0, 1347.0, 1347.0, 1365.0, 1353.0, 1368.0, 1396.0, 1405.0, 1417.0, 1414.0, 1396.0, 1394.0, 1419.0, 1419.0, 1426.0, 1425.0, 1444.0, 1438.0, 1438.0, 1452.0, 1449.0, 1456.0, 1472.0, 1459.0, 1450.0, 1457.0, 1427.0, 1462.0, 1478.0, 1486.0, 1495.0, 1497.0, 1506.0, 1503.0, 1520.0, 1521.0, 1521.0, 1503.0, 1505.0, 1519.0, 1544.0, 1517.0, 1546.0, 1531.0, 1546.0, 1565.0, 1572.0, 1572.0, 1572.0, 1572.0, 1574.0, 1579.0, 1588.0, 1591.0, 1585.0, 1604.0, 1595.0, 1614.0, 1618.0, 1609.0, 1632.0, 1632.0, 1628.0, 1625.0, 1635.0, 1646.0, 1661.0, 1661.0, 1661.0, 1661.0, 1662.0, 1669.0, 1669.0, 1662.0, 1670.0, 1669.0, 1677.0, 1680.0, 1680.0, 1680.0, 1694.0, 1674.0, 1674.0, 1674.0, 1681.0, 1682.0, 1675.0, 1675.0, 1673.0, 1694.0, 1697.0, 1697.0, 1700.0, 1709.0, 1691.0, 1689.0, 1715.0, 1686.0, 1700.0, 1696.0, 1704.0, 1704.0, 1707.0, 1719.0, 1717.0, 1733.0, 1735.0, 1738.0, 1726.0, 1736.0, 1731.0, 1739.0, 1739.0, 1765.0, 1762.0, 1756.0, 1760.0, 1762.0, 1759.0, 1759.0, 1759.0, 1768.0, 1766.0, 1764.0, 1778.0, 1760.0, 1767.0, 1785.0, 1785.0, 1768.0, 1797.0, 1797.0, 1806.0, 1787.0, 1796.0, 1811.0, 1826.0, 1822.0, 1819.0, 1808.0, 1797.0, 1811.0, 1830.0, 1838.0, 1857.0, 1857.0, 1833.0, 1864.0, 1864.0, 1864.0, 1869.0, 1865.0, 1870.0, 1877.0, 1894.0, 1881.0, 1874.0, 1879.0, 1877.0, 1869.0, 1889.0, 1889.0, 1905.0, 1905.0, 1882.0, 1888.0, 1893.0, 1891.0, 1900.0, 1915.0, 1909.0, 1931.0, 1928.0, 1909.0, 1919.0, 1916.0, 1931.0, 1932.0, 1933.0, 1917.0, 1941.0, 1900.0, 1900.0, 1926.0, 1926.0, 1945.0, 1950.0, 1951.0, 1926.0, 1929.0, 1934.0, 1931.0, 1931.0, 1948.0, 2000.0, 2001.0, 2006.0, 2000.0, 2000.0, 1965.0, 1963.0, 1963.0, 1940.0, 1948.0, 1957.0, 1966.0, 1966.0, 1946.0, 1963.0, 1963.0, 1941.0, 1941.0, 1923.0, 1963.0, 1959.0, 1951.0, 1968.0, 1953.0, 1948.0, 1936.0, 1941.0, 1926.0, 1882.0, 1882.0, 1875.0, 1868.0, 1837.0, 1839.0, 1844.0, 1831.0, 1846.0, 1829.0, 1827.0, 1849.0, 1836.0, 1849.0, 1861.0, 1847.0, 1834.0, 1838.0, 1842.0, 1828.0, 1806.0, 1811.0, 1811.0, 1791.0, 1797.0, 1793.0, 1776.0, 1775.0, 1762.0, 1753.0, 1752.0, 1736.0, 1721.0, 1727.0, 1736.0, 1717.0, 1750.0, 1737.0, 1731.0, 1716.0, 1731.0, 1721.0, 1705.0, 1716.0, 1709.0, 1703.0, 1702.0, 1708.0, 1697.0, 1697.0, 1695.0, 1695.0, 1689.0, 1687.0, 1689.0, 1689.0, 1688.0, 1683.0, 1686.0, 1652.0, 1650.0, 1650.0, 1644.0, 1648.0, 1643.0, 1643.0, 1648.0, 1643.0, 1661.0, 1623.0, 1631.0, 1631.0, 1621.0, 1621.0, 1601.0, 1603.0, 1606.0, 1606.0, 1602.0, 1609.0, 1608.0, 1608.0, 1592.0, 1594.0, 1602.0, 1595.0, 1588.0, 1569.0, 1567.0, 1567.0, 1567.0, 1570.0, 1573.0, 1568.0, 1568.0, 1564.0, 1556.0, 1543.0, 1540.0, 1549.0, 1559.0, 1559.0, 1570.0, 1546.0, 1535.0, 1534.0, 1542.0, 1559.0, 1541.0, 1534.0, 1520.0, 1515.0, 1513.0, 1508.0, 1507.0, 1502.0, 1499.0, 1501.0, 1493.0, 1490.0, 1492.0, 1490.0, 1482.0, 1475.0, 1473.0, 1474.0, 1476.0, 1467.0, 1439.0, 1439.0, 1442.0, 1453.0, 1453.0, 1444.0, 1432.0, 1447.0, 1447.0, 1420.0, 1420.0, 1419.0, 1413.0, 1409.0, 1405.0, 1396.0, 1396.0, 1396.0, 1396.0, 1395.0, 1385.0, 1385.0, 1390.0, 1390.0, 1369.0, 1369.0, 1382.0, 1368.0, 1353.0, 1353.0, 1392.0, 1377.0, 1375.0, 1374.0, 1361.0, 1358.0, 1364.0, 1362.0, 1352.0, 1357.0, 1360.0, 1352.0, 1353.0, 1339.0, 1339.0, 1345.0, 1358.0, 1332.0, 1334.0, 1323.0, 1334.0, 1330.0, 1329.0, 1338.0, 1334.0, 1340.0, 1339.0, 1342.0, 1340.0, 1330.0, 1310.0, 1296.0, 1321.0, 1308.0, 1303.0, 1312.0, 1310.0, 1287.0, 1286.0, 1275.0, 1286.0, 1307.0, 1300.0, 1297.0, 1298.0, 1275.0, 1302.0, 1296.0, 1296.0, 1296.0, 1288.0, 1291.0, 1312.0, 1299.0, 1294.0, 1300.0, 1289.0, 1280.0, 1291.0, 1284.0, 1297.0, 1284.0, 1275.0, 1275.0, 1280.0, 1269.0, 1281.0, 1282.0, 1279.0, 1277.0, 1285.0, 1285.0, 1284.0, 1275.0, 1271.0, 1266.0, 1258.0, 1265.0, 1260.0, 1254.0, 1263.0, 1270.0, 1263.0, 1264.0, 1270.0, 1270.0, 1287.0, 1291.0, 1279.0, 1268.0, 1264.0, 1268.0, 1291.0, 1260.0, 1277.0, 1277.0, 1282.0, 1277.0, 1272.0, 1277.0, 1306.0, 1297.0, 1290.0, 1293.0, 1279.0, 1287.0, 1287.0, 1287.0, 1287.0, 1278.0, 1269.0, 1288.0, 1270.0, 1283.0, 1280.0, 1275.0, 1297.0, 1285.0, 1285.0, 1297.0, 1304.0, 1288.0, 1296.0, 1300.0, 1300.0, 1288.0, 1288.0, 1293.0, 1298.0, 1305.0, 1311.0, 1311.0, 1308.0, 1319.0, 1306.0, 1293.0, 1304.0, 1333.0, 1305.0, 1309.0, 1304.0, 1305.0, 1315.0, 1320.0, 1314.0, 1315.0, 1320.0, 1315.0, 1312.0, 1326.0, 1334.0, 1330.0, 1318.0, 1318.0, 1322.0, 1319.0, 1319.0, 1315.0, 1335.0, 1325.0, 1331.0, 1328.0, 1316.0, 1354.0, 1356.0, 1361.0, 1366.0, 1369.0, 1361.0, 1359.0, 1360.0, 1365.0, 1354.0, 1379.0, 1379.0, 1384.0, 1360.0, 1374.0, 1366.0, 1379.0, 1379.0, 1384.0, 1381.0, 1362.0, 1360.0, 1363.0, 1372.0, 1370.0, 1386.0, 1382.0, 1384.0, 1392.0, 1395.0, 1389.0, 1389.0, 1374.0, 1391.0, 1408.0, 1394.0, 1381.0]