header: 
  seq: 1391
  stamp: 
    secs: 1548820791
    nsecs: 931307976
  frame_id: "base_link"
angle_min: -2.35619449615
angle_max: 2.35619449615
angle_increment: 0.00436332309619
time_increment: 1.73611151695e-05
scan_time: 0.0250000003725
range_min: 0.019999999553
range_max: 30.0
ranges: [0.47099998593330383, 0.47699999809265137, 0.47200000286102295, 0.4729999899864197, 0.47200000286102295, 0.46399998664855957, 0.4729999899864197, 0.4740000069141388, 0.47200000286102295, 0.47099998593330383, 0.47099998593330383, 0.47200000286102295, 0.4620000123977661, 0.44999998807907104, 0.44999998807907104, 0.4320000112056732, 0.40299999713897705, 0.3370000123977661, 0.3540000021457672, 0.3149999976158142, 0.3400000035762787, 0.39899998903274536, 0.41499999165534973, 0.4300000071525574, 0.44600000977516174, 0.4399999976158142, 0.4440000057220459, 0.4410000145435333, 0.4359999895095825, 0.4359999895095825, 0.41499999165534973, 0.43700000643730164, 0.4350000023841858, 0.4410000145435333, 0.43299999833106995, 0.43299999833106995, 0.43299999833106995, 0.4359999895095825, 0.4309999942779541, 0.4259999990463257, 0.4230000078678131, 0.4189999997615814, 0.4180000126361847, 0.41100001335144043, 0.41100001335144043, 0.41200000047683716, 0.41100001335144043, 0.4129999876022339, 0.40700000524520874, 0.4020000100135803, 0.39800000190734863, 0.3959999978542328, 0.39500001072883606, 0.39500001072883606, 0.4050000011920929, 0.4050000011920929, 0.4099999964237213, 0.40299999713897705, 0.40299999713897705, 0.39899998903274536, 0.4099999964237213, 0.3970000147819519, 0.39899998903274536, 0.4009999930858612, 0.39800000190734863, 0.39399999380111694, 0.39399999380111694, 0.39399999380111694, 0.3959999978542328, 0.39899998903274536, 0.39800000190734863, 0.3930000066757202, 0.3889999985694885, 0.3869999945163727, 0.3869999945163727, 0.3959999978542328, 0.3970000147819519, 0.3919999897480011, 0.382999986410141, 0.3799999952316284, 0.38100001215934753, 0.38100001215934753, 0.38100001215934753, 0.38100001215934753, 0.3799999952316284, 0.37700000405311584, 0.3779999911785126, 0.3700000047683716, 0.375, 0.3790000081062317, 0.3779999911785126, 0.3779999911785126, 0.37599998712539673, 0.367000013589859, 0.367000013589859, 0.367000013589859, 0.3630000054836273, 0.3659999966621399, 0.3659999966621399, 0.36800000071525574, 0.3580000102519989, 0.35600000619888306, 0.35499998927116394, 0.3569999933242798, 0.3580000102519989, 0.3619999885559082, 0.3619999885559082, 0.3619999885559082, 0.36500000953674316, 0.36500000953674316, 0.35899999737739563, 0.3580000102519989, 0.3569999933242798, 0.3569999933242798, 0.3569999933242798, 0.3569999933242798, 0.3569999933242798, 0.35600000619888306, 0.35600000619888306, 0.3499999940395355, 0.3499999940395355, 0.34700000286102295, 0.34700000286102295, 0.34700000286102295, 0.3499999940395355, 0.3499999940395355, 0.35100001096725464, 0.3540000021457672, 0.3540000021457672, 0.34700000286102295, 0.3449999988079071, 0.3400000035762787, 0.34200000762939453, 0.33799999952316284, 0.33799999952316284, 0.3490000069141388, 0.3440000116825104, 0.33399999141693115, 0.335999995470047, 0.33000001311302185, 0.3269999921321869, 0.3269999921321869, 0.3319999873638153, 0.3400000035762787, 0.33799999952316284, 0.33899998664855957, 0.3409999907016754, 0.33500000834465027, 0.3310000002384186, 0.3319999873638153, 0.3330000042915344, 0.32499998807907104, 0.32499998807907104, 0.3310000002384186, 0.3310000002384186, 0.328000009059906, 0.32499998807907104, 0.32199999690055847, 0.3230000138282776, 0.32100000977516174, 0.3240000009536743, 0.32199999690055847, 0.32199999690055847, 0.3190000057220459, 0.32199999690055847, 0.32600000500679016, 0.3240000009536743, 0.3230000138282776, 0.32199999690055847, 0.32100000977516174, 0.32600000500679016, 0.3310000002384186, 0.32199999690055847, 0.3190000057220459, 0.3190000057220459, 0.3240000009536743, 0.3199999928474426, 0.3199999928474426, 0.31700000166893005, 0.32499998807907104, 0.33399999141693115, 0.3310000002384186, 0.3319999873638153, 0.3330000042915344, 0.32100000977516174, 0.31200000643730164, 0.3140000104904175, 0.3160000145435333, 0.3160000145435333, 0.3190000057220459, 0.31700000166893005, 0.3160000145435333, 0.3160000145435333, 0.3179999887943268, 0.3199999928474426, 0.3190000057220459, 0.32199999690055847, 0.3199999928474426, 0.31700000166893005, 0.3190000057220459, 0.3179999887943268, 0.31700000166893005, 0.3160000145435333, 0.3109999895095825, 0.31299999356269836, 0.3100000023841858, 0.31299999356269836, 0.3089999854564667, 0.3070000112056732, 0.3070000112056732, 0.30799999833106995, 0.3140000104904175, 0.3070000112056732, 0.30300000309944153, 0.30300000309944153, 0.3109999895095825, 0.3149999976158142, 0.3149999976158142, 0.3070000112056732, 0.3089999854564667, 0.3100000023841858, 0.31299999356269836, 0.31299999356269836, 0.31200000643730164, 0.3059999942779541, 0.3070000112056732, 0.3050000071525574, 0.3059999942779541, 0.31200000643730164, 0.31299999356269836, 0.3160000145435333, 0.3199999928474426, 0.31700000166893005, 0.3160000145435333, 0.3160000145435333, 0.3179999887943268, 0.3109999895095825, 0.30799999833106995, 0.3109999895095825, 0.31200000643730164, 0.3160000145435333, 0.31299999356269836, 0.3089999854564667, 0.31200000643730164, 0.31200000643730164, 0.31299999356269836, 0.3100000023841858, 0.31200000643730164, 0.31200000643730164, 0.31299999356269836, 0.31200000643730164, 0.32199999690055847, 0.32100000977516174, 0.31700000166893005, 0.3140000104904175, 0.32199999690055847, 0.32199999690055847, 0.32199999690055847, 0.3240000009536743, 0.32499998807907104, 0.32600000500679016, 0.3199999928474426, 0.3160000145435333, 0.31200000643730164, 0.3199999928474426, 0.3199999928474426, 0.328000009059906, 0.32499998807907104, 0.32499998807907104, 0.3199999928474426, 0.3199999928474426, 0.3179999887943268, 0.3140000104904175, 0.3160000145435333, 0.32600000500679016, 0.3310000002384186, 0.33000001311302185, 0.3240000009536743, 0.3190000057220459, 0.3190000057220459, 0.32199999690055847, 0.3230000138282776, 0.33000001311302185, 0.3310000002384186, 0.3330000042915344, 0.328000009059906, 0.328000009059906, 0.3319999873638153, 0.335999995470047, 0.3370000123977661, 0.33500000834465027, 0.3370000123977661, 0.3370000123977661, 0.3370000123977661, 0.3330000042915344, 0.3370000123977661, 0.33899998664855957, 0.3409999907016754, 0.3409999907016754, 0.3479999899864197, 0.3479999899864197, 0.3479999899864197, 0.3490000069141388, 0.3449999988079071, 0.34299999475479126, 0.3440000116825104, 0.34700000286102295, 0.3490000069141388, 0.35100001096725464, 0.3529999852180481, 0.3529999852180481, 0.3529999852180481, 0.35499998927116394, 0.3540000021457672, 0.35199999809265137, 0.3630000054836273, 0.3709999918937683, 0.3630000054836273, 0.3630000054836273, 0.36500000953674316, 0.36399999260902405, 0.3529999852180481, 0.35499998927116394, 0.35899999737739563, 0.3610000014305115, 0.3630000054836273, 0.36899998784065247, 0.3720000088214874, 0.3720000088214874, 0.3709999918937683, 0.3709999918937683, 0.3700000047683716, 0.37400001287460327, 0.37400001287460327, 0.36899998784065247, 0.3659999966621399, 0.37599998712539673, 0.37599998712539673, 0.37700000405311584, 0.37599998712539673, 0.3790000081062317, 0.38199999928474426, 0.38600000739097595, 0.38600000739097595, 0.3880000114440918, 0.3889999985694885, 0.38600000739097595, 0.38600000739097595, 0.3919999897480011, 0.3919999897480011, 0.3880000114440918, 0.3880000114440918, 0.3919999897480011, 0.39500001072883606, 0.3970000147819519, 0.4020000100135803, 0.40700000524520874, 0.41200000047683716, 0.40799999237060547, 0.41200000047683716, 0.41200000047683716, 0.4180000126361847, 0.4189999997615814, 0.41600000858306885, 0.41499999165534973, 0.41200000047683716, 0.41600000858306885, 0.4259999990463257, 0.42399999499320984, 0.421999990940094, 0.4269999861717224, 0.4320000112056732, 0.4320000112056732, 0.4350000023841858, 0.4320000112056732, 0.43299999833106995, 0.42800000309944153, 0.43299999833106995, 0.42899999022483826, 0.43700000643730164, 0.43700000643730164, 0.4560000002384186, 0.45500001311302185, 0.4519999921321869, 0.44699999690055847, 0.44699999690055847, 0.4580000042915344, 0.4620000123977661, 0.46299999952316284, 0.46000000834465027, 0.46000000834465027, 0.460999995470047, 0.46700000762939453, 0.4650000035762787, 0.4749999940395355, 0.47999998927116394, 0.47999998927116394, 0.49000000953674316, 0.5130000114440918, 0.5669999718666077, 0.6460000276565552, 0.8500000238418579, 0.9589999914169312, 0.9729999899864197, 0.9710000157356262, 0.9950000047683716, 1.6959999799728394, 1.7079999446868896, 1.7079999446868896, 1.7100000381469727, 1.7029999494552612, 1.7009999752044678, 1.7020000219345093, 1.6959999799728394, 1.6859999895095825, 1.680999994277954, 1.6779999732971191, 1.6699999570846558, 1.6649999618530273, 1.6649999618530273, 1.659999966621399, 1.6540000438690186, 1.6460000276565552, 1.6369999647140503, 1.6330000162124634, 1.628000020980835, 1.625, 1.6180000305175781, 1.6160000562667847, 1.6160000562667847, 1.6100000143051147, 1.6009999513626099, 1.5859999656677246, 1.5789999961853027, 1.565999984741211, 1.565000057220459, 1.5609999895095825, 1.559000015258789, 1.5529999732971191, 1.5540000200271606, 1.5540000200271606, 1.5440000295639038, 1.5429999828338623, 1.5449999570846558, 1.5379999876022339, 1.5329999923706055, 1.5299999713897705, 1.5210000276565552, 1.5269999504089355, 1.5199999809265137, 1.5169999599456787, 1.5180000066757202, 1.5160000324249268, 1.5130000114440918, 1.50600004196167, 1.5010000467300415, 1.49399995803833, 1.4980000257492065, 1.4919999837875366, 1.4830000400543213, 1.4780000448226929, 1.4769999980926514, 1.475000023841858, 1.475000023841858, 1.472000002861023, 1.465000033378601, 1.465999960899353, 1.4570000171661377, 1.4550000429153442, 1.4509999752044678, 1.4479999542236328, 1.4450000524520874, 1.4429999589920044, 1.4459999799728394, 1.444000005722046, 1.4390000104904175, 1.434999942779541, 1.4329999685287476, 1.4390000104904175, 1.4290000200271606, 1.4279999732971191, 1.430999994277954, 1.4329999685287476, 1.4279999732971191, 1.4170000553131104, 1.4190000295639038, 1.4199999570846558, 1.4170000553131104, 1.4140000343322754, 1.4119999408721924, 1.4140000343322754, 1.4149999618530273, 1.4049999713897705, 1.4040000438690186, 1.402999997138977, 1.402999997138977, 1.3980000019073486, 1.3899999856948853, 1.3940000534057617, 1.3910000324249268, 1.3919999599456787, 1.3869999647140503, 1.3880000114440918, 1.3830000162124634, 1.3819999694824219, 1.3890000581741333, 1.3890000581741333, 1.38100004196167, 1.3799999952316284, 1.3799999952316284, 1.3839999437332153, 1.3839999437332153, 1.3799999952316284, 1.3769999742507935, 1.3769999742507935, 1.375, 1.3700000047683716, 1.3660000562667847, 1.3669999837875366, 1.3730000257492065, 1.3730000257492065, 1.371999979019165, 1.3630000352859497, 1.3569999933242798, 1.3539999723434448, 1.3600000143051147, 1.3569999933242798, 1.350000023841858, 1.3509999513626099, 1.3480000495910645, 1.350000023841858, 1.3600000143051147, 1.3639999628067017, 1.3459999561309814, 1.3459999561309814, 1.3450000286102295, 1.3380000591278076, 1.3339999914169312, 1.3309999704360962, 1.3279999494552612, 1.3350000381469727, 1.343999981880188, 1.340999960899353, 1.3339999914169312, 1.3339999914169312, 1.3240000009536743, 1.3200000524520874, 1.319000005722046, 1.3279999494552612, 1.3209999799728394, 1.319000005722046, 1.315999984741211, 1.315000057220459, 1.3179999589920044, 1.319000005722046, 1.315000057220459, 1.312000036239624, 1.3109999895095825, 1.3079999685287476, 1.2999999523162842, 1.2999999523162842, 1.2979999780654907, 1.2929999828338623, 1.2899999618530273, 1.2960000038146973, 1.2879999876022339, 1.284000039100647, 1.2799999713897705, 1.2799999713897705, 1.2829999923706055, 1.2799999713897705, 1.2760000228881836, 1.2769999504089355, 1.2740000486373901, 1.2740000486373901, 1.2699999809265137, 1.2630000114440918, 1.2610000371932983, 1.25600004196167, 1.2610000371932983, 1.2580000162124634, 1.253999948501587, 1.2489999532699585, 1.253000020980835, 1.2519999742507935, 1.2489999532699585, 1.2489999532699585, 1.246000051498413, 1.2359999418258667, 1.2339999675750732, 1.2350000143051147, 1.2350000143051147, 1.2350000143051147, 1.2359999418258667, 1.2289999723434448, 1.218999981880188, 1.215999960899353, 1.218000054359436, 1.215000033378601, 1.2100000381469727, 1.2089999914169312, 1.2089999914169312, 1.2020000219345093, 1.2009999752044678, 1.2009999752044678, 1.1979999542236328, 1.190999984741211, 1.190000057220459, 1.194000005722046, 1.1859999895095825, 1.187000036239624, 1.1799999475479126, 1.1740000247955322, 1.1729999780654907, 1.1720000505447388, 1.1679999828338623, 1.1690000295639038, 1.1660000085830688, 1.1629999876022339, 1.156999945640564, 1.152999997138977, 1.1519999504089355, 1.1519999504089355, 1.1469999551773071, 1.1480000019073486, 1.1419999599456787, 1.1390000581741333, 1.1330000162124634, 1.1299999952316284, 1.13100004196167, 1.13100004196167, 1.1299999952316284, 1.1269999742507935, 1.1269999742507935, 1.1239999532699585, 1.121999979019165, 1.11899995803833, 1.1100000143051147, 1.1109999418258667, 1.1089999675750732, 1.1089999675750732, 1.1039999723434448, 1.1009999513626099, 1.1009999513626099, 1.097000002861023, 1.0870000123977661, 1.0839999914169312, 1.0820000171661377, 1.0809999704360962, 1.0759999752044678, 1.0750000476837158, 1.0779999494552612, 1.0779999494552612, 1.069000005722046, 1.069000005722046, 1.0679999589920044, 1.059000015258789, 1.059000015258789, 1.059000015258789, 1.055999994277954, 1.0549999475479126, 1.0529999732971191, 1.0549999475479126, 1.0479999780654907, 1.0429999828338623, 1.0420000553131104, 1.0360000133514404, 1.0290000438690186, 1.0260000228881836, 1.0269999504089355, 1.0160000324249268, 1.0149999856948853, 1.0130000114440918, 1.0099999904632568, 1.0049999952316284, 1.0049999952316284, 1.0080000162124634, 1.0049999952316284, 0.9980000257492065, 0.9950000047683716, 0.996999979019165, 0.9900000095367432, 0.9860000014305115, 0.9800000190734863, 0.9760000109672546, 0.9739999771118164, 0.9760000109672546, 0.9779999852180481, 0.9700000286102295, 0.9649999737739563, 0.9660000205039978, 0.9670000076293945, 0.9670000076293945, 0.9610000252723694, 0.9570000171661377, 0.9570000171661377, 0.9549999833106995, 0.9520000219345093, 0.9470000267028809, 0.9430000185966492, 0.9399999976158142, 0.9430000185966492, 0.9419999718666077, 0.9279999732971191, 0.9279999732971191, 0.9240000247955322, 0.9190000295639038, 0.9210000038146973, 0.9169999957084656, 0.9139999747276306, 0.906000018119812, 0.9039999842643738, 0.8970000147819519, 0.8930000066757202, 0.8930000066757202, 0.890999972820282, 0.890999972820282, 0.8930000066757202, 0.8960000276565552, 0.8859999775886536, 0.8790000081062317, 0.875, 0.8759999871253967, 0.8740000128746033, 0.8700000047683716, 0.8619999885559082, 0.8600000143051147, 0.8560000061988831, 0.8510000109672546, 0.8519999980926514, 0.8510000109672546, 0.8550000190734863, 0.8560000061988831, 0.843999981880188, 0.8360000252723694, 0.8360000252723694, 0.8339999914169312, 0.8330000042915344, 0.8360000252723694, 0.8330000042915344, 0.8299999833106995, 0.8259999752044678, 0.8259999752044678, 0.8289999961853027, 0.8190000057220459, 0.8109999895095825, 0.8109999895095825, 0.8109999895095825, 0.8040000200271606, 0.8040000200271606, 0.8029999732971191, 0.7950000166893005, 0.7860000133514404, 0.7850000262260437, 0.7799999713897705, 0.7760000228881836, 0.7770000100135803, 0.777999997138977, 0.7820000052452087, 0.7839999794960022, 0.7739999890327454, 0.7670000195503235, 0.7620000243186951, 0.7599999904632568, 0.7580000162124634, 0.7580000162124634, 0.7580000162124634, 0.753000020980835, 0.753000020980835, 0.7509999871253967, 0.7509999871253967, 0.7480000257492065, 0.7440000176429749, 0.7350000143051147, 0.734000027179718, 0.7319999933242798, 0.7229999899864197, 0.7229999899864197, 0.7289999723434448, 0.7289999723434448, 0.7229999899864197, 0.7170000076293945, 0.718999981880188, 0.7149999737739563, 0.7149999737739563, 0.7179999947547913, 0.7120000123977661, 0.7089999914169312, 0.7049999833106995, 0.7059999704360962, 0.699999988079071, 0.6990000009536743, 0.6970000267028809, 0.6980000138282776, 0.6959999799728394, 0.6959999799728394, 0.6959999799728394, 0.6890000104904175, 0.6869999766349792, 0.6869999766349792, 0.6869999766349792, 0.6809999942779541, 0.6800000071525574, 0.6850000023841858, 0.6809999942779541, 0.675000011920929, 0.6729999780654907, 0.6740000247955322, 0.6729999780654907, 0.6729999780654907, 0.6759999990463257, 0.6729999780654907, 0.6710000038146973, 0.6660000085830688, 0.6589999794960022, 0.6600000262260437, 0.6629999876022339, 0.6710000038146973, 0.6639999747276306, 0.6600000262260437, 0.656000018119812, 0.656000018119812, 0.652999997138977, 0.652999997138977, 0.6499999761581421, 0.6549999713897705, 0.6480000019073486, 0.6449999809265137, 0.6470000147819519, 0.6499999761581421, 0.6499999761581421, 0.6480000019073486, 0.6449999809265137, 0.640999972820282, 0.6340000033378601, 0.6340000033378601, 0.6349999904632568, 0.6359999775886536, 0.6349999904632568, 0.6330000162124634, 0.6330000162124634, 0.6340000033378601, 0.6269999742507935, 0.6269999742507935, 0.625, 0.6330000162124634, 0.6330000162124634, 0.6309999823570251, 0.6240000128746033, 0.6209999918937683, 0.6209999918937683, 0.625, 0.625, 0.6209999918937683, 0.621999979019165, 0.6169999837875366, 0.6159999966621399, 0.6159999966621399, 0.6169999837875366, 0.6159999966621399, 0.6200000047683716, 0.6299999952316284, 0.6230000257492065, 0.6169999837875366, 0.6159999966621399, 0.6119999885559082, 0.609000027179718, 0.6079999804496765, 0.6079999804496765, 0.6069999933242798, 0.609000027179718, 0.609000027179718, 0.6079999804496765, 0.6079999804496765, 0.6039999723434448, 0.609000027179718, 0.609000027179718, 0.6069999933242798, 0.5989999771118164, 0.5989999771118164, 0.6000000238418579, 0.6019999980926514, 0.5989999771118164, 0.6000000238418579, 0.6029999852180481, 0.6069999933242798, 0.6060000061988831, 0.5979999899864197, 0.593999981880188, 0.5989999771118164, 0.5979999899864197, 0.5989999771118164, 0.5989999771118164, 0.5979999899864197, 0.5979999899864197, 0.5989999771118164, 0.6019999980926514, 0.6000000238418579, 0.6000000238418579, 0.6010000109672546, 0.6029999852180481, 0.5979999899864197, 0.6010000109672546, 0.5920000076293945, 0.6000000238418579, 0.6000000238418579, 0.5950000286102295, 0.5920000076293945, 0.5920000076293945, 0.597000002861023, 0.597000002861023, 0.593999981880188, 0.5910000205039978, 0.5910000205039978, 0.5910000205039978, 0.5860000252723694, 0.5920000076293945, 0.5950000286102295, 0.593999981880188, 0.5910000205039978, 0.5950000286102295, 0.5950000286102295, 0.5889999866485596, 0.5960000157356262, 0.597000002861023, 0.5879999995231628, 0.5879999995231628, 0.5889999866485596, 0.5879999995231628, 0.5879999995231628, 0.5910000205039978, 0.5879999995231628, 0.5929999947547913, 0.597000002861023, 0.593999981880188, 0.5910000205039978, 0.5920000076293945, 0.5910000205039978, 0.5870000123977661, 0.5889999866485596, 0.5960000157356262, 0.597000002861023, 0.5929999947547913, 0.597000002861023, 0.597000002861023, 0.5950000286102295, 0.593999981880188, 0.5929999947547913, 0.5870000123977661, 0.5879999995231628, 0.5960000157356262, 0.593999981880188, 0.593999981880188, 0.5929999947547913, 0.597000002861023, 0.6019999980926514, 0.6019999980926514, 0.6019999980926514, 0.6010000109672546, 0.6000000238418579, 0.6000000238418579, 0.6000000238418579, 0.6050000190734863, 0.6000000238418579, 0.6029999852180481, 0.6029999852180481, 0.6029999852180481, 0.5989999771118164, 0.5989999771118164, 0.6000000238418579, 0.6010000109672546, 0.5989999771118164, 0.6000000238418579, 0.6029999852180481, 0.6079999804496765, 0.6079999804496765, 0.6069999933242798, 0.6050000190734863, 0.6069999933242798, 0.6119999885559082, 0.6179999709129333, 0.6140000224113464, 0.6150000095367432, 0.6169999837875366, 0.6209999918937683, 0.6200000047683716, 0.6110000014305115, 0.6100000143051147, 0.6029999852180481, 0.6100000143051147, 0.6159999966621399, 0.6169999837875366, 0.6169999837875366, 0.6140000224113464, 0.6209999918937683, 0.6299999952316284, 0.6240000128746033, 0.6159999966621399, 0.6159999966621399, 0.6179999709129333, 0.621999979019165, 0.6269999742507935, 0.6269999742507935, 0.6309999823570251, 0.6290000081062317, 0.6290000081062317, 0.6290000081062317, 0.6309999823570251, 0.6359999775886536, 0.6359999775886536, 0.6269999742507935, 0.6259999871253967, 0.6290000081062317, 0.6320000290870667, 0.6309999823570251, 0.6320000290870667, 0.6240000128746033, 0.621999979019165, 0.6269999742507935, 0.6370000243186951, 0.6349999904632568, 0.6359999775886536, 0.6309999823570251, 0.6309999823570251, 0.6349999904632568, 0.6320000290870667, 0.628000020980835, 0.628000020980835, 0.6290000081062317, 0.6290000081062317, 0.628000020980835, 0.6269999742507935, 0.6299999952316284, 0.6389999985694885, 0.6460000276565552, 0.6499999761581421, 0.6579999923706055, 0.6589999794960022, 0.6510000228881836, 0.6520000100135803, 0.6489999890327454, 0.6510000228881836, 0.6539999842643738, 0.6539999842643738, 0.6549999713897705, 0.6589999794960022, 0.6570000052452087, 0.6549999713897705, 0.6570000052452087, 0.6600000262260437, 0.6600000262260437, 0.6600000262260437, 0.6579999923706055, 0.6539999842643738, 0.6520000100135803, 0.6520000100135803, 0.6570000052452087, 0.656000018119812, 0.6539999842643738, 0.6570000052452087, 0.6589999794960022, 0.6610000133514404, 0.6679999828338623, 0.6779999732971191, 0.6779999732971191, 0.6759999990463257, 0.6759999990463257, 0.6759999990463257, 0.6800000071525574, 0.6859999895095825, 0.6830000281333923, 0.6859999895095825, 0.6859999895095825, 0.6940000057220459, 0.699999988079071, 0.7020000219345093, 0.7120000123977661, 0.7149999737739563, 0.7089999914169312, 0.7059999704360962, 0.703000009059906]
intensities: [1022.0, 1114.0, 1111.0, 1134.0, 1176.0, 1188.0, 1276.0, 1293.0, 1341.0, 1375.0, 1375.0, 1388.0, 1350.0, 1286.0, 1286.0, 1209.0, 1100.0, 920.0, 995.0, 856.0, 869.0, 959.0, 995.0, 1034.0, 1014.0, 990.0, 1006.0, 1003.0, 1042.0, 1114.0, 1084.0, 1241.0, 1275.0, 1383.0, 1446.0, 1446.0, 1446.0, 1465.0, 1502.0, 1503.0, 1501.0, 1505.0, 1506.0, 1510.0, 1522.0, 1527.0, 1538.0, 1523.0, 1516.0, 1531.0, 1520.0, 1515.0, 1514.0, 1515.0, 1513.0, 1513.0, 1514.0, 1507.0, 1498.0, 1494.0, 1484.0, 1507.0, 1503.0, 1516.0, 1495.0, 1474.0, 1474.0, 1492.0, 1488.0, 1485.0, 1470.0, 1476.0, 1482.0, 1492.0, 1492.0, 1450.0, 1457.0, 1451.0, 1459.0, 1456.0, 1459.0, 1457.0, 1463.0, 1451.0, 1440.0, 1458.0, 1438.0, 1430.0, 1436.0, 1442.0, 1427.0, 1417.0, 1431.0, 1428.0, 1438.0, 1438.0, 1449.0, 1442.0, 1442.0, 1422.0, 1410.0, 1430.0, 1403.0, 1439.0, 1390.0, 1390.0, 1395.0, 1401.0, 1383.0, 1383.0, 1384.0, 1407.0, 1401.0, 1401.0, 1391.0, 1391.0, 1379.0, 1375.0, 1375.0, 1375.0, 1380.0, 1352.0, 1352.0, 1352.0, 1356.0, 1355.0, 1361.0, 1350.0, 1350.0, 1340.0, 1331.0, 1331.0, 1333.0, 1301.0, 1301.0, 1322.0, 1318.0, 1306.0, 1296.0, 1294.0, 1312.0, 1304.0, 1283.0, 1291.0, 1288.0, 1290.0, 1287.0, 1284.0, 1282.0, 1280.0, 1275.0, 1281.0, 1281.0, 1282.0, 1282.0, 1254.0, 1276.0, 1256.0, 1256.0, 1249.0, 1264.0, 1255.0, 1255.0, 1265.0, 1262.0, 1265.0, 1258.0, 1258.0, 1264.0, 1257.0, 1250.0, 1256.0, 1250.0, 1248.0, 1248.0, 1264.0, 1254.0, 1256.0, 1258.0, 1244.0, 1250.0, 1240.0, 1243.0, 1250.0, 1241.0, 1247.0, 1240.0, 1228.0, 1228.0, 1200.0, 1203.0, 1223.0, 1223.0, 1206.0, 1205.0, 1197.0, 1216.0, 1205.0, 1202.0, 1227.0, 1219.0, 1212.0, 1208.0, 1212.0, 1207.0, 1210.0, 1201.0, 1198.0, 1211.0, 1211.0, 1195.0, 1185.0, 1185.0, 1181.0, 1180.0, 1165.0, 1169.0, 1169.0, 1170.0, 1180.0, 1182.0, 1176.0, 1176.0, 1147.0, 1161.0, 1171.0, 1154.0, 1147.0, 1157.0, 1154.0, 1152.0, 1153.0, 1152.0, 1153.0, 1142.0, 1140.0, 1152.0, 1152.0, 1152.0, 1148.0, 1164.0, 1142.0, 1145.0, 1154.0, 1154.0, 1158.0, 1145.0, 1135.0, 1133.0, 1142.0, 1136.0, 1133.0, 1138.0, 1129.0, 1143.0, 1131.0, 1152.0, 1120.0, 1127.0, 1124.0, 1115.0, 1124.0, 1122.0, 1114.0, 1114.0, 1114.0, 1151.0, 1122.0, 1129.0, 1114.0, 1113.0, 1120.0, 1114.0, 1121.0, 1124.0, 1129.0, 1132.0, 1137.0, 1120.0, 1120.0, 1127.0, 1140.0, 1151.0, 1139.0, 1150.0, 1148.0, 1149.0, 1153.0, 1157.0, 1162.0, 1161.0, 1161.0, 1152.0, 1152.0, 1179.0, 1170.0, 1169.0, 1171.0, 1171.0, 1178.0, 1178.0, 1196.0, 1198.0, 1207.0, 1195.0, 1213.0, 1223.0, 1221.0, 1213.0, 1227.0, 1227.0, 1223.0, 1220.0, 1240.0, 1244.0, 1254.0, 1258.0, 1253.0, 1265.0, 1265.0, 1267.0, 1268.0, 1270.0, 1267.0, 1273.0, 1279.0, 1271.0, 1267.0, 1266.0, 1270.0, 1271.0, 1288.0, 1293.0, 1298.0, 1282.0, 1275.0, 1314.0, 1314.0, 1301.0, 1288.0, 1288.0, 1284.0, 1324.0, 1320.0, 1328.0, 1330.0, 1321.0, 1318.0, 1336.0, 1336.0, 1342.0, 1342.0, 1343.0, 1351.0, 1352.0, 1361.0, 1364.0, 1369.0, 1372.0, 1371.0, 1368.0, 1368.0, 1377.0, 1383.0, 1377.0, 1376.0, 1384.0, 1381.0, 1392.0, 1426.0, 1405.0, 1393.0, 1393.0, 1438.0, 1425.0, 1457.0, 1570.0, 1669.0, 1663.0, 1676.0, 1497.0, 1466.0, 1438.0, 1436.0, 1451.0, 1451.0, 1439.0, 1441.0, 1384.0, 1384.0, 1349.0, 1302.0, 1278.0, 1252.0, 1231.0, 1183.0, 1170.0, 1164.0, 1249.0, 1511.0, 1561.0, 1455.0, 1420.0, 1415.0, 1415.0, 1414.0, 1074.0, 1091.0, 1091.0, 1062.0, 1074.0, 1072.0, 1078.0, 1070.0, 1082.0, 1082.0, 1078.0, 1083.0, 1079.0, 1091.0, 1092.0, 1093.0, 1092.0, 1095.0, 1086.0, 1092.0, 1105.0, 1110.0, 1113.0, 1113.0, 1115.0, 1115.0, 1119.0, 1125.0, 1090.0, 1089.0, 1106.0, 1101.0, 1108.0, 1123.0, 1123.0, 1112.0, 1120.0, 1134.0, 1122.0, 1134.0, 1133.0, 1129.0, 1129.0, 1120.0, 1146.0, 1139.0, 1139.0, 1132.0, 1129.0, 1123.0, 1128.0, 1153.0, 1137.0, 1114.0, 1117.0, 1127.0, 1124.0, 1124.0, 1136.0, 1128.0, 1145.0, 1142.0, 1140.0, 1138.0, 1147.0, 1147.0, 1147.0, 1165.0, 1157.0, 1148.0, 1161.0, 1152.0, 1158.0, 1155.0, 1157.0, 1168.0, 1174.0, 1173.0, 1166.0, 1178.0, 1190.0, 1180.0, 1183.0, 1184.0, 1180.0, 1191.0, 1193.0, 1192.0, 1198.0, 1198.0, 1188.0, 1205.0, 1210.0, 1214.0, 1219.0, 1229.0, 1220.0, 1207.0, 1198.0, 1209.0, 1209.0, 1214.0, 1213.0, 1213.0, 1200.0, 1200.0, 1223.0, 1222.0, 1219.0, 1209.0, 1203.0, 1209.0, 1209.0, 1220.0, 1220.0, 1213.0, 1209.0, 1208.0, 1225.0, 1209.0, 1202.0, 1203.0, 1215.0, 1217.0, 1199.0, 1223.0, 1218.0, 1219.0, 1219.0, 1219.0, 1214.0, 1218.0, 1220.0, 1215.0, 1220.0, 1218.0, 1223.0, 1223.0, 1223.0, 1233.0, 1240.0, 1233.0, 1225.0, 1223.0, 1230.0, 1235.0, 1242.0, 1244.0, 1246.0, 1243.0, 1245.0, 1248.0, 1241.0, 1235.0, 1236.0, 1246.0, 1233.0, 1236.0, 1255.0, 1245.0, 1260.0, 1249.0, 1251.0, 1252.0, 1241.0, 1240.0, 1268.0, 1275.0, 1271.0, 1262.0, 1254.0, 1269.0, 1281.0, 1277.0, 1281.0, 1267.0, 1254.0, 1266.0, 1267.0, 1256.0, 1270.0, 1272.0, 1257.0, 1258.0, 1266.0, 1273.0, 1273.0, 1282.0, 1284.0, 1282.0, 1278.0, 1290.0, 1259.0, 1255.0, 1273.0, 1273.0, 1272.0, 1272.0, 1280.0, 1292.0, 1284.0, 1286.0, 1280.0, 1288.0, 1298.0, 1284.0, 1301.0, 1305.0, 1297.0, 1303.0, 1316.0, 1311.0, 1315.0, 1287.0, 1307.0, 1290.0, 1317.0, 1299.0, 1308.0, 1303.0, 1304.0, 1323.0, 1322.0, 1327.0, 1327.0, 1333.0, 1323.0, 1336.0, 1338.0, 1336.0, 1348.0, 1332.0, 1338.0, 1337.0, 1348.0, 1342.0, 1333.0, 1333.0, 1336.0, 1346.0, 1349.0, 1339.0, 1347.0, 1346.0, 1347.0, 1350.0, 1350.0, 1356.0, 1365.0, 1358.0, 1366.0, 1372.0, 1371.0, 1356.0, 1352.0, 1351.0, 1362.0, 1371.0, 1392.0, 1370.0, 1371.0, 1370.0, 1378.0, 1384.0, 1379.0, 1393.0, 1386.0, 1394.0, 1395.0, 1391.0, 1395.0, 1394.0, 1387.0, 1391.0, 1393.0, 1398.0, 1398.0, 1397.0, 1404.0, 1415.0, 1413.0, 1418.0, 1426.0, 1430.0, 1425.0, 1415.0, 1415.0, 1428.0, 1426.0, 1446.0, 1435.0, 1448.0, 1444.0, 1438.0, 1430.0, 1436.0, 1433.0, 1424.0, 1424.0, 1431.0, 1431.0, 1438.0, 1443.0, 1457.0, 1464.0, 1457.0, 1465.0, 1442.0, 1442.0, 1451.0, 1470.0, 1475.0, 1481.0, 1485.0, 1460.0, 1471.0, 1460.0, 1466.0, 1466.0, 1454.0, 1475.0, 1454.0, 1483.0, 1462.0, 1474.0, 1455.0, 1474.0, 1460.0, 1453.0, 1473.0, 1470.0, 1472.0, 1472.0, 1457.0, 1447.0, 1428.0, 1428.0, 1457.0, 1458.0, 1469.0, 1469.0, 1469.0, 1477.0, 1464.0, 1452.0, 1440.0, 1466.0, 1468.0, 1447.0, 1440.0, 1450.0, 1458.0, 1456.0, 1456.0, 1464.0, 1485.0, 1486.0, 1488.0, 1490.0, 1501.0, 1517.0, 1529.0, 1544.0, 1532.0, 1515.0, 1500.0, 1493.0, 1477.0, 1490.0, 1492.0, 1488.0, 1490.0, 1508.0, 1508.0, 1486.0, 1480.0, 1466.0, 1461.0, 1461.0, 1469.0, 1478.0, 1462.0, 1486.0, 1495.0, 1471.0, 1484.0, 1486.0, 1474.0, 1516.0, 1499.0, 1499.0, 1495.0, 1507.0, 1502.0, 1502.0, 1500.0, 1510.0, 1517.0, 1518.0, 1527.0, 1527.0, 1548.0, 1521.0, 1521.0, 1530.0, 1508.0, 1521.0, 1515.0, 1524.0, 1536.0, 1533.0, 1535.0, 1541.0, 1523.0, 1519.0, 1519.0, 1541.0, 1543.0, 1529.0, 1511.0, 1521.0, 1503.0, 1510.0, 1518.0, 1497.0, 1513.0, 1515.0, 1512.0, 1507.0, 1507.0, 1502.0, 1494.0, 1477.0, 1463.0, 1463.0, 1476.0, 1494.0, 1501.0, 1478.0, 1473.0, 1473.0, 1480.0, 1472.0, 1449.0, 1449.0, 1459.0, 1466.0, 1464.0, 1455.0, 1467.0, 1456.0, 1446.0, 1462.0, 1441.0, 1437.0, 1432.0, 1430.0, 1440.0, 1433.0, 1435.0, 1432.0, 1431.0, 1431.0, 1426.0, 1422.0, 1422.0, 1438.0, 1438.0, 1433.0, 1437.0, 1437.0, 1420.0, 1424.0, 1424.0, 1418.0, 1414.0, 1410.0, 1432.0, 1423.0, 1414.0, 1432.0, 1418.0, 1414.0, 1424.0, 1410.0, 1419.0, 1404.0, 1408.0, 1403.0, 1413.0, 1414.0, 1393.0, 1393.0, 1396.0, 1407.0, 1393.0, 1400.0, 1409.0, 1432.0, 1432.0, 1396.0, 1389.0, 1404.0, 1380.0, 1386.0, 1388.0, 1381.0, 1381.0, 1382.0, 1378.0, 1379.0, 1379.0, 1379.0, 1376.0, 1362.0, 1357.0, 1365.0, 1355.0, 1353.0, 1345.0, 1351.0, 1360.0, 1347.0, 1335.0, 1346.0, 1351.0, 1361.0, 1359.0, 1383.0, 1323.0, 1329.0, 1321.0, 1337.0, 1326.0, 1328.0, 1339.0, 1332.0, 1344.0, 1344.0, 1331.0, 1337.0, 1339.0, 1327.0, 1321.0, 1334.0, 1335.0, 1324.0, 1324.0, 1341.0, 1337.0, 1344.0, 1316.0, 1309.0, 1316.0, 1324.0, 1318.0, 1311.0, 1297.0, 1310.0, 1331.0, 1323.0, 1313.0, 1313.0, 1309.0, 1309.0, 1305.0, 1318.0, 1334.0, 1332.0, 1332.0, 1330.0, 1329.0, 1317.0, 1316.0, 1312.0, 1306.0, 1323.0, 1325.0, 1336.0, 1339.0, 1328.0, 1338.0, 1321.0, 1348.0, 1329.0, 1341.0, 1345.0, 1348.0, 1355.0, 1343.0, 1356.0, 1339.0, 1339.0, 1346.0, 1353.0, 1357.0, 1341.0, 1332.0, 1327.0, 1337.0, 1327.0, 1347.0, 1339.0, 1350.0, 1354.0, 1356.0, 1360.0, 1366.0, 1365.0, 1372.0, 1355.0, 1353.0, 1361.0, 1362.0, 1365.0, 1381.0, 1370.0, 1366.0, 1372.0, 1381.0, 1379.0, 1384.0, 1355.0, 1380.0, 1374.0, 1360.0, 1372.0, 1386.0, 1381.0, 1363.0, 1389.0, 1394.0, 1390.0, 1402.0, 1387.0, 1371.0, 1394.0, 1394.0, 1396.0, 1398.0, 1396.0, 1404.0, 1403.0, 1402.0, 1416.0, 1415.0, 1415.0, 1410.0, 1404.0, 1404.0, 1432.0, 1432.0, 1417.0, 1432.0, 1431.0, 1442.0, 1457.0, 1424.0, 1422.0, 1431.0, 1437.0, 1437.0, 1415.0, 1419.0, 1410.0, 1399.0, 1399.0, 1389.0, 1392.0, 1385.0, 1398.0, 1398.0, 1407.0, 1397.0, 1392.0]