header: 
  seq: 2269
  stamp: 
    secs: 1548820813
    nsecs: 927141271
  frame_id: "base_link"
angle_min: -2.35619449615
angle_max: 2.35619449615
angle_increment: 0.00436332309619
time_increment: 1.73611151695e-05
scan_time: 0.0250000003725
range_min: 0.019999999553
range_max: 30.0
ranges: [0.42800000309944153, 0.41600000858306885, 0.421999990940094, 0.4169999957084656, 0.4059999883174896, 0.40700000524520874, 0.40299999713897705, 0.3970000147819519, 0.3869999945163727, 0.3840000033378601, 0.38100001215934753, 0.3709999918937683, 0.36399999260902405, 0.3540000021457672, 0.35199999809265137, 0.3370000123977661, 0.328000009059906, 0.3070000112056732, 0.2460000067949295, 0.2290000021457672, 0.25999999046325684, 0.28200000524520874, 0.3050000071525574, 0.3230000138282776, 0.32199999690055847, 0.3230000138282776, 0.32499998807907104, 0.32100000977516174, 0.32199999690055847, 0.3160000145435333, 0.31200000643730164, 0.3050000071525574, 0.30300000309944153, 0.3070000112056732, 0.296999990940094, 0.2980000078678131, 0.29499998688697815, 0.29499998688697815, 0.29100000858306885, 0.28200000524520874, 0.2770000100135803, 0.2770000100135803, 0.27300000190734863, 0.27300000190734863, 0.27000001072883606, 0.2680000066757202, 0.2639999985694885, 0.26499998569488525, 0.257999986410141, 0.25699999928474426, 0.257999986410141, 0.2549999952316284, 0.2549999952316284, 0.25200000405311584, 0.2460000067949295, 0.2409999966621399, 0.24500000476837158, 0.23899999260902405, 0.23899999260902405, 0.24199999868869781, 0.23800000548362732, 0.2370000034570694, 0.23600000143051147, 0.2409999966621399, 0.2329999953508377, 0.23100000619888306, 0.2290000021457672, 0.2280000001192093, 0.23399999737739563, 0.23399999737739563, 0.23199999332427979, 0.2240000069141388, 0.2240000069141388, 0.22599999606609344, 0.2240000069141388, 0.22100000083446503, 0.2150000035762787, 0.2150000035762787, 0.2240000069141388, 0.21400000154972076, 0.210999995470047, 0.210999995470047, 0.20600000023841858, 0.20800000429153442, 0.21699999272823334, 0.22499999403953552, 0.21299999952316284, 0.2070000022649765, 0.2150000035762787, 0.210999995470047, 0.210999995470047, 0.2070000022649765, 0.2070000022649765, 0.20200000703334808, 0.20600000023841858, 0.20600000023841858, 0.20900000631809235, 0.20900000631809235, 0.2070000022649765, 0.20100000500679016, 0.19900000095367432, 0.19599999487400055, 0.19699999690055847, 0.19499999284744263, 0.19499999284744263, 0.20100000500679016, 0.20100000500679016, 0.1979999989271164, 0.1940000057220459, 0.19300000369548798, 0.19200000166893005, 0.1940000057220459, 0.19200000166893005, 0.1940000057220459, 0.19499999284744263, 0.19599999487400055, 0.19599999487400055, 0.19200000166893005, 0.19099999964237213, 0.19699999690055847, 0.20000000298023224, 0.1940000057220459, 0.1889999955892563, 0.19099999964237213, 0.19099999964237213, 0.1940000057220459, 0.19699999690055847, 0.19300000369548798, 0.19300000369548798, 0.19499999284744263, 0.19499999284744263, 0.19300000369548798, 0.18700000643730164, 0.1850000023841858, 0.18299999833106995, 0.18299999833106995, 0.1850000023841858, 0.1860000044107437, 0.1860000044107437, 0.19200000166893005, 0.1940000057220459, 0.19300000369548798, 0.1899999976158142, 0.1889999955892563, 0.1899999976158142, 0.18400000035762787, 0.1809999942779541, 0.1850000023841858, 0.1940000057220459, 0.1979999989271164, 0.1979999989271164, 0.1940000057220459, 0.1979999989271164, 0.1940000057220459, 0.19300000369548798, 0.19300000369548798, 0.19300000369548798, 0.19499999284744263, 0.1940000057220459, 0.1940000057220459, 0.1940000057220459, 0.19200000166893005, 0.19099999964237213, 0.1889999955892563, 0.1889999955892563, 0.19099999964237213, 0.19499999284744263, 0.19499999284744263, 0.19099999964237213, 0.1979999989271164, 0.19599999487400055, 0.1940000057220459, 0.18799999356269836, 0.1850000023841858, 0.19599999487400055, 0.1979999989271164, 0.20000000298023224, 0.19499999284744263, 0.1940000057220459, 0.1979999989271164, 0.1979999989271164, 0.19499999284744263, 0.20100000500679016, 0.19300000369548798, 0.19200000166893005, 0.19300000369548798, 0.19099999964237213, 0.19599999487400055, 0.1860000044107437, 0.19099999964237213, 0.19300000369548798, 0.19300000369548798, 0.19200000166893005, 0.19099999964237213, 0.19099999964237213, 0.19200000166893005, 0.1940000057220459, 0.19599999487400055, 0.20000000298023224, 0.20000000298023224, 0.20100000500679016, 0.1979999989271164, 0.19499999284744263, 0.19599999487400055, 0.19599999487400055, 0.19900000095367432, 0.20399999618530273, 0.2029999941587448, 0.20499999821186066, 0.20600000023841858, 0.20399999618530273, 0.20399999618530273, 0.20499999821186066, 0.20499999821186066, 0.1979999989271164, 0.20499999821186066, 0.20900000631809235, 0.20999999344348907, 0.210999995470047, 0.21199999749660492, 0.20900000631809235, 0.210999995470047, 0.20900000631809235, 0.20900000631809235, 0.20399999618530273, 0.21299999952316284, 0.2160000056028366, 0.21899999678134918, 0.21899999678134918, 0.21699999272823334, 0.21699999272823334, 0.2199999988079071, 0.2240000069141388, 0.22599999606609344, 0.23899999260902405, 0.24300000071525574, 0.24400000274181366, 0.23899999260902405, 0.23800000548362732, 0.2329999953508377, 0.2329999953508377, 0.23399999737739563, 0.24400000274181366, 0.2529999911785126, 0.2529999911785126, 0.25, 0.2529999911785126, 0.257999986410141, 0.26100000739097595, 0.26100000739097595, 0.2669999897480011, 0.26899999380111694, 0.2809999883174896, 0.2840000092983246, 0.28299999237060547, 0.29100000858306885, 0.4169999957084656, 0.27399998903274536, 0.23800000548362732, 0.26899999380111694, 2.6070001125335693, 2.5980000495910645, 2.5929999351501465, 2.5940001010894775, 2.5899999141693115, 2.5799999237060547, 2.572000026702881, 2.5769999027252197, 2.565000057220459, 2.562999963760376, 2.562000036239624, 2.5490000247955322, 2.5490000247955322, 2.5480000972747803, 2.5309998989105225, 2.5260000228881836, 2.5220000743865967, 2.5199999809265137, 2.5179998874664307, 2.502000093460083, 2.494999885559082, 2.490999937057495, 2.4809999465942383, 2.4760000705718994, 2.4609999656677246, 2.4600000381469727, 2.4560000896453857, 2.4539999961853027, 2.4519999027252197, 2.4509999752044678, 2.430000066757202, 2.4230000972747803, 2.4170000553131104, 2.4110000133514404, 2.4119999408721924, 2.3889999389648438, 2.3929998874664307, 2.38700008392334, 2.36899995803833, 2.365999937057495, 2.3550000190734863, 2.3420000076293945, 2.3369998931884766, 2.3299999237060547, 2.319000005722046, 2.299999952316284, 2.296999931335449, 2.2860000133514404, 2.2820000648498535, 2.2760000228881836, 2.253999948501587, 2.247999906539917, 2.239000082015991, 2.2320001125335693, 2.2200000286102295, 2.197999954223633, 2.188999891281128, 2.1760001182556152, 2.171999931335449, 2.1579999923706055, 2.1470000743865967, 2.134999990463257, 2.11899995803833, 2.0980000495910645, 2.0859999656677246, 2.072999954223633, 2.055999994277954, 2.053999900817871, 2.0309998989105225, 2.010999917984009, 1.9919999837875366, 1.9839999675750732, 1.9700000286102295, 1.9459999799728394, 1.937999963760376, 1.9220000505447388, 1.909000039100647, 1.8919999599456787, 1.871000051498413, 1.8650000095367432, 1.847000002861023, 1.8279999494552612, 1.8270000219345093, 1.7990000247955322, 1.7979999780654907, 1.7960000038146973, 1.774999976158142, 1.7519999742507935, 1.7389999628067017, 1.7319999933242798, 1.722000002861023, 1.7039999961853027, 1.6959999799728394, 1.687000036239624, 1.6720000505447388, 1.6649999618530273, 1.656000018119812, 1.6449999809265137, 1.628000020980835, 1.6160000562667847, 1.6089999675750732, 1.5980000495910645, 1.593000054359436, 1.5800000429153442, 1.5720000267028809, 1.562999963760376, 1.5420000553131104, 1.5369999408721924, 1.5329999923706055, 1.5269999504089355, 1.5190000534057617, 1.5049999952316284, 1.5049999952316284, 1.5019999742507935, 1.4919999837875366, 1.4830000400543213, 1.4709999561309814, 1.4600000381469727, 1.4559999704360962, 1.4479999542236328, 1.4450000524520874, 1.4390000104904175, 1.4320000410079956, 1.4199999570846558, 1.4079999923706055, 1.4079999923706055, 1.406999945640564, 1.3869999647140503, 1.375, 1.36899995803833, 1.3630000352859497, 1.3569999933242798, 1.3489999771118164, 1.3489999771118164, 1.340000033378601, 1.3370000123977661, 1.3270000219345093, 1.3250000476837158, 1.319000005722046, 1.3179999589920044, 1.3040000200271606, 1.2960000038146973, 1.2949999570846558, 1.2910000085830688, 1.284999966621399, 1.2799999713897705, 1.2660000324249268, 1.2649999856948853, 1.2660000324249268, 1.2619999647140503, 1.246000051498413, 1.2450000047683716, 1.2430000305175781, 1.2410000562667847, 1.2350000143051147, 1.2280000448226929, 1.2259999513626099, 1.2239999771118164, 1.215999960899353, 1.2120000123977661, 1.2109999656677246, 1.2050000429153442, 1.1929999589920044, 1.194000005722046, 1.1950000524520874, 1.1770000457763672, 1.1690000295639038, 1.1679999828338623, 1.1720000505447388, 1.1729999780654907, 1.1679999828338623, 1.1649999618530273, 1.159999966621399, 1.149999976158142, 1.152999997138977, 1.149999976158142, 1.1460000276565552, 1.1419999599456787, 1.1419999599456787, 1.1349999904632568, 1.1349999904632568, 1.1319999694824219, 1.1319999694824219, 1.128000020980835, 1.125, 1.1269999742507935, 1.1109999418258667, 1.1130000352859497, 1.1130000352859497, 1.1139999628067017, 1.1089999675750732, 1.1009999513626099, 1.1009999513626099, 1.1030000448226929, 1.1009999513626099, 1.090000033378601, 1.0870000123977661, 1.0820000171661377, 1.0800000429153442, 1.0789999961853027, 1.0820000171661377, 1.0850000381469727, 1.0829999446868896, 1.0729999542236328, 1.0709999799728394, 1.0750000476837158, 1.0759999752044678, 1.0740000009536743, 1.0740000009536743, 1.062999963760376, 1.0609999895095825, 1.055999994277954, 1.0509999990463257, 1.0509999990463257, 1.0499999523162842, 1.0440000295639038, 1.0410000085830688, 1.0390000343322754, 1.0440000295639038, 1.0460000038146973, 1.0379999876022339, 1.0299999713897705, 1.0260000228881836, 1.0299999713897705, 1.0299999713897705, 1.0230000019073486, 1.0199999809265137, 1.0149999856948853, 1.0149999856948853, 1.0149999856948853, 1.00600004196167, 1.00600004196167, 1.0080000162124634, 1.0080000162124634, 1.0080000162124634, 1.00600004196167, 1.0080000162124634, 1.0080000162124634, 0.9929999709129333, 0.9869999885559082, 0.9869999885559082, 0.9879999756813049, 0.9919999837875366, 0.9919999837875366, 0.9860000014305115, 0.9819999933242798, 0.9850000143051147, 0.9850000143051147, 0.9800000190734863, 0.9750000238418579, 0.9739999771118164, 0.9760000109672546, 0.9779999852180481, 0.9810000061988831, 0.9810000061988831, 0.9810000061988831, 0.9819999933242798, 0.9810000061988831, 0.9810000061988831, 0.9789999723434448, 0.9810000061988831, 0.9739999771118164, 0.972000002861023, 0.9710000157356262, 0.9670000076293945, 0.9670000076293945, 0.9670000076293945, 0.9660000205039978, 0.9670000076293945, 0.9649999737739563, 0.9660000205039978, 0.9670000076293945, 0.972000002861023, 0.9649999737739563, 0.9610000252723694, 0.9610000252723694, 0.9610000252723694, 0.9620000123977661, 0.9610000252723694, 0.9610000252723694, 0.9639999866485596, 0.9670000076293945, 0.9660000205039978, 0.9639999866485596, 0.9580000042915344, 0.9539999961853027, 0.953000009059906, 0.9599999785423279, 0.9599999785423279, 0.9599999785423279, 0.9570000171661377, 0.9539999961853027, 0.9520000219345093, 0.9580000042915344, 0.9559999704360962, 0.9559999704360962, 0.9549999833106995, 0.9520000219345093, 0.9470000267028809, 0.9520000219345093, 0.9520000219345093, 0.9520000219345093, 0.9470000267028809, 0.9459999799728394, 0.949999988079071, 0.9520000219345093, 0.9520000219345093, 0.9480000138282776, 0.9559999704360962, 0.9539999961853027, 0.9449999928474426, 0.9440000057220459, 0.9449999928474426, 0.9480000138282776, 0.9449999928474426, 0.9440000057220459, 0.9440000057220459, 0.9449999928474426, 0.9380000233650208, 0.9380000233650208, 0.9380000233650208, 0.9409999847412109, 0.9369999766349792, 0.9340000152587891, 0.9340000152587891, 0.9380000233650208, 0.9380000233650208, 0.9380000233650208, 0.9380000233650208, 0.9369999766349792, 0.9330000281333923, 0.9330000281333923, 0.9309999942779541, 0.9309999942779541, 0.9279999732971191, 0.9279999732971191, 0.925000011920929, 0.9240000247955322, 0.9240000247955322, 0.9269999861717224, 0.9259999990463257, 0.9229999780654907, 0.9259999990463257, 0.9290000200271606, 0.9290000200271606, 0.9259999990463257, 0.9229999780654907, 0.9210000038146973, 0.9210000038146973, 0.921999990940094, 0.921999990940094, 0.9179999828338623, 0.9139999747276306, 0.9210000038146973, 0.925000011920929, 0.9210000038146973, 0.9169999957084656, 0.9229999780654907, 0.9229999780654907, 0.9190000295639038, 0.9100000262260437, 0.906000018119812, 0.9110000133514404, 0.9169999957084656, 0.9089999794960022, 0.906000018119812, 0.9139999747276306, 0.9070000052452087, 0.9079999923706055, 0.906000018119812, 0.902999997138977, 0.9160000085830688, 0.9110000133514404, 0.9089999794960022, 0.9070000052452087, 0.902999997138977, 0.9070000052452087, 0.9089999794960022, 0.9079999923706055, 0.8970000147819519, 0.8960000276565552, 0.8999999761581421, 0.9070000052452087, 0.9120000004768372, 0.9129999876022339, 0.9110000133514404, 0.9089999794960022, 0.8999999761581421, 0.8960000276565552, 0.8970000147819519, 0.9010000228881836, 0.902999997138977, 0.8989999890327454, 0.8939999938011169, 0.8930000066757202, 0.8930000066757202, 0.8930000066757202, 0.8930000066757202, 0.8989999890327454, 0.9020000100135803, 0.8970000147819519, 0.8930000066757202, 0.8920000195503235, 0.8859999775886536, 0.8859999775886536, 0.8960000276565552, 0.8960000276565552, 0.8859999775886536, 0.8889999985694885, 0.890999972820282, 0.890999972820282, 0.8899999856948853, 0.8849999904632568, 0.8840000033378601, 0.8849999904632568, 0.8759999871253967, 0.8769999742507935, 0.8809999823570251, 0.8870000243186951, 0.8880000114440918, 0.8849999904632568, 0.8840000033378601, 0.8840000033378601, 0.8859999775886536, 0.8809999823570251, 0.8840000033378601, 0.8809999823570251, 0.8809999823570251, 0.8809999823570251, 0.8820000290870667, 0.8820000290870667, 0.8849999904632568, 0.8820000290870667, 0.8809999823570251, 0.8790000081062317, 0.8790000081062317, 0.8759999871253967, 0.871999979019165, 0.8709999918937683, 0.8700000047683716, 0.8730000257492065, 0.8709999918937683, 0.8669999837875366, 0.8659999966621399, 0.8650000095367432, 0.8709999918937683, 0.8679999709129333, 0.8629999756813049, 0.8610000014305115, 0.8610000014305115, 0.8820000290870667, 0.8709999918937683, 0.8600000143051147, 0.8600000143051147, 0.8500000238418579, 0.843999981880188, 0.8479999899864197, 0.8629999756813049, 0.8619999885559082, 0.8600000143051147, 0.8529999852180481, 0.8529999852180481, 0.8560000061988831, 0.8550000190734863, 0.8519999980926514, 0.8519999980926514, 0.8560000061988831, 0.8529999852180481, 0.8529999852180481, 0.8519999980926514, 0.8510000109672546, 0.8510000109672546, 0.8519999980926514, 0.8519999980926514, 0.8519999980926514, 0.859000027179718, 0.8650000095367432, 0.859000027179718, 0.8519999980926514, 0.8500000238418579, 0.8460000157356262, 0.8410000205039978, 0.8500000238418579, 0.8500000238418579, 0.843999981880188, 0.8429999947547913, 0.8450000286102295, 0.843999981880188, 0.843999981880188, 0.8479999899864197, 0.8420000076293945, 0.8429999947547913, 0.8410000205039978, 0.8370000123977661, 0.8349999785423279, 0.8349999785423279, 0.8330000042915344, 0.8330000042915344, 0.8370000123977661, 0.8410000205039978, 0.8399999737739563, 0.8399999737739563, 0.8370000123977661, 0.8330000042915344, 0.8330000042915344, 0.8330000042915344, 0.8349999785423279, 0.8360000252723694, 0.8399999737739563, 0.8360000252723694, 0.8339999914169312, 0.8339999914169312, 0.8379999995231628, 0.8379999995231628, 0.8399999737739563, 0.8370000123977661, 0.8299999833106995, 0.8320000171661377, 0.8370000123977661, 0.8379999995231628, 0.8320000171661377, 0.8320000171661377, 0.8240000009536743, 0.8169999718666077, 0.8169999718666077, 0.8199999928474426, 0.8270000219345093, 0.8299999833106995, 0.8330000042915344, 0.8230000138282776, 0.8230000138282776, 0.824999988079071, 0.8190000057220459, 0.8190000057220459, 0.8240000009536743, 0.8230000138282776, 0.8180000185966492, 0.8159999847412109, 0.8109999895095825, 0.8100000023841858, 0.8130000233650208, 0.8169999718666077, 0.8180000185966492, 0.8169999718666077, 0.8180000185966492, 0.8230000138282776, 0.8270000219345093, 0.8270000219345093, 0.8130000233650208, 0.8149999976158142, 0.8169999718666077, 0.8180000185966492, 0.8109999895095825, 0.8180000185966492, 0.8130000233650208, 0.8130000233650208, 0.8169999718666077, 0.8240000009536743, 0.8180000185966492, 0.8159999847412109, 0.8169999718666077, 0.8180000185966492, 0.8169999718666077, 0.8149999976158142, 0.8149999976158142, 0.8090000152587891, 0.8080000281333923, 0.8090000152587891, 0.8090000152587891, 0.8069999814033508, 0.8040000200271606, 0.8059999942779541, 0.8050000071525574, 0.8069999814033508, 0.8050000071525574, 0.8080000281333923, 0.8080000281333923, 0.8069999814033508, 0.8059999942779541, 0.8100000023841858, 0.8140000104904175, 0.8159999847412109, 0.8059999942779541, 0.7960000038146973, 0.800000011920929, 0.8069999814033508, 0.8140000104904175, 0.8140000104904175, 0.8140000104904175, 0.8090000152587891, 0.8090000152587891, 0.8059999942779541, 0.8019999861717224, 0.8019999861717224, 0.7979999780654907, 0.796999990940094, 0.7900000214576721, 0.7910000085830688, 0.796999990940094, 0.7979999780654907, 0.7950000166893005, 0.7919999957084656, 0.7900000214576721, 0.7950000166893005, 0.8019999861717224, 0.800000011920929, 0.7919999957084656, 0.7960000038146973, 0.7950000166893005, 0.796999990940094, 0.7960000038146973, 0.7960000038146973, 0.7960000038146973, 0.8009999990463257, 0.8009999990463257, 0.7979999780654907, 0.7900000214576721, 0.7929999828338623, 0.796999990940094, 0.7929999828338623, 0.7900000214576721, 0.7889999747276306, 0.7889999747276306, 0.796999990940094, 0.7929999828338623, 0.7900000214576721, 0.7910000085830688, 0.7919999957084656, 0.7950000166893005, 0.7950000166893005, 0.7919999957084656, 0.7889999747276306, 0.796999990940094, 0.7979999780654907, 0.796999990940094, 0.7979999780654907, 0.7979999780654907, 0.7900000214576721, 0.7900000214576721, 0.7900000214576721, 0.7900000214576721, 0.7889999747276306, 0.7879999876022339, 0.7870000004768372, 0.7889999747276306, 0.7879999876022339, 0.7879999876022339, 0.7870000004768372, 0.7889999747276306, 0.7889999747276306, 0.7820000052452087, 0.7820000052452087, 0.781000018119812, 0.7789999842643738, 0.781000018119812, 0.7879999876022339, 0.7900000214576721, 0.7889999747276306, 0.7850000262260437, 0.781000018119812, 0.7799999713897705, 0.7749999761581421, 0.7839999794960022, 0.7910000085830688, 0.7879999876022339, 0.7829999923706055, 0.7829999923706055, 0.7799999713897705, 0.7680000066757202, 0.7760000228881836, 0.781000018119812, 0.781000018119812, 0.777999997138977, 0.7749999761581421, 0.7749999761581421, 0.7720000147819519, 0.765999972820282, 0.7680000066757202, 0.7789999842643738, 0.7760000228881836, 0.7749999761581421, 0.7749999761581421, 0.7710000276565552, 0.7720000147819519, 0.7710000276565552, 0.777999997138977, 0.777999997138977, 0.7710000276565552, 0.7689999938011169, 0.7670000195503235, 0.7710000276565552, 0.7730000019073486, 0.7720000147819519, 0.7749999761581421, 0.7749999761581421, 0.7720000147819519, 0.7699999809265137, 0.7749999761581421, 0.7749999761581421, 0.7710000276565552, 0.7720000147819519, 0.7710000276565552, 0.7739999890327454, 0.7730000019073486, 0.7739999890327454, 0.7720000147819519, 0.7720000147819519, 0.7739999890327454, 0.7760000228881836, 0.7739999890327454, 0.7739999890327454, 0.7760000228881836, 0.7799999713897705, 0.7799999713897705, 0.7760000228881836, 0.7749999761581421, 0.7680000066757202, 0.7739999890327454, 0.7770000100135803, 0.7770000100135803, 0.7710000276565552, 0.7689999938011169, 0.7680000066757202, 0.7680000066757202, 0.7720000147819519, 0.7710000276565552, 0.7639999985694885, 0.7639999985694885, 0.7670000195503235, 0.7670000195503235, 0.7749999761581421, 0.7749999761581421, 0.7680000066757202, 0.7730000019073486, 0.7699999809265137, 0.7699999809265137, 0.7730000019073486, 0.7730000019073486, 0.7739999890327454, 0.7689999938011169, 0.7699999809265137, 0.7710000276565552, 0.7699999809265137, 0.7680000066757202, 0.7699999809265137, 0.7730000019073486, 0.7739999890327454, 0.7730000019073486, 0.7730000019073486, 0.7730000019073486, 0.7730000019073486, 0.7710000276565552, 0.7590000033378601, 0.753000020980835, 0.7509999871253967, 0.7509999871253967, 0.7570000290870667, 0.7590000033378601, 0.7590000033378601, 0.7590000033378601, 0.7580000162124634, 0.7609999775886536, 0.7570000290870667, 0.7519999742507935, 0.7480000257492065, 0.7519999742507935, 0.7490000128746033, 0.753000020980835, 0.7490000128746033, 0.7329999804496765, 0.7329999804496765, 0.7379999756813049, 0.7440000176429749, 0.7400000095367432, 0.7419999837875366, 0.7459999918937683, 0.7519999742507935, 0.7540000081062317, 0.753000020980835, 0.753000020980835, 0.7540000081062317, 0.7559999823570251, 0.7450000047683716, 0.7450000047683716, 0.7440000176429749, 0.7429999709129333, 0.7450000047683716, 0.7490000128746033, 0.7379999756813049, 0.734000027179718, 0.7300000190734863, 0.7300000190734863, 0.7329999804496765, 0.7319999933242798, 0.7279999852180481, 0.7229999899864197, 0.7250000238418579, 0.7279999852180481, 0.7400000095367432, 0.7379999756813049, 0.7289999723434448, 0.7200000286102295, 0.734000027179718, 0.75, 0.7459999918937683, 0.7419999837875366, 0.7450000047683716, 0.7459999918937683, 0.7459999918937683, 0.7519999742507935, 0.7599999904632568, 0.7599999904632568, 0.7570000290870667, 0.7540000081062317, 0.7540000081062317, 0.7599999904632568, 0.7599999904632568, 0.7609999775886536, 0.7549999952316284, 0.7580000162124634, 0.7540000081062317]
intensities: [979.0, 973.0, 1044.0, 1060.0, 1052.0, 1085.0, 1106.0, 1093.0, 1107.0, 1116.0, 1130.0, 1133.0, 1118.0, 1111.0, 1114.0, 1044.0, 994.0, 915.0, 778.0, 726.0, 765.0, 796.0, 834.0, 877.0, 877.0, 892.0, 947.0, 972.0, 1042.0, 1080.0, 1097.0, 1092.0, 1127.0, 1130.0, 1144.0, 1141.0, 1118.0, 1118.0, 1119.0, 1107.0, 1115.0, 1113.0, 1090.0, 1094.0, 1104.0, 1102.0, 1113.0, 1117.0, 1100.0, 1101.0, 1105.0, 1080.0, 1080.0, 1091.0, 1089.0, 1076.0, 1098.0, 1076.0, 1077.0, 1096.0, 1098.0, 1106.0, 1088.0, 1094.0, 1091.0, 1094.0, 1095.0, 1096.0, 1121.0, 1119.0, 1119.0, 1141.0, 1146.0, 1161.0, 1168.0, 1168.0, 1145.0, 1145.0, 1183.0, 1157.0, 1164.0, 1164.0, 1156.0, 1171.0, 1167.0, 1163.0, 1167.0, 1153.0, 1180.0, 1166.0, 1175.0, 1158.0, 1160.0, 1155.0, 1153.0, 1156.0, 1160.0, 1153.0, 1155.0, 1157.0, 1156.0, 1162.0, 1168.0, 1164.0, 1160.0, 1170.0, 1170.0, 1175.0, 1168.0, 1165.0, 1162.0, 1170.0, 1173.0, 1185.0, 1184.0, 1180.0, 1180.0, 1181.0, 1208.0, 1183.0, 1178.0, 1190.0, 1161.0, 1177.0, 1167.0, 1173.0, 1180.0, 1162.0, 1162.0, 1181.0, 1178.0, 1189.0, 1167.0, 1162.0, 1184.0, 1184.0, 1194.0, 1203.0, 1203.0, 1194.0, 1190.0, 1195.0, 1204.0, 1196.0, 1208.0, 1198.0, 1222.0, 1204.0, 1214.0, 1215.0, 1222.0, 1213.0, 1228.0, 1213.0, 1207.0, 1211.0, 1211.0, 1220.0, 1216.0, 1213.0, 1216.0, 1212.0, 1208.0, 1216.0, 1216.0, 1221.0, 1219.0, 1217.0, 1218.0, 1225.0, 1229.0, 1218.0, 1229.0, 1203.0, 1188.0, 1196.0, 1214.0, 1209.0, 1196.0, 1188.0, 1188.0, 1182.0, 1178.0, 1177.0, 1175.0, 1177.0, 1169.0, 1158.0, 1143.0, 1128.0, 1144.0, 1144.0, 1135.0, 1115.0, 1126.0, 1108.0, 1113.0, 1121.0, 1118.0, 1106.0, 1121.0, 1105.0, 1103.0, 1114.0, 1114.0, 1112.0, 1109.0, 1103.0, 1098.0, 1125.0, 1113.0, 1087.0, 1091.0, 1086.0, 1082.0, 1087.0, 1086.0, 1092.0, 1098.0, 1112.0, 1097.0, 1112.0, 1086.0, 1086.0, 1074.0, 1100.0, 1091.0, 1092.0, 1100.0, 1094.0, 1087.0, 1092.0, 1086.0, 1081.0, 1088.0, 1087.0, 1075.0, 1074.0, 1053.0, 1053.0, 1053.0, 1047.0, 1044.0, 1043.0, 1043.0, 1035.0, 1022.0, 1022.0, 1009.0, 1006.0, 1017.0, 998.0, 979.0, 980.0, 954.0, 928.0, 1307.0, 637.0, 446.0, 443.0, 919.0, 916.0, 937.0, 943.0, 943.0, 949.0, 948.0, 963.0, 940.0, 952.0, 972.0, 947.0, 947.0, 955.0, 946.0, 957.0, 955.0, 949.0, 947.0, 942.0, 943.0, 947.0, 940.0, 943.0, 938.0, 941.0, 944.0, 956.0, 951.0, 949.0, 951.0, 946.0, 949.0, 946.0, 946.0, 938.0, 941.0, 949.0, 942.0, 949.0, 940.0, 932.0, 922.0, 924.0, 928.0, 944.0, 942.0, 938.0, 937.0, 940.0, 947.0, 949.0, 953.0, 951.0, 943.0, 944.0, 944.0, 940.0, 945.0, 939.0, 940.0, 953.0, 941.0, 947.0, 933.0, 931.0, 930.0, 945.0, 936.0, 918.0, 926.0, 935.0, 939.0, 941.0, 952.0, 945.0, 954.0, 956.0, 953.0, 971.0, 954.0, 952.0, 963.0, 964.0, 964.0, 965.0, 975.0, 977.0, 985.0, 988.0, 988.0, 1001.0, 997.0, 1007.0, 1011.0, 1008.0, 1014.0, 1024.0, 1018.0, 1027.0, 1037.0, 1031.0, 1031.0, 1038.0, 1046.0, 1066.0, 1054.0, 1053.0, 1058.0, 1060.0, 1067.0, 1041.0, 1067.0, 1069.0, 1077.0, 1079.0, 1087.0, 1077.0, 1081.0, 1089.0, 1104.0, 1103.0, 1103.0, 1108.0, 1106.0, 1110.0, 1113.0, 1096.0, 1100.0, 1099.0, 1090.0, 1110.0, 1094.0, 1100.0, 1092.0, 1095.0, 1101.0, 1097.0, 1106.0, 1106.0, 1112.0, 1120.0, 1122.0, 1103.0, 1111.0, 1121.0, 1116.0, 1107.0, 1117.0, 1116.0, 1126.0, 1136.0, 1113.0, 1113.0, 1131.0, 1126.0, 1128.0, 1145.0, 1141.0, 1132.0, 1129.0, 1124.0, 1116.0, 1136.0, 1155.0, 1127.0, 1137.0, 1139.0, 1155.0, 1161.0, 1175.0, 1176.0, 1208.0, 1179.0, 1208.0, 1227.0, 1235.0, 1241.0, 1256.0, 1253.0, 1261.0, 1267.0, 1270.0, 1272.0, 1269.0, 1280.0, 1270.0, 1292.0, 1292.0, 1292.0, 1283.0, 1280.0, 1292.0, 1306.0, 1319.0, 1316.0, 1323.0, 1305.0, 1326.0, 1319.0, 1334.0, 1349.0, 1354.0, 1365.0, 1365.0, 1381.0, 1398.0, 1367.0, 1377.0, 1387.0, 1382.0, 1398.0, 1377.0, 1366.0, 1394.0, 1378.0, 1397.0, 1406.0, 1409.0, 1391.0, 1410.0, 1416.0, 1418.0, 1412.0, 1416.0, 1417.0, 1412.0, 1409.0, 1409.0, 1436.0, 1422.0, 1425.0, 1428.0, 1428.0, 1428.0, 1420.0, 1437.0, 1452.0, 1440.0, 1441.0, 1441.0, 1452.0, 1478.0, 1478.0, 1479.0, 1490.0, 1486.0, 1486.0, 1482.0, 1470.0, 1482.0, 1477.0, 1497.0, 1498.0, 1498.0, 1496.0, 1490.0, 1488.0, 1483.0, 1501.0, 1500.0, 1491.0, 1497.0, 1504.0, 1512.0, 1503.0, 1503.0, 1498.0, 1496.0, 1489.0, 1508.0, 1506.0, 1517.0, 1497.0, 1515.0, 1516.0, 1516.0, 1513.0, 1520.0, 1520.0, 1525.0, 1531.0, 1519.0, 1520.0, 1520.0, 1520.0, 1506.0, 1520.0, 1512.0, 1512.0, 1528.0, 1533.0, 1523.0, 1523.0, 1525.0, 1516.0, 1511.0, 1532.0, 1522.0, 1535.0, 1522.0, 1522.0, 1534.0, 1527.0, 1527.0, 1510.0, 1510.0, 1522.0, 1519.0, 1521.0, 1517.0, 1521.0, 1519.0, 1534.0, 1531.0, 1535.0, 1528.0, 1522.0, 1528.0, 1528.0, 1520.0, 1531.0, 1517.0, 1512.0, 1512.0, 1520.0, 1525.0, 1512.0, 1506.0, 1508.0, 1536.0, 1536.0, 1522.0, 1526.0, 1526.0, 1526.0, 1525.0, 1528.0, 1528.0, 1516.0, 1521.0, 1539.0, 1529.0, 1520.0, 1531.0, 1530.0, 1530.0, 1545.0, 1546.0, 1548.0, 1543.0, 1545.0, 1547.0, 1548.0, 1552.0, 1549.0, 1545.0, 1549.0, 1535.0, 1550.0, 1538.0, 1550.0, 1550.0, 1550.0, 1550.0, 1534.0, 1557.0, 1543.0, 1554.0, 1553.0, 1553.0, 1553.0, 1553.0, 1548.0, 1548.0, 1548.0, 1561.0, 1555.0, 1553.0, 1556.0, 1555.0, 1555.0, 1566.0, 1561.0, 1555.0, 1555.0, 1557.0, 1558.0, 1557.0, 1565.0, 1566.0, 1564.0, 1574.0, 1571.0, 1558.0, 1559.0, 1561.0, 1561.0, 1564.0, 1567.0, 1566.0, 1571.0, 1566.0, 1576.0, 1572.0, 1580.0, 1575.0, 1571.0, 1566.0, 1575.0, 1575.0, 1584.0, 1571.0, 1575.0, 1577.0, 1589.0, 1586.0, 1588.0, 1582.0, 1613.0, 1596.0, 1580.0, 1584.0, 1583.0, 1590.0, 1589.0, 1601.0, 1601.0, 1573.0, 1583.0, 1600.0, 1628.0, 1625.0, 1603.0, 1590.0, 1590.0, 1609.0, 1602.0, 1604.0, 1589.0, 1615.0, 1584.0, 1596.0, 1601.0, 1604.0, 1607.0, 1619.0, 1620.0, 1616.0, 1616.0, 1612.0, 1617.0, 1623.0, 1623.0, 1629.0, 1619.0, 1617.0, 1624.0, 1609.0, 1610.0, 1618.0, 1634.0, 1626.0, 1625.0, 1627.0, 1621.0, 1610.0, 1616.0, 1633.0, 1632.0, 1630.0, 1621.0, 1630.0, 1628.0, 1628.0, 1596.0, 1612.0, 1582.0, 1617.0, 1616.0, 1614.0, 1604.0, 1612.0, 1604.0, 1619.0, 1579.0, 1596.0, 1623.0, 1623.0, 1629.0, 1642.0, 1629.0, 1614.0, 1617.0, 1612.0, 1615.0, 1632.0, 1632.0, 1628.0, 1617.0, 1590.0, 1622.0, 1608.0, 1601.0, 1607.0, 1618.0, 1607.0, 1602.0, 1600.0, 1631.0, 1602.0, 1599.0, 1593.0, 1597.0, 1584.0, 1595.0, 1596.0, 1592.0, 1600.0, 1600.0, 1598.0, 1598.0, 1595.0, 1618.0, 1618.0, 1591.0, 1596.0, 1598.0, 1593.0, 1588.0, 1596.0, 1604.0, 1590.0, 1590.0, 1559.0, 1572.0, 1588.0, 1574.0, 1588.0, 1593.0, 1584.0, 1582.0, 1574.0, 1582.0, 1578.0, 1569.0, 1569.0, 1558.0, 1568.0, 1568.0, 1570.0, 1565.0, 1562.0, 1558.0, 1568.0, 1568.0, 1565.0, 1580.0, 1562.0, 1549.0, 1574.0, 1569.0, 1571.0, 1565.0, 1565.0, 1568.0, 1577.0, 1568.0, 1545.0, 1556.0, 1543.0, 1558.0, 1558.0, 1550.0, 1541.0, 1531.0, 1531.0, 1532.0, 1522.0, 1520.0, 1511.0, 1519.0, 1511.0, 1513.0, 1508.0, 1496.0, 1495.0, 1495.0, 1490.0, 1495.0, 1495.0, 1463.0, 1478.0, 1478.0, 1496.0, 1499.0, 1484.0, 1478.0, 1470.0, 1467.0, 1470.0, 1471.0, 1467.0, 1452.0, 1461.0, 1460.0, 1454.0, 1442.0, 1435.0, 1424.0, 1416.0, 1416.0, 1424.0, 1420.0, 1422.0, 1411.0, 1402.0, 1402.0, 1402.0, 1393.0, 1399.0, 1396.0, 1378.0, 1378.0, 1395.0, 1393.0, 1392.0, 1390.0, 1408.0, 1408.0, 1397.0, 1387.0, 1374.0, 1384.0, 1373.0, 1377.0, 1367.0, 1360.0, 1363.0, 1365.0, 1365.0, 1360.0, 1351.0, 1361.0, 1351.0, 1357.0, 1357.0, 1354.0, 1343.0, 1343.0, 1346.0, 1346.0, 1336.0, 1331.0, 1337.0, 1335.0, 1329.0, 1318.0, 1331.0, 1333.0, 1332.0, 1346.0, 1351.0, 1351.0, 1342.0, 1348.0, 1348.0, 1356.0, 1352.0, 1356.0, 1351.0, 1351.0, 1351.0, 1351.0, 1351.0, 1358.0, 1342.0, 1351.0, 1355.0, 1348.0, 1341.0, 1341.0, 1346.0, 1351.0, 1340.0, 1340.0, 1338.0, 1351.0, 1334.0, 1334.0, 1338.0, 1326.0, 1350.0, 1350.0, 1351.0, 1351.0, 1351.0, 1351.0, 1343.0, 1354.0, 1349.0, 1340.0, 1335.0, 1330.0, 1341.0, 1349.0, 1351.0, 1352.0, 1355.0, 1350.0, 1350.0, 1359.0, 1364.0, 1352.0, 1371.0, 1379.0, 1356.0, 1373.0, 1362.0, 1362.0, 1361.0, 1362.0, 1355.0, 1355.0, 1361.0, 1366.0, 1362.0, 1363.0, 1351.0, 1352.0, 1373.0, 1373.0, 1351.0, 1382.0, 1375.0, 1383.0, 1388.0, 1388.0, 1384.0, 1373.0, 1397.0, 1395.0, 1396.0, 1370.0, 1374.0, 1379.0, 1410.0, 1444.0, 1434.0, 1440.0, 1438.0, 1425.0, 1433.0, 1431.0, 1428.0, 1425.0, 1456.0, 1455.0, 1465.0, 1465.0, 1427.0, 1433.0, 1454.0, 1446.0, 1434.0, 1450.0, 1451.0, 1464.0, 1451.0, 1460.0, 1460.0, 1459.0, 1448.0, 1455.0, 1446.0, 1474.0, 1454.0, 1464.0, 1471.0, 1483.0, 1463.0, 1451.0, 1449.0, 1449.0, 1441.0, 1458.0, 1445.0, 1432.0, 1468.0, 1475.0, 1487.0, 1487.0, 1491.0, 1471.0, 1499.0, 1504.0, 1487.0, 1493.0, 1502.0, 1503.0, 1509.0, 1514.0, 1495.0, 1481.0, 1482.0, 1491.0, 1500.0, 1486.0, 1486.0, 1492.0, 1499.0, 1499.0, 1521.0, 1511.0, 1505.0, 1505.0, 1505.0, 1511.0, 1511.0, 1513.0, 1512.0]