header: 
  seq: 2520
  stamp: 
    secs: 1548820820
    nsecs: 213806086
  frame_id: "base_link"
angle_min: -2.35619449615
angle_max: 2.35619449615
angle_increment: 0.00436332309619
time_increment: 1.73611151695e-05
scan_time: 0.0250000003725
range_min: 0.019999999553
range_max: 30.0
ranges: [0.5350000262260437, 0.5609999895095825, 0.5609999895095825, 0.5649999976158142, 0.5640000104904175, 0.5600000023841858, 0.5540000200271606, 0.5509999990463257, 0.5590000152587891, 0.5619999766349792, 0.5590000152587891, 0.5580000281333923, 0.5580000281333923, 0.5429999828338623, 0.5070000290870667, 0.4399999976158142, 0.3799999952316284, 0.3619999885559082, 0.335999995470047, 0.3409999907016754, 0.42500001192092896, 0.4909999966621399, 0.5320000052452087, 0.546999990940094, 0.5479999780654907, 0.5479999780654907, 0.5419999957084656, 0.5419999957084656, 0.5400000214576721, 0.5400000214576721, 0.5410000085830688, 0.5249999761581421, 0.5270000100135803, 0.527999997138977, 0.531000018119812, 0.5339999794960022, 0.5339999794960022, 0.5350000262260437, 0.5360000133514404, 0.531000018119812, 0.531000018119812, 0.527999997138977, 0.527999997138977, 0.5260000228881836, 0.5199999809265137, 0.5199999809265137, 0.527999997138977, 0.5210000276565552, 0.5130000114440918, 0.5130000114440918, 0.5130000114440918, 0.5109999775886536, 0.5090000033378601, 0.5090000033378601, 0.5109999775886536, 0.5099999904632568, 0.5109999775886536, 0.5019999742507935, 0.5059999823570251, 0.5059999823570251, 0.503000020980835, 0.5009999871253967, 0.49900001287460327, 0.49900001287460327, 0.49900001287460327, 0.5019999742507935, 0.5009999871253967, 0.4959999918937683, 0.49300000071525574, 0.49000000953674316, 0.492000013589859, 0.49399998784065247, 0.49900001287460327, 0.49399998784065247, 0.49399998784065247, 0.49399998784065247, 0.49300000071525574, 0.49300000071525574, 0.4970000088214874, 0.4970000088214874, 0.48399999737739563, 0.48399999737739563, 0.48500001430511475, 0.48500001430511475, 0.4830000102519989, 0.4819999933242798, 0.4749999940395355, 0.47099998593330383, 0.4779999852180481, 0.47699999809265137, 0.4830000102519989, 0.47699999809265137, 0.4699999988079071, 0.4699999988079071, 0.47699999809265137, 0.4790000021457672, 0.47699999809265137, 0.4749999940395355, 0.47099998593330383, 0.46799999475479126, 0.4690000116825104, 0.4740000069141388, 0.4690000116825104, 0.46299999952316284, 0.4650000035762787, 0.4650000035762787, 0.4650000035762787, 0.46299999952316284, 0.46399998664855957, 0.46700000762939453, 0.46700000762939453, 0.46799999475479126, 0.46799999475479126, 0.46700000762939453, 0.45899999141693115, 0.4580000042915344, 0.4580000042915344, 0.45899999141693115, 0.4620000123977661, 0.46299999952316284, 0.46000000834465027, 0.45899999141693115, 0.4569999873638153, 0.45899999141693115, 0.45899999141693115, 0.4519999921321869, 0.453000009059906, 0.45899999141693115, 0.45399999618530273, 0.45500001311302185, 0.453000009059906, 0.453000009059906, 0.44999998807907104, 0.44999998807907104, 0.44999998807907104, 0.4519999921321869, 0.45399999618530273, 0.45899999141693115, 0.45100000500679016, 0.45100000500679016, 0.4440000057220459, 0.4449999928474426, 0.4449999928474426, 0.4480000138282776, 0.4490000009536743, 0.44699999690055847, 0.44699999690055847, 0.44699999690055847, 0.44699999690055847, 0.44699999690055847, 0.44999998807907104, 0.4480000138282776, 0.45100000500679016, 0.4490000009536743, 0.4429999887943268, 0.4399999976158142, 0.43700000643730164, 0.43799999356269836, 0.4480000138282776, 0.43799999356269836, 0.4339999854564667, 0.43799999356269836, 0.4390000104904175, 0.4390000104904175, 0.43700000643730164, 0.43299999833106995, 0.43299999833106995, 0.4390000104904175, 0.4390000104904175, 0.4399999976158142, 0.4390000104904175, 0.4359999895095825, 0.43700000643730164, 0.4410000145435333, 0.44200000166893005, 0.4410000145435333, 0.43700000643730164, 0.4350000023841858, 0.43700000643730164, 0.43700000643730164, 0.4359999895095825, 0.43700000643730164, 0.4300000071525574, 0.4259999990463257, 0.4269999861717224, 0.4259999990463257, 0.4259999990463257, 0.4259999990463257, 0.42899999022483826, 0.4309999942779541, 0.43299999833106995, 0.4350000023841858, 0.4320000112056732, 0.4320000112056732, 0.4269999861717224, 0.4259999990463257, 0.42500001192092896, 0.42500001192092896, 0.4320000112056732, 0.43299999833106995, 0.43299999833106995, 0.4339999854564667, 0.4320000112056732, 0.4300000071525574, 0.42899999022483826, 0.4269999861717224, 0.42500001192092896, 0.42899999022483826, 0.4320000112056732, 0.4300000071525574, 0.4269999861717224, 0.42500001192092896, 0.42899999022483826, 0.4320000112056732, 0.4320000112056732, 0.4320000112056732, 0.4259999990463257, 0.42899999022483826, 0.4339999854564667, 0.43700000643730164, 0.4390000104904175, 0.4350000023841858, 0.42899999022483826, 0.4309999942779541, 0.4309999942779541, 0.4339999854564667, 0.4350000023841858, 0.43299999833106995, 0.4259999990463257, 0.4230000078678131, 0.42800000309944153, 0.43299999833106995, 0.4359999895095825, 0.4300000071525574, 0.4300000071525574, 0.43299999833106995, 0.4350000023841858, 0.4320000112056732, 0.4320000112056732, 0.42800000309944153, 0.43299999833106995, 0.43299999833106995, 0.4350000023841858, 0.4309999942779541, 0.43299999833106995, 0.4309999942779541, 0.4390000104904175, 0.4339999854564667, 0.4320000112056732, 0.4339999854564667, 0.4410000145435333, 0.4410000145435333, 0.4359999895095825, 0.4359999895095825, 0.4359999895095825, 0.4309999942779541, 0.4300000071525574, 0.4320000112056732, 0.4359999895095825, 0.4359999895095825, 0.43799999356269836, 0.43799999356269836, 0.4359999895095825, 0.43299999833106995, 0.43799999356269836, 0.4390000104904175, 0.4339999854564667, 0.4440000057220459, 0.44699999690055847, 0.4490000009536743, 0.44999998807907104, 0.44999998807907104, 0.44999998807907104, 0.45100000500679016, 0.4519999921321869, 0.4519999921321869, 0.45100000500679016, 0.46000000834465027, 0.44699999690055847, 0.46399998664855957, 0.46399998664855957, 0.4659999907016754, 0.46399998664855957, 0.4560000002384186, 0.4580000042915344, 0.4620000123977661, 0.46799999475479126, 0.46799999475479126, 0.4779999852180481, 0.46799999475479126, 0.4690000116825104, 0.4699999988079071, 0.4729999899864197, 0.4729999899864197, 0.4690000116825104, 0.4690000116825104, 0.4779999852180481, 0.4740000069141388, 0.47600001096725464, 0.47699999809265137, 0.47699999809265137, 0.47999998927116394, 0.4909999966621399, 0.49000000953674316, 0.48399999737739563, 0.4860000014305115, 0.4880000054836273, 0.49000000953674316, 0.4950000047683716, 0.4950000047683716, 0.492000013589859, 0.49300000071525574, 0.492000013589859, 0.492000013589859, 0.4959999918937683, 0.5019999742507935, 0.5090000033378601, 0.5049999952316284, 0.503000020980835, 0.5, 0.503000020980835, 0.5040000081062317, 0.5080000162124634, 0.5080000162124634, 0.5109999775886536, 0.5120000243186951, 0.5139999985694885, 0.5130000114440918, 0.5070000290870667, 0.5090000033378601, 0.5170000195503235, 0.5210000276565552, 0.5230000019073486, 0.5299999713897705, 0.5329999923706055, 0.5350000262260437, 0.5350000262260437, 0.5360000133514404, 0.5370000004768372, 0.5379999876022339, 0.5370000004768372, 0.5410000085830688, 0.5460000038146973, 0.5509999990463257, 0.5550000071525574, 0.5540000200271606, 0.5580000281333923, 0.5640000104904175, 0.5640000104904175, 0.5640000104904175, 0.5640000104904175, 0.5740000009536743, 0.5740000009536743, 0.5730000138282776, 0.5720000267028809, 0.5690000057220459, 0.574999988079071, 0.5839999914169312, 0.5839999914169312, 0.5899999737739563, 0.593999981880188, 0.593999981880188, 0.5960000157356262, 0.5960000157356262, 0.5960000157356262, 0.6010000109672546, 0.6010000109672546, 0.6019999980926514, 0.6019999980926514, 0.6060000061988831, 0.6150000095367432, 0.6110000014305115, 0.6140000224113464, 0.6179999709129333, 0.621999979019165, 0.628000020980835, 0.6259999871253967, 0.6320000290870667, 0.6399999856948853, 0.6399999856948853, 0.6399999856948853, 0.6430000066757202, 0.6470000147819519, 0.6489999890327454, 0.6499999761581421, 0.6650000214576721, 0.6650000214576721, 0.6610000133514404, 0.6610000133514404, 0.6669999957084656, 0.6700000166893005, 0.675000011920929, 0.6769999861717224, 0.6779999732971191, 0.6890000104904175, 0.6850000023841858, 0.6899999976158142, 0.7009999752044678, 0.7519999742507935, 0.8140000104904175, 0.8840000033378601, 1.2869999408721924, 1.909999966621399, 1.906000018119812, 1.899999976158142, 1.902999997138977, 1.902999997138977, 1.8940000534057617, 1.8839999437332153, 1.8769999742507935, 1.8739999532699585, 1.8680000305175781, 1.8669999837875366, 1.8600000143051147, 1.8569999933242798, 1.8519999980926514, 1.850000023841858, 1.840000033378601, 1.8259999752044678, 1.8259999752044678, 1.8329999446868896, 1.8300000429153442, 1.8179999589920044, 1.8109999895095825, 1.8040000200271606, 1.7990000247955322, 1.7929999828338623, 1.7910000085830688, 1.7910000085830688, 1.781999945640564, 1.774999976158142, 1.7680000066757202, 1.7580000162124634, 1.7580000162124634, 1.7580000162124634, 1.75600004196167, 1.7489999532699585, 1.7489999532699585, 1.7430000305175781, 1.7339999675750732, 1.7319999933242798, 1.7269999980926514, 1.7209999561309814, 1.7269999980926514, 1.7339999675750732, 1.7200000286102295, 1.7079999446868896, 1.7009999752044678, 1.7020000219345093, 1.6950000524520874, 1.6920000314712524, 1.687000036239624, 1.6820000410079956, 1.687000036239624, 1.687999963760376, 1.6799999475479126, 1.6790000200271606, 1.6749999523162842, 1.6679999828338623, 1.659999966621399, 1.6579999923706055, 1.6579999923706055, 1.656000018119812, 1.6519999504089355, 1.652999997138977, 1.652999997138977, 1.6440000534057617, 1.6430000066757202, 1.6419999599456787, 1.6330000162124634, 1.6269999742507935, 1.625, 1.6339999437332153, 1.6339999437332153, 1.6269999742507935, 1.6239999532699585, 1.6180000305175781, 1.6160000562667847, 1.6139999628067017, 1.6139999628067017, 1.6109999418258667, 1.6080000400543213, 1.600000023841858, 1.6030000448226929, 1.6130000352859497, 1.6089999675750732, 1.593999981880188, 1.593999981880188, 1.593000054359436, 1.590000033378601, 1.5829999446868896, 1.5729999542236328, 1.5759999752044678, 1.5729999542236328, 1.5729999542236328, 1.5750000476837158, 1.5740000009536743, 1.5679999589920044, 1.562000036239624, 1.565999984741211, 1.562999963760376, 1.559999942779541, 1.5609999895095825, 1.5579999685287476, 1.555999994277954, 1.5570000410079956, 1.5499999523162842, 1.5529999732971191, 1.5540000200271606, 1.5509999990463257, 1.5449999570846558, 1.5369999408721924, 1.5369999408721924, 1.5429999828338623, 1.5240000486373901, 1.5230000019073486, 1.5199999809265137, 1.5180000066757202, 1.5180000066757202, 1.5169999599456787, 1.5130000114440918, 1.5119999647140503, 1.5160000324249268, 1.5140000581741333, 1.5099999904632568, 1.503999948501587, 1.503999948501587, 1.5019999742507935, 1.4919999837875366, 1.4950000047683716, 1.4930000305175781, 1.4830000400543213, 1.4830000400543213, 1.4780000448226929, 1.4739999771118164, 1.4739999771118164, 1.472000002861023, 1.475000023841858, 1.472000002861023, 1.4670000076293945, 1.4579999446868896, 1.4539999961853027, 1.4520000219345093, 1.4509999752044678, 1.4490000009536743, 1.4459999799728394, 1.440999984741211, 1.4390000104904175, 1.434999942779541, 1.430999994277954, 1.4259999990463257, 1.4270000457763672, 1.4220000505447388, 1.4249999523162842, 1.4220000505447388, 1.409999966621399, 1.4049999713897705, 1.4019999504089355, 1.3940000534057617, 1.3940000534057617, 1.3910000324249268, 1.3899999856948853, 1.3799999952316284, 1.3739999532699585, 1.3730000257492065, 1.371000051498413, 1.3609999418258667, 1.3580000400543213, 1.3580000400543213, 1.3530000448226929, 1.343999981880188, 1.343999981880188, 1.3450000286102295, 1.350000023841858, 1.343000054359436, 1.340000033378601, 1.3329999446868896, 1.3259999752044678, 1.3240000009536743, 1.319000005722046, 1.3179999589920044, 1.312000036239624, 1.3009999990463257, 1.2990000247955322, 1.2949999570846558, 1.2829999923706055, 1.2790000438690186, 1.2829999923706055, 1.281000018119812, 1.2790000438690186, 1.2790000438690186, 1.2690000534057617, 1.2660000324249268, 1.2610000371932983, 1.2569999694824219, 1.25, 1.2430000305175781, 1.2400000095367432, 1.2339999675750732, 1.2369999885559082, 1.2319999933242798, 1.2280000448226929, 1.2209999561309814, 1.2209999561309814, 1.222000002861023, 1.2130000591278076, 1.2009999752044678, 1.1959999799728394, 1.1970000267028809, 1.1970000267028809, 1.1890000104904175, 1.1820000410079956, 1.1720000505447388, 1.1720000505447388, 1.1670000553131104, 1.156999945640564, 1.1519999504089355, 1.1549999713897705, 1.1549999713897705, 1.1469999551773071, 1.1380000114440918, 1.1339999437332153, 1.13100004196167, 1.1299999952316284, 1.1269999742507935, 1.121000051498413, 1.1109999418258667, 1.1119999885559082, 1.1050000190734863, 1.1069999933242798, 1.1009999513626099, 1.1009999513626099, 1.0950000286102295, 1.090999960899353, 1.0800000429153442, 1.0740000009536743, 1.0700000524520874, 1.065999984741211, 1.0570000410079956, 1.0570000410079956, 1.0520000457763672, 1.0479999780654907, 1.0460000038146973, 1.0440000295639038, 1.0449999570846558, 1.031000018119812, 1.0290000438690186, 1.0210000276565552, 1.0099999904632568, 1.0049999952316284, 0.9940000176429749, 0.9909999966621399, 0.9789999723434448, 0.9789999723434448, 0.9760000109672546, 0.9739999771118164, 0.968999981880188, 0.9649999737739563, 0.9629999995231628, 0.9629999995231628, 0.9599999785423279, 0.949999988079071, 0.9409999847412109, 0.9380000233650208, 0.9409999847412109, 0.925000011920929, 0.9229999780654907, 0.9190000295639038, 0.9089999794960022, 0.9039999842643738, 0.8980000019073486, 0.890999972820282, 0.8830000162124634, 0.8859999775886536, 0.8809999823570251, 0.8759999871253967, 0.8659999966621399, 0.8610000014305115, 0.859000027179718, 0.859000027179718, 0.8560000061988831, 0.8600000143051147, 0.8529999852180481, 0.8460000157356262, 0.8399999737739563, 0.8330000042915344, 0.8259999752044678, 0.8209999799728394, 0.8130000233650208, 0.8090000152587891, 0.8119999766349792, 0.8050000071525574, 0.7910000085830688, 0.7889999747276306, 0.7879999876022339, 0.7839999794960022, 0.7770000100135803, 0.7770000100135803, 0.7670000195503235, 0.7620000243186951, 0.7609999775886536, 0.7559999823570251, 0.7490000128746033, 0.7490000128746033, 0.7480000257492065, 0.7429999709129333, 0.7379999756813049, 0.7369999885559082, 0.7319999933242798, 0.7279999852180481, 0.7120000123977661, 0.7120000123977661, 0.7120000123977661, 0.7099999785423279, 0.7080000042915344, 0.7099999785423279, 0.7110000252723694, 0.6990000009536743, 0.6840000152587891, 0.6830000281333923, 0.6790000200271606, 0.6800000071525574, 0.6800000071525574, 0.6819999814033508, 0.6800000071525574, 0.6790000200271606, 0.6690000295639038, 0.6690000295639038, 0.6620000004768372, 0.6589999794960022, 0.6589999794960022, 0.656000018119812, 0.652999997138977, 0.656000018119812, 0.6499999761581421, 0.6420000195503235, 0.6420000195503235, 0.640999972820282, 0.6380000114440918, 0.6340000033378601, 0.6320000290870667, 0.6309999823570251, 0.6309999823570251, 0.6340000033378601, 0.6320000290870667, 0.6309999823570251, 0.6230000257492065, 0.6200000047683716, 0.6140000224113464, 0.609000027179718, 0.6129999756813049, 0.6129999756813049, 0.6119999885559082, 0.6119999885559082, 0.6039999723434448, 0.5989999771118164, 0.5960000157356262, 0.5960000157356262, 0.5960000157356262, 0.5950000286102295, 0.5920000076293945, 0.5879999995231628, 0.5870000123977661, 0.5870000123977661, 0.5839999914169312, 0.5770000219345093, 0.5809999704360962, 0.5789999961853027, 0.5659999847412109, 0.5709999799728394, 0.578000009059906, 0.574999988079071, 0.5730000138282776, 0.5649999976158142, 0.5550000071525574, 0.5550000071525574, 0.5519999861717224, 0.5559999942779541, 0.5559999942779541, 0.5529999732971191, 0.5519999861717224, 0.5519999861717224, 0.5519999861717224, 0.5529999732971191, 0.5640000104904175, 0.5640000104904175, 0.550000011920929, 0.550000011920929, 0.5490000247955322, 0.5569999814033508, 0.5550000071525574, 0.5450000166893005, 0.5410000085830688, 0.5389999747276306, 0.5350000262260437, 0.5350000262260437, 0.5360000133514404, 0.5370000004768372, 0.5370000004768372, 0.5299999713897705, 0.5339999794960022, 0.5339999794960022, 0.5389999747276306, 0.5350000262260437, 0.5370000004768372, 0.531000018119812, 0.5289999842643738, 0.527999997138977, 0.5239999890327454, 0.5210000276565552, 0.5220000147819519, 0.5239999890327454, 0.5199999809265137, 0.5220000147819519, 0.5199999809265137, 0.5180000066757202, 0.5199999809265137, 0.5109999775886536, 0.5120000243186951, 0.5130000114440918, 0.515999972820282, 0.527999997138977, 0.5220000147819519, 0.5139999985694885, 0.5120000243186951, 0.5120000243186951, 0.5080000162124634, 0.515999972820282, 0.5090000033378601, 0.5090000033378601, 0.5040000081062317, 0.5040000081062317, 0.5040000081062317, 0.5009999871253967, 0.5009999871253967, 0.49900001287460327, 0.5009999871253967, 0.49799999594688416, 0.49399998784065247, 0.49799999594688416, 0.5019999742507935, 0.5019999742507935, 0.49799999594688416, 0.49799999594688416, 0.4909999966621399, 0.4970000088214874, 0.49900001287460327, 0.5, 0.4970000088214874, 0.4970000088214874, 0.4970000088214874, 0.49399998784065247, 0.4970000088214874, 0.4970000088214874, 0.49300000071525574, 0.4880000054836273, 0.48500001430511475, 0.48899999260902405, 0.49000000953674316, 0.49000000953674316, 0.492000013589859, 0.49799999594688416, 0.49799999594688416, 0.492000013589859, 0.4880000054836273, 0.49000000953674316, 0.49000000953674316, 0.48899999260902405, 0.49000000953674316, 0.4909999966621399, 0.48899999260902405, 0.4909999966621399, 0.48899999260902405, 0.48899999260902405, 0.48899999260902405, 0.4869999885559082, 0.4819999933242798, 0.4869999885559082, 0.4880000054836273, 0.4909999966621399, 0.49799999594688416, 0.492000013589859, 0.49000000953674316, 0.4869999885559082, 0.4869999885559082, 0.48399999737739563, 0.48500001430511475, 0.48100000619888306, 0.4819999933242798, 0.4860000014305115, 0.49000000953674316, 0.47999998927116394, 0.4830000102519989, 0.4860000014305115, 0.4880000054836273, 0.48100000619888306, 0.47999998927116394, 0.47999998927116394, 0.48100000619888306, 0.4869999885559082, 0.47999998927116394, 0.47600001096725464, 0.47699999809265137, 0.4779999852180481, 0.47999998927116394, 0.4749999940395355, 0.47699999809265137, 0.47999998927116394, 0.4830000102519989, 0.48100000619888306, 0.47999998927116394, 0.4729999899864197, 0.4740000069141388, 0.47699999809265137, 0.48100000619888306, 0.48100000619888306, 0.4790000021457672, 0.47999998927116394, 0.47999998927116394, 0.4830000102519989, 0.4830000102519989, 0.4819999933242798, 0.48100000619888306, 0.4819999933242798, 0.4790000021457672, 0.4790000021457672, 0.4749999940395355, 0.4729999899864197, 0.4729999899864197, 0.47200000286102295, 0.4740000069141388, 0.4749999940395355, 0.47699999809265137, 0.47699999809265137, 0.47999998927116394, 0.48100000619888306, 0.48399999737739563, 0.48399999737739563, 0.48399999737739563, 0.47999998927116394, 0.47699999809265137, 0.4740000069141388, 0.4740000069141388, 0.47699999809265137, 0.4819999933242798, 0.48399999737739563, 0.48399999737739563, 0.48100000619888306, 0.4819999933242798, 0.47699999809265137, 0.47699999809265137, 0.4790000021457672, 0.4790000021457672, 0.47999998927116394, 0.4830000102519989, 0.48100000619888306, 0.4819999933242798, 0.4860000014305115, 0.49000000953674316, 0.49000000953674316, 0.48500001430511475, 0.4880000054836273, 0.48399999737739563, 0.4790000021457672, 0.4830000102519989, 0.48100000619888306, 0.47999998927116394, 0.4860000014305115, 0.49000000953674316, 0.492000013589859, 0.49000000953674316, 0.49000000953674316, 0.49000000953674316, 0.49399998784065247, 0.4950000047683716, 0.4959999918937683, 0.5, 0.5019999742507935, 0.49799999594688416, 0.4970000088214874, 0.4909999966621399, 0.4970000088214874, 0.5019999742507935, 0.5019999742507935, 0.5019999742507935, 0.5, 0.49900001287460327, 0.49900001287460327, 0.503000020980835, 0.5120000243186951, 0.5120000243186951, 0.5149999856948853, 0.5170000195503235, 0.515999972820282, 0.5120000243186951, 0.5149999856948853, 0.5220000147819519, 0.5220000147819519, 0.5210000276565552, 0.5199999809265137, 0.5189999938011169, 0.5139999985694885, 0.5189999938011169, 0.5260000228881836, 0.5289999842643738, 0.5289999842643738, 0.5339999794960022, 0.5320000052452087, 0.5289999842643738, 0.5270000100135803, 0.527999997138977, 0.5299999713897705, 0.527999997138977, 0.5270000100135803, 0.5210000276565552, 0.5260000228881836, 0.5289999842643738, 0.5289999842643738, 0.5289999842643738, 0.5320000052452087, 0.5350000262260437, 0.527999997138977, 0.5260000228881836, 0.5339999794960022, 0.5379999876022339, 0.5339999794960022, 0.5360000133514404, 0.5299999713897705, 0.5299999713897705, 0.5379999876022339, 0.5370000004768372, 0.5370000004768372, 0.5419999957084656, 0.5419999957084656, 0.5389999747276306, 0.5389999747276306, 0.5479999780654907, 0.5479999780654907, 0.5540000200271606, 0.5529999732971191, 0.5509999990463257, 0.5519999861717224, 0.5490000247955322, 0.5509999990463257, 0.5600000023841858, 0.5600000023841858, 0.5600000023841858, 0.5630000233650208, 0.5580000281333923, 0.5640000104904175, 0.5659999847412109, 0.5659999847412109, 0.5619999766349792, 0.5569999814033508, 0.5569999814033508, 0.5569999814033508, 0.5669999718666077, 0.5669999718666077, 0.5690000057220459, 0.5649999976158142, 0.5709999799728394, 0.5720000267028809, 0.5730000138282776, 0.578000009059906, 0.5839999914169312, 0.5910000205039978, 0.5910000205039978, 0.5910000205039978, 0.5979999899864197, 0.6000000238418579, 0.6019999980926514, 0.6039999723434448, 0.6060000061988831, 0.6069999933242798, 0.6100000143051147, 0.6100000143051147, 0.6140000224113464, 0.6140000224113464, 0.6140000224113464, 0.6140000224113464, 0.621999979019165]
intensities: [983.0, 1062.0, 1062.0, 1110.0, 1130.0, 1132.0, 1156.0, 1156.0, 1183.0, 1215.0, 1276.0, 1280.0, 1280.0, 1248.0, 1172.0, 1131.0, 1014.0, 1010.0, 928.0, 893.0, 1027.0, 1063.0, 1113.0, 1115.0, 1113.0, 1107.0, 1003.0, 1003.0, 1003.0, 1048.0, 1136.0, 1112.0, 1209.0, 1283.0, 1318.0, 1387.0, 1417.0, 1435.0, 1460.0, 1488.0, 1488.0, 1505.0, 1505.0, 1511.0, 1534.0, 1524.0, 1565.0, 1538.0, 1553.0, 1553.0, 1580.0, 1562.0, 1551.0, 1556.0, 1556.0, 1554.0, 1555.0, 1572.0, 1578.0, 1577.0, 1572.0, 1561.0, 1562.0, 1562.0, 1567.0, 1562.0, 1556.0, 1542.0, 1547.0, 1551.0, 1545.0, 1548.0, 1562.0, 1562.0, 1575.0, 1575.0, 1547.0, 1552.0, 1550.0, 1564.0, 1569.0, 1558.0, 1556.0, 1542.0, 1537.0, 1554.0, 1553.0, 1543.0, 1560.0, 1549.0, 1549.0, 1549.0, 1535.0, 1535.0, 1525.0, 1527.0, 1525.0, 1525.0, 1527.0, 1513.0, 1528.0, 1510.0, 1527.0, 1523.0, 1521.0, 1509.0, 1502.0, 1496.0, 1493.0, 1500.0, 1486.0, 1502.0, 1502.0, 1506.0, 1492.0, 1488.0, 1488.0, 1479.0, 1472.0, 1486.0, 1487.0, 1490.0, 1489.0, 1489.0, 1489.0, 1464.0, 1466.0, 1462.0, 1472.0, 1477.0, 1467.0, 1458.0, 1449.0, 1450.0, 1441.0, 1450.0, 1449.0, 1476.0, 1455.0, 1435.0, 1454.0, 1446.0, 1446.0, 1432.0, 1435.0, 1427.0, 1423.0, 1433.0, 1427.0, 1427.0, 1407.0, 1396.0, 1399.0, 1392.0, 1387.0, 1392.0, 1395.0, 1372.0, 1401.0, 1384.0, 1400.0, 1386.0, 1353.0, 1365.0, 1380.0, 1398.0, 1398.0, 1368.0, 1374.0, 1380.0, 1369.0, 1364.0, 1354.0, 1333.0, 1344.0, 1340.0, 1339.0, 1325.0, 1316.0, 1313.0, 1310.0, 1315.0, 1294.0, 1292.0, 1302.0, 1293.0, 1293.0, 1284.0, 1288.0, 1293.0, 1295.0, 1291.0, 1273.0, 1291.0, 1294.0, 1279.0, 1257.0, 1257.0, 1257.0, 1266.0, 1266.0, 1258.0, 1257.0, 1261.0, 1254.0, 1249.0, 1247.0, 1247.0, 1243.0, 1243.0, 1247.0, 1239.0, 1237.0, 1238.0, 1238.0, 1237.0, 1225.0, 1232.0, 1237.0, 1233.0, 1235.0, 1234.0, 1224.0, 1228.0, 1223.0, 1203.0, 1208.0, 1213.0, 1198.0, 1195.0, 1212.0, 1189.0, 1199.0, 1196.0, 1202.0, 1193.0, 1195.0, 1197.0, 1197.0, 1188.0, 1180.0, 1195.0, 1179.0, 1189.0, 1193.0, 1188.0, 1181.0, 1182.0, 1186.0, 1175.0, 1172.0, 1169.0, 1141.0, 1141.0, 1141.0, 1147.0, 1144.0, 1140.0, 1145.0, 1145.0, 1142.0, 1142.0, 1151.0, 1157.0, 1167.0, 1163.0, 1137.0, 1157.0, 1158.0, 1167.0, 1180.0, 1182.0, 1182.0, 1166.0, 1163.0, 1163.0, 1166.0, 1182.0, 1182.0, 1205.0, 1205.0, 1204.0, 1208.0, 1203.0, 1213.0, 1211.0, 1221.0, 1210.0, 1215.0, 1210.0, 1213.0, 1216.0, 1218.0, 1221.0, 1217.0, 1217.0, 1220.0, 1217.0, 1221.0, 1227.0, 1226.0, 1235.0, 1244.0, 1239.0, 1231.0, 1232.0, 1240.0, 1241.0, 1263.0, 1248.0, 1253.0, 1255.0, 1270.0, 1262.0, 1274.0, 1285.0, 1297.0, 1259.0, 1262.0, 1275.0, 1270.0, 1275.0, 1282.0, 1282.0, 1284.0, 1285.0, 1286.0, 1312.0, 1278.0, 1289.0, 1304.0, 1318.0, 1301.0, 1314.0, 1317.0, 1308.0, 1308.0, 1311.0, 1317.0, 1328.0, 1320.0, 1317.0, 1338.0, 1338.0, 1324.0, 1326.0, 1332.0, 1343.0, 1343.0, 1340.0, 1334.0, 1347.0, 1347.0, 1351.0, 1346.0, 1337.0, 1339.0, 1352.0, 1352.0, 1354.0, 1356.0, 1347.0, 1351.0, 1343.0, 1348.0, 1347.0, 1346.0, 1360.0, 1360.0, 1344.0, 1359.0, 1346.0, 1383.0, 1368.0, 1359.0, 1372.0, 1349.0, 1343.0, 1344.0, 1342.0, 1342.0, 1342.0, 1341.0, 1348.0, 1352.0, 1442.0, 1442.0, 1516.0, 1516.0, 1455.0, 1325.0, 1347.0, 1328.0, 1319.0, 1307.0, 1234.0, 1133.0, 1128.0, 1380.0, 1511.0, 1556.0, 1329.0, 1054.0, 1065.0, 1060.0, 1089.0, 1089.0, 1050.0, 1043.0, 1057.0, 1060.0, 1048.0, 1053.0, 1046.0, 1051.0, 1047.0, 1067.0, 1061.0, 1037.0, 1037.0, 1064.0, 1070.0, 1077.0, 1069.0, 1078.0, 1069.0, 1071.0, 1093.0, 1093.0, 1091.0, 1097.0, 1107.0, 1094.0, 1112.0, 1112.0, 1111.0, 1107.0, 1117.0, 1107.0, 1100.0, 1120.0, 1114.0, 1096.0, 1100.0, 1105.0, 1117.0, 1136.0, 1109.0, 1120.0, 1093.0, 1113.0, 1121.0, 1098.0, 1119.0, 1121.0, 1096.0, 1109.0, 1096.0, 1122.0, 1115.0, 1115.0, 1122.0, 1138.0, 1123.0, 1139.0, 1139.0, 1105.0, 1123.0, 1146.0, 1145.0, 1132.0, 1123.0, 1156.0, 1156.0, 1141.0, 1140.0, 1142.0, 1137.0, 1154.0, 1154.0, 1138.0, 1128.0, 1133.0, 1143.0, 1173.0, 1154.0, 1132.0, 1132.0, 1161.0, 1146.0, 1153.0, 1125.0, 1137.0, 1145.0, 1122.0, 1128.0, 1130.0, 1128.0, 1115.0, 1145.0, 1159.0, 1145.0, 1130.0, 1122.0, 1114.0, 1144.0, 1129.0, 1143.0, 1134.0, 1131.0, 1156.0, 1137.0, 1137.0, 1130.0, 1138.0, 1134.0, 1137.0, 1130.0, 1130.0, 1121.0, 1117.0, 1131.0, 1140.0, 1131.0, 1126.0, 1123.0, 1135.0, 1127.0, 1118.0, 1118.0, 1118.0, 1114.0, 1118.0, 1116.0, 1128.0, 1128.0, 1120.0, 1136.0, 1124.0, 1117.0, 1110.0, 1113.0, 1128.0, 1122.0, 1138.0, 1137.0, 1124.0, 1144.0, 1134.0, 1136.0, 1140.0, 1135.0, 1131.0, 1135.0, 1138.0, 1138.0, 1138.0, 1137.0, 1141.0, 1141.0, 1144.0, 1141.0, 1148.0, 1146.0, 1144.0, 1156.0, 1125.0, 1138.0, 1136.0, 1129.0, 1126.0, 1124.0, 1123.0, 1133.0, 1146.0, 1145.0, 1132.0, 1129.0, 1131.0, 1135.0, 1138.0, 1142.0, 1153.0, 1146.0, 1152.0, 1134.0, 1149.0, 1158.0, 1148.0, 1157.0, 1162.0, 1161.0, 1159.0, 1162.0, 1159.0, 1149.0, 1151.0, 1164.0, 1151.0, 1172.0, 1173.0, 1178.0, 1176.0, 1192.0, 1198.0, 1191.0, 1189.0, 1181.0, 1197.0, 1192.0, 1195.0, 1219.0, 1224.0, 1224.0, 1213.0, 1206.0, 1194.0, 1229.0, 1243.0, 1225.0, 1218.0, 1217.0, 1224.0, 1222.0, 1225.0, 1229.0, 1238.0, 1247.0, 1226.0, 1253.0, 1243.0, 1263.0, 1261.0, 1260.0, 1259.0, 1250.0, 1241.0, 1247.0, 1242.0, 1255.0, 1253.0, 1248.0, 1245.0, 1238.0, 1267.0, 1276.0, 1286.0, 1270.0, 1267.0, 1274.0, 1276.0, 1279.0, 1285.0, 1285.0, 1275.0, 1277.0, 1294.0, 1309.0, 1297.0, 1304.0, 1293.0, 1281.0, 1284.0, 1280.0, 1317.0, 1303.0, 1294.0, 1293.0, 1289.0, 1297.0, 1304.0, 1307.0, 1314.0, 1305.0, 1316.0, 1305.0, 1309.0, 1306.0, 1307.0, 1318.0, 1314.0, 1339.0, 1335.0, 1354.0, 1357.0, 1381.0, 1394.0, 1362.0, 1340.0, 1349.0, 1360.0, 1351.0, 1369.0, 1372.0, 1382.0, 1377.0, 1377.0, 1370.0, 1369.0, 1358.0, 1378.0, 1392.0, 1392.0, 1392.0, 1409.0, 1416.0, 1422.0, 1436.0, 1419.0, 1439.0, 1472.0, 1472.0, 1490.0, 1514.0, 1528.0, 1513.0, 1494.0, 1496.0, 1504.0, 1516.0, 1524.0, 1541.0, 1536.0, 1533.0, 1524.0, 1500.0, 1502.0, 1518.0, 1541.0, 1543.0, 1531.0, 1539.0, 1550.0, 1567.0, 1538.0, 1494.0, 1494.0, 1506.0, 1514.0, 1515.0, 1516.0, 1538.0, 1538.0, 1526.0, 1528.0, 1537.0, 1552.0, 1547.0, 1540.0, 1536.0, 1542.0, 1547.0, 1540.0, 1564.0, 1545.0, 1563.0, 1575.0, 1567.0, 1566.0, 1565.0, 1609.0, 1536.0, 1526.0, 1526.0, 1536.0, 1537.0, 1535.0, 1556.0, 1543.0, 1555.0, 1565.0, 1567.0, 1569.0, 1557.0, 1554.0, 1554.0, 1528.0, 1534.0, 1534.0, 1554.0, 1552.0, 1532.0, 1523.0, 1531.0, 1549.0, 1536.0, 1547.0, 1534.0, 1559.0, 1534.0, 1548.0, 1547.0, 1546.0, 1547.0, 1547.0, 1543.0, 1544.0, 1545.0, 1545.0, 1551.0, 1538.0, 1540.0, 1545.0, 1533.0, 1525.0, 1519.0, 1534.0, 1528.0, 1543.0, 1539.0, 1545.0, 1527.0, 1526.0, 1526.0, 1524.0, 1523.0, 1522.0, 1528.0, 1532.0, 1525.0, 1541.0, 1519.0, 1530.0, 1503.0, 1514.0, 1514.0, 1515.0, 1522.0, 1526.0, 1514.0, 1506.0, 1502.0, 1502.0, 1528.0, 1527.0, 1493.0, 1501.0, 1509.0, 1489.0, 1494.0, 1482.0, 1482.0, 1486.0, 1488.0, 1492.0, 1470.0, 1472.0, 1479.0, 1473.0, 1473.0, 1473.0, 1470.0, 1472.0, 1472.0, 1473.0, 1459.0, 1459.0, 1476.0, 1462.0, 1461.0, 1440.0, 1440.0, 1437.0, 1449.0, 1439.0, 1429.0, 1427.0, 1401.0, 1413.0, 1407.0, 1409.0, 1403.0, 1406.0, 1394.0, 1401.0, 1389.0, 1379.0, 1376.0, 1380.0, 1387.0, 1392.0, 1376.0, 1366.0, 1371.0, 1374.0, 1335.0, 1354.0, 1359.0, 1367.0, 1380.0, 1377.0, 1358.0, 1366.0, 1367.0, 1360.0, 1360.0, 1367.0, 1367.0, 1352.0, 1336.0, 1336.0, 1347.0, 1322.0, 1310.0, 1325.0, 1321.0, 1341.0, 1350.0, 1359.0, 1345.0, 1349.0, 1322.0, 1347.0, 1342.0, 1340.0, 1327.0, 1302.0, 1310.0, 1310.0, 1300.0, 1300.0, 1290.0, 1283.0, 1293.0, 1291.0, 1290.0, 1277.0, 1271.0, 1271.0, 1295.0, 1272.0, 1275.0, 1272.0, 1272.0, 1267.0, 1271.0, 1283.0, 1270.0, 1270.0, 1253.0, 1257.0, 1253.0, 1253.0, 1260.0, 1266.0, 1265.0, 1246.0, 1254.0, 1264.0, 1243.0, 1243.0, 1262.0, 1241.0, 1234.0, 1242.0, 1227.0, 1259.0, 1259.0, 1227.0, 1227.0, 1242.0, 1237.0, 1249.0, 1247.0, 1257.0, 1241.0, 1236.0, 1255.0, 1242.0, 1265.0, 1248.0, 1258.0, 1260.0, 1258.0, 1266.0, 1258.0, 1259.0, 1259.0, 1258.0, 1270.0, 1262.0, 1270.0, 1280.0, 1280.0, 1286.0, 1291.0, 1299.0, 1299.0, 1308.0, 1314.0, 1314.0, 1310.0, 1307.0, 1315.0, 1322.0, 1309.0, 1323.0, 1323.0, 1301.0, 1304.0, 1312.0, 1328.0, 1320.0, 1317.0, 1323.0, 1323.0, 1346.0, 1352.0, 1332.0, 1341.0, 1346.0, 1359.0, 1340.0, 1341.0, 1356.0, 1341.0, 1348.0, 1347.0, 1345.0, 1354.0, 1363.0, 1363.0, 1361.0, 1361.0, 1364.0, 1338.0, 1369.0, 1370.0, 1378.0, 1389.0, 1387.0, 1380.0, 1384.0, 1384.0, 1382.0, 1382.0, 1415.0, 1417.0, 1375.0, 1390.0, 1407.0, 1413.0, 1398.0, 1408.0, 1430.0, 1396.0, 1375.0, 1382.0, 1391.0, 1437.0, 1419.0, 1417.0, 1404.0, 1411.0, 1411.0, 1421.0, 1437.0, 1437.0, 1440.0, 1427.0, 1432.0, 1436.0, 1441.0, 1423.0, 1421.0, 1406.0, 1406.0, 1414.0, 1400.0, 1396.0, 1393.0, 1392.0, 1399.0, 1382.0, 1394.0, 1399.0, 1422.0, 1422.0, 1429.0, 1428.0, 1422.0]