header: 
  seq: 1901
  stamp: 
    secs: 1548820804
    nsecs: 707375576
  frame_id: "base_link"
angle_min: -2.35619449615
angle_max: 2.35619449615
angle_increment: 0.00436332309619
time_increment: 1.73611151695e-05
scan_time: 0.0250000003725
range_min: 0.019999999553
range_max: 30.0
ranges: [0.29600000381469727, 0.29100000858306885, 0.2800000011920929, 0.2930000126361847, 0.2930000126361847, 0.29600000381469727, 0.296999990940094, 0.3009999990463257, 0.29100000858306885, 0.28999999165534973, 0.29100000858306885, 0.289000004529953, 0.28600001335144043, 0.2809999883174896, 0.2809999883174896, 0.27900001406669617, 0.2720000147819519, 0.2669999897480011, 0.2370000034570694, 0.23000000417232513, 0.2540000081062317, 0.2669999897480011, 0.26499998569488525, 0.27300000190734863, 0.27399998903274536, 0.2750000059604645, 0.2709999978542328, 0.2669999897480011, 0.2549999952316284, 0.26899999380111694, 0.2849999964237213, 0.28700000047683716, 0.28600001335144043, 0.28299999237060547, 0.2800000011920929, 0.2840000092983246, 0.2840000092983246, 0.2770000100135803, 0.2669999897480011, 0.2680000066757202, 0.2800000011920929, 0.2809999883174896, 0.28200000524520874, 0.2809999883174896, 0.2809999883174896, 0.28299999237060547, 0.28299999237060547, 0.2770000100135803, 0.2720000147819519, 0.26899999380111694, 0.2669999897480011, 0.26600000262260437, 0.27300000190734863, 0.2630000114440918, 0.2759999930858612, 0.2680000066757202, 0.27300000190734863, 0.27399998903274536, 0.2720000147819519, 0.2720000147819519, 0.2759999930858612, 0.26899999380111694, 0.2680000066757202, 0.2669999897480011, 0.26600000262260437, 0.27000001072883606, 0.27000001072883606, 0.27399998903274536, 0.27399998903274536, 0.27399998903274536, 0.27000001072883606, 0.2720000147819519, 0.2669999897480011, 0.2669999897480011, 0.2709999978542328, 0.27799999713897705, 0.27300000190734863, 0.26499998569488525, 0.2669999897480011, 0.2669999897480011, 0.2720000147819519, 0.2630000114440918, 0.2630000114440918, 0.2639999985694885, 0.2720000147819519, 0.2680000066757202, 0.2630000114440918, 0.26600000262260437, 0.2669999897480011, 0.27300000190734863, 0.2759999930858612, 0.2709999978542328, 0.26499998569488525, 0.2639999985694885, 0.26499998569488525, 0.27000001072883606, 0.24799999594688416, 0.2529999911785126, 0.2639999985694885, 0.2669999897480011, 0.26600000262260437, 0.26100000739097595, 0.26100000739097595, 0.2549999952316284, 0.25600001215934753, 0.2549999952316284, 0.25699999928474426, 0.26100000739097595, 0.26100000739097595, 0.2630000114440918, 0.2619999945163727, 0.26100000739097595, 0.26499998569488525, 0.2669999897480011, 0.2639999985694885, 0.26600000262260437, 0.26499998569488525, 0.2639999985694885, 0.26100000739097595, 0.25999999046325684, 0.25999999046325684, 0.2590000033378601, 0.25200000405311584, 0.25200000405311584, 0.25200000405311584, 0.25099998712539673, 0.25200000405311584, 0.25600001215934753, 0.2549999952316284, 0.2619999945163727, 0.2630000114440918, 0.2619999945163727, 0.25999999046325684, 0.25600001215934753, 0.25200000405311584, 0.24899999797344208, 0.25600001215934753, 0.2669999897480011, 0.26600000262260437, 0.26600000262260437, 0.26100000739097595, 0.2549999952316284, 0.2549999952316284, 0.2529999911785126, 0.25099998712539673, 0.25200000405311584, 0.2529999911785126, 0.2529999911785126, 0.2590000033378601, 0.26100000739097595, 0.26100000739097595, 0.25999999046325684, 0.25999999046325684, 0.2590000033378601, 0.2590000033378601, 0.25699999928474426, 0.25999999046325684, 0.26100000739097595, 0.2619999945163727, 0.26499998569488525, 0.2630000114440918, 0.26100000739097595, 0.25999999046325684, 0.2529999911785126, 0.2529999911785126, 0.25600001215934753, 0.26100000739097595, 0.25999999046325684, 0.2590000033378601, 0.25999999046325684, 0.26100000739097595, 0.26100000739097595, 0.25999999046325684, 0.25600001215934753, 0.25200000405311584, 0.2529999911785126, 0.25699999928474426, 0.25699999928474426, 0.2529999911785126, 0.25699999928474426, 0.25999999046325684, 0.2619999945163727, 0.25999999046325684, 0.2590000033378601, 0.2590000033378601, 0.2549999952316284, 0.25099998712539673, 0.25600001215934753, 0.25600001215934753, 0.257999986410141, 0.2549999952316284, 0.2630000114440918, 0.2639999985694885, 0.2630000114440918, 0.2630000114440918, 0.2540000081062317, 0.2529999911785126, 0.257999986410141, 0.26100000739097595, 0.25999999046325684, 0.2549999952316284, 0.257999986410141, 0.2590000033378601, 0.2590000033378601, 0.2639999985694885, 0.26899999380111694, 0.26899999380111694, 0.27000001072883606, 0.2720000147819519, 0.2669999897480011, 0.26600000262260437, 0.27000001072883606, 0.2669999897480011, 0.26899999380111694, 0.26899999380111694, 0.26899999380111694, 0.2770000100135803, 0.2750000059604645, 0.27399998903274536, 0.27000001072883606, 0.27000001072883606, 0.26899999380111694, 0.2680000066757202, 0.2709999978542328, 0.2720000147819519, 0.2709999978542328, 0.27399998903274536, 0.2750000059604645, 0.27900001406669617, 0.27799999713897705, 0.27799999713897705, 0.28200000524520874, 0.2849999964237213, 0.2849999964237213, 0.28700000047683716, 0.2879999876022339, 0.28600001335144043, 0.28200000524520874, 0.28600001335144043, 0.289000004529953, 0.2849999964237213, 0.28700000047683716, 0.29100000858306885, 0.29600000381469727, 0.29499998688697815, 0.289000004529953, 0.28600001335144043, 0.2849999964237213, 0.289000004529953, 0.28700000047683716, 0.29100000858306885, 0.289000004529953, 0.29899999499320984, 0.29100000858306885, 0.296999990940094, 0.29899999499320984, 0.3019999861717224, 0.31200000643730164, 0.31200000643730164, 0.30799999833106995, 0.30799999833106995, 0.3059999942779541, 0.30300000309944153, 0.30399999022483826, 0.3149999976158142, 0.3230000138282776, 0.3199999928474426, 0.3240000009536743, 0.3230000138282776, 0.32100000977516174, 0.31299999356269836, 0.3199999928474426, 0.3160000145435333, 0.31700000166893005, 0.31700000166893005, 0.3190000057220459, 0.3240000009536743, 0.32600000500679016, 0.32199999690055847, 0.3230000138282776, 0.3230000138282776, 0.3230000138282776, 0.32600000500679016, 0.32600000500679016, 0.34200000762939453, 0.3409999907016754, 0.33500000834465027, 0.33399999141693115, 0.3330000042915344, 0.33399999141693115, 0.33399999141693115, 0.3479999899864197, 0.3490000069141388, 0.33899998664855957, 0.34200000762939453, 0.34599998593330383, 0.3409999907016754, 0.3440000116825104, 0.3440000116825104, 0.3479999899864197, 0.3540000021457672, 0.3479999899864197, 0.35100001096725464, 0.3490000069141388, 0.36000001430511475, 0.3630000054836273, 0.36000001430511475, 0.3610000014305115, 0.35899999737739563, 0.3610000014305115, 0.3659999966621399, 0.37400001287460327, 0.37700000405311584, 0.37400001287460327, 0.36399999260902405, 0.36500000953674316, 0.367000013589859, 0.38100001215934753, 0.38100001215934753, 0.38600000739097595, 0.3880000114440918, 0.38499999046325684, 0.3779999911785126, 0.382999986410141, 0.3880000114440918, 0.3959999978542328, 0.39399999380111694, 0.39399999380111694, 0.4020000100135803, 0.4009999930858612, 0.4020000100135803, 0.4009999930858612, 0.4050000011920929, 0.4300000071525574, 0.4269999861717224, 0.42500001192092896, 0.421999990940094, 0.4269999861717224, 0.42899999022483826, 0.42500001192092896, 0.4269999861717224, 0.4259999990463257, 0.4359999895095825, 0.4359999895095825, 0.4410000145435333, 0.4480000138282776, 0.45100000500679016, 0.453000009059906, 0.45500001311302185, 0.46000000834465027, 0.46799999475479126, 0.4699999988079071, 0.47200000286102295, 0.47699999809265137, 0.4729999899864197, 0.49300000071525574, 0.4909999966621399, 0.49000000953674316, 0.4880000054836273, 0.4880000054836273, 0.4869999885559082, 0.49900001287460327, 0.5019999742507935, 0.5070000290870667, 0.5139999985694885, 0.5180000066757202, 0.5210000276565552, 0.5210000276565552, 0.5180000066757202, 0.527999997138977, 0.5370000004768372, 0.5440000295639038, 0.5519999861717224, 0.5519999861717224, 0.5559999942779541, 0.5659999847412109, 0.5659999847412109, 0.5720000267028809, 0.5809999704360962, 0.5870000123977661, 0.6069999933242798, 0.6060000061988831, 0.6060000061988831, 0.6079999804496765, 0.6079999804496765, 0.6179999709129333, 0.628000020980835, 0.6330000162124634, 0.6349999904632568, 0.6480000019073486, 0.6549999713897705, 0.6600000262260437, 0.6600000262260437, 0.671999990940094, 0.6859999895095825, 0.699999988079071, 0.7059999704360962, 0.7059999704360962, 0.7149999737739563, 0.7289999723434448, 0.7369999885559082, 0.7400000095367432, 0.7519999742507935, 0.765999972820282, 0.765999972820282, 0.7879999876022339, 0.7900000214576721, 0.8130000233650208, 0.8259999752044678, 0.8259999752044678, 0.8330000042915344, 0.8510000109672546, 0.8650000095367432, 0.871999979019165, 0.9010000228881836, 0.9129999876022339, 0.9129999876022339, 0.9340000152587891, 0.9409999847412109, 0.9440000057220459, 0.9760000109672546, 1.0080000162124634, 1.0219999551773071, 1.0260000228881836, 1.0410000085830688, 1.0789999961853027, 1.0820000171661377, 1.1200000047683716, 1.149999976158142, 1.2109999656677246, 1.3630000352859497, 1.7000000476837158, 2.1579999923706055, 2.1600000858306885, 2.1619999408721924, 2.1689999103546143, 2.1689999103546143, 2.1679999828338623, 2.1630001068115234, 2.1630001068115234, 2.1589999198913574, 2.1610000133514404, 2.1559998989105225, 2.1540000438690186, 2.1540000438690186, 2.1600000858306885, 2.1579999923706055, 2.1530001163482666, 2.1549999713897705, 2.1449999809265137, 2.1559998989105225, 2.1540000438690186, 2.1500000953674316, 2.1489999294281006, 2.1489999294281006, 2.1480000019073486, 2.140000104904175, 2.1470000743865967, 2.1429998874664307, 2.1410000324249268, 2.140000104904175, 2.1410000324249268, 2.1419999599456787, 2.135999917984009, 2.134000062942505, 2.135999917984009, 2.130000114440918, 2.122999906539917, 2.122999906539917, 2.13100004196167, 2.121000051498413, 2.121000051498413, 2.121000051498413, 2.117000102996826, 2.114000082015991, 2.115999937057495, 2.114000082015991, 2.111999988555908, 2.1080000400543213, 2.0999999046325684, 2.0999999046325684, 2.1050000190734863, 2.1010000705718994, 2.1029999256134033, 2.1019999980926514, 2.1059999465942383, 2.1059999465942383, 2.0929999351501465, 2.0889999866485596, 2.0810000896453857, 2.0799999237060547, 2.0739998817443848, 2.068000078201294, 2.063999891281128, 2.058000087738037, 2.055999994277954, 2.055000066757202, 2.055000066757202, 2.0490000247955322, 2.0450000762939453, 2.0369999408721924, 2.0329999923706055, 2.0299999713897705, 2.0299999713897705, 2.0280001163482666, 2.0190000534057617, 2.01200008392334, 2.002000093460083, 1.9980000257492065, 2.0, 1.9980000257492065, 1.9910000562667847, 1.9889999628067017, 1.9850000143051147, 1.9769999980926514, 1.9769999980926514, 1.975000023841858, 1.9620000123977661, 1.9600000381469727, 1.9559999704360962, 1.9470000267028809, 1.9420000314712524, 1.934000015258789, 1.9279999732971191, 1.934999942779541, 1.9320000410079956, 1.9279999732971191, 1.9240000247955322, 1.9049999713897705, 1.8949999809265137, 1.8830000162124634, 1.88100004196167, 1.8819999694824219, 1.88100004196167, 1.8730000257492065, 1.8650000095367432, 1.8639999628067017, 1.8539999723434448, 1.8450000286102295, 1.8389999866485596, 1.8300000429153442, 1.8220000267028809, 1.815000057220459, 1.812999963760376, 1.8140000104904175, 1.7979999780654907, 1.7890000343322754, 1.7829999923706055, 1.7769999504089355, 1.7630000114440918, 1.753999948501587, 1.7519999742507935, 1.7419999837875366, 1.7369999885559082, 1.7289999723434448, 1.715999960899353, 1.7050000429153442, 1.7000000476837158, 1.6959999799728394, 1.6929999589920044, 1.6829999685287476, 1.6779999732971191, 1.6720000505447388, 1.6679999828338623, 1.6629999876022339, 1.6490000486373901, 1.6349999904632568, 1.61899995803833, 1.6080000400543213, 1.600000023841858, 1.593999981880188, 1.5759999752044678, 1.5729999542236328, 1.559999942779541, 1.5529999732971191, 1.5479999780654907, 1.5410000085830688, 1.527999997138977, 1.5199999809265137, 1.5160000324249268, 1.50600004196167, 1.4910000562667847, 1.4730000495910645, 1.4609999656677246, 1.4600000381469727, 1.444000005722046, 1.4299999475479126, 1.4220000505447388, 1.4129999876022339, 1.3990000486373901, 1.3799999952316284, 1.3739999532699585, 1.3650000095367432, 1.343999981880188, 1.3420000076293945, 1.3339999914169312, 1.315999984741211, 1.3109999895095825, 1.2960000038146973, 1.2769999504089355, 1.2649999856948853, 1.2599999904632568, 1.2580000162124634, 1.2480000257492065, 1.2359999418258667, 1.2339999675750732, 1.2330000400543213, 1.218999981880188, 1.2000000476837158, 1.194000005722046, 1.1890000104904175, 1.180999994277954, 1.1729999780654907, 1.1619999408721924, 1.1519999504089355, 1.1399999856948853, 1.1260000467300415, 1.1200000047683716, 1.1169999837875366, 1.1109999418258667, 1.1080000400543213, 1.093999981880188, 1.093999981880188, 1.0850000381469727, 1.0740000009536743, 1.0820000171661377, 1.0759999752044678, 1.0759999752044678, 1.069000005722046, 1.0570000410079956, 1.0470000505447388, 1.0449999570846558, 1.0429999828338623, 1.0429999828338623, 1.0269999504089355, 1.0149999856948853, 1.0099999904632568, 1.0089999437332153, 1.00600004196167, 0.9940000176429749, 0.9850000143051147, 0.9800000190734863, 0.9789999723434448, 0.9810000061988831, 0.9829999804496765, 0.9629999995231628, 0.9570000171661377, 0.9549999833106995, 0.9549999833106995, 0.9580000042915344, 0.9559999704360962, 0.9490000009536743, 0.9430000185966492, 0.9409999847412109, 0.9309999942779541, 0.9279999732971191, 0.9319999814033508, 0.925000011920929, 0.9129999876022339, 0.9110000133514404, 0.9139999747276306, 0.9129999876022339, 0.9079999923706055, 0.9020000100135803, 0.8970000147819519, 0.8920000195503235, 0.8899999856948853, 0.8889999985694885, 0.878000020980835, 0.8769999742507935, 0.8769999742507935, 0.8759999871253967, 0.871999979019165, 0.8610000014305115, 0.8579999804496765, 0.8550000190734863, 0.8550000190734863, 0.8550000190734863, 0.8550000190734863, 0.8560000061988831, 0.8500000238418579, 0.847000002861023, 0.8420000076293945, 0.8379999995231628, 0.828000009059906, 0.8190000057220459, 0.8199999928474426, 0.8199999928474426, 0.8180000185966492, 0.8119999766349792, 0.8080000281333923, 0.8080000281333923, 0.8080000281333923, 0.8080000281333923, 0.8029999732971191, 0.7960000038146973, 0.7919999957084656, 0.7919999957084656, 0.7910000085830688, 0.7900000214576721, 0.7900000214576721, 0.7879999876022339, 0.7870000004768372, 0.7870000004768372, 0.7839999794960022, 0.781000018119812, 0.7829999923706055, 0.7680000066757202, 0.7670000195503235, 0.7620000243186951, 0.7609999775886536, 0.7580000162124634, 0.7580000162124634, 0.7590000033378601, 0.7540000081062317, 0.7480000257492065, 0.7429999709129333, 0.7419999837875366, 0.7409999966621399, 0.7429999709129333, 0.7379999756813049, 0.7379999756813049, 0.7390000224113464, 0.7369999885559082, 0.7329999804496765, 0.7329999804496765, 0.7260000109672546, 0.7329999804496765, 0.7260000109672546, 0.7239999771118164, 0.7149999737739563, 0.7200000286102295, 0.7200000286102295, 0.7200000286102295, 0.7200000286102295, 0.7170000076293945, 0.7080000042915344, 0.7099999785423279, 0.7099999785423279, 0.7099999785423279, 0.7080000042915344, 0.7080000042915344, 0.7080000042915344, 0.7080000042915344, 0.7080000042915344, 0.6959999799728394, 0.6940000057220459, 0.6980000138282776, 0.7039999961853027, 0.7049999833106995, 0.703000009059906, 0.699999988079071, 0.7009999752044678, 0.6970000267028809, 0.6980000138282776, 0.6930000185966492, 0.6850000023841858, 0.6809999942779541, 0.6830000281333923, 0.6850000023841858, 0.6850000023841858, 0.6850000023841858, 0.6859999895095825, 0.6859999895095825, 0.6809999942779541, 0.6769999861717224, 0.6790000200271606, 0.671999990940094, 0.6800000071525574, 0.6819999814033508, 0.6790000200271606, 0.675000011920929, 0.675000011920929, 0.6759999990463257, 0.6740000247955322, 0.671999990940094, 0.6759999990463257, 0.6740000247955322, 0.6740000247955322, 0.6740000247955322, 0.6740000247955322, 0.675000011920929, 0.6650000214576721, 0.6629999876022339, 0.6600000262260437, 0.6650000214576721, 0.6629999876022339, 0.6650000214576721, 0.6650000214576721, 0.6629999876022339, 0.6600000262260437, 0.6579999923706055, 0.6660000085830688, 0.6690000295639038, 0.6700000166893005, 0.6660000085830688, 0.6660000085830688, 0.6650000214576721, 0.6660000085830688, 0.6660000085830688, 0.6610000133514404, 0.6629999876022339, 0.6629999876022339, 0.6620000004768372, 0.6600000262260437, 0.6620000004768372, 0.6589999794960022, 0.6589999794960022, 0.6589999794960022, 0.656000018119812, 0.656000018119812, 0.6539999842643738, 0.652999997138977, 0.652999997138977, 0.6600000262260437, 0.6610000133514404, 0.6570000052452087, 0.6549999713897705, 0.6579999923706055, 0.6600000262260437, 0.6610000133514404, 0.6510000228881836, 0.6620000004768372, 0.656000018119812, 0.6499999761581421, 0.6499999761581421, 0.652999997138977, 0.652999997138977, 0.6489999890327454, 0.6579999923706055, 0.6610000133514404, 0.6589999794960022, 0.6610000133514404, 0.6610000133514404, 0.6579999923706055, 0.6549999713897705, 0.6690000295639038, 0.6520000100135803, 0.6549999713897705, 0.6549999713897705, 0.6539999842643738, 0.6570000052452087, 0.6520000100135803, 0.6539999842643738, 0.6549999713897705, 0.6589999794960022, 0.6589999794960022, 0.6510000228881836, 0.6499999761581421, 0.6489999890327454, 0.6489999890327454, 0.6489999890327454, 0.6579999923706055, 0.6610000133514404, 0.6650000214576721, 0.656000018119812, 0.656000018119812, 0.6579999923706055, 0.6629999876022339, 0.6600000262260437, 0.6600000262260437, 0.6579999923706055, 0.6579999923706055, 0.6579999923706055, 0.6620000004768372, 0.6660000085830688, 0.6629999876022339, 0.6610000133514404, 0.6639999747276306, 0.6660000085830688, 0.6660000085830688, 0.6669999957084656, 0.6669999957084656, 0.6660000085830688, 0.6669999957084656, 0.6629999876022339, 0.6610000133514404, 0.6589999794960022, 0.6650000214576721, 0.6650000214576721, 0.6650000214576721, 0.6620000004768372, 0.6639999747276306, 0.6639999747276306, 0.6600000262260437, 0.671999990940094, 0.675000011920929, 0.6690000295639038, 0.6690000295639038, 0.6729999780654907, 0.6740000247955322, 0.6740000247955322, 0.6710000038146973, 0.6710000038146973, 0.6710000038146973, 0.6679999828338623, 0.6669999957084656, 0.671999990940094, 0.6759999990463257, 0.6759999990463257, 0.6769999861717224, 0.6769999861717224, 0.675000011920929, 0.6710000038146973, 0.671999990940094, 0.6819999814033508, 0.6790000200271606, 0.6790000200271606, 0.6800000071525574, 0.6819999814033508, 0.6840000152587891, 0.6819999814033508, 0.6850000023841858, 0.6840000152587891, 0.6890000104904175, 0.6949999928474426, 0.6930000185966492, 0.6930000185966492, 0.6899999976158142, 0.6880000233650208, 0.6919999718666077, 0.6919999718666077, 0.6949999928474426, 0.6949999928474426, 0.6930000185966492, 0.6940000057220459, 0.6970000267028809, 0.7039999961853027, 0.7080000042915344, 0.7009999752044678, 0.7009999752044678, 0.7009999752044678, 0.7020000219345093, 0.7039999961853027, 0.718999981880188, 0.7099999785423279, 0.7099999785423279, 0.7129999995231628, 0.7170000076293945, 0.7160000205039978, 0.7170000076293945, 0.7170000076293945, 0.7080000042915344, 0.7080000042915344, 0.7170000076293945, 0.7260000109672546, 0.7260000109672546, 0.7289999723434448, 0.7279999852180481, 0.7250000238418579, 0.7239999771118164, 0.7369999885559082, 0.7409999966621399, 0.7360000014305115, 0.7319999933242798, 0.734000027179718, 0.7369999885559082, 0.7369999885559082, 0.7419999837875366, 0.7369999885559082, 0.7440000176429749, 0.7459999918937683, 0.7480000257492065, 0.7480000257492065, 0.7480000257492065, 0.7490000128746033, 0.7590000033378601, 0.7620000243186951, 0.7630000114440918, 0.7630000114440918, 0.7649999856948853, 0.7670000195503235, 0.7739999890327454, 0.7670000195503235, 0.7739999890327454, 0.7710000276565552, 0.7770000100135803, 0.7870000004768372, 0.7870000004768372, 0.7870000004768372, 0.7910000085830688, 0.7910000085830688, 0.7950000166893005, 0.796999990940094, 0.7990000247955322, 0.8090000152587891, 0.8059999942779541, 0.8050000071525574, 0.8069999814033508, 0.8069999814033508, 0.8059999942779541, 0.8109999895095825, 0.8119999766349792, 0.8270000219345093, 0.824999988079071, 0.824999988079071, 0.8270000219345093, 0.8349999785423279, 0.8339999914169312, 0.8339999914169312, 0.8349999785423279, 0.8360000252723694, 0.8360000252723694, 0.8349999785423279, 0.8450000286102295, 0.8489999771118164, 0.8489999771118164, 0.8519999980926514, 0.8529999852180481, 0.8529999852180481, 0.8489999771118164, 0.8510000109672546, 0.8510000109672546, 0.8529999852180481, 0.8519999980926514, 0.8569999933242798, 0.8629999756813049, 0.8610000014305115, 0.8579999804496765, 0.8560000061988831, 0.8619999885559082, 0.8740000128746033, 0.8769999742507935, 0.8799999952316284, 0.859000027179718, 0.8629999756813049, 0.8700000047683716, 0.871999979019165, 0.8759999871253967, 0.8759999871253967, 0.8629999756813049, 0.8610000014305115, 0.8790000081062317, 0.8849999904632568, 0.8849999904632568, 0.8930000066757202, 0.8980000019073486, 0.9020000100135803, 0.8980000019073486, 0.9129999876022339, 0.9089999794960022, 0.9120000004768372, 0.9120000004768372, 0.9129999876022339, 0.9139999747276306, 0.9110000133514404, 0.9120000004768372, 0.9129999876022339, 0.9179999828338623, 0.9139999747276306, 0.9150000214576721, 0.9089999794960022, 0.9139999747276306, 0.9129999876022339, 0.9100000262260437, 0.9100000262260437, 0.8830000162124634, 0.9169999957084656, 0.925000011920929, 0.9290000200271606, 0.9340000152587891, 0.9399999976158142, 0.9380000233650208, 0.9430000185966492, 0.9430000185966492, 0.9470000267028809, 0.9539999961853027, 0.9570000171661377, 0.9580000042915344, 0.9599999785423279, 0.9639999866485596, 0.9660000205039978, 0.9639999866485596, 0.968999981880188, 0.9710000157356262, 0.9789999723434448, 0.9819999933242798, 0.9890000224113464, 0.9860000014305115, 0.9860000014305115, 0.9929999709129333]
intensities: [1108.0, 1114.0, 1147.0, 1297.0, 1297.0, 1315.0, 1346.0, 1401.0, 1374.0, 1375.0, 1386.0, 1377.0, 1363.0, 1308.0, 1308.0, 1188.0, 1083.0, 991.0, 827.0, 811.0, 870.0, 931.0, 958.0, 1013.0, 1021.0, 1047.0, 1070.0, 1159.0, 1126.0, 1265.0, 1394.0, 1384.0, 1415.0, 1417.0, 1422.0, 1425.0, 1425.0, 1432.0, 1443.0, 1441.0, 1419.0, 1427.0, 1418.0, 1428.0, 1428.0, 1407.0, 1403.0, 1406.0, 1403.0, 1411.0, 1413.0, 1414.0, 1409.0, 1400.0, 1404.0, 1385.0, 1391.0, 1403.0, 1374.0, 1374.0, 1405.0, 1403.0, 1400.0, 1400.0, 1392.0, 1389.0, 1389.0, 1395.0, 1397.0, 1397.0, 1388.0, 1374.0, 1386.0, 1392.0, 1394.0, 1392.0, 1385.0, 1378.0, 1382.0, 1382.0, 1383.0, 1363.0, 1366.0, 1372.0, 1372.0, 1367.0, 1363.0, 1355.0, 1361.0, 1362.0, 1364.0, 1362.0, 1362.0, 1368.0, 1356.0, 1368.0, 1342.0, 1342.0, 1338.0, 1330.0, 1329.0, 1342.0, 1342.0, 1361.0, 1368.0, 1352.0, 1355.0, 1365.0, 1365.0, 1349.0, 1348.0, 1341.0, 1345.0, 1333.0, 1327.0, 1325.0, 1335.0, 1340.0, 1332.0, 1325.0, 1327.0, 1314.0, 1314.0, 1314.0, 1327.0, 1321.0, 1313.0, 1296.0, 1282.0, 1311.0, 1314.0, 1315.0, 1307.0, 1293.0, 1292.0, 1285.0, 1300.0, 1311.0, 1285.0, 1285.0, 1306.0, 1280.0, 1280.0, 1287.0, 1298.0, 1291.0, 1274.0, 1268.0, 1274.0, 1267.0, 1268.0, 1259.0, 1259.0, 1248.0, 1248.0, 1247.0, 1260.0, 1263.0, 1261.0, 1260.0, 1237.0, 1231.0, 1223.0, 1213.0, 1220.0, 1221.0, 1228.0, 1215.0, 1218.0, 1212.0, 1205.0, 1205.0, 1198.0, 1192.0, 1201.0, 1194.0, 1201.0, 1201.0, 1171.0, 1180.0, 1181.0, 1171.0, 1159.0, 1159.0, 1150.0, 1144.0, 1138.0, 1130.0, 1130.0, 1125.0, 1118.0, 1124.0, 1121.0, 1118.0, 1119.0, 1125.0, 1125.0, 1122.0, 1120.0, 1119.0, 1113.0, 1117.0, 1111.0, 1113.0, 1108.0, 1115.0, 1132.0, 1123.0, 1132.0, 1123.0, 1135.0, 1125.0, 1125.0, 1132.0, 1135.0, 1145.0, 1109.0, 1101.0, 1114.0, 1126.0, 1126.0, 1117.0, 1109.0, 1116.0, 1123.0, 1122.0, 1123.0, 1117.0, 1106.0, 1116.0, 1116.0, 1102.0, 1107.0, 1106.0, 1104.0, 1102.0, 1099.0, 1088.0, 1097.0, 1106.0, 1106.0, 1103.0, 1105.0, 1097.0, 1103.0, 1100.0, 1103.0, 1099.0, 1101.0, 1096.0, 1114.0, 1100.0, 1115.0, 1118.0, 1099.0, 1086.0, 1082.0, 1113.0, 1113.0, 1094.0, 1096.0, 1095.0, 1088.0, 1094.0, 1099.0, 1080.0, 1094.0, 1104.0, 1097.0, 1090.0, 1085.0, 1131.0, 1103.0, 1103.0, 1103.0, 1094.0, 1075.0, 1089.0, 1084.0, 1089.0, 1089.0, 1084.0, 1094.0, 1089.0, 1089.0, 1090.0, 1084.0, 1102.0, 1107.0, 1105.0, 1094.0, 1112.0, 1123.0, 1096.0, 1108.0, 1109.0, 1113.0, 1108.0, 1110.0, 1121.0, 1135.0, 1121.0, 1136.0, 1131.0, 1122.0, 1127.0, 1125.0, 1136.0, 1136.0, 1135.0, 1135.0, 1134.0, 1137.0, 1147.0, 1118.0, 1125.0, 1118.0, 1134.0, 1134.0, 1119.0, 1125.0, 1129.0, 1117.0, 1134.0, 1122.0, 1116.0, 1115.0, 1115.0, 1111.0, 1106.0, 1115.0, 1119.0, 1130.0, 1134.0, 1136.0, 1139.0, 1132.0, 1134.0, 1115.0, 1120.0, 1152.0, 1131.0, 1137.0, 1137.0, 1124.0, 1127.0, 1120.0, 1132.0, 1145.0, 1136.0, 1130.0, 1124.0, 1145.0, 1161.0, 1157.0, 1130.0, 1148.0, 1134.0, 1126.0, 1128.0, 1124.0, 1137.0, 1133.0, 1126.0, 1138.0, 1145.0, 1144.0, 1144.0, 1144.0, 1145.0, 1137.0, 1136.0, 1133.0, 1132.0, 1138.0, 1158.0, 1135.0, 1126.0, 1132.0, 1130.0, 1125.0, 1126.0, 1127.0, 1100.0, 1100.0, 1112.0, 1130.0, 1139.0, 1133.0, 1137.0, 1129.0, 1126.0, 1130.0, 1122.0, 1119.0, 1115.0, 1115.0, 1110.0, 1102.0, 1098.0, 1103.0, 1095.0, 1088.0, 1113.0, 1093.0, 1092.0, 1082.0, 1097.0, 1071.0, 1070.0, 1067.0, 1051.0, 1070.0, 1058.0, 1047.0, 1044.0, 1044.0, 1032.0, 1036.0, 1030.0, 1018.0, 1025.0, 1031.0, 1035.0, 1037.0, 1075.0, 1071.0, 1264.0, 1313.0, 1455.0, 1432.0, 1258.0, 1077.0, 1082.0, 1073.0, 1073.0, 1073.0, 1074.0, 1073.0, 1076.0, 1081.0, 1089.0, 1077.0, 1095.0, 1095.0, 1103.0, 1093.0, 1084.0, 1106.0, 1099.0, 1086.0, 1083.0, 1077.0, 1076.0, 1076.0, 1073.0, 1071.0, 1090.0, 1087.0, 1084.0, 1084.0, 1086.0, 1098.0, 1088.0, 1085.0, 1088.0, 1097.0, 1085.0, 1092.0, 1080.0, 1089.0, 1089.0, 1086.0, 1087.0, 1089.0, 1090.0, 1097.0, 1105.0, 1095.0, 1084.0, 1084.0, 1082.0, 1086.0, 1086.0, 1080.0, 1092.0, 1092.0, 1094.0, 1097.0, 1091.0, 1082.0, 1080.0, 1087.0, 1082.0, 1079.0, 1081.0, 1102.0, 1102.0, 1089.0, 1095.0, 1099.0, 1095.0, 1099.0, 1094.0, 1103.0, 1106.0, 1094.0, 1102.0, 1090.0, 1101.0, 1087.0, 1078.0, 1082.0, 1077.0, 1081.0, 1081.0, 1084.0, 1090.0, 1088.0, 1092.0, 1093.0, 1093.0, 1093.0, 1096.0, 1108.0, 1104.0, 1106.0, 1104.0, 1102.0, 1110.0, 1111.0, 1108.0, 1109.0, 1112.0, 1103.0, 1104.0, 1109.0, 1120.0, 1099.0, 1097.0, 1105.0, 1105.0, 1102.0, 1098.0, 1118.0, 1101.0, 1097.0, 1103.0, 1095.0, 1107.0, 1106.0, 1127.0, 1110.0, 1110.0, 1109.0, 1114.0, 1114.0, 1104.0, 1115.0, 1118.0, 1112.0, 1114.0, 1107.0, 1105.0, 1112.0, 1116.0, 1107.0, 1111.0, 1108.0, 1107.0, 1116.0, 1123.0, 1134.0, 1102.0, 1115.0, 1110.0, 1106.0, 1121.0, 1108.0, 1106.0, 1108.0, 1110.0, 1114.0, 1085.0, 1098.0, 1085.0, 1108.0, 1099.0, 1116.0, 1125.0, 1100.0, 1103.0, 1114.0, 1098.0, 1097.0, 1102.0, 1107.0, 1109.0, 1113.0, 1116.0, 1125.0, 1129.0, 1128.0, 1136.0, 1133.0, 1141.0, 1146.0, 1130.0, 1128.0, 1131.0, 1125.0, 1133.0, 1138.0, 1134.0, 1148.0, 1115.0, 1130.0, 1141.0, 1133.0, 1127.0, 1155.0, 1134.0, 1147.0, 1146.0, 1144.0, 1182.0, 1189.0, 1196.0, 1193.0, 1205.0, 1201.0, 1225.0, 1222.0, 1222.0, 1232.0, 1237.0, 1230.0, 1233.0, 1249.0, 1250.0, 1253.0, 1265.0, 1271.0, 1274.0, 1272.0, 1279.0, 1291.0, 1288.0, 1286.0, 1292.0, 1307.0, 1315.0, 1324.0, 1375.0, 1367.0, 1381.0, 1389.0, 1387.0, 1379.0, 1381.0, 1390.0, 1376.0, 1355.0, 1367.0, 1374.0, 1380.0, 1376.0, 1381.0, 1376.0, 1371.0, 1397.0, 1405.0, 1403.0, 1403.0, 1422.0, 1414.0, 1421.0, 1425.0, 1429.0, 1433.0, 1445.0, 1448.0, 1446.0, 1467.0, 1450.0, 1473.0, 1476.0, 1467.0, 1479.0, 1469.0, 1482.0, 1480.0, 1482.0, 1485.0, 1487.0, 1504.0, 1506.0, 1508.0, 1511.0, 1499.0, 1499.0, 1524.0, 1550.0, 1543.0, 1535.0, 1542.0, 1559.0, 1565.0, 1566.0, 1565.0, 1562.0, 1577.0, 1577.0, 1620.0, 1613.0, 1605.0, 1595.0, 1600.0, 1594.0, 1609.0, 1602.0, 1602.0, 1601.0, 1600.0, 1607.0, 1604.0, 1589.0, 1585.0, 1628.0, 1623.0, 1622.0, 1602.0, 1605.0, 1605.0, 1615.0, 1609.0, 1623.0, 1628.0, 1641.0, 1641.0, 1637.0, 1641.0, 1646.0, 1643.0, 1643.0, 1643.0, 1641.0, 1643.0, 1651.0, 1647.0, 1675.0, 1678.0, 1645.0, 1625.0, 1635.0, 1636.0, 1652.0, 1651.0, 1653.0, 1654.0, 1649.0, 1642.0, 1647.0, 1651.0, 1654.0, 1652.0, 1654.0, 1649.0, 1654.0, 1654.0, 1651.0, 1651.0, 1652.0, 1653.0, 1654.0, 1656.0, 1638.0, 1634.0, 1630.0, 1630.0, 1628.0, 1640.0, 1638.0, 1647.0, 1653.0, 1656.0, 1650.0, 1662.0, 1662.0, 1646.0, 1639.0, 1645.0, 1649.0, 1657.0, 1629.0, 1610.0, 1610.0, 1638.0, 1656.0, 1656.0, 1656.0, 1651.0, 1651.0, 1639.0, 1636.0, 1639.0, 1625.0, 1630.0, 1621.0, 1587.0, 1587.0, 1592.0, 1614.0, 1612.0, 1599.0, 1599.0, 1600.0, 1610.0, 1608.0, 1633.0, 1604.0, 1617.0, 1615.0, 1591.0, 1584.0, 1584.0, 1591.0, 1591.0, 1595.0, 1589.0, 1581.0, 1585.0, 1583.0, 1580.0, 1563.0, 1562.0, 1563.0, 1536.0, 1531.0, 1531.0, 1533.0, 1536.0, 1544.0, 1540.0, 1520.0, 1526.0, 1526.0, 1521.0, 1522.0, 1519.0, 1515.0, 1510.0, 1502.0, 1502.0, 1506.0, 1494.0, 1494.0, 1481.0, 1478.0, 1473.0, 1473.0, 1482.0, 1476.0, 1470.0, 1462.0, 1438.0, 1436.0, 1442.0, 1459.0, 1435.0, 1428.0, 1432.0, 1432.0, 1417.0, 1440.0, 1413.0, 1401.0, 1404.0, 1399.0, 1399.0, 1399.0, 1399.0, 1400.0, 1400.0, 1404.0, 1397.0, 1396.0, 1395.0, 1395.0, 1383.0, 1375.0, 1375.0, 1361.0, 1361.0, 1363.0, 1353.0, 1350.0, 1375.0, 1371.0, 1369.0, 1360.0, 1363.0, 1359.0, 1319.0, 1323.0, 1333.0, 1346.0, 1346.0, 1346.0, 1344.0, 1326.0, 1339.0, 1344.0, 1328.0, 1329.0, 1329.0, 1306.0, 1308.0, 1307.0, 1313.0, 1300.0, 1295.0, 1303.0, 1296.0, 1309.0, 1315.0, 1300.0, 1281.0, 1289.0, 1295.0, 1295.0, 1295.0, 1297.0, 1309.0, 1298.0, 1294.0, 1294.0, 1294.0, 1277.0, 1266.0, 1284.0, 1284.0, 1264.0, 1263.0, 1272.0, 1286.0, 1285.0, 1311.0, 1297.0, 1267.0, 1264.0, 1269.0, 1241.0, 1235.0, 1230.0, 1211.0, 1208.0, 1208.0, 1229.0, 1212.0, 1222.0, 1232.0, 1245.0, 1245.0, 1234.0, 1236.0, 1253.0, 1248.0, 1229.0, 1215.0, 1222.0, 1229.0, 1231.0, 1208.0, 1221.0, 1213.0, 1209.0, 1243.0, 1243.0, 1230.0, 1221.0, 1208.0, 1227.0, 1212.0, 1208.0, 1248.0, 1230.0, 1226.0, 1235.0, 1235.0, 1237.0, 1250.0, 1247.0, 1253.0, 1267.0, 1267.0, 1258.0, 1252.0, 1252.0, 1244.0, 1247.0, 1246.0, 1246.0, 1238.0, 1233.0, 1233.0, 1233.0, 1243.0, 1257.0, 1245.0, 1244.0, 1245.0, 1245.0, 1256.0, 1254.0, 1258.0, 1257.0, 1267.0, 1267.0, 1258.0, 1268.0, 1256.0, 1265.0, 1274.0, 1284.0, 1284.0, 1277.0, 1270.0, 1272.0, 1286.0, 1284.0, 1283.0, 1279.0, 1278.0, 1287.0, 1259.0, 1280.0, 1295.0, 1288.0, 1281.0, 1297.0, 1292.0, 1288.0, 1296.0, 1305.0, 1298.0, 1290.0, 1297.0, 1308.0, 1306.0, 1329.0, 1318.0, 1318.0, 1304.0, 1303.0, 1303.0, 1321.0, 1313.0, 1321.0, 1326.0, 1312.0, 1314.0, 1299.0, 1297.0, 1295.0, 1308.0, 1316.0, 1309.0, 1309.0, 1313.0, 1327.0, 1319.0, 1291.0, 1304.0, 1301.0, 1310.0, 1306.0, 1349.0, 1318.0, 1318.0, 1315.0]