header: 
  seq: 1293
  stamp: 
    secs: 1548820789
    nsecs: 475937959
  frame_id: "base_link"
angle_min: -2.35619449615
angle_max: 2.35619449615
angle_increment: 0.00436332309619
time_increment: 1.73611151695e-05
scan_time: 0.0250000003725
range_min: 0.019999999553
range_max: 30.0
ranges: [0.4300000071525574, 0.4180000126361847, 0.4129999876022339, 0.40700000524520874, 0.4059999883174896, 0.3919999897480011, 0.3869999945163727, 0.38100001215934753, 0.38100001215934753, 0.37700000405311584, 0.37599998712539673, 0.375, 0.3709999918937683, 0.3720000088214874, 0.36899998784065247, 0.34599998593330383, 0.3479999899864197, 0.34599998593330383, 0.26899999380111694, 0.24699999392032623, 0.2800000011920929, 0.31200000643730164, 0.35100001096725464, 0.3499999940395355, 0.3529999852180481, 0.3499999940395355, 0.3440000116825104, 0.3400000035762787, 0.3330000042915344, 0.3479999899864197, 0.35899999737739563, 0.35899999737739563, 0.36000001430511475, 0.36000001430511475, 0.36000001430511475, 0.3630000054836273, 0.3630000054836273, 0.35199999809265137, 0.34200000762939453, 0.33500000834465027, 0.33399999141693115, 0.34299999475479126, 0.33799999952316284, 0.33899998664855957, 0.33899998664855957, 0.3409999907016754, 0.3440000116825104, 0.34599998593330383, 0.3409999907016754, 0.335999995470047, 0.33399999141693115, 0.34599998593330383, 0.3370000123977661, 0.3370000123977661, 0.335999995470047, 0.33500000834465027, 0.3330000042915344, 0.3330000042915344, 0.3330000042915344, 0.32899999618530273, 0.3240000009536743, 0.32600000500679016, 0.33399999141693115, 0.33500000834465027, 0.33000001311302185, 0.33399999141693115, 0.33000001311302185, 0.3370000123977661, 0.33500000834465027, 0.33399999141693115, 0.3330000042915344, 0.33500000834465027, 0.32899999618530273, 0.33000001311302185, 0.335999995470047, 0.335999995470047, 0.3400000035762787, 0.3440000116825104, 0.3440000116825104, 0.33799999952316284, 0.33500000834465027, 0.33500000834465027, 0.33399999141693115, 0.33500000834465027, 0.335999995470047, 0.33799999952316284, 0.33399999141693115, 0.33500000834465027, 0.33799999952316284, 0.33799999952316284, 0.33500000834465027, 0.3319999873638153, 0.3319999873638153, 0.3370000123977661, 0.34299999475479126, 0.34700000286102295, 0.35899999737739563, 0.35600000619888306, 0.34700000286102295, 0.3449999988079071, 0.34200000762939453, 0.3479999899864197, 0.3540000021457672, 0.35100001096725464, 0.3490000069141388, 0.3529999852180481, 0.35499998927116394, 0.35199999809265137, 0.35499998927116394, 0.3529999852180481, 0.3580000102519989, 0.3580000102519989, 0.3569999933242798, 0.3610000014305115, 0.36000001430511475, 0.36000001430511475, 0.3619999885559082, 0.36399999260902405, 0.3709999918937683, 0.36399999260902405, 0.3619999885559082, 0.3540000021457672, 0.36500000953674316, 0.3479999899864197, 0.3479999899864197, 0.35499998927116394, 0.3610000014305115, 0.36399999260902405, 0.3619999885559082, 0.3610000014305115, 0.35600000619888306, 0.3569999933242798, 0.3580000102519989, 0.36000001430511475, 0.36800000071525574, 0.3659999966621399, 0.3630000054836273, 0.36800000071525574, 0.3700000047683716, 0.37299999594688416, 0.36899998784065247, 0.3720000088214874, 0.3709999918937683, 0.375, 0.3720000088214874, 0.3720000088214874, 0.3720000088214874, 0.3840000033378601, 0.3790000081062317, 0.38199999928474426, 0.3799999952316284, 0.3869999945163727, 0.38499999046325684, 0.38999998569488525, 0.3970000147819519, 0.3889999985694885, 0.4000000059604645, 0.4009999930858612, 0.4000000059604645, 0.40299999713897705, 0.4099999964237213, 0.4099999964237213, 0.4099999964237213, 0.414000004529953, 0.4189999997615814, 0.4189999997615814, 0.42399999499320984, 0.4269999861717224, 0.4259999990463257, 0.4269999861717224, 0.4350000023841858, 0.4350000023841858, 0.43700000643730164, 0.4410000145435333, 0.4480000138282776, 0.44699999690055847, 0.44699999690055847, 0.4410000145435333, 0.44600000977516174, 0.4519999921321869, 0.45100000500679016, 0.4560000002384186, 0.4560000002384186, 0.460999995470047, 0.4729999899864197, 0.48500001430511475, 0.48500001430511475, 0.48100000619888306, 0.4819999933242798, 0.4860000014305115, 0.49399998784065247, 0.4950000047683716, 0.5009999871253967, 0.5019999742507935, 0.5070000290870667, 0.5009999871253967, 0.5080000162124634, 0.5109999775886536, 0.5199999809265137, 0.5210000276565552, 0.5220000147819519, 0.5320000052452087, 0.531000018119812, 0.531000018119812, 0.5350000262260437, 0.546999990940094, 0.5479999780654907, 0.5559999942779541, 0.5550000071525574, 0.5550000071525574, 0.5590000152587891, 0.5720000267028809, 0.5759999752044678, 0.578000009059906, 0.5809999704360962, 0.5910000205039978, 0.5960000157356262, 0.6019999980926514, 0.6100000143051147, 0.6100000143051147, 0.6179999709129333, 0.6190000176429749, 0.6200000047683716, 0.6340000033378601, 0.6359999775886536, 0.6420000195503235, 0.6430000066757202, 0.6480000019073486, 0.656000018119812, 0.6639999747276306, 0.6759999990463257, 0.6840000152587891, 0.6899999976158142, 0.6990000009536743, 0.7039999961853027, 0.7170000076293945, 0.7160000205039978, 0.7229999899864197, 0.7300000190734863, 0.7379999756813049, 0.7509999871253967, 0.7570000290870667, 0.7649999856948853, 0.7680000066757202, 0.7789999842643738, 0.7870000004768372, 0.7940000295639038, 0.8109999895095825, 0.8180000185966492, 0.8220000267028809, 0.8360000252723694, 0.8500000238418579, 0.8529999852180481, 0.8619999885559082, 0.8790000081062317, 0.8899999856948853, 0.9010000228881836, 0.9129999876022339, 0.9279999732971191, 0.9520000219345093, 0.9589999914169312, 0.9779999852180481, 0.9869999885559082, 1.0049999952316284, 1.0219999551773071, 1.0410000085830688, 1.0579999685287476, 1.0700000524520874, 1.0889999866485596, 1.1009999513626099, 1.1260000467300415, 1.1460000276565552, 1.1649999618530273, 1.187999963760376, 1.2109999656677246, 1.225000023841858, 1.2549999952316284, 1.2719999551773071, 1.2879999876022339, 1.3250000476837158, 1.3609999418258667, 1.3839999437332153, 1.4270000457763672, 1.4520000219345093, 1.4859999418258667, 1.5089999437332153, 1.565999984741211, 1.6339999437332153, 1.621000051498413, 1.725000023841858, 2.6649999618530273, 2.684000015258789, 2.681999921798706, 2.678999900817871, 2.677000045776367, 2.678999900817871, 2.680999994277954, 2.680999994277954, 2.677999973297119, 2.677000045776367, 2.6659998893737793, 2.6640000343322754, 2.6659998893737793, 2.6730000972747803, 2.6689999103546143, 2.6659998893737793, 2.6659998893737793, 2.6630001068115234, 2.6589999198913574, 2.6579999923706055, 2.6579999923706055, 2.6610000133514404, 2.6619999408721924, 2.6570000648498535, 2.6510000228881836, 2.6480000019073486, 2.6449999809265137, 2.6429998874664307, 2.6419999599456787, 2.6440000534057617, 2.6410000324249268, 2.628999948501587, 2.625, 2.625, 2.624000072479248, 2.61899995803833, 2.617000102996826, 2.6050000190734863, 2.609999895095825, 2.6040000915527344, 2.6040000915527344, 2.5969998836517334, 2.5880000591278076, 2.5869998931884766, 2.5799999237060547, 2.578000068664551, 2.575000047683716, 2.565999984741211, 2.565000057220459, 2.566999912261963, 2.562999963760376, 2.559000015258789, 2.5369999408721924, 2.5309998989105225, 2.5250000953674316, 2.5290000438690186, 2.5280001163482666, 2.5139999389648438, 2.509000062942505, 2.505000114440918, 2.50600004196167, 2.492000102996826, 2.484999895095825, 2.4769999980926514, 2.4660000801086426, 2.4630000591278076, 2.4579999446868896, 2.440999984741211, 2.437000036239624, 2.427999973297119, 2.4149999618530273, 2.4100000858306885, 2.4079999923706055, 2.4000000953674316, 2.388000011444092, 2.3929998874664307, 2.375999927520752, 2.36299991607666, 2.3550000190734863, 2.3580000400543213, 2.3399999141693115, 2.3350000381469727, 2.325000047683716, 2.312999963760376, 2.305000066757202, 2.2929999828338623, 2.2790000438690186, 2.2690000534057617, 2.257999897003174, 2.246000051498413, 2.243000030517578, 2.2330000400543213, 2.2160000801086426, 2.2049999237060547, 2.194999933242798, 2.187000036239624, 2.1630001068115234, 2.1459999084472656, 2.1449999809265137, 2.130000114440918, 2.11299991607666, 2.1040000915527344, 2.0999999046325684, 2.0940001010894775, 2.063999891281128, 2.046999931335449, 2.0350000858306885, 2.015000104904175, 2.0, 1.9889999628067017, 1.9769999980926514, 1.9479999542236328, 1.9290000200271606, 1.899999976158142, 1.8869999647140503, 1.8669999837875366, 1.8459999561309814, 1.8229999542236328, 1.7960000038146973, 1.784000039100647, 1.7549999952316284, 1.7330000400543213, 1.7029999494552612, 1.684999942779541, 1.6740000247955322, 1.656000018119812, 1.63100004196167, 1.6160000562667847, 1.6050000190734863, 1.5870000123977661, 1.5720000267028809, 1.5470000505447388, 1.534000039100647, 1.5190000534057617, 1.5069999694824219, 1.4980000257492065, 1.4859999418258667, 1.4589999914169312, 1.4559999704360962, 1.437999963760376, 1.4299999475479126, 1.4190000295639038, 1.4019999504089355, 1.3899999856948853, 1.3860000371932983, 1.3639999628067017, 1.3509999513626099, 1.343000054359436, 1.3350000381469727, 1.3240000009536743, 1.305999994277954, 1.2940000295639038, 1.284000039100647, 1.2730000019073486, 1.2619999647140503, 1.2569999694824219, 1.2489999532699585, 1.2400000095367432, 1.2200000286102295, 1.2139999866485596, 1.2109999656677246, 1.1950000524520874, 1.1859999895095825, 1.1749999523162842, 1.1670000553131104, 1.156999945640564, 1.152999997138977, 1.1440000534057617, 1.1360000371932983, 1.1200000047683716, 1.1160000562667847, 1.100000023841858, 1.0989999771118164, 1.093000054359436, 1.090000033378601, 1.0880000591278076, 1.0789999961853027, 1.069000005722046, 1.065000057220459, 1.055999994277954, 1.0509999990463257, 1.0460000038146973, 1.0379999876022339, 1.0329999923706055, 1.027999997138977, 1.0269999504089355, 1.0160000324249268, 1.00600004196167, 1.003999948501587, 1.0010000467300415, 0.9919999837875366, 0.984000027179718, 0.9779999852180481, 0.9769999980926514, 0.9660000205039978, 0.9639999866485596, 0.9639999866485596, 0.9589999914169312, 0.9570000171661377, 0.9480000138282776, 0.9419999718666077, 0.9419999718666077, 0.9409999847412109, 0.9340000152587891, 0.9210000038146973, 0.9200000166893005, 0.9150000214576721, 0.9120000004768372, 0.9089999794960022, 0.8999999761581421, 0.8960000276565552, 0.8939999938011169, 0.8870000243186951, 0.8799999952316284, 0.878000020980835, 0.8809999823570251, 0.8809999823570251, 0.8709999918937683, 0.8669999837875366, 0.8659999966621399, 0.859000027179718, 0.8569999933242798, 0.8539999723434448, 0.8519999980926514, 0.8479999899864197, 0.8479999899864197, 0.8429999947547913, 0.8379999995231628, 0.8360000252723694, 0.8339999914169312, 0.8379999995231628, 0.8330000042915344, 0.8320000171661377, 0.8259999752044678, 0.8270000219345093, 0.8180000185966492, 0.8149999976158142, 0.8050000071525574, 0.7979999780654907, 0.7990000247955322, 0.8109999895095825, 0.8040000200271606, 0.8040000200271606, 0.8029999732971191, 0.7979999780654907, 0.7910000085830688, 0.7850000262260437, 0.7829999923706055, 0.7799999713897705, 0.7789999842643738, 0.7739999890327454, 0.7739999890327454, 0.7730000019073486, 0.7720000147819519, 0.7609999775886536, 0.7540000081062317, 0.7580000162124634, 0.7570000290870667, 0.7559999823570251, 0.7519999742507935, 0.7490000128746033, 0.746999979019165, 0.7400000095367432, 0.7409999966621399, 0.7409999966621399, 0.7440000176429749, 0.7440000176429749, 0.7329999804496765, 0.7329999804496765, 0.7310000061988831, 0.7269999980926514, 0.722000002861023, 0.7229999899864197, 0.7179999947547913, 0.7179999947547913, 0.7179999947547913, 0.7160000205039978, 0.7120000123977661, 0.7020000219345093, 0.7049999833106995, 0.7080000042915344, 0.7089999914169312, 0.7059999704360962, 0.7049999833106995, 0.6970000267028809, 0.7009999752044678, 0.7009999752044678, 0.6949999928474426, 0.6869999766349792, 0.6859999895095825, 0.6909999847412109, 0.6909999847412109, 0.6909999847412109, 0.6899999976158142, 0.6859999895095825, 0.6830000281333923, 0.6830000281333923, 0.6830000281333923, 0.6830000281333923, 0.6830000281333923, 0.6769999861717224, 0.675000011920929, 0.675000011920929, 0.6769999861717224, 0.675000011920929, 0.6729999780654907, 0.6669999957084656, 0.6729999780654907, 0.6729999780654907, 0.6650000214576721, 0.6669999957084656, 0.6700000166893005, 0.6660000085830688, 0.6639999747276306, 0.6620000004768372, 0.6639999747276306, 0.6639999747276306, 0.6629999876022339, 0.6589999794960022, 0.6620000004768372, 0.6610000133514404, 0.656000018119812, 0.6549999713897705, 0.6600000262260437, 0.6549999713897705, 0.6589999794960022, 0.6539999842643738, 0.6520000100135803, 0.652999997138977, 0.6520000100135803, 0.6510000228881836, 0.6489999890327454, 0.6439999938011169, 0.6480000019073486, 0.6589999794960022, 0.6570000052452087, 0.6570000052452087, 0.6480000019073486, 0.6480000019073486, 0.6480000019073486, 0.6470000147819519, 0.6470000147819519, 0.6470000147819519, 0.6449999809265137, 0.6470000147819519, 0.6399999856948853, 0.6359999775886536, 0.6359999775886536, 0.6370000243186951, 0.6380000114440918, 0.6399999856948853, 0.6430000066757202, 0.6380000114440918, 0.6340000033378601, 0.6370000243186951, 0.6370000243186951, 0.6370000243186951, 0.6370000243186951, 0.6380000114440918, 0.640999972820282, 0.6399999856948853, 0.6359999775886536, 0.6340000033378601, 0.6359999775886536, 0.640999972820282, 0.6430000066757202, 0.6389999985694885, 0.6359999775886536, 0.6299999952316284, 0.6290000081062317, 0.6290000081062317, 0.6230000257492065, 0.6230000257492065, 0.6359999775886536, 0.6359999775886536, 0.6299999952316284, 0.6290000081062317, 0.6259999871253967, 0.6230000257492065, 0.6240000128746033, 0.6259999871253967, 0.6209999918937683, 0.6240000128746033, 0.6320000290870667, 0.6340000033378601, 0.6230000257492065, 0.6240000128746033, 0.6330000162124634, 0.6330000162124634, 0.621999979019165, 0.6209999918937683, 0.6209999918937683, 0.6240000128746033, 0.6269999742507935, 0.625, 0.6230000257492065, 0.6240000128746033, 0.6209999918937683, 0.6240000128746033, 0.6240000128746033, 0.6240000128746033, 0.621999979019165, 0.6240000128746033, 0.6299999952316284, 0.6290000081062317, 0.6290000081062317, 0.6190000176429749, 0.6150000095367432, 0.6150000095367432, 0.6140000224113464, 0.6140000224113464, 0.6190000176429749, 0.621999979019165, 0.621999979019165, 0.6209999918937683, 0.621999979019165, 0.6200000047683716, 0.6209999918937683, 0.621999979019165, 0.625, 0.6269999742507935, 0.6240000128746033, 0.6230000257492065, 0.621999979019165, 0.6230000257492065, 0.6209999918937683, 0.6209999918937683, 0.6209999918937683, 0.6209999918937683, 0.6209999918937683, 0.6209999918937683, 0.6209999918937683, 0.6159999966621399, 0.6200000047683716, 0.6240000128746033, 0.621999979019165, 0.6209999918937683, 0.6209999918937683, 0.621999979019165, 0.6240000128746033, 0.6190000176429749, 0.6129999756813049, 0.6110000014305115, 0.6140000224113464, 0.6200000047683716, 0.6159999966621399, 0.6119999885559082, 0.6119999885559082, 0.6209999918937683, 0.6230000257492065, 0.6230000257492065, 0.621999979019165, 0.6230000257492065, 0.621999979019165, 0.6159999966621399, 0.6159999966621399, 0.6159999966621399, 0.621999979019165, 0.621999979019165, 0.621999979019165, 0.6200000047683716, 0.6200000047683716, 0.6190000176429749, 0.6190000176429749, 0.6150000095367432, 0.6150000095367432, 0.6190000176429749, 0.6190000176429749, 0.6209999918937683, 0.6230000257492065, 0.621999979019165, 0.6240000128746033, 0.6190000176429749, 0.6179999709129333, 0.6190000176429749, 0.6200000047683716, 0.6209999918937683, 0.6209999918937683, 0.6200000047683716, 0.6200000047683716, 0.6200000047683716, 0.6150000095367432, 0.6159999966621399, 0.6200000047683716, 0.6179999709129333, 0.6230000257492065, 0.6230000257492065, 0.6190000176429749, 0.6150000095367432, 0.6169999837875366, 0.6169999837875366, 0.6190000176429749, 0.6179999709129333, 0.6150000095367432, 0.6190000176429749, 0.621999979019165, 0.621999979019165, 0.621999979019165, 0.6230000257492065, 0.6230000257492065, 0.621999979019165, 0.6179999709129333, 0.625, 0.6269999742507935, 0.6269999742507935, 0.625, 0.625, 0.6259999871253967, 0.621999979019165, 0.6209999918937683, 0.6230000257492065, 0.625, 0.6230000257492065, 0.6230000257492065, 0.6269999742507935, 0.6269999742507935, 0.6299999952316284, 0.6320000290870667, 0.6259999871253967, 0.6230000257492065, 0.6209999918937683, 0.6209999918937683, 0.6309999823570251, 0.6340000033378601, 0.6320000290870667, 0.6299999952316284, 0.628000020980835, 0.6320000290870667, 0.6320000290870667, 0.6320000290870667, 0.6290000081062317, 0.6290000081062317, 0.6290000081062317, 0.6420000195503235, 0.640999972820282, 0.6290000081062317, 0.6290000081062317, 0.6290000081062317, 0.6299999952316284, 0.6309999823570251, 0.6330000162124634, 0.6330000162124634, 0.6340000033378601, 0.6370000243186951, 0.6340000033378601, 0.6359999775886536, 0.6420000195503235, 0.6359999775886536, 0.6340000033378601, 0.6359999775886536, 0.6470000147819519, 0.6470000147819519, 0.6380000114440918, 0.6359999775886536, 0.6349999904632568, 0.640999972820282, 0.640999972820282, 0.6370000243186951, 0.6370000243186951, 0.6359999775886536, 0.6359999775886536, 0.6499999761581421, 0.6399999856948853, 0.6399999856948853, 0.640999972820282, 0.6430000066757202, 0.6430000066757202, 0.6430000066757202, 0.6430000066757202, 0.6470000147819519, 0.6489999890327454, 0.6489999890327454, 0.6460000276565552, 0.6430000066757202, 0.6449999809265137, 0.6480000019073486, 0.6480000019073486, 0.6489999890327454, 0.6480000019073486, 0.6489999890327454, 0.6520000100135803, 0.656000018119812, 0.656000018119812, 0.6570000052452087, 0.6570000052452087, 0.6539999842643738, 0.6520000100135803, 0.6570000052452087, 0.6570000052452087, 0.656000018119812, 0.656000018119812, 0.6579999923706055, 0.6589999794960022, 0.6620000004768372, 0.6600000262260437, 0.6589999794960022, 0.6579999923706055, 0.6639999747276306, 0.6629999876022339, 0.6579999923706055, 0.6579999923706055, 0.6589999794960022, 0.6600000262260437, 0.6579999923706055, 0.6579999923706055, 0.6579999923706055, 0.6639999747276306, 0.6639999747276306, 0.6629999876022339, 0.6600000262260437, 0.6650000214576721, 0.6639999747276306, 0.6660000085830688, 0.6660000085830688, 0.6650000214576721, 0.6650000214576721, 0.6669999957084656, 0.6669999957084656, 0.6639999747276306, 0.6669999957084656, 0.6700000166893005, 0.6729999780654907, 0.6729999780654907, 0.671999990940094, 0.6679999828338623, 0.6740000247955322, 0.6710000038146973, 0.6710000038146973, 0.6710000038146973, 0.6740000247955322, 0.6740000247955322, 0.671999990940094, 0.6710000038146973, 0.6740000247955322, 0.6769999861717224, 0.6710000038146973, 0.6769999861717224, 0.6790000200271606, 0.6809999942779541, 0.6809999942779541, 0.6830000281333923, 0.6830000281333923, 0.6830000281333923, 0.6830000281333923, 0.6830000281333923, 0.6790000200271606, 0.6819999814033508, 0.6850000023841858, 0.6800000071525574, 0.6809999942779541, 0.6830000281333923, 0.6880000233650208, 0.6819999814033508, 0.6830000281333923, 0.6840000152587891, 0.6850000023841858, 0.6840000152587891, 0.6840000152587891, 0.6890000104904175, 0.6880000233650208, 0.6899999976158142, 0.6899999976158142, 0.6919999718666077, 0.6930000185966492, 0.699999988079071, 0.6959999799728394, 0.6959999799728394, 0.6959999799728394, 0.6980000138282776, 0.7039999961853027, 0.7059999704360962, 0.7059999704360962, 0.7080000042915344, 0.7089999914169312, 0.7070000171661377, 0.7039999961853027, 0.7039999961853027, 0.7039999961853027, 0.7059999704360962, 0.7080000042915344, 0.7059999704360962, 0.7070000171661377, 0.7059999704360962, 0.7070000171661377, 0.7210000157356262, 0.7170000076293945, 0.7170000076293945, 0.7210000157356262, 0.7210000157356262, 0.7200000286102295, 0.7200000286102295, 0.7210000157356262, 0.7239999771118164, 0.722000002861023, 0.7210000157356262, 0.7200000286102295, 0.718999981880188, 0.718999981880188, 0.7269999980926514, 0.7310000061988831, 0.7319999933242798, 0.7319999933242798, 0.7350000143051147, 0.7310000061988831, 0.7310000061988831, 0.7300000190734863, 0.7300000190734863, 0.7279999852180481, 0.734000027179718, 0.734000027179718, 0.7369999885559082, 0.7360000014305115, 0.7369999885559082, 0.7419999837875366, 0.746999979019165, 0.746999979019165, 0.7369999885559082, 0.7450000047683716, 0.7409999966621399, 0.734000027179718, 0.7379999756813049, 0.7450000047683716, 0.7450000047683716, 0.7400000095367432, 0.7379999756813049, 0.7379999756813049, 0.7369999885559082, 0.7400000095367432, 0.7419999837875366, 0.7419999837875366, 0.7450000047683716, 0.7450000047683716, 0.7450000047683716, 0.7450000047683716, 0.7429999709129333, 0.7409999966621399, 0.7369999885559082, 0.7369999885559082, 0.7419999837875366, 0.7459999918937683, 0.7459999918937683, 0.7459999918937683, 0.7440000176429749, 0.7409999966621399, 0.7450000047683716, 0.7379999756813049, 0.7409999966621399, 0.7480000257492065, 0.7480000257492065, 0.7519999742507935, 0.7519999742507935, 0.7459999918937683, 0.7409999966621399, 0.7450000047683716, 0.7480000257492065, 0.7490000128746033, 0.7480000257492065, 0.746999979019165, 0.7480000257492065, 0.7480000257492065, 0.753000020980835, 0.7490000128746033, 0.7450000047683716, 0.7379999756813049, 0.7409999966621399, 0.7400000095367432, 0.7409999966621399, 0.7369999885559082, 0.7490000128746033, 0.7559999823570251, 0.7570000290870667, 0.7519999742507935, 0.746999979019165, 0.7450000047683716, 0.7580000162124634, 0.7580000162124634, 0.7630000114440918, 0.7699999809265137, 0.7710000276565552, 0.7670000195503235, 0.7670000195503235, 0.7710000276565552, 0.7710000276565552, 0.7760000228881836, 0.7789999842643738, 0.7789999842643738, 0.7820000052452087, 0.7829999923706055, 0.7829999923706055, 0.7860000133514404, 0.7820000052452087]
intensities: [971.0, 974.0, 1062.0, 1082.0, 1116.0, 1109.0, 1126.0, 1127.0, 1155.0, 1198.0, 1247.0, 1266.0, 1274.0, 1280.0, 1259.0, 1099.0, 1118.0, 1099.0, 825.0, 770.0, 828.0, 887.0, 984.0, 982.0, 990.0, 996.0, 1000.0, 1044.0, 1109.0, 1258.0, 1383.0, 1383.0, 1472.0, 1522.0, 1534.0, 1571.0, 1571.0, 1552.0, 1553.0, 1569.0, 1568.0, 1568.0, 1586.0, 1596.0, 1589.0, 1593.0, 1571.0, 1572.0, 1592.0, 1598.0, 1595.0, 1595.0, 1595.0, 1595.0, 1591.0, 1599.0, 1589.0, 1589.0, 1600.0, 1607.0, 1607.0, 1615.0, 1611.0, 1613.0, 1618.0, 1615.0, 1611.0, 1615.0, 1586.0, 1589.0, 1592.0, 1604.0, 1605.0, 1648.0, 1604.0, 1604.0, 1601.0, 1599.0, 1607.0, 1597.0, 1560.0, 1560.0, 1565.0, 1553.0, 1564.0, 1553.0, 1540.0, 1533.0, 1507.0, 1517.0, 1511.0, 1512.0, 1504.0, 1514.0, 1496.0, 1498.0, 1480.0, 1466.0, 1454.0, 1452.0, 1443.0, 1439.0, 1426.0, 1426.0, 1417.0, 1438.0, 1419.0, 1432.0, 1412.0, 1402.0, 1409.0, 1409.0, 1407.0, 1388.0, 1362.0, 1362.0, 1361.0, 1376.0, 1412.0, 1354.0, 1390.0, 1285.0, 1268.0, 1224.0, 1224.0, 1256.0, 1243.0, 1249.0, 1237.0, 1213.0, 1215.0, 1220.0, 1210.0, 1204.0, 1230.0, 1229.0, 1197.0, 1213.0, 1195.0, 1179.0, 1169.0, 1164.0, 1167.0, 1160.0, 1159.0, 1161.0, 1158.0, 1146.0, 1138.0, 1135.0, 1125.0, 1137.0, 1106.0, 1129.0, 1140.0, 1079.0, 1122.0, 1120.0, 1119.0, 1129.0, 1137.0, 1128.0, 1128.0, 1129.0, 1124.0, 1124.0, 1108.0, 1109.0, 1107.0, 1101.0, 1115.0, 1115.0, 1103.0, 1097.0, 1107.0, 1112.0, 1111.0, 1102.0, 1111.0, 1109.0, 1108.0, 1094.0, 1094.0, 1106.0, 1091.0, 1118.0, 1118.0, 1109.0, 1095.0, 1102.0, 1109.0, 1100.0, 1110.0, 1090.0, 1104.0, 1098.0, 1095.0, 1097.0, 1102.0, 1087.0, 1095.0, 1095.0, 1093.0, 1097.0, 1089.0, 1081.0, 1074.0, 1070.0, 1070.0, 1071.0, 1071.0, 1082.0, 1069.0, 1063.0, 1068.0, 1060.0, 1058.0, 1069.0, 1066.0, 1052.0, 1057.0, 1058.0, 1042.0, 1062.0, 1054.0, 1051.0, 1051.0, 1029.0, 1030.0, 1031.0, 1028.0, 1021.0, 1019.0, 1024.0, 1016.0, 1018.0, 1010.0, 1006.0, 995.0, 994.0, 990.0, 980.0, 981.0, 980.0, 975.0, 972.0, 968.0, 976.0, 967.0, 966.0, 967.0, 964.0, 961.0, 950.0, 952.0, 946.0, 932.0, 928.0, 921.0, 948.0, 918.0, 916.0, 896.0, 912.0, 905.0, 899.0, 906.0, 895.0, 912.0, 911.0, 907.0, 898.0, 882.0, 880.0, 865.0, 861.0, 865.0, 857.0, 845.0, 860.0, 850.0, 847.0, 841.0, 846.0, 852.0, 855.0, 880.0, 1103.0, 979.0, 1393.0, 975.0, 973.0, 967.0, 965.0, 977.0, 977.0, 977.0, 977.0, 978.0, 974.0, 972.0, 968.0, 961.0, 965.0, 955.0, 947.0, 972.0, 963.0, 970.0, 970.0, 970.0, 966.0, 975.0, 967.0, 961.0, 956.0, 958.0, 955.0, 949.0, 968.0, 961.0, 964.0, 969.0, 969.0, 962.0, 965.0, 966.0, 950.0, 973.0, 956.0, 968.0, 971.0, 964.0, 974.0, 964.0, 971.0, 970.0, 966.0, 974.0, 981.0, 981.0, 986.0, 976.0, 972.0, 971.0, 984.0, 980.0, 975.0, 980.0, 968.0, 982.0, 968.0, 972.0, 964.0, 969.0, 978.0, 974.0, 971.0, 971.0, 978.0, 966.0, 976.0, 977.0, 969.0, 972.0, 992.0, 976.0, 977.0, 970.0, 987.0, 970.0, 983.0, 988.0, 976.0, 984.0, 974.0, 977.0, 990.0, 979.0, 970.0, 975.0, 970.0, 971.0, 972.0, 975.0, 979.0, 984.0, 994.0, 994.0, 982.0, 980.0, 987.0, 984.0, 984.0, 984.0, 974.0, 975.0, 970.0, 974.0, 973.0, 962.0, 956.0, 965.0, 963.0, 970.0, 971.0, 964.0, 953.0, 936.0, 930.0, 949.0, 959.0, 971.0, 977.0, 963.0, 965.0, 962.0, 968.0, 979.0, 978.0, 988.0, 998.0, 999.0, 1008.0, 1013.0, 1022.0, 1014.0, 1034.0, 1042.0, 1046.0, 1051.0, 1068.0, 1062.0, 1080.0, 1080.0, 1080.0, 1094.0, 1096.0, 1111.0, 1106.0, 1114.0, 1095.0, 1111.0, 1117.0, 1095.0, 1130.0, 1102.0, 1103.0, 1096.0, 1105.0, 1111.0, 1102.0, 1111.0, 1112.0, 1113.0, 1119.0, 1126.0, 1131.0, 1146.0, 1141.0, 1130.0, 1137.0, 1142.0, 1139.0, 1157.0, 1164.0, 1171.0, 1177.0, 1194.0, 1183.0, 1201.0, 1210.0, 1218.0, 1233.0, 1224.0, 1237.0, 1241.0, 1230.0, 1246.0, 1259.0, 1271.0, 1274.0, 1278.0, 1276.0, 1298.0, 1292.0, 1287.0, 1295.0, 1318.0, 1327.0, 1328.0, 1324.0, 1345.0, 1334.0, 1305.0, 1324.0, 1321.0, 1324.0, 1324.0, 1352.0, 1354.0, 1366.0, 1363.0, 1355.0, 1338.0, 1377.0, 1374.0, 1381.0, 1383.0, 1393.0, 1404.0, 1409.0, 1399.0, 1424.0, 1401.0, 1414.0, 1436.0, 1418.0, 1426.0, 1426.0, 1436.0, 1444.0, 1449.0, 1421.0, 1441.0, 1467.0, 1472.0, 1469.0, 1481.0, 1492.0, 1469.0, 1493.0, 1495.0, 1487.0, 1500.0, 1508.0, 1497.0, 1524.0, 1510.0, 1510.0, 1529.0, 1545.0, 1548.0, 1551.0, 1553.0, 1554.0, 1550.0, 1560.0, 1572.0, 1576.0, 1574.0, 1583.0, 1597.0, 1593.0, 1597.0, 1612.0, 1612.0, 1599.0, 1603.0, 1600.0, 1610.0, 1632.0, 1625.0, 1636.0, 1635.0, 1635.0, 1632.0, 1635.0, 1641.0, 1642.0, 1630.0, 1639.0, 1644.0, 1651.0, 1645.0, 1657.0, 1657.0, 1654.0, 1661.0, 1660.0, 1653.0, 1650.0, 1650.0, 1653.0, 1666.0, 1697.0, 1697.0, 1700.0, 1699.0, 1690.0, 1678.0, 1671.0, 1677.0, 1671.0, 1675.0, 1682.0, 1675.0, 1675.0, 1667.0, 1705.0, 1703.0, 1701.0, 1704.0, 1672.0, 1686.0, 1730.0, 1732.0, 1708.0, 1706.0, 1737.0, 1746.0, 1744.0, 1748.0, 1748.0, 1755.0, 1751.0, 1746.0, 1750.0, 1744.0, 1746.0, 1736.0, 1724.0, 1754.0, 1746.0, 1747.0, 1745.0, 1745.0, 1718.0, 1718.0, 1718.0, 1775.0, 1784.0, 1768.0, 1723.0, 1767.0, 1765.0, 1759.0, 1758.0, 1759.0, 1760.0, 1810.0, 1809.0, 1801.0, 1782.0, 1788.0, 1788.0, 1798.0, 1809.0, 1810.0, 1818.0, 1806.0, 1809.0, 1826.0, 1817.0, 1804.0, 1788.0, 1769.0, 1812.0, 1844.0, 1839.0, 1830.0, 1808.0, 1820.0, 1832.0, 1823.0, 1828.0, 1840.0, 1830.0, 1840.0, 1811.0, 1825.0, 1829.0, 1835.0, 1840.0, 1842.0, 1840.0, 1836.0, 1856.0, 1856.0, 1848.0, 1844.0, 1839.0, 1835.0, 1830.0, 1831.0, 1832.0, 1849.0, 1835.0, 1839.0, 1830.0, 1830.0, 1859.0, 1826.0, 1854.0, 1840.0, 1840.0, 1836.0, 1841.0, 1841.0, 1834.0, 1831.0, 1851.0, 1864.0, 1861.0, 1845.0, 1871.0, 1840.0, 1837.0, 1853.0, 1838.0, 1847.0, 1841.0, 1849.0, 1837.0, 1847.0, 1838.0, 1844.0, 1844.0, 1828.0, 1827.0, 1830.0, 1836.0, 1829.0, 1833.0, 1830.0, 1831.0, 1825.0, 1830.0, 1834.0, 1821.0, 1821.0, 1816.0, 1766.0, 1791.0, 1798.0, 1820.0, 1805.0, 1801.0, 1803.0, 1798.0, 1814.0, 1798.0, 1777.0, 1776.0, 1789.0, 1789.0, 1807.0, 1776.0, 1776.0, 1778.0, 1767.0, 1779.0, 1775.0, 1767.0, 1765.0, 1769.0, 1776.0, 1762.0, 1750.0, 1758.0, 1755.0, 1752.0, 1754.0, 1757.0, 1766.0, 1764.0, 1763.0, 1759.0, 1729.0, 1728.0, 1728.0, 1705.0, 1711.0, 1693.0, 1693.0, 1693.0, 1693.0, 1685.0, 1681.0, 1678.0, 1684.0, 1681.0, 1689.0, 1693.0, 1691.0, 1686.0, 1677.0, 1677.0, 1680.0, 1684.0, 1684.0, 1705.0, 1681.0, 1679.0, 1678.0, 1678.0, 1678.0, 1693.0, 1669.0, 1662.0, 1664.0, 1667.0, 1635.0, 1636.0, 1650.0, 1627.0, 1663.0, 1622.0, 1621.0, 1623.0, 1619.0, 1612.0, 1607.0, 1590.0, 1603.0, 1605.0, 1595.0, 1616.0, 1615.0, 1615.0, 1604.0, 1600.0, 1600.0, 1608.0, 1612.0, 1626.0, 1626.0, 1606.0, 1600.0, 1593.0, 1579.0, 1579.0, 1575.0, 1570.0, 1570.0, 1569.0, 1555.0, 1569.0, 1545.0, 1549.0, 1529.0, 1529.0, 1539.0, 1533.0, 1501.0, 1529.0, 1501.0, 1508.0, 1508.0, 1507.0, 1507.0, 1497.0, 1490.0, 1490.0, 1495.0, 1475.0, 1483.0, 1483.0, 1460.0, 1471.0, 1471.0, 1471.0, 1473.0, 1476.0, 1456.0, 1436.0, 1448.0, 1459.0, 1454.0, 1445.0, 1421.0, 1434.0, 1434.0, 1433.0, 1426.0, 1423.0, 1428.0, 1424.0, 1428.0, 1407.0, 1407.0, 1419.0, 1407.0, 1404.0, 1403.0, 1405.0, 1406.0, 1403.0, 1404.0, 1398.0, 1397.0, 1395.0, 1399.0, 1390.0, 1384.0, 1388.0, 1402.0, 1379.0, 1390.0, 1362.0, 1374.0, 1373.0, 1372.0, 1372.0, 1381.0, 1381.0, 1373.0, 1373.0, 1376.0, 1368.0, 1359.0, 1368.0, 1368.0, 1371.0, 1337.0, 1340.0, 1338.0, 1330.0, 1330.0, 1325.0, 1325.0, 1319.0, 1329.0, 1342.0, 1331.0, 1311.0, 1342.0, 1336.0, 1330.0, 1330.0, 1320.0, 1314.0, 1314.0, 1304.0, 1321.0, 1322.0, 1317.0, 1313.0, 1307.0, 1303.0, 1303.0, 1289.0, 1302.0, 1322.0, 1308.0, 1294.0, 1292.0, 1293.0, 1326.0, 1314.0, 1294.0, 1287.0, 1294.0, 1294.0, 1295.0, 1300.0, 1296.0, 1294.0, 1292.0, 1308.0, 1304.0, 1308.0, 1308.0, 1311.0, 1308.0, 1308.0, 1316.0, 1310.0, 1309.0, 1308.0, 1304.0, 1327.0, 1315.0, 1324.0, 1327.0, 1313.0, 1313.0, 1324.0, 1324.0, 1316.0, 1318.0, 1330.0, 1345.0, 1335.0, 1325.0, 1358.0, 1348.0, 1348.0, 1346.0, 1349.0, 1343.0, 1329.0, 1330.0, 1333.0, 1350.0, 1358.0, 1358.0, 1333.0, 1349.0, 1350.0, 1368.0, 1358.0, 1337.0, 1338.0, 1349.0, 1349.0, 1363.0, 1365.0, 1367.0, 1367.0, 1365.0, 1365.0, 1365.0, 1368.0, 1375.0, 1365.0, 1368.0, 1367.0, 1369.0, 1369.0, 1378.0, 1372.0, 1389.0, 1380.0, 1385.0, 1391.0, 1385.0, 1385.0, 1407.0, 1419.0, 1419.0, 1419.0, 1409.0, 1407.0, 1423.0, 1397.0, 1410.0, 1395.0, 1406.0, 1415.0, 1417.0, 1433.0, 1429.0, 1431.0, 1434.0, 1433.0, 1443.0, 1445.0, 1458.0, 1465.0, 1434.0, 1443.0, 1464.0, 1468.0, 1443.0, 1446.0, 1454.0, 1463.0, 1470.0, 1461.0, 1480.0, 1479.0, 1461.0, 1479.0, 1467.0, 1469.0, 1496.0, 1478.0, 1493.0, 1482.0, 1482.0, 1473.0, 1482.0, 1483.0, 1489.0, 1489.0, 1498.0, 1488.0, 1488.0, 1520.0, 1496.0]