header: 
  seq: 1986
  stamp: 
    secs: 1548820806
    nsecs: 838783893
  frame_id: "base_link"
angle_min: -2.35619449615
angle_max: 2.35619449615
angle_increment: 0.00436332309619
time_increment: 1.73611151695e-05
scan_time: 0.0250000003725
range_min: 0.019999999553
range_max: 30.0
ranges: [0.35600000619888306, 0.35199999809265137, 0.3659999966621399, 0.3709999918937683, 0.3720000088214874, 0.3659999966621399, 0.3659999966621399, 0.37299999594688416, 0.37400001287460327, 0.367000013589859, 0.3619999885559082, 0.35899999737739563, 0.35899999737739563, 0.3610000014305115, 0.3619999885559082, 0.35899999737739563, 0.3330000042915344, 0.3100000023841858, 0.29899999499320984, 0.24899999797344208, 0.28600001335144043, 0.32499998807907104, 0.32499998807907104, 0.32600000500679016, 0.33500000834465027, 0.3319999873638153, 0.328000009059906, 0.3319999873638153, 0.32499998807907104, 0.33500000834465027, 0.33899998664855957, 0.33899998664855957, 0.34299999475479126, 0.34299999475479126, 0.33899998664855957, 0.3330000042915344, 0.3319999873638153, 0.3400000035762787, 0.3409999907016754, 0.32499998807907104, 0.3149999976158142, 0.3179999887943268, 0.32199999690055847, 0.3199999928474426, 0.3179999887943268, 0.3319999873638153, 0.3269999921321869, 0.3179999887943268, 0.32100000977516174, 0.32100000977516174, 0.31700000166893005, 0.3140000104904175, 0.3160000145435333, 0.31700000166893005, 0.30799999833106995, 0.3149999976158142, 0.3160000145435333, 0.31700000166893005, 0.31299999356269836, 0.3100000023841858, 0.3109999895095825, 0.3070000112056732, 0.3070000112056732, 0.30300000309944153, 0.30300000309944153, 0.3019999861717224, 0.2980000078678131, 0.2980000078678131, 0.30300000309944153, 0.3009999990463257, 0.29600000381469727, 0.29100000858306885, 0.296999990940094, 0.3059999942779541, 0.3009999990463257, 0.29899999499320984, 0.296999990940094, 0.2980000078678131, 0.296999990940094, 0.296999990940094, 0.29499998688697815, 0.2939999997615814, 0.28600001335144043, 0.28600001335144043, 0.29100000858306885, 0.28200000524520874, 0.28999999165534973, 0.28999999165534973, 0.2919999957084656, 0.28600001335144043, 0.2800000011920929, 0.2800000011920929, 0.2800000011920929, 0.2809999883174896, 0.28299999237060547, 0.28999999165534973, 0.29100000858306885, 0.28999999165534973, 0.28700000047683716, 0.28600001335144043, 0.28600001335144043, 0.2750000059604645, 0.2770000100135803, 0.2809999883174896, 0.2800000011920929, 0.27900001406669617, 0.27900001406669617, 0.27900001406669617, 0.2800000011920929, 0.27900001406669617, 0.27900001406669617, 0.27300000190734863, 0.2669999897480011, 0.2639999985694885, 0.26100000739097595, 0.26499998569488525, 0.2709999978542328, 0.2840000092983246, 0.2809999883174896, 0.27300000190734863, 0.27300000190734863, 0.2720000147819519, 0.2720000147819519, 0.2720000147819519, 0.27399998903274536, 0.2619999945163727, 0.2669999897480011, 0.2639999985694885, 0.2619999945163727, 0.26600000262260437, 0.2630000114440918, 0.25999999046325684, 0.2549999952316284, 0.2549999952316284, 0.25600001215934753, 0.2630000114440918, 0.2630000114440918, 0.25999999046325684, 0.2619999945163727, 0.2619999945163727, 0.25200000405311584, 0.2529999911785126, 0.2619999945163727, 0.25600001215934753, 0.2540000081062317, 0.2549999952316284, 0.2549999952316284, 0.25999999046325684, 0.26100000739097595, 0.2630000114440918, 0.2639999985694885, 0.25999999046325684, 0.26600000262260437, 0.25999999046325684, 0.26600000262260437, 0.2669999897480011, 0.26100000739097595, 0.2549999952316284, 0.2540000081062317, 0.24500000476837158, 0.24799999594688416, 0.2529999911785126, 0.2529999911785126, 0.2529999911785126, 0.2529999911785126, 0.2549999952316284, 0.257999986410141, 0.2590000033378601, 0.2590000033378601, 0.2630000114440918, 0.25200000405311584, 0.24899999797344208, 0.25200000405311584, 0.2529999911785126, 0.2529999911785126, 0.2540000081062317, 0.25200000405311584, 0.257999986410141, 0.25, 0.24699999392032623, 0.24699999392032623, 0.24899999797344208, 0.25099998712539673, 0.2460000067949295, 0.24500000476837158, 0.24799999594688416, 0.25099998712539673, 0.24699999392032623, 0.2460000067949295, 0.24500000476837158, 0.24400000274181366, 0.24199999868869781, 0.2540000081062317, 0.25, 0.2409999966621399, 0.23800000548362732, 0.23399999737739563, 0.2409999966621399, 0.24899999797344208, 0.24899999797344208, 0.25200000405311584, 0.25200000405311584, 0.2529999911785126, 0.25600001215934753, 0.2540000081062317, 0.2529999911785126, 0.25699999928474426, 0.25699999928474426, 0.2529999911785126, 0.25, 0.24799999594688416, 0.2529999911785126, 0.25699999928474426, 0.25699999928474426, 0.257999986410141, 0.26100000739097595, 0.2630000114440918, 0.2639999985694885, 0.2619999945163727, 0.26100000739097595, 0.25699999928474426, 0.2630000114440918, 0.26499998569488525, 0.26600000262260437, 0.2680000066757202, 0.2750000059604645, 0.27399998903274536, 0.2809999883174896, 0.27799999713897705, 0.2750000059604645, 0.27300000190734863, 0.28200000524520874, 0.28200000524520874, 0.28700000047683716, 0.28700000047683716, 0.2849999964237213, 0.2879999876022339, 0.2919999957084656, 0.30000001192092896, 0.30000001192092896, 0.3009999990463257, 0.3009999990463257, 0.30000001192092896, 0.3089999854564667, 0.30799999833106995, 0.3089999854564667, 0.3179999887943268, 0.3179999887943268, 0.3199999928474426, 0.32199999690055847, 0.33399999141693115, 0.33399999141693115, 0.3449999988079071, 0.3479999899864197, 0.38199999928474426, 0.45899999141693115, 0.5239999890327454, 0.35199999809265137, 2.1640000343322754, 2.1670000553131104, 2.1600000858306885, 2.1579999923706055, 2.1510000228881836, 2.1510000228881836, 2.1459999084472656, 2.135999917984009, 2.134000062942505, 2.131999969482422, 2.13100004196167, 2.125999927520752, 2.122999906539917, 2.11899995803833, 2.121999979019165, 2.117000102996826, 2.115999937057495, 2.115000009536743, 2.1050000190734863, 2.0959999561309814, 2.0929999351501465, 2.0850000381469727, 2.0820000171661377, 2.078000068664551, 2.0739998817443848, 2.069999933242798, 2.063999891281128, 2.056999921798706, 2.058000087738037, 2.055999994277954, 2.0450000762939453, 2.0420000553131104, 2.0320000648498535, 2.0269999504089355, 2.0269999504089355, 2.0209999084472656, 2.01200008392334, 1.9950000047683716, 1.9930000305175781, 1.9889999628067017, 1.9839999675750732, 1.9839999675750732, 1.975000023841858, 1.9700000286102295, 1.9700000286102295, 1.9589999914169312, 1.9490000009536743, 1.9420000314712524, 1.940999984741211, 1.9329999685287476, 1.9229999780654907, 1.9129999876022339, 1.9049999713897705, 1.8990000486373901, 1.8949999809265137, 1.8799999952316284, 1.878999948501587, 1.878999948501587, 1.8569999933242798, 1.8569999933242798, 1.847000002861023, 1.8420000076293945, 1.8300000429153442, 1.8250000476837158, 1.8240000009536743, 1.8109999895095825, 1.7999999523162842, 1.7910000085830688, 1.7920000553131104, 1.777999997138977, 1.7619999647140503, 1.7519999742507935, 1.7450000047683716, 1.7330000400543213, 1.7319999933242798, 1.715000033378601, 1.7109999656677246, 1.690999984741211, 1.684999942779541, 1.6770000457763672, 1.6649999618530273, 1.6399999856948853, 1.6399999856948853, 1.63100004196167, 1.628000020980835, 1.6200000047683716, 1.6150000095367432, 1.6080000400543213, 1.590000033378601, 1.5839999914169312, 1.5679999589920044, 1.5540000200271606, 1.5479999780654907, 1.5420000553131104, 1.534999966621399, 1.534999966621399, 1.5110000371932983, 1.5080000162124634, 1.503000020980835, 1.5019999742507935, 1.5019999742507935, 1.4819999933242798, 1.4769999980926514, 1.4759999513626099, 1.465000033378601, 1.4550000429153442, 1.4459999799728394, 1.444000005722046, 1.444000005722046, 1.437000036239624, 1.4270000457763672, 1.4119999408721924, 1.4079999923706055, 1.409999966621399, 1.4049999713897705, 1.3930000066757202, 1.3890000581741333, 1.3830000162124634, 1.3830000162124634, 1.3619999885559082, 1.3580000400543213, 1.3530000448226929, 1.3519999980926514, 1.340000033378601, 1.3389999866485596, 1.3339999914169312, 1.3220000267028809, 1.315000057220459, 1.315000057220459, 1.312999963760376, 1.2999999523162842, 1.2999999523162842, 1.2929999828338623, 1.2899999618530273, 1.2910000085830688, 1.2990000247955322, 1.2949999570846558, 1.277999997138977, 1.2680000066757202, 1.2610000371932983, 1.2580000162124634, 1.2580000162124634, 1.2569999694824219, 1.2549999952316284, 1.253999948501587, 1.2309999465942383, 1.2269999980926514, 1.225000023841858, 1.2259999513626099, 1.2230000495910645, 1.2170000076293945, 1.215000033378601, 1.2130000591278076, 1.2070000171661377, 1.1970000267028809, 1.190000057220459, 1.187000036239624, 1.187000036239624, 1.187999963760376, 1.184000015258789, 1.1729999780654907, 1.1779999732971191, 1.1729999780654907, 1.1649999618530273, 1.1649999618530273, 1.1610000133514404, 1.156000018119812, 1.156999945640564, 1.1549999713897705, 1.1469999551773071, 1.1390000581741333, 1.1369999647140503, 1.1369999647140503, 1.1380000114440918, 1.1339999437332153, 1.1330000162124634, 1.1349999904632568, 1.1480000019073486, 1.1480000019073486, 1.1399999856948853, 1.128000020980835, 1.1239999532699585, 1.121999979019165, 1.121999979019165, 1.1200000047683716, 1.1139999628067017, 1.1139999628067017, 1.1150000095367432, 1.1160000562667847, 1.1160000562667847, 1.1119999885559082, 1.1050000190734863, 1.1019999980926514, 1.0980000495910645, 1.0980000495910645, 1.0950000286102295, 1.0980000495910645, 1.093999981880188, 1.090999960899353, 1.090000033378601, 1.0889999866485596, 1.0850000381469727, 1.0859999656677246, 1.0889999866485596, 1.090999960899353, 1.0770000219345093, 1.0770000219345093, 1.0800000429153442, 1.0750000476837158, 1.069000005722046, 1.0709999799728394, 1.069000005722046, 1.0679999589920044, 1.065000057220459, 1.059999942779541, 1.062000036239624, 1.062000036239624, 1.059999942779541, 1.059000015258789, 1.059999942779541, 1.059999942779541, 1.0529999732971191, 1.0529999732971191, 1.0509999990463257, 1.0460000038146973, 1.0410000085830688, 1.0399999618530273, 1.0410000085830688, 1.0390000343322754, 1.0390000343322754, 1.0390000343322754, 1.0369999408721924, 1.034999966621399, 1.034999966621399, 1.0390000343322754, 1.034999966621399, 1.034999966621399, 1.034000039100647, 1.031000018119812, 1.0290000438690186, 1.0299999713897705, 1.0299999713897705, 1.0240000486373901, 1.0219999551773071, 1.0260000228881836, 1.0269999504089355, 1.0169999599456787, 1.0130000114440918, 1.0089999437332153, 1.0089999437332153, 1.0110000371932983, 1.0140000581741333, 1.0110000371932983, 1.0019999742507935, 1.00600004196167, 1.0049999952316284, 1.0080000162124634, 1.0169999599456787, 1.0130000114440918, 1.0069999694824219, 0.9990000128746033, 0.9990000128746033, 1.0019999742507935, 1.0049999952316284, 1.003000020980835, 1.0010000467300415, 1.0010000467300415, 1.0010000467300415, 0.9980000257492065, 0.9980000257492065, 0.9990000128746033, 0.9990000128746033, 0.9940000176429749, 0.9850000143051147, 0.9819999933242798, 0.9879999756813049, 0.9919999837875366, 0.9919999837875366, 0.9890000224113464, 0.9900000095367432, 0.9900000095367432, 0.9879999756813049, 0.984000027179718, 0.9729999899864197, 0.972000002861023, 0.9739999771118164, 0.9750000238418579, 0.9710000157356262, 0.9739999771118164, 0.9760000109672546, 0.9760000109672546, 0.9760000109672546, 0.9760000109672546, 0.9739999771118164, 0.9710000157356262, 0.9649999737739563, 0.9660000205039978, 0.9649999737739563, 0.9649999737739563, 0.9580000042915344, 0.9459999799728394, 0.9459999799728394, 0.9520000219345093, 0.9559999704360962, 0.953000009059906, 0.953000009059906, 0.9539999961853027, 0.9539999961853027, 0.953000009059906, 0.9470000267028809, 0.9470000267028809, 0.9470000267028809, 0.9470000267028809, 0.9440000057220459, 0.9440000057220459, 0.9440000057220459, 0.9369999766349792, 0.9330000281333923, 0.9319999814033508, 0.9319999814033508, 0.9319999814033508, 0.9350000023841858, 0.9369999766349792, 0.9319999814033508, 0.925000011920929, 0.921999990940094, 0.9169999957084656, 0.9190000295639038, 0.925000011920929, 0.9210000038146973, 0.9129999876022339, 0.9110000133514404, 0.9100000262260437, 0.9110000133514404, 0.9110000133514404, 0.9160000085830688, 0.9160000085830688, 0.9139999747276306, 0.9110000133514404, 0.9049999713897705, 0.9070000052452087, 0.9089999794960022, 0.9089999794960022, 0.9110000133514404, 0.902999997138977, 0.9010000228881836, 0.9010000228881836, 0.9010000228881836, 0.8989999890327454, 0.8980000019073486, 0.8980000019073486, 0.8980000019073486, 0.8949999809265137, 0.8949999809265137, 0.8949999809265137, 0.8949999809265137, 0.8870000243186951, 0.8920000195503235, 0.8920000195503235, 0.8840000033378601, 0.8769999742507935, 0.8769999742507935, 0.8820000290870667, 0.8790000081062317, 0.8820000290870667, 0.8820000290870667, 0.8820000290870667, 0.8799999952316284, 0.878000020980835, 0.8759999871253967, 0.8730000257492065, 0.8709999918937683, 0.8709999918937683, 0.8709999918937683, 0.8709999918937683, 0.8709999918937683, 0.8669999837875366, 0.8610000014305115, 0.8610000014305115, 0.8610000014305115, 0.8579999804496765, 0.8539999723434448, 0.8519999980926514, 0.8560000061988831, 0.8560000061988831, 0.859000027179718, 0.8539999723434448, 0.8539999723434448, 0.8539999723434448, 0.8510000109672546, 0.8510000109672546, 0.8539999723434448, 0.8510000109672546, 0.8489999771118164, 0.8460000157356262, 0.8429999947547913, 0.8450000286102295, 0.8479999899864197, 0.8500000238418579, 0.8500000238418579, 0.8389999866485596, 0.8460000157356262, 0.8450000286102295, 0.8330000042915344, 0.8289999961853027, 0.8289999961853027, 0.8410000205039978, 0.8410000205039978, 0.8379999995231628, 0.8339999914169312, 0.8330000042915344, 0.8259999752044678, 0.8240000009536743, 0.8230000138282776, 0.8230000138282776, 0.8259999752044678, 0.8209999799728394, 0.8180000185966492, 0.8180000185966492, 0.8190000057220459, 0.8190000057220459, 0.8140000104904175, 0.8119999766349792, 0.8159999847412109, 0.8149999976158142, 0.8080000281333923, 0.8059999942779541, 0.8059999942779541, 0.8019999861717224, 0.8069999814033508, 0.8059999942779541, 0.8059999942779541, 0.8019999861717224, 0.8059999942779541, 0.8029999732971191, 0.7960000038146973, 0.7879999876022339, 0.7850000262260437, 0.7879999876022339, 0.7900000214576721, 0.7919999957084656, 0.7879999876022339, 0.7820000052452087, 0.7799999713897705, 0.7860000133514404, 0.7879999876022339, 0.7889999747276306, 0.7910000085830688, 0.7919999957084656, 0.7919999957084656, 0.7799999713897705, 0.777999997138977, 0.7770000100135803, 0.7749999761581421, 0.7760000228881836, 0.7720000147819519, 0.7710000276565552, 0.7720000147819519, 0.7739999890327454, 0.7680000066757202, 0.765999972820282, 0.7770000100135803, 0.7739999890327454, 0.7649999856948853, 0.7649999856948853, 0.7649999856948853, 0.765999972820282, 0.7620000243186951, 0.7609999775886536, 0.7570000290870667, 0.7559999823570251, 0.7570000290870667, 0.7570000290870667, 0.7570000290870667, 0.7549999952316284, 0.7570000290870667, 0.7580000162124634, 0.753000020980835, 0.7519999742507935, 0.7509999871253967, 0.75, 0.7440000176429749, 0.7440000176429749, 0.746999979019165, 0.746999979019165, 0.7419999837875366, 0.7360000014305115, 0.7360000014305115, 0.7440000176429749, 0.7480000257492065, 0.7429999709129333, 0.7360000014305115, 0.7360000014305115, 0.7440000176429749, 0.7440000176429749, 0.7429999709129333, 0.7409999966621399, 0.7369999885559082, 0.7260000109672546, 0.7260000109672546, 0.7250000238418579, 0.7319999933242798, 0.7390000224113464, 0.7289999723434448, 0.7289999723434448, 0.7269999980926514, 0.7260000109672546, 0.734000027179718, 0.7350000143051147, 0.7279999852180481, 0.7289999723434448, 0.7260000109672546, 0.7229999899864197, 0.7200000286102295, 0.7200000286102295, 0.722000002861023, 0.7229999899864197, 0.7200000286102295, 0.7179999947547913, 0.7160000205039978, 0.7170000076293945, 0.7160000205039978, 0.7160000205039978, 0.7129999995231628, 0.7139999866485596, 0.7129999995231628, 0.7139999866485596, 0.7089999914169312, 0.7059999704360962, 0.7059999704360962, 0.7080000042915344, 0.7149999737739563, 0.7149999737739563, 0.699999988079071, 0.703000009059906, 0.7070000171661377, 0.7099999785423279, 0.7070000171661377, 0.7059999704360962, 0.6990000009536743, 0.6980000138282776, 0.699999988079071, 0.6990000009536743, 0.6980000138282776, 0.699999988079071, 0.703000009059906, 0.7020000219345093, 0.6949999928474426, 0.6909999847412109, 0.6909999847412109, 0.6930000185966492, 0.6930000185966492, 0.6940000057220459, 0.6990000009536743, 0.6959999799728394, 0.6930000185966492, 0.6880000233650208, 0.6869999766349792, 0.6869999766349792, 0.6869999766349792, 0.6869999766349792, 0.6909999847412109, 0.6899999976158142, 0.6899999976158142, 0.6869999766349792, 0.6869999766349792, 0.6809999942779541, 0.6819999814033508, 0.6819999814033508, 0.6819999814033508, 0.6819999814033508, 0.6819999814033508, 0.6819999814033508, 0.6819999814033508, 0.6819999814033508, 0.6779999732971191, 0.6819999814033508, 0.6809999942779541, 0.6790000200271606, 0.6769999861717224, 0.6869999766349792, 0.6869999766349792, 0.6769999861717224, 0.6759999990463257, 0.6759999990463257, 0.675000011920929, 0.6710000038146973, 0.6690000295639038, 0.6679999828338623, 0.6729999780654907, 0.675000011920929, 0.675000011920929, 0.6710000038146973, 0.6729999780654907, 0.6759999990463257, 0.6729999780654907, 0.6710000038146973, 0.6620000004768372, 0.6700000166893005, 0.6700000166893005, 0.6710000038146973, 0.6700000166893005, 0.6700000166893005, 0.6690000295639038, 0.6700000166893005, 0.6620000004768372, 0.6610000133514404, 0.6629999876022339, 0.6629999876022339, 0.6679999828338623, 0.6690000295639038, 0.6740000247955322, 0.6679999828338623, 0.6650000214576721, 0.6620000004768372, 0.6620000004768372, 0.6620000004768372, 0.6690000295639038, 0.6690000295639038, 0.6620000004768372, 0.6610000133514404, 0.6579999923706055, 0.656000018119812, 0.6539999842643738, 0.6710000038146973, 0.6710000038146973, 0.6650000214576721, 0.6589999794960022, 0.6579999923706055, 0.6589999794960022, 0.6589999794960022, 0.6589999794960022, 0.652999997138977, 0.6520000100135803, 0.652999997138977, 0.6549999713897705, 0.6579999923706055, 0.6510000228881836, 0.656000018119812, 0.6539999842643738, 0.6539999842643738, 0.6570000052452087, 0.6579999923706055, 0.6579999923706055, 0.671999990940094, 0.6579999923706055, 0.6579999923706055, 0.6650000214576721, 0.6650000214576721, 0.656000018119812, 0.656000018119812, 0.656000018119812, 0.6539999842643738, 0.656000018119812, 0.6600000262260437, 0.6610000133514404, 0.6589999794960022, 0.6549999713897705, 0.6570000052452087, 0.6539999842643738, 0.6539999842643738, 0.6539999842643738, 0.6570000052452087, 0.6579999923706055, 0.6589999794960022, 0.6570000052452087, 0.6539999842643738, 0.6570000052452087, 0.6549999713897705, 0.656000018119812, 0.652999997138977, 0.6549999713897705, 0.6589999794960022, 0.6589999794960022, 0.6610000133514404, 0.6629999876022339, 0.6620000004768372, 0.6620000004768372, 0.6620000004768372, 0.6629999876022339, 0.6650000214576721, 0.6610000133514404, 0.656000018119812, 0.656000018119812, 0.6589999794960022, 0.6610000133514404, 0.6570000052452087, 0.6579999923706055, 0.6570000052452087, 0.6570000052452087, 0.6570000052452087, 0.6570000052452087, 0.6629999876022339, 0.6650000214576721, 0.6579999923706055, 0.6579999923706055, 0.6620000004768372, 0.6639999747276306, 0.6669999957084656, 0.6660000085830688, 0.6660000085830688, 0.6650000214576721, 0.6700000166893005, 0.6710000038146973, 0.671999990940094, 0.6740000247955322, 0.6660000085830688, 0.6660000085830688, 0.6679999828338623, 0.671999990940094, 0.671999990940094, 0.671999990940094, 0.6690000295639038, 0.6729999780654907, 0.6710000038146973, 0.6759999990463257, 0.675000011920929, 0.675000011920929, 0.6790000200271606, 0.6790000200271606, 0.6809999942779541, 0.6850000023841858, 0.6840000152587891, 0.6809999942779541, 0.6800000071525574, 0.6800000071525574, 0.6800000071525574, 0.6909999847412109, 0.6890000104904175, 0.6899999976158142, 0.6850000023841858, 0.6880000233650208, 0.6940000057220459, 0.6940000057220459, 0.6909999847412109, 0.6869999766349792, 0.6940000057220459, 0.699999988079071, 0.6949999928474426, 0.6919999718666077, 0.6959999799728394, 0.7020000219345093, 0.703000009059906, 0.6949999928474426, 0.6990000009536743, 0.7170000076293945, 0.7129999995231628, 0.7059999704360962, 0.7059999704360962, 0.7149999737739563, 0.7129999995231628, 0.7089999914169312, 0.7089999914169312, 0.7099999785423279, 0.7129999995231628, 0.7139999866485596, 0.7110000252723694, 0.7129999995231628, 0.7120000123977661, 0.7089999914169312, 0.7139999866485596, 0.7250000238418579, 0.718999981880188, 0.7179999947547913, 0.7179999947547913, 0.7170000076293945, 0.7160000205039978, 0.7139999866485596, 0.7110000252723694, 0.7110000252723694, 0.7179999947547913, 0.7229999899864197, 0.7139999866485596, 0.718999981880188, 0.7239999771118164, 0.7229999899864197, 0.7319999933242798, 0.7329999804496765, 0.7329999804496765, 0.7319999933242798, 0.7360000014305115, 0.7459999918937683, 0.7459999918937683, 0.7419999837875366, 0.7409999966621399, 0.7459999918937683, 0.7459999918937683, 0.7450000047683716, 0.7459999918937683, 0.746999979019165, 0.7459999918937683, 0.7369999885559082, 0.7419999837875366, 0.746999979019165, 0.7509999871253967, 0.753000020980835, 0.7559999823570251, 0.7509999871253967, 0.7519999742507935, 0.7519999742507935, 0.7540000081062317, 0.7630000114440918, 0.7680000066757202, 0.765999972820282, 0.7630000114440918, 0.7720000147819519, 0.7839999794960022, 0.7870000004768372, 0.7870000004768372, 0.781000018119812, 0.7910000085830688, 0.8100000023841858, 0.8149999976158142, 0.8080000281333923, 0.8040000200271606, 0.8130000233650208, 0.8270000219345093, 0.8220000267028809, 0.8230000138282776, 0.8230000138282776, 0.8309999704360962, 0.8309999704360962, 0.8360000252723694]
intensities: [1097.0, 1109.0, 1198.0, 1254.0, 1315.0, 1320.0, 1346.0, 1401.0, 1404.0, 1400.0, 1399.0, 1412.0, 1412.0, 1328.0, 1318.0, 1292.0, 1078.0, 979.0, 914.0, 787.0, 832.0, 909.0, 947.0, 955.0, 983.0, 995.0, 1002.0, 1071.0, 1094.0, 1252.0, 1349.0, 1349.0, 1389.0, 1389.0, 1423.0, 1455.0, 1455.0, 1434.0, 1427.0, 1430.0, 1417.0, 1417.0, 1417.0, 1417.0, 1417.0, 1437.0, 1433.0, 1419.0, 1409.0, 1390.0, 1387.0, 1385.0, 1378.0, 1379.0, 1378.0, 1378.0, 1377.0, 1385.0, 1374.0, 1372.0, 1383.0, 1363.0, 1358.0, 1357.0, 1361.0, 1367.0, 1368.0, 1358.0, 1357.0, 1353.0, 1350.0, 1352.0, 1343.0, 1319.0, 1343.0, 1341.0, 1319.0, 1327.0, 1308.0, 1314.0, 1321.0, 1314.0, 1314.0, 1314.0, 1314.0, 1301.0, 1304.0, 1304.0, 1301.0, 1302.0, 1295.0, 1305.0, 1305.0, 1301.0, 1301.0, 1289.0, 1286.0, 1280.0, 1276.0, 1275.0, 1302.0, 1256.0, 1247.0, 1262.0, 1271.0, 1291.0, 1280.0, 1278.0, 1265.0, 1260.0, 1260.0, 1278.0, 1271.0, 1271.0, 1261.0, 1259.0, 1260.0, 1243.0, 1254.0, 1254.0, 1254.0, 1242.0, 1242.0, 1248.0, 1251.0, 1244.0, 1248.0, 1230.0, 1237.0, 1248.0, 1236.0, 1242.0, 1236.0, 1244.0, 1243.0, 1250.0, 1254.0, 1228.0, 1229.0, 1229.0, 1223.0, 1232.0, 1237.0, 1242.0, 1237.0, 1234.0, 1236.0, 1245.0, 1245.0, 1253.0, 1260.0, 1254.0, 1242.0, 1263.0, 1260.0, 1267.0, 1272.0, 1275.0, 1274.0, 1257.0, 1259.0, 1264.0, 1265.0, 1260.0, 1253.0, 1255.0, 1251.0, 1257.0, 1240.0, 1234.0, 1236.0, 1233.0, 1224.0, 1212.0, 1212.0, 1220.0, 1215.0, 1214.0, 1210.0, 1217.0, 1217.0, 1212.0, 1209.0, 1205.0, 1198.0, 1200.0, 1203.0, 1188.0, 1188.0, 1172.0, 1170.0, 1157.0, 1172.0, 1157.0, 1149.0, 1148.0, 1142.0, 1144.0, 1128.0, 1132.0, 1133.0, 1125.0, 1121.0, 1137.0, 1134.0, 1134.0, 1134.0, 1134.0, 1119.0, 1116.0, 1120.0, 1132.0, 1122.0, 1115.0, 1105.0, 1124.0, 1102.0, 1093.0, 1094.0, 1090.0, 1103.0, 1119.0, 1083.0, 1091.0, 1101.0, 1103.0, 1099.0, 1097.0, 1106.0, 1095.0, 1084.0, 1097.0, 1100.0, 1103.0, 1103.0, 1089.0, 1079.0, 1085.0, 1079.0, 1071.0, 1056.0, 1056.0, 1039.0, 1023.0, 1019.0, 1016.0, 1014.0, 1012.0, 1015.0, 1008.0, 1003.0, 1003.0, 992.0, 999.0, 1114.0, 1429.0, 1591.0, 554.0, 932.0, 948.0, 976.0, 996.0, 996.0, 996.0, 989.0, 999.0, 998.0, 1002.0, 1000.0, 999.0, 999.0, 999.0, 1003.0, 999.0, 1001.0, 1013.0, 1007.0, 994.0, 998.0, 992.0, 991.0, 992.0, 1002.0, 988.0, 992.0, 990.0, 1000.0, 1004.0, 999.0, 995.0, 988.0, 991.0, 994.0, 998.0, 993.0, 981.0, 996.0, 1006.0, 998.0, 998.0, 1000.0, 998.0, 998.0, 991.0, 993.0, 986.0, 1003.0, 982.0, 1003.0, 995.0, 997.0, 988.0, 992.0, 984.0, 983.0, 983.0, 990.0, 990.0, 996.0, 1001.0, 988.0, 985.0, 983.0, 988.0, 977.0, 969.0, 975.0, 976.0, 980.0, 987.0, 981.0, 985.0, 982.0, 988.0, 989.0, 996.0, 992.0, 1000.0, 1000.0, 992.0, 992.0, 1004.0, 1004.0, 1008.0, 1020.0, 1021.0, 1015.0, 1028.0, 1040.0, 1035.0, 1032.0, 1052.0, 1055.0, 1055.0, 1067.0, 1067.0, 1061.0, 1057.0, 1057.0, 1078.0, 1087.0, 1081.0, 1067.0, 1082.0, 1087.0, 1106.0, 1106.0, 1081.0, 1106.0, 1106.0, 1105.0, 1115.0, 1115.0, 1102.0, 1086.0, 1090.0, 1119.0, 1098.0, 1094.0, 1097.0, 1095.0, 1092.0, 1093.0, 1095.0, 1113.0, 1116.0, 1115.0, 1106.0, 1112.0, 1115.0, 1115.0, 1125.0, 1122.0, 1144.0, 1137.0, 1128.0, 1134.0, 1131.0, 1115.0, 1100.0, 1130.0, 1137.0, 1164.0, 1123.0, 1139.0, 1134.0, 1128.0, 1134.0, 1116.0, 1119.0, 1135.0, 1136.0, 1135.0, 1117.0, 1113.0, 1117.0, 1132.0, 1123.0, 1120.0, 1134.0, 1148.0, 1139.0, 1173.0, 1167.0, 1155.0, 1164.0, 1171.0, 1187.0, 1185.0, 1196.0, 1198.0, 1236.0, 1244.0, 1240.0, 1266.0, 1297.0, 1297.0, 1288.0, 1299.0, 1308.0, 1313.0, 1302.0, 1299.0, 1320.0, 1322.0, 1334.0, 1325.0, 1325.0, 1334.0, 1346.0, 1348.0, 1340.0, 1331.0, 1342.0, 1359.0, 1360.0, 1349.0, 1361.0, 1374.0, 1379.0, 1368.0, 1383.0, 1396.0, 1392.0, 1392.0, 1399.0, 1403.0, 1417.0, 1413.0, 1410.0, 1408.0, 1420.0, 1422.0, 1416.0, 1416.0, 1418.0, 1421.0, 1421.0, 1426.0, 1424.0, 1426.0, 1430.0, 1443.0, 1431.0, 1448.0, 1432.0, 1450.0, 1449.0, 1454.0, 1444.0, 1438.0, 1438.0, 1431.0, 1447.0, 1452.0, 1456.0, 1455.0, 1446.0, 1444.0, 1444.0, 1447.0, 1440.0, 1450.0, 1463.0, 1454.0, 1452.0, 1452.0, 1458.0, 1453.0, 1449.0, 1458.0, 1459.0, 1463.0, 1467.0, 1450.0, 1462.0, 1461.0, 1461.0, 1447.0, 1453.0, 1454.0, 1459.0, 1457.0, 1465.0, 1460.0, 1458.0, 1463.0, 1463.0, 1486.0, 1466.0, 1455.0, 1472.0, 1463.0, 1467.0, 1467.0, 1471.0, 1481.0, 1486.0, 1502.0, 1493.0, 1478.0, 1474.0, 1470.0, 1477.0, 1477.0, 1483.0, 1483.0, 1472.0, 1484.0, 1475.0, 1473.0, 1472.0, 1497.0, 1491.0, 1504.0, 1494.0, 1494.0, 1495.0, 1485.0, 1483.0, 1505.0, 1507.0, 1503.0, 1503.0, 1510.0, 1490.0, 1495.0, 1499.0, 1502.0, 1497.0, 1497.0, 1504.0, 1513.0, 1513.0, 1514.0, 1502.0, 1527.0, 1527.0, 1518.0, 1514.0, 1519.0, 1519.0, 1522.0, 1520.0, 1517.0, 1515.0, 1515.0, 1510.0, 1520.0, 1542.0, 1538.0, 1525.0, 1525.0, 1525.0, 1547.0, 1532.0, 1534.0, 1520.0, 1524.0, 1526.0, 1528.0, 1523.0, 1533.0, 1523.0, 1532.0, 1533.0, 1561.0, 1525.0, 1525.0, 1537.0, 1546.0, 1546.0, 1545.0, 1546.0, 1540.0, 1550.0, 1550.0, 1562.0, 1544.0, 1544.0, 1549.0, 1540.0, 1550.0, 1550.0, 1550.0, 1544.0, 1551.0, 1559.0, 1559.0, 1559.0, 1570.0, 1570.0, 1572.0, 1568.0, 1563.0, 1571.0, 1571.0, 1567.0, 1569.0, 1575.0, 1571.0, 1574.0, 1574.0, 1570.0, 1575.0, 1579.0, 1579.0, 1575.0, 1579.0, 1570.0, 1579.0, 1578.0, 1580.0, 1581.0, 1581.0, 1581.0, 1593.0, 1596.0, 1587.0, 1584.0, 1594.0, 1588.0, 1585.0, 1582.0, 1589.0, 1593.0, 1600.0, 1600.0, 1599.0, 1599.0, 1605.0, 1601.0, 1601.0, 1599.0, 1599.0, 1595.0, 1634.0, 1623.0, 1633.0, 1606.0, 1611.0, 1600.0, 1614.0, 1614.0, 1608.0, 1608.0, 1607.0, 1611.0, 1609.0, 1609.0, 1633.0, 1616.0, 1628.0, 1633.0, 1611.0, 1631.0, 1622.0, 1622.0, 1622.0, 1616.0, 1620.0, 1613.0, 1615.0, 1623.0, 1636.0, 1632.0, 1635.0, 1630.0, 1635.0, 1651.0, 1646.0, 1647.0, 1641.0, 1635.0, 1655.0, 1649.0, 1644.0, 1648.0, 1654.0, 1651.0, 1645.0, 1652.0, 1653.0, 1653.0, 1634.0, 1646.0, 1631.0, 1624.0, 1627.0, 1638.0, 1638.0, 1647.0, 1639.0, 1636.0, 1638.0, 1632.0, 1633.0, 1634.0, 1636.0, 1642.0, 1642.0, 1640.0, 1641.0, 1635.0, 1637.0, 1642.0, 1636.0, 1636.0, 1634.0, 1638.0, 1638.0, 1644.0, 1631.0, 1646.0, 1638.0, 1647.0, 1644.0, 1633.0, 1637.0, 1633.0, 1634.0, 1638.0, 1641.0, 1637.0, 1634.0, 1636.0, 1631.0, 1636.0, 1642.0, 1630.0, 1635.0, 1633.0, 1631.0, 1634.0, 1634.0, 1635.0, 1632.0, 1633.0, 1638.0, 1633.0, 1629.0, 1625.0, 1621.0, 1625.0, 1638.0, 1620.0, 1620.0, 1622.0, 1621.0, 1608.0, 1613.0, 1618.0, 1627.0, 1618.0, 1615.0, 1608.0, 1601.0, 1586.0, 1593.0, 1605.0, 1600.0, 1591.0, 1603.0, 1618.0, 1598.0, 1581.0, 1577.0, 1579.0, 1589.0, 1589.0, 1570.0, 1555.0, 1560.0, 1561.0, 1564.0, 1564.0, 1577.0, 1582.0, 1573.0, 1586.0, 1550.0, 1550.0, 1560.0, 1544.0, 1548.0, 1542.0, 1543.0, 1528.0, 1517.0, 1518.0, 1515.0, 1516.0, 1500.0, 1509.0, 1500.0, 1493.0, 1498.0, 1513.0, 1503.0, 1503.0, 1513.0, 1485.0, 1473.0, 1486.0, 1492.0, 1495.0, 1479.0, 1492.0, 1470.0, 1473.0, 1480.0, 1469.0, 1459.0, 1464.0, 1461.0, 1447.0, 1454.0, 1454.0, 1461.0, 1448.0, 1448.0, 1455.0, 1461.0, 1442.0, 1418.0, 1445.0, 1445.0, 1436.0, 1441.0, 1459.0, 1446.0, 1418.0, 1426.0, 1434.0, 1423.0, 1417.0, 1422.0, 1409.0, 1415.0, 1403.0, 1416.0, 1423.0, 1400.0, 1400.0, 1415.0, 1405.0, 1405.0, 1409.0, 1398.0, 1399.0, 1389.0, 1377.0, 1367.0, 1373.0, 1381.0, 1400.0, 1397.0, 1392.0, 1392.0, 1393.0, 1402.0, 1394.0, 1386.0, 1386.0, 1386.0, 1391.0, 1391.0, 1371.0, 1371.0, 1376.0, 1370.0, 1369.0, 1389.0, 1377.0, 1372.0, 1370.0, 1379.0, 1376.0, 1381.0, 1381.0, 1354.0, 1356.0, 1347.0, 1331.0, 1336.0, 1326.0, 1334.0, 1350.0, 1351.0, 1343.0, 1347.0, 1343.0, 1348.0, 1337.0, 1330.0, 1327.0, 1327.0, 1308.0, 1297.0, 1345.0, 1332.0, 1332.0, 1318.0, 1316.0, 1322.0, 1324.0, 1333.0, 1328.0, 1332.0, 1332.0, 1316.0, 1311.0, 1306.0, 1319.0, 1324.0, 1312.0, 1325.0, 1319.0, 1313.0, 1305.0, 1305.0, 1309.0, 1313.0, 1308.0, 1313.0, 1313.0, 1315.0, 1332.0, 1325.0, 1332.0, 1333.0, 1326.0, 1317.0, 1330.0, 1321.0, 1321.0, 1335.0, 1335.0, 1337.0, 1333.0, 1322.0, 1319.0, 1330.0, 1329.0, 1329.0, 1325.0, 1336.0, 1343.0, 1311.0, 1317.0, 1331.0, 1331.0, 1334.0, 1327.0, 1324.0, 1322.0, 1333.0, 1323.0, 1313.0, 1331.0, 1333.0, 1311.0, 1323.0, 1308.0, 1317.0, 1316.0, 1316.0, 1335.0, 1336.0, 1326.0, 1326.0, 1324.0, 1325.0, 1326.0, 1325.0, 1339.0, 1335.0, 1357.0, 1346.0, 1335.0, 1349.0, 1348.0, 1348.0, 1341.0, 1344.0, 1341.0, 1329.0, 1325.0, 1325.0, 1330.0, 1329.0, 1350.0, 1335.0, 1329.0, 1335.0, 1330.0, 1334.0, 1338.0, 1314.0, 1344.0, 1344.0, 1340.0, 1330.0, 1341.0, 1341.0, 1336.0, 1335.0, 1335.0, 1353.0, 1335.0, 1349.0, 1357.0, 1361.0, 1364.0, 1382.0, 1370.0, 1384.0, 1373.0, 1365.0, 1355.0, 1360.0, 1355.0, 1375.0, 1367.0, 1350.0, 1329.0, 1326.0, 1337.0, 1337.0, 1322.0, 1330.0, 1326.0, 1321.0, 1307.0, 1283.0, 1297.0, 1288.0, 1291.0, 1293.0, 1290.0, 1298.0]