header: 
  seq: 1421
  stamp: 
    secs: 1548820792
    nsecs: 681793525
  frame_id: "base_link"
angle_min: -2.35619449615
angle_max: 2.35619449615
angle_increment: 0.00436332309619
time_increment: 1.73611151695e-05
scan_time: 0.0250000003725
range_min: 0.019999999553
range_max: 30.0
ranges: [0.4189999997615814, 0.4259999990463257, 0.4180000126361847, 0.40400001406669617, 0.4059999883174896, 0.4180000126361847, 0.4129999876022339, 0.4090000092983246, 0.4090000092983246, 0.4090000092983246, 0.4090000092983246, 0.4059999883174896, 0.4020000100135803, 0.38600000739097595, 0.38600000739097595, 0.375, 0.3490000069141388, 0.33500000834465027, 0.30300000309944153, 0.3070000112056732, 0.3140000104904175, 0.3659999966621399, 0.3790000081062317, 0.3880000114440918, 0.3880000114440918, 0.3869999945163727, 0.3840000033378601, 0.37299999594688416, 0.3700000047683716, 0.3630000054836273, 0.3529999852180481, 0.36899998784065247, 0.3720000088214874, 0.37400001287460327, 0.37400001287460327, 0.36899998784065247, 0.3659999966621399, 0.36500000953674316, 0.3659999966621399, 0.36899998784065247, 0.36800000071525574, 0.36500000953674316, 0.3630000054836273, 0.3630000054836273, 0.3619999885559082, 0.3580000102519989, 0.35600000619888306, 0.35199999809265137, 0.3529999852180481, 0.3499999940395355, 0.3499999940395355, 0.35199999809265137, 0.35499998927116394, 0.3540000021457672, 0.3540000021457672, 0.3479999899864197, 0.3440000116825104, 0.34599998593330383, 0.33899998664855957, 0.3370000123977661, 0.33500000834465027, 0.33399999141693115, 0.33000001311302185, 0.32600000500679016, 0.32899999618530273, 0.328000009059906, 0.3240000009536743, 0.32199999690055847, 0.32199999690055847, 0.3240000009536743, 0.32600000500679016, 0.33000001311302185, 0.328000009059906, 0.32100000977516174, 0.3160000145435333, 0.3160000145435333, 0.31700000166893005, 0.3199999928474426, 0.3140000104904175, 0.3109999895095825, 0.3059999942779541, 0.3089999854564667, 0.3089999854564667, 0.3149999976158142, 0.31200000643730164, 0.30799999833106995, 0.30300000309944153, 0.30300000309944153, 0.30300000309944153, 0.3059999942779541, 0.30799999833106995, 0.2980000078678131, 0.2930000126361847, 0.2930000126361847, 0.2980000078678131, 0.2980000078678131, 0.296999990940094, 0.2980000078678131, 0.30300000309944153, 0.3009999990463257, 0.2840000092983246, 0.29100000858306885, 0.2879999876022339, 0.289000004529953, 0.28600001335144043, 0.28700000047683716, 0.2840000092983246, 0.2919999957084656, 0.2919999957084656, 0.2809999883174896, 0.2809999883174896, 0.2809999883174896, 0.27900001406669617, 0.2809999883174896, 0.28200000524520874, 0.28600001335144043, 0.28600001335144043, 0.2770000100135803, 0.2770000100135803, 0.27399998903274536, 0.27300000190734863, 0.2750000059604645, 0.27399998903274536, 0.26899999380111694, 0.26899999380111694, 0.2669999897480011, 0.2669999897480011, 0.2639999985694885, 0.2639999985694885, 0.26600000262260437, 0.27300000190734863, 0.27300000190734863, 0.27000001072883606, 0.26499998569488525, 0.25999999046325684, 0.2590000033378601, 0.25999999046325684, 0.26100000739097595, 0.2619999945163727, 0.26899999380111694, 0.2590000033378601, 0.2669999897480011, 0.2720000147819519, 0.26899999380111694, 0.2680000066757202, 0.26600000262260437, 0.2590000033378601, 0.25699999928474426, 0.25699999928474426, 0.25699999928474426, 0.2549999952316284, 0.25600001215934753, 0.25099998712539673, 0.25, 0.2540000081062317, 0.2630000114440918, 0.26499998569488525, 0.26899999380111694, 0.2630000114440918, 0.257999986410141, 0.2540000081062317, 0.2540000081062317, 0.2540000081062317, 0.25, 0.2460000067949295, 0.2529999911785126, 0.26100000739097595, 0.26100000739097595, 0.25999999046325684, 0.2549999952316284, 0.25099998712539673, 0.2460000067949295, 0.24699999392032623, 0.24799999594688416, 0.257999986410141, 0.2549999952316284, 0.2540000081062317, 0.24799999594688416, 0.24899999797344208, 0.2549999952316284, 0.2549999952316284, 0.25099998712539673, 0.25099998712539673, 0.25200000405311584, 0.2549999952316284, 0.2549999952316284, 0.2549999952316284, 0.2529999911785126, 0.2460000067949295, 0.2540000081062317, 0.2529999911785126, 0.2529999911785126, 0.2529999911785126, 0.2409999966621399, 0.24699999392032623, 0.24799999594688416, 0.25, 0.25, 0.24199999868869781, 0.2409999966621399, 0.2529999911785126, 0.257999986410141, 0.2549999952316284, 0.25200000405311584, 0.25200000405311584, 0.257999986410141, 0.257999986410141, 0.2540000081062317, 0.25099998712539673, 0.25099998712539673, 0.257999986410141, 0.25600001215934753, 0.24799999594688416, 0.2540000081062317, 0.2669999897480011, 0.26899999380111694, 0.26600000262260437, 0.2630000114440918, 0.26600000262260437, 0.2680000066757202, 0.2669999897480011, 0.2630000114440918, 0.2619999945163727, 0.2630000114440918, 0.2630000114440918, 0.26600000262260437, 0.2750000059604645, 0.2720000147819519, 0.2759999930858612, 0.27399998903274536, 0.2800000011920929, 0.2849999964237213, 0.28700000047683716, 0.2849999964237213, 0.2849999964237213, 0.289000004529953, 0.296999990940094, 0.2919999957084656, 0.29100000858306885, 0.29499998688697815, 0.30399999022483826, 0.30000001192092896, 0.3089999854564667, 0.3109999895095825, 0.3109999895095825, 0.31299999356269836, 0.3149999976158142, 0.3149999976158142, 0.31200000643730164, 0.3140000104904175, 0.3149999976158142, 0.3240000009536743, 0.32899999618530273, 0.3319999873638153, 0.335999995470047, 0.3479999899864197, 0.38600000739097595, 0.40299999713897705, 0.4779999852180481, 0.5379999876022339, 0.33899998664855957, 2.2149999141693115, 2.2170000076293945, 2.197999954223633, 2.190999984741211, 2.191999912261963, 2.197999954223633, 2.203000068664551, 2.187999963760376, 2.187000036239624, 2.190999984741211, 2.191999912261963, 2.187999963760376, 2.186000108718872, 2.171999931335449, 2.171999931335449, 2.1740000247955322, 2.1679999828338623, 2.1630001068115234, 2.1579999923706055, 2.1549999713897705, 2.1510000228881836, 2.1449999809265137, 2.1449999809265137, 2.1410000324249268, 2.138000011444092, 2.138000011444092, 2.13700008392334, 2.134999990463257, 2.131999969482422, 2.130000114440918, 2.11899995803833, 2.118000030517578, 2.109999895095825, 2.109999895095825, 2.1070001125335693, 2.1029999256134033, 2.0980000495910645, 2.0980000495910645, 2.0920000076293945, 2.0869998931884766, 2.0859999656677246, 2.0810000896453857, 2.0769999027252197, 2.072999954223633, 2.075000047683716, 2.065999984741211, 2.059999942779541, 2.053999900817871, 2.0480000972747803, 2.0390000343322754, 2.0350000858306885, 2.0309998989105225, 2.0290000438690186, 2.0209999084472656, 2.0160000324249268, 2.009000062942505, 2.003999948501587, 1.9950000047683716, 1.9889999628067017, 1.9850000143051147, 1.9789999723434448, 1.975000023841858, 1.965000033378601, 1.9579999446868896, 1.9500000476837158, 1.9420000314712524, 1.9390000104904175, 1.940999984741211, 1.9320000410079956, 1.9249999523162842, 1.9129999876022339, 1.906000018119812, 1.8990000486373901, 1.8960000276565552, 1.8940000534057617, 1.8880000114440918, 1.871999979019165, 1.8680000305175781, 1.8630000352859497, 1.8509999513626099, 1.8459999561309814, 1.8279999494552612, 1.819000005722046, 1.8179999589920044, 1.815000057220459, 1.8109999895095825, 1.8020000457763672, 1.7899999618530273, 1.777999997138977, 1.7680000066757202, 1.7630000114440918, 1.7589999437332153, 1.7419999837875366, 1.7300000190734863, 1.7139999866485596, 1.7059999704360962, 1.6990000009536743, 1.690999984741211, 1.687999963760376, 1.6749999523162842, 1.6629999876022339, 1.656000018119812, 1.6449999809265137, 1.6330000162124634, 1.621000051498413, 1.6109999418258667, 1.6069999933242798, 1.5889999866485596, 1.5750000476837158, 1.5709999799728394, 1.565000057220459, 1.5609999895095825, 1.5529999732971191, 1.5399999618530273, 1.5329999923706055, 1.5219999551773071, 1.5099999904632568, 1.50600004196167, 1.5, 1.4859999418258667, 1.475000023841858, 1.4759999513626099, 1.4730000495910645, 1.4550000429153442, 1.4520000219345093, 1.4459999799728394, 1.437000036239624, 1.4249999523162842, 1.4210000038146973, 1.4210000038146973, 1.409999966621399, 1.406999945640564, 1.3969999551773071, 1.3919999599456787, 1.3869999647140503, 1.3700000047683716, 1.3600000143051147, 1.3539999723434448, 1.3530000448226929, 1.3480000495910645, 1.3309999704360962, 1.3289999961853027, 1.3289999961853027, 1.3229999542236328, 1.3179999589920044, 1.315000057220459, 1.305999994277954, 1.2960000038146973, 1.2920000553131104, 1.2920000553131104, 1.2869999408721924, 1.284000039100647, 1.2719999551773071, 1.2640000581741333, 1.2630000114440918, 1.2619999647140503, 1.24399995803833, 1.2430000305175781, 1.2419999837875366, 1.2419999837875366, 1.2339999675750732, 1.2319999933242798, 1.2319999933242798, 1.225000023841858, 1.2230000495910645, 1.215999960899353, 1.2020000219345093, 1.1920000314712524, 1.2000000476837158, 1.2059999704360962, 1.2039999961853027, 1.1950000524520874, 1.1790000200271606, 1.1759999990463257, 1.1799999475479126, 1.1740000247955322, 1.1679999828338623, 1.1640000343322754, 1.1640000343322754, 1.1660000085830688, 1.1649999618530273, 1.1549999713897705, 1.1549999713897705, 1.1440000534057617, 1.1399999856948853, 1.1319999694824219, 1.1369999647140503, 1.1369999647140503, 1.1319999694824219, 1.125, 1.125, 1.1319999694824219, 1.1360000371932983, 1.121000051498413, 1.1130000352859497, 1.1180000305175781, 1.1139999628067017, 1.1059999465942383, 1.1050000190734863, 1.1019999980926514, 1.100000023841858, 1.0989999771118164, 1.0920000076293945, 1.0880000591278076, 1.0850000381469727, 1.0880000591278076, 1.0829999446868896, 1.0800000429153442, 1.0789999961853027, 1.0750000476837158, 1.0750000476837158, 1.0740000009536743, 1.0640000104904175, 1.069000005722046, 1.0679999589920044, 1.0640000104904175, 1.0640000104904175, 1.065999984741211, 1.062999963760376, 1.0509999990463257, 1.0509999990463257, 1.0499999523162842, 1.0529999732971191, 1.0499999523162842, 1.0449999570846558, 1.0379999876022339, 1.0390000343322754, 1.0390000343322754, 1.0399999618530273, 1.0399999618530273, 1.034999966621399, 1.031999945640564, 1.0269999504089355, 1.0230000019073486, 1.0230000019073486, 1.0269999504089355, 1.0260000228881836, 1.0119999647140503, 1.0099999904632568, 1.0089999437332153, 1.00600004196167, 1.0049999952316284, 1.003999948501587, 1.0019999742507935, 1.0010000467300415, 1.0010000467300415, 0.9980000257492065, 0.9929999709129333, 0.9879999756813049, 0.9879999756813049, 0.9919999837875366, 0.9950000047683716, 0.9950000047683716, 0.9900000095367432, 0.9890000224113464, 0.9900000095367432, 0.9850000143051147, 0.9850000143051147, 0.9800000190734863, 0.9800000190734863, 0.984000027179718, 0.9890000224113464, 0.9929999709129333, 0.9940000176429749, 0.9869999885559082, 0.9810000061988831, 0.9810000061988831, 0.9800000190734863, 0.9800000190734863, 0.9800000190734863, 0.9769999980926514, 0.9750000238418579, 0.9810000061988831, 0.9789999723434448, 0.9710000157356262, 0.968999981880188, 0.968999981880188, 0.9660000205039978, 0.9660000205039978, 0.9649999737739563, 0.9660000205039978, 0.9700000286102295, 0.9679999947547913, 0.9649999737739563, 0.9599999785423279, 0.9629999995231628, 0.9629999995231628, 0.9629999995231628, 0.9549999833106995, 0.9549999833106995, 0.9599999785423279, 0.9649999737739563, 0.9570000171661377, 0.9570000171661377, 0.9570000171661377, 0.9539999961853027, 0.9589999914169312, 0.9549999833106995, 0.9549999833106995, 0.953000009059906, 0.9520000219345093, 0.9520000219345093, 0.9480000138282776, 0.9459999799728394, 0.9399999976158142, 0.9330000281333923, 0.9319999814033508, 0.9319999814033508, 0.9380000233650208, 0.9380000233650208, 0.9319999814033508, 0.9300000071525574, 0.9269999861717224, 0.921999990940094, 0.9210000038146973, 0.9229999780654907, 0.9259999990463257, 0.9229999780654907, 0.9200000166893005, 0.9190000295639038, 0.9179999828338623, 0.9190000295639038, 0.9200000166893005, 0.9129999876022339, 0.9129999876022339, 0.9169999957084656, 0.9240000247955322, 0.9120000004768372, 0.9169999957084656, 0.9139999747276306, 0.9070000052452087, 0.906000018119812, 0.9079999923706055, 0.9049999713897705, 0.9049999713897705, 0.8999999761581421, 0.8989999890327454, 0.8970000147819519, 0.8960000276565552, 0.8949999809265137, 0.8939999938011169, 0.8939999938011169, 0.8949999809265137, 0.8930000066757202, 0.8930000066757202, 0.890999972820282, 0.8930000066757202, 0.8930000066757202, 0.8930000066757202, 0.8960000276565552, 0.8899999856948853, 0.8960000276565552, 0.8870000243186951, 0.8920000195503235, 0.8870000243186951, 0.890999972820282, 0.8889999985694885, 0.8849999904632568, 0.8840000033378601, 0.8840000033378601, 0.878000020980835, 0.8740000128746033, 0.8679999709129333, 0.8759999871253967, 0.8809999823570251, 0.8759999871253967, 0.875, 0.875, 0.8849999904632568, 0.871999979019165, 0.8650000095367432, 0.8640000224113464, 0.8669999837875366, 0.8709999918937683, 0.8640000224113464, 0.8539999723434448, 0.8550000190734863, 0.8619999885559082, 0.8600000143051147, 0.8560000061988831, 0.8579999804496765, 0.8550000190734863, 0.8539999723434448, 0.8529999852180481, 0.847000002861023, 0.8519999980926514, 0.8579999804496765, 0.8550000190734863, 0.8519999980926514, 0.8519999980926514, 0.8479999899864197, 0.8500000238418579, 0.8489999771118164, 0.8500000238418579, 0.8460000157356262, 0.847000002861023, 0.8399999737739563, 0.8399999737739563, 0.8399999737739563, 0.8399999737739563, 0.8399999737739563, 0.8420000076293945, 0.8389999866485596, 0.8360000252723694, 0.8360000252723694, 0.8309999704360962, 0.8309999704360962, 0.8309999704360962, 0.8309999704360962, 0.8230000138282776, 0.8240000009536743, 0.824999988079071, 0.8339999914169312, 0.8309999704360962, 0.824999988079071, 0.8199999928474426, 0.8199999928474426, 0.8240000009536743, 0.8180000185966492, 0.8119999766349792, 0.8119999766349792, 0.8130000233650208, 0.8050000071525574, 0.8040000200271606, 0.8050000071525574, 0.8050000071525574, 0.8059999942779541, 0.8050000071525574, 0.8050000071525574, 0.800000011920929, 0.8059999942779541, 0.8029999732971191, 0.8019999861717224, 0.7990000247955322, 0.7950000166893005, 0.7950000166893005, 0.7879999876022339, 0.7929999828338623, 0.7990000247955322, 0.7889999747276306, 0.800000011920929, 0.8019999861717224, 0.796999990940094, 0.7929999828338623, 0.7860000133514404, 0.7870000004768372, 0.7870000004768372, 0.7860000133514404, 0.7879999876022339, 0.7919999957084656, 0.7900000214576721, 0.7839999794960022, 0.781000018119812, 0.7799999713897705, 0.7789999842643738, 0.781000018119812, 0.7820000052452087, 0.781000018119812, 0.7770000100135803, 0.7739999890327454, 0.7739999890327454, 0.7710000276565552, 0.777999997138977, 0.777999997138977, 0.7749999761581421, 0.7720000147819519, 0.7649999856948853, 0.7649999856948853, 0.7689999938011169, 0.7649999856948853, 0.7620000243186951, 0.7549999952316284, 0.7540000081062317, 0.7580000162124634, 0.7670000195503235, 0.7609999775886536, 0.7559999823570251, 0.7580000162124634, 0.7570000290870667, 0.7540000081062317, 0.753000020980835, 0.7490000128746033, 0.7549999952316284, 0.7570000290870667, 0.7580000162124634, 0.7580000162124634, 0.7580000162124634, 0.7540000081062317, 0.7590000033378601, 0.7540000081062317, 0.7540000081062317, 0.7440000176429749, 0.7369999885559082, 0.7369999885559082, 0.7459999918937683, 0.7480000257492065, 0.7459999918937683, 0.7440000176429749, 0.7440000176429749, 0.75, 0.746999979019165, 0.7490000128746033, 0.7419999837875366, 0.7429999709129333, 0.7409999966621399, 0.7409999966621399, 0.7350000143051147, 0.7390000224113464, 0.7379999756813049, 0.7440000176429749, 0.7409999966621399, 0.7409999966621399, 0.7409999966621399, 0.7390000224113464, 0.7350000143051147, 0.734000027179718, 0.734000027179718, 0.7369999885559082, 0.7369999885559082, 0.7390000224113464, 0.7369999885559082, 0.7350000143051147, 0.7289999723434448, 0.722000002861023, 0.7179999947547913, 0.7160000205039978, 0.718999981880188, 0.7289999723434448, 0.7269999980926514, 0.7239999771118164, 0.7229999899864197, 0.722000002861023, 0.722000002861023, 0.7170000076293945, 0.7139999866485596, 0.7110000252723694, 0.7110000252723694, 0.7210000157356262, 0.7210000157356262, 0.7210000157356262, 0.718999981880188, 0.718999981880188, 0.7179999947547913, 0.7170000076293945, 0.7160000205039978, 0.7099999785423279, 0.7099999785423279, 0.7070000171661377, 0.7139999866485596, 0.7200000286102295, 0.7149999737739563, 0.7149999737739563, 0.7160000205039978, 0.7059999704360962, 0.7039999961853027, 0.7059999704360962, 0.7129999995231628, 0.7129999995231628, 0.7099999785423279, 0.7070000171661377, 0.7070000171661377, 0.7099999785423279, 0.7129999995231628, 0.699999988079071, 0.6990000009536743, 0.6930000185966492, 0.6990000009536743, 0.7059999704360962, 0.7070000171661377, 0.699999988079071, 0.699999988079071, 0.6990000009536743, 0.6990000009536743, 0.6850000023841858, 0.6909999847412109, 0.6970000267028809, 0.703000009059906, 0.6990000009536743, 0.6980000138282776, 0.6980000138282776, 0.6959999799728394, 0.6980000138282776, 0.6980000138282776, 0.7020000219345093, 0.6930000185966492, 0.6899999976158142, 0.6899999976158142, 0.6899999976158142, 0.6919999718666077, 0.703000009059906, 0.703000009059906, 0.6869999766349792, 0.6869999766349792, 0.6880000233650208, 0.6869999766349792, 0.6869999766349792, 0.6890000104904175, 0.6890000104904175, 0.6899999976158142, 0.6899999976158142, 0.6899999976158142, 0.6830000281333923, 0.6819999814033508, 0.6840000152587891, 0.6859999895095825, 0.6859999895095825, 0.6850000023841858, 0.6809999942779541, 0.6859999895095825, 0.6859999895095825, 0.6859999895095825, 0.6859999895095825, 0.6850000023841858, 0.6779999732971191, 0.6759999990463257, 0.675000011920929, 0.675000011920929, 0.6790000200271606, 0.6819999814033508, 0.6819999814033508, 0.6790000200271606, 0.6779999732971191, 0.6790000200271606, 0.675000011920929, 0.6740000247955322, 0.6679999828338623, 0.6690000295639038, 0.671999990940094, 0.6859999895095825, 0.6869999766349792, 0.6840000152587891, 0.6809999942779541, 0.6809999942779541, 0.6759999990463257, 0.6729999780654907, 0.6660000085830688, 0.6729999780654907, 0.6729999780654907, 0.6700000166893005, 0.6669999957084656, 0.6679999828338623, 0.6669999957084656, 0.6759999990463257, 0.6710000038146973, 0.6700000166893005, 0.6700000166893005, 0.6690000295639038, 0.6669999957084656, 0.6600000262260437, 0.671999990940094, 0.6759999990463257, 0.6710000038146973, 0.6669999957084656, 0.6679999828338623, 0.6679999828338623, 0.6690000295639038, 0.6679999828338623, 0.6660000085830688, 0.6629999876022339, 0.6660000085830688, 0.6660000085830688, 0.6660000085830688, 0.6629999876022339, 0.6570000052452087, 0.6620000004768372, 0.6679999828338623, 0.6669999957084656, 0.6629999876022339, 0.6600000262260437, 0.6639999747276306, 0.6639999747276306, 0.6620000004768372, 0.6620000004768372, 0.6589999794960022, 0.6600000262260437, 0.6579999923706055, 0.6660000085830688, 0.6669999957084656, 0.6690000295639038, 0.6610000133514404, 0.6600000262260437, 0.656000018119812, 0.6589999794960022, 0.6589999794960022, 0.6539999842643738, 0.6549999713897705, 0.6579999923706055, 0.6600000262260437, 0.6639999747276306, 0.6690000295639038, 0.6700000166893005, 0.6700000166893005, 0.6639999747276306, 0.6600000262260437, 0.6579999923706055, 0.6610000133514404, 0.6669999957084656, 0.6710000038146973, 0.6769999861717224, 0.6740000247955322, 0.6700000166893005, 0.6679999828338623, 0.6729999780654907, 0.6779999732971191, 0.6679999828338623, 0.6679999828338623, 0.6639999747276306, 0.6650000214576721, 0.6690000295639038, 0.6690000295639038, 0.6690000295639038, 0.6690000295639038, 0.6729999780654907, 0.6729999780654907, 0.6669999957084656, 0.6660000085830688, 0.6679999828338623, 0.6710000038146973, 0.6710000038146973, 0.6660000085830688, 0.6740000247955322, 0.6710000038146973, 0.671999990940094, 0.6740000247955322, 0.6779999732971191, 0.6779999732971191, 0.6790000200271606, 0.6809999942779541, 0.6819999814033508, 0.6830000281333923, 0.6819999814033508, 0.6819999814033508, 0.6830000281333923, 0.6890000104904175, 0.6859999895095825, 0.6819999814033508, 0.6819999814033508, 0.6859999895095825, 0.6859999895095825, 0.6819999814033508, 0.6840000152587891, 0.6819999814033508, 0.6840000152587891, 0.6840000152587891, 0.6840000152587891, 0.6899999976158142, 0.6880000233650208, 0.6869999766349792, 0.6830000281333923, 0.6819999814033508, 0.6840000152587891, 0.6800000071525574, 0.6779999732971191, 0.6800000071525574, 0.6830000281333923, 0.6830000281333923, 0.6830000281333923, 0.6850000023841858, 0.6880000233650208, 0.6909999847412109, 0.6899999976158142, 0.6899999976158142, 0.6930000185966492, 0.6940000057220459, 0.6940000057220459, 0.6880000233650208, 0.6850000023841858, 0.6919999718666077, 0.6840000152587891, 0.6840000152587891, 0.6809999942779541, 0.6840000152587891, 0.6830000281333923, 0.6850000023841858, 0.6890000104904175, 0.6890000104904175, 0.6890000104904175, 0.6909999847412109, 0.6959999799728394, 0.6959999799728394, 0.6940000057220459, 0.6940000057220459, 0.6940000057220459, 0.6959999799728394, 0.7020000219345093, 0.703000009059906, 0.6990000009536743, 0.6959999799728394, 0.6959999799728394, 0.6980000138282776, 0.6959999799728394, 0.6959999799728394, 0.6970000267028809, 0.6930000185966492, 0.6890000104904175, 0.6890000104904175, 0.6970000267028809, 0.7039999961853027, 0.7039999961853027, 0.703000009059906, 0.703000009059906, 0.7149999737739563, 0.7149999737739563, 0.7149999737739563, 0.7289999723434448, 0.7289999723434448, 0.7289999723434448, 0.7250000238418579, 0.7319999933242798, 0.7369999885559082, 0.7409999966621399, 0.7429999709129333, 0.7429999709129333, 0.7459999918937683, 0.7490000128746033, 0.746999979019165, 0.7490000128746033, 0.753000020980835, 0.75, 0.75]
intensities: [1048.0, 1122.0, 1145.0, 1112.0, 1125.0, 1237.0, 1287.0, 1299.0, 1343.0, 1347.0, 1338.0, 1335.0, 1343.0, 1258.0, 1258.0, 1150.0, 995.0, 947.0, 866.0, 859.0, 846.0, 940.0, 975.0, 974.0, 974.0, 980.0, 993.0, 999.0, 1107.0, 1172.0, 1190.0, 1310.0, 1326.0, 1343.0, 1386.0, 1385.0, 1418.0, 1401.0, 1416.0, 1417.0, 1431.0, 1440.0, 1409.0, 1409.0, 1397.0, 1402.0, 1393.0, 1373.0, 1394.0, 1394.0, 1396.0, 1401.0, 1378.0, 1365.0, 1368.0, 1384.0, 1388.0, 1359.0, 1359.0, 1357.0, 1356.0, 1350.0, 1346.0, 1344.0, 1336.0, 1345.0, 1345.0, 1334.0, 1335.0, 1338.0, 1344.0, 1339.0, 1343.0, 1340.0, 1325.0, 1318.0, 1310.0, 1313.0, 1322.0, 1303.0, 1302.0, 1306.0, 1306.0, 1300.0, 1295.0, 1291.0, 1295.0, 1292.0, 1292.0, 1288.0, 1281.0, 1281.0, 1270.0, 1270.0, 1275.0, 1275.0, 1265.0, 1268.0, 1265.0, 1267.0, 1273.0, 1273.0, 1276.0, 1263.0, 1267.0, 1254.0, 1231.0, 1242.0, 1236.0, 1249.0, 1249.0, 1246.0, 1235.0, 1242.0, 1238.0, 1229.0, 1233.0, 1234.0, 1234.0, 1230.0, 1226.0, 1214.0, 1208.0, 1199.0, 1199.0, 1203.0, 1209.0, 1184.0, 1184.0, 1191.0, 1194.0, 1194.0, 1193.0, 1180.0, 1178.0, 1214.0, 1210.0, 1200.0, 1197.0, 1212.0, 1175.0, 1210.0, 1231.0, 1227.0, 1236.0, 1242.0, 1229.0, 1240.0, 1233.0, 1227.0, 1230.0, 1246.0, 1230.0, 1240.0, 1237.0, 1237.0, 1232.0, 1228.0, 1235.0, 1216.0, 1230.0, 1230.0, 1229.0, 1222.0, 1217.0, 1225.0, 1245.0, 1245.0, 1236.0, 1237.0, 1232.0, 1233.0, 1224.0, 1227.0, 1243.0, 1232.0, 1227.0, 1226.0, 1240.0, 1220.0, 1220.0, 1221.0, 1221.0, 1212.0, 1222.0, 1218.0, 1214.0, 1207.0, 1195.0, 1182.0, 1158.0, 1158.0, 1160.0, 1164.0, 1153.0, 1155.0, 1147.0, 1149.0, 1136.0, 1132.0, 1134.0, 1134.0, 1123.0, 1112.0, 1112.0, 1131.0, 1126.0, 1126.0, 1122.0, 1128.0, 1124.0, 1127.0, 1105.0, 1115.0, 1114.0, 1105.0, 1105.0, 1103.0, 1105.0, 1092.0, 1093.0, 1092.0, 1097.0, 1095.0, 1095.0, 1102.0, 1100.0, 1067.0, 1088.0, 1088.0, 1099.0, 1106.0, 1109.0, 1097.0, 1118.0, 1102.0, 1097.0, 1079.0, 1072.0, 1062.0, 1076.0, 1067.0, 1079.0, 1053.0, 1049.0, 1049.0, 1045.0, 1045.0, 1020.0, 1022.0, 1011.0, 1008.0, 1004.0, 1003.0, 983.0, 997.0, 1154.0, 1215.0, 1579.0, 1117.0, 441.0, 950.0, 958.0, 973.0, 982.0, 985.0, 984.0, 990.0, 984.0, 989.0, 990.0, 983.0, 988.0, 984.0, 982.0, 982.0, 997.0, 995.0, 994.0, 991.0, 993.0, 996.0, 996.0, 997.0, 998.0, 999.0, 999.0, 1002.0, 1003.0, 1005.0, 1005.0, 1004.0, 1009.0, 1005.0, 1011.0, 1012.0, 1002.0, 996.0, 997.0, 993.0, 993.0, 999.0, 996.0, 996.0, 995.0, 1013.0, 1006.0, 1003.0, 994.0, 996.0, 999.0, 1003.0, 1002.0, 999.0, 1002.0, 1018.0, 996.0, 1003.0, 1001.0, 996.0, 1021.0, 997.0, 998.0, 1000.0, 994.0, 990.0, 1006.0, 1002.0, 988.0, 997.0, 1008.0, 1006.0, 995.0, 1002.0, 1005.0, 1005.0, 1002.0, 1007.0, 1014.0, 1007.0, 1010.0, 1001.0, 1000.0, 999.0, 1005.0, 1007.0, 1009.0, 1003.0, 1006.0, 1004.0, 997.0, 997.0, 997.0, 1002.0, 998.0, 1002.0, 1000.0, 1010.0, 1005.0, 1003.0, 1018.0, 1009.0, 1011.0, 1023.0, 1010.0, 1015.0, 1031.0, 1036.0, 1032.0, 1024.0, 1024.0, 1048.0, 1053.0, 1067.0, 1070.0, 1063.0, 1068.0, 1079.0, 1077.0, 1078.0, 1090.0, 1092.0, 1097.0, 1095.0, 1106.0, 1107.0, 1104.0, 1109.0, 1108.0, 1100.0, 1106.0, 1084.0, 1095.0, 1099.0, 1091.0, 1100.0, 1092.0, 1098.0, 1097.0, 1094.0, 1098.0, 1094.0, 1095.0, 1102.0, 1101.0, 1098.0, 1104.0, 1107.0, 1104.0, 1098.0, 1098.0, 1098.0, 1112.0, 1101.0, 1103.0, 1118.0, 1127.0, 1121.0, 1140.0, 1135.0, 1135.0, 1139.0, 1136.0, 1142.0, 1148.0, 1146.0, 1128.0, 1118.0, 1124.0, 1141.0, 1159.0, 1167.0, 1163.0, 1177.0, 1202.0, 1228.0, 1231.0, 1228.0, 1224.0, 1232.0, 1244.0, 1263.0, 1258.0, 1253.0, 1262.0, 1260.0, 1266.0, 1280.0, 1280.0, 1265.0, 1282.0, 1282.0, 1291.0, 1296.0, 1304.0, 1293.0, 1305.0, 1301.0, 1326.0, 1314.0, 1342.0, 1341.0, 1349.0, 1353.0, 1354.0, 1352.0, 1360.0, 1357.0, 1364.0, 1370.0, 1359.0, 1359.0, 1381.0, 1365.0, 1371.0, 1367.0, 1395.0, 1405.0, 1396.0, 1378.0, 1390.0, 1380.0, 1387.0, 1398.0, 1395.0, 1395.0, 1400.0, 1403.0, 1403.0, 1417.0, 1417.0, 1412.0, 1416.0, 1421.0, 1420.0, 1420.0, 1421.0, 1424.0, 1443.0, 1445.0, 1441.0, 1451.0, 1448.0, 1444.0, 1460.0, 1448.0, 1455.0, 1445.0, 1463.0, 1457.0, 1481.0, 1467.0, 1466.0, 1466.0, 1469.0, 1486.0, 1480.0, 1485.0, 1485.0, 1487.0, 1480.0, 1475.0, 1490.0, 1472.0, 1495.0, 1495.0, 1460.0, 1457.0, 1454.0, 1472.0, 1475.0, 1472.0, 1482.0, 1465.0, 1473.0, 1485.0, 1473.0, 1473.0, 1474.0, 1474.0, 1481.0, 1493.0, 1494.0, 1500.0, 1480.0, 1487.0, 1487.0, 1497.0, 1491.0, 1497.0, 1497.0, 1488.0, 1487.0, 1528.0, 1514.0, 1500.0, 1504.0, 1510.0, 1500.0, 1510.0, 1514.0, 1519.0, 1519.0, 1511.0, 1508.0, 1522.0, 1526.0, 1525.0, 1535.0, 1529.0, 1540.0, 1535.0, 1534.0, 1535.0, 1544.0, 1546.0, 1538.0, 1533.0, 1536.0, 1540.0, 1521.0, 1523.0, 1518.0, 1525.0, 1536.0, 1536.0, 1534.0, 1522.0, 1521.0, 1518.0, 1522.0, 1532.0, 1526.0, 1533.0, 1524.0, 1522.0, 1515.0, 1515.0, 1529.0, 1522.0, 1522.0, 1530.0, 1537.0, 1531.0, 1528.0, 1542.0, 1542.0, 1553.0, 1553.0, 1553.0, 1542.0, 1532.0, 1547.0, 1564.0, 1559.0, 1563.0, 1563.0, 1564.0, 1554.0, 1557.0, 1565.0, 1565.0, 1565.0, 1566.0, 1558.0, 1552.0, 1568.0, 1570.0, 1570.0, 1573.0, 1576.0, 1575.0, 1574.0, 1572.0, 1571.0, 1582.0, 1576.0, 1579.0, 1576.0, 1576.0, 1571.0, 1576.0, 1585.0, 1580.0, 1576.0, 1579.0, 1580.0, 1582.0, 1584.0, 1593.0, 1586.0, 1580.0, 1586.0, 1580.0, 1587.0, 1585.0, 1592.0, 1584.0, 1584.0, 1584.0, 1585.0, 1587.0, 1587.0, 1588.0, 1589.0, 1586.0, 1617.0, 1606.0, 1602.0, 1600.0, 1617.0, 1604.0, 1607.0, 1615.0, 1606.0, 1609.0, 1619.0, 1619.0, 1597.0, 1598.0, 1600.0, 1600.0, 1615.0, 1619.0, 1640.0, 1638.0, 1638.0, 1630.0, 1617.0, 1627.0, 1648.0, 1637.0, 1627.0, 1622.0, 1645.0, 1631.0, 1631.0, 1623.0, 1632.0, 1635.0, 1649.0, 1632.0, 1630.0, 1622.0, 1635.0, 1650.0, 1643.0, 1652.0, 1650.0, 1652.0, 1653.0, 1657.0, 1656.0, 1653.0, 1648.0, 1646.0, 1641.0, 1654.0, 1644.0, 1644.0, 1644.0, 1644.0, 1630.0, 1648.0, 1663.0, 1658.0, 1644.0, 1624.0, 1624.0, 1634.0, 1627.0, 1641.0, 1636.0, 1617.0, 1661.0, 1650.0, 1654.0, 1658.0, 1642.0, 1637.0, 1641.0, 1650.0, 1648.0, 1644.0, 1642.0, 1654.0, 1654.0, 1662.0, 1650.0, 1664.0, 1646.0, 1639.0, 1651.0, 1636.0, 1636.0, 1656.0, 1647.0, 1647.0, 1631.0, 1631.0, 1645.0, 1636.0, 1644.0, 1630.0, 1651.0, 1626.0, 1626.0, 1643.0, 1629.0, 1626.0, 1632.0, 1626.0, 1627.0, 1627.0, 1629.0, 1632.0, 1632.0, 1629.0, 1610.0, 1610.0, 1605.0, 1613.0, 1635.0, 1629.0, 1623.0, 1625.0, 1615.0, 1617.0, 1632.0, 1631.0, 1626.0, 1626.0, 1627.0, 1628.0, 1602.0, 1621.0, 1620.0, 1605.0, 1612.0, 1615.0, 1610.0, 1608.0, 1608.0, 1597.0, 1596.0, 1592.0, 1578.0, 1587.0, 1553.0, 1570.0, 1588.0, 1554.0, 1555.0, 1556.0, 1581.0, 1558.0, 1551.0, 1578.0, 1578.0, 1571.0, 1560.0, 1557.0, 1555.0, 1554.0, 1551.0, 1548.0, 1544.0, 1542.0, 1541.0, 1555.0, 1547.0, 1547.0, 1522.0, 1522.0, 1535.0, 1526.0, 1520.0, 1515.0, 1522.0, 1508.0, 1490.0, 1508.0, 1519.0, 1498.0, 1497.0, 1486.0, 1474.0, 1494.0, 1491.0, 1489.0, 1465.0, 1465.0, 1460.0, 1477.0, 1456.0, 1475.0, 1470.0, 1456.0, 1456.0, 1481.0, 1481.0, 1461.0, 1449.0, 1434.0, 1438.0, 1451.0, 1451.0, 1416.0, 1437.0, 1440.0, 1446.0, 1443.0, 1443.0, 1426.0, 1410.0, 1410.0, 1392.0, 1392.0, 1395.0, 1393.0, 1393.0, 1395.0, 1393.0, 1385.0, 1392.0, 1396.0, 1373.0, 1375.0, 1379.0, 1394.0, 1394.0, 1398.0, 1398.0, 1396.0, 1395.0, 1395.0, 1396.0, 1398.0, 1398.0, 1384.0, 1383.0, 1396.0, 1391.0, 1400.0, 1389.0, 1398.0, 1398.0, 1383.0, 1380.0, 1363.0, 1386.0, 1381.0, 1372.0, 1364.0, 1344.0, 1341.0, 1344.0, 1351.0, 1372.0, 1356.0, 1369.0, 1360.0, 1369.0, 1368.0, 1340.0, 1363.0, 1333.0, 1327.0, 1325.0, 1330.0, 1333.0, 1332.0, 1340.0, 1346.0, 1349.0, 1342.0, 1340.0, 1346.0, 1353.0, 1360.0, 1319.0, 1310.0, 1302.0, 1301.0, 1321.0, 1325.0, 1310.0, 1335.0, 1340.0, 1337.0, 1328.0, 1327.0, 1332.0, 1329.0, 1342.0, 1346.0, 1335.0, 1329.0, 1340.0, 1344.0, 1316.0, 1335.0, 1344.0, 1342.0, 1336.0, 1334.0, 1334.0, 1340.0, 1344.0, 1353.0, 1353.0, 1353.0, 1347.0, 1360.0, 1358.0, 1360.0, 1361.0, 1361.0, 1356.0, 1350.0, 1337.0, 1362.0, 1340.0, 1355.0, 1347.0, 1361.0, 1354.0, 1369.0, 1357.0, 1365.0, 1372.0, 1364.0, 1374.0, 1391.0, 1386.0, 1381.0, 1367.0, 1367.0, 1381.0, 1360.0, 1359.0, 1358.0, 1359.0, 1355.0, 1354.0, 1357.0, 1368.0, 1373.0, 1385.0, 1385.0, 1377.0, 1398.0, 1390.0, 1380.0, 1384.0, 1392.0, 1392.0, 1391.0, 1373.0, 1381.0, 1389.0, 1393.0, 1400.0, 1387.0, 1389.0, 1388.0, 1396.0, 1409.0, 1400.0, 1400.0, 1405.0, 1397.0, 1398.0, 1392.0, 1417.0, 1387.0, 1387.0, 1397.0, 1398.0, 1390.0, 1399.0, 1407.0, 1395.0, 1407.0, 1403.0, 1401.0, 1409.0, 1416.0, 1421.0, 1427.0, 1433.0, 1411.0, 1424.0, 1413.0, 1423.0, 1412.0, 1411.0, 1436.0, 1427.0, 1422.0, 1433.0, 1419.0, 1440.0, 1440.0, 1440.0, 1423.0, 1423.0, 1427.0, 1421.0, 1424.0, 1393.0, 1410.0, 1410.0, 1425.0, 1396.0, 1368.0, 1374.0, 1390.0, 1394.0, 1409.0, 1417.0]