header: 
  seq: 2664
  stamp: 
    secs: 1548820823
    nsecs: 818015499
  frame_id: "base_link"
angle_min: -2.35619449615
angle_max: 2.35619449615
angle_increment: 0.00436332309619
time_increment: 1.73611151695e-05
scan_time: 0.0250000003725
range_min: 0.019999999553
range_max: 30.0
ranges: [0.43700000643730164, 0.4339999854564667, 0.4259999990463257, 0.421999990940094, 0.4300000071525574, 0.4309999942779541, 0.4309999942779541, 0.44200000166893005, 0.4359999895095825, 0.42500001192092896, 0.4320000112056732, 0.4300000071525574, 0.42899999022483826, 0.4259999990463257, 0.3959999978542328, 0.3869999945163727, 0.3700000047683716, 0.3109999895095825, 0.2800000011920929, 0.30000001192092896, 0.35899999737739563, 0.3959999978542328, 0.3930000066757202, 0.4000000059604645, 0.4099999964237213, 0.41200000047683716, 0.41200000047683716, 0.4009999930858612, 0.3919999897480011, 0.3919999897480011, 0.38499999046325684, 0.39800000190734863, 0.3930000066757202, 0.39500001072883606, 0.39899998903274536, 0.40299999713897705, 0.40400001406669617, 0.4000000059604645, 0.39500001072883606, 0.39399999380111694, 0.39399999380111694, 0.39399999380111694, 0.39100000262260437, 0.39100000262260437, 0.3889999985694885, 0.3889999985694885, 0.38100001215934753, 0.3790000081062317, 0.3799999952316284, 0.38199999928474426, 0.3869999945163727, 0.3869999945163727, 0.3840000033378601, 0.3840000033378601, 0.3840000033378601, 0.3869999945163727, 0.3880000114440918, 0.3840000033378601, 0.38100001215934753, 0.38100001215934753, 0.38199999928474426, 0.375, 0.375, 0.37599998712539673, 0.3779999911785126, 0.375, 0.36899998784065247, 0.37299999594688416, 0.37400001287460327, 0.37700000405311584, 0.37299999594688416, 0.3709999918937683, 0.37400001287460327, 0.37400001287460327, 0.3720000088214874, 0.3700000047683716, 0.36899998784065247, 0.37299999594688416, 0.3709999918937683, 0.3709999918937683, 0.3709999918937683, 0.3659999966621399, 0.3659999966621399, 0.3659999966621399, 0.36899998784065247, 0.3659999966621399, 0.367000013589859, 0.3659999966621399, 0.3659999966621399, 0.3619999885559082, 0.3610000014305115, 0.3610000014305115, 0.3619999885559082, 0.3619999885559082, 0.3569999933242798, 0.3610000014305115, 0.3610000014305115, 0.36399999260902405, 0.36000001430511475, 0.3540000021457672, 0.36000001430511475, 0.36000001430511475, 0.3610000014305115, 0.3569999933242798, 0.3529999852180481, 0.3540000021457672, 0.3540000021457672, 0.35499998927116394, 0.35499998927116394, 0.35600000619888306, 0.36000001430511475, 0.35899999737739563, 0.3580000102519989, 0.35499998927116394, 0.3529999852180481, 0.3580000102519989, 0.35100001096725464, 0.3540000021457672, 0.3540000021457672, 0.3529999852180481, 0.35199999809265137, 0.3540000021457672, 0.35600000619888306, 0.3529999852180481, 0.35100001096725464, 0.3529999852180481, 0.3529999852180481, 0.3490000069141388, 0.3490000069141388, 0.34599998593330383, 0.34599998593330383, 0.3540000021457672, 0.3479999899864197, 0.35199999809265137, 0.35199999809265137, 0.3540000021457672, 0.3490000069141388, 0.34700000286102295, 0.34700000286102295, 0.34700000286102295, 0.3440000116825104, 0.3440000116825104, 0.33799999952316284, 0.335999995470047, 0.335999995470047, 0.3490000069141388, 0.34700000286102295, 0.34299999475479126, 0.3409999907016754, 0.3400000035762787, 0.3409999907016754, 0.33000001311302185, 0.34299999475479126, 0.3370000123977661, 0.3310000002384186, 0.32899999618530273, 0.3310000002384186, 0.3319999873638153, 0.3370000123977661, 0.3370000123977661, 0.34599998593330383, 0.34599998593330383, 0.3400000035762787, 0.33799999952316284, 0.33799999952316284, 0.3409999907016754, 0.34200000762939453, 0.3400000035762787, 0.335999995470047, 0.3370000123977661, 0.34299999475479126, 0.33899998664855957, 0.3310000002384186, 0.3319999873638153, 0.33899998664855957, 0.33500000834465027, 0.3310000002384186, 0.3310000002384186, 0.33500000834465027, 0.3310000002384186, 0.32899999618530273, 0.3319999873638153, 0.3319999873638153, 0.3330000042915344, 0.33500000834465027, 0.33000001311302185, 0.32899999618530273, 0.3330000042915344, 0.3319999873638153, 0.328000009059906, 0.328000009059906, 0.3319999873638153, 0.3330000042915344, 0.33000001311302185, 0.32899999618530273, 0.32899999618530273, 0.3269999921321869, 0.32600000500679016, 0.32499998807907104, 0.3230000138282776, 0.32899999618530273, 0.32899999618530273, 0.33000001311302185, 0.3330000042915344, 0.3310000002384186, 0.33000001311302185, 0.328000009059906, 0.3269999921321869, 0.3269999921321869, 0.3230000138282776, 0.32100000977516174, 0.32199999690055847, 0.328000009059906, 0.3310000002384186, 0.32899999618530273, 0.32600000500679016, 0.3269999921321869, 0.3269999921321869, 0.33000001311302185, 0.3269999921321869, 0.3269999921321869, 0.3269999921321869, 0.3269999921321869, 0.32199999690055847, 0.3230000138282776, 0.3230000138282776, 0.32499998807907104, 0.32899999618530273, 0.33000001311302185, 0.32899999618530273, 0.33399999141693115, 0.3330000042915344, 0.33000001311302185, 0.32600000500679016, 0.3310000002384186, 0.33500000834465027, 0.33799999952316284, 0.34200000762939453, 0.3440000116825104, 0.33799999952316284, 0.33399999141693115, 0.33399999141693115, 0.3400000035762787, 0.33000001311302185, 0.33500000834465027, 0.335999995470047, 0.3400000035762787, 0.33899998664855957, 0.33899998664855957, 0.3440000116825104, 0.3440000116825104, 0.34200000762939453, 0.35499998927116394, 0.35199999809265137, 0.35100001096725464, 0.3529999852180481, 0.35100001096725464, 0.35100001096725464, 0.35199999809265137, 0.34599998593330383, 0.34599998593330383, 0.35100001096725464, 0.3540000021457672, 0.35499998927116394, 0.35600000619888306, 0.3580000102519989, 0.36000001430511475, 0.367000013589859, 0.367000013589859, 0.37700000405311584, 0.38199999928474426, 0.38199999928474426, 0.3720000088214874, 0.38499999046325684, 0.38999998569488525, 0.39100000262260437, 0.39500001072883606, 0.4009999930858612, 0.4009999930858612, 0.4000000059604645, 0.40400001406669617, 0.4050000011920929, 0.41200000047683716, 0.41200000047683716, 0.421999990940094, 0.42399999499320984, 0.42899999022483826, 0.44699999690055847, 0.531000018119812, 0.4490000009536743, 2.9860000610351562, 2.9790000915527344, 2.9769999980926514, 2.9730000495910645, 2.9700000286102295, 2.9590001106262207, 2.9590001106262207, 2.9549999237060547, 2.947999954223633, 2.940999984741211, 2.933000087738037, 2.927000045776367, 2.9200000762939453, 2.9159998893737793, 2.9049999713897705, 2.9010000228881836, 2.890000104904175, 2.888000011444092, 2.877000093460083, 2.86899995803833, 2.865000009536743, 2.8480000495910645, 2.8359999656677246, 2.8329999446868896, 2.8329999446868896, 2.813999891281128, 2.811000108718872, 2.805999994277954, 2.7960000038146973, 2.7839999198913574, 2.7780001163482666, 2.759000062942505, 2.746999979019165, 2.7290000915527344, 2.7160000801086426, 2.7160000801086426, 2.697000026702881, 2.6760001182556152, 2.671999931335449, 2.6570000648498535, 2.6489999294281006, 2.630000114440918, 2.622999906539917, 2.6080000400543213, 2.5910000801086426, 2.5789999961853027, 2.562000036239624, 2.5510001182556152, 2.5239999294281006, 2.5169999599456787, 2.506999969482422, 2.4730000495910645, 2.4549999237060547, 2.447999954223633, 2.421999931335449, 2.3949999809265137, 2.368000030517578, 2.361999988555908, 2.3510000705718994, 2.3259999752044678, 2.313999891281128, 2.2690000534057617, 2.249000072479248, 2.2309999465942383, 2.2100000381469727, 2.190000057220459, 2.171999931335449, 2.1600000858306885, 2.132999897003174, 2.114000082015991, 2.1019999980926514, 2.0810000896453857, 2.0739998817443848, 2.059000015258789, 2.0280001163482666, 2.009999990463257, 1.996000051498413, 1.99399995803833, 1.9769999980926514, 1.9639999866485596, 1.9509999752044678, 1.9299999475479126, 1.906999945640564, 1.8969999551773071, 1.8880000114440918, 1.8830000162124634, 1.8630000352859497, 1.850000023841858, 1.8329999446868896, 1.8209999799728394, 1.812000036239624, 1.7999999523162842, 1.7879999876022339, 1.7760000228881836, 1.7669999599456787, 1.7549999952316284, 1.74399995803833, 1.7330000400543213, 1.7120000123977661, 1.7020000219345093, 1.6920000314712524, 1.6799999475479126, 1.6740000247955322, 1.6579999923706055, 1.6549999713897705, 1.6369999647140503, 1.6319999694824219, 1.6230000257492065, 1.6139999628067017, 1.6039999723434448, 1.5959999561309814, 1.5880000591278076, 1.5759999752044678, 1.5609999895095825, 1.5520000457763672, 1.5470000505447388, 1.5449999570846558, 1.534000039100647, 1.5190000534057617, 1.5140000581741333, 1.5089999437332153, 1.503000020980835, 1.5010000467300415, 1.5010000467300415, 1.4839999675750732, 1.472000002861023, 1.4670000076293945, 1.4589999914169312, 1.4500000476837158, 1.4450000524520874, 1.440999984741211, 1.430999994277954, 1.4229999780654907, 1.4140000343322754, 1.406000018119812, 1.4040000438690186, 1.4010000228881836, 1.3890000581741333, 1.3839999437332153, 1.38100004196167, 1.36899995803833, 1.3609999418258667, 1.3580000400543213, 1.3530000448226929, 1.3420000076293945, 1.3380000591278076, 1.3309999704360962, 1.3250000476837158, 1.3259999752044678, 1.3220000267028809, 1.315999984741211, 1.315999984741211, 1.3029999732971191, 1.2920000553131104, 1.2929999828338623, 1.2929999828338623, 1.2829999923706055, 1.2769999504089355, 1.2699999809265137, 1.2619999647140503, 1.2630000114440918, 1.2519999742507935, 1.2480000257492065, 1.2480000257492065, 1.246999979019165, 1.2450000047683716, 1.2430000305175781, 1.2430000305175781, 1.2369999885559082, 1.2269999980926514, 1.2239999771118164, 1.225000023841858, 1.225000023841858, 1.218999981880188, 1.2109999656677246, 1.2070000171661377, 1.2039999961853027, 1.1990000009536743, 1.190999984741211, 1.190000057220459, 1.1829999685287476, 1.187000036239624, 1.187000036239624, 1.1820000410079956, 1.1799999475479126, 1.1729999780654907, 1.1710000038146973, 1.1670000553131104, 1.1629999876022339, 1.1610000133514404, 1.1549999713897705, 1.1519999504089355, 1.1419999599456787, 1.1390000581741333, 1.1430000066757202, 1.1440000534057617, 1.1349999904632568, 1.1339999437332153, 1.1319999694824219, 1.1319999694824219, 1.1339999437332153, 1.1269999742507935, 1.121000051498413, 1.121000051498413, 1.121000051498413, 1.121999979019165, 1.1089999675750732, 1.1050000190734863, 1.1050000190734863, 1.1080000400543213, 1.1100000143051147, 1.1109999418258667, 1.1080000400543213, 1.0989999771118164, 1.0950000286102295, 1.0950000286102295, 1.0889999866485596, 1.0859999656677246, 1.090999960899353, 1.090999960899353, 1.0870000123977661, 1.0870000123977661, 1.0850000381469727, 1.0789999961853027, 1.0779999494552612, 1.0759999752044678, 1.0709999799728394, 1.0700000524520874, 1.0670000314712524, 1.059000015258789, 1.059000015258789, 1.059000015258789, 1.065000057220459, 1.065000057220459, 1.055999994277954, 1.0520000457763672, 1.055999994277954, 1.0509999990463257, 1.0490000247955322, 1.0460000038146973, 1.0470000505447388, 1.0410000085830688, 1.0429999828338623, 1.0399999618530273, 1.0379999876022339, 1.034999966621399, 1.034999966621399, 1.031000018119812, 1.031000018119812, 1.0299999713897705, 1.0260000228881836, 1.0180000066757202, 1.0180000066757202, 1.0110000371932983, 1.00600004196167, 1.0049999952316284, 1.0049999952316284, 1.0049999952316284, 1.00600004196167, 1.003000020980835, 0.9990000128746033, 0.996999979019165, 0.996999979019165, 0.9959999918937683, 0.996999979019165, 0.996999979019165, 0.9940000176429749, 0.9890000224113464, 0.9829999804496765, 0.9789999723434448, 0.9789999723434448, 0.9760000109672546, 0.9729999899864197, 0.9710000157356262, 0.9739999771118164, 0.9769999980926514, 0.9729999899864197, 0.9710000157356262, 0.9700000286102295, 0.9700000286102295, 0.9660000205039978, 0.9620000123977661, 0.9620000123977661, 0.9670000076293945, 0.9639999866485596, 0.9509999752044678, 0.9459999799728394, 0.9490000009536743, 0.949999988079071, 0.9490000009536743, 0.9459999799728394, 0.9459999799728394, 0.9430000185966492, 0.9390000104904175, 0.9340000152587891, 0.9269999861717224, 0.9330000281333923, 0.9330000281333923, 0.9330000281333923, 0.9300000071525574, 0.9279999732971191, 0.9279999732971191, 0.9190000295639038, 0.9179999828338623, 0.9169999957084656, 0.9089999794960022, 0.9079999923706055, 0.906000018119812, 0.906000018119812, 0.9070000052452087, 0.9070000052452087, 0.9100000262260437, 0.9049999713897705, 0.8989999890327454, 0.8999999761581421, 0.8949999809265137, 0.8949999809265137, 0.8960000276565552, 0.8949999809265137, 0.8859999775886536, 0.8840000033378601, 0.8880000114440918, 0.8859999775886536, 0.8840000033378601, 0.8799999952316284, 0.871999979019165, 0.871999979019165, 0.8769999742507935, 0.8769999742507935, 0.8690000176429749, 0.8690000176429749, 0.8690000176429749, 0.8669999837875366, 0.8629999756813049, 0.8610000014305115, 0.8579999804496765, 0.8579999804496765, 0.8510000109672546, 0.8539999723434448, 0.8529999852180481, 0.8539999723434448, 0.8539999723434448, 0.8539999723434448, 0.8550000190734863, 0.8500000238418579, 0.8519999980926514, 0.8510000109672546, 0.8450000286102295, 0.8410000205039978, 0.8339999914169312, 0.8330000042915344, 0.8309999704360962, 0.8330000042915344, 0.8330000042915344, 0.828000009059906, 0.828000009059906, 0.8349999785423279, 0.8220000267028809, 0.8149999976158142, 0.8149999976158142, 0.8119999766349792, 0.8090000152587891, 0.8100000023841858, 0.8100000023841858, 0.8069999814033508, 0.8029999732971191, 0.8029999732971191, 0.796999990940094, 0.7960000038146973, 0.7940000295639038, 0.800000011920929, 0.800000011920929, 0.7900000214576721, 0.7929999828338623, 0.7960000038146973, 0.7960000038146973, 0.7910000085830688, 0.7839999794960022, 0.7839999794960022, 0.781000018119812, 0.777999997138977, 0.7799999713897705, 0.7829999923706055, 0.7799999713897705, 0.7689999938011169, 0.7680000066757202, 0.7680000066757202, 0.7680000066757202, 0.7670000195503235, 0.7620000243186951, 0.7620000243186951, 0.7580000162124634, 0.7559999823570251, 0.7580000162124634, 0.7559999823570251, 0.7549999952316284, 0.7519999742507935, 0.753000020980835, 0.7490000128746033, 0.7490000128746033, 0.7419999837875366, 0.7419999837875366, 0.7419999837875366, 0.7409999966621399, 0.7319999933242798, 0.7319999933242798, 0.7379999756813049, 0.7419999837875366, 0.7350000143051147, 0.7300000190734863, 0.7279999852180481, 0.7260000109672546, 0.722000002861023, 0.718999981880188, 0.7200000286102295, 0.7229999899864197, 0.7229999899864197, 0.7160000205039978, 0.7129999995231628, 0.7129999995231628, 0.7139999866485596, 0.7139999866485596, 0.7039999961853027, 0.7039999961853027, 0.7049999833106995, 0.7049999833106995, 0.7070000171661377, 0.7049999833106995, 0.7020000219345093, 0.7039999961853027, 0.6990000009536743, 0.6980000138282776, 0.6880000233650208, 0.6880000233650208, 0.6880000233650208, 0.6859999895095825, 0.6830000281333923, 0.6840000152587891, 0.6800000071525574, 0.6809999942779541, 0.6819999814033508, 0.6809999942779541, 0.6759999990463257, 0.6779999732971191, 0.6779999732971191, 0.6790000200271606, 0.6779999732971191, 0.6740000247955322, 0.671999990940094, 0.6700000166893005, 0.6700000166893005, 0.6639999747276306, 0.6639999747276306, 0.6669999957084656, 0.6690000295639038, 0.6690000295639038, 0.6639999747276306, 0.656000018119812, 0.656000018119812, 0.656000018119812, 0.6579999923706055, 0.6570000052452087, 0.652999997138977, 0.652999997138977, 0.6489999890327454, 0.6499999761581421, 0.6499999761581421, 0.6489999890327454, 0.6470000147819519, 0.6449999809265137, 0.6430000066757202, 0.6430000066757202, 0.640999972820282, 0.6340000033378601, 0.6349999904632568, 0.6330000162124634, 0.6320000290870667, 0.6430000066757202, 0.6439999938011169, 0.6439999938011169, 0.640999972820282, 0.6399999856948853, 0.6269999742507935, 0.6309999823570251, 0.6340000033378601, 0.6340000033378601, 0.6330000162124634, 0.6320000290870667, 0.6320000290870667, 0.625, 0.6190000176429749, 0.621999979019165, 0.625, 0.6259999871253967, 0.625, 0.6209999918937683, 0.6230000257492065, 0.6140000224113464, 0.6129999756813049, 0.6169999837875366, 0.6150000095367432, 0.6129999756813049, 0.6100000143051147, 0.609000027179718, 0.609000027179718, 0.6079999804496765, 0.6039999723434448, 0.6019999980926514, 0.6050000190734863, 0.6069999933242798, 0.6069999933242798, 0.6050000190734863, 0.597000002861023, 0.6029999852180481, 0.6029999852180481, 0.6019999980926514, 0.6010000109672546, 0.6000000238418579, 0.593999981880188, 0.593999981880188, 0.593999981880188, 0.597000002861023, 0.597000002861023, 0.5929999947547913, 0.5979999899864197, 0.5960000157356262, 0.5920000076293945, 0.5849999785423279, 0.5849999785423279, 0.5839999914169312, 0.5839999914169312, 0.5839999914169312, 0.5879999995231628, 0.5870000123977661, 0.5860000252723694, 0.5860000252723694, 0.5920000076293945, 0.5920000076293945, 0.5830000042915344, 0.5789999961853027, 0.5720000267028809, 0.5770000219345093, 0.5789999961853027, 0.5789999961853027, 0.5759999752044678, 0.578000009059906, 0.578000009059906, 0.578000009059906, 0.5740000009536743, 0.578000009059906, 0.5789999961853027, 0.5789999961853027, 0.5669999718666077, 0.5690000057220459, 0.574999988079071, 0.5709999799728394, 0.5669999718666077, 0.5709999799728394, 0.5759999752044678, 0.5720000267028809, 0.5709999799728394, 0.5709999799728394, 0.5709999799728394, 0.5720000267028809, 0.5720000267028809, 0.5699999928474426, 0.5720000267028809, 0.5720000267028809, 0.5709999799728394, 0.5669999718666077, 0.5659999847412109, 0.5619999766349792, 0.5640000104904175, 0.5680000185966492, 0.5659999847412109, 0.5640000104904175, 0.5640000104904175, 0.5580000281333923, 0.5600000023841858, 0.5619999766349792, 0.5619999766349792, 0.5619999766349792, 0.5669999718666077, 0.5669999718666077, 0.5669999718666077, 0.5649999976158142, 0.5559999942779541, 0.5630000233650208, 0.5669999718666077, 0.5659999847412109, 0.5609999895095825, 0.5609999895095825, 0.5619999766349792, 0.5619999766349792, 0.5609999895095825, 0.5609999895095825, 0.5640000104904175, 0.5659999847412109, 0.5680000185966492, 0.5659999847412109, 0.5640000104904175, 0.5609999895095825, 0.5630000233650208, 0.5590000152587891, 0.5559999942779541, 0.5580000281333923, 0.5619999766349792, 0.5619999766349792, 0.5600000023841858, 0.5569999814033508, 0.5580000281333923, 0.5609999895095825, 0.5590000152587891, 0.5630000233650208, 0.5630000233650208, 0.5609999895095825, 0.5600000023841858, 0.5640000104904175, 0.5649999976158142, 0.5649999976158142, 0.5649999976158142, 0.5609999895095825, 0.5609999895095825, 0.5630000233650208, 0.5619999766349792, 0.5590000152587891, 0.5590000152587891, 0.5659999847412109, 0.5669999718666077, 0.5680000185966492, 0.5640000104904175, 0.5609999895095825, 0.5640000104904175, 0.5640000104904175, 0.5699999928474426, 0.5600000023841858, 0.5649999976158142, 0.5619999766349792, 0.5609999895095825, 0.5649999976158142, 0.5709999799728394, 0.5640000104904175, 0.5640000104904175, 0.5630000233650208, 0.5699999928474426, 0.5659999847412109, 0.5640000104904175, 0.5690000057220459, 0.574999988079071, 0.5640000104904175, 0.5609999895095825, 0.5730000138282776, 0.574999988079071, 0.574999988079071, 0.574999988079071, 0.574999988079071, 0.5740000009536743, 0.5770000219345093, 0.5770000219345093, 0.574999988079071, 0.5730000138282776, 0.5730000138282776, 0.5720000267028809, 0.5699999928474426, 0.5709999799728394, 0.5699999928474426, 0.5770000219345093, 0.5839999914169312, 0.5789999961853027, 0.5759999752044678, 0.5809999704360962, 0.5889999866485596, 0.5849999785423279, 0.5820000171661377, 0.5849999785423279, 0.5870000123977661, 0.5889999866485596, 0.5879999995231628, 0.5849999785423279, 0.5870000123977661, 0.5910000205039978, 0.5899999737739563, 0.5889999866485596, 0.6060000061988831, 0.6069999933242798, 0.5989999771118164, 0.5920000076293945, 0.593999981880188, 0.5960000157356262, 0.5979999899864197, 0.6019999980926514, 0.6069999933242798, 0.5950000286102295, 0.5929999947547913, 0.6060000061988831, 0.6069999933242798, 0.6069999933242798, 0.6110000014305115, 0.609000027179718, 0.6129999756813049, 0.6129999756813049, 0.6259999871253967, 0.6240000128746033, 0.6240000128746033, 0.621999979019165, 0.6190000176429749, 0.6179999709129333, 0.6209999918937683, 0.6240000128746033, 0.6200000047683716, 0.625, 0.625, 0.6259999871253967, 0.6330000162124634, 0.6330000162124634, 0.6330000162124634, 0.6349999904632568, 0.6340000033378601, 0.6359999775886536, 0.6370000243186951, 0.6430000066757202, 0.6420000195503235, 0.6380000114440918, 0.6340000033378601, 0.6349999904632568, 0.6420000195503235, 0.640999972820282, 0.640999972820282, 0.640999972820282, 0.640999972820282, 0.6470000147819519, 0.6489999890327454, 0.6489999890327454, 0.6520000100135803, 0.6460000276565552, 0.6430000066757202, 0.6470000147819519, 0.6489999890327454, 0.6510000228881836, 0.6520000100135803, 0.6600000262260437, 0.6600000262260437, 0.6589999794960022, 0.6539999842643738, 0.6570000052452087, 0.6579999923706055, 0.6620000004768372, 0.6639999747276306, 0.6669999957084656, 0.671999990940094, 0.671999990940094, 0.6729999780654907, 0.6700000166893005, 0.6700000166893005, 0.6759999990463257, 0.6800000071525574, 0.6800000071525574, 0.6809999942779541, 0.6809999942779541, 0.6859999895095825, 0.6890000104904175, 0.6830000281333923, 0.6759999990463257, 0.6880000233650208, 0.6890000104904175, 0.6880000233650208, 0.6800000071525574, 0.6840000152587891, 0.6840000152587891, 0.6959999799728394, 0.7020000219345093, 0.7020000219345093, 0.7039999961853027, 0.7120000123977661, 0.7210000157356262, 0.718999981880188, 0.7210000157356262, 0.7250000238418579, 0.7319999933242798, 0.7360000014305115, 0.7419999837875366, 0.746999979019165, 0.746999979019165, 0.7509999871253967, 0.7519999742507935, 0.753000020980835, 0.7549999952316284, 0.7680000066757202, 0.7699999809265137, 0.7680000066757202, 0.7720000147819519]
intensities: [1106.0, 1108.0, 1151.0, 1165.0, 1269.0, 1358.0, 1340.0, 1460.0, 1479.0, 1467.0, 1499.0, 1507.0, 1492.0, 1460.0, 1257.0, 1239.0, 1133.0, 912.0, 831.0, 865.0, 939.0, 1016.0, 1000.0, 1022.0, 1041.0, 1027.0, 1021.0, 1045.0, 1119.0, 1166.0, 1228.0, 1447.0, 1456.0, 1499.0, 1558.0, 1563.0, 1588.0, 1597.0, 1603.0, 1626.0, 1609.0, 1609.0, 1625.0, 1625.0, 1643.0, 1623.0, 1622.0, 1621.0, 1630.0, 1600.0, 1604.0, 1604.0, 1584.0, 1572.0, 1572.0, 1569.0, 1582.0, 1596.0, 1609.0, 1608.0, 1575.0, 1568.0, 1575.0, 1560.0, 1569.0, 1565.0, 1553.0, 1560.0, 1579.0, 1530.0, 1549.0, 1538.0, 1554.0, 1554.0, 1561.0, 1566.0, 1547.0, 1541.0, 1544.0, 1539.0, 1541.0, 1529.0, 1529.0, 1529.0, 1531.0, 1532.0, 1527.0, 1523.0, 1529.0, 1510.0, 1505.0, 1501.0, 1504.0, 1504.0, 1484.0, 1472.0, 1486.0, 1484.0, 1487.0, 1491.0, 1491.0, 1478.0, 1498.0, 1469.0, 1467.0, 1487.0, 1482.0, 1474.0, 1485.0, 1463.0, 1461.0, 1456.0, 1455.0, 1469.0, 1460.0, 1460.0, 1431.0, 1465.0, 1449.0, 1442.0, 1419.0, 1424.0, 1424.0, 1416.0, 1414.0, 1437.0, 1437.0, 1392.0, 1392.0, 1366.0, 1366.0, 1383.0, 1373.0, 1394.0, 1394.0, 1378.0, 1367.0, 1364.0, 1364.0, 1355.0, 1353.0, 1353.0, 1340.0, 1345.0, 1340.0, 1363.0, 1340.0, 1306.0, 1295.0, 1291.0, 1291.0, 1301.0, 1296.0, 1278.0, 1284.0, 1292.0, 1284.0, 1281.0, 1282.0, 1282.0, 1275.0, 1275.0, 1266.0, 1254.0, 1254.0, 1265.0, 1269.0, 1269.0, 1256.0, 1249.0, 1268.0, 1251.0, 1233.0, 1231.0, 1251.0, 1236.0, 1228.0, 1228.0, 1238.0, 1239.0, 1240.0, 1246.0, 1229.0, 1225.0, 1227.0, 1209.0, 1209.0, 1209.0, 1204.0, 1196.0, 1196.0, 1194.0, 1199.0, 1185.0, 1199.0, 1190.0, 1170.0, 1170.0, 1179.0, 1165.0, 1178.0, 1172.0, 1162.0, 1171.0, 1157.0, 1167.0, 1153.0, 1149.0, 1153.0, 1141.0, 1144.0, 1153.0, 1152.0, 1155.0, 1153.0, 1144.0, 1147.0, 1147.0, 1160.0, 1149.0, 1143.0, 1146.0, 1146.0, 1127.0, 1131.0, 1131.0, 1127.0, 1127.0, 1137.0, 1131.0, 1144.0, 1129.0, 1134.0, 1090.0, 1099.0, 1101.0, 1135.0, 1148.0, 1129.0, 1132.0, 1135.0, 1117.0, 1122.0, 1101.0, 1143.0, 1149.0, 1149.0, 1126.0, 1129.0, 1155.0, 1155.0, 1125.0, 1144.0, 1141.0, 1147.0, 1148.0, 1102.0, 1102.0, 1110.0, 1089.0, 1088.0, 1090.0, 1098.0, 1099.0, 1088.0, 1096.0, 1092.0, 1103.0, 1101.0, 1126.0, 1121.0, 1121.0, 1084.0, 1094.0, 1083.0, 1091.0, 1095.0, 1105.0, 1097.0, 1076.0, 1088.0, 1073.0, 1068.0, 1065.0, 1049.0, 1019.0, 1011.0, 999.0, 1270.0, 653.0, 875.0, 878.0, 894.0, 898.0, 906.0, 894.0, 900.0, 905.0, 903.0, 906.0, 903.0, 904.0, 910.0, 910.0, 899.0, 912.0, 909.0, 914.0, 916.0, 906.0, 920.0, 904.0, 909.0, 900.0, 905.0, 904.0, 905.0, 911.0, 898.0, 903.0, 898.0, 894.0, 893.0, 897.0, 906.0, 909.0, 903.0, 889.0, 902.0, 899.0, 905.0, 901.0, 912.0, 910.0, 892.0, 882.0, 885.0, 877.0, 874.0, 883.0, 878.0, 876.0, 866.0, 865.0, 865.0, 868.0, 888.0, 890.0, 889.0, 883.0, 902.0, 921.0, 928.0, 939.0, 934.0, 935.0, 929.0, 935.0, 943.0, 948.0, 949.0, 960.0, 963.0, 960.0, 954.0, 954.0, 958.0, 961.0, 970.0, 959.0, 967.0, 968.0, 975.0, 984.0, 970.0, 978.0, 993.0, 986.0, 992.0, 1000.0, 1000.0, 991.0, 999.0, 1010.0, 1013.0, 1022.0, 1022.0, 1026.0, 1022.0, 1031.0, 1034.0, 1031.0, 1044.0, 1030.0, 1045.0, 1044.0, 1052.0, 1046.0, 1052.0, 1069.0, 1067.0, 1066.0, 1081.0, 1067.0, 1083.0, 1063.0, 1081.0, 1080.0, 1071.0, 1072.0, 1071.0, 1084.0, 1095.0, 1104.0, 1095.0, 1093.0, 1100.0, 1104.0, 1103.0, 1115.0, 1115.0, 1119.0, 1099.0, 1098.0, 1104.0, 1107.0, 1095.0, 1106.0, 1093.0, 1105.0, 1096.0, 1102.0, 1098.0, 1094.0, 1102.0, 1108.0, 1119.0, 1128.0, 1153.0, 1131.0, 1119.0, 1119.0, 1114.0, 1129.0, 1128.0, 1128.0, 1128.0, 1131.0, 1133.0, 1139.0, 1147.0, 1145.0, 1147.0, 1147.0, 1157.0, 1163.0, 1158.0, 1172.0, 1171.0, 1196.0, 1202.0, 1212.0, 1222.0, 1230.0, 1238.0, 1229.0, 1234.0, 1232.0, 1235.0, 1247.0, 1251.0, 1268.0, 1268.0, 1260.0, 1278.0, 1256.0, 1269.0, 1276.0, 1281.0, 1277.0, 1275.0, 1283.0, 1296.0, 1281.0, 1280.0, 1295.0, 1289.0, 1294.0, 1301.0, 1300.0, 1319.0, 1310.0, 1302.0, 1291.0, 1302.0, 1328.0, 1312.0, 1309.0, 1312.0, 1321.0, 1336.0, 1336.0, 1340.0, 1338.0, 1334.0, 1341.0, 1340.0, 1360.0, 1368.0, 1368.0, 1351.0, 1369.0, 1358.0, 1361.0, 1357.0, 1360.0, 1356.0, 1373.0, 1387.0, 1347.0, 1356.0, 1356.0, 1363.0, 1360.0, 1347.0, 1357.0, 1366.0, 1353.0, 1361.0, 1368.0, 1383.0, 1358.0, 1376.0, 1362.0, 1387.0, 1384.0, 1384.0, 1373.0, 1380.0, 1387.0, 1384.0, 1376.0, 1374.0, 1379.0, 1368.0, 1388.0, 1383.0, 1383.0, 1380.0, 1385.0, 1393.0, 1389.0, 1389.0, 1403.0, 1417.0, 1422.0, 1402.0, 1413.0, 1418.0, 1417.0, 1417.0, 1426.0, 1427.0, 1415.0, 1415.0, 1416.0, 1427.0, 1413.0, 1418.0, 1418.0, 1420.0, 1412.0, 1412.0, 1416.0, 1420.0, 1438.0, 1444.0, 1452.0, 1442.0, 1442.0, 1416.0, 1448.0, 1425.0, 1437.0, 1439.0, 1429.0, 1425.0, 1424.0, 1428.0, 1426.0, 1431.0, 1438.0, 1448.0, 1445.0, 1444.0, 1435.0, 1431.0, 1430.0, 1430.0, 1436.0, 1429.0, 1433.0, 1452.0, 1442.0, 1459.0, 1445.0, 1445.0, 1459.0, 1465.0, 1462.0, 1455.0, 1470.0, 1459.0, 1466.0, 1466.0, 1478.0, 1478.0, 1474.0, 1474.0, 1470.0, 1468.0, 1468.0, 1473.0, 1475.0, 1504.0, 1501.0, 1496.0, 1492.0, 1504.0, 1504.0, 1502.0, 1492.0, 1492.0, 1490.0, 1498.0, 1488.0, 1483.0, 1493.0, 1511.0, 1499.0, 1504.0, 1506.0, 1528.0, 1528.0, 1516.0, 1511.0, 1536.0, 1513.0, 1524.0, 1528.0, 1524.0, 1517.0, 1510.0, 1503.0, 1526.0, 1524.0, 1522.0, 1539.0, 1552.0, 1551.0, 1552.0, 1552.0, 1550.0, 1547.0, 1550.0, 1550.0, 1537.0, 1550.0, 1567.0, 1561.0, 1562.0, 1567.0, 1569.0, 1575.0, 1574.0, 1569.0, 1568.0, 1579.0, 1578.0, 1577.0, 1570.0, 1569.0, 1581.0, 1590.0, 1594.0, 1585.0, 1581.0, 1598.0, 1587.0, 1597.0, 1585.0, 1585.0, 1585.0, 1586.0, 1586.0, 1586.0, 1587.0, 1582.0, 1589.0, 1597.0, 1591.0, 1607.0, 1605.0, 1585.0, 1583.0, 1614.0, 1614.0, 1620.0, 1620.0, 1620.0, 1625.0, 1611.0, 1622.0, 1622.0, 1625.0, 1637.0, 1641.0, 1638.0, 1615.0, 1639.0, 1580.0, 1619.0, 1614.0, 1618.0, 1618.0, 1620.0, 1616.0, 1645.0, 1643.0, 1632.0, 1642.0, 1632.0, 1633.0, 1633.0, 1628.0, 1623.0, 1616.0, 1616.0, 1616.0, 1630.0, 1630.0, 1626.0, 1626.0, 1621.0, 1626.0, 1622.0, 1623.0, 1616.0, 1624.0, 1630.0, 1629.0, 1617.0, 1614.0, 1614.0, 1602.0, 1609.0, 1604.0, 1600.0, 1616.0, 1618.0, 1615.0, 1615.0, 1608.0, 1604.0, 1587.0, 1574.0, 1551.0, 1605.0, 1594.0, 1594.0, 1572.0, 1575.0, 1586.0, 1581.0, 1581.0, 1581.0, 1594.0, 1585.0, 1570.0, 1571.0, 1575.0, 1564.0, 1553.0, 1559.0, 1555.0, 1536.0, 1558.0, 1557.0, 1554.0, 1539.0, 1563.0, 1557.0, 1569.0, 1565.0, 1564.0, 1553.0, 1550.0, 1564.0, 1549.0, 1545.0, 1549.0, 1553.0, 1568.0, 1569.0, 1569.0, 1540.0, 1525.0, 1525.0, 1539.0, 1520.0, 1539.0, 1529.0, 1515.0, 1530.0, 1559.0, 1562.0, 1553.0, 1556.0, 1557.0, 1570.0, 1584.0, 1584.0, 1574.0, 1560.0, 1555.0, 1550.0, 1587.0, 1555.0, 1554.0, 1554.0, 1551.0, 1566.0, 1578.0, 1555.0, 1537.0, 1533.0, 1538.0, 1526.0, 1530.0, 1527.0, 1504.0, 1504.0, 1514.0, 1510.0, 1504.0, 1497.0, 1491.0, 1485.0, 1490.0, 1498.0, 1485.0, 1485.0, 1481.0, 1503.0, 1503.0, 1488.0, 1495.0, 1496.0, 1485.0, 1482.0, 1485.0, 1482.0, 1475.0, 1462.0, 1479.0, 1483.0, 1464.0, 1462.0, 1455.0, 1457.0, 1448.0, 1448.0, 1449.0, 1449.0, 1449.0, 1440.0, 1427.0, 1426.0, 1384.0, 1421.0, 1408.0, 1397.0, 1420.0, 1413.0, 1410.0, 1401.0, 1416.0, 1414.0, 1405.0, 1411.0, 1416.0, 1408.0, 1401.0, 1383.0, 1389.0, 1400.0, 1412.0, 1375.0, 1380.0, 1385.0, 1373.0, 1378.0, 1357.0, 1343.0, 1343.0, 1347.0, 1352.0, 1356.0, 1357.0, 1357.0, 1374.0, 1363.0, 1363.0, 1358.0, 1357.0, 1361.0, 1366.0, 1365.0, 1349.0, 1326.0, 1348.0, 1326.0, 1329.0, 1329.0, 1333.0, 1322.0, 1325.0, 1314.0, 1300.0, 1315.0, 1289.0, 1287.0, 1292.0, 1276.0, 1287.0, 1278.0, 1292.0, 1282.0, 1306.0, 1276.0, 1271.0, 1292.0, 1286.0, 1286.0, 1285.0, 1285.0, 1275.0, 1269.0, 1265.0, 1262.0, 1258.0, 1261.0, 1259.0, 1269.0, 1272.0, 1264.0, 1259.0, 1259.0, 1262.0, 1256.0, 1260.0, 1265.0, 1257.0, 1247.0, 1263.0, 1250.0, 1255.0, 1270.0, 1268.0, 1286.0, 1264.0, 1257.0, 1251.0, 1272.0, 1270.0, 1259.0, 1265.0, 1265.0, 1265.0, 1263.0, 1260.0, 1259.0, 1271.0, 1260.0, 1272.0, 1265.0, 1261.0, 1282.0, 1272.0, 1283.0, 1283.0, 1303.0, 1290.0, 1290.0, 1298.0, 1298.0, 1284.0, 1293.0, 1305.0, 1275.0, 1281.0, 1274.0, 1281.0, 1298.0, 1279.0, 1293.0, 1297.0, 1289.0, 1306.0, 1284.0, 1288.0, 1271.0, 1284.0, 1304.0, 1298.0, 1298.0, 1308.0, 1327.0, 1331.0, 1331.0, 1310.0, 1295.0, 1295.0, 1322.0, 1306.0, 1311.0, 1305.0, 1305.0, 1323.0, 1342.0, 1320.0, 1320.0, 1324.0, 1326.0, 1323.0, 1323.0, 1326.0, 1317.0, 1307.0, 1321.0, 1321.0, 1303.0, 1311.0, 1311.0, 1305.0, 1322.0, 1297.0, 1306.0, 1306.0, 1328.0, 1336.0, 1339.0, 1336.0, 1363.0, 1342.0, 1330.0, 1339.0, 1344.0, 1344.0, 1337.0, 1320.0, 1332.0, 1345.0, 1347.0, 1334.0, 1303.0, 1298.0, 1304.0, 1309.0, 1278.0, 1282.0, 1286.0, 1286.0, 1284.0, 1282.0, 1282.0, 1264.0, 1256.0, 1256.0, 1270.0, 1261.0]