header: 
  seq: 1086
  stamp: 
    secs: 1548820784
    nsecs: 286500498
  frame_id: "base_link"
angle_min: -2.35619449615
angle_max: 2.35619449615
angle_increment: 0.00436332309619
time_increment: 1.73611151695e-05
scan_time: 0.0250000003725
range_min: 0.019999999553
range_max: 30.0
ranges: [0.49300000071525574, 0.49399998784065247, 0.5019999742507935, 0.5019999742507935, 0.4869999885559082, 0.4880000054836273, 0.4880000054836273, 0.48899999260902405, 0.4950000047683716, 0.49000000953674316, 0.492000013589859, 0.49000000953674316, 0.4909999966621399, 0.48399999737739563, 0.4690000116825104, 0.4350000023841858, 0.39899998903274536, 0.3230000138282776, 0.296999990940094, 0.3240000009536743, 0.3409999907016754, 0.4129999876022339, 0.4449999928474426, 0.46000000834465027, 0.46799999475479126, 0.4740000069141388, 0.460999995470047, 0.46399998664855957, 0.460999995470047, 0.45500001311302185, 0.453000009059906, 0.4390000104904175, 0.46299999952316284, 0.45500001311302185, 0.4569999873638153, 0.4560000002384186, 0.453000009059906, 0.4490000009536743, 0.453000009059906, 0.4560000002384186, 0.4490000009536743, 0.4449999928474426, 0.4449999928474426, 0.44600000977516174, 0.4440000057220459, 0.4429999887943268, 0.4320000112056732, 0.42800000309944153, 0.42800000309944153, 0.42800000309944153, 0.4300000071525574, 0.4320000112056732, 0.4309999942779541, 0.42899999022483826, 0.4230000078678131, 0.42100000381469727, 0.42100000381469727, 0.4230000078678131, 0.4230000078678131, 0.42100000381469727, 0.4169999957084656, 0.4169999957084656, 0.4090000092983246, 0.4099999964237213, 0.41200000047683716, 0.41100001335144043, 0.4099999964237213, 0.4129999876022339, 0.4129999876022339, 0.41100001335144043, 0.4099999964237213, 0.40799999237060547, 0.4059999883174896, 0.40299999713897705, 0.40299999713897705, 0.4059999883174896, 0.4099999964237213, 0.4099999964237213, 0.4059999883174896, 0.4059999883174896, 0.4059999883174896, 0.4009999930858612, 0.39899998903274536, 0.39399999380111694, 0.39899998903274536, 0.39899998903274536, 0.39500001072883606, 0.3919999897480011, 0.39100000262260437, 0.39100000262260437, 0.3930000066757202, 0.39800000190734863, 0.4009999930858612, 0.3880000114440918, 0.3880000114440918, 0.3880000114440918, 0.382999986410141, 0.382999986410141, 0.3799999952316284, 0.38199999928474426, 0.3869999945163727, 0.382999986410141, 0.3779999911785126, 0.37700000405311584, 0.37299999594688416, 0.3779999911785126, 0.3779999911785126, 0.3840000033378601, 0.38600000739097595, 0.3869999945163727, 0.37599998712539673, 0.375, 0.375, 0.375, 0.375, 0.37599998712539673, 0.3659999966621399, 0.367000013589859, 0.3720000088214874, 0.3720000088214874, 0.3709999918937683, 0.3659999966621399, 0.3630000054836273, 0.3630000054836273, 0.3659999966621399, 0.3659999966621399, 0.3659999966621399, 0.3659999966621399, 0.3580000102519989, 0.3569999933242798, 0.3569999933242798, 0.36000001430511475, 0.36399999260902405, 0.36399999260902405, 0.36399999260902405, 0.3580000102519989, 0.35600000619888306, 0.35600000619888306, 0.35100001096725464, 0.3479999899864197, 0.3490000069141388, 0.35100001096725464, 0.35100001096725464, 0.3499999940395355, 0.3529999852180481, 0.3529999852180481, 0.3580000102519989, 0.3569999933242798, 0.35100001096725464, 0.34599998593330383, 0.34599998593330383, 0.34599998593330383, 0.34599998593330383, 0.34599998593330383, 0.34599998593330383, 0.34599998593330383, 0.33799999952316284, 0.34599998593330383, 0.3529999852180481, 0.35100001096725464, 0.3490000069141388, 0.3449999988079071, 0.3440000116825104, 0.3440000116825104, 0.34599998593330383, 0.3569999933242798, 0.34200000762939453, 0.33899998664855957, 0.33899998664855957, 0.33899998664855957, 0.34299999475479126, 0.34599998593330383, 0.34700000286102295, 0.34200000762939453, 0.3440000116825104, 0.3370000123977661, 0.3409999907016754, 0.33899998664855957, 0.3400000035762787, 0.335999995470047, 0.33399999141693115, 0.33500000834465027, 0.34200000762939453, 0.33799999952316284, 0.3400000035762787, 0.3409999907016754, 0.33799999952316284, 0.3330000042915344, 0.33500000834465027, 0.33399999141693115, 0.3310000002384186, 0.33000001311302185, 0.33799999952316284, 0.3370000123977661, 0.3370000123977661, 0.335999995470047, 0.335999995470047, 0.32899999618530273, 0.33399999141693115, 0.33399999141693115, 0.33799999952316284, 0.33399999141693115, 0.3330000042915344, 0.3310000002384186, 0.3319999873638153, 0.3319999873638153, 0.33500000834465027, 0.3330000042915344, 0.33000001311302185, 0.33000001311302185, 0.3310000002384186, 0.335999995470047, 0.33399999141693115, 0.3370000123977661, 0.3330000042915344, 0.33500000834465027, 0.33500000834465027, 0.335999995470047, 0.335999995470047, 0.3370000123977661, 0.3370000123977661, 0.3330000042915344, 0.328000009059906, 0.33000001311302185, 0.3310000002384186, 0.32899999618530273, 0.3269999921321869, 0.33000001311302185, 0.33000001311302185, 0.3310000002384186, 0.3319999873638153, 0.3319999873638153, 0.3310000002384186, 0.33000001311302185, 0.3319999873638153, 0.32899999618530273, 0.33000001311302185, 0.33000001311302185, 0.32899999618530273, 0.32899999618530273, 0.33000001311302185, 0.32499998807907104, 0.3240000009536743, 0.32600000500679016, 0.3230000138282776, 0.3240000009536743, 0.3269999921321869, 0.328000009059906, 0.33000001311302185, 0.32600000500679016, 0.32499998807907104, 0.3330000042915344, 0.3310000002384186, 0.32899999618530273, 0.32600000500679016, 0.328000009059906, 0.33000001311302185, 0.33000001311302185, 0.32600000500679016, 0.3190000057220459, 0.32899999618530273, 0.33500000834465027, 0.3240000009536743, 0.32499998807907104, 0.3440000116825104, 0.3440000116825104, 0.3269999921321869, 0.3269999921321869, 0.3269999921321869, 0.335999995470047, 0.335999995470047, 0.33799999952316284, 0.3409999907016754, 0.3409999907016754, 0.34700000286102295, 0.34700000286102295, 0.3400000035762787, 0.34299999475479126, 0.33899998664855957, 0.335999995470047, 0.33899998664855957, 0.3490000069141388, 0.3529999852180481, 0.3449999988079071, 0.3449999988079071, 0.3529999852180481, 0.3490000069141388, 0.3479999899864197, 0.35100001096725464, 0.35100001096725464, 0.3529999852180481, 0.3490000069141388, 0.3540000021457672, 0.3529999852180481, 0.3540000021457672, 0.35600000619888306, 0.3580000102519989, 0.3569999933242798, 0.3569999933242798, 0.35899999737739563, 0.3540000021457672, 0.3619999885559082, 0.36800000071525574, 0.3630000054836273, 0.35899999737739563, 0.36000001430511475, 0.3610000014305115, 0.3630000054836273, 0.3619999885559082, 0.3659999966621399, 0.36800000071525574, 0.367000013589859, 0.36800000071525574, 0.36500000953674316, 0.36500000953674316, 0.36899998784065247, 0.37700000405311584, 0.37700000405311584, 0.37700000405311584, 0.3720000088214874, 0.3659999966621399, 0.37299999594688416, 0.37700000405311584, 0.38199999928474426, 0.382999986410141, 0.38199999928474426, 0.3779999911785126, 0.382999986410141, 0.375, 0.37700000405311584, 0.38100001215934753, 0.38499999046325684, 0.3889999985694885, 0.382999986410141, 0.3840000033378601, 0.3840000033378601, 0.39100000262260437, 0.39899998903274536, 0.4020000100135803, 0.4009999930858612, 0.39899998903274536, 0.39899998903274536, 0.4000000059604645, 0.4000000059604645, 0.39899998903274536, 0.4020000100135803, 0.4059999883174896, 0.4050000011920929, 0.39500001072883606, 0.4020000100135803, 0.414000004529953, 0.421999990940094, 0.4230000078678131, 0.421999990940094, 0.4169999957084656, 0.4169999957084656, 0.4189999997615814, 0.42899999022483826, 0.4390000104904175, 0.4399999976158142, 0.4390000104904175, 0.43799999356269836, 0.4320000112056732, 0.4350000023841858, 0.44200000166893005, 0.4490000009536743, 0.4580000042915344, 0.4519999921321869, 0.45500001311302185, 0.4569999873638153, 0.4659999907016754, 0.4970000088214874, 0.5049999952316284, 0.5569999814033508, 0.7120000123977661, 1.0219999551773071, 1.5889999866485596, 1.5920000076293945, 1.5950000286102295, 1.590999960899353, 1.5850000381469727, 1.5750000476837158, 1.5750000476837158, 1.5750000476837158, 1.5750000476837158, 1.5729999542236328, 1.565999984741211, 1.5640000104904175, 1.5640000104904175, 1.5540000200271606, 1.5540000200271606, 1.5499999523162842, 1.5449999570846558, 1.5470000505447388, 1.5379999876022339, 1.534999966621399, 1.5240000486373901, 1.5169999599456787, 1.5160000324249268, 1.5180000066757202, 1.5180000066757202, 1.5160000324249268, 1.5160000324249268, 1.5169999599456787, 1.5180000066757202, 1.5180000066757202, 1.5119999647140503, 1.5110000371932983, 1.5119999647140503, 1.5, 1.496999979019165, 1.5, 1.5019999742507935, 1.503000020980835, 1.4980000257492065, 1.4850000143051147, 1.4789999723434448, 1.4819999933242798, 1.4800000190734863, 1.4759999513626099, 1.4759999513626099, 1.468999981880188, 1.468000054359436, 1.468000054359436, 1.4670000076293945, 1.465999960899353, 1.4639999866485596, 1.4600000381469727, 1.4579999446868896, 1.4559999704360962, 1.4550000429153442, 1.4520000219345093, 1.4470000267028809, 1.4420000314712524, 1.437999963760376, 1.4320000410079956, 1.4459999799728394, 1.4520000219345093, 1.4450000524520874, 1.437999963760376, 1.437999963760376, 1.4359999895095825, 1.4390000104904175, 1.430999994277954, 1.4390000104904175, 1.4359999895095825, 1.437000036239624, 1.4320000410079956, 1.434000015258789, 1.4299999475479126, 1.4299999475479126, 1.4270000457763672, 1.430999994277954, 1.4329999685287476, 1.4290000200271606, 1.4249999523162842, 1.4270000457763672, 1.4299999475479126, 1.434000015258789, 1.4299999475479126, 1.4220000505447388, 1.4179999828338623, 1.4190000295639038, 1.4220000505447388, 1.4220000505447388, 1.4170000553131104, 1.4149999618530273, 1.4199999570846558, 1.4160000085830688, 1.4190000295639038, 1.4220000505447388, 1.4170000553131104, 1.4129999876022339, 1.4149999618530273, 1.4149999618530273, 1.4179999828338623, 1.4129999876022339, 1.4129999876022339, 1.4079999923706055, 1.402999997138977, 1.3990000486373901, 1.3990000486373901, 1.4049999713897705, 1.409000039100647, 1.409000039100647, 1.406999945640564, 1.402999997138977, 1.3980000019073486, 1.3969999551773071, 1.3940000534057617, 1.3940000534057617, 1.3940000534057617, 1.3869999647140503, 1.3890000581741333, 1.3869999647140503, 1.3919999599456787, 1.3910000324249268, 1.3849999904632568, 1.378999948501587, 1.3760000467300415, 1.3739999532699585, 1.3769999742507935, 1.38100004196167, 1.3799999952316284, 1.378000020980835, 1.3830000162124634, 1.3819999694824219, 1.3880000114440918, 1.371999979019165, 1.371999979019165, 1.3730000257492065, 1.3660000562667847, 1.3639999628067017, 1.3589999675750732, 1.3600000143051147, 1.3600000143051147, 1.3609999418258667, 1.3600000143051147, 1.3619999885559082, 1.3550000190734863, 1.3530000448226929, 1.3489999771118164, 1.3450000286102295, 1.340000033378601, 1.3350000381469727, 1.3339999914169312, 1.3339999914169312, 1.3389999866485596, 1.340000033378601, 1.340000033378601, 1.3359999656677246, 1.3329999446868896, 1.3309999704360962, 1.3250000476837158, 1.3270000219345093, 1.3240000009536743, 1.3229999542236328, 1.3220000267028809, 1.315999984741211, 1.315000057220459, 1.3179999589920044, 1.3179999589920044, 1.315000057220459, 1.3140000104904175, 1.315999984741211, 1.309000015258789, 1.309000015258789, 1.3040000200271606, 1.2990000247955322, 1.2990000247955322, 1.2999999523162842, 1.2960000038146973, 1.2960000038146973, 1.2940000295639038, 1.2860000133514404, 1.2860000133514404, 1.2829999923706055, 1.281000018119812, 1.2790000438690186, 1.2760000228881836, 1.277999997138977, 1.2740000486373901, 1.2730000019073486, 1.2640000581741333, 1.2649999856948853, 1.2649999856948853, 1.2649999856948853, 1.2619999647140503, 1.2569999694824219, 1.24399995803833, 1.2450000047683716, 1.25, 1.2489999532699585, 1.2480000257492065, 1.24399995803833, 1.24399995803833, 1.2450000047683716, 1.2419999837875366, 1.2339999675750732, 1.2319999933242798, 1.2330000400543213, 1.2309999465942383, 1.2230000495910645, 1.2209999561309814, 1.215999960899353, 1.2130000591278076, 1.2120000123977661, 1.2100000381469727, 1.2070000171661377, 1.2059999704360962, 1.2059999704360962, 1.2050000429153442, 1.1990000009536743, 1.1929999589920044, 1.1920000314712524, 1.1920000314712524, 1.1890000104904175, 1.184999942779541, 1.1790000200271606, 1.1770000457763672, 1.180999994277954, 1.1779999732971191, 1.1779999732971191, 1.1740000247955322, 1.1749999523162842, 1.1720000505447388, 1.1640000343322754, 1.1629999876022339, 1.1549999713897705, 1.1510000228881836, 1.1480000019073486, 1.149999976158142, 1.1490000486373901, 1.1369999647140503, 1.1349999904632568, 1.1419999599456787, 1.128999948501587, 1.128999948501587, 1.128000020980835, 1.125, 1.125, 1.1169999837875366, 1.1119999885559082, 1.1119999885559082, 1.1139999628067017, 1.1069999933242798, 1.1059999465942383, 1.1080000400543213, 1.1089999675750732, 1.1019999980926514, 1.100000023841858, 1.100000023841858, 1.1050000190734863, 1.1030000448226929, 1.0880000591278076, 1.0870000123977661, 1.0850000381469727, 1.0779999494552612, 1.0770000219345093, 1.0709999799728394, 1.0679999589920044, 1.0679999589920044, 1.0729999542236328, 1.0729999542236328, 1.0709999799728394, 1.0549999475479126, 1.0520000457763672, 1.0520000457763672, 1.0460000038146973, 1.0420000553131104, 1.0490000247955322, 1.0549999475479126, 1.0499999523162842, 1.0379999876022339, 1.0379999876022339, 1.0329999923706055, 1.031000018119812, 1.0210000276565552, 1.0180000066757202, 1.0140000581741333, 1.0089999437332153, 1.0080000162124634, 1.0099999904632568, 1.0130000114440918, 1.003000020980835, 0.9980000257492065, 0.9980000257492065, 0.9929999709129333, 0.9879999756813049, 0.9869999885559082, 0.9850000143051147, 0.9850000143051147, 0.9829999804496765, 0.9729999899864197, 0.9739999771118164, 0.9710000157356262, 0.9639999866485596, 0.9599999785423279, 0.9620000123977661, 0.9610000252723694, 0.953000009059906, 0.9620000123977661, 0.9610000252723694, 0.953000009059906, 0.9419999718666077, 0.9490000009536743, 0.949999988079071, 0.9440000057220459, 0.9359999895095825, 0.9309999942779541, 0.9279999732971191, 0.9279999732971191, 0.9279999732971191, 0.9200000166893005, 0.9169999957084656, 0.9160000085830688, 0.9110000133514404, 0.9070000052452087, 0.9039999842643738, 0.902999997138977, 0.8999999761581421, 0.890999972820282, 0.890999972820282, 0.890999972820282, 0.8880000114440918, 0.8820000290870667, 0.8799999952316284, 0.8790000081062317, 0.8679999709129333, 0.8640000224113464, 0.8700000047683716, 0.871999979019165, 0.8679999709129333, 0.8640000224113464, 0.8640000224113464, 0.859000027179718, 0.859000027179718, 0.8500000238418579, 0.8500000238418579, 0.8529999852180481, 0.8450000286102295, 0.8379999995231628, 0.8370000123977661, 0.8389999866485596, 0.8339999914169312, 0.8270000219345093, 0.8270000219345093, 0.828000009059906, 0.824999988079071, 0.8180000185966492, 0.8130000233650208, 0.8109999895095825, 0.8069999814033508, 0.8100000023841858, 0.8100000023841858, 0.8040000200271606, 0.8019999861717224, 0.800000011920929, 0.7929999828338623, 0.7860000133514404, 0.7829999923706055, 0.781000018119812, 0.7929999828338623, 0.7960000038146973, 0.7829999923706055, 0.781000018119812, 0.7739999890327454, 0.7710000276565552, 0.765999972820282, 0.7620000243186951, 0.7620000243186951, 0.7599999904632568, 0.7599999904632568, 0.7599999904632568, 0.7570000290870667, 0.7459999918937683, 0.746999979019165, 0.75, 0.75, 0.7519999742507935, 0.7450000047683716, 0.7400000095367432, 0.7369999885559082, 0.7329999804496765, 0.7329999804496765, 0.7300000190734863, 0.7229999899864197, 0.7160000205039978, 0.7120000123977661, 0.7160000205039978, 0.718999981880188, 0.718999981880188, 0.7200000286102295, 0.7139999866485596, 0.7080000042915344, 0.7080000042915344, 0.7020000219345093, 0.7020000219345093, 0.6980000138282776, 0.6959999799728394, 0.6940000057220459, 0.6949999928474426, 0.6919999718666077, 0.6890000104904175, 0.6850000023841858, 0.6809999942779541, 0.6809999942779541, 0.6759999990463257, 0.6729999780654907, 0.671999990940094, 0.671999990940094, 0.671999990940094, 0.671999990940094, 0.6700000166893005, 0.6660000085830688, 0.6679999828338623, 0.6650000214576721, 0.6639999747276306, 0.6620000004768372, 0.6620000004768372, 0.6570000052452087, 0.6549999713897705, 0.6549999713897705, 0.6639999747276306, 0.6589999794960022, 0.652999997138977, 0.6499999761581421, 0.6499999761581421, 0.6499999761581421, 0.6439999938011169, 0.6460000276565552, 0.6480000019073486, 0.6420000195503235, 0.6449999809265137, 0.6480000019073486, 0.6489999890327454, 0.6359999775886536, 0.6340000033378601, 0.6340000033378601, 0.6259999871253967, 0.6269999742507935, 0.6330000162124634, 0.6309999823570251, 0.6259999871253967, 0.6259999871253967, 0.621999979019165, 0.6179999709129333, 0.6179999709129333, 0.6200000047683716, 0.6209999918937683, 0.6190000176429749, 0.6150000095367432, 0.6159999966621399, 0.6159999966621399, 0.6150000095367432, 0.6100000143051147, 0.6110000014305115, 0.6150000095367432, 0.6169999837875366, 0.6169999837875366, 0.6129999756813049, 0.6079999804496765, 0.6050000190734863, 0.6100000143051147, 0.6150000095367432, 0.6140000224113464, 0.6039999723434448, 0.6010000109672546, 0.593999981880188, 0.5979999899864197, 0.5920000076293945, 0.5899999737739563, 0.593999981880188, 0.5899999737739563, 0.593999981880188, 0.593999981880188, 0.597000002861023, 0.5929999947547913, 0.5899999737739563, 0.5849999785423279, 0.5849999785423279, 0.5830000042915344, 0.5839999914169312, 0.5849999785423279, 0.5870000123977661, 0.5860000252723694, 0.5849999785423279, 0.5849999785423279, 0.5849999785423279, 0.5860000252723694, 0.5830000042915344, 0.5799999833106995, 0.5820000171661377, 0.5849999785423279, 0.5849999785423279, 0.5849999785423279, 0.5830000042915344, 0.5820000171661377, 0.5820000171661377, 0.5809999704360962, 0.5789999961853027, 0.5789999961853027, 0.5770000219345093, 0.5789999961853027, 0.5839999914169312, 0.5860000252723694, 0.5770000219345093, 0.5770000219345093, 0.5770000219345093, 0.5770000219345093, 0.5770000219345093, 0.5770000219345093, 0.5740000009536743, 0.5730000138282776, 0.578000009059906, 0.574999988079071, 0.5720000267028809, 0.5699999928474426, 0.5709999799728394, 0.578000009059906, 0.5799999833106995, 0.574999988079071, 0.5619999766349792, 0.5669999718666077, 0.5709999799728394, 0.5789999961853027, 0.5669999718666077, 0.5669999718666077, 0.5609999895095825, 0.5640000104904175, 0.5609999895095825, 0.5590000152587891, 0.5580000281333923, 0.5630000233650208, 0.5699999928474426, 0.5690000057220459, 0.5600000023841858, 0.5569999814033508, 0.5630000233650208, 0.5630000233650208, 0.5640000104904175, 0.5669999718666077, 0.5669999718666077, 0.5680000185966492, 0.5680000185966492, 0.5649999976158142, 0.5649999976158142, 0.5649999976158142, 0.5680000185966492, 0.5649999976158142, 0.5649999976158142, 0.5630000233650208, 0.5659999847412109, 0.5680000185966492, 0.5649999976158142, 0.5659999847412109, 0.5669999718666077, 0.5669999718666077, 0.5649999976158142, 0.5669999718666077, 0.5699999928474426, 0.5730000138282776, 0.574999988079071, 0.5680000185966492, 0.5699999928474426, 0.5690000057220459, 0.5640000104904175, 0.5630000233650208, 0.5699999928474426, 0.5709999799728394, 0.5680000185966492, 0.5720000267028809, 0.578000009059906, 0.5720000267028809, 0.5680000185966492, 0.5730000138282776, 0.5690000057220459, 0.5669999718666077, 0.5680000185966492, 0.5659999847412109, 0.5690000057220459, 0.578000009059906, 0.578000009059906, 0.578000009059906, 0.5740000009536743, 0.5770000219345093, 0.5789999961853027, 0.5820000171661377, 0.5830000042915344, 0.5820000171661377, 0.5730000138282776, 0.5740000009536743, 0.578000009059906, 0.5839999914169312, 0.5789999961853027, 0.5789999961853027, 0.5820000171661377, 0.5870000123977661, 0.5839999914169312, 0.5839999914169312, 0.5889999866485596, 0.5929999947547913, 0.5929999947547913, 0.5929999947547913, 0.5879999995231628, 0.5899999737739563, 0.5889999866485596, 0.5879999995231628, 0.5839999914169312, 0.5849999785423279, 0.5929999947547913, 0.5929999947547913, 0.5920000076293945, 0.5929999947547913, 0.597000002861023, 0.5960000157356262, 0.5960000157356262, 0.597000002861023, 0.597000002861023, 0.5989999771118164, 0.6029999852180481, 0.6029999852180481, 0.5989999771118164, 0.6010000109672546, 0.6039999723434448, 0.6060000061988831, 0.6100000143051147, 0.6119999885559082, 0.609000027179718, 0.6060000061988831, 0.6029999852180481, 0.6119999885559082, 0.6019999980926514, 0.6010000109672546, 0.6010000109672546, 0.6029999852180481, 0.6050000190734863, 0.6029999852180481, 0.6050000190734863, 0.6050000190734863, 0.609000027179718, 0.6140000224113464, 0.6150000095367432, 0.6079999804496765, 0.6050000190734863, 0.6060000061988831, 0.6129999756813049, 0.6129999756813049, 0.6159999966621399, 0.6159999966621399, 0.6140000224113464, 0.609000027179718, 0.6159999966621399, 0.6190000176429749, 0.6190000176429749, 0.6159999966621399, 0.6190000176429749, 0.6209999918937683, 0.621999979019165, 0.621999979019165, 0.6240000128746033, 0.6240000128746033, 0.6290000081062317, 0.628000020980835, 0.621999979019165, 0.6299999952316284, 0.6330000162124634, 0.6330000162124634, 0.6290000081062317, 0.6290000081062317, 0.6290000081062317, 0.6330000162124634, 0.6299999952316284, 0.6309999823570251, 0.6290000081062317, 0.6330000162124634, 0.6299999952316284, 0.6299999952316284, 0.6309999823570251, 0.6330000162124634, 0.6359999775886536, 0.6389999985694885, 0.6389999985694885, 0.6420000195503235, 0.6520000100135803, 0.652999997138977, 0.6639999747276306, 0.6669999957084656, 0.6660000085830688, 0.6639999747276306, 0.6639999747276306, 0.6650000214576721, 0.6700000166893005, 0.6710000038146973, 0.6710000038146973, 0.6809999942779541, 0.6819999814033508, 0.6840000152587891, 0.6830000281333923, 0.6850000023841858, 0.6869999766349792]
intensities: [1041.0, 1059.0, 1122.0, 1122.0, 1130.0, 1175.0, 1175.0, 1223.0, 1271.0, 1286.0, 1343.0, 1337.0, 1346.0, 1347.0, 1285.0, 1141.0, 1106.0, 910.0, 845.0, 867.0, 871.0, 974.0, 1017.0, 1040.0, 1055.0, 1044.0, 989.0, 1025.0, 1051.0, 1107.0, 1175.0, 1127.0, 1322.0, 1305.0, 1395.0, 1419.0, 1442.0, 1475.0, 1492.0, 1492.0, 1495.0, 1496.0, 1497.0, 1503.0, 1505.0, 1501.0, 1520.0, 1525.0, 1522.0, 1524.0, 1525.0, 1517.0, 1517.0, 1524.0, 1512.0, 1508.0, 1508.0, 1508.0, 1508.0, 1508.0, 1527.0, 1536.0, 1513.0, 1509.0, 1508.0, 1502.0, 1497.0, 1503.0, 1494.0, 1498.0, 1473.0, 1486.0, 1500.0, 1473.0, 1473.0, 1484.0, 1487.0, 1488.0, 1461.0, 1472.0, 1479.0, 1473.0, 1472.0, 1478.0, 1465.0, 1476.0, 1456.0, 1461.0, 1451.0, 1455.0, 1441.0, 1442.0, 1454.0, 1447.0, 1441.0, 1445.0, 1427.0, 1427.0, 1420.0, 1424.0, 1428.0, 1424.0, 1419.0, 1420.0, 1443.0, 1412.0, 1412.0, 1426.0, 1410.0, 1429.0, 1411.0, 1403.0, 1382.0, 1401.0, 1407.0, 1426.0, 1403.0, 1399.0, 1391.0, 1391.0, 1395.0, 1389.0, 1371.0, 1371.0, 1363.0, 1352.0, 1352.0, 1351.0, 1348.0, 1341.0, 1341.0, 1338.0, 1331.0, 1327.0, 1348.0, 1329.0, 1323.0, 1323.0, 1312.0, 1301.0, 1308.0, 1308.0, 1308.0, 1285.0, 1301.0, 1296.0, 1311.0, 1298.0, 1289.0, 1275.0, 1274.0, 1274.0, 1277.0, 1276.0, 1285.0, 1275.0, 1270.0, 1275.0, 1274.0, 1273.0, 1272.0, 1264.0, 1260.0, 1262.0, 1269.0, 1254.0, 1272.0, 1261.0, 1261.0, 1275.0, 1268.0, 1267.0, 1265.0, 1265.0, 1276.0, 1252.0, 1266.0, 1262.0, 1269.0, 1255.0, 1241.0, 1241.0, 1248.0, 1241.0, 1241.0, 1248.0, 1235.0, 1236.0, 1233.0, 1244.0, 1229.0, 1237.0, 1213.0, 1240.0, 1240.0, 1213.0, 1213.0, 1199.0, 1209.0, 1209.0, 1229.0, 1213.0, 1225.0, 1223.0, 1237.0, 1228.0, 1226.0, 1217.0, 1212.0, 1212.0, 1211.0, 1206.0, 1204.0, 1219.0, 1205.0, 1207.0, 1200.0, 1200.0, 1200.0, 1195.0, 1195.0, 1187.0, 1187.0, 1187.0, 1194.0, 1179.0, 1181.0, 1172.0, 1172.0, 1172.0, 1170.0, 1167.0, 1171.0, 1177.0, 1175.0, 1168.0, 1156.0, 1158.0, 1156.0, 1155.0, 1165.0, 1147.0, 1163.0, 1158.0, 1154.0, 1158.0, 1158.0, 1162.0, 1158.0, 1162.0, 1154.0, 1153.0, 1138.0, 1137.0, 1158.0, 1153.0, 1124.0, 1124.0, 1136.0, 1136.0, 1130.0, 1122.0, 1121.0, 1114.0, 1143.0, 1142.0, 1116.0, 1116.0, 1112.0, 1135.0, 1135.0, 1138.0, 1149.0, 1149.0, 1141.0, 1141.0, 1116.0, 1152.0, 1142.0, 1138.0, 1162.0, 1167.0, 1179.0, 1148.0, 1148.0, 1181.0, 1170.0, 1162.0, 1171.0, 1171.0, 1180.0, 1178.0, 1191.0, 1204.0, 1196.0, 1196.0, 1211.0, 1209.0, 1206.0, 1214.0, 1198.0, 1216.0, 1216.0, 1216.0, 1221.0, 1217.0, 1221.0, 1218.0, 1221.0, 1233.0, 1248.0, 1245.0, 1247.0, 1265.0, 1257.0, 1254.0, 1260.0, 1260.0, 1267.0, 1276.0, 1263.0, 1267.0, 1275.0, 1260.0, 1282.0, 1284.0, 1286.0, 1289.0, 1290.0, 1294.0, 1303.0, 1306.0, 1313.0, 1325.0, 1306.0, 1306.0, 1310.0, 1327.0, 1326.0, 1339.0, 1343.0, 1343.0, 1363.0, 1440.0, 1440.0, 1431.0, 1427.0, 1439.0, 1422.0, 1434.0, 1414.0, 1411.0, 1392.0, 1406.0, 1399.0, 1405.0, 1390.0, 1405.0, 1368.0, 1380.0, 1349.0, 1307.0, 1309.0, 1301.0, 1279.0, 1262.0, 1253.0, 1190.0, 1159.0, 1150.0, 1154.0, 1344.0, 1402.0, 1506.0, 1518.0, 1382.0, 1115.0, 1115.0, 1116.0, 1118.0, 1120.0, 1123.0, 1123.0, 1120.0, 1109.0, 1100.0, 1091.0, 1114.0, 1114.0, 1108.0, 1103.0, 1099.0, 1088.0, 1118.0, 1090.0, 1123.0, 1107.0, 1108.0, 1099.0, 1112.0, 1112.0, 1108.0, 1108.0, 1096.0, 1104.0, 1099.0, 1106.0, 1108.0, 1104.0, 1086.0, 1078.0, 1095.0, 1097.0, 1108.0, 1098.0, 1104.0, 1090.0, 1112.0, 1121.0, 1111.0, 1128.0, 1109.0, 1103.0, 1114.0, 1120.0, 1134.0, 1135.0, 1122.0, 1143.0, 1138.0, 1140.0, 1130.0, 1134.0, 1131.0, 1129.0, 1125.0, 1155.0, 1162.0, 1171.0, 1188.0, 1188.0, 1188.0, 1195.0, 1184.0, 1184.0, 1189.0, 1190.0, 1191.0, 1205.0, 1208.0, 1207.0, 1199.0, 1201.0, 1207.0, 1204.0, 1211.0, 1220.0, 1221.0, 1223.0, 1223.0, 1221.0, 1228.0, 1220.0, 1233.0, 1233.0, 1221.0, 1225.0, 1233.0, 1216.0, 1221.0, 1218.0, 1219.0, 1211.0, 1220.0, 1220.0, 1205.0, 1213.0, 1214.0, 1218.0, 1213.0, 1210.0, 1219.0, 1202.0, 1208.0, 1208.0, 1209.0, 1215.0, 1217.0, 1215.0, 1224.0, 1224.0, 1224.0, 1211.0, 1229.0, 1220.0, 1216.0, 1212.0, 1234.0, 1222.0, 1216.0, 1222.0, 1232.0, 1242.0, 1225.0, 1223.0, 1231.0, 1230.0, 1238.0, 1232.0, 1232.0, 1229.0, 1228.0, 1229.0, 1213.0, 1225.0, 1221.0, 1224.0, 1215.0, 1212.0, 1224.0, 1228.0, 1224.0, 1217.0, 1221.0, 1221.0, 1210.0, 1210.0, 1222.0, 1230.0, 1228.0, 1226.0, 1223.0, 1217.0, 1228.0, 1213.0, 1219.0, 1240.0, 1226.0, 1224.0, 1220.0, 1220.0, 1220.0, 1203.0, 1218.0, 1213.0, 1224.0, 1227.0, 1237.0, 1246.0, 1246.0, 1235.0, 1240.0, 1244.0, 1255.0, 1246.0, 1246.0, 1252.0, 1254.0, 1242.0, 1239.0, 1241.0, 1239.0, 1250.0, 1244.0, 1251.0, 1265.0, 1265.0, 1253.0, 1248.0, 1254.0, 1253.0, 1248.0, 1243.0, 1241.0, 1248.0, 1249.0, 1250.0, 1257.0, 1254.0, 1253.0, 1254.0, 1249.0, 1263.0, 1273.0, 1266.0, 1248.0, 1249.0, 1248.0, 1246.0, 1264.0, 1254.0, 1244.0, 1264.0, 1266.0, 1260.0, 1262.0, 1253.0, 1256.0, 1260.0, 1267.0, 1270.0, 1264.0, 1264.0, 1267.0, 1264.0, 1282.0, 1270.0, 1276.0, 1276.0, 1285.0, 1285.0, 1297.0, 1300.0, 1302.0, 1296.0, 1296.0, 1283.0, 1291.0, 1290.0, 1299.0, 1308.0, 1301.0, 1291.0, 1296.0, 1291.0, 1302.0, 1330.0, 1328.0, 1318.0, 1316.0, 1338.0, 1313.0, 1323.0, 1326.0, 1336.0, 1337.0, 1330.0, 1329.0, 1335.0, 1331.0, 1334.0, 1334.0, 1343.0, 1343.0, 1343.0, 1318.0, 1352.0, 1352.0, 1339.0, 1327.0, 1374.0, 1366.0, 1368.0, 1334.0, 1334.0, 1343.0, 1367.0, 1369.0, 1362.0, 1357.0, 1362.0, 1356.0, 1362.0, 1380.0, 1384.0, 1382.0, 1380.0, 1378.0, 1378.0, 1391.0, 1391.0, 1384.0, 1376.0, 1393.0, 1398.0, 1377.0, 1382.0, 1405.0, 1396.0, 1390.0, 1385.0, 1402.0, 1396.0, 1401.0, 1414.0, 1395.0, 1381.0, 1407.0, 1410.0, 1405.0, 1415.0, 1412.0, 1415.0, 1419.0, 1424.0, 1422.0, 1420.0, 1416.0, 1426.0, 1419.0, 1436.0, 1410.0, 1430.0, 1426.0, 1429.0, 1431.0, 1418.0, 1426.0, 1426.0, 1412.0, 1424.0, 1410.0, 1419.0, 1436.0, 1445.0, 1450.0, 1436.0, 1442.0, 1442.0, 1457.0, 1446.0, 1441.0, 1437.0, 1446.0, 1443.0, 1448.0, 1448.0, 1453.0, 1439.0, 1441.0, 1453.0, 1447.0, 1468.0, 1466.0, 1466.0, 1478.0, 1469.0, 1483.0, 1486.0, 1463.0, 1447.0, 1445.0, 1466.0, 1468.0, 1472.0, 1463.0, 1468.0, 1463.0, 1447.0, 1447.0, 1447.0, 1451.0, 1449.0, 1451.0, 1439.0, 1445.0, 1457.0, 1462.0, 1469.0, 1484.0, 1480.0, 1452.0, 1442.0, 1470.0, 1477.0, 1475.0, 1477.0, 1475.0, 1464.0, 1505.0, 1546.0, 1546.0, 1520.0, 1519.0, 1452.0, 1452.0, 1479.0, 1479.0, 1478.0, 1469.0, 1473.0, 1477.0, 1475.0, 1460.0, 1476.0, 1470.0, 1492.0, 1494.0, 1489.0, 1489.0, 1475.0, 1466.0, 1487.0, 1488.0, 1494.0, 1489.0, 1517.0, 1513.0, 1500.0, 1526.0, 1528.0, 1523.0, 1514.0, 1541.0, 1522.0, 1540.0, 1531.0, 1533.0, 1530.0, 1510.0, 1514.0, 1519.0, 1513.0, 1510.0, 1522.0, 1519.0, 1496.0, 1504.0, 1504.0, 1507.0, 1510.0, 1517.0, 1512.0, 1520.0, 1520.0, 1534.0, 1521.0, 1519.0, 1513.0, 1507.0, 1507.0, 1486.0, 1497.0, 1497.0, 1486.0, 1480.0, 1466.0, 1488.0, 1479.0, 1472.0, 1472.0, 1467.0, 1480.0, 1476.0, 1496.0, 1468.0, 1464.0, 1462.0, 1457.0, 1455.0, 1459.0, 1461.0, 1472.0, 1462.0, 1477.0, 1475.0, 1459.0, 1443.0, 1477.0, 1434.0, 1445.0, 1439.0, 1439.0, 1435.0, 1437.0, 1435.0, 1439.0, 1434.0, 1433.0, 1432.0, 1430.0, 1430.0, 1427.0, 1427.0, 1428.0, 1428.0, 1427.0, 1417.0, 1415.0, 1405.0, 1389.0, 1382.0, 1387.0, 1402.0, 1394.0, 1392.0, 1379.0, 1395.0, 1396.0, 1388.0, 1374.0, 1385.0, 1388.0, 1383.0, 1396.0, 1381.0, 1366.0, 1369.0, 1363.0, 1379.0, 1367.0, 1365.0, 1337.0, 1354.0, 1366.0, 1346.0, 1358.0, 1369.0, 1351.0, 1351.0, 1355.0, 1357.0, 1352.0, 1342.0, 1345.0, 1346.0, 1342.0, 1336.0, 1324.0, 1326.0, 1326.0, 1337.0, 1327.0, 1326.0, 1331.0, 1330.0, 1330.0, 1322.0, 1326.0, 1325.0, 1344.0, 1324.0, 1310.0, 1331.0, 1329.0, 1330.0, 1343.0, 1352.0, 1341.0, 1336.0, 1335.0, 1334.0, 1322.0, 1331.0, 1328.0, 1329.0, 1333.0, 1329.0, 1327.0, 1326.0, 1312.0, 1300.0, 1328.0, 1322.0, 1331.0, 1329.0, 1310.0, 1311.0, 1310.0, 1298.0, 1306.0, 1324.0, 1324.0, 1324.0, 1310.0, 1324.0, 1320.0, 1309.0, 1311.0, 1318.0, 1317.0, 1324.0, 1321.0, 1325.0, 1306.0, 1306.0, 1306.0, 1319.0, 1337.0, 1337.0, 1333.0, 1334.0, 1325.0, 1319.0, 1320.0, 1332.0, 1337.0, 1324.0, 1322.0, 1324.0, 1325.0, 1325.0, 1330.0, 1333.0, 1344.0, 1337.0, 1334.0, 1345.0, 1345.0, 1344.0, 1337.0, 1331.0, 1319.0, 1333.0, 1345.0, 1341.0, 1339.0, 1341.0, 1354.0, 1340.0, 1350.0, 1370.0, 1348.0, 1352.0, 1352.0, 1378.0, 1358.0, 1361.0, 1363.0, 1359.0, 1361.0, 1364.0, 1370.0, 1378.0, 1376.0, 1382.0, 1388.0, 1388.0, 1387.0, 1387.0, 1397.0, 1385.0, 1387.0, 1370.0, 1396.0, 1390.0, 1404.0, 1406.0, 1392.0, 1383.0, 1408.0, 1408.0, 1414.0, 1400.0, 1381.0, 1404.0, 1404.0, 1409.0, 1404.0, 1398.0, 1398.0, 1431.0, 1423.0, 1416.0, 1416.0, 1408.0, 1415.0, 1414.0, 1414.0, 1411.0, 1407.0, 1408.0, 1408.0, 1409.0, 1406.0, 1406.0, 1408.0, 1402.0, 1374.0, 1387.0, 1388.0, 1400.0, 1378.0, 1386.0, 1379.0, 1396.0, 1393.0, 1395.0, 1398.0, 1393.0, 1387.0]