header: 
  seq: 2481
  stamp: 
    secs: 1548820819
    nsecs: 236639721
  frame_id: "base_link"
angle_min: -2.35619449615
angle_max: 2.35619449615
angle_increment: 0.00436332309619
time_increment: 1.73611151695e-05
scan_time: 0.0250000003725
range_min: 0.019999999553
range_max: 30.0
ranges: [0.48500001430511475, 0.4970000088214874, 0.4970000088214874, 0.4830000102519989, 0.4909999966621399, 0.49900001287460327, 0.503000020980835, 0.5090000033378601, 0.5080000162124634, 0.5080000162124634, 0.5099999904632568, 0.5099999904632568, 0.5049999952316284, 0.4909999966621399, 0.4819999933242798, 0.44600000977516174, 0.4000000059604645, 0.3370000123977661, 0.32600000500679016, 0.35499998927116394, 0.40799999237060547, 0.4620000123977661, 0.4779999852180481, 0.48500001430511475, 0.48899999260902405, 0.5009999871253967, 0.5059999823570251, 0.5059999823570251, 0.5, 0.49300000071525574, 0.48399999737739563, 0.5040000081062317, 0.5090000033378601, 0.5019999742507935, 0.4970000088214874, 0.49900001287460327, 0.49799999594688416, 0.4970000088214874, 0.49799999594688416, 0.5040000081062317, 0.5040000081062317, 0.5019999742507935, 0.49000000953674316, 0.49300000071525574, 0.503000020980835, 0.49799999594688416, 0.492000013589859, 0.4909999966621399, 0.5, 0.4950000047683716, 0.4970000088214874, 0.4970000088214874, 0.4970000088214874, 0.5, 0.5009999871253967, 0.5019999742507935, 0.4950000047683716, 0.49399998784065247, 0.49000000953674316, 0.4950000047683716, 0.4970000088214874, 0.4970000088214874, 0.5040000081062317, 0.5059999823570251, 0.5, 0.49300000071525574, 0.49399998784065247, 0.4959999918937683, 0.49399998784065247, 0.49300000071525574, 0.49300000071525574, 0.4970000088214874, 0.5, 0.49300000071525574, 0.49900001287460327, 0.5040000081062317, 0.5019999742507935, 0.49900001287460327, 0.49300000071525574, 0.49300000071525574, 0.49399998784065247, 0.5009999871253967, 0.503000020980835, 0.5040000081062317, 0.5040000081062317, 0.5090000033378601, 0.4959999918937683, 0.5009999871253967, 0.503000020980835, 0.4959999918937683, 0.49300000071525574, 0.49300000071525574, 0.49300000071525574, 0.492000013589859, 0.5099999904632568, 0.49799999594688416, 0.4950000047683716, 0.4950000047683716, 0.49900001287460327, 0.5019999742507935, 0.5009999871253967, 0.5009999871253967, 0.49900001287460327, 0.49000000953674316, 0.4869999885559082, 0.4869999885559082, 0.4909999966621399, 0.49399998784065247, 0.49399998784065247, 0.49399998784065247, 0.4950000047683716, 0.49000000953674316, 0.4880000054836273, 0.48899999260902405, 0.48899999260902405, 0.4860000014305115, 0.492000013589859, 0.49900001287460327, 0.49799999594688416, 0.49799999594688416, 0.5049999952316284, 0.5049999952316284, 0.49900001287460327, 0.4959999918937683, 0.4959999918937683, 0.4959999918937683, 0.5009999871253967, 0.49900001287460327, 0.49900001287460327, 0.49399998784065247, 0.49399998784065247, 0.4950000047683716, 0.4959999918937683, 0.49900001287460327, 0.5009999871253967, 0.49900001287460327, 0.49300000071525574, 0.4950000047683716, 0.49799999594688416, 0.5009999871253967, 0.49799999594688416, 0.49300000071525574, 0.492000013589859, 0.4970000088214874, 0.5, 0.49900001287460327, 0.5080000162124634, 0.49900001287460327, 0.49900001287460327, 0.49900001287460327, 0.5040000081062317, 0.5099999904632568, 0.5099999904632568, 0.5080000162124634, 0.5080000162124634, 0.5040000081062317, 0.5009999871253967, 0.5019999742507935, 0.5099999904632568, 0.5149999856948853, 0.5139999985694885, 0.5090000033378601, 0.5080000162124634, 0.5080000162124634, 0.5080000162124634, 0.5059999823570251, 0.5070000290870667, 0.5109999775886536, 0.5090000033378601, 0.5099999904632568, 0.5090000033378601, 0.5109999775886536, 0.5109999775886536, 0.5109999775886536, 0.5070000290870667, 0.5070000290870667, 0.5080000162124634, 0.5139999985694885, 0.5139999985694885, 0.5120000243186951, 0.5109999775886536, 0.5109999775886536, 0.5149999856948853, 0.5170000195503235, 0.5170000195503235, 0.5170000195503235, 0.5170000195503235, 0.5180000066757202, 0.5120000243186951, 0.5080000162124634, 0.5109999775886536, 0.5109999775886536, 0.5109999775886536, 0.5109999775886536, 0.5149999856948853, 0.5230000019073486, 0.5239999890327454, 0.5230000019073486, 0.5220000147819519, 0.5239999890327454, 0.5260000228881836, 0.5320000052452087, 0.5339999794960022, 0.5270000100135803, 0.5270000100135803, 0.5299999713897705, 0.5289999842643738, 0.5260000228881836, 0.5270000100135803, 0.5379999876022339, 0.5350000262260437, 0.5350000262260437, 0.5400000214576721, 0.5410000085830688, 0.5460000038146973, 0.5440000295639038, 0.5370000004768372, 0.5339999794960022, 0.5370000004768372, 0.5460000038146973, 0.550000011920929, 0.5479999780654907, 0.5479999780654907, 0.5600000023841858, 0.5569999814033508, 0.5540000200271606, 0.5540000200271606, 0.5540000200271606, 0.5630000233650208, 0.5640000104904175, 0.5600000023841858, 0.5600000023841858, 0.5630000233650208, 0.5649999976158142, 0.5659999847412109, 0.5659999847412109, 0.5680000185966492, 0.5649999976158142, 0.574999988079071, 0.5759999752044678, 0.5770000219345093, 0.5799999833106995, 0.5799999833106995, 0.5860000252723694, 0.5910000205039978, 0.5899999737739563, 0.5929999947547913, 0.5910000205039978, 0.5979999899864197, 0.5989999771118164, 0.5979999899864197, 0.5989999771118164, 0.6029999852180481, 0.6060000061988831, 0.6100000143051147, 0.6100000143051147, 0.609000027179718, 0.6050000190734863, 0.6100000143051147, 0.6230000257492065, 0.621999979019165, 0.621999979019165, 0.6259999871253967, 0.6259999871253967, 0.6259999871253967, 0.6320000290870667, 0.6359999775886536, 0.6430000066757202, 0.6460000276565552, 0.6499999761581421, 0.6439999938011169, 0.6439999938011169, 0.6520000100135803, 0.6520000100135803, 0.6499999761581421, 0.6510000228881836, 0.6489999890327454, 0.6600000262260437, 0.6620000004768372, 0.6690000295639038, 0.6800000071525574, 0.6809999942779541, 0.6769999861717224, 0.6740000247955322, 0.6769999861717224, 0.6869999766349792, 0.6869999766349792, 0.6830000281333923, 0.6830000281333923, 0.7020000219345093, 0.7009999752044678, 0.703000009059906, 0.7070000171661377, 0.7099999785423279, 0.7089999914169312, 0.7129999995231628, 0.7129999995231628, 0.7210000157356262, 0.7239999771118164, 0.7289999723434448, 0.7379999756813049, 0.7390000224113464, 0.7419999837875366, 0.7519999742507935, 0.7519999742507935, 0.7490000128746033, 0.7570000290870667, 0.7649999856948853, 0.7730000019073486, 0.7749999761581421, 0.7760000228881836, 0.7850000262260437, 0.7860000133514404, 0.7960000038146973, 0.8050000071525574, 0.8029999732971191, 0.8029999732971191, 0.8050000071525574, 0.8130000233650208, 0.8130000233650208, 0.8119999766349792, 0.8119999766349792, 0.8270000219345093, 0.8289999961853027, 0.8429999947547913, 0.8429999947547913, 0.8560000061988831, 0.8629999756813049, 0.8650000095367432, 0.8730000257492065, 0.8790000081062317, 0.8859999775886536, 0.8859999775886536, 0.8999999761581421, 0.9020000100135803, 0.906000018119812, 0.9200000166893005, 0.925000011920929, 0.9290000200271606, 0.9430000185966492, 0.9459999799728394, 0.9559999704360962, 0.9620000123977661, 0.9649999737739563, 0.9670000076293945, 0.9769999980926514, 0.9890000224113464, 0.9990000128746033, 1.0, 1.0160000324249268, 1.024999976158142, 1.031000018119812, 1.0360000133514404, 1.0509999990463257, 1.062000036239624, 1.0670000314712524, 1.0789999961853027, 1.0829999446868896, 1.0950000286102295, 1.097000002861023, 1.1059999465942383, 1.1160000562667847, 1.13100004196167, 1.152999997138977, 1.1929999589920044, 1.2730000019073486, 1.371999979019165, 2.263000011444092, 2.263000011444092, 2.26200008392334, 2.25, 2.25, 2.246000051498413, 2.242000102996826, 2.242000102996826, 2.242000102996826, 2.2360000610351562, 2.2249999046325684, 2.2249999046325684, 2.2190001010894775, 2.2079999446868896, 2.200000047683716, 2.2070000171661377, 2.2100000381469727, 2.2060000896453857, 2.2039999961853027, 2.188999891281128, 2.193000078201294, 2.186000108718872, 2.184000015258789, 2.184999942779541, 2.188999891281128, 2.177000045776367, 2.1740000247955322, 2.1619999408721924, 2.1589999198913574, 2.1530001163482666, 2.1540000438690186, 2.1610000133514404, 2.1610000133514404, 2.1510000228881836, 2.1429998874664307, 2.1419999599456787, 2.1419999599456787, 2.1419999599456787, 2.134999990463257, 2.135999917984009, 2.13100004196167, 2.130000114440918, 2.125, 2.118000030517578, 2.125999927520752, 2.131999969482422, 2.128999948501587, 2.125999927520752, 2.127000093460083, 2.130000114440918, 2.117000102996826, 2.109999895095825, 2.109999895095825, 2.109999895095825, 2.1070001125335693, 2.1040000915527344, 2.1029999256134033, 2.0950000286102295, 2.0940001010894775, 2.0899999141693115, 2.0940001010894775, 2.0950000286102295, 2.0959999561309814, 2.0929999351501465, 2.0850000381469727, 2.0829999446868896, 2.0789999961853027, 2.0739998817443848, 2.059000015258789, 2.058000087738037, 2.052999973297119, 2.052999973297119, 2.053999900817871, 2.049999952316284, 2.0460000038146973, 2.0399999618530273, 2.0369999408721924, 2.0260000228881836, 2.0190000534057617, 2.0199999809265137, 2.0169999599456787, 2.009000062942505, 2.010999917984009, 2.0, 1.9910000562667847, 1.9910000562667847, 1.9819999933242798, 1.9759999513626099, 1.9769999980926514, 1.972000002861023, 1.9670000076293945, 1.965000033378601, 1.9620000123977661, 1.9589999914169312, 1.9500000476837158, 1.940000057220459, 1.9390000104904175, 1.934999942779541, 1.930999994277954, 1.9299999475479126, 1.9279999732971191, 1.9149999618530273, 1.9079999923706055, 1.8980000019073486, 1.8919999599456787, 1.8890000581741333, 1.8830000162124634, 1.878000020980835, 1.878000020980835, 1.8760000467300415, 1.8569999933242798, 1.847000002861023, 1.8380000591278076, 1.8339999914169312, 1.8279999494552612, 1.8240000009536743, 1.815000057220459, 1.8040000200271606, 1.7990000247955322, 1.7979999780654907, 1.7899999618530273, 1.7760000228881836, 1.7730000019073486, 1.7610000371932983, 1.7549999952316284, 1.7369999885559082, 1.7339999675750732, 1.7339999675750732, 1.718999981880188, 1.715000033378601, 1.7050000429153442, 1.7000000476837158, 1.6950000524520874, 1.6779999732971191, 1.6770000457763672, 1.6729999780654907, 1.6579999923706055, 1.649999976158142, 1.6399999856948853, 1.6339999437332153, 1.621999979019165, 1.6150000095367432, 1.6039999723434448, 1.593000054359436, 1.5740000009536743, 1.5709999799728394, 1.565000057220459, 1.5529999732971191, 1.5460000038146973, 1.527999997138977, 1.5140000581741333, 1.5119999647140503, 1.503000020980835, 1.4900000095367432, 1.4759999513626099, 1.472000002861023, 1.4609999656677246, 1.4479999542236328, 1.430999994277954, 1.4249999523162842, 1.4149999618530273, 1.3949999809265137, 1.3839999437332153, 1.38100004196167, 1.3639999628067017, 1.3519999980926514, 1.3320000171661377, 1.3220000267028809, 1.309000015258789, 1.2929999828338623, 1.281000018119812, 1.2610000371932983, 1.2510000467300415, 1.2410000562667847, 1.2309999465942383, 1.2209999561309814, 1.190000057220459, 1.1779999732971191, 1.1720000505447388, 1.1510000228881836, 1.1330000162124634, 1.1239999532699585, 1.1109999418258667, 1.093999981880188, 1.0850000381469727, 1.0729999542236328, 1.0529999732971191, 1.0520000457763672, 1.034000039100647, 1.0240000486373901, 1.0140000581741333, 0.9940000176429749, 0.9879999756813049, 0.9869999885559082, 0.9639999866485596, 0.9610000252723694, 0.9520000219345093, 0.9449999928474426, 0.9380000233650208, 0.9240000247955322, 0.921999990940094, 0.9070000052452087, 0.8970000147819519, 0.8849999904632568, 0.8830000162124634, 0.8759999871253967, 0.871999979019165, 0.8539999723434448, 0.8539999723434448, 0.8519999980926514, 0.843999981880188, 0.8420000076293945, 0.8410000205039978, 0.8370000123977661, 0.8270000219345093, 0.8230000138282776, 0.8149999976158142, 0.8029999732971191, 0.7940000295639038, 0.7879999876022339, 0.7860000133514404, 0.7870000004768372, 0.781000018119812, 0.7670000195503235, 0.7639999985694885, 0.7590000033378601, 0.7559999823570251, 0.753000020980835, 0.7540000081062317, 0.75, 0.7440000176429749, 0.7350000143051147, 0.7310000061988831, 0.7269999980926514, 0.7179999947547913, 0.7160000205039978, 0.7160000205039978, 0.7179999947547913, 0.7129999995231628, 0.7059999704360962, 0.7009999752044678, 0.703000009059906, 0.6930000185966492, 0.6880000233650208, 0.6790000200271606, 0.6779999732971191, 0.6790000200271606, 0.6759999990463257, 0.6650000214576721, 0.6579999923706055, 0.6549999713897705, 0.6549999713897705, 0.656000018119812, 0.6579999923706055, 0.6539999842643738, 0.6510000228881836, 0.6470000147819519, 0.6430000066757202, 0.640999972820282, 0.6399999856948853, 0.6359999775886536, 0.625, 0.625, 0.6240000128746033, 0.6179999709129333, 0.6179999709129333, 0.6129999756813049, 0.6060000061988831, 0.609000027179718, 0.6110000014305115, 0.6039999723434448, 0.5989999771118164, 0.5960000157356262, 0.5950000286102295, 0.5960000157356262, 0.593999981880188, 0.5889999866485596, 0.5849999785423279, 0.5849999785423279, 0.578000009059906, 0.5699999928474426, 0.5659999847412109, 0.5669999718666077, 0.5609999895095825, 0.5619999766349792, 0.5569999814033508, 0.5569999814033508, 0.5559999942779541, 0.5580000281333923, 0.5529999732971191, 0.5509999990463257, 0.5440000295639038, 0.5389999747276306, 0.5460000038146973, 0.5479999780654907, 0.5429999828338623, 0.5389999747276306, 0.5389999747276306, 0.5289999842643738, 0.5289999842643738, 0.5270000100135803, 0.5239999890327454, 0.5239999890327454, 0.5249999761581421, 0.5299999713897705, 0.5239999890327454, 0.5249999761581421, 0.5249999761581421, 0.5220000147819519, 0.5189999938011169, 0.5139999985694885, 0.5099999904632568, 0.5099999904632568, 0.5099999904632568, 0.5040000081062317, 0.5059999823570251, 0.5059999823570251, 0.5070000290870667, 0.5059999823570251, 0.503000020980835, 0.49900001287460327, 0.4959999918937683, 0.503000020980835, 0.4959999918937683, 0.49000000953674316, 0.49000000953674316, 0.49000000953674316, 0.4880000054836273, 0.4790000021457672, 0.4790000021457672, 0.48500001430511475, 0.48399999737739563, 0.47999998927116394, 0.4830000102519989, 0.47999998927116394, 0.47999998927116394, 0.48100000619888306, 0.47999998927116394, 0.4749999940395355, 0.4740000069141388, 0.4699999988079071, 0.4779999852180481, 0.4779999852180481, 0.4749999940395355, 0.47200000286102295, 0.47099998593330383, 0.47200000286102295, 0.47099998593330383, 0.46799999475479126, 0.4659999907016754, 0.46799999475479126, 0.4690000116825104, 0.46700000762939453, 0.46399998664855957, 0.45899999141693115, 0.45899999141693115, 0.45899999141693115, 0.46000000834465027, 0.460999995470047, 0.4580000042915344, 0.45399999618530273, 0.4519999921321869, 0.45899999141693115, 0.4580000042915344, 0.45399999618530273, 0.44999998807907104, 0.4490000009536743, 0.45399999618530273, 0.4429999887943268, 0.4410000145435333, 0.44200000166893005, 0.453000009059906, 0.45500001311302185, 0.45399999618530273, 0.4519999921321869, 0.45100000500679016, 0.44999998807907104, 0.4399999976158142, 0.4359999895095825, 0.4390000104904175, 0.4440000057220459, 0.45100000500679016, 0.44999998807907104, 0.4410000145435333, 0.4300000071525574, 0.42800000309944153, 0.4339999854564667, 0.43700000643730164, 0.4339999854564667, 0.4309999942779541, 0.4320000112056732, 0.42899999022483826, 0.43299999833106995, 0.4390000104904175, 0.4300000071525574, 0.4259999990463257, 0.41999998688697815, 0.41999998688697815, 0.4189999997615814, 0.421999990940094, 0.421999990940094, 0.414000004529953, 0.414000004529953, 0.41499999165534973, 0.421999990940094, 0.42500001192092896, 0.4259999990463257, 0.4259999990463257, 0.4259999990463257, 0.4230000078678131, 0.4269999861717224, 0.42899999022483826, 0.42399999499320984, 0.42100000381469727, 0.41999998688697815, 0.41999998688697815, 0.414000004529953, 0.414000004529953, 0.41999998688697815, 0.42100000381469727, 0.42100000381469727, 0.4180000126361847, 0.4180000126361847, 0.41499999165534973, 0.41200000047683716, 0.41999998688697815, 0.4180000126361847, 0.41499999165534973, 0.4129999876022339, 0.41200000047683716, 0.4129999876022339, 0.4099999964237213, 0.4129999876022339, 0.4189999997615814, 0.421999990940094, 0.421999990940094, 0.4180000126361847, 0.41499999165534973, 0.41200000047683716, 0.41200000047683716, 0.41200000047683716, 0.4099999964237213, 0.4180000126361847, 0.4169999957084656, 0.4180000126361847, 0.4189999997615814, 0.4169999957084656, 0.41600000858306885, 0.4169999957084656, 0.42100000381469727, 0.4180000126361847, 0.4169999957084656, 0.41499999165534973, 0.4169999957084656, 0.4180000126361847, 0.41600000858306885, 0.41100001335144043, 0.41100001335144043, 0.414000004529953, 0.41499999165534973, 0.41999998688697815, 0.41100001335144043, 0.4099999964237213, 0.4129999876022339, 0.414000004529953, 0.4169999957084656, 0.4169999957084656, 0.4169999957084656, 0.4169999957084656, 0.4169999957084656, 0.4189999997615814, 0.4189999997615814, 0.4189999997615814, 0.421999990940094, 0.414000004529953, 0.41600000858306885, 0.41499999165534973, 0.4189999997615814, 0.41999998688697815, 0.41999998688697815, 0.42399999499320984, 0.42800000309944153, 0.4180000126361847, 0.4189999997615814, 0.4189999997615814, 0.41999998688697815, 0.4309999942779541, 0.4309999942779541, 0.421999990940094, 0.41999998688697815, 0.4129999876022339, 0.40799999237060547, 0.4180000126361847, 0.421999990940094, 0.4399999976158142, 0.4269999861717224, 0.43299999833106995, 0.43299999833106995, 0.4269999861717224, 0.42399999499320984, 0.42800000309944153, 0.4350000023841858, 0.43799999356269836, 0.4269999861717224, 0.42500001192092896, 0.4339999854564667, 0.4350000023841858, 0.4339999854564667, 0.42399999499320984, 0.4259999990463257, 0.42899999022483826, 0.42800000309944153, 0.43299999833106995, 0.4300000071525574, 0.42899999022483826, 0.4390000104904175, 0.4390000104904175, 0.4339999854564667, 0.4350000023841858, 0.43299999833106995, 0.42800000309944153, 0.42399999499320984, 0.4320000112056732, 0.4320000112056732, 0.4320000112056732, 0.43799999356269836, 0.4350000023841858, 0.43299999833106995, 0.4350000023841858, 0.4390000104904175, 0.4390000104904175, 0.4429999887943268, 0.44200000166893005, 0.44999998807907104, 0.44699999690055847, 0.4519999921321869, 0.4410000145435333, 0.4410000145435333, 0.44200000166893005, 0.4429999887943268, 0.44600000977516174, 0.44600000977516174, 0.44600000977516174, 0.44600000977516174, 0.4410000145435333, 0.4410000145435333, 0.43799999356269836, 0.4429999887943268, 0.4440000057220459, 0.45100000500679016, 0.4490000009536743, 0.45100000500679016, 0.45100000500679016, 0.44999998807907104, 0.4490000009536743, 0.44999998807907104, 0.44699999690055847, 0.45399999618530273, 0.45500001311302185, 0.4620000123977661, 0.46299999952316284, 0.45399999618530273, 0.45399999618530273, 0.453000009059906, 0.45500001311302185, 0.4560000002384186, 0.4480000138282776, 0.4480000138282776, 0.45500001311302185, 0.460999995470047, 0.4620000123977661, 0.46299999952316284, 0.4620000123977661, 0.4620000123977661, 0.4620000123977661, 0.460999995470047, 0.460999995470047, 0.4650000035762787, 0.47699999809265137, 0.4779999852180481, 0.4790000021457672, 0.4779999852180481, 0.4749999940395355, 0.4860000014305115, 0.48500001430511475, 0.48500001430511475, 0.4819999933242798, 0.4749999940395355, 0.47999998927116394, 0.49000000953674316, 0.49300000071525574, 0.492000013589859, 0.49000000953674316, 0.492000013589859, 0.49399998784065247, 0.49300000071525574, 0.49300000071525574, 0.49300000071525574, 0.4959999918937683, 0.5019999742507935, 0.5, 0.5, 0.5040000081062317, 0.5090000033378601, 0.5130000114440918, 0.5070000290870667, 0.5130000114440918, 0.5180000066757202, 0.5180000066757202, 0.5180000066757202, 0.5230000019073486, 0.5249999761581421, 0.5289999842643738, 0.5339999794960022, 0.5350000262260437, 0.5400000214576721, 0.5379999876022339, 0.5370000004768372, 0.5360000133514404, 0.5450000166893005, 0.550000011920929, 0.550000011920929, 0.5479999780654907, 0.5490000247955322, 0.550000011920929, 0.5529999732971191, 0.5559999942779541, 0.5540000200271606, 0.5649999976158142, 0.5659999847412109, 0.5699999928474426, 0.5759999752044678, 0.5680000185966492, 0.5720000267028809, 0.5730000138282776, 0.5709999799728394, 0.5699999928474426, 0.574999988079071, 0.5789999961853027, 0.5839999914169312, 0.5879999995231628, 0.5879999995231628, 0.5860000252723694, 0.5860000252723694, 0.5910000205039978, 0.5989999771118164, 0.6000000238418579, 0.5950000286102295, 0.5989999771118164, 0.5989999771118164, 0.6060000061988831, 0.609000027179718, 0.6110000014305115, 0.6159999966621399, 0.6209999918937683, 0.6179999709129333, 0.6179999709129333, 0.6190000176429749, 0.6190000176429749, 0.6190000176429749, 0.621999979019165, 0.6259999871253967, 0.6380000114440918, 0.6460000276565552, 0.6399999856948853, 0.6349999904632568, 0.6420000195503235, 0.6480000019073486, 0.6489999890327454, 0.652999997138977, 0.6600000262260437, 0.6610000133514404, 0.6610000133514404, 0.6700000166893005, 0.6700000166893005, 0.6769999861717224, 0.6809999942779541, 0.6869999766349792, 0.6919999718666077, 0.6940000057220459, 0.6940000057220459, 0.6930000185966492, 0.6809999942779541, 0.6840000152587891, 0.6899999976158142, 0.699999988079071, 0.703000009059906, 0.703000009059906, 0.699999988079071, 0.699999988079071, 0.7049999833106995, 0.7120000123977661, 0.7160000205039978, 0.7210000157356262, 0.7250000238418579, 0.7279999852180481, 0.7289999723434448, 0.7300000190734863, 0.7360000014305115, 0.7450000047683716, 0.7739999890327454, 0.781000018119812, 0.7799999713897705, 0.7710000276565552, 0.7710000276565552, 0.7739999890327454, 0.7789999842643738, 0.7820000052452087, 0.7829999923706055, 0.7879999876022339, 0.8009999990463257, 0.8029999732971191, 0.8029999732971191, 0.8090000152587891]
intensities: [1063.0, 1122.0, 1122.0, 1123.0, 1202.0, 1258.0, 1296.0, 1398.0, 1470.0, 1481.0, 1496.0, 1513.0, 1469.0, 1403.0, 1352.0, 1209.0, 1085.0, 964.0, 933.0, 953.0, 1009.0, 1086.0, 1143.0, 1117.0, 1106.0, 1102.0, 1080.0, 1057.0, 1079.0, 1099.0, 1121.0, 1298.0, 1405.0, 1474.0, 1493.0, 1557.0, 1655.0, 1666.0, 1691.0, 1710.0, 1729.0, 1731.0, 1733.0, 1738.0, 1742.0, 1743.0, 1741.0, 1756.0, 1786.0, 1767.0, 1780.0, 1768.0, 1784.0, 1790.0, 1792.0, 1776.0, 1772.0, 1772.0, 1774.0, 1775.0, 1762.0, 1762.0, 1805.0, 1802.0, 1796.0, 1789.0, 1780.0, 1774.0, 1784.0, 1791.0, 1791.0, 1783.0, 1782.0, 1767.0, 1781.0, 1747.0, 1760.0, 1779.0, 1747.0, 1747.0, 1735.0, 1733.0, 1742.0, 1751.0, 1751.0, 1772.0, 1759.0, 1770.0, 1773.0, 1762.0, 1755.0, 1758.0, 1758.0, 1733.0, 1734.0, 1732.0, 1734.0, 1734.0, 1732.0, 1723.0, 1723.0, 1731.0, 1701.0, 1703.0, 1697.0, 1690.0, 1707.0, 1717.0, 1717.0, 1702.0, 1688.0, 1676.0, 1663.0, 1671.0, 1671.0, 1663.0, 1653.0, 1643.0, 1632.0, 1632.0, 1633.0, 1636.0, 1624.0, 1616.0, 1616.0, 1616.0, 1595.0, 1573.0, 1573.0, 1562.0, 1555.0, 1552.0, 1555.0, 1555.0, 1540.0, 1533.0, 1517.0, 1523.0, 1521.0, 1507.0, 1496.0, 1501.0, 1473.0, 1473.0, 1480.0, 1477.0, 1469.0, 1467.0, 1415.0, 1435.0, 1420.0, 1425.0, 1425.0, 1417.0, 1417.0, 1414.0, 1387.0, 1364.0, 1388.0, 1383.0, 1365.0, 1357.0, 1344.0, 1335.0, 1351.0, 1342.0, 1329.0, 1333.0, 1313.0, 1324.0, 1311.0, 1299.0, 1277.0, 1277.0, 1278.0, 1278.0, 1260.0, 1267.0, 1261.0, 1246.0, 1240.0, 1240.0, 1235.0, 1223.0, 1227.0, 1226.0, 1219.0, 1213.0, 1205.0, 1202.0, 1198.0, 1198.0, 1198.0, 1198.0, 1198.0, 1194.0, 1194.0, 1194.0, 1195.0, 1191.0, 1193.0, 1192.0, 1192.0, 1187.0, 1183.0, 1187.0, 1189.0, 1181.0, 1188.0, 1185.0, 1177.0, 1177.0, 1170.0, 1168.0, 1178.0, 1169.0, 1158.0, 1160.0, 1151.0, 1143.0, 1168.0, 1158.0, 1158.0, 1141.0, 1138.0, 1138.0, 1138.0, 1131.0, 1141.0, 1130.0, 1141.0, 1140.0, 1140.0, 1128.0, 1121.0, 1121.0, 1126.0, 1126.0, 1151.0, 1149.0, 1147.0, 1142.0, 1138.0, 1148.0, 1144.0, 1141.0, 1142.0, 1125.0, 1127.0, 1117.0, 1121.0, 1123.0, 1117.0, 1111.0, 1120.0, 1113.0, 1116.0, 1114.0, 1119.0, 1128.0, 1114.0, 1114.0, 1120.0, 1117.0, 1113.0, 1110.0, 1114.0, 1135.0, 1122.0, 1110.0, 1114.0, 1114.0, 1106.0, 1106.0, 1122.0, 1133.0, 1106.0, 1133.0, 1119.0, 1117.0, 1126.0, 1124.0, 1122.0, 1122.0, 1100.0, 1119.0, 1118.0, 1109.0, 1109.0, 1129.0, 1113.0, 1105.0, 1108.0, 1118.0, 1117.0, 1108.0, 1103.0, 1098.0, 1104.0, 1097.0, 1080.0, 1089.0, 1098.0, 1091.0, 1091.0, 1100.0, 1094.0, 1091.0, 1098.0, 1100.0, 1103.0, 1107.0, 1079.0, 1100.0, 1099.0, 1083.0, 1083.0, 1094.0, 1107.0, 1090.0, 1083.0, 1083.0, 1100.0, 1087.0, 1113.0, 1101.0, 1113.0, 1107.0, 1103.0, 1107.0, 1108.0, 1127.0, 1127.0, 1107.0, 1110.0, 1108.0, 1116.0, 1111.0, 1100.0, 1108.0, 1101.0, 1094.0, 1096.0, 1098.0, 1096.0, 1096.0, 1084.0, 1097.0, 1095.0, 1085.0, 1073.0, 1067.0, 1073.0, 1078.0, 1077.0, 1083.0, 1085.0, 1085.0, 1090.0, 1057.0, 1067.0, 1078.0, 1133.0, 1129.0, 1196.0, 1410.0, 1423.0, 1000.0, 1000.0, 1005.0, 1008.0, 1005.0, 1012.0, 1010.0, 1015.0, 1022.0, 1026.0, 1016.0, 1014.0, 1029.0, 1026.0, 1027.0, 1028.0, 1027.0, 1034.0, 1036.0, 1024.0, 1029.0, 1024.0, 1024.0, 1030.0, 1052.0, 1027.0, 1057.0, 1037.0, 1042.0, 1034.0, 1032.0, 1051.0, 1051.0, 1056.0, 1052.0, 1052.0, 1051.0, 1053.0, 1038.0, 1041.0, 1033.0, 1033.0, 1028.0, 1019.0, 1026.0, 1028.0, 1028.0, 1025.0, 1034.0, 1046.0, 1027.0, 1026.0, 1026.0, 1026.0, 1024.0, 1029.0, 1040.0, 1039.0, 1035.0, 1037.0, 1034.0, 1036.0, 1042.0, 1040.0, 1048.0, 1061.0, 1061.0, 1072.0, 1067.0, 1070.0, 1062.0, 1067.0, 1078.0, 1064.0, 1072.0, 1080.0, 1083.0, 1082.0, 1090.0, 1071.0, 1073.0, 1072.0, 1090.0, 1080.0, 1079.0, 1085.0, 1082.0, 1092.0, 1085.0, 1084.0, 1088.0, 1089.0, 1089.0, 1093.0, 1090.0, 1105.0, 1103.0, 1102.0, 1103.0, 1099.0, 1107.0, 1100.0, 1115.0, 1110.0, 1113.0, 1110.0, 1103.0, 1093.0, 1116.0, 1105.0, 1112.0, 1117.0, 1121.0, 1124.0, 1117.0, 1118.0, 1113.0, 1121.0, 1111.0, 1110.0, 1112.0, 1095.0, 1100.0, 1103.0, 1103.0, 1107.0, 1107.0, 1123.0, 1093.0, 1098.0, 1105.0, 1100.0, 1101.0, 1102.0, 1115.0, 1116.0, 1106.0, 1109.0, 1103.0, 1127.0, 1102.0, 1100.0, 1108.0, 1106.0, 1119.0, 1119.0, 1119.0, 1098.0, 1090.0, 1112.0, 1097.0, 1098.0, 1100.0, 1124.0, 1111.0, 1109.0, 1103.0, 1123.0, 1088.0, 1111.0, 1101.0, 1088.0, 1089.0, 1101.0, 1086.0, 1100.0, 1089.0, 1090.0, 1101.0, 1107.0, 1120.0, 1116.0, 1130.0, 1129.0, 1110.0, 1121.0, 1100.0, 1111.0, 1116.0, 1122.0, 1106.0, 1119.0, 1128.0, 1156.0, 1141.0, 1149.0, 1127.0, 1142.0, 1139.0, 1139.0, 1133.0, 1127.0, 1132.0, 1145.0, 1124.0, 1122.0, 1122.0, 1105.0, 1132.0, 1129.0, 1125.0, 1127.0, 1132.0, 1161.0, 1161.0, 1184.0, 1183.0, 1198.0, 1198.0, 1234.0, 1232.0, 1261.0, 1258.0, 1262.0, 1257.0, 1253.0, 1258.0, 1267.0, 1280.0, 1276.0, 1291.0, 1283.0, 1303.0, 1302.0, 1339.0, 1327.0, 1323.0, 1336.0, 1352.0, 1343.0, 1379.0, 1422.0, 1455.0, 1433.0, 1424.0, 1430.0, 1416.0, 1405.0, 1380.0, 1383.0, 1395.0, 1387.0, 1387.0, 1389.0, 1399.0, 1405.0, 1410.0, 1412.0, 1406.0, 1420.0, 1422.0, 1414.0, 1439.0, 1464.0, 1444.0, 1459.0, 1444.0, 1481.0, 1477.0, 1474.0, 1467.0, 1473.0, 1476.0, 1467.0, 1503.0, 1503.0, 1520.0, 1522.0, 1524.0, 1515.0, 1507.0, 1513.0, 1523.0, 1517.0, 1527.0, 1520.0, 1547.0, 1554.0, 1554.0, 1554.0, 1571.0, 1555.0, 1580.0, 1593.0, 1604.0, 1613.0, 1613.0, 1625.0, 1630.0, 1623.0, 1622.0, 1626.0, 1627.0, 1651.0, 1652.0, 1656.0, 1674.0, 1674.0, 1662.0, 1662.0, 1671.0, 1684.0, 1679.0, 1680.0, 1673.0, 1680.0, 1690.0, 1706.0, 1708.0, 1702.0, 1705.0, 1695.0, 1693.0, 1720.0, 1702.0, 1720.0, 1724.0, 1729.0, 1712.0, 1704.0, 1713.0, 1706.0, 1689.0, 1711.0, 1705.0, 1698.0, 1698.0, 1691.0, 1712.0, 1712.0, 1723.0, 1727.0, 1730.0, 1735.0, 1738.0, 1738.0, 1746.0, 1749.0, 1743.0, 1741.0, 1742.0, 1757.0, 1757.0, 1753.0, 1753.0, 1751.0, 1750.0, 1751.0, 1749.0, 1768.0, 1762.0, 1756.0, 1749.0, 1748.0, 1754.0, 1757.0, 1750.0, 1748.0, 1746.0, 1747.0, 1738.0, 1730.0, 1716.0, 1700.0, 1721.0, 1710.0, 1704.0, 1725.0, 1711.0, 1732.0, 1739.0, 1727.0, 1746.0, 1742.0, 1738.0, 1717.0, 1736.0, 1727.0, 1717.0, 1718.0, 1713.0, 1706.0, 1694.0, 1689.0, 1712.0, 1709.0, 1682.0, 1685.0, 1671.0, 1672.0, 1687.0, 1673.0, 1684.0, 1696.0, 1683.0, 1674.0, 1662.0, 1662.0, 1669.0, 1653.0, 1660.0, 1649.0, 1656.0, 1669.0, 1683.0, 1671.0, 1662.0, 1662.0, 1651.0, 1661.0, 1653.0, 1638.0, 1647.0, 1647.0, 1643.0, 1643.0, 1624.0, 1624.0, 1642.0, 1625.0, 1611.0, 1584.0, 1597.0, 1602.0, 1593.0, 1645.0, 1635.0, 1638.0, 1632.0, 1601.0, 1604.0, 1579.0, 1604.0, 1585.0, 1572.0, 1593.0, 1590.0, 1587.0, 1588.0, 1577.0, 1570.0, 1547.0, 1582.0, 1552.0, 1575.0, 1536.0, 1554.0, 1563.0, 1554.0, 1556.0, 1538.0, 1556.0, 1544.0, 1538.0, 1561.0, 1540.0, 1525.0, 1533.0, 1521.0, 1522.0, 1518.0, 1520.0, 1509.0, 1511.0, 1510.0, 1507.0, 1506.0, 1506.0, 1506.0, 1494.0, 1482.0, 1488.0, 1482.0, 1478.0, 1473.0, 1467.0, 1473.0, 1473.0, 1468.0, 1465.0, 1451.0, 1439.0, 1445.0, 1464.0, 1445.0, 1426.0, 1416.0, 1416.0, 1405.0, 1401.0, 1406.0, 1423.0, 1412.0, 1412.0, 1389.0, 1402.0, 1381.0, 1381.0, 1375.0, 1379.0, 1382.0, 1368.0, 1367.0, 1351.0, 1351.0, 1360.0, 1334.0, 1317.0, 1340.0, 1323.0, 1315.0, 1306.0, 1327.0, 1294.0, 1302.0, 1295.0, 1295.0, 1287.0, 1299.0, 1291.0, 1266.0, 1250.0, 1258.0, 1236.0, 1236.0, 1248.0, 1243.0, 1252.0, 1260.0, 1249.0, 1249.0, 1255.0, 1249.0, 1257.0, 1232.0, 1233.0, 1232.0, 1232.0, 1231.0, 1225.0, 1230.0, 1230.0, 1230.0, 1230.0, 1222.0, 1202.0, 1204.0, 1216.0, 1217.0, 1226.0, 1197.0, 1211.0, 1205.0, 1198.0, 1195.0, 1200.0, 1164.0, 1186.0, 1174.0, 1185.0, 1166.0, 1150.0, 1160.0, 1162.0, 1166.0, 1171.0, 1129.0, 1129.0, 1142.0, 1141.0, 1136.0, 1147.0, 1144.0, 1132.0, 1141.0, 1135.0, 1131.0, 1135.0, 1137.0, 1143.0, 1144.0, 1146.0, 1140.0, 1146.0, 1141.0, 1141.0, 1151.0, 1132.0, 1134.0, 1144.0, 1147.0, 1144.0, 1141.0, 1134.0, 1137.0, 1147.0, 1154.0, 1146.0, 1142.0, 1144.0, 1144.0, 1147.0, 1149.0, 1154.0, 1178.0, 1162.0, 1169.0, 1193.0, 1192.0, 1192.0, 1194.0, 1187.0, 1196.0, 1205.0, 1199.0, 1217.0, 1210.0, 1212.0, 1208.0, 1220.0, 1225.0, 1212.0, 1188.0, 1183.0, 1183.0, 1185.0, 1184.0, 1187.0, 1243.0, 1240.0, 1233.0, 1228.0, 1197.0, 1198.0, 1187.0, 1172.0, 1169.0, 1166.0, 1154.0, 1155.0, 1160.0, 1160.0, 1145.0, 1157.0, 1155.0, 1166.0, 1187.0, 1171.0, 1193.0, 1172.0, 1176.0, 1179.0, 1175.0, 1192.0, 1187.0, 1170.0, 1158.0, 1163.0, 1163.0, 1163.0, 1183.0, 1169.0, 1179.0, 1190.0, 1170.0, 1150.0, 1196.0, 1212.0, 1224.0, 1233.0, 1249.0, 1254.0, 1254.0, 1257.0, 1257.0, 1257.0, 1256.0, 1248.0, 1257.0, 1243.0, 1243.0, 1266.0, 1276.0, 1269.0, 1261.0, 1254.0, 1243.0, 1244.0, 1267.0, 1269.0, 1283.0, 1270.0, 1275.0, 1249.0, 1258.0, 1260.0, 1273.0, 1265.0, 1275.0, 1261.0, 1266.0, 1256.0, 1260.0, 1280.0, 1280.0, 1280.0, 1291.0, 1286.0, 1269.0, 1281.0, 1289.0, 1298.0, 1266.0, 1294.0]