header: 
  seq: 1538
  stamp: 
    secs: 1548820795
    nsecs: 614180427
  frame_id: "base_link"
angle_min: -2.35619449615
angle_max: 2.35619449615
angle_increment: 0.00436332309619
time_increment: 1.73611151695e-05
scan_time: 0.0250000003725
range_min: 0.019999999553
range_max: 30.0
ranges: [0.4169999957084656, 0.4309999942779541, 0.4230000078678131, 0.4300000071525574, 0.4269999861717224, 0.4390000104904175, 0.4429999887943268, 0.4429999887943268, 0.4300000071525574, 0.4269999861717224, 0.42899999022483826, 0.42800000309944153, 0.42500001192092896, 0.414000004529953, 0.4020000100135803, 0.3959999978542328, 0.35899999737739563, 0.3409999907016754, 0.32600000500679016, 0.2840000092983246, 0.28299999237060547, 0.34599998593330383, 0.3840000033378601, 0.3880000114440918, 0.3959999978542328, 0.38999998569488525, 0.3889999985694885, 0.3930000066757202, 0.3799999952316284, 0.3790000081062317, 0.3869999945163727, 0.3919999897480011, 0.3840000033378601, 0.38499999046325684, 0.38499999046325684, 0.382999986410141, 0.3880000114440918, 0.39100000262260437, 0.3869999945163727, 0.38100001215934753, 0.37599998712539673, 0.375, 0.3720000088214874, 0.3720000088214874, 0.36800000071525574, 0.36899998784065247, 0.367000013589859, 0.367000013589859, 0.36500000953674316, 0.36800000071525574, 0.36800000071525574, 0.36399999260902405, 0.3580000102519989, 0.3569999933242798, 0.3569999933242798, 0.36399999260902405, 0.3630000054836273, 0.3630000054836273, 0.3580000102519989, 0.35499998927116394, 0.35100001096725464, 0.3490000069141388, 0.3479999899864197, 0.3499999940395355, 0.3499999940395355, 0.3499999940395355, 0.335999995470047, 0.34200000762939453, 0.3490000069141388, 0.35199999809265137, 0.33899998664855957, 0.33899998664855957, 0.33500000834465027, 0.3370000123977661, 0.3330000042915344, 0.3319999873638153, 0.33500000834465027, 0.34200000762939453, 0.3440000116825104, 0.33399999141693115, 0.3269999921321869, 0.3310000002384186, 0.3370000123977661, 0.335999995470047, 0.32899999618530273, 0.32899999618530273, 0.32899999618530273, 0.3230000138282776, 0.3240000009536743, 0.3269999921321869, 0.3269999921321869, 0.3240000009536743, 0.3240000009536743, 0.32199999690055847, 0.32600000500679016, 0.33399999141693115, 0.33500000834465027, 0.3310000002384186, 0.33000001311302185, 0.328000009059906, 0.3310000002384186, 0.3269999921321869, 0.3269999921321869, 0.32499998807907104, 0.32899999618530273, 0.335999995470047, 0.33000001311302185, 0.3240000009536743, 0.32100000977516174, 0.32199999690055847, 0.32199999690055847, 0.32199999690055847, 0.3160000145435333, 0.32600000500679016, 0.32899999618530273, 0.32899999618530273, 0.32899999618530273, 0.3240000009536743, 0.32499998807907104, 0.32499998807907104, 0.3269999921321869, 0.33000001311302185, 0.328000009059906, 0.32899999618530273, 0.3240000009536743, 0.32199999690055847, 0.32199999690055847, 0.3149999976158142, 0.32100000977516174, 0.32499998807907104, 0.32499998807907104, 0.3230000138282776, 0.3269999921321869, 0.33000001311302185, 0.32600000500679016, 0.32499998807907104, 0.32600000500679016, 0.3240000009536743, 0.3230000138282776, 0.3269999921321869, 0.32499998807907104, 0.32899999618530273, 0.3310000002384186, 0.3310000002384186, 0.33000001311302185, 0.3440000116825104, 0.34599998593330383, 0.34200000762939453, 0.33399999141693115, 0.34200000762939453, 0.3440000116825104, 0.3400000035762787, 0.335999995470047, 0.3319999873638153, 0.3319999873638153, 0.33000001311302185, 0.32899999618530273, 0.33399999141693115, 0.3370000123977661, 0.33899998664855957, 0.3440000116825104, 0.33799999952316284, 0.3319999873638153, 0.335999995470047, 0.335999995470047, 0.33500000834465027, 0.3370000123977661, 0.3400000035762787, 0.34599998593330383, 0.3499999940395355, 0.3499999940395355, 0.35499998927116394, 0.35899999737739563, 0.36399999260902405, 0.3700000047683716, 0.3700000047683716, 0.3700000047683716, 0.3779999911785126, 0.3779999911785126, 0.38100001215934753, 0.3880000114440918, 0.39500001072883606, 0.39399999380111694, 0.39399999380111694, 0.4009999930858612, 0.40299999713897705, 0.4099999964237213, 0.41499999165534973, 0.414000004529953, 0.4129999876022339, 0.4180000126361847, 0.4269999861717224, 0.4269999861717224, 0.4359999895095825, 0.4399999976158142, 0.4390000104904175, 0.44200000166893005, 0.43799999356269836, 0.44600000977516174, 0.4580000042915344, 0.4620000123977661, 0.46700000762939453, 0.4690000116825104, 0.48100000619888306, 0.49000000953674316, 0.4909999966621399, 0.48500001430511475, 0.4880000054836273, 0.49900001287460327, 0.49900001287460327, 0.5009999871253967, 0.5170000195503235, 0.5260000228881836, 0.531000018119812, 0.5360000133514404, 0.5419999957084656, 0.5509999990463257, 0.5519999861717224, 0.5519999861717224, 0.5640000104904175, 0.5669999718666077, 0.5740000009536743, 0.5820000171661377, 0.5899999737739563, 0.6000000238418579, 0.6039999723434448, 0.6159999966621399, 0.6179999709129333, 0.625, 0.6349999904632568, 0.6480000019073486, 0.6620000004768372, 0.6729999780654907, 0.6830000281333923, 0.6830000281333923, 0.7049999833106995, 0.7149999737739563, 0.7360000014305115, 0.734000027179718, 0.7419999837875366, 0.7580000162124634, 0.7730000019073486, 0.7910000085830688, 0.8019999861717224, 0.8029999732971191, 0.8149999976158142, 0.8330000042915344, 0.8550000190734863, 0.8669999837875366, 0.8930000066757202, 0.9150000214576721, 0.925000011920929, 0.9570000171661377, 0.9679999947547913, 0.9900000095367432, 1.0019999742507935, 1.031000018119812, 1.059000015258789, 1.093000054359436, 1.125, 1.1430000066757202, 1.1729999780654907, 1.2209999561309814, 1.2389999628067017, 1.2860000133514404, 1.3049999475479126, 1.340999960899353, 1.378000020980835, 1.4390000104904175, 1.4839999675750732, 1.5230000019073486, 1.593999981880188, 1.6510000228881836, 1.725000023841858, 1.8619999885559082, 1.9839999675750732, 2.88700008392334, 2.8910000324249268, 2.8940000534057617, 2.8959999084472656, 2.8989999294281006, 2.8989999294281006, 2.8970000743865967, 2.88700008392334, 2.884999990463257, 2.88700008392334, 2.884000062942505, 2.88700008392334, 2.888000011444092, 2.884999990463257, 2.880000114440918, 2.88100004196167, 2.878999948501587, 2.878999948501587, 2.877000093460083, 2.877000093460083, 2.871999979019165, 2.871999979019165, 2.871999979019165, 2.867000102996826, 2.864000082015991, 2.8480000495910645, 2.864000082015991, 2.8559999465942383, 2.8540000915527344, 2.8519999980926514, 2.8519999980926514, 2.8529999256134033, 2.8510000705718994, 2.8380000591278076, 2.8340001106262207, 2.825000047683716, 2.822000026702881, 2.816999912261963, 2.816999912261963, 2.809000015258789, 2.796999931335449, 2.7920000553131104, 2.7920000553131104, 2.7829999923706055, 2.7780001163482666, 2.7699999809265137, 2.7679998874664307, 2.757999897003174, 2.756999969482422, 2.750999927520752, 2.74399995803833, 2.7239999771118164, 2.7260000705718994, 2.7149999141693115, 2.7090001106262207, 2.697999954223633, 2.691999912261963, 2.691999912261963, 2.693000078201294, 2.6740000247955322, 2.671999931335449, 2.6619999408721924, 2.6600000858306885, 2.634999990463257, 2.630000114440918, 2.618000030517578, 2.6089999675750732, 2.6010000705718994, 2.5959999561309814, 2.5880000591278076, 2.572000026702881, 2.562000036239624, 2.546999931335449, 2.5269999504089355, 2.5269999504089355, 2.5190000534057617, 2.50600004196167, 2.496999979019165, 2.4820001125335693, 2.4749999046325684, 2.4649999141693115, 2.447000026702881, 2.433000087738037, 2.4189999103546143, 2.3989999294281006, 2.378000020980835, 2.367000102996826, 2.365999937057495, 2.3489999771118164, 2.3410000801086426, 2.315999984741211, 2.296999931335449, 2.2809998989105225, 2.25, 2.234999895095825, 2.2190001010894775, 2.203000068664551, 2.188999891281128, 2.1449999809265137, 2.121000051498413, 2.0940001010894775, 2.0850000381469727, 2.062000036239624, 2.0380001068115234, 2.0160000324249268, 1.9980000257492065, 1.972000002861023, 1.9500000476837158, 1.934000015258789, 1.9140000343322754, 1.8839999437332153, 1.8609999418258667, 1.8350000381469727, 1.8170000314712524, 1.8049999475479126, 1.7879999876022339, 1.7619999647140503, 1.7510000467300415, 1.7280000448226929, 1.7130000591278076, 1.7029999494552612, 1.6679999828338623, 1.659999966621399, 1.6469999551773071, 1.6419999599456787, 1.61899995803833, 1.6100000143051147, 1.5850000381469727, 1.565999984741211, 1.5570000410079956, 1.5399999618530273, 1.5240000486373901, 1.5160000324249268, 1.4989999532699585, 1.4989999532699585, 1.49399995803833, 1.4859999418258667, 1.4639999866485596, 1.4479999542236328, 1.437000036239624, 1.4320000410079956, 1.4119999408721924, 1.406999945640564, 1.3969999551773071, 1.3890000581741333, 1.375, 1.3600000143051147, 1.3539999723434448, 1.3480000495910645, 1.3480000495910645, 1.3240000009536743, 1.3220000267028809, 1.3140000104904175, 1.2999999523162842, 1.2979999780654907, 1.2790000438690186, 1.2719999551773071, 1.2669999599456787, 1.2510000467300415, 1.2430000305175781, 1.2330000400543213, 1.2319999933242798, 1.225000023841858, 1.2089999914169312, 1.2009999752044678, 1.194000005722046, 1.184000015258789, 1.1799999475479126, 1.1729999780654907, 1.1699999570846558, 1.1629999876022339, 1.1510000228881836, 1.1469999551773071, 1.1419999599456787, 1.128999948501587, 1.121999979019165, 1.1180000305175781, 1.1139999628067017, 1.1119999885559082, 1.1089999675750732, 1.1019999980926514, 1.0950000286102295, 1.0870000123977661, 1.0889999866485596, 1.0839999914169312, 1.0779999494552612, 1.0700000524520874, 1.062000036239624, 1.059999942779541, 1.0549999475479126, 1.0499999523162842, 1.0449999570846558, 1.0399999618530273, 1.0329999923706055, 1.0290000438690186, 1.027999997138977, 1.0219999551773071, 1.0110000371932983, 1.003999948501587, 0.9950000047683716, 0.9940000176429749, 0.9900000095367432, 0.9860000014305115, 0.9860000014305115, 0.9890000224113464, 0.9909999966621399, 0.9890000224113464, 0.9739999771118164, 0.9649999737739563, 0.9589999914169312, 0.9599999785423279, 0.9610000252723694, 0.9599999785423279, 0.9559999704360962, 0.953000009059906, 0.9490000009536743, 0.9419999718666077, 0.9390000104904175, 0.9390000104904175, 0.9179999828338623, 0.9240000247955322, 0.9240000247955322, 0.9240000247955322, 0.9179999828338623, 0.9150000214576721, 0.9129999876022339, 0.9120000004768372, 0.8960000276565552, 0.8960000276565552, 0.8999999761581421, 0.8999999761581421, 0.8880000114440918, 0.8889999985694885, 0.8889999985694885, 0.8920000195503235, 0.8859999775886536, 0.8830000162124634, 0.8759999871253967, 0.8650000095367432, 0.8650000095367432, 0.8610000014305115, 0.8659999966621399, 0.8659999966621399, 0.8659999966621399, 0.8610000014305115, 0.8569999933242798, 0.8600000143051147, 0.8600000143051147, 0.8510000109672546, 0.8460000157356262, 0.8460000157356262, 0.8450000286102295, 0.8460000157356262, 0.8450000286102295, 0.8379999995231628, 0.828000009059906, 0.8299999833106995, 0.8259999752044678, 0.8330000042915344, 0.828000009059906, 0.8309999704360962, 0.828000009059906, 0.824999988079071, 0.8209999799728394, 0.8159999847412109, 0.8119999766349792, 0.8090000152587891, 0.8059999942779541, 0.8040000200271606, 0.800000011920929, 0.796999990940094, 0.7979999780654907, 0.8019999861717224, 0.7979999780654907, 0.7889999747276306, 0.7889999747276306, 0.7889999747276306, 0.7900000214576721, 0.7900000214576721, 0.7870000004768372, 0.7889999747276306, 0.7889999747276306, 0.7889999747276306, 0.7860000133514404, 0.7829999923706055, 0.7820000052452087, 0.7799999713897705, 0.7799999713897705, 0.7749999761581421, 0.7680000066757202, 0.7599999904632568, 0.7609999775886536, 0.765999972820282, 0.7649999856948853, 0.7570000290870667, 0.7590000033378601, 0.7620000243186951, 0.7580000162124634, 0.7519999742507935, 0.753000020980835, 0.753000020980835, 0.7549999952316284, 0.7580000162124634, 0.7580000162124634, 0.7580000162124634, 0.7480000257492065, 0.7450000047683716, 0.7400000095367432, 0.734000027179718, 0.734000027179718, 0.7329999804496765, 0.746999979019165, 0.7509999871253967, 0.7400000095367432, 0.7350000143051147, 0.7369999885559082, 0.7360000014305115, 0.7360000014305115, 0.7350000143051147, 0.7289999723434448, 0.7250000238418579, 0.7390000224113464, 0.7419999837875366, 0.7300000190734863, 0.7310000061988831, 0.7319999933242798, 0.7289999723434448, 0.7250000238418579, 0.7250000238418579, 0.7279999852180481, 0.7229999899864197, 0.7179999947547913, 0.7139999866485596, 0.718999981880188, 0.718999981880188, 0.7200000286102295, 0.718999981880188, 0.718999981880188, 0.7129999995231628, 0.7110000252723694, 0.7149999737739563, 0.722000002861023, 0.7229999899864197, 0.7200000286102295, 0.722000002861023, 0.7139999866485596, 0.7070000171661377, 0.7020000219345093, 0.7049999833106995, 0.7080000042915344, 0.7080000042915344, 0.7009999752044678, 0.7009999752044678, 0.7020000219345093, 0.703000009059906, 0.7020000219345093, 0.6980000138282776, 0.6980000138282776, 0.699999988079071, 0.699999988079071, 0.7009999752044678, 0.6990000009536743, 0.6930000185966492, 0.6940000057220459, 0.6940000057220459, 0.6930000185966492, 0.6919999718666077, 0.6850000023841858, 0.6919999718666077, 0.6940000057220459, 0.6909999847412109, 0.6890000104904175, 0.6840000152587891, 0.6850000023841858, 0.6819999814033508, 0.6890000104904175, 0.6859999895095825, 0.6800000071525574, 0.6800000071525574, 0.6919999718666077, 0.6790000200271606, 0.6779999732971191, 0.6809999942779541, 0.6809999942779541, 0.6859999895095825, 0.6859999895095825, 0.6759999990463257, 0.6759999990463257, 0.6790000200271606, 0.6809999942779541, 0.6790000200271606, 0.6779999732971191, 0.6779999732971191, 0.6769999861717224, 0.6769999861717224, 0.6710000038146973, 0.6679999828338623, 0.6669999957084656, 0.6700000166893005, 0.6729999780654907, 0.671999990940094, 0.6660000085830688, 0.6650000214576721, 0.6600000262260437, 0.6610000133514404, 0.6610000133514404, 0.6690000295639038, 0.6669999957084656, 0.6660000085830688, 0.6639999747276306, 0.6610000133514404, 0.6679999828338623, 0.6639999747276306, 0.6639999747276306, 0.6650000214576721, 0.6660000085830688, 0.6679999828338623, 0.6610000133514404, 0.6579999923706055, 0.6510000228881836, 0.6549999713897705, 0.6589999794960022, 0.6600000262260437, 0.6589999794960022, 0.6570000052452087, 0.6570000052452087, 0.652999997138977, 0.6520000100135803, 0.6539999842643738, 0.6520000100135803, 0.6520000100135803, 0.6449999809265137, 0.6480000019073486, 0.6420000195503235, 0.6449999809265137, 0.6499999761581421, 0.6520000100135803, 0.6499999761581421, 0.652999997138977, 0.6489999890327454, 0.6489999890327454, 0.6489999890327454, 0.6489999890327454, 0.6430000066757202, 0.6430000066757202, 0.6420000195503235, 0.6420000195503235, 0.6420000195503235, 0.6359999775886536, 0.6389999985694885, 0.6430000066757202, 0.6380000114440918, 0.6420000195503235, 0.6389999985694885, 0.6420000195503235, 0.6370000243186951, 0.6370000243186951, 0.6389999985694885, 0.6370000243186951, 0.6359999775886536, 0.6389999985694885, 0.6439999938011169, 0.6430000066757202, 0.6430000066757202, 0.640999972820282, 0.6389999985694885, 0.6389999985694885, 0.6349999904632568, 0.6330000162124634, 0.6320000290870667, 0.6290000081062317, 0.6340000033378601, 0.6349999904632568, 0.6330000162124634, 0.6299999952316284, 0.6299999952316284, 0.6290000081062317, 0.6209999918937683, 0.6209999918937683, 0.6240000128746033, 0.628000020980835, 0.6259999871253967, 0.6269999742507935, 0.6269999742507935, 0.6259999871253967, 0.6259999871253967, 0.6259999871253967, 0.625, 0.6259999871253967, 0.6259999871253967, 0.6179999709129333, 0.6190000176429749, 0.625, 0.625, 0.6269999742507935, 0.6259999871253967, 0.6230000257492065, 0.6200000047683716, 0.6190000176429749, 0.6179999709129333, 0.6190000176429749, 0.6190000176429749, 0.6209999918937683, 0.6100000143051147, 0.6119999885559082, 0.6159999966621399, 0.625, 0.6290000081062317, 0.6290000081062317, 0.6240000128746033, 0.6119999885559082, 0.6169999837875366, 0.621999979019165, 0.621999979019165, 0.621999979019165, 0.6179999709129333, 0.6140000224113464, 0.609000027179718, 0.6110000014305115, 0.6100000143051147, 0.6140000224113464, 0.6169999837875366, 0.6269999742507935, 0.6259999871253967, 0.6230000257492065, 0.621999979019165, 0.621999979019165, 0.621999979019165, 0.6159999966621399, 0.6159999966621399, 0.6100000143051147, 0.609000027179718, 0.6079999804496765, 0.6179999709129333, 0.6169999837875366, 0.6169999837875366, 0.6190000176429749, 0.6209999918937683, 0.6179999709129333, 0.6190000176429749, 0.6150000095367432, 0.6150000095367432, 0.6069999933242798, 0.6069999933242798, 0.6140000224113464, 0.6140000224113464, 0.6110000014305115, 0.6069999933242798, 0.6069999933242798, 0.6069999933242798, 0.6069999933242798, 0.6150000095367432, 0.6140000224113464, 0.6150000095367432, 0.6140000224113464, 0.6140000224113464, 0.6060000061988831, 0.6150000095367432, 0.6140000224113464, 0.6150000095367432, 0.6100000143051147, 0.6190000176429749, 0.6119999885559082, 0.6119999885559082, 0.6119999885559082, 0.6119999885559082, 0.6069999933242798, 0.6069999933242798, 0.6190000176429749, 0.6050000190734863, 0.6050000190734863, 0.6069999933242798, 0.6050000190734863, 0.6079999804496765, 0.6050000190734863, 0.6069999933242798, 0.6029999852180481, 0.6039999723434448, 0.6069999933242798, 0.6069999933242798, 0.6050000190734863, 0.6100000143051147, 0.6079999804496765, 0.6140000224113464, 0.6140000224113464, 0.6150000095367432, 0.6110000014305115, 0.6129999756813049, 0.6179999709129333, 0.6100000143051147, 0.6110000014305115, 0.6119999885559082, 0.6100000143051147, 0.6140000224113464, 0.6140000224113464, 0.6190000176429749, 0.6169999837875366, 0.6159999966621399, 0.6159999966621399, 0.6150000095367432, 0.6129999756813049, 0.6169999837875366, 0.6179999709129333, 0.6200000047683716, 0.6200000047683716, 0.6179999709129333, 0.6169999837875366, 0.6169999837875366, 0.6169999837875366, 0.6179999709129333, 0.6230000257492065, 0.6230000257492065, 0.621999979019165, 0.6190000176429749, 0.6179999709129333, 0.6169999837875366, 0.6169999837875366, 0.6169999837875366, 0.625, 0.625, 0.6200000047683716, 0.6179999709129333, 0.609000027179718, 0.6159999966621399, 0.6159999966621399, 0.6230000257492065, 0.6169999837875366, 0.6150000095367432, 0.6150000095367432, 0.6200000047683716, 0.621999979019165, 0.6200000047683716, 0.621999979019165, 0.6230000257492065, 0.621999979019165, 0.6159999966621399, 0.6209999918937683, 0.6259999871253967, 0.6240000128746033, 0.621999979019165, 0.621999979019165, 0.621999979019165, 0.6240000128746033, 0.6230000257492065, 0.6190000176429749, 0.6200000047683716, 0.621999979019165, 0.6240000128746033, 0.6240000128746033, 0.6240000128746033, 0.6240000128746033, 0.6240000128746033, 0.621999979019165, 0.621999979019165, 0.621999979019165, 0.6209999918937683, 0.621999979019165, 0.6290000081062317, 0.6230000257492065, 0.6209999918937683, 0.625, 0.6320000290870667, 0.6320000290870667, 0.625, 0.621999979019165, 0.621999979019165, 0.6340000033378601, 0.6340000033378601, 0.6340000033378601, 0.6349999904632568, 0.6349999904632568, 0.6269999742507935, 0.6290000081062317, 0.6330000162124634, 0.6309999823570251, 0.6309999823570251, 0.6330000162124634, 0.6330000162124634, 0.6330000162124634, 0.6349999904632568, 0.6309999823570251, 0.6269999742507935, 0.6320000290870667, 0.6330000162124634, 0.6330000162124634, 0.6299999952316284, 0.6320000290870667, 0.6340000033378601, 0.6309999823570251, 0.6330000162124634, 0.640999972820282, 0.6359999775886536, 0.6359999775886536, 0.628000020980835, 0.6299999952316284, 0.6299999952316284, 0.6320000290870667, 0.6399999856948853, 0.6399999856948853, 0.6389999985694885, 0.6389999985694885, 0.6380000114440918, 0.6389999985694885, 0.640999972820282, 0.6480000019073486, 0.640999972820282, 0.6399999856948853, 0.6420000195503235, 0.6380000114440918, 0.6380000114440918, 0.6380000114440918, 0.6420000195503235, 0.640999972820282, 0.6430000066757202, 0.6449999809265137, 0.6480000019073486, 0.6510000228881836, 0.6520000100135803, 0.6510000228881836, 0.6499999761581421, 0.6480000019073486, 0.6480000019073486, 0.6480000019073486, 0.6499999761581421, 0.6499999761581421, 0.6579999923706055, 0.6579999923706055, 0.6549999713897705, 0.6549999713897705, 0.6600000262260437, 0.6620000004768372, 0.6620000004768372, 0.6600000262260437, 0.6629999876022339, 0.6520000100135803, 0.6549999713897705, 0.6579999923706055, 0.6579999923706055, 0.6570000052452087, 0.6510000228881836, 0.652999997138977, 0.6510000228881836, 0.6520000100135803, 0.6539999842643738, 0.6570000052452087, 0.6549999713897705, 0.6629999876022339, 0.6620000004768372, 0.6620000004768372, 0.6600000262260437, 0.6579999923706055, 0.6539999842643738, 0.6539999842643738, 0.6549999713897705, 0.6579999923706055, 0.6600000262260437, 0.6600000262260437, 0.6660000085830688, 0.6610000133514404, 0.6549999713897705, 0.6639999747276306, 0.6740000247955322, 0.671999990940094, 0.671999990940094, 0.671999990940094, 0.6690000295639038, 0.6669999957084656, 0.6679999828338623, 0.6759999990463257, 0.671999990940094, 0.6710000038146973, 0.6700000166893005, 0.671999990940094, 0.6690000295639038, 0.6690000295639038, 0.6669999957084656, 0.6669999957084656, 0.6740000247955322, 0.6600000262260437, 0.6600000262260437, 0.6639999747276306, 0.6660000085830688, 0.6740000247955322, 0.6740000247955322, 0.6690000295639038, 0.6779999732971191, 0.6769999861717224, 0.6779999732971191, 0.6850000023841858, 0.6970000267028809, 0.6959999799728394, 0.6970000267028809, 0.6949999928474426, 0.6949999928474426, 0.7160000205039978, 0.7160000205039978, 0.7149999737739563, 0.7129999995231628, 0.7149999737739563, 0.7179999947547913, 0.7170000076293945, 0.7269999980926514, 0.718999981880188, 0.7110000252723694, 0.7170000076293945]
intensities: [1044.0, 1128.0, 1125.0, 1168.0, 1187.0, 1288.0, 1348.0, 1348.0, 1394.0, 1406.0, 1443.0, 1465.0, 1477.0, 1448.0, 1348.0, 1287.0, 1024.0, 995.0, 947.0, 845.0, 825.0, 936.0, 979.0, 976.0, 977.0, 975.0, 980.0, 1033.0, 1083.0, 1127.0, 1228.0, 1336.0, 1383.0, 1432.0, 1440.0, 1501.0, 1471.0, 1503.0, 1493.0, 1504.0, 1506.0, 1495.0, 1487.0, 1487.0, 1489.0, 1489.0, 1489.0, 1469.0, 1463.0, 1463.0, 1481.0, 1464.0, 1455.0, 1451.0, 1451.0, 1431.0, 1432.0, 1437.0, 1437.0, 1436.0, 1443.0, 1433.0, 1422.0, 1445.0, 1445.0, 1443.0, 1444.0, 1420.0, 1415.0, 1418.0, 1424.0, 1424.0, 1440.0, 1466.0, 1461.0, 1459.0, 1461.0, 1439.0, 1434.0, 1428.0, 1432.0, 1442.0, 1452.0, 1451.0, 1445.0, 1450.0, 1455.0, 1446.0, 1449.0, 1446.0, 1451.0, 1449.0, 1486.0, 1489.0, 1480.0, 1470.0, 1472.0, 1460.0, 1460.0, 1463.0, 1466.0, 1471.0, 1470.0, 1472.0, 1456.0, 1458.0, 1460.0, 1463.0, 1455.0, 1462.0, 1469.0, 1469.0, 1449.0, 1466.0, 1423.0, 1423.0, 1442.0, 1427.0, 1415.0, 1415.0, 1413.0, 1405.0, 1377.0, 1383.0, 1353.0, 1363.0, 1359.0, 1354.0, 1358.0, 1352.0, 1334.0, 1322.0, 1313.0, 1305.0, 1305.0, 1300.0, 1310.0, 1288.0, 1286.0, 1290.0, 1284.0, 1275.0, 1256.0, 1261.0, 1245.0, 1270.0, 1253.0, 1261.0, 1220.0, 1217.0, 1202.0, 1202.0, 1203.0, 1187.0, 1159.0, 1161.0, 1155.0, 1147.0, 1129.0, 1116.0, 1151.0, 1136.0, 1122.0, 1128.0, 1118.0, 1109.0, 1125.0, 1139.0, 1129.0, 1113.0, 1113.0, 1106.0, 1118.0, 1116.0, 1106.0, 1106.0, 1076.0, 1070.0, 1069.0, 1063.0, 1057.0, 1056.0, 1047.0, 1047.0, 1040.0, 1029.0, 1048.0, 1042.0, 1035.0, 1029.0, 1031.0, 1040.0, 1033.0, 1035.0, 1034.0, 1024.0, 1020.0, 1015.0, 1020.0, 1011.0, 1015.0, 1021.0, 1018.0, 1021.0, 1027.0, 1032.0, 1028.0, 1039.0, 1007.0, 1007.0, 1002.0, 1003.0, 992.0, 989.0, 992.0, 974.0, 996.0, 977.0, 971.0, 984.0, 976.0, 966.0, 972.0, 966.0, 966.0, 953.0, 966.0, 967.0, 974.0, 959.0, 959.0, 959.0, 955.0, 955.0, 955.0, 957.0, 941.0, 933.0, 916.0, 910.0, 905.0, 903.0, 909.0, 906.0, 891.0, 896.0, 887.0, 881.0, 873.0, 881.0, 874.0, 869.0, 868.0, 862.0, 856.0, 833.0, 857.0, 852.0, 849.0, 838.0, 827.0, 839.0, 832.0, 827.0, 832.0, 814.0, 807.0, 806.0, 823.0, 840.0, 838.0, 823.0, 840.0, 857.0, 1147.0, 1357.0, 926.0, 933.0, 936.0, 942.0, 927.0, 930.0, 931.0, 933.0, 930.0, 937.0, 929.0, 929.0, 932.0, 932.0, 932.0, 935.0, 934.0, 935.0, 935.0, 934.0, 935.0, 935.0, 935.0, 937.0, 942.0, 927.0, 942.0, 926.0, 929.0, 941.0, 941.0, 941.0, 940.0, 954.0, 948.0, 939.0, 939.0, 944.0, 945.0, 940.0, 942.0, 944.0, 944.0, 929.0, 931.0, 940.0, 939.0, 927.0, 930.0, 929.0, 942.0, 921.0, 929.0, 935.0, 930.0, 923.0, 927.0, 942.0, 944.0, 925.0, 928.0, 933.0, 940.0, 926.0, 927.0, 924.0, 922.0, 926.0, 931.0, 929.0, 935.0, 925.0, 920.0, 910.0, 915.0, 924.0, 915.0, 921.0, 921.0, 916.0, 920.0, 919.0, 906.0, 905.0, 917.0, 913.0, 907.0, 905.0, 906.0, 909.0, 917.0, 920.0, 909.0, 921.0, 922.0, 914.0, 909.0, 913.0, 911.0, 938.0, 955.0, 957.0, 928.0, 924.0, 952.0, 961.0, 951.0, 956.0, 959.0, 971.0, 960.0, 972.0, 985.0, 976.0, 993.0, 991.0, 990.0, 989.0, 1005.0, 1011.0, 1009.0, 1002.0, 1004.0, 985.0, 1011.0, 1017.0, 1019.0, 1032.0, 1025.0, 1032.0, 1020.0, 1028.0, 1019.0, 1025.0, 1025.0, 1036.0, 1032.0, 1030.0, 1036.0, 1046.0, 1046.0, 1056.0, 1059.0, 1060.0, 1066.0, 1079.0, 1086.0, 1075.0, 1092.0, 1092.0, 1100.0, 1101.0, 1105.0, 1106.0, 1115.0, 1104.0, 1111.0, 1121.0, 1113.0, 1129.0, 1129.0, 1135.0, 1144.0, 1139.0, 1138.0, 1136.0, 1137.0, 1139.0, 1156.0, 1157.0, 1161.0, 1164.0, 1162.0, 1167.0, 1169.0, 1186.0, 1188.0, 1188.0, 1193.0, 1205.0, 1199.0, 1202.0, 1210.0, 1215.0, 1223.0, 1239.0, 1235.0, 1237.0, 1258.0, 1245.0, 1243.0, 1258.0, 1238.0, 1247.0, 1240.0, 1265.0, 1258.0, 1275.0, 1276.0, 1264.0, 1281.0, 1302.0, 1295.0, 1309.0, 1318.0, 1307.0, 1328.0, 1320.0, 1320.0, 1329.0, 1330.0, 1331.0, 1341.0, 1338.0, 1338.0, 1359.0, 1359.0, 1368.0, 1377.0, 1377.0, 1382.0, 1382.0, 1386.0, 1392.0, 1395.0, 1401.0, 1418.0, 1425.0, 1425.0, 1440.0, 1440.0, 1423.0, 1429.0, 1428.0, 1437.0, 1449.0, 1442.0, 1450.0, 1445.0, 1460.0, 1453.0, 1479.0, 1479.0, 1479.0, 1479.0, 1470.0, 1476.0, 1478.0, 1492.0, 1495.0, 1495.0, 1494.0, 1503.0, 1506.0, 1509.0, 1510.0, 1499.0, 1512.0, 1505.0, 1522.0, 1542.0, 1538.0, 1547.0, 1532.0, 1543.0, 1530.0, 1532.0, 1542.0, 1548.0, 1549.0, 1543.0, 1581.0, 1574.0, 1584.0, 1544.0, 1572.0, 1588.0, 1580.0, 1582.0, 1581.0, 1604.0, 1606.0, 1606.0, 1611.0, 1607.0, 1609.0, 1615.0, 1615.0, 1615.0, 1621.0, 1629.0, 1637.0, 1617.0, 1627.0, 1622.0, 1625.0, 1628.0, 1639.0, 1658.0, 1639.0, 1656.0, 1639.0, 1649.0, 1649.0, 1649.0, 1628.0, 1633.0, 1630.0, 1624.0, 1624.0, 1624.0, 1640.0, 1636.0, 1650.0, 1644.0, 1648.0, 1633.0, 1631.0, 1629.0, 1632.0, 1632.0, 1636.0, 1637.0, 1634.0, 1631.0, 1629.0, 1634.0, 1631.0, 1635.0, 1645.0, 1646.0, 1649.0, 1656.0, 1656.0, 1663.0, 1654.0, 1642.0, 1652.0, 1657.0, 1658.0, 1662.0, 1660.0, 1670.0, 1666.0, 1665.0, 1671.0, 1678.0, 1663.0, 1676.0, 1663.0, 1663.0, 1663.0, 1674.0, 1666.0, 1677.0, 1688.0, 1678.0, 1672.0, 1669.0, 1673.0, 1688.0, 1682.0, 1702.0, 1708.0, 1711.0, 1698.0, 1703.0, 1706.0, 1718.0, 1716.0, 1717.0, 1718.0, 1719.0, 1733.0, 1723.0, 1713.0, 1712.0, 1736.0, 1736.0, 1738.0, 1715.0, 1743.0, 1746.0, 1749.0, 1762.0, 1762.0, 1738.0, 1738.0, 1745.0, 1749.0, 1754.0, 1755.0, 1759.0, 1758.0, 1758.0, 1756.0, 1760.0, 1756.0, 1754.0, 1753.0, 1755.0, 1738.0, 1772.0, 1763.0, 1759.0, 1759.0, 1768.0, 1760.0, 1768.0, 1763.0, 1775.0, 1773.0, 1754.0, 1754.0, 1766.0, 1771.0, 1772.0, 1771.0, 1775.0, 1781.0, 1794.0, 1786.0, 1780.0, 1793.0, 1791.0, 1794.0, 1785.0, 1781.0, 1781.0, 1778.0, 1767.0, 1762.0, 1774.0, 1774.0, 1781.0, 1807.0, 1797.0, 1808.0, 1808.0, 1778.0, 1802.0, 1808.0, 1808.0, 1779.0, 1779.0, 1781.0, 1788.0, 1794.0, 1806.0, 1798.0, 1791.0, 1797.0, 1805.0, 1804.0, 1805.0, 1794.0, 1794.0, 1791.0, 1791.0, 1791.0, 1795.0, 1793.0, 1797.0, 1797.0, 1791.0, 1788.0, 1788.0, 1795.0, 1795.0, 1810.0, 1806.0, 1810.0, 1795.0, 1794.0, 1774.0, 1769.0, 1788.0, 1817.0, 1819.0, 1825.0, 1808.0, 1770.0, 1784.0, 1784.0, 1760.0, 1754.0, 1754.0, 1739.0, 1760.0, 1760.0, 1730.0, 1715.0, 1758.0, 1758.0, 1760.0, 1760.0, 1747.0, 1735.0, 1742.0, 1761.0, 1772.0, 1772.0, 1749.0, 1744.0, 1728.0, 1738.0, 1742.0, 1722.0, 1726.0, 1727.0, 1727.0, 1741.0, 1725.0, 1696.0, 1696.0, 1704.0, 1747.0, 1740.0, 1746.0, 1742.0, 1742.0, 1735.0, 1735.0, 1724.0, 1723.0, 1706.0, 1706.0, 1701.0, 1723.0, 1722.0, 1729.0, 1735.0, 1706.0, 1692.0, 1685.0, 1678.0, 1679.0, 1681.0, 1687.0, 1716.0, 1703.0, 1697.0, 1687.0, 1682.0, 1690.0, 1690.0, 1690.0, 1693.0, 1691.0, 1684.0, 1685.0, 1689.0, 1682.0, 1681.0, 1674.0, 1674.0, 1671.0, 1672.0, 1679.0, 1672.0, 1639.0, 1634.0, 1629.0, 1633.0, 1633.0, 1633.0, 1610.0, 1605.0, 1610.0, 1610.0, 1610.0, 1605.0, 1600.0, 1594.0, 1608.0, 1589.0, 1578.0, 1560.0, 1564.0, 1569.0, 1574.0, 1574.0, 1572.0, 1569.0, 1558.0, 1545.0, 1526.0, 1539.0, 1516.0, 1535.0, 1521.0, 1521.0, 1536.0, 1506.0, 1506.0, 1494.0, 1489.0, 1491.0, 1491.0, 1506.0, 1511.0, 1489.0, 1481.0, 1481.0, 1471.0, 1476.0, 1465.0, 1485.0, 1470.0, 1466.0, 1441.0, 1441.0, 1466.0, 1442.0, 1463.0, 1467.0, 1453.0, 1453.0, 1429.0, 1429.0, 1429.0, 1424.0, 1421.0, 1438.0, 1438.0, 1435.0, 1431.0, 1419.0, 1419.0, 1419.0, 1424.0, 1424.0, 1422.0, 1419.0, 1420.0, 1408.0, 1408.0, 1419.0, 1409.0, 1413.0, 1406.0, 1404.0, 1410.0, 1410.0, 1411.0, 1405.0, 1385.0, 1393.0, 1391.0, 1391.0, 1389.0, 1382.0, 1401.0, 1387.0, 1394.0, 1393.0, 1377.0, 1382.0, 1384.0, 1366.0, 1370.0, 1375.0, 1375.0, 1352.0, 1356.0, 1356.0, 1368.0, 1368.0, 1367.0, 1367.0, 1367.0, 1352.0, 1345.0, 1360.0, 1341.0, 1341.0, 1347.0, 1343.0, 1349.0, 1361.0, 1358.0, 1355.0, 1333.0, 1337.0, 1348.0, 1348.0, 1345.0, 1339.0, 1341.0, 1360.0, 1351.0, 1336.0, 1336.0, 1325.0, 1332.0, 1332.0, 1338.0, 1330.0, 1330.0, 1331.0, 1342.0, 1338.0, 1340.0, 1347.0, 1350.0, 1335.0, 1334.0, 1358.0, 1310.0, 1310.0, 1316.0, 1362.0, 1352.0, 1368.0, 1361.0, 1357.0, 1372.0, 1361.0, 1369.0, 1377.0, 1375.0, 1368.0, 1374.0, 1370.0, 1364.0, 1373.0, 1373.0, 1370.0, 1376.0, 1372.0, 1379.0, 1362.0, 1370.0, 1367.0, 1371.0, 1387.0, 1391.0, 1401.0, 1398.0, 1383.0, 1396.0, 1387.0, 1406.0, 1391.0, 1382.0, 1392.0, 1381.0, 1391.0, 1391.0, 1395.0, 1401.0, 1402.0, 1401.0, 1403.0, 1404.0, 1403.0, 1401.0, 1398.0, 1398.0, 1404.0, 1407.0, 1400.0, 1406.0, 1402.0, 1402.0, 1400.0, 1403.0, 1409.0, 1412.0, 1423.0, 1438.0, 1425.0, 1412.0, 1425.0, 1433.0, 1428.0, 1428.0, 1411.0, 1434.0, 1434.0, 1417.0, 1407.0, 1419.0, 1430.0, 1420.0, 1421.0, 1417.0, 1421.0, 1398.0, 1418.0, 1429.0, 1411.0, 1413.0, 1409.0, 1409.0, 1400.0, 1411.0, 1421.0, 1423.0, 1426.0, 1422.0, 1416.0, 1398.0, 1384.0, 1396.0]