header: 
  seq: 1254
  stamp: 
    secs: 1548820788
    nsecs: 498261996
  frame_id: "base_link"
angle_min: -2.35619449615
angle_max: 2.35619449615
angle_increment: 0.00436332309619
time_increment: 1.73611151695e-05
scan_time: 0.0250000003725
range_min: 0.019999999553
range_max: 30.0
ranges: [0.5049999952316284, 0.5099999904632568, 0.5059999823570251, 0.5070000290870667, 0.5040000081062317, 0.49799999594688416, 0.49900001287460327, 0.5019999742507935, 0.49799999594688416, 0.5090000033378601, 0.5059999823570251, 0.49900001287460327, 0.49399998784065247, 0.49000000953674316, 0.4819999933242798, 0.44699999690055847, 0.4259999990463257, 0.3529999852180481, 0.296999990940094, 0.2750000059604645, 0.36500000953674316, 0.4050000011920929, 0.4560000002384186, 0.48100000619888306, 0.4880000054836273, 0.492000013589859, 0.492000013589859, 0.4779999852180481, 0.4749999940395355, 0.46799999475479126, 0.45899999141693115, 0.46000000834465027, 0.47099998593330383, 0.4790000021457672, 0.4729999899864197, 0.47600001096725464, 0.4740000069141388, 0.4749999940395355, 0.4729999899864197, 0.46700000762939453, 0.46399998664855957, 0.46399998664855957, 0.4650000035762787, 0.46399998664855957, 0.4659999907016754, 0.46299999952316284, 0.45899999141693115, 0.4569999873638153, 0.4569999873638153, 0.45899999141693115, 0.4480000138282776, 0.44600000977516174, 0.44699999690055847, 0.4490000009536743, 0.4480000138282776, 0.45100000500679016, 0.45100000500679016, 0.453000009059906, 0.45399999618530273, 0.4519999921321869, 0.44999998807907104, 0.4480000138282776, 0.44600000977516174, 0.4429999887943268, 0.4429999887943268, 0.4339999854564667, 0.43299999833106995, 0.4320000112056732, 0.43799999356269836, 0.4359999895095825, 0.4359999895095825, 0.4320000112056732, 0.4320000112056732, 0.42899999022483826, 0.42899999022483826, 0.42500001192092896, 0.4189999997615814, 0.4189999997615814, 0.421999990940094, 0.42899999022483826, 0.4410000145435333, 0.44200000166893005, 0.4189999997615814, 0.41999998688697815, 0.421999990940094, 0.42399999499320984, 0.421999990940094, 0.4169999957084656, 0.41100001335144043, 0.41600000858306885, 0.41600000858306885, 0.4169999957084656, 0.414000004529953, 0.41200000047683716, 0.4090000092983246, 0.40799999237060547, 0.40700000524520874, 0.4090000092983246, 0.41600000858306885, 0.41200000047683716, 0.4059999883174896, 0.4090000092983246, 0.4099999964237213, 0.40400001406669617, 0.4099999964237213, 0.4099999964237213, 0.40799999237060547, 0.4020000100135803, 0.4020000100135803, 0.4059999883174896, 0.40700000524520874, 0.4000000059604645, 0.39800000190734863, 0.39800000190734863, 0.39800000190734863, 0.4000000059604645, 0.4009999930858612, 0.4009999930858612, 0.39500001072883606, 0.3919999897480011, 0.39399999380111694, 0.3970000147819519, 0.3970000147819519, 0.3970000147819519, 0.39899998903274536, 0.39899998903274536, 0.3959999978542328, 0.3919999897480011, 0.3959999978542328, 0.4000000059604645, 0.39800000190734863, 0.3959999978542328, 0.3959999978542328, 0.3959999978542328, 0.3959999978542328, 0.3930000066757202, 0.3919999897480011, 0.3880000114440918, 0.3889999985694885, 0.3970000147819519, 0.3970000147819519, 0.3959999978542328, 0.39399999380111694, 0.38999998569488525, 0.3880000114440918, 0.3880000114440918, 0.3880000114440918, 0.3880000114440918, 0.3880000114440918, 0.3880000114440918, 0.3869999945163727, 0.38100001215934753, 0.3799999952316284, 0.38100001215934753, 0.3840000033378601, 0.3840000033378601, 0.3799999952316284, 0.37599998712539673, 0.37700000405311584, 0.38199999928474426, 0.3889999985694885, 0.38999998569488525, 0.38100001215934753, 0.3779999911785126, 0.3790000081062317, 0.38199999928474426, 0.38600000739097595, 0.3779999911785126, 0.37400001287460327, 0.37400001287460327, 0.37599998712539673, 0.37400001287460327, 0.3709999918937683, 0.3709999918937683, 0.3720000088214874, 0.36500000953674316, 0.3659999966621399, 0.3709999918937683, 0.375, 0.38100001215934753, 0.375, 0.36500000953674316, 0.36399999260902405, 0.36500000953674316, 0.3659999966621399, 0.36899998784065247, 0.36800000071525574, 0.36800000071525574, 0.36800000071525574, 0.36800000071525574, 0.3700000047683716, 0.375, 0.37400001287460327, 0.36899998784065247, 0.3709999918937683, 0.3709999918937683, 0.3720000088214874, 0.3720000088214874, 0.36800000071525574, 0.36800000071525574, 0.36399999260902405, 0.36800000071525574, 0.367000013589859, 0.3709999918937683, 0.36500000953674316, 0.3659999966621399, 0.3630000054836273, 0.3630000054836273, 0.3619999885559082, 0.36399999260902405, 0.36399999260902405, 0.367000013589859, 0.37299999594688416, 0.36899998784065247, 0.36800000071525574, 0.36800000071525574, 0.36899998784065247, 0.37400001287460327, 0.3720000088214874, 0.37400001287460327, 0.38600000739097595, 0.3799999952316284, 0.37700000405311584, 0.37599998712539673, 0.3779999911785126, 0.3779999911785126, 0.3790000081062317, 0.3779999911785126, 0.38499999046325684, 0.3790000081062317, 0.3889999985694885, 0.3889999985694885, 0.39100000262260437, 0.3959999978542328, 0.4000000059604645, 0.4020000100135803, 0.40799999237060547, 0.4129999876022339, 0.41200000047683716, 0.41499999165534973, 0.41600000858306885, 0.4180000126361847, 0.4180000126361847, 0.4269999861717224, 0.4259999990463257, 0.4269999861717224, 0.4320000112056732, 0.4320000112056732, 0.43299999833106995, 0.4350000023841858, 0.4350000023841858, 0.4480000138282776, 0.46799999475479126, 0.4690000116825104, 0.4790000021457672, 0.49399998784065247, 0.4690000116825104, 0.4699999988079071, 0.4779999852180481, 2.809000015258789, 2.805000066757202, 2.7950000762939453, 2.7829999923706055, 2.7750000953674316, 2.7730000019073486, 2.759999990463257, 2.746999979019165, 2.746999979019165, 2.7330000400543213, 2.7209999561309814, 2.7009999752044678, 2.684000015258789, 2.690999984741211, 2.680999994277954, 2.680999994277954, 2.6679999828338623, 2.6570000648498535, 2.6570000648498535, 2.6559998989105225, 2.635999917984009, 2.621000051498413, 2.6050000190734863, 2.5880000591278076, 2.578000068664551, 2.565000057220459, 2.552999973297119, 2.553999900817871, 2.5250000953674316, 2.515000104904175, 2.503000020980835, 2.48799991607666, 2.4730000495910645, 2.4660000801086426, 2.441999912261963, 2.4179999828338623, 2.4049999713897705, 2.3959999084472656, 2.378999948501587, 2.3589999675750732, 2.3399999141693115, 2.3299999237060547, 2.3010001182556152, 2.2829999923706055, 2.2679998874664307, 2.250999927520752, 2.2300000190734863, 2.2160000801086426, 2.203000068664551, 2.1760001182556152, 2.1519999504089355, 2.134999990463257, 2.119999885559082, 2.1070001125335693, 2.0929999351501465, 2.069000005722046, 2.065000057220459, 2.058000087738037, 2.0320000648498535, 2.00600004196167, 1.996000051498413, 1.9850000143051147, 1.968000054359436, 1.9609999656677246, 1.9490000009536743, 1.934000015258789, 1.9210000038146973, 1.9079999923706055, 1.8919999599456787, 1.8660000562667847, 1.8630000352859497, 1.843999981880188, 1.8450000286102295, 1.8339999914169312, 1.8170000314712524, 1.809000015258789, 1.7940000295639038, 1.777999997138977, 1.7690000534057617, 1.7630000114440918, 1.7549999952316284, 1.75, 1.7289999723434448, 1.7120000123977661, 1.6979999542236328, 1.6970000267028809, 1.6920000314712524, 1.680999994277954, 1.6660000085830688, 1.652999997138977, 1.6480000019073486, 1.6369999647140503, 1.6399999856948853, 1.6260000467300415, 1.6200000047683716, 1.6100000143051147, 1.6059999465942383, 1.5870000123977661, 1.5809999704360962, 1.562000036239624, 1.5509999990463257, 1.5499999523162842, 1.5470000505447388, 1.5379999876022339, 1.5269999504089355, 1.5199999809265137, 1.5190000534057617, 1.5160000324249268, 1.5160000324249268, 1.5010000467300415, 1.496999979019165, 1.4900000095367432, 1.4809999465942383, 1.4809999465942383, 1.472000002861023, 1.4630000591278076, 1.4520000219345093, 1.4529999494552612, 1.4490000009536743, 1.4359999895095825, 1.4299999475479126, 1.4199999570846558, 1.4179999828338623, 1.4049999713897705, 1.4019999504089355, 1.3969999551773071, 1.3930000066757202, 1.3739999532699585, 1.371000051498413, 1.3700000047683716, 1.3619999885559082, 1.3630000352859497, 1.3609999418258667, 1.3519999980926514, 1.3450000286102295, 1.340999960899353, 1.3420000076293945, 1.3339999914169312, 1.3270000219345093, 1.3250000476837158, 1.319000005722046, 1.319000005722046, 1.3140000104904175, 1.3040000200271606, 1.3020000457763672, 1.2979999780654907, 1.2860000133514404, 1.281999945640564, 1.2760000228881836, 1.2769999504089355, 1.2799999713897705, 1.2699999809265137, 1.2630000114440918, 1.2610000371932983, 1.2589999437332153, 1.2580000162124634, 1.253999948501587, 1.253999948501587, 1.246000051498413, 1.2380000352859497, 1.2369999885559082, 1.2369999885559082, 1.2300000190734863, 1.2269999980926514, 1.218000054359436, 1.2120000123977661, 1.2059999704360962, 1.2059999704360962, 1.2079999446868896, 1.2039999961853027, 1.2000000476837158, 1.1979999542236328, 1.1990000009536743, 1.2020000219345093, 1.1929999589920044, 1.184999942779541, 1.187999963760376, 1.187999963760376, 1.187999963760376, 1.1790000200271606, 1.1720000505447388, 1.1679999828338623, 1.1679999828338623, 1.1670000553131104, 1.1720000505447388, 1.1670000553131104, 1.1660000085830688, 1.1610000133514404, 1.156999945640564, 1.1549999713897705, 1.1519999504089355, 1.1519999504089355, 1.1480000019073486, 1.1440000534057617, 1.1440000534057617, 1.1390000581741333, 1.1369999647140503, 1.1339999437332153, 1.1460000276565552, 1.1490000486373901, 1.1410000324249268, 1.1349999904632568, 1.1299999952316284, 1.1230000257492065, 1.1230000257492065, 1.1319999694824219, 1.125, 1.1169999837875366, 1.1119999885559082, 1.1160000562667847, 1.121000051498413, 1.121999979019165, 1.1160000562667847, 1.1160000562667847, 1.1130000352859497, 1.1109999418258667, 1.1130000352859497, 1.1130000352859497, 1.0989999771118164, 1.0989999771118164, 1.0959999561309814, 1.0950000286102295, 1.0950000286102295, 1.0959999561309814, 1.1019999980926514, 1.0920000076293945, 1.090999960899353, 1.0870000123977661, 1.0859999656677246, 1.0850000381469727, 1.0850000381469727, 1.0829999446868896, 1.0829999446868896, 1.0800000429153442, 1.0740000009536743, 1.0740000009536743, 1.0700000524520874, 1.0640000104904175, 1.0640000104904175, 1.062999963760376, 1.059999942779541, 1.0609999895095825, 1.059000015258789, 1.059999942779541, 1.059000015258789, 1.0579999685287476, 1.0490000247955322, 1.0460000038146973, 1.0390000343322754, 1.0369999408721924, 1.0369999408721924, 1.0379999876022339, 1.0440000295639038, 1.0379999876022339, 1.034999966621399, 1.0299999713897705, 1.0269999504089355, 1.0240000486373901, 1.024999976158142, 1.0199999809265137, 1.0160000324249268, 1.0149999856948853, 1.0140000581741333, 1.0140000581741333, 1.0099999904632568, 1.0049999952316284, 1.0049999952316284, 1.00600004196167, 1.003999948501587, 0.9990000128746033, 0.9950000047683716, 0.9940000176429749, 0.9950000047683716, 0.9940000176429749, 0.9940000176429749, 0.9990000128746033, 0.9919999837875366, 0.9879999756813049, 0.9919999837875366, 0.9879999756813049, 0.9890000224113464, 0.9829999804496765, 0.9769999980926514, 0.9739999771118164, 0.9739999771118164, 0.9679999947547913, 0.9679999947547913, 0.9679999947547913, 0.9610000252723694, 0.9610000252723694, 0.9629999995231628, 0.9629999995231628, 0.9629999995231628, 0.9589999914169312, 0.9559999704360962, 0.9589999914169312, 0.9620000123977661, 0.9480000138282776, 0.9449999928474426, 0.9459999799728394, 0.9419999718666077, 0.9399999976158142, 0.9430000185966492, 0.9359999895095825, 0.9300000071525574, 0.9259999990463257, 0.9240000247955322, 0.9240000247955322, 0.9210000038146973, 0.9179999828338623, 0.9110000133514404, 0.9079999923706055, 0.9079999923706055, 0.9150000214576721, 0.9150000214576721, 0.9229999780654907, 0.9089999794960022, 0.8960000276565552, 0.8960000276565552, 0.8960000276565552, 0.8920000195503235, 0.8859999775886536, 0.8840000033378601, 0.8880000114440918, 0.8880000114440918, 0.8880000114440918, 0.8870000243186951, 0.878000020980835, 0.8740000128746033, 0.8740000128746033, 0.8759999871253967, 0.8769999742507935, 0.8769999742507935, 0.8769999742507935, 0.8700000047683716, 0.8629999756813049, 0.8610000014305115, 0.8539999723434448, 0.8569999933242798, 0.8510000109672546, 0.859000027179718, 0.8519999980926514, 0.8539999723434448, 0.8529999852180481, 0.8539999723434448, 0.8489999771118164, 0.8479999899864197, 0.8479999899864197, 0.8500000238418579, 0.847000002861023, 0.8399999737739563, 0.8389999866485596, 0.8389999866485596, 0.8389999866485596, 0.8389999866485596, 0.8370000123977661, 0.8270000219345093, 0.8230000138282776, 0.8230000138282776, 0.8230000138282776, 0.8199999928474426, 0.8140000104904175, 0.8119999766349792, 0.8119999766349792, 0.8140000104904175, 0.8119999766349792, 0.8069999814033508, 0.8109999895095825, 0.8050000071525574, 0.8059999942779541, 0.8029999732971191, 0.8029999732971191, 0.796999990940094, 0.7979999780654907, 0.7950000166893005, 0.7979999780654907, 0.7979999780654907, 0.7910000085830688, 0.7979999780654907, 0.7879999876022339, 0.777999997138977, 0.777999997138977, 0.7799999713897705, 0.7820000052452087, 0.7799999713897705, 0.7789999842643738, 0.7789999842643738, 0.7710000276565552, 0.7689999938011169, 0.7670000195503235, 0.7689999938011169, 0.765999972820282, 0.7620000243186951, 0.7580000162124634, 0.7559999823570251, 0.7609999775886536, 0.7620000243186951, 0.7630000114440918, 0.7590000033378601, 0.7459999918937683, 0.7450000047683716, 0.7429999709129333, 0.7429999709129333, 0.7450000047683716, 0.7509999871253967, 0.746999979019165, 0.7400000095367432, 0.7360000014305115, 0.7329999804496765, 0.7350000143051147, 0.7350000143051147, 0.7350000143051147, 0.7289999723434448, 0.7300000190734863, 0.7260000109672546, 0.7239999771118164, 0.7229999899864197, 0.7149999737739563, 0.7149999737739563, 0.7160000205039978, 0.7170000076293945, 0.7139999866485596, 0.7110000252723694, 0.7089999914169312, 0.7070000171661377, 0.7049999833106995, 0.7059999704360962, 0.7049999833106995, 0.703000009059906, 0.6990000009536743, 0.6949999928474426, 0.6980000138282776, 0.6940000057220459, 0.6940000057220459, 0.7009999752044678, 0.6909999847412109, 0.6880000233650208, 0.6859999895095825, 0.6859999895095825, 0.6800000071525574, 0.6800000071525574, 0.6800000071525574, 0.6779999732971191, 0.671999990940094, 0.6759999990463257, 0.6800000071525574, 0.675000011920929, 0.6700000166893005, 0.6690000295639038, 0.6679999828338623, 0.6669999957084656, 0.6679999828338623, 0.6650000214576721, 0.6620000004768372, 0.6660000085830688, 0.6729999780654907, 0.6710000038146973, 0.6660000085830688, 0.6589999794960022, 0.6549999713897705, 0.652999997138977, 0.6549999713897705, 0.6570000052452087, 0.6539999842643738, 0.6499999761581421, 0.6470000147819519, 0.6510000228881836, 0.656000018119812, 0.6489999890327454, 0.6449999809265137, 0.6449999809265137, 0.6449999809265137, 0.6449999809265137, 0.6389999985694885, 0.6370000243186951, 0.6359999775886536, 0.6359999775886536, 0.6389999985694885, 0.6439999938011169, 0.6330000162124634, 0.6299999952316284, 0.6299999952316284, 0.6299999952316284, 0.6330000162124634, 0.6309999823570251, 0.6240000128746033, 0.6140000224113464, 0.6140000224113464, 0.6159999966621399, 0.6159999966621399, 0.6159999966621399, 0.6179999709129333, 0.6190000176429749, 0.6150000095367432, 0.6150000095367432, 0.6129999756813049, 0.6129999756813049, 0.6209999918937683, 0.6200000047683716, 0.6169999837875366, 0.6119999885559082, 0.6069999933242798, 0.6129999756813049, 0.6110000014305115, 0.6100000143051147, 0.6010000109672546, 0.597000002861023, 0.5950000286102295, 0.5989999771118164, 0.5979999899864197, 0.5979999899864197, 0.5979999899864197, 0.5979999899864197, 0.5950000286102295, 0.593999981880188, 0.5929999947547913, 0.5920000076293945, 0.5879999995231628, 0.5889999866485596, 0.5839999914169312, 0.5820000171661377, 0.5910000205039978, 0.5899999737739563, 0.5870000123977661, 0.5860000252723694, 0.5860000252723694, 0.5799999833106995, 0.5839999914169312, 0.578000009059906, 0.574999988079071, 0.574999988079071, 0.574999988079071, 0.574999988079071, 0.578000009059906, 0.5730000138282776, 0.5669999718666077, 0.5690000057220459, 0.5720000267028809, 0.5740000009536743, 0.574999988079071, 0.5730000138282776, 0.5720000267028809, 0.5720000267028809, 0.5740000009536743, 0.5709999799728394, 0.5690000057220459, 0.5609999895095825, 0.5609999895095825, 0.5569999814033508, 0.5529999732971191, 0.5580000281333923, 0.5640000104904175, 0.5640000104904175, 0.5640000104904175, 0.5640000104904175, 0.5569999814033508, 0.5569999814033508, 0.5559999942779541, 0.5559999942779541, 0.5529999732971191, 0.550000011920929, 0.5490000247955322, 0.5490000247955322, 0.5479999780654907, 0.5490000247955322, 0.5519999861717224, 0.5529999732971191, 0.550000011920929, 0.5440000295639038, 0.5450000166893005, 0.546999990940094, 0.5450000166893005, 0.5450000166893005, 0.5379999876022339, 0.531000018119812, 0.5339999794960022, 0.5379999876022339, 0.5440000295639038, 0.5400000214576721, 0.5410000085830688, 0.5410000085830688, 0.5400000214576721, 0.5379999876022339, 0.5379999876022339, 0.5350000262260437, 0.5350000262260437, 0.5370000004768372, 0.5370000004768372, 0.5379999876022339, 0.5350000262260437, 0.5329999923706055, 0.531000018119812, 0.5189999938011169, 0.5230000019073486, 0.527999997138977, 0.5320000052452087, 0.5320000052452087, 0.5249999761581421, 0.5249999761581421, 0.5289999842643738, 0.5299999713897705, 0.531000018119812, 0.5299999713897705, 0.5289999842643738, 0.531000018119812, 0.531000018119812, 0.5299999713897705, 0.5260000228881836, 0.5210000276565552, 0.5220000147819519, 0.5329999923706055, 0.5329999923706055, 0.5239999890327454, 0.5239999890327454, 0.5239999890327454, 0.515999972820282, 0.5149999856948853, 0.515999972820282, 0.5239999890327454, 0.5239999890327454, 0.5189999938011169, 0.5210000276565552, 0.5139999985694885, 0.5189999938011169, 0.5180000066757202, 0.5149999856948853, 0.5149999856948853, 0.5180000066757202, 0.5220000147819519, 0.5270000100135803, 0.527999997138977, 0.5289999842643738, 0.5270000100135803, 0.515999972820282, 0.515999972820282, 0.5260000228881836, 0.5260000228881836, 0.5170000195503235, 0.5139999985694885, 0.5149999856948853, 0.5189999938011169, 0.5189999938011169, 0.5180000066757202, 0.5099999904632568, 0.5130000114440918, 0.5189999938011169, 0.5220000147819519, 0.5270000100135803, 0.515999972820282, 0.5180000066757202, 0.5139999985694885, 0.515999972820282, 0.5149999856948853, 0.5149999856948853, 0.5130000114440918, 0.5109999775886536, 0.5090000033378601, 0.5090000033378601, 0.5149999856948853, 0.5149999856948853, 0.5210000276565552, 0.5220000147819519, 0.5239999890327454, 0.5170000195503235, 0.5170000195503235, 0.5139999985694885, 0.5109999775886536, 0.5130000114440918, 0.5170000195503235, 0.5180000066757202, 0.5139999985694885, 0.5139999985694885, 0.5180000066757202, 0.5189999938011169, 0.5170000195503235, 0.5130000114440918, 0.5180000066757202, 0.5189999938011169, 0.5189999938011169, 0.5180000066757202, 0.5189999938011169, 0.5189999938011169, 0.5189999938011169, 0.5170000195503235, 0.5189999938011169, 0.5170000195503235, 0.5170000195503235, 0.5210000276565552, 0.5170000195503235, 0.5180000066757202, 0.5189999938011169, 0.5189999938011169, 0.515999972820282, 0.5180000066757202, 0.5199999809265137, 0.5239999890327454, 0.527999997138977, 0.5270000100135803, 0.527999997138977, 0.5199999809265137, 0.5249999761581421, 0.5289999842643738, 0.5289999842643738, 0.5350000262260437, 0.527999997138977, 0.5260000228881836, 0.5260000228881836, 0.5260000228881836, 0.5289999842643738, 0.5370000004768372, 0.5379999876022339, 0.5350000262260437, 0.531000018119812, 0.5299999713897705, 0.527999997138977, 0.5339999794960022, 0.5389999747276306, 0.5379999876022339, 0.5370000004768372, 0.5320000052452087, 0.5329999923706055, 0.5379999876022339, 0.5379999876022339, 0.5410000085830688, 0.5540000200271606, 0.546999990940094, 0.5400000214576721, 0.5509999990463257, 0.5519999861717224, 0.5519999861717224, 0.5479999780654907, 0.546999990940094, 0.5529999732971191, 0.5509999990463257, 0.5519999861717224, 0.5529999732971191, 0.5509999990463257, 0.5529999732971191, 0.5519999861717224, 0.5479999780654907, 0.5479999780654907, 0.5600000023841858, 0.5619999766349792, 0.5600000023841858, 0.5690000057220459, 0.5659999847412109, 0.5659999847412109, 0.5649999976158142, 0.5649999976158142, 0.5680000185966492, 0.5680000185966492, 0.5690000057220459, 0.5690000057220459, 0.5699999928474426, 0.5680000185966492, 0.5659999847412109, 0.5649999976158142, 0.5669999718666077, 0.5720000267028809, 0.574999988079071, 0.574999988079071, 0.5709999799728394, 0.5709999799728394, 0.5789999961853027, 0.5809999704360962, 0.5830000042915344, 0.5799999833106995, 0.5789999961853027, 0.5789999961853027, 0.5899999737739563, 0.5709999799728394, 0.5730000138282776, 0.5759999752044678, 0.5799999833106995, 0.5799999833106995, 0.5830000042915344, 0.5860000252723694, 0.5889999866485596, 0.5960000157356262, 0.5920000076293945, 0.5889999866485596, 0.5889999866485596, 0.597000002861023, 0.597000002861023, 0.593999981880188, 0.5989999771118164, 0.5989999771118164, 0.5989999771118164, 0.6029999852180481, 0.609000027179718, 0.609000027179718, 0.609000027179718, 0.6019999980926514, 0.5989999771118164, 0.6060000061988831, 0.6050000190734863, 0.6060000061988831, 0.6019999980926514, 0.6060000061988831, 0.6060000061988831, 0.6060000061988831, 0.6069999933242798, 0.6140000224113464, 0.6150000095367432, 0.621999979019165, 0.6299999952316284, 0.6349999904632568, 0.6349999904632568, 0.6309999823570251, 0.6309999823570251, 0.6439999938011169, 0.6470000147819519, 0.6480000019073486, 0.6480000019073486, 0.6579999923706055, 0.6589999794960022, 0.6579999923706055, 0.6579999923706055, 0.6639999747276306, 0.6639999747276306, 0.6629999876022339, 0.6620000004768372]
intensities: [1094.0, 1131.0, 1103.0, 1130.0, 1166.0, 1183.0, 1251.0, 1317.0, 1305.0, 1335.0, 1379.0, 1384.0, 1366.0, 1305.0, 1276.0, 1156.0, 1126.0, 974.0, 843.0, 798.0, 956.0, 987.0, 1062.0, 1101.0, 1079.0, 1073.0, 1073.0, 1017.0, 1038.0, 1109.0, 1118.0, 1168.0, 1286.0, 1388.0, 1403.0, 1487.0, 1493.0, 1544.0, 1544.0, 1542.0, 1544.0, 1547.0, 1562.0, 1596.0, 1616.0, 1598.0, 1577.0, 1586.0, 1605.0, 1609.0, 1611.0, 1620.0, 1592.0, 1602.0, 1611.0, 1604.0, 1604.0, 1596.0, 1566.0, 1578.0, 1567.0, 1587.0, 1595.0, 1590.0, 1575.0, 1589.0, 1595.0, 1592.0, 1576.0, 1580.0, 1588.0, 1600.0, 1600.0, 1566.0, 1566.0, 1567.0, 1577.0, 1576.0, 1568.0, 1564.0, 1551.0, 1578.0, 1551.0, 1554.0, 1566.0, 1559.0, 1575.0, 1551.0, 1552.0, 1536.0, 1536.0, 1532.0, 1550.0, 1530.0, 1526.0, 1518.0, 1510.0, 1511.0, 1517.0, 1523.0, 1529.0, 1530.0, 1519.0, 1518.0, 1514.0, 1512.0, 1514.0, 1507.0, 1507.0, 1511.0, 1510.0, 1493.0, 1502.0, 1495.0, 1516.0, 1485.0, 1482.0, 1482.0, 1504.0, 1496.0, 1482.0, 1467.0, 1465.0, 1468.0, 1462.0, 1462.0, 1447.0, 1463.0, 1444.0, 1445.0, 1448.0, 1451.0, 1442.0, 1440.0, 1440.0, 1415.0, 1435.0, 1449.0, 1436.0, 1427.0, 1427.0, 1418.0, 1407.0, 1400.0, 1381.0, 1379.0, 1379.0, 1381.0, 1371.0, 1371.0, 1372.0, 1374.0, 1359.0, 1367.0, 1338.0, 1338.0, 1329.0, 1318.0, 1332.0, 1344.0, 1339.0, 1350.0, 1336.0, 1329.0, 1320.0, 1324.0, 1347.0, 1335.0, 1329.0, 1335.0, 1327.0, 1335.0, 1323.0, 1318.0, 1314.0, 1272.0, 1285.0, 1287.0, 1272.0, 1287.0, 1271.0, 1272.0, 1267.0, 1263.0, 1261.0, 1261.0, 1256.0, 1250.0, 1250.0, 1252.0, 1236.0, 1231.0, 1219.0, 1211.0, 1222.0, 1227.0, 1234.0, 1233.0, 1216.0, 1216.0, 1225.0, 1219.0, 1203.0, 1227.0, 1195.0, 1192.0, 1183.0, 1174.0, 1170.0, 1175.0, 1172.0, 1162.0, 1155.0, 1143.0, 1156.0, 1151.0, 1127.0, 1140.0, 1131.0, 1131.0, 1153.0, 1146.0, 1142.0, 1125.0, 1112.0, 1112.0, 1123.0, 1112.0, 1109.0, 1102.0, 1103.0, 1117.0, 1086.0, 1089.0, 1091.0, 1087.0, 1097.0, 1107.0, 1107.0, 1103.0, 1107.0, 1106.0, 1093.0, 1098.0, 1082.0, 1065.0, 1059.0, 1050.0, 1023.0, 1022.0, 1019.0, 1010.0, 989.0, 969.0, 969.0, 887.0, 687.0, 456.0, 146.0, 918.0, 915.0, 923.0, 925.0, 911.0, 912.0, 916.0, 908.0, 908.0, 912.0, 913.0, 915.0, 919.0, 916.0, 912.0, 918.0, 910.0, 918.0, 916.0, 913.0, 919.0, 921.0, 913.0, 912.0, 913.0, 900.0, 895.0, 901.0, 897.0, 901.0, 910.0, 895.0, 898.0, 898.0, 896.0, 885.0, 883.0, 882.0, 875.0, 886.0, 903.0, 907.0, 900.0, 906.0, 899.0, 895.0, 902.0, 924.0, 939.0, 946.0, 939.0, 927.0, 934.0, 927.0, 926.0, 924.0, 929.0, 936.0, 924.0, 924.0, 933.0, 941.0, 926.0, 937.0, 951.0, 945.0, 951.0, 950.0, 953.0, 948.0, 954.0, 961.0, 988.0, 967.0, 1000.0, 1011.0, 1012.0, 986.0, 983.0, 980.0, 977.0, 977.0, 986.0, 979.0, 993.0, 997.0, 997.0, 1007.0, 1007.0, 1009.0, 1025.0, 1010.0, 1027.0, 1029.0, 1043.0, 1044.0, 1048.0, 1052.0, 1059.0, 1062.0, 1061.0, 1064.0, 1075.0, 1070.0, 1078.0, 1075.0, 1080.0, 1088.0, 1095.0, 1090.0, 1103.0, 1107.0, 1100.0, 1101.0, 1111.0, 1112.0, 1104.0, 1121.0, 1111.0, 1125.0, 1113.0, 1122.0, 1113.0, 1074.0, 1094.0, 1084.0, 1103.0, 1090.0, 1078.0, 1087.0, 1082.0, 1109.0, 1115.0, 1106.0, 1106.0, 1102.0, 1119.0, 1114.0, 1122.0, 1132.0, 1114.0, 1118.0, 1128.0, 1113.0, 1117.0, 1118.0, 1118.0, 1122.0, 1123.0, 1122.0, 1123.0, 1136.0, 1126.0, 1132.0, 1132.0, 1137.0, 1136.0, 1136.0, 1151.0, 1126.0, 1127.0, 1127.0, 1131.0, 1133.0, 1125.0, 1137.0, 1135.0, 1145.0, 1154.0, 1156.0, 1166.0, 1197.0, 1211.0, 1226.0, 1229.0, 1236.0, 1240.0, 1240.0, 1261.0, 1278.0, 1288.0, 1288.0, 1282.0, 1283.0, 1300.0, 1285.0, 1316.0, 1316.0, 1312.0, 1317.0, 1317.0, 1317.0, 1313.0, 1323.0, 1323.0, 1318.0, 1314.0, 1310.0, 1343.0, 1355.0, 1358.0, 1344.0, 1353.0, 1358.0, 1358.0, 1372.0, 1382.0, 1377.0, 1365.0, 1361.0, 1362.0, 1382.0, 1393.0, 1379.0, 1366.0, 1366.0, 1374.0, 1380.0, 1389.0, 1389.0, 1396.0, 1397.0, 1391.0, 1384.0, 1389.0, 1391.0, 1400.0, 1389.0, 1394.0, 1400.0, 1400.0, 1403.0, 1394.0, 1414.0, 1410.0, 1398.0, 1400.0, 1392.0, 1395.0, 1392.0, 1395.0, 1401.0, 1395.0, 1400.0, 1407.0, 1401.0, 1398.0, 1400.0, 1403.0, 1410.0, 1410.0, 1400.0, 1396.0, 1395.0, 1414.0, 1412.0, 1405.0, 1402.0, 1419.0, 1412.0, 1417.0, 1422.0, 1408.0, 1410.0, 1417.0, 1414.0, 1418.0, 1412.0, 1404.0, 1427.0, 1434.0, 1427.0, 1422.0, 1426.0, 1417.0, 1422.0, 1426.0, 1427.0, 1436.0, 1429.0, 1432.0, 1437.0, 1425.0, 1425.0, 1425.0, 1450.0, 1450.0, 1448.0, 1438.0, 1439.0, 1437.0, 1437.0, 1443.0, 1442.0, 1459.0, 1458.0, 1456.0, 1458.0, 1455.0, 1457.0, 1462.0, 1452.0, 1482.0, 1468.0, 1472.0, 1472.0, 1471.0, 1479.0, 1480.0, 1479.0, 1483.0, 1479.0, 1470.0, 1492.0, 1492.0, 1495.0, 1488.0, 1493.0, 1493.0, 1484.0, 1492.0, 1495.0, 1494.0, 1503.0, 1503.0, 1498.0, 1495.0, 1482.0, 1489.0, 1494.0, 1504.0, 1509.0, 1509.0, 1508.0, 1508.0, 1501.0, 1493.0, 1484.0, 1476.0, 1492.0, 1497.0, 1502.0, 1491.0, 1494.0, 1505.0, 1514.0, 1508.0, 1519.0, 1519.0, 1511.0, 1520.0, 1522.0, 1531.0, 1533.0, 1533.0, 1556.0, 1529.0, 1545.0, 1545.0, 1545.0, 1545.0, 1535.0, 1536.0, 1531.0, 1538.0, 1536.0, 1549.0, 1554.0, 1545.0, 1558.0, 1566.0, 1558.0, 1561.0, 1568.0, 1569.0, 1568.0, 1575.0, 1591.0, 1572.0, 1577.0, 1580.0, 1580.0, 1585.0, 1570.0, 1573.0, 1581.0, 1582.0, 1585.0, 1586.0, 1587.0, 1603.0, 1601.0, 1596.0, 1589.0, 1594.0, 1592.0, 1605.0, 1603.0, 1618.0, 1611.0, 1618.0, 1623.0, 1622.0, 1618.0, 1615.0, 1627.0, 1627.0, 1627.0, 1627.0, 1629.0, 1629.0, 1629.0, 1631.0, 1629.0, 1628.0, 1628.0, 1618.0, 1636.0, 1643.0, 1648.0, 1642.0, 1636.0, 1631.0, 1626.0, 1638.0, 1639.0, 1641.0, 1643.0, 1644.0, 1644.0, 1643.0, 1644.0, 1645.0, 1645.0, 1618.0, 1645.0, 1645.0, 1647.0, 1656.0, 1653.0, 1656.0, 1657.0, 1650.0, 1656.0, 1657.0, 1659.0, 1655.0, 1657.0, 1674.0, 1655.0, 1659.0, 1664.0, 1665.0, 1660.0, 1663.0, 1664.0, 1669.0, 1665.0, 1665.0, 1666.0, 1677.0, 1680.0, 1673.0, 1668.0, 1667.0, 1675.0, 1671.0, 1669.0, 1677.0, 1672.0, 1670.0, 1669.0, 1666.0, 1671.0, 1664.0, 1672.0, 1672.0, 1668.0, 1663.0, 1674.0, 1666.0, 1668.0, 1663.0, 1673.0, 1658.0, 1663.0, 1656.0, 1654.0, 1653.0, 1665.0, 1678.0, 1659.0, 1657.0, 1662.0, 1665.0, 1659.0, 1659.0, 1659.0, 1657.0, 1669.0, 1679.0, 1680.0, 1656.0, 1648.0, 1649.0, 1665.0, 1654.0, 1657.0, 1668.0, 1655.0, 1641.0, 1654.0, 1653.0, 1596.0, 1607.0, 1637.0, 1639.0, 1638.0, 1624.0, 1640.0, 1646.0, 1612.0, 1614.0, 1610.0, 1601.0, 1614.0, 1612.0, 1623.0, 1621.0, 1626.0, 1622.0, 1628.0, 1622.0, 1626.0, 1614.0, 1613.0, 1619.0, 1617.0, 1597.0, 1613.0, 1615.0, 1617.0, 1591.0, 1586.0, 1578.0, 1586.0, 1577.0, 1588.0, 1586.0, 1590.0, 1587.0, 1578.0, 1569.0, 1557.0, 1557.0, 1558.0, 1566.0, 1567.0, 1574.0, 1564.0, 1559.0, 1556.0, 1553.0, 1567.0, 1556.0, 1553.0, 1559.0, 1556.0, 1548.0, 1563.0, 1539.0, 1518.0, 1520.0, 1537.0, 1526.0, 1508.0, 1511.0, 1521.0, 1501.0, 1493.0, 1504.0, 1480.0, 1496.0, 1503.0, 1493.0, 1477.0, 1471.0, 1471.0, 1487.0, 1482.0, 1482.0, 1501.0, 1478.0, 1470.0, 1477.0, 1466.0, 1458.0, 1458.0, 1458.0, 1453.0, 1453.0, 1447.0, 1459.0, 1453.0, 1449.0, 1444.0, 1447.0, 1449.0, 1444.0, 1434.0, 1423.0, 1431.0, 1425.0, 1419.0, 1415.0, 1406.0, 1411.0, 1406.0, 1417.0, 1417.0, 1410.0, 1403.0, 1399.0, 1393.0, 1379.0, 1383.0, 1393.0, 1398.0, 1393.0, 1381.0, 1378.0, 1381.0, 1381.0, 1362.0, 1362.0, 1370.0, 1370.0, 1371.0, 1368.0, 1382.0, 1351.0, 1351.0, 1341.0, 1349.0, 1345.0, 1346.0, 1342.0, 1362.0, 1335.0, 1337.0, 1339.0, 1339.0, 1348.0, 1334.0, 1302.0, 1308.0, 1320.0, 1318.0, 1320.0, 1307.0, 1319.0, 1319.0, 1304.0, 1304.0, 1304.0, 1310.0, 1303.0, 1311.0, 1303.0, 1304.0, 1309.0, 1309.0, 1304.0, 1297.0, 1292.0, 1302.0, 1299.0, 1291.0, 1291.0, 1285.0, 1291.0, 1291.0, 1282.0, 1277.0, 1288.0, 1273.0, 1278.0, 1270.0, 1276.0, 1269.0, 1272.0, 1274.0, 1265.0, 1280.0, 1272.0, 1268.0, 1272.0, 1264.0, 1274.0, 1251.0, 1274.0, 1280.0, 1281.0, 1286.0, 1274.0, 1282.0, 1282.0, 1275.0, 1267.0, 1271.0, 1289.0, 1297.0, 1279.0, 1279.0, 1275.0, 1278.0, 1292.0, 1300.0, 1296.0, 1289.0, 1286.0, 1284.0, 1284.0, 1286.0, 1303.0, 1299.0, 1295.0, 1305.0, 1317.0, 1307.0, 1316.0, 1318.0, 1326.0, 1296.0, 1315.0, 1330.0, 1325.0, 1326.0, 1348.0, 1321.0, 1321.0, 1330.0, 1336.0, 1319.0, 1346.0, 1358.0, 1358.0, 1348.0, 1347.0, 1350.0, 1350.0, 1360.0, 1351.0, 1347.0, 1352.0, 1363.0, 1361.0, 1368.0, 1357.0, 1347.0, 1347.0, 1379.0, 1371.0, 1372.0, 1380.0, 1375.0, 1366.0, 1370.0, 1370.0, 1371.0, 1382.0, 1367.0, 1388.0, 1387.0, 1371.0, 1390.0, 1389.0, 1406.0, 1385.0, 1416.0, 1389.0, 1389.0, 1410.0, 1404.0, 1409.0, 1405.0, 1405.0, 1414.0, 1426.0, 1424.0, 1424.0, 1426.0, 1426.0, 1426.0, 1411.0, 1408.0, 1423.0, 1424.0, 1419.0, 1417.0, 1420.0, 1401.0, 1393.0, 1408.0, 1409.0, 1413.0, 1403.0, 1403.0, 1409.0, 1404.0, 1380.0, 1402.0, 1387.0, 1387.0, 1374.0, 1346.0, 1344.0, 1338.0, 1376.0, 1371.0, 1368.0, 1360.0]