header: 
  seq: 2656
  stamp: 
    secs: 1548820823
    nsecs: 617702183
  frame_id: "base_link"
angle_min: -2.35619449615
angle_max: 2.35619449615
angle_increment: 0.00436332309619
time_increment: 1.73611151695e-05
scan_time: 0.0250000003725
range_min: 0.019999999553
range_max: 30.0
ranges: [0.4129999876022339, 0.41499999165534973, 0.4169999957084656, 0.4099999964237213, 0.4169999957084656, 0.421999990940094, 0.42100000381469727, 0.414000004529953, 0.41600000858306885, 0.4169999957084656, 0.41600000858306885, 0.4090000092983246, 0.4020000100135803, 0.39899998903274536, 0.3930000066757202, 0.3930000066757202, 0.3490000069141388, 0.33500000834465027, 0.33000001311302185, 0.3240000009536743, 0.3840000033378601, 0.39399999380111694, 0.4000000059604645, 0.4020000100135803, 0.40700000524520874, 0.4090000092983246, 0.4090000092983246, 0.40400001406669617, 0.38600000739097595, 0.4050000011920929, 0.40400001406669617, 0.39800000190734863, 0.4000000059604645, 0.3970000147819519, 0.39500001072883606, 0.39899998903274536, 0.4020000100135803, 0.3970000147819519, 0.3889999985694885, 0.39399999380111694, 0.39399999380111694, 0.3930000066757202, 0.3869999945163727, 0.38600000739097595, 0.3970000147819519, 0.39500001072883606, 0.3919999897480011, 0.3919999897480011, 0.3919999897480011, 0.3919999897480011, 0.3880000114440918, 0.382999986410141, 0.382999986410141, 0.3869999945163727, 0.38999998569488525, 0.38499999046325684, 0.38100001215934753, 0.3799999952316284, 0.3779999911785126, 0.3840000033378601, 0.3790000081062317, 0.3790000081062317, 0.37700000405311584, 0.37700000405311584, 0.3799999952316284, 0.37599998712539673, 0.3779999911785126, 0.375, 0.38199999928474426, 0.37700000405311584, 0.38199999928474426, 0.375, 0.37599998712539673, 0.37599998712539673, 0.38100001215934753, 0.375, 0.3709999918937683, 0.37299999594688416, 0.3700000047683716, 0.36899998784065247, 0.3659999966621399, 0.37700000405311584, 0.37400001287460327, 0.37400001287460327, 0.3709999918937683, 0.36899998784065247, 0.37299999594688416, 0.37299999594688416, 0.3700000047683716, 0.36399999260902405, 0.36500000953674316, 0.36500000953674316, 0.36500000953674316, 0.36899998784065247, 0.36899998784065247, 0.36899998784065247, 0.37299999594688416, 0.37299999594688416, 0.36899998784065247, 0.36000001430511475, 0.35899999737739563, 0.3630000054836273, 0.36500000953674316, 0.36399999260902405, 0.36399999260902405, 0.36399999260902405, 0.36500000953674316, 0.36500000953674316, 0.3619999885559082, 0.3659999966621399, 0.3630000054836273, 0.3630000054836273, 0.35899999737739563, 0.3610000014305115, 0.36399999260902405, 0.36399999260902405, 0.3630000054836273, 0.3610000014305115, 0.36000001430511475, 0.35899999737739563, 0.35899999737739563, 0.3580000102519989, 0.35600000619888306, 0.35899999737739563, 0.3619999885559082, 0.3619999885559082, 0.3619999885559082, 0.3569999933242798, 0.35499998927116394, 0.3540000021457672, 0.36000001430511475, 0.3630000054836273, 0.3619999885559082, 0.3619999885559082, 0.36000001430511475, 0.35899999737739563, 0.3569999933242798, 0.36000001430511475, 0.3580000102519989, 0.3580000102519989, 0.3580000102519989, 0.3540000021457672, 0.3540000021457672, 0.35600000619888306, 0.3569999933242798, 0.3540000021457672, 0.35100001096725464, 0.3499999940395355, 0.3540000021457672, 0.3580000102519989, 0.35600000619888306, 0.3529999852180481, 0.35600000619888306, 0.3580000102519989, 0.3499999940395355, 0.35100001096725464, 0.3499999940395355, 0.35100001096725464, 0.3529999852180481, 0.35499998927116394, 0.3630000054836273, 0.3490000069141388, 0.3490000069141388, 0.3499999940395355, 0.35199999809265137, 0.35199999809265137, 0.35100001096725464, 0.3569999933242798, 0.3540000021457672, 0.35499998927116394, 0.3580000102519989, 0.36000001430511475, 0.35100001096725464, 0.3440000116825104, 0.33899998664855957, 0.34200000762939453, 0.34599998593330383, 0.3449999988079071, 0.34299999475479126, 0.3400000035762787, 0.33799999952316284, 0.33899998664855957, 0.3400000035762787, 0.34200000762939453, 0.3499999940395355, 0.3499999940395355, 0.3479999899864197, 0.3479999899864197, 0.3479999899864197, 0.3490000069141388, 0.3479999899864197, 0.34599998593330383, 0.3479999899864197, 0.3499999940395355, 0.3479999899864197, 0.3479999899864197, 0.3449999988079071, 0.35100001096725464, 0.3449999988079071, 0.3440000116825104, 0.3400000035762787, 0.34200000762939453, 0.3440000116825104, 0.3449999988079071, 0.3440000116825104, 0.34299999475479126, 0.34299999475479126, 0.35100001096725464, 0.34599998593330383, 0.3449999988079071, 0.34700000286102295, 0.3449999988079071, 0.3440000116825104, 0.3449999988079071, 0.34599998593330383, 0.3440000116825104, 0.3440000116825104, 0.34599998593330383, 0.34599998593330383, 0.34700000286102295, 0.3499999940395355, 0.3490000069141388, 0.3490000069141388, 0.35100001096725464, 0.3529999852180481, 0.35100001096725464, 0.3529999852180481, 0.35499998927116394, 0.3580000102519989, 0.3540000021457672, 0.3490000069141388, 0.3499999940395355, 0.35499998927116394, 0.3580000102519989, 0.3610000014305115, 0.36000001430511475, 0.35899999737739563, 0.35600000619888306, 0.35600000619888306, 0.35600000619888306, 0.3569999933242798, 0.3630000054836273, 0.3619999885559082, 0.35199999809265137, 0.35199999809265137, 0.36000001430511475, 0.36000001430511475, 0.3610000014305115, 0.3610000014305115, 0.36000001430511475, 0.36399999260902405, 0.36399999260902405, 0.367000013589859, 0.367000013589859, 0.3659999966621399, 0.3700000047683716, 0.37400001287460327, 0.37400001287460327, 0.37299999594688416, 0.3659999966621399, 0.36800000071525574, 0.3709999918937683, 0.375, 0.375, 0.375, 0.3700000047683716, 0.3700000047683716, 0.3709999918937683, 0.37599998712539673, 0.38199999928474426, 0.3840000033378601, 0.38199999928474426, 0.38499999046325684, 0.38600000739097595, 0.3919999897480011, 0.3889999985694885, 0.38499999046325684, 0.3880000114440918, 0.38999998569488525, 0.39100000262260437, 0.3919999897480011, 0.39399999380111694, 0.40400001406669617, 0.4020000100135803, 0.40299999713897705, 0.4050000011920929, 0.40299999713897705, 0.4000000059604645, 0.40400001406669617, 0.41100001335144043, 0.41200000047683716, 0.41200000047683716, 0.41200000047683716, 0.41200000047683716, 0.4300000071525574, 0.4300000071525574, 0.4300000071525574, 0.4259999990463257, 0.42800000309944153, 0.44200000166893005, 0.45500001311302185, 0.4659999907016754, 0.45500001311302185, 0.45399999618530273, 0.4620000123977661, 0.47099998593330383, 0.4819999933242798, 0.5360000133514404, 0.5759999752044678, 0.5040000081062317, 2.816999912261963, 2.815000057220459, 2.812000036239624, 2.7899999618530273, 2.7839999198913574, 2.7699999809265137, 2.7639999389648438, 2.746000051498413, 2.740000009536743, 2.7330000400543213, 2.7019999027252197, 2.684000015258789, 2.677999973297119, 2.6610000133514404, 2.6470000743865967, 2.6410000324249268, 2.625999927520752, 2.615999937057495, 2.5929999351501465, 2.578000068664551, 2.552999973297119, 2.5380001068115234, 2.5220000743865967, 2.490000009536743, 2.4769999980926514, 2.4579999446868896, 2.443000078201294, 2.4040000438690186, 2.3929998874664307, 2.378999948501587, 2.3510000705718994, 2.3299999237060547, 2.315000057220459, 2.296999931335449, 2.2829999923706055, 2.25600004196167, 2.240999937057495, 2.2219998836517334, 2.2079999446868896, 2.193000078201294, 2.1670000553131104, 2.1570000648498535, 2.1389999389648438, 2.130000114440918, 2.1059999465942383, 2.0889999866485596, 2.0789999961853027, 2.068000078201294, 2.052999973297119, 2.0369999408721924, 2.0320000648498535, 2.013000011444092, 1.9950000047683716, 1.9830000400543213, 1.975000023841858, 1.9539999961853027, 1.940000057220459, 1.934000015258789, 1.9220000505447388, 1.9119999408721924, 1.8990000486373901, 1.8819999694824219, 1.8680000305175781, 1.8609999418258667, 1.843999981880188, 1.8300000429153442, 1.8200000524520874, 1.809000015258789, 1.809000015258789, 1.7940000295639038, 1.781999945640564, 1.7660000324249268, 1.7549999952316284, 1.7549999952316284, 1.7419999837875366, 1.7359999418258667, 1.7259999513626099, 1.7130000591278076, 1.6979999542236328, 1.684999942779541, 1.6829999685287476, 1.6770000457763672, 1.6660000085830688, 1.6540000438690186, 1.6399999856948853, 1.6299999952316284, 1.621999979019165, 1.6180000305175781, 1.6119999885559082, 1.6039999723434448, 1.597000002861023, 1.5889999866485596, 1.5750000476837158, 1.5709999799728394, 1.562999963760376, 1.5520000457763672, 1.5520000457763672, 1.5520000457763672, 1.5440000295639038, 1.527999997138977, 1.5149999856948853, 1.5130000114440918, 1.5130000114440918, 1.5130000114440918, 1.5069999694824219, 1.4980000257492065, 1.496000051498413, 1.4819999933242798, 1.4769999980926514, 1.4700000286102295, 1.4620000123977661, 1.4579999446868896, 1.4550000429153442, 1.4479999542236328, 1.437000036239624, 1.4259999990463257, 1.4149999618530273, 1.4140000343322754, 1.4149999618530273, 1.4110000133514404, 1.402999997138977, 1.3910000324249268, 1.3890000581741333, 1.3860000371932983, 1.3869999647140503, 1.378999948501587, 1.375, 1.3600000143051147, 1.347000002861023, 1.3459999561309814, 1.343000054359436, 1.343999981880188, 1.340999960899353, 1.340999960899353, 1.3320000171661377, 1.3309999704360962, 1.3259999752044678, 1.3220000267028809, 1.315999984741211, 1.3109999895095825, 1.3109999895095825, 1.305999994277954, 1.2999999523162842, 1.2960000038146973, 1.2899999618530273, 1.2899999618530273, 1.2860000133514404, 1.284000039100647, 1.284999966621399, 1.2790000438690186, 1.2769999504089355, 1.2730000019073486, 1.2680000066757202, 1.2630000114440918, 1.2660000324249268, 1.2699999809265137, 1.2669999599456787, 1.2640000581741333, 1.2580000162124634, 1.2549999952316284, 1.2510000467300415, 1.2480000257492065, 1.2410000562667847, 1.2410000562667847, 1.2389999628067017, 1.2309999465942383, 1.2280000448226929, 1.2280000448226929, 1.2280000448226929, 1.225000023841858, 1.218999981880188, 1.215000033378601, 1.2139999866485596, 1.2139999866485596, 1.2120000123977661, 1.2000000476837158, 1.2050000429153442, 1.2039999961853027, 1.2100000381469727, 1.2100000381469727, 1.1920000314712524, 1.190000057220459, 1.194000005722046, 1.194000005722046, 1.180999994277954, 1.1799999475479126, 1.1790000200271606, 1.1799999475479126, 1.1729999780654907, 1.1770000457763672, 1.1679999828338623, 1.1619999408721924, 1.1640000343322754, 1.1610000133514404, 1.156999945640564, 1.156999945640564, 1.1449999809265137, 1.1390000581741333, 1.1410000324249268, 1.1460000276565552, 1.1419999599456787, 1.1410000324249268, 1.1410000324249268, 1.1369999647140503, 1.1330000162124634, 1.1319999694824219, 1.128999948501587, 1.128999948501587, 1.1230000257492065, 1.11899995803833, 1.1200000047683716, 1.121999979019165, 1.1200000047683716, 1.1139999628067017, 1.1119999885559082, 1.1130000352859497, 1.1130000352859497, 1.1109999418258667, 1.1080000400543213, 1.097000002861023, 1.097000002861023, 1.1059999465942383, 1.1059999465942383, 1.0950000286102295, 1.0989999771118164, 1.093999981880188, 1.093999981880188, 1.0859999656677246, 1.0800000429153442, 1.0800000429153442, 1.0789999961853027, 1.0759999752044678, 1.0759999752044678, 1.0789999961853027, 1.0770000219345093, 1.0720000267028809, 1.0700000524520874, 1.0640000104904175, 1.065000057220459, 1.0609999895095825, 1.062000036239624, 1.0670000314712524, 1.0609999895095825, 1.0579999685287476, 1.0509999990463257, 1.0499999523162842, 1.0509999990463257, 1.0429999828338623, 1.0379999876022339, 1.034000039100647, 1.0329999923706055, 1.0329999923706055, 1.0329999923706055, 1.0290000438690186, 1.0210000276565552, 1.0210000276565552, 1.0149999856948853, 1.0160000324249268, 1.0080000162124634, 1.0099999904632568, 1.0099999904632568, 1.00600004196167, 1.0080000162124634, 1.0089999437332153, 1.003999948501587, 0.9940000176429749, 0.9929999709129333, 0.9929999709129333, 0.9829999804496765, 0.9850000143051147, 0.9860000014305115, 0.9829999804496765, 0.9819999933242798, 0.9819999933242798, 0.9750000238418579, 0.9710000157356262, 0.9710000157356262, 0.9710000157356262, 0.9649999737739563, 0.9580000042915344, 0.9589999914169312, 0.9570000171661377, 0.9490000009536743, 0.9490000009536743, 0.9589999914169312, 0.953000009059906, 0.9409999847412109, 0.9409999847412109, 0.9449999928474426, 0.9449999928474426, 0.9449999928474426, 0.9390000104904175, 0.9380000233650208, 0.9359999895095825, 0.9390000104904175, 0.9380000233650208, 0.9359999895095825, 0.9330000281333923, 0.9319999814033508, 0.9160000085830688, 0.9169999957084656, 0.9160000085830688, 0.9129999876022339, 0.9139999747276306, 0.9100000262260437, 0.9089999794960022, 0.902999997138977, 0.9010000228881836, 0.8999999761581421, 0.8999999761581421, 0.8889999985694885, 0.8809999823570251, 0.8799999952316284, 0.8809999823570251, 0.8830000162124634, 0.8759999871253967, 0.8790000081062317, 0.8809999823570251, 0.8790000081062317, 0.8759999871253967, 0.8740000128746033, 0.8700000047683716, 0.8600000143051147, 0.8619999885559082, 0.8640000224113464, 0.8610000014305115, 0.8519999980926514, 0.8550000190734863, 0.8550000190734863, 0.8510000109672546, 0.8479999899864197, 0.8489999771118164, 0.8529999852180481, 0.8479999899864197, 0.8479999899864197, 0.843999981880188, 0.843999981880188, 0.8349999785423279, 0.8289999961853027, 0.8320000171661377, 0.8330000042915344, 0.8410000205039978, 0.8339999914169312, 0.8220000267028809, 0.8199999928474426, 0.8149999976158142, 0.8109999895095825, 0.8109999895095825, 0.8059999942779541, 0.8069999814033508, 0.7979999780654907, 0.796999990940094, 0.7950000166893005, 0.7929999828338623, 0.7929999828338623, 0.800000011920929, 0.7979999780654907, 0.7879999876022339, 0.7860000133514404, 0.7860000133514404, 0.7860000133514404, 0.7789999842643738, 0.7770000100135803, 0.777999997138977, 0.7760000228881836, 0.7749999761581421, 0.7730000019073486, 0.7639999985694885, 0.7649999856948853, 0.7620000243186951, 0.7620000243186951, 0.7590000033378601, 0.7540000081062317, 0.7540000081062317, 0.7540000081062317, 0.7570000290870667, 0.7509999871253967, 0.7519999742507935, 0.746999979019165, 0.7409999966621399, 0.7379999756813049, 0.7409999966621399, 0.7390000224113464, 0.7260000109672546, 0.7250000238418579, 0.7229999899864197, 0.7239999771118164, 0.722000002861023, 0.718999981880188, 0.7200000286102295, 0.718999981880188, 0.7170000076293945, 0.7129999995231628, 0.703000009059906, 0.7049999833106995, 0.7020000219345093, 0.7049999833106995, 0.7049999833106995, 0.6940000057220459, 0.6930000185966492, 0.6930000185966492, 0.6959999799728394, 0.6949999928474426, 0.6919999718666077, 0.6899999976158142, 0.6869999766349792, 0.6850000023841858, 0.6850000023841858, 0.6830000281333923, 0.6800000071525574, 0.6759999990463257, 0.671999990940094, 0.671999990940094, 0.6759999990463257, 0.671999990940094, 0.6690000295639038, 0.6650000214576721, 0.6669999957084656, 0.6669999957084656, 0.6669999957084656, 0.6669999957084656, 0.6669999957084656, 0.6620000004768372, 0.6589999794960022, 0.6570000052452087, 0.656000018119812, 0.6520000100135803, 0.6520000100135803, 0.6539999842643738, 0.6510000228881836, 0.6460000276565552, 0.6449999809265137, 0.6480000019073486, 0.6439999938011169, 0.6399999856948853, 0.6399999856948853, 0.6370000243186951, 0.6370000243186951, 0.6349999904632568, 0.6340000033378601, 0.6340000033378601, 0.6359999775886536, 0.6290000081062317, 0.625, 0.6269999742507935, 0.6309999823570251, 0.6179999709129333, 0.6230000257492065, 0.6159999966621399, 0.6159999966621399, 0.6140000224113464, 0.6100000143051147, 0.6179999709129333, 0.6129999756813049, 0.6069999933242798, 0.6029999852180481, 0.6029999852180481, 0.6060000061988831, 0.6060000061988831, 0.6039999723434448, 0.6050000190734863, 0.6039999723434448, 0.6100000143051147, 0.6050000190734863, 0.6000000238418579, 0.5989999771118164, 0.593999981880188, 0.5960000157356262, 0.5950000286102295, 0.593999981880188, 0.5889999866485596, 0.5879999995231628, 0.5899999737739563, 0.5910000205039978, 0.5889999866485596, 0.5889999866485596, 0.5889999866485596, 0.5889999866485596, 0.5870000123977661, 0.5820000171661377, 0.5789999961853027, 0.5759999752044678, 0.574999988079071, 0.5759999752044678, 0.5809999704360962, 0.5820000171661377, 0.5789999961853027, 0.5759999752044678, 0.5759999752044678, 0.5720000267028809, 0.5669999718666077, 0.5630000233650208, 0.5609999895095825, 0.5659999847412109, 0.5690000057220459, 0.5690000057220459, 0.5680000185966492, 0.5649999976158142, 0.5699999928474426, 0.5649999976158142, 0.5649999976158142, 0.5680000185966492, 0.5669999718666077, 0.5669999718666077, 0.5630000233650208, 0.5519999861717224, 0.5519999861717224, 0.5529999732971191, 0.5529999732971191, 0.5559999942779541, 0.5550000071525574, 0.5550000071525574, 0.5550000071525574, 0.5590000152587891, 0.5619999766349792, 0.5559999942779541, 0.5529999732971191, 0.5529999732971191, 0.5559999942779541, 0.5630000233650208, 0.5649999976158142, 0.5519999861717224, 0.5519999861717224, 0.5550000071525574, 0.5550000071525574, 0.5550000071525574, 0.5559999942779541, 0.5550000071525574, 0.5550000071525574, 0.5590000152587891, 0.5550000071525574, 0.5519999861717224, 0.5509999990463257, 0.5529999732971191, 0.5540000200271606, 0.5519999861717224, 0.550000011920929, 0.550000011920929, 0.5529999732971191, 0.5509999990463257, 0.5509999990463257, 0.550000011920929, 0.5490000247955322, 0.546999990940094, 0.546999990940094, 0.550000011920929, 0.5509999990463257, 0.550000011920929, 0.550000011920929, 0.5559999942779541, 0.5509999990463257, 0.5419999957084656, 0.5460000038146973, 0.550000011920929, 0.5460000038146973, 0.546999990940094, 0.5460000038146973, 0.5460000038146973, 0.5419999957084656, 0.5419999957084656, 0.5460000038146973, 0.5460000038146973, 0.5490000247955322, 0.5519999861717224, 0.5519999861717224, 0.5450000166893005, 0.5559999942779541, 0.5519999861717224, 0.5509999990463257, 0.5529999732971191, 0.5559999942779541, 0.5540000200271606, 0.5529999732971191, 0.5540000200271606, 0.5509999990463257, 0.5509999990463257, 0.5490000247955322, 0.5490000247955322, 0.5460000038146973, 0.5479999780654907, 0.5550000071525574, 0.5550000071525574, 0.5550000071525574, 0.5569999814033508, 0.5569999814033508, 0.5550000071525574, 0.5540000200271606, 0.5490000247955322, 0.5529999732971191, 0.5529999732971191, 0.5519999861717224, 0.5490000247955322, 0.5490000247955322, 0.550000011920929, 0.5550000071525574, 0.5559999942779541, 0.5550000071525574, 0.5540000200271606, 0.5529999732971191, 0.5529999732971191, 0.5569999814033508, 0.5580000281333923, 0.5559999942779541, 0.5529999732971191, 0.5509999990463257, 0.550000011920929, 0.546999990940094, 0.5509999990463257, 0.5490000247955322, 0.550000011920929, 0.5490000247955322, 0.5569999814033508, 0.5559999942779541, 0.5569999814033508, 0.5569999814033508, 0.5569999814033508, 0.5580000281333923, 0.5600000023841858, 0.5519999861717224, 0.5550000071525574, 0.5609999895095825, 0.5659999847412109, 0.5630000233650208, 0.5640000104904175, 0.5600000023841858, 0.5580000281333923, 0.5590000152587891, 0.5619999766349792, 0.5619999766349792, 0.5619999766349792, 0.5630000233650208, 0.5630000233650208, 0.5640000104904175, 0.5669999718666077, 0.5669999718666077, 0.5669999718666077, 0.5649999976158142, 0.5720000267028809, 0.5759999752044678, 0.5740000009536743, 0.5690000057220459, 0.5669999718666077, 0.5690000057220459, 0.574999988079071, 0.5740000009536743, 0.5730000138282776, 0.5730000138282776, 0.5770000219345093, 0.5839999914169312, 0.5839999914169312, 0.5839999914169312, 0.5820000171661377, 0.5820000171661377, 0.5799999833106995, 0.5839999914169312, 0.5849999785423279, 0.5860000252723694, 0.5860000252723694, 0.5860000252723694, 0.5860000252723694, 0.5920000076293945, 0.5910000205039978, 0.5950000286102295, 0.597000002861023, 0.5950000286102295, 0.6010000109672546, 0.6050000190734863, 0.6050000190734863, 0.6029999852180481, 0.6010000109672546, 0.6039999723434448, 0.6050000190734863, 0.6050000190734863, 0.6069999933242798, 0.6100000143051147, 0.6129999756813049, 0.6169999837875366, 0.6159999966621399, 0.6190000176429749, 0.6209999918937683, 0.6200000047683716, 0.6230000257492065, 0.6230000257492065, 0.6230000257492065, 0.625, 0.6290000081062317, 0.6290000081062317, 0.6299999952316284, 0.6299999952316284, 0.6330000162124634, 0.6359999775886536, 0.6380000114440918, 0.6359999775886536, 0.6380000114440918, 0.6359999775886536, 0.640999972820282, 0.6449999809265137, 0.6499999761581421, 0.6489999890327454, 0.6480000019073486, 0.6460000276565552, 0.6460000276565552, 0.6449999809265137, 0.6499999761581421, 0.6510000228881836, 0.6520000100135803, 0.6520000100135803, 0.6570000052452087, 0.6539999842643738, 0.6579999923706055, 0.6610000133514404, 0.6610000133514404, 0.6660000085830688, 0.6669999957084656, 0.6600000262260437, 0.6600000262260437, 0.6600000262260437, 0.6639999747276306, 0.6679999828338623, 0.6639999747276306, 0.6629999876022339, 0.6610000133514404, 0.6620000004768372, 0.6620000004768372, 0.6690000295639038, 0.6740000247955322, 0.6769999861717224, 0.6819999814033508, 0.6819999814033508, 0.6830000281333923, 0.6909999847412109, 0.6940000057220459, 0.6970000267028809, 0.7009999752044678, 0.7020000219345093, 0.7020000219345093, 0.7070000171661377, 0.7070000171661377, 0.7070000171661377, 0.7020000219345093, 0.7039999961853027, 0.7070000171661377, 0.7039999961853027, 0.7039999961853027, 0.7200000286102295, 0.7229999899864197, 0.7120000123977661, 0.7160000205039978, 0.7210000157356262, 0.7170000076293945, 0.7279999852180481, 0.7419999837875366, 0.7440000176429749, 0.746999979019165, 0.7509999871253967, 0.7580000162124634, 0.7549999952316284, 0.7580000162124634, 0.7689999938011169, 0.7820000052452087, 0.7829999923706055, 0.7829999923706055, 0.7829999923706055, 0.7919999957084656, 0.7919999957084656, 0.7910000085830688, 0.7929999828338623, 0.7979999780654907, 0.8080000281333923, 0.8119999766349792, 0.8119999766349792]
intensities: [1077.0, 1115.0, 1163.0, 1219.0, 1280.0, 1337.0, 1467.0, 1477.0, 1511.0, 1522.0, 1552.0, 1548.0, 1549.0, 1381.0, 1305.0, 1305.0, 1049.0, 993.0, 952.0, 866.0, 976.0, 1006.0, 1028.0, 1034.0, 1032.0, 1024.0, 1024.0, 1040.0, 1106.0, 1278.0, 1424.0, 1374.0, 1464.0, 1561.0, 1632.0, 1615.0, 1638.0, 1662.0, 1669.0, 1644.0, 1644.0, 1652.0, 1664.0, 1668.0, 1674.0, 1684.0, 1655.0, 1655.0, 1656.0, 1659.0, 1656.0, 1640.0, 1640.0, 1639.0, 1634.0, 1629.0, 1631.0, 1645.0, 1633.0, 1616.0, 1626.0, 1626.0, 1624.0, 1617.0, 1610.0, 1628.0, 1602.0, 1618.0, 1584.0, 1588.0, 1582.0, 1595.0, 1590.0, 1588.0, 1606.0, 1608.0, 1599.0, 1588.0, 1570.0, 1549.0, 1561.0, 1580.0, 1572.0, 1555.0, 1559.0, 1545.0, 1550.0, 1533.0, 1541.0, 1540.0, 1533.0, 1538.0, 1533.0, 1530.0, 1540.0, 1540.0, 1528.0, 1528.0, 1514.0, 1504.0, 1488.0, 1497.0, 1506.0, 1499.0, 1505.0, 1496.0, 1495.0, 1495.0, 1480.0, 1487.0, 1483.0, 1504.0, 1460.0, 1489.0, 1458.0, 1458.0, 1478.0, 1475.0, 1462.0, 1479.0, 1458.0, 1437.0, 1434.0, 1448.0, 1444.0, 1419.0, 1419.0, 1429.0, 1416.0, 1409.0, 1401.0, 1395.0, 1390.0, 1390.0, 1376.0, 1389.0, 1383.0, 1382.0, 1362.0, 1369.0, 1368.0, 1351.0, 1363.0, 1374.0, 1366.0, 1362.0, 1345.0, 1327.0, 1325.0, 1330.0, 1329.0, 1320.0, 1317.0, 1314.0, 1294.0, 1301.0, 1294.0, 1288.0, 1288.0, 1288.0, 1333.0, 1274.0, 1277.0, 1277.0, 1280.0, 1278.0, 1275.0, 1274.0, 1274.0, 1274.0, 1261.0, 1248.0, 1272.0, 1256.0, 1254.0, 1258.0, 1264.0, 1257.0, 1257.0, 1253.0, 1245.0, 1254.0, 1244.0, 1229.0, 1226.0, 1226.0, 1214.0, 1200.0, 1200.0, 1213.0, 1210.0, 1193.0, 1195.0, 1184.0, 1186.0, 1186.0, 1175.0, 1174.0, 1174.0, 1172.0, 1174.0, 1166.0, 1161.0, 1155.0, 1165.0, 1150.0, 1149.0, 1174.0, 1164.0, 1155.0, 1156.0, 1150.0, 1144.0, 1155.0, 1150.0, 1140.0, 1140.0, 1153.0, 1149.0, 1135.0, 1140.0, 1136.0, 1136.0, 1127.0, 1138.0, 1147.0, 1141.0, 1136.0, 1139.0, 1132.0, 1122.0, 1126.0, 1126.0, 1131.0, 1128.0, 1137.0, 1140.0, 1138.0, 1114.0, 1114.0, 1118.0, 1126.0, 1121.0, 1120.0, 1120.0, 1143.0, 1143.0, 1142.0, 1139.0, 1136.0, 1134.0, 1132.0, 1133.0, 1128.0, 1126.0, 1126.0, 1129.0, 1127.0, 1125.0, 1120.0, 1116.0, 1127.0, 1139.0, 1124.0, 1124.0, 1107.0, 1110.0, 1118.0, 1115.0, 1130.0, 1143.0, 1129.0, 1136.0, 1125.0, 1121.0, 1123.0, 1132.0, 1129.0, 1130.0, 1118.0, 1119.0, 1112.0, 1118.0, 1124.0, 1130.0, 1130.0, 1116.0, 1109.0, 1125.0, 1142.0, 1143.0, 1100.0, 1100.0, 1100.0, 1103.0, 1103.0, 1110.0, 1102.0, 1107.0, 1103.0, 1104.0, 1111.0, 1078.0, 1067.0, 1073.0, 1046.0, 1032.0, 1255.0, 1229.0, 695.0, 874.0, 877.0, 901.0, 891.0, 896.0, 882.0, 893.0, 887.0, 904.0, 900.0, 892.0, 881.0, 880.0, 878.0, 872.0, 876.0, 869.0, 871.0, 868.0, 875.0, 861.0, 865.0, 865.0, 855.0, 880.0, 899.0, 888.0, 867.0, 876.0, 884.0, 907.0, 908.0, 910.0, 922.0, 925.0, 940.0, 927.0, 928.0, 944.0, 949.0, 939.0, 958.0, 957.0, 951.0, 952.0, 966.0, 953.0, 957.0, 966.0, 954.0, 962.0, 964.0, 957.0, 969.0, 978.0, 984.0, 977.0, 994.0, 988.0, 996.0, 989.0, 994.0, 996.0, 997.0, 1014.0, 994.0, 1013.0, 1003.0, 1011.0, 1017.0, 1012.0, 1018.0, 1025.0, 1035.0, 1030.0, 1034.0, 1031.0, 1053.0, 1033.0, 1044.0, 1049.0, 1059.0, 1068.0, 1061.0, 1070.0, 1058.0, 1062.0, 1076.0, 1077.0, 1106.0, 1109.0, 1108.0, 1109.0, 1107.0, 1100.0, 1094.0, 1094.0, 1093.0, 1097.0, 1117.0, 1097.0, 1088.0, 1095.0, 1098.0, 1104.0, 1103.0, 1111.0, 1096.0, 1095.0, 1115.0, 1120.0, 1113.0, 1116.0, 1105.0, 1110.0, 1101.0, 1087.0, 1100.0, 1104.0, 1104.0, 1097.0, 1100.0, 1121.0, 1111.0, 1148.0, 1127.0, 1114.0, 1108.0, 1109.0, 1105.0, 1099.0, 1123.0, 1116.0, 1116.0, 1121.0, 1145.0, 1134.0, 1133.0, 1130.0, 1125.0, 1135.0, 1151.0, 1138.0, 1140.0, 1118.0, 1162.0, 1178.0, 1174.0, 1182.0, 1193.0, 1187.0, 1188.0, 1213.0, 1199.0, 1206.0, 1222.0, 1217.0, 1215.0, 1216.0, 1232.0, 1243.0, 1245.0, 1224.0, 1233.0, 1242.0, 1244.0, 1256.0, 1260.0, 1260.0, 1239.0, 1238.0, 1243.0, 1257.0, 1258.0, 1273.0, 1258.0, 1273.0, 1281.0, 1298.0, 1301.0, 1308.0, 1303.0, 1301.0, 1291.0, 1301.0, 1298.0, 1293.0, 1307.0, 1297.0, 1296.0, 1299.0, 1283.0, 1300.0, 1304.0, 1295.0, 1295.0, 1301.0, 1301.0, 1295.0, 1308.0, 1308.0, 1302.0, 1296.0, 1294.0, 1303.0, 1304.0, 1311.0, 1308.0, 1307.0, 1307.0, 1309.0, 1305.0, 1312.0, 1302.0, 1294.0, 1293.0, 1293.0, 1317.0, 1309.0, 1314.0, 1314.0, 1325.0, 1325.0, 1302.0, 1311.0, 1314.0, 1314.0, 1313.0, 1305.0, 1312.0, 1312.0, 1320.0, 1320.0, 1311.0, 1330.0, 1320.0, 1319.0, 1344.0, 1344.0, 1340.0, 1349.0, 1344.0, 1351.0, 1349.0, 1342.0, 1342.0, 1346.0, 1360.0, 1348.0, 1355.0, 1348.0, 1348.0, 1348.0, 1351.0, 1363.0, 1386.0, 1373.0, 1362.0, 1376.0, 1372.0, 1372.0, 1364.0, 1371.0, 1378.0, 1388.0, 1359.0, 1361.0, 1357.0, 1376.0, 1384.0, 1392.0, 1370.0, 1389.0, 1381.0, 1372.0, 1378.0, 1378.0, 1377.0, 1369.0, 1365.0, 1380.0, 1391.0, 1366.0, 1379.0, 1385.0, 1376.0, 1391.0, 1393.0, 1390.0, 1390.0, 1391.0, 1386.0, 1396.0, 1395.0, 1392.0, 1397.0, 1402.0, 1396.0, 1404.0, 1397.0, 1409.0, 1419.0, 1408.0, 1416.0, 1412.0, 1404.0, 1405.0, 1400.0, 1404.0, 1409.0, 1424.0, 1425.0, 1422.0, 1433.0, 1443.0, 1439.0, 1441.0, 1428.0, 1433.0, 1432.0, 1448.0, 1453.0, 1445.0, 1460.0, 1482.0, 1471.0, 1450.0, 1455.0, 1455.0, 1464.0, 1470.0, 1467.0, 1472.0, 1470.0, 1468.0, 1467.0, 1467.0, 1483.0, 1466.0, 1478.0, 1493.0, 1495.0, 1486.0, 1484.0, 1491.0, 1483.0, 1479.0, 1471.0, 1492.0, 1513.0, 1517.0, 1512.0, 1517.0, 1518.0, 1518.0, 1517.0, 1527.0, 1534.0, 1546.0, 1531.0, 1531.0, 1530.0, 1535.0, 1561.0, 1538.0, 1538.0, 1527.0, 1531.0, 1526.0, 1530.0, 1530.0, 1536.0, 1543.0, 1543.0, 1544.0, 1547.0, 1558.0, 1557.0, 1543.0, 1579.0, 1555.0, 1585.0, 1556.0, 1570.0, 1572.0, 1567.0, 1589.0, 1572.0, 1549.0, 1577.0, 1553.0, 1560.0, 1565.0, 1567.0, 1560.0, 1574.0, 1565.0, 1565.0, 1584.0, 1584.0, 1575.0, 1580.0, 1570.0, 1567.0, 1576.0, 1584.0, 1583.0, 1579.0, 1577.0, 1577.0, 1560.0, 1580.0, 1580.0, 1586.0, 1578.0, 1565.0, 1575.0, 1577.0, 1560.0, 1574.0, 1585.0, 1581.0, 1589.0, 1580.0, 1583.0, 1568.0, 1581.0, 1588.0, 1569.0, 1575.0, 1581.0, 1583.0, 1574.0, 1579.0, 1574.0, 1574.0, 1582.0, 1582.0, 1591.0, 1588.0, 1592.0, 1581.0, 1582.0, 1580.0, 1596.0, 1619.0, 1609.0, 1644.0, 1630.0, 1630.0, 1615.0, 1615.0, 1614.0, 1619.0, 1600.0, 1610.0, 1615.0, 1604.0, 1604.0, 1602.0, 1607.0, 1606.0, 1612.0, 1599.0, 1610.0, 1621.0, 1603.0, 1594.0, 1618.0, 1600.0, 1613.0, 1632.0, 1610.0, 1588.0, 1614.0, 1615.0, 1615.0, 1615.0, 1613.0, 1615.0, 1605.0, 1615.0, 1614.0, 1603.0, 1601.0, 1623.0, 1616.0, 1609.0, 1609.0, 1605.0, 1597.0, 1582.0, 1577.0, 1584.0, 1595.0, 1599.0, 1604.0, 1599.0, 1613.0, 1595.0, 1595.0, 1590.0, 1582.0, 1584.0, 1584.0, 1586.0, 1581.0, 1580.0, 1574.0, 1592.0, 1589.0, 1593.0, 1594.0, 1590.0, 1592.0, 1584.0, 1591.0, 1591.0, 1605.0, 1588.0, 1589.0, 1580.0, 1577.0, 1575.0, 1565.0, 1551.0, 1561.0, 1569.0, 1577.0, 1559.0, 1565.0, 1519.0, 1517.0, 1519.0, 1513.0, 1525.0, 1521.0, 1521.0, 1539.0, 1529.0, 1521.0, 1515.0, 1520.0, 1515.0, 1505.0, 1504.0, 1526.0, 1512.0, 1521.0, 1520.0, 1506.0, 1526.0, 1492.0, 1513.0, 1491.0, 1475.0, 1463.0, 1457.0, 1454.0, 1454.0, 1440.0, 1440.0, 1442.0, 1445.0, 1447.0, 1444.0, 1450.0, 1448.0, 1449.0, 1443.0, 1437.0, 1431.0, 1423.0, 1408.0, 1416.0, 1430.0, 1405.0, 1433.0, 1402.0, 1403.0, 1414.0, 1414.0, 1415.0, 1395.0, 1386.0, 1393.0, 1396.0, 1393.0, 1384.0, 1384.0, 1373.0, 1376.0, 1370.0, 1351.0, 1362.0, 1368.0, 1358.0, 1357.0, 1339.0, 1336.0, 1322.0, 1324.0, 1314.0, 1305.0, 1320.0, 1316.0, 1310.0, 1305.0, 1281.0, 1289.0, 1281.0, 1321.0, 1311.0, 1300.0, 1283.0, 1280.0, 1287.0, 1298.0, 1269.0, 1281.0, 1277.0, 1281.0, 1260.0, 1264.0, 1261.0, 1287.0, 1271.0, 1257.0, 1257.0, 1247.0, 1238.0, 1238.0, 1251.0, 1246.0, 1231.0, 1231.0, 1238.0, 1251.0, 1240.0, 1240.0, 1239.0, 1248.0, 1251.0, 1253.0, 1245.0, 1233.0, 1233.0, 1248.0, 1262.0, 1262.0, 1243.0, 1252.0, 1252.0, 1235.0, 1242.0, 1250.0, 1232.0, 1231.0, 1230.0, 1231.0, 1246.0, 1237.0, 1238.0, 1252.0, 1236.0, 1251.0, 1251.0, 1254.0, 1240.0, 1223.0, 1245.0, 1249.0, 1251.0, 1246.0, 1242.0, 1245.0, 1258.0, 1259.0, 1258.0, 1258.0, 1254.0, 1258.0, 1258.0, 1260.0, 1257.0, 1260.0, 1260.0, 1257.0, 1262.0, 1260.0, 1252.0, 1258.0, 1230.0, 1251.0, 1247.0, 1248.0, 1250.0, 1261.0, 1253.0, 1259.0, 1277.0, 1281.0, 1262.0, 1267.0, 1270.0, 1274.0, 1274.0, 1287.0, 1295.0, 1295.0, 1284.0, 1280.0, 1303.0, 1299.0, 1273.0, 1273.0, 1273.0, 1266.0, 1259.0, 1271.0, 1276.0, 1250.0, 1246.0, 1246.0, 1262.0, 1276.0, 1251.0, 1254.0, 1249.0, 1252.0, 1263.0, 1269.0, 1260.0, 1263.0, 1270.0, 1270.0, 1256.0, 1256.0, 1254.0, 1251.0, 1248.0, 1254.0, 1257.0, 1258.0, 1264.0, 1267.0, 1257.0, 1252.0, 1248.0, 1256.0, 1259.0, 1245.0, 1241.0, 1245.0, 1241.0, 1253.0, 1244.0, 1209.0, 1215.0, 1219.0, 1217.0, 1201.0, 1190.0, 1207.0, 1207.0, 1208.0, 1189.0, 1202.0, 1200.0, 1173.0, 1173.0]