header: 
  seq: 1449
  stamp: 
    secs: 1548820793
    nsecs: 383854856
  frame_id: "base_link"
angle_min: -2.35619449615
angle_max: 2.35619449615
angle_increment: 0.00436332309619
time_increment: 1.73611151695e-05
scan_time: 0.0250000003725
range_min: 0.019999999553
range_max: 30.0
ranges: [0.24899999797344208, 0.25200000405311584, 0.25, 0.24799999594688416, 0.25600001215934753, 0.24400000274181366, 0.257999986410141, 0.2540000081062317, 0.2540000081062317, 0.25200000405311584, 0.25200000405311584, 0.2549999952316284, 0.2540000081062317, 0.2549999952316284, 0.2460000067949295, 0.24400000274181366, 0.24699999392032623, 0.23600000143051147, 0.2150000035762787, 0.20499999821186066, 0.23100000619888306, 0.24400000274181366, 0.23899999260902405, 0.23499999940395355, 0.23899999260902405, 0.23600000143051147, 0.23899999260902405, 0.23999999463558197, 0.2460000067949295, 0.25, 0.25099998712539673, 0.25, 0.24799999594688416, 0.25200000405311584, 0.257999986410141, 0.24400000274181366, 0.24699999392032623, 0.25200000405311584, 0.25699999928474426, 0.2619999945163727, 0.2590000033378601, 0.25699999928474426, 0.25099998712539673, 0.24899999797344208, 0.24799999594688416, 0.2460000067949295, 0.24699999392032623, 0.24699999392032623, 0.2460000067949295, 0.2460000067949295, 0.25099998712539673, 0.25200000405311584, 0.24699999392032623, 0.2460000067949295, 0.24899999797344208, 0.25200000405311584, 0.24799999594688416, 0.24799999594688416, 0.2460000067949295, 0.24500000476837158, 0.24799999594688416, 0.24799999594688416, 0.25099998712539673, 0.25099998712539673, 0.24799999594688416, 0.24699999392032623, 0.25, 0.24699999392032623, 0.24899999797344208, 0.25099998712539673, 0.25099998712539673, 0.24799999594688416, 0.24799999594688416, 0.25200000405311584, 0.2540000081062317, 0.25099998712539673, 0.24799999594688416, 0.2460000067949295, 0.24799999594688416, 0.2619999945163727, 0.26100000739097595, 0.257999986410141, 0.257999986410141, 0.25699999928474426, 0.26499998569488525, 0.2630000114440918, 0.2590000033378601, 0.25699999928474426, 0.25600001215934753, 0.2549999952316284, 0.2529999911785126, 0.2549999952316284, 0.2549999952316284, 0.2540000081062317, 0.25699999928474426, 0.2540000081062317, 0.26100000739097595, 0.26899999380111694, 0.26499998569488525, 0.2630000114440918, 0.2630000114440918, 0.2619999945163727, 0.2619999945163727, 0.2669999897480011, 0.2680000066757202, 0.26100000739097595, 0.26600000262260437, 0.2680000066757202, 0.2680000066757202, 0.2759999930858612, 0.2669999897480011, 0.2680000066757202, 0.2680000066757202, 0.2770000100135803, 0.26899999380111694, 0.26100000739097595, 0.26100000739097595, 0.26499998569488525, 0.2709999978542328, 0.2680000066757202, 0.2709999978542328, 0.2680000066757202, 0.2680000066757202, 0.2709999978542328, 0.27300000190734863, 0.27399998903274536, 0.2720000147819519, 0.2720000147819519, 0.2709999978542328, 0.2800000011920929, 0.2840000092983246, 0.2809999883174896, 0.2759999930858612, 0.2750000059604645, 0.28299999237060547, 0.28600001335144043, 0.2879999876022339, 0.289000004529953, 0.28200000524520874, 0.28299999237060547, 0.28299999237060547, 0.289000004529953, 0.289000004529953, 0.289000004529953, 0.2879999876022339, 0.289000004529953, 0.289000004529953, 0.28700000047683716, 0.28700000047683716, 0.29499998688697815, 0.3009999990463257, 0.3009999990463257, 0.3009999990463257, 0.30300000309944153, 0.3059999942779541, 0.3019999861717224, 0.30399999022483826, 0.3070000112056732, 0.3070000112056732, 0.31299999356269836, 0.32199999690055847, 0.32100000977516174, 0.3230000138282776, 0.32499998807907104, 0.33000001311302185, 0.33000001311302185, 0.3330000042915344, 0.3319999873638153, 0.32600000500679016, 0.328000009059906, 0.32499998807907104, 0.328000009059906, 0.33000001311302185, 0.33000001311302185, 0.3310000002384186, 0.33899998664855957, 0.34200000762939453, 0.34200000762939453, 0.3440000116825104, 0.3449999988079071, 0.3490000069141388, 0.3540000021457672, 0.3529999852180481, 0.3529999852180481, 0.3529999852180481, 0.35499998927116394, 0.35600000619888306, 0.36000001430511475, 0.367000013589859, 0.36899998784065247, 0.36500000953674316, 0.3659999966621399, 0.36899998784065247, 0.36899998784065247, 0.37599998712539673, 0.3720000088214874, 0.3779999911785126, 0.3799999952316284, 0.38999998569488525, 0.39399999380111694, 0.39899998903274536, 0.4009999930858612, 0.40299999713897705, 0.4059999883174896, 0.4099999964237213, 0.4099999964237213, 0.414000004529953, 0.41600000858306885, 0.4169999957084656, 0.4309999942779541, 0.42800000309944153, 0.42800000309944153, 0.42800000309944153, 0.44200000166893005, 0.43700000643730164, 0.4359999895095825, 0.4359999895095825, 0.45100000500679016, 0.45899999141693115, 0.4620000123977661, 0.460999995470047, 0.4650000035762787, 0.47699999809265137, 0.4830000102519989, 0.4779999852180481, 0.4819999933242798, 0.48899999260902405, 0.49799999594688416, 0.4970000088214874, 0.5, 0.5130000114440918, 0.5170000195503235, 0.5189999938011169, 0.5210000276565552, 0.5210000276565552, 0.5299999713897705, 0.5370000004768372, 0.546999990940094, 0.5519999861717224, 0.5509999990463257, 0.550000011920929, 0.5490000247955322, 0.5659999847412109, 0.574999988079071, 0.574999988079071, 0.5950000286102295, 0.6000000238418579, 0.6000000238418579, 0.6019999980926514, 0.6100000143051147, 0.6240000128746033, 0.6290000081062317, 0.6299999952316284, 0.6349999904632568, 0.6449999809265137, 0.6579999923706055, 0.6700000166893005, 0.6809999942779541, 0.6850000023841858, 0.6940000057220459, 0.7009999752044678, 0.7160000205039978, 0.7289999723434448, 0.734000027179718, 0.7419999837875366, 0.7509999871253967, 0.7580000162124634, 0.7710000276565552, 0.7900000214576721, 0.7979999780654907, 0.8069999814033508, 0.8289999961853027, 0.8399999737739563, 0.8479999899864197, 0.8579999804496765, 0.8809999823570251, 0.9010000228881836, 0.9070000052452087, 0.921999990940094, 0.9509999752044678, 1.0290000438690186, 1.090000033378601, 1.2519999742507935, 2.1389999389648438, 2.1389999389648438, 2.131999969482422, 2.125999927520752, 2.121000051498413, 2.117000102996826, 2.11299991607666, 2.1050000190734863, 2.0969998836517334, 2.0959999561309814, 2.0959999561309814, 2.0929999351501465, 2.0820000171661377, 2.0789999961853027, 2.0789999961853027, 2.068000078201294, 2.063999891281128, 2.0510001182556152, 2.0450000762939453, 2.049999952316284, 2.049999952316284, 2.0339999198913574, 2.0329999923706055, 2.0320000648498535, 2.0290000438690186, 2.0339999198913574, 2.0309998989105225, 2.01200008392334, 2.010999917984009, 2.000999927520752, 1.9950000047683716, 2.00600004196167, 2.000999927520752, 1.996000051498413, 1.9919999837875366, 1.9900000095367432, 1.9889999628067017, 1.9900000095367432, 1.9809999465942383, 1.9709999561309814, 1.9730000495910645, 1.9709999561309814, 1.9579999446868896, 1.9609999656677246, 1.9520000219345093, 1.9550000429153442, 1.9520000219345093, 1.9520000219345093, 1.9550000429153442, 1.9520000219345093, 1.9429999589920044, 1.9320000410079956, 1.9320000410079956, 1.9270000457763672, 1.9299999475479126, 1.9259999990463257, 1.9160000085830688, 1.9160000085830688, 1.9190000295639038, 1.9160000085830688, 1.9140000343322754, 1.9119999408721924, 1.8980000019073486, 1.8969999551773071, 1.8960000276565552, 1.8869999647140503, 1.8869999647140503, 1.8890000581741333, 1.8869999647140503, 1.8869999647140503, 1.875, 1.875, 1.8700000047683716, 1.8660000562667847, 1.8660000562667847, 1.8639999628067017, 1.8589999675750732, 1.8530000448226929, 1.8480000495910645, 1.8480000495910645, 1.843000054359436, 1.8339999914169312, 1.8250000476837158, 1.8250000476837158, 1.8200000524520874, 1.8200000524520874, 1.815000057220459, 1.8200000524520874, 1.809000015258789, 1.8040000200271606, 1.8049999475479126, 1.7999999523162842, 1.7879999876022339, 1.7910000085830688, 1.7879999876022339, 1.7899999618530273, 1.7769999504089355, 1.774999976158142, 1.7649999856948853, 1.7599999904632568, 1.7589999437332153, 1.7599999904632568, 1.7519999742507935, 1.746999979019165, 1.7350000143051147, 1.7319999933242798, 1.725000023841858, 1.7239999771118164, 1.722000002861023, 1.7039999961853027, 1.7000000476837158, 1.6959999799728394, 1.6970000267028809, 1.690999984741211, 1.690000057220459, 1.6859999895095825, 1.6729999780654907, 1.6629999876022339, 1.6610000133514404, 1.6629999876022339, 1.6579999923706055, 1.6460000276565552, 1.6460000276565552, 1.6339999437332153, 1.6269999742507935, 1.6239999532699585, 1.6160000562667847, 1.6169999837875366, 1.6089999675750732, 1.6009999513626099, 1.5850000381469727, 1.5820000171661377, 1.5740000009536743, 1.5750000476837158, 1.569000005722046, 1.559000015258789, 1.5540000200271606, 1.5420000553131104, 1.5379999876022339, 1.531000018119812, 1.5290000438690186, 1.5160000324249268, 1.5160000324249268, 1.5169999599456787, 1.5089999437332153, 1.5069999694824219, 1.4950000047683716, 1.4869999885559082, 1.4819999933242798, 1.4670000076293945, 1.4559999704360962, 1.4500000476837158, 1.440999984741211, 1.4320000410079956, 1.4229999780654907, 1.4229999780654907, 1.4160000085830688, 1.4049999713897705, 1.3930000066757202, 1.3919999599456787, 1.38100004196167, 1.375, 1.3619999885559082, 1.3580000400543213, 1.3519999980926514, 1.3420000076293945, 1.3359999656677246, 1.3300000429153442, 1.3229999542236328, 1.3209999799728394, 1.3079999685287476, 1.2979999780654907, 1.2910000085830688, 1.2719999551773071, 1.2680000066757202, 1.2630000114440918, 1.253000020980835, 1.2389999628067017, 1.2289999723434448, 1.2280000448226929, 1.2230000495910645, 1.2079999446868896, 1.2020000219345093, 1.1859999895095825, 1.1799999475479126, 1.1629999876022339, 1.156999945640564, 1.1490000486373901, 1.1410000324249268, 1.1330000162124634, 1.1299999952316284, 1.1239999532699585, 1.1180000305175781, 1.1130000352859497, 1.1100000143051147, 1.1089999675750732, 1.1009999513626099, 1.090000033378601, 1.0809999704360962, 1.0759999752044678, 1.065999984741211, 1.065000057220459, 1.065999984741211, 1.0679999589920044, 1.059000015258789, 1.0520000457763672, 1.0390000343322754, 1.0399999618530273, 1.0360000133514404, 1.0260000228881836, 1.0210000276565552, 1.0099999904632568, 1.00600004196167, 1.0069999694824219, 1.0069999694824219, 0.996999979019165, 0.9900000095367432, 0.9869999885559082, 0.9750000238418579, 0.9670000076293945, 0.9670000076293945, 0.9649999737739563, 0.9599999785423279, 0.9570000171661377, 0.9580000042915344, 0.9570000171661377, 0.9549999833106995, 0.9430000185966492, 0.9419999718666077, 0.9399999976158142, 0.9340000152587891, 0.9300000071525574, 0.9169999957084656, 0.9169999957084656, 0.9150000214576721, 0.9100000262260437, 0.9079999923706055, 0.8970000147819519, 0.8939999938011169, 0.902999997138977, 0.902999997138977, 0.8899999856948853, 0.8859999775886536, 0.8790000081062317, 0.8799999952316284, 0.8799999952316284, 0.8799999952316284, 0.8769999742507935, 0.8730000257492065, 0.8700000047683716, 0.8659999966621399, 0.8650000095367432, 0.8600000143051147, 0.8610000014305115, 0.8610000014305115, 0.8629999756813049, 0.8550000190734863, 0.8510000109672546, 0.8410000205039978, 0.8399999737739563, 0.8410000205039978, 0.8410000205039978, 0.8410000205039978, 0.8339999914169312, 0.8299999833106995, 0.8289999961853027, 0.8259999752044678, 0.8230000138282776, 0.824999988079071, 0.8180000185966492, 0.8169999718666077, 0.8169999718666077, 0.8190000057220459, 0.8190000057220459, 0.796999990940094, 0.7950000166893005, 0.7910000085830688, 0.7929999828338623, 0.7950000166893005, 0.7929999828338623, 0.7929999828338623, 0.7879999876022339, 0.7829999923706055, 0.777999997138977, 0.7789999842643738, 0.7749999761581421, 0.7789999842643738, 0.7680000066757202, 0.7630000114440918, 0.7630000114440918, 0.7630000114440918, 0.7630000114440918, 0.7639999985694885, 0.7630000114440918, 0.7639999985694885, 0.7639999985694885, 0.7540000081062317, 0.7549999952316284, 0.753000020980835, 0.7509999871253967, 0.7409999966621399, 0.7390000224113464, 0.7390000224113464, 0.7450000047683716, 0.7450000047683716, 0.7440000176429749, 0.7400000095367432, 0.7350000143051147, 0.7360000014305115, 0.7310000061988831, 0.7300000190734863, 0.7289999723434448, 0.7269999980926514, 0.7269999980926514, 0.7250000238418579, 0.7269999980926514, 0.7250000238418579, 0.718999981880188, 0.7139999866485596, 0.7179999947547913, 0.7179999947547913, 0.722000002861023, 0.722000002861023, 0.7080000042915344, 0.7099999785423279, 0.7089999914169312, 0.7059999704360962, 0.7039999961853027, 0.7039999961853027, 0.7070000171661377, 0.7070000171661377, 0.7039999961853027, 0.7039999961853027, 0.7039999961853027, 0.703000009059906, 0.7059999704360962, 0.7039999961853027, 0.7020000219345093, 0.6990000009536743, 0.6970000267028809, 0.6990000009536743, 0.7039999961853027, 0.7070000171661377, 0.7049999833106995, 0.6940000057220459, 0.7009999752044678, 0.7009999752044678, 0.7009999752044678, 0.6970000267028809, 0.699999988079071, 0.6959999799728394, 0.6949999928474426, 0.6869999766349792, 0.6859999895095825, 0.6850000023841858, 0.6859999895095825, 0.6859999895095825, 0.6859999895095825, 0.6859999895095825, 0.6869999766349792, 0.6869999766349792, 0.6869999766349792, 0.6880000233650208, 0.6830000281333923, 0.6840000152587891, 0.6819999814033508, 0.6819999814033508, 0.6869999766349792, 0.6859999895095825, 0.6819999814033508, 0.6769999861717224, 0.6779999732971191, 0.6800000071525574, 0.6840000152587891, 0.6859999895095825, 0.6809999942779541, 0.6790000200271606, 0.6769999861717224, 0.6769999861717224, 0.6790000200271606, 0.6779999732971191, 0.6790000200271606, 0.6769999861717224, 0.6759999990463257, 0.6759999990463257, 0.6779999732971191, 0.6830000281333923, 0.6800000071525574, 0.6800000071525574, 0.6800000071525574, 0.6800000071525574, 0.6759999990463257, 0.675000011920929, 0.6840000152587891, 0.6840000152587891, 0.6830000281333923, 0.6840000152587891, 0.6809999942779541, 0.6840000152587891, 0.6819999814033508, 0.6859999895095825, 0.675000011920929, 0.6740000247955322, 0.6759999990463257, 0.6790000200271606, 0.6740000247955322, 0.6710000038146973, 0.6800000071525574, 0.6800000071525574, 0.6759999990463257, 0.671999990940094, 0.6759999990463257, 0.6830000281333923, 0.6830000281333923, 0.6859999895095825, 0.6779999732971191, 0.6800000071525574, 0.6819999814033508, 0.6769999861717224, 0.6729999780654907, 0.6729999780654907, 0.6779999732971191, 0.6830000281333923, 0.6809999942779541, 0.6769999861717224, 0.675000011920929, 0.6869999766349792, 0.6830000281333923, 0.6819999814033508, 0.6819999814033508, 0.6809999942779541, 0.6740000247955322, 0.675000011920929, 0.6740000247955322, 0.6740000247955322, 0.675000011920929, 0.6769999861717224, 0.6819999814033508, 0.6819999814033508, 0.6859999895095825, 0.6850000023841858, 0.6830000281333923, 0.6769999861717224, 0.6759999990463257, 0.6819999814033508, 0.6850000023841858, 0.6850000023841858, 0.6819999814033508, 0.6819999814033508, 0.6819999814033508, 0.6759999990463257, 0.6800000071525574, 0.6779999732971191, 0.6790000200271606, 0.6869999766349792, 0.6959999799728394, 0.6859999895095825, 0.6809999942779541, 0.6790000200271606, 0.6769999861717224, 0.6819999814033508, 0.6850000023841858, 0.6850000023841858, 0.6819999814033508, 0.6859999895095825, 0.6850000023841858, 0.6859999895095825, 0.6850000023841858, 0.6850000023841858, 0.6830000281333923, 0.6819999814033508, 0.6830000281333923, 0.6880000233650208, 0.6890000104904175, 0.6930000185966492, 0.6869999766349792, 0.6919999718666077, 0.6909999847412109, 0.6909999847412109, 0.6890000104904175, 0.6869999766349792, 0.6859999895095825, 0.6830000281333923, 0.7009999752044678, 0.703000009059906, 0.6959999799728394, 0.6959999799728394, 0.6980000138282776, 0.6980000138282776, 0.6970000267028809, 0.699999988079071, 0.699999988079071, 0.6949999928474426, 0.6940000057220459, 0.6990000009536743, 0.7089999914169312, 0.7089999914169312, 0.7059999704360962, 0.7039999961853027, 0.6990000009536743, 0.6970000267028809, 0.6980000138282776, 0.6980000138282776, 0.6940000057220459, 0.6940000057220459, 0.6959999799728394, 0.6949999928474426, 0.699999988079071, 0.7049999833106995, 0.703000009059906, 0.7020000219345093, 0.7020000219345093, 0.7089999914169312, 0.7089999914169312, 0.6990000009536743, 0.699999988079071, 0.7070000171661377, 0.7099999785423279, 0.7139999866485596, 0.7139999866485596, 0.7160000205039978, 0.7170000076293945, 0.7129999995231628, 0.7129999995231628, 0.7170000076293945, 0.7149999737739563, 0.7129999995231628, 0.7160000205039978, 0.7200000286102295, 0.7059999704360962, 0.7039999961853027, 0.7120000123977661, 0.7129999995231628, 0.7139999866485596, 0.7170000076293945, 0.7099999785423279, 0.7099999785423279, 0.7049999833106995, 0.7070000171661377, 0.7080000042915344, 0.7139999866485596, 0.7149999737739563, 0.7210000157356262, 0.7179999947547913, 0.7200000286102295, 0.7210000157356262, 0.7210000157356262, 0.7239999771118164, 0.7360000014305115, 0.7310000061988831, 0.7350000143051147, 0.7239999771118164, 0.734000027179718, 0.7350000143051147, 0.734000027179718, 0.7329999804496765, 0.7329999804496765, 0.7300000190734863, 0.7279999852180481, 0.7319999933242798, 0.7350000143051147, 0.7350000143051147, 0.7379999756813049, 0.7379999756813049, 0.7269999980926514, 0.7260000109672546, 0.734000027179718, 0.7390000224113464, 0.7369999885559082, 0.7350000143051147, 0.7369999885559082, 0.7390000224113464, 0.7400000095367432, 0.7400000095367432, 0.7400000095367432, 0.7419999837875366, 0.7400000095367432, 0.7390000224113464, 0.7390000224113464, 0.7419999837875366, 0.7509999871253967, 0.7519999742507935, 0.7480000257492065, 0.7480000257492065, 0.7549999952316284, 0.753000020980835, 0.7440000176429749, 0.7540000081062317, 0.765999972820282, 0.7559999823570251, 0.7549999952316284, 0.7549999952316284, 0.7549999952316284, 0.7590000033378601, 0.7620000243186951, 0.7599999904632568, 0.7609999775886536, 0.7639999985694885, 0.7639999985694885, 0.7630000114440918, 0.7570000290870667, 0.7620000243186951, 0.7630000114440918, 0.7630000114440918, 0.7509999871253967, 0.7580000162124634, 0.765999972820282, 0.7680000066757202, 0.765999972820282, 0.7649999856948853, 0.7639999985694885, 0.7620000243186951, 0.7649999856948853, 0.7639999985694885, 0.7689999938011169, 0.7710000276565552, 0.7749999761581421, 0.7749999761581421, 0.7699999809265137, 0.7739999890327454, 0.7770000100135803, 0.7760000228881836, 0.7760000228881836, 0.7799999713897705, 0.7760000228881836, 0.7799999713897705, 0.7799999713897705, 0.7799999713897705, 0.781000018119812, 0.7799999713897705, 0.7799999713897705, 0.7799999713897705, 0.7799999713897705, 0.7850000262260437, 0.7820000052452087, 0.7839999794960022, 0.7829999923706055, 0.7910000085830688, 0.7900000214576721, 0.7910000085830688, 0.7850000262260437, 0.7889999747276306, 0.7929999828338623, 0.7879999876022339, 0.7889999747276306, 0.7950000166893005, 0.7910000085830688, 0.7839999794960022, 0.7839999794960022, 0.7879999876022339, 0.7940000295639038, 0.7919999957084656, 0.7929999828338623, 0.7960000038146973, 0.8019999861717224, 0.7990000247955322, 0.796999990940094, 0.8009999990463257, 0.8069999814033508, 0.8069999814033508, 0.8090000152587891, 0.8100000023841858, 0.8100000023841858, 0.8040000200271606, 0.8069999814033508, 0.8050000071525574, 0.8059999942779541, 0.8090000152587891, 0.8119999766349792, 0.8119999766349792, 0.8130000233650208, 0.8090000152587891, 0.8140000104904175, 0.8149999976158142, 0.8190000057220459, 0.8169999718666077, 0.8149999976158142, 0.8220000267028809, 0.8240000009536743, 0.8169999718666077, 0.8190000057220459, 0.8299999833106995, 0.8349999785423279, 0.8349999785423279, 0.8289999961853027, 0.8220000267028809, 0.8220000267028809, 0.8289999961853027, 0.828000009059906, 0.8270000219345093, 0.8240000009536743, 0.8289999961853027, 0.8289999961853027, 0.8289999961853027, 0.8259999752044678, 0.8299999833106995, 0.8299999833106995, 0.8299999833106995, 0.8349999785423279, 0.8429999947547913, 0.8479999899864197, 0.8489999771118164, 0.8379999995231628, 0.8410000205039978, 0.8410000205039978, 0.8410000205039978, 0.8510000109672546, 0.8489999771118164, 0.8479999899864197, 0.8450000286102295, 0.8420000076293945, 0.8429999947547913, 0.8569999933242798, 0.8579999804496765, 0.8579999804496765, 0.8529999852180481, 0.847000002861023, 0.8519999980926514, 0.8519999980926514, 0.8560000061988831, 0.8519999980926514, 0.8519999980926514, 0.8619999885559082, 0.8619999885559082, 0.8619999885559082, 0.8610000014305115, 0.8619999885559082, 0.8619999885559082, 0.8539999723434448, 0.8519999980926514, 0.8460000157356262, 0.843999981880188, 0.847000002861023, 0.8510000109672546, 0.8519999980926514, 0.8519999980926514, 0.8560000061988831, 0.8539999723434448, 0.8539999723434448, 0.859000027179718, 0.8569999933242798, 0.8600000143051147, 0.8560000061988831, 0.8529999852180481, 0.8529999852180481, 0.8569999933242798, 0.8569999933242798, 0.843999981880188, 0.8460000157356262, 0.847000002861023, 0.8550000190734863, 0.859000027179718, 0.8600000143051147, 0.8600000143051147, 0.8529999852180481, 0.8489999771118164, 0.8489999771118164, 0.8700000047683716, 0.8679999709129333, 0.8650000095367432, 0.8650000095367432, 0.8659999966621399, 0.8659999966621399, 0.8659999966621399, 0.859000027179718, 0.8560000061988831, 0.8569999933242798, 0.8569999933242798, 0.8519999980926514, 0.8489999771118164, 0.8510000109672546, 0.8489999771118164, 0.8399999737739563, 0.8489999771118164, 0.8460000157356262, 0.8460000157356262, 0.8500000238418579, 0.8610000014305115, 0.8550000190734863, 0.8560000061988831, 0.8600000143051147, 0.8610000014305115, 0.8690000176429749, 0.8700000047683716, 0.8700000047683716, 0.8880000114440918, 0.8809999823570251, 0.8809999823570251, 0.8809999823570251, 0.878000020980835, 0.8690000176429749, 0.8740000128746033, 0.8769999742507935, 0.8840000033378601, 0.8799999952316284, 0.8849999904632568, 0.8849999904632568, 0.8880000114440918]
intensities: [1045.0, 1112.0, 1103.0, 1116.0, 1251.0, 1212.0, 1296.0, 1299.0, 1281.0, 1276.0, 1276.0, 1270.0, 1252.0, 1270.0, 1172.0, 1106.0, 1057.0, 968.0, 846.0, 818.0, 885.0, 960.0, 993.0, 1011.0, 1037.0, 1064.0, 1108.0, 1144.0, 1288.0, 1336.0, 1353.0, 1382.0, 1373.0, 1387.0, 1373.0, 1401.0, 1402.0, 1395.0, 1390.0, 1387.0, 1397.0, 1398.0, 1389.0, 1406.0, 1395.0, 1386.0, 1384.0, 1385.0, 1390.0, 1390.0, 1373.0, 1379.0, 1383.0, 1393.0, 1383.0, 1375.0, 1376.0, 1376.0, 1364.0, 1353.0, 1350.0, 1350.0, 1353.0, 1353.0, 1360.0, 1353.0, 1353.0, 1350.0, 1345.0, 1347.0, 1347.0, 1331.0, 1331.0, 1323.0, 1317.0, 1317.0, 1317.0, 1319.0, 1317.0, 1319.0, 1316.0, 1310.0, 1306.0, 1308.0, 1309.0, 1300.0, 1283.0, 1289.0, 1281.0, 1274.0, 1262.0, 1276.0, 1274.0, 1285.0, 1287.0, 1282.0, 1266.0, 1271.0, 1259.0, 1251.0, 1254.0, 1256.0, 1261.0, 1258.0, 1252.0, 1244.0, 1228.0, 1229.0, 1230.0, 1210.0, 1226.0, 1224.0, 1224.0, 1223.0, 1214.0, 1206.0, 1206.0, 1197.0, 1206.0, 1189.0, 1206.0, 1195.0, 1195.0, 1188.0, 1191.0, 1187.0, 1176.0, 1176.0, 1157.0, 1172.0, 1180.0, 1163.0, 1148.0, 1155.0, 1171.0, 1162.0, 1161.0, 1160.0, 1149.0, 1158.0, 1153.0, 1146.0, 1146.0, 1146.0, 1145.0, 1145.0, 1145.0, 1126.0, 1126.0, 1129.0, 1113.0, 1112.0, 1112.0, 1135.0, 1159.0, 1125.0, 1123.0, 1127.0, 1127.0, 1118.0, 1114.0, 1116.0, 1134.0, 1139.0, 1136.0, 1138.0, 1133.0, 1120.0, 1112.0, 1121.0, 1118.0, 1109.0, 1103.0, 1103.0, 1103.0, 1116.0, 1109.0, 1101.0, 1094.0, 1092.0, 1096.0, 1101.0, 1095.0, 1114.0, 1114.0, 1113.0, 1103.0, 1105.0, 1098.0, 1102.0, 1088.0, 1102.0, 1101.0, 1090.0, 1130.0, 1113.0, 1086.0, 1096.0, 1099.0, 1099.0, 1095.0, 1108.0, 1093.0, 1108.0, 1110.0, 1108.0, 1103.0, 1121.0, 1088.0, 1128.0, 1101.0, 1101.0, 1096.0, 1114.0, 1093.0, 1089.0, 1089.0, 1101.0, 1109.0, 1113.0, 1123.0, 1111.0, 1119.0, 1132.0, 1099.0, 1104.0, 1105.0, 1098.0, 1084.0, 1099.0, 1088.0, 1096.0, 1105.0, 1115.0, 1099.0, 1088.0, 1085.0, 1098.0, 1078.0, 1083.0, 1079.0, 1076.0, 1093.0, 1086.0, 1084.0, 1080.0, 1074.0, 1063.0, 1071.0, 1069.0, 1065.0, 1058.0, 1042.0, 1059.0, 1057.0, 1054.0, 1076.0, 1067.0, 1076.0, 1064.0, 1069.0, 1064.0, 1069.0, 1080.0, 1061.0, 1067.0, 1050.0, 1042.0, 1040.0, 1037.0, 1024.0, 1023.0, 1018.0, 1035.0, 1026.0, 1018.0, 1025.0, 1012.0, 1012.0, 1018.0, 1183.0, 1259.0, 1360.0, 993.0, 993.0, 1004.0, 1000.0, 1005.0, 1005.0, 998.0, 1011.0, 1004.0, 994.0, 1000.0, 1003.0, 995.0, 994.0, 1016.0, 1008.0, 1016.0, 1004.0, 1024.0, 1025.0, 1025.0, 1009.0, 1021.0, 1013.0, 1004.0, 1027.0, 1026.0, 1019.0, 1018.0, 1028.0, 1020.0, 1011.0, 1016.0, 1032.0, 1033.0, 1028.0, 1025.0, 1033.0, 1048.0, 1013.0, 1027.0, 1033.0, 1030.0, 1043.0, 1033.0, 1046.0, 1043.0, 1043.0, 1045.0, 1047.0, 1057.0, 1069.0, 1068.0, 1045.0, 1050.0, 1062.0, 1038.0, 1048.0, 1061.0, 1060.0, 1063.0, 1070.0, 1061.0, 1053.0, 1063.0, 1061.0, 1052.0, 1058.0, 1052.0, 1071.0, 1053.0, 1061.0, 1059.0, 1061.0, 1067.0, 1062.0, 1068.0, 1084.0, 1067.0, 1071.0, 1074.0, 1066.0, 1068.0, 1088.0, 1067.0, 1067.0, 1065.0, 1100.0, 1073.0, 1070.0, 1075.0, 1072.0, 1072.0, 1084.0, 1065.0, 1078.0, 1091.0, 1084.0, 1092.0, 1089.0, 1083.0, 1097.0, 1100.0, 1090.0, 1077.0, 1106.0, 1087.0, 1094.0, 1102.0, 1091.0, 1097.0, 1094.0, 1097.0, 1096.0, 1093.0, 1112.0, 1104.0, 1106.0, 1098.0, 1095.0, 1090.0, 1088.0, 1085.0, 1080.0, 1073.0, 1081.0, 1071.0, 1078.0, 1082.0, 1083.0, 1070.0, 1085.0, 1067.0, 1081.0, 1075.0, 1081.0, 1084.0, 1090.0, 1085.0, 1078.0, 1084.0, 1082.0, 1096.0, 1099.0, 1088.0, 1086.0, 1100.0, 1096.0, 1100.0, 1101.0, 1102.0, 1109.0, 1112.0, 1080.0, 1092.0, 1099.0, 1100.0, 1108.0, 1104.0, 1099.0, 1091.0, 1099.0, 1094.0, 1102.0, 1095.0, 1095.0, 1097.0, 1094.0, 1112.0, 1106.0, 1108.0, 1114.0, 1107.0, 1096.0, 1104.0, 1099.0, 1113.0, 1118.0, 1096.0, 1125.0, 1143.0, 1141.0, 1146.0, 1133.0, 1155.0, 1112.0, 1124.0, 1125.0, 1125.0, 1145.0, 1147.0, 1133.0, 1132.0, 1163.0, 1157.0, 1164.0, 1184.0, 1199.0, 1188.0, 1201.0, 1211.0, 1217.0, 1218.0, 1220.0, 1225.0, 1213.0, 1217.0, 1239.0, 1226.0, 1232.0, 1234.0, 1241.0, 1249.0, 1254.0, 1263.0, 1278.0, 1283.0, 1302.0, 1297.0, 1319.0, 1319.0, 1315.0, 1309.0, 1327.0, 1322.0, 1336.0, 1343.0, 1331.0, 1328.0, 1332.0, 1358.0, 1366.0, 1364.0, 1366.0, 1354.0, 1366.0, 1353.0, 1372.0, 1376.0, 1408.0, 1419.0, 1379.0, 1403.0, 1389.0, 1411.0, 1411.0, 1411.0, 1413.0, 1419.0, 1438.0, 1428.0, 1447.0, 1426.0, 1430.0, 1430.0, 1442.0, 1448.0, 1467.0, 1446.0, 1460.0, 1468.0, 1467.0, 1467.0, 1482.0, 1481.0, 1492.0, 1493.0, 1512.0, 1500.0, 1522.0, 1509.0, 1510.0, 1508.0, 1508.0, 1516.0, 1529.0, 1552.0, 1551.0, 1551.0, 1581.0, 1575.0, 1567.0, 1565.0, 1568.0, 1571.0, 1566.0, 1568.0, 1583.0, 1601.0, 1591.0, 1600.0, 1590.0, 1608.0, 1598.0, 1611.0, 1611.0, 1614.0, 1614.0, 1611.0, 1616.0, 1615.0, 1620.0, 1610.0, 1614.0, 1625.0, 1626.0, 1625.0, 1628.0, 1628.0, 1629.0, 1630.0, 1631.0, 1632.0, 1631.0, 1630.0, 1632.0, 1631.0, 1640.0, 1635.0, 1645.0, 1645.0, 1651.0, 1651.0, 1653.0, 1645.0, 1668.0, 1675.0, 1679.0, 1674.0, 1693.0, 1681.0, 1690.0, 1693.0, 1697.0, 1696.0, 1717.0, 1692.0, 1700.0, 1716.0, 1708.0, 1714.0, 1693.0, 1692.0, 1714.0, 1726.0, 1734.0, 1737.0, 1731.0, 1738.0, 1732.0, 1742.0, 1738.0, 1734.0, 1731.0, 1744.0, 1775.0, 1759.0, 1751.0, 1752.0, 1760.0, 1769.0, 1778.0, 1796.0, 1802.0, 1816.0, 1803.0, 1803.0, 1797.0, 1802.0, 1823.0, 1834.0, 1847.0, 1849.0, 1846.0, 1847.0, 1828.0, 1818.0, 1827.0, 1844.0, 1849.0, 1838.0, 1850.0, 1856.0, 1846.0, 1839.0, 1832.0, 1870.0, 1877.0, 1878.0, 1869.0, 1869.0, 1864.0, 1871.0, 1832.0, 1832.0, 1824.0, 1817.0, 1806.0, 1804.0, 1793.0, 1791.0, 1833.0, 1842.0, 1844.0, 1847.0, 1886.0, 1882.0, 1878.0, 1878.0, 1842.0, 1839.0, 1842.0, 1807.0, 1780.0, 1804.0, 1785.0, 1796.0, 1780.0, 1773.0, 1767.0, 1767.0, 1791.0, 1802.0, 1782.0, 1773.0, 1784.0, 1796.0, 1793.0, 1794.0, 1795.0, 1777.0, 1800.0, 1786.0, 1785.0, 1785.0, 1779.0, 1776.0, 1786.0, 1786.0, 1793.0, 1772.0, 1779.0, 1770.0, 1765.0, 1770.0, 1773.0, 1773.0, 1777.0, 1777.0, 1780.0, 1767.0, 1757.0, 1771.0, 1789.0, 1749.0, 1709.0, 1711.0, 1723.0, 1718.0, 1721.0, 1732.0, 1746.0, 1746.0, 1743.0, 1749.0, 1741.0, 1749.0, 1753.0, 1753.0, 1746.0, 1739.0, 1746.0, 1750.0, 1757.0, 1762.0, 1743.0, 1742.0, 1747.0, 1747.0, 1691.0, 1707.0, 1694.0, 1676.0, 1664.0, 1664.0, 1665.0, 1665.0, 1674.0, 1676.0, 1663.0, 1668.0, 1677.0, 1667.0, 1663.0, 1662.0, 1648.0, 1648.0, 1652.0, 1636.0, 1652.0, 1644.0, 1646.0, 1646.0, 1644.0, 1642.0, 1644.0, 1638.0, 1644.0, 1644.0, 1645.0, 1644.0, 1644.0, 1627.0, 1627.0, 1596.0, 1605.0, 1632.0, 1626.0, 1611.0, 1601.0, 1609.0, 1618.0, 1602.0, 1602.0, 1603.0, 1591.0, 1596.0, 1587.0, 1578.0, 1574.0, 1585.0, 1576.0, 1577.0, 1567.0, 1556.0, 1589.0, 1577.0, 1556.0, 1561.0, 1546.0, 1571.0, 1579.0, 1565.0, 1563.0, 1551.0, 1535.0, 1535.0, 1544.0, 1540.0, 1533.0, 1526.0, 1531.0, 1494.0, 1530.0, 1519.0, 1509.0, 1509.0, 1512.0, 1505.0, 1509.0, 1503.0, 1496.0, 1478.0, 1483.0, 1485.0, 1471.0, 1483.0, 1472.0, 1454.0, 1451.0, 1459.0, 1465.0, 1466.0, 1466.0, 1466.0, 1450.0, 1438.0, 1436.0, 1440.0, 1434.0, 1423.0, 1417.0, 1414.0, 1414.0, 1397.0, 1401.0, 1410.0, 1400.0, 1394.0, 1404.0, 1406.0, 1397.0, 1397.0, 1401.0, 1404.0, 1407.0, 1421.0, 1377.0, 1371.0, 1379.0, 1360.0, 1373.0, 1366.0, 1366.0, 1375.0, 1376.0, 1373.0, 1355.0, 1355.0, 1365.0, 1366.0, 1362.0, 1366.0, 1363.0, 1364.0, 1361.0, 1357.0, 1358.0, 1353.0, 1357.0, 1362.0, 1353.0, 1353.0, 1357.0, 1353.0, 1348.0, 1349.0, 1348.0, 1346.0, 1349.0, 1349.0, 1351.0, 1348.0, 1334.0, 1348.0, 1336.0, 1326.0, 1338.0, 1331.0, 1335.0, 1311.0, 1327.0, 1330.0, 1317.0, 1323.0, 1329.0, 1317.0, 1318.0, 1308.0, 1328.0, 1321.0, 1302.0, 1309.0, 1309.0, 1312.0, 1317.0, 1322.0, 1307.0, 1304.0, 1307.0, 1314.0, 1322.0, 1315.0, 1294.0, 1304.0, 1296.0, 1299.0, 1306.0, 1304.0, 1304.0, 1299.0, 1306.0, 1309.0, 1325.0, 1316.0, 1324.0, 1295.0, 1308.0, 1309.0, 1301.0, 1303.0, 1308.0, 1295.0, 1292.0, 1302.0, 1305.0, 1305.0, 1302.0, 1309.0, 1314.0, 1310.0, 1326.0, 1326.0, 1317.0, 1321.0, 1318.0, 1318.0, 1311.0, 1314.0, 1314.0, 1309.0, 1314.0, 1312.0, 1319.0, 1323.0, 1323.0, 1316.0, 1319.0, 1326.0, 1324.0, 1318.0, 1310.0, 1313.0, 1309.0, 1311.0, 1317.0, 1319.0, 1324.0, 1324.0, 1321.0, 1320.0, 1320.0, 1315.0, 1314.0, 1323.0, 1319.0, 1325.0, 1325.0, 1323.0, 1332.0, 1348.0, 1353.0, 1345.0, 1355.0, 1373.0, 1366.0, 1334.0, 1345.0, 1345.0, 1343.0, 1351.0, 1362.0, 1360.0, 1363.0, 1363.0, 1373.0, 1386.0, 1360.0, 1366.0, 1375.0, 1371.0, 1373.0, 1369.0, 1362.0, 1364.0, 1382.0, 1382.0, 1399.0, 1396.0, 1392.0, 1385.0, 1388.0, 1396.0, 1408.0, 1412.0, 1403.0, 1433.0, 1433.0, 1439.0, 1436.0, 1421.0, 1431.0, 1445.0, 1443.0, 1449.0, 1449.0, 1456.0, 1459.0, 1454.0, 1444.0, 1444.0, 1440.0, 1457.0, 1461.0, 1461.0, 1444.0, 1440.0, 1441.0, 1443.0, 1447.0, 1457.0, 1454.0, 1450.0, 1438.0, 1454.0, 1457.0, 1457.0, 1457.0]