header: 
  seq: 2047
  stamp: 
    secs: 1548820808
    nsecs: 365108626
  frame_id: "base_link"
angle_min: -2.35619449615
angle_max: 2.35619449615
angle_increment: 0.00436332309619
time_increment: 1.73611151695e-05
scan_time: 0.0250000003725
range_min: 0.019999999553
range_max: 30.0
ranges: [0.4050000011920929, 0.4020000100135803, 0.4129999876022339, 0.421999990940094, 0.41499999165534973, 0.4169999957084656, 0.41600000858306885, 0.41499999165534973, 0.41499999165534973, 0.4189999997615814, 0.4189999997615814, 0.4180000126361847, 0.4180000126361847, 0.4169999957084656, 0.42100000381469727, 0.40299999713897705, 0.3610000014305115, 0.367000013589859, 0.3370000123977661, 0.2939999997615814, 0.36800000071525574, 0.37599998712539673, 0.3959999978542328, 0.4129999876022339, 0.42100000381469727, 0.41999998688697815, 0.41600000858306885, 0.4129999876022339, 0.4099999964237213, 0.40700000524520874, 0.39800000190734863, 0.4129999876022339, 0.42100000381469727, 0.42100000381469727, 0.4230000078678131, 0.4230000078678131, 0.421999990940094, 0.41999998688697815, 0.42100000381469727, 0.42100000381469727, 0.4169999957084656, 0.41600000858306885, 0.41999998688697815, 0.4259999990463257, 0.42800000309944153, 0.42399999499320984, 0.42399999499320984, 0.42100000381469727, 0.4269999861717224, 0.4269999861717224, 0.42100000381469727, 0.42100000381469727, 0.4269999861717224, 0.4269999861717224, 0.4189999997615814, 0.4169999957084656, 0.421999990940094, 0.41999998688697815, 0.41999998688697815, 0.42100000381469727, 0.421999990940094, 0.41999998688697815, 0.421999990940094, 0.4259999990463257, 0.42800000309944153, 0.42800000309944153, 0.42399999499320984, 0.42399999499320984, 0.42399999499320984, 0.4300000071525574, 0.42500001192092896, 0.42399999499320984, 0.42100000381469727, 0.42399999499320984, 0.4309999942779541, 0.4300000071525574, 0.4300000071525574, 0.42899999022483826, 0.4320000112056732, 0.4309999942779541, 0.4359999895095825, 0.4359999895095825, 0.4350000023841858, 0.4339999854564667, 0.4339999854564667, 0.44200000166893005, 0.4440000057220459, 0.4359999895095825, 0.4259999990463257, 0.42500001192092896, 0.42899999022483826, 0.43299999833106995, 0.43299999833106995, 0.43299999833106995, 0.43299999833106995, 0.4320000112056732, 0.4350000023841858, 0.4350000023841858, 0.4449999928474426, 0.4410000145435333, 0.4429999887943268, 0.4399999976158142, 0.44200000166893005, 0.44699999690055847, 0.4440000057220459, 0.4410000145435333, 0.44600000977516174, 0.4490000009536743, 0.4490000009536743, 0.4480000138282776, 0.44600000977516174, 0.44699999690055847, 0.45100000500679016, 0.4490000009536743, 0.4480000138282776, 0.4480000138282776, 0.44699999690055847, 0.44699999690055847, 0.44699999690055847, 0.44600000977516174, 0.44999998807907104, 0.45399999618530273, 0.45500001311302185, 0.45399999618530273, 0.45899999141693115, 0.4580000042915344, 0.4580000042915344, 0.45500001311302185, 0.45500001311302185, 0.460999995470047, 0.460999995470047, 0.4620000123977661, 0.4620000123977661, 0.46299999952316284, 0.46700000762939453, 0.4650000035762787, 0.46700000762939453, 0.4650000035762787, 0.4650000035762787, 0.46299999952316284, 0.46299999952316284, 0.46399998664855957, 0.46399998664855957, 0.4620000123977661, 0.46399998664855957, 0.4699999988079071, 0.4729999899864197, 0.4729999899864197, 0.4699999988079071, 0.4690000116825104, 0.4690000116825104, 0.4690000116825104, 0.47600001096725464, 0.4790000021457672, 0.47600001096725464, 0.47999998927116394, 0.47999998927116394, 0.48100000619888306, 0.48100000619888306, 0.48100000619888306, 0.4790000021457672, 0.4779999852180481, 0.48399999737739563, 0.48100000619888306, 0.4830000102519989, 0.4880000054836273, 0.4819999933242798, 0.47999998927116394, 0.4830000102519989, 0.4819999933242798, 0.48399999737739563, 0.4860000014305115, 0.4869999885559082, 0.4909999966621399, 0.4880000054836273, 0.4880000054836273, 0.49300000071525574, 0.492000013589859, 0.492000013589859, 0.4909999966621399, 0.4959999918937683, 0.4950000047683716, 0.49799999594688416, 0.5, 0.5, 0.5, 0.503000020980835, 0.5090000033378601, 0.5090000033378601, 0.5070000290870667, 0.5099999904632568, 0.5139999985694885, 0.5130000114440918, 0.5099999904632568, 0.5099999904632568, 0.5130000114440918, 0.5170000195503235, 0.5180000066757202, 0.5180000066757202, 0.5230000019073486, 0.5230000019073486, 0.5249999761581421, 0.5270000100135803, 0.5289999842643738, 0.5299999713897705, 0.531000018119812, 0.5350000262260437, 0.5389999747276306, 0.5389999747276306, 0.5440000295639038, 0.5410000085830688, 0.546999990940094, 0.550000011920929, 0.550000011920929, 0.5519999861717224, 0.5550000071525574, 0.5550000071525574, 0.5580000281333923, 0.5550000071525574, 0.5590000152587891, 0.5590000152587891, 0.5630000233650208, 0.5699999928474426, 0.5709999799728394, 0.5720000267028809, 0.578000009059906, 0.5830000042915344, 0.5830000042915344, 0.5830000042915344, 0.5860000252723694, 0.5920000076293945, 0.597000002861023, 0.6029999852180481, 0.6069999933242798, 0.6069999933242798, 0.6050000190734863, 0.6079999804496765, 0.6159999966621399, 0.6169999837875366, 0.621999979019165, 0.625, 0.6240000128746033, 0.6230000257492065, 0.6190000176429749, 0.6190000176429749, 0.628000020980835, 0.6309999823570251, 0.6349999904632568, 0.6420000195503235, 0.640999972820282, 0.6480000019073486, 0.6510000228881836, 0.6510000228881836, 0.6510000228881836, 0.6610000133514404, 0.6679999828338623, 0.6710000038146973, 0.6710000038146973, 0.6740000247955322, 0.6869999766349792, 0.6890000104904175, 0.6909999847412109, 0.6909999847412109, 0.6909999847412109, 0.6970000267028809, 0.7080000042915344, 0.7170000076293945, 0.7210000157356262, 0.7210000157356262, 0.7319999933242798, 0.7360000014305115, 0.7419999837875366, 0.746999979019165, 0.7480000257492065, 0.7599999904632568, 0.765999972820282, 0.7710000276565552, 0.7870000004768372, 0.796999990940094, 0.8119999766349792, 0.8880000114440918, 0.9700000286102295, 2.312000036239624, 2.303999900817871, 2.2880001068115234, 2.2760000228881836, 2.2709999084472656, 2.252000093460083, 2.249000072479248, 2.2360000610351562, 2.2260000705718994, 2.2109999656677246, 2.194000005722046, 2.184999942779541, 2.177000045776367, 2.1700000762939453, 2.1700000762939453, 2.1489999294281006, 2.135999917984009, 2.125999927520752, 2.118000030517578, 2.0969998836517334, 2.0920000076293945, 2.0859999656677246, 2.0810000896453857, 2.0739998817443848, 2.068000078201294, 2.061000108718872, 2.0429999828338623, 2.0329999923706055, 2.0269999504089355, 2.0280001163482666, 2.01200008392334, 2.003000020980835, 1.9989999532699585, 1.99399995803833, 1.9809999465942383, 1.975000023841858, 1.9739999771118164, 1.9700000286102295, 1.9559999704360962, 1.9429999589920044, 1.9279999732971191, 1.9240000247955322, 1.9170000553131104, 1.909000039100647, 1.8990000486373901, 1.8949999809265137, 1.8899999856948853, 1.8839999437332153, 1.88100004196167, 1.86899995803833, 1.8619999885559082, 1.8589999675750732, 1.8539999723434448, 1.843000054359436, 1.8370000123977661, 1.8359999656677246, 1.8279999494552612, 1.8229999542236328, 1.8209999799728394, 1.815000057220459, 1.8109999895095825, 1.8040000200271606, 1.7949999570846558, 1.7860000133514404, 1.781999945640564, 1.777999997138977, 1.7740000486373901, 1.7680000066757202, 1.7619999647140503, 1.75600004196167, 1.746999979019165, 1.7419999837875366, 1.7359999418258667, 1.7319999933242798, 1.7289999723434448, 1.7269999980926514, 1.718000054359436, 1.715000033378601, 1.7029999494552612, 1.7029999494552612, 1.7009999752044678, 1.6929999589920044, 1.6929999589920044, 1.6929999589920044, 1.6920000314712524, 1.6799999475479126, 1.6740000247955322, 1.6670000553131104, 1.6660000085830688, 1.656999945640564, 1.6519999504089355, 1.6519999504089355, 1.6540000438690186, 1.6480000019073486, 1.6419999599456787, 1.6360000371932983, 1.6339999437332153, 1.63100004196167, 1.6239999532699585, 1.61899995803833, 1.61899995803833, 1.621000051498413, 1.6109999418258667, 1.6050000190734863, 1.6019999980926514, 1.5989999771118164, 1.600000023841858, 1.593000054359436, 1.5850000381469727, 1.5800000429153442, 1.5800000429153442, 1.5789999961853027, 1.5679999589920044, 1.5609999895095825, 1.559000015258789, 1.5570000410079956, 1.555999994277954, 1.5570000410079956, 1.5570000410079956, 1.5470000505447388, 1.5490000247955322, 1.5399999618530273, 1.5369999408721924, 1.5299999713897705, 1.5260000228881836, 1.5260000228881836, 1.5240000486373901, 1.5210000276565552, 1.5169999599456787, 1.5169999599456787, 1.5140000581741333, 1.5110000371932983, 1.5099999904632568, 1.50600004196167, 1.50600004196167, 1.496999979019165, 1.49399995803833, 1.4819999933242798, 1.4700000286102295, 1.4700000286102295, 1.4709999561309814, 1.465999960899353, 1.4589999914169312, 1.4609999656677246, 1.4529999494552612, 1.4490000009536743, 1.4490000009536743, 1.4429999589920044, 1.4329999685287476, 1.4290000200271606, 1.4240000247955322, 1.4190000295639038, 1.4160000085830688, 1.4129999876022339, 1.409999966621399, 1.4040000438690186, 1.406000018119812, 1.4040000438690186, 1.3940000534057617, 1.3919999599456787, 1.3919999599456787, 1.378000020980835, 1.371000051498413, 1.36899995803833, 1.3619999885559082, 1.3550000190734863, 1.3509999513626099, 1.3509999513626099, 1.3380000591278076, 1.3339999914169312, 1.3279999494552612, 1.3259999752044678, 1.315999984741211, 1.3170000314712524, 1.3079999685287476, 1.3040000200271606, 1.2990000247955322, 1.2940000295639038, 1.2920000553131104, 1.284999966621399, 1.281000018119812, 1.2769999504089355, 1.2669999599456787, 1.2640000581741333, 1.2610000371932983, 1.25600004196167, 1.2419999837875366, 1.2359999418258667, 1.2359999418258667, 1.2330000400543213, 1.2319999933242798, 1.2319999933242798, 1.2209999561309814, 1.2130000591278076, 1.2109999656677246, 1.2089999914169312, 1.2050000429153442, 1.190000057220459, 1.1829999685287476, 1.1790000200271606, 1.1749999523162842, 1.1729999780654907, 1.1670000553131104, 1.159000039100647, 1.156999945640564, 1.1410000324249268, 1.1419999599456787, 1.1410000324249268, 1.1260000467300415, 1.1260000467300415, 1.1150000095367432, 1.1119999885559082, 1.1080000400543213, 1.093999981880188, 1.093000054359436, 1.0870000123977661, 1.0829999446868896, 1.0789999961853027, 1.0709999799728394, 1.0709999799728394, 1.059999942779541, 1.059999942779541, 1.0509999990463257, 1.0470000505447388, 1.0429999828338623, 1.031999945640564, 1.024999976158142, 1.0240000486373901, 1.0240000486373901, 1.0119999647140503, 1.003000020980835, 0.9890000224113464, 0.9850000143051147, 0.984000027179718, 0.9729999899864197, 0.9729999899864197, 0.972000002861023, 0.9580000042915344, 0.9509999752044678, 0.9480000138282776, 0.9399999976158142, 0.9390000104904175, 0.9340000152587891, 0.9309999942779541, 0.9210000038146973, 0.9179999828338623, 0.9139999747276306, 0.8989999890327454, 0.8939999938011169, 0.8920000195503235, 0.890999972820282, 0.8830000162124634, 0.8740000128746033, 0.8650000095367432, 0.8610000014305115, 0.8519999980926514, 0.847000002861023, 0.8420000076293945, 0.8410000205039978, 0.8420000076293945, 0.8309999704360962, 0.8259999752044678, 0.8230000138282776, 0.8169999718666077, 0.8169999718666077, 0.8059999942779541, 0.8050000071525574, 0.8019999861717224, 0.796999990940094, 0.7919999957084656, 0.7870000004768372, 0.7839999794960022, 0.781000018119812, 0.7730000019073486, 0.7689999938011169, 0.7689999938011169, 0.753000020980835, 0.7480000257492065, 0.7490000128746033, 0.7429999709129333, 0.7390000224113464, 0.7360000014305115, 0.7300000190734863, 0.7239999771118164, 0.722000002861023, 0.7210000157356262, 0.7210000157356262, 0.7160000205039978, 0.7039999961853027, 0.7009999752044678, 0.6930000185966492, 0.6970000267028809, 0.6970000267028809, 0.6850000023841858, 0.6850000023841858, 0.6840000152587891, 0.6790000200271606, 0.671999990940094, 0.6769999861717224, 0.6790000200271606, 0.675000011920929, 0.6650000214576721, 0.6620000004768372, 0.6620000004768372, 0.6610000133514404, 0.6610000133514404, 0.6499999761581421, 0.6480000019073486, 0.6499999761581421, 0.6460000276565552, 0.6449999809265137, 0.6399999856948853, 0.6349999904632568, 0.6299999952316284, 0.628000020980835, 0.628000020980835, 0.625, 0.625, 0.6169999837875366, 0.6140000224113464, 0.6140000224113464, 0.6209999918937683, 0.6129999756813049, 0.6119999885559082, 0.6079999804496765, 0.597000002861023, 0.597000002861023, 0.5989999771118164, 0.5989999771118164, 0.597000002861023, 0.5979999899864197, 0.5960000157356262, 0.5929999947547913, 0.5889999866485596, 0.5849999785423279, 0.5879999995231628, 0.5879999995231628, 0.5879999995231628, 0.5849999785423279, 0.5839999914169312, 0.5789999961853027, 0.5789999961853027, 0.5740000009536743, 0.5559999942779541, 0.5590000152587891, 0.5640000104904175, 0.5640000104904175, 0.5590000152587891, 0.5569999814033508, 0.5580000281333923, 0.5630000233650208, 0.5630000233650208, 0.5569999814033508, 0.5509999990463257, 0.5479999780654907, 0.5460000038146973, 0.546999990940094, 0.5479999780654907, 0.5479999780654907, 0.550000011920929, 0.5450000166893005, 0.5400000214576721, 0.5410000085830688, 0.5410000085830688, 0.5379999876022339, 0.5379999876022339, 0.5389999747276306, 0.5329999923706055, 0.5299999713897705, 0.5299999713897705, 0.5329999923706055, 0.531000018119812, 0.5260000228881836, 0.5270000100135803, 0.527999997138977, 0.531000018119812, 0.5299999713897705, 0.5270000100135803, 0.5220000147819519, 0.5210000276565552, 0.5170000195503235, 0.5170000195503235, 0.5230000019073486, 0.5189999938011169, 0.5149999856948853, 0.5149999856948853, 0.5180000066757202, 0.5180000066757202, 0.5090000033378601, 0.5070000290870667, 0.5120000243186951, 0.5109999775886536, 0.5090000033378601, 0.5070000290870667, 0.5070000290870667, 0.5070000290870667, 0.503000020980835, 0.5049999952316284, 0.5019999742507935, 0.5040000081062317, 0.5019999742507935, 0.5009999871253967, 0.5019999742507935, 0.49300000071525574, 0.49300000071525574, 0.4959999918937683, 0.5, 0.5, 0.5, 0.4959999918937683, 0.4909999966621399, 0.49300000071525574, 0.48899999260902405, 0.492000013589859, 0.4880000054836273, 0.4950000047683716, 0.4869999885559082, 0.4880000054836273, 0.4869999885559082, 0.4880000054836273, 0.49000000953674316, 0.4880000054836273, 0.4860000014305115, 0.48399999737739563, 0.48399999737739563, 0.4819999933242798, 0.48399999737739563, 0.4819999933242798, 0.48100000619888306, 0.48500001430511475, 0.48399999737739563, 0.48399999737739563, 0.47600001096725464, 0.47600001096725464, 0.47600001096725464, 0.47600001096725464, 0.4779999852180481, 0.4790000021457672, 0.4779999852180481, 0.47099998593330383, 0.47600001096725464, 0.4790000021457672, 0.4740000069141388, 0.4729999899864197, 0.4699999988079071, 0.47099998593330383, 0.4740000069141388, 0.4740000069141388, 0.4740000069141388, 0.4740000069141388, 0.47099998593330383, 0.46799999475479126, 0.4690000116825104, 0.46799999475479126, 0.46799999475479126, 0.4690000116825104, 0.4740000069141388, 0.4740000069141388, 0.4740000069141388, 0.4740000069141388, 0.4650000035762787, 0.46700000762939453, 0.47099998593330383, 0.47099998593330383, 0.4749999940395355, 0.4749999940395355, 0.4740000069141388, 0.47099998593330383, 0.4690000116825104, 0.4690000116825104, 0.47200000286102295, 0.46799999475479126, 0.47099998593330383, 0.47099998593330383, 0.4749999940395355, 0.4740000069141388, 0.47099998593330383, 0.46799999475479126, 0.4729999899864197, 0.47099998593330383, 0.46799999475479126, 0.46799999475479126, 0.47099998593330383, 0.4729999899864197, 0.4740000069141388, 0.47099998593330383, 0.4650000035762787, 0.4650000035762787, 0.4749999940395355, 0.4690000116825104, 0.47099998593330383, 0.47099998593330383, 0.46700000762939453, 0.46700000762939453, 0.4699999988079071, 0.4740000069141388, 0.4690000116825104, 0.4690000116825104, 0.4690000116825104, 0.4699999988079071, 0.4749999940395355, 0.4740000069141388, 0.4699999988079071, 0.46700000762939453, 0.46799999475479126, 0.47099998593330383, 0.4740000069141388, 0.46799999475479126, 0.4690000116825104, 0.46799999475479126, 0.4729999899864197, 0.4729999899864197, 0.4749999940395355, 0.4790000021457672, 0.4830000102519989, 0.47999998927116394, 0.4740000069141388, 0.4740000069141388, 0.4749999940395355, 0.4749999940395355, 0.47600001096725464, 0.47600001096725464, 0.47600001096725464, 0.47600001096725464, 0.4749999940395355, 0.4749999940395355, 0.4779999852180481, 0.4779999852180481, 0.47699999809265137, 0.47699999809265137, 0.4790000021457672, 0.4779999852180481, 0.4790000021457672, 0.47699999809265137, 0.4779999852180481, 0.4779999852180481, 0.4790000021457672, 0.4790000021457672, 0.48399999737739563, 0.48399999737739563, 0.4860000014305115, 0.48899999260902405, 0.49000000953674316, 0.4909999966621399, 0.492000013589859, 0.4880000054836273, 0.49000000953674316, 0.49000000953674316, 0.49399998784065247, 0.49000000953674316, 0.49300000071525574, 0.49300000071525574, 0.492000013589859, 0.48899999260902405, 0.4970000088214874, 0.5099999904632568, 0.5019999742507935, 0.4970000088214874, 0.4970000088214874, 0.4970000088214874, 0.49900001287460327, 0.5, 0.49900001287460327, 0.49799999594688416, 0.4959999918937683, 0.503000020980835, 0.503000020980835, 0.5090000033378601, 0.5040000081062317, 0.5040000081062317, 0.5070000290870667, 0.5049999952316284, 0.5040000081062317, 0.503000020980835, 0.503000020980835, 0.5049999952316284, 0.5090000033378601, 0.5070000290870667, 0.5109999775886536, 0.5130000114440918, 0.5149999856948853, 0.5139999985694885, 0.5120000243186951, 0.5139999985694885, 0.5149999856948853, 0.5210000276565552, 0.5210000276565552, 0.5189999938011169, 0.5170000195503235, 0.515999972820282, 0.5189999938011169, 0.5260000228881836, 0.5220000147819519, 0.5199999809265137, 0.5210000276565552, 0.5230000019073486, 0.5270000100135803, 0.5230000019073486, 0.5189999938011169, 0.5289999842643738, 0.5370000004768372, 0.5339999794960022, 0.5320000052452087, 0.5299999713897705, 0.531000018119812, 0.5329999923706055, 0.5370000004768372, 0.5410000085830688, 0.5419999957084656, 0.5379999876022339, 0.5379999876022339, 0.5400000214576721, 0.5419999957084656, 0.5429999828338623, 0.5490000247955322, 0.550000011920929, 0.5490000247955322, 0.5419999957084656, 0.5450000166893005, 0.5509999990463257, 0.5540000200271606, 0.5509999990463257, 0.550000011920929, 0.5529999732971191, 0.5590000152587891, 0.5590000152587891, 0.5590000152587891, 0.5580000281333923, 0.5569999814033508, 0.5609999895095825, 0.5709999799728394, 0.574999988079071, 0.5809999704360962, 0.5879999995231628, 0.5879999995231628, 0.5879999995231628, 0.5870000123977661, 0.5820000171661377, 0.5789999961853027, 0.5830000042915344, 0.5950000286102295, 0.5989999771118164, 0.6050000190734863, 0.6039999723434448, 0.6010000109672546, 0.6010000109672546, 0.6010000109672546, 0.6010000109672546, 0.6010000109672546, 0.6050000190734863, 0.6179999709129333, 0.6150000095367432, 0.6129999756813049, 0.6159999966621399, 0.621999979019165, 0.6240000128746033, 0.6269999742507935, 0.6299999952316284, 0.6290000081062317, 0.6309999823570251, 0.6259999871253967, 0.6240000128746033, 0.6269999742507935, 0.6299999952316284, 0.6320000290870667, 0.6380000114440918, 0.6389999985694885, 0.6460000276565552, 0.6520000100135803, 0.656000018119812, 0.6470000147819519, 0.6439999938011169, 0.6439999938011169, 0.656000018119812, 0.6610000133514404, 0.6639999747276306, 0.6660000085830688, 0.6639999747276306, 0.6610000133514404, 0.6660000085830688, 0.6700000166893005, 0.6710000038146973, 0.6759999990463257, 0.6830000281333923, 0.6830000281333923, 0.6840000152587891, 0.6850000023841858, 0.6850000023841858, 0.6899999976158142, 0.6959999799728394, 0.7009999752044678, 0.7009999752044678, 0.703000009059906, 0.7070000171661377, 0.7110000252723694, 0.7149999737739563, 0.718999981880188, 0.7210000157356262, 0.7250000238418579, 0.7289999723434448, 0.7269999980926514, 0.734000027179718, 0.734000027179718, 0.734000027179718, 0.7390000224113464, 0.7459999918937683, 0.7480000257492065, 0.7490000128746033, 0.7480000257492065, 0.7570000290870667, 0.7580000162124634, 0.7590000033378601, 0.7570000290870667, 0.7570000290870667, 0.765999972820282, 0.7680000066757202, 0.7710000276565552, 0.7760000228881836, 0.7789999842643738, 0.7829999923706055, 0.7799999713897705, 0.7820000052452087, 0.7839999794960022, 0.7929999828338623, 0.7990000247955322, 0.7979999780654907, 0.7950000166893005, 0.7919999957084656, 0.7919999957084656, 0.7979999780654907, 0.7979999780654907, 0.800000011920929, 0.800000011920929, 0.8019999861717224, 0.8029999732971191, 0.8029999732971191, 0.8149999976158142, 0.8130000233650208, 0.8169999718666077, 0.8159999847412109, 0.8159999847412109, 0.8209999799728394, 0.8209999799728394, 0.8230000138282776, 0.8240000009536743, 0.8199999928474426, 0.8199999928474426, 0.8209999799728394, 0.8209999799728394, 0.8220000267028809, 0.828000009059906, 0.8320000171661377, 0.8429999947547913, 0.8510000109672546, 0.8529999852180481, 0.8500000238418579, 0.8500000238418579, 0.8489999771118164, 0.8640000224113464, 0.8650000095367432, 0.859000027179718, 0.8560000061988831, 0.8600000143051147, 0.8600000143051147, 0.8629999756813049, 0.8640000224113464, 0.8640000224113464, 0.8679999709129333, 0.8790000081062317, 0.8669999837875366, 0.8629999756813049, 0.8669999837875366, 0.8709999918937683, 0.8709999918937683, 0.8730000257492065, 0.875, 0.878000020980835, 0.8790000081062317, 0.8799999952316284, 0.8809999823570251, 0.8809999823570251, 0.8840000033378601, 0.902999997138977, 0.9039999842643738, 0.906000018119812, 0.9079999923706055, 0.9179999828338623, 0.9259999990463257, 0.9340000152587891, 0.9359999895095825, 0.9359999895095825, 0.9440000057220459, 0.9430000185966492, 0.9409999847412109, 0.9409999847412109, 0.9480000138282776, 0.9490000009536743, 0.949999988079071, 0.9539999961853027]
intensities: [1136.0, 1132.0, 1269.0, 1446.0, 1449.0, 1536.0, 1628.0, 1664.0, 1668.0, 1718.0, 1718.0, 1742.0, 1742.0, 1672.0, 1638.0, 1411.0, 1093.0, 1137.0, 976.0, 832.0, 969.0, 972.0, 1025.0, 1074.0, 1092.0, 1075.0, 1076.0, 1104.0, 1121.0, 1261.0, 1218.0, 1579.0, 1658.0, 1662.0, 1707.0, 1754.0, 1739.0, 1783.0, 1785.0, 1796.0, 1807.0, 1813.0, 1823.0, 1821.0, 1821.0, 1826.0, 1811.0, 1818.0, 1823.0, 1822.0, 1825.0, 1825.0, 1785.0, 1785.0, 1804.0, 1811.0, 1773.0, 1767.0, 1767.0, 1765.0, 1766.0, 1768.0, 1766.0, 1766.0, 1748.0, 1754.0, 1737.0, 1728.0, 1733.0, 1711.0, 1720.0, 1736.0, 1742.0, 1730.0, 1726.0, 1695.0, 1695.0, 1704.0, 1707.0, 1716.0, 1699.0, 1705.0, 1665.0, 1644.0, 1644.0, 1650.0, 1645.0, 1651.0, 1641.0, 1622.0, 1638.0, 1622.0, 1622.0, 1624.0, 1624.0, 1622.0, 1603.0, 1603.0, 1615.0, 1594.0, 1580.0, 1579.0, 1569.0, 1577.0, 1576.0, 1576.0, 1575.0, 1556.0, 1575.0, 1562.0, 1536.0, 1544.0, 1548.0, 1540.0, 1522.0, 1542.0, 1526.0, 1519.0, 1516.0, 1503.0, 1508.0, 1513.0, 1497.0, 1496.0, 1497.0, 1487.0, 1490.0, 1492.0, 1492.0, 1458.0, 1453.0, 1470.0, 1470.0, 1456.0, 1457.0, 1443.0, 1437.0, 1436.0, 1436.0, 1406.0, 1406.0, 1403.0, 1397.0, 1397.0, 1391.0, 1374.0, 1369.0, 1369.0, 1374.0, 1326.0, 1326.0, 1328.0, 1326.0, 1333.0, 1337.0, 1303.0, 1298.0, 1308.0, 1308.0, 1308.0, 1290.0, 1286.0, 1288.0, 1287.0, 1275.0, 1263.0, 1262.0, 1249.0, 1251.0, 1222.0, 1214.0, 1230.0, 1229.0, 1236.0, 1229.0, 1212.0, 1220.0, 1209.0, 1207.0, 1207.0, 1204.0, 1205.0, 1193.0, 1200.0, 1194.0, 1194.0, 1198.0, 1200.0, 1200.0, 1174.0, 1176.0, 1179.0, 1180.0, 1163.0, 1163.0, 1150.0, 1146.0, 1157.0, 1168.0, 1169.0, 1151.0, 1150.0, 1156.0, 1149.0, 1147.0, 1151.0, 1156.0, 1156.0, 1156.0, 1153.0, 1138.0, 1145.0, 1140.0, 1140.0, 1140.0, 1163.0, 1163.0, 1143.0, 1142.0, 1139.0, 1136.0, 1135.0, 1130.0, 1130.0, 1131.0, 1140.0, 1150.0, 1150.0, 1133.0, 1136.0, 1125.0, 1134.0, 1149.0, 1149.0, 1145.0, 1145.0, 1142.0, 1142.0, 1147.0, 1133.0, 1141.0, 1128.0, 1111.0, 1101.0, 1101.0, 1102.0, 1108.0, 1115.0, 1117.0, 1114.0, 1113.0, 1101.0, 1101.0, 1101.0, 1109.0, 1127.0, 1103.0, 1103.0, 1105.0, 1120.0, 1115.0, 1112.0, 1108.0, 1108.0, 1111.0, 1109.0, 1109.0, 1104.0, 1104.0, 1107.0, 1105.0, 1098.0, 1095.0, 1094.0, 1084.0, 1082.0, 1079.0, 1070.0, 1051.0, 1055.0, 1307.0, 1454.0, 914.0, 917.0, 928.0, 936.0, 935.0, 933.0, 938.0, 941.0, 942.0, 946.0, 941.0, 943.0, 950.0, 938.0, 953.0, 954.0, 958.0, 945.0, 958.0, 950.0, 955.0, 968.0, 965.0, 973.0, 970.0, 974.0, 981.0, 994.0, 991.0, 1000.0, 995.0, 1000.0, 1006.0, 992.0, 1004.0, 1007.0, 1008.0, 1012.0, 1008.0, 994.0, 1008.0, 1000.0, 1003.0, 1007.0, 1006.0, 1005.0, 1001.0, 1012.0, 1015.0, 1010.0, 1017.0, 1008.0, 1017.0, 1010.0, 1020.0, 1028.0, 1027.0, 1036.0, 1033.0, 1031.0, 1040.0, 1047.0, 1048.0, 1048.0, 1047.0, 1051.0, 1068.0, 1051.0, 1046.0, 1061.0, 1074.0, 1070.0, 1062.0, 1063.0, 1079.0, 1086.0, 1082.0, 1086.0, 1084.0, 1087.0, 1086.0, 1082.0, 1090.0, 1092.0, 1101.0, 1092.0, 1091.0, 1105.0, 1105.0, 1102.0, 1109.0, 1111.0, 1124.0, 1103.0, 1104.0, 1120.0, 1105.0, 1090.0, 1110.0, 1116.0, 1116.0, 1112.0, 1103.0, 1106.0, 1105.0, 1107.0, 1128.0, 1111.0, 1110.0, 1135.0, 1135.0, 1123.0, 1103.0, 1098.0, 1107.0, 1110.0, 1107.0, 1102.0, 1102.0, 1101.0, 1100.0, 1085.0, 1111.0, 1105.0, 1102.0, 1099.0, 1118.0, 1120.0, 1106.0, 1116.0, 1115.0, 1105.0, 1105.0, 1107.0, 1107.0, 1109.0, 1105.0, 1097.0, 1097.0, 1097.0, 1087.0, 1098.0, 1101.0, 1109.0, 1098.0, 1095.0, 1094.0, 1087.0, 1095.0, 1110.0, 1104.0, 1106.0, 1122.0, 1122.0, 1128.0, 1120.0, 1133.0, 1132.0, 1136.0, 1137.0, 1137.0, 1132.0, 1130.0, 1127.0, 1130.0, 1116.0, 1112.0, 1137.0, 1106.0, 1113.0, 1112.0, 1129.0, 1113.0, 1130.0, 1122.0, 1114.0, 1119.0, 1119.0, 1122.0, 1128.0, 1124.0, 1123.0, 1126.0, 1129.0, 1132.0, 1128.0, 1138.0, 1141.0, 1141.0, 1141.0, 1143.0, 1142.0, 1147.0, 1140.0, 1142.0, 1155.0, 1156.0, 1139.0, 1149.0, 1146.0, 1154.0, 1159.0, 1152.0, 1162.0, 1163.0, 1140.0, 1148.0, 1157.0, 1158.0, 1161.0, 1168.0, 1163.0, 1161.0, 1154.0, 1162.0, 1156.0, 1155.0, 1160.0, 1145.0, 1165.0, 1174.0, 1174.0, 1172.0, 1182.0, 1178.0, 1174.0, 1188.0, 1173.0, 1159.0, 1172.0, 1182.0, 1178.0, 1183.0, 1181.0, 1169.0, 1179.0, 1180.0, 1196.0, 1182.0, 1183.0, 1185.0, 1189.0, 1193.0, 1201.0, 1182.0, 1195.0, 1202.0, 1192.0, 1201.0, 1216.0, 1219.0, 1220.0, 1226.0, 1228.0, 1257.0, 1272.0, 1271.0, 1263.0, 1260.0, 1257.0, 1280.0, 1301.0, 1296.0, 1302.0, 1305.0, 1330.0, 1330.0, 1341.0, 1344.0, 1359.0, 1360.0, 1364.0, 1373.0, 1368.0, 1374.0, 1375.0, 1391.0, 1375.0, 1389.0, 1407.0, 1389.0, 1430.0, 1415.0, 1445.0, 1452.0, 1459.0, 1475.0, 1462.0, 1452.0, 1482.0, 1464.0, 1483.0, 1481.0, 1467.0, 1491.0, 1508.0, 1514.0, 1503.0, 1512.0, 1517.0, 1508.0, 1516.0, 1514.0, 1514.0, 1503.0, 1521.0, 1534.0, 1538.0, 1554.0, 1511.0, 1534.0, 1522.0, 1547.0, 1557.0, 1575.0, 1575.0, 1553.0, 1573.0, 1586.0, 1595.0, 1595.0, 1607.0, 1619.0, 1613.0, 1621.0, 1610.0, 1610.0, 1616.0, 1616.0, 1606.0, 1626.0, 1645.0, 1634.0, 1624.0, 1630.0, 1642.0, 1642.0, 1647.0, 1645.0, 1644.0, 1644.0, 1644.0, 1658.0, 1663.0, 1659.0, 1668.0, 1678.0, 1691.0, 1687.0, 1679.0, 1666.0, 1666.0, 1662.0, 1645.0, 1652.0, 1663.0, 1699.0, 1707.0, 1701.0, 1695.0, 1710.0, 1710.0, 1713.0, 1713.0, 1717.0, 1720.0, 1728.0, 1727.0, 1731.0, 1725.0, 1718.0, 1720.0, 1720.0, 1721.0, 1732.0, 1748.0, 1748.0, 1748.0, 1757.0, 1763.0, 1748.0, 1748.0, 1772.0, 1773.0, 1771.0, 1771.0, 1757.0, 1757.0, 1793.0, 1781.0, 1782.0, 1785.0, 1789.0, 1774.0, 1776.0, 1788.0, 1784.0, 1784.0, 1784.0, 1786.0, 1791.0, 1791.0, 1802.0, 1809.0, 1814.0, 1790.0, 1783.0, 1783.0, 1783.0, 1790.0, 1792.0, 1803.0, 1784.0, 1804.0, 1765.0, 1793.0, 1809.0, 1811.0, 1824.0, 1822.0, 1818.0, 1812.0, 1809.0, 1809.0, 1805.0, 1811.0, 1821.0, 1817.0, 1814.0, 1831.0, 1840.0, 1833.0, 1860.0, 1860.0, 1844.0, 1844.0, 1850.0, 1841.0, 1849.0, 1855.0, 1857.0, 1881.0, 1888.0, 1884.0, 1879.0, 1878.0, 1845.0, 1844.0, 1830.0, 1820.0, 1814.0, 1803.0, 1821.0, 1850.0, 1850.0, 1833.0, 1816.0, 1816.0, 1820.0, 1828.0, 1813.0, 1800.0, 1763.0, 1763.0, 1781.0, 1783.0, 1789.0, 1795.0, 1790.0, 1787.0, 1760.0, 1770.0, 1766.0, 1766.0, 1770.0, 1763.0, 1774.0, 1775.0, 1785.0, 1765.0, 1792.0, 1792.0, 1797.0, 1767.0, 1772.0, 1771.0, 1744.0, 1744.0, 1748.0, 1769.0, 1747.0, 1748.0, 1743.0, 1733.0, 1728.0, 1733.0, 1727.0, 1733.0, 1729.0, 1726.0, 1740.0, 1742.0, 1722.0, 1713.0, 1721.0, 1744.0, 1728.0, 1706.0, 1713.0, 1706.0, 1712.0, 1707.0, 1701.0, 1695.0, 1694.0, 1683.0, 1670.0, 1670.0, 1638.0, 1637.0, 1655.0, 1641.0, 1629.0, 1629.0, 1625.0, 1623.0, 1611.0, 1611.0, 1598.0, 1596.0, 1593.0, 1587.0, 1594.0, 1583.0, 1567.0, 1567.0, 1577.0, 1583.0, 1591.0, 1591.0, 1579.0, 1567.0, 1567.0, 1564.0, 1561.0, 1527.0, 1532.0, 1532.0, 1533.0, 1517.0, 1504.0, 1508.0, 1491.0, 1489.0, 1490.0, 1473.0, 1482.0, 1471.0, 1470.0, 1470.0, 1472.0, 1470.0, 1455.0, 1458.0, 1443.0, 1436.0, 1436.0, 1420.0, 1408.0, 1417.0, 1412.0, 1396.0, 1391.0, 1397.0, 1401.0, 1390.0, 1390.0, 1376.0, 1367.0, 1361.0, 1343.0, 1338.0, 1351.0, 1377.0, 1357.0, 1348.0, 1334.0, 1326.0, 1325.0, 1327.0, 1326.0, 1325.0, 1311.0, 1302.0, 1319.0, 1279.0, 1297.0, 1290.0, 1269.0, 1276.0, 1266.0, 1267.0, 1271.0, 1273.0, 1262.0, 1245.0, 1248.0, 1251.0, 1244.0, 1213.0, 1228.0, 1212.0, 1214.0, 1213.0, 1224.0, 1235.0, 1226.0, 1205.0, 1197.0, 1198.0, 1194.0, 1200.0, 1193.0, 1179.0, 1192.0, 1185.0, 1189.0, 1184.0, 1176.0, 1183.0, 1192.0, 1198.0, 1216.0, 1199.0, 1176.0, 1181.0, 1177.0, 1162.0, 1163.0, 1165.0, 1161.0, 1160.0, 1160.0, 1159.0, 1159.0, 1159.0, 1155.0, 1155.0, 1159.0, 1158.0, 1158.0, 1153.0, 1153.0, 1153.0, 1160.0, 1150.0, 1148.0, 1146.0, 1147.0, 1148.0, 1148.0, 1150.0, 1148.0, 1146.0, 1143.0, 1149.0, 1144.0, 1152.0, 1156.0, 1155.0, 1172.0, 1168.0, 1151.0, 1149.0, 1145.0, 1147.0, 1159.0, 1146.0, 1135.0, 1139.0, 1152.0, 1140.0, 1146.0, 1155.0, 1155.0, 1142.0, 1146.0, 1150.0, 1169.0, 1169.0, 1180.0, 1177.0, 1179.0, 1186.0, 1180.0, 1215.0, 1230.0, 1222.0, 1225.0, 1226.0, 1228.0, 1256.0, 1255.0, 1224.0, 1234.0, 1246.0, 1245.0, 1250.0, 1230.0, 1241.0, 1245.0, 1252.0, 1249.0, 1249.0, 1244.0, 1240.0, 1235.0, 1247.0, 1247.0, 1269.0, 1245.0, 1245.0, 1246.0, 1247.0, 1257.0, 1243.0, 1236.0, 1226.0, 1231.0, 1249.0, 1251.0, 1255.0, 1250.0, 1255.0, 1256.0, 1257.0, 1276.0, 1280.0, 1289.0, 1284.0, 1284.0, 1271.0, 1271.0, 1271.0, 1266.0, 1259.0, 1259.0, 1276.0, 1276.0, 1261.0, 1284.0, 1293.0, 1288.0, 1289.0, 1305.0, 1310.0, 1309.0, 1302.0, 1300.0, 1309.0, 1314.0, 1302.0, 1311.0, 1311.0, 1317.0, 1319.0, 1319.0, 1320.0, 1324.0, 1314.0, 1320.0, 1310.0, 1304.0, 1304.0, 1308.0, 1308.0, 1303.0, 1305.0, 1310.0, 1312.0, 1336.0, 1316.0, 1314.0, 1309.0, 1311.0, 1306.0, 1310.0, 1303.0, 1302.0, 1292.0, 1306.0, 1312.0, 1301.0, 1295.0, 1295.0, 1323.0, 1310.0, 1318.0, 1324.0]