header: 
  seq: 2571
  stamp: 
    secs: 1548820821
    nsecs: 489929549
  frame_id: "base_link"
angle_min: -2.35619449615
angle_max: 2.35619449615
angle_increment: 0.00436332309619
time_increment: 1.73611151695e-05
scan_time: 0.0250000003725
range_min: 0.019999999553
range_max: 30.0
ranges: [0.5370000004768372, 0.5550000071525574, 0.5600000023841858, 0.5569999814033508, 0.5609999895095825, 0.5649999976158142, 0.5590000152587891, 0.5440000295639038, 0.5440000295639038, 0.5419999957084656, 0.5440000295639038, 0.5419999957084656, 0.5270000100135803, 0.531000018119812, 0.5049999952316284, 0.4300000071525574, 0.367000013589859, 0.27799999713897705, 0.30300000309944153, 0.32499998807907104, 0.39899998903274536, 0.46299999952316284, 0.49399998784065247, 0.5049999952316284, 0.5249999761581421, 0.5239999890327454, 0.515999972820282, 0.5099999904632568, 0.5009999871253967, 0.503000020980835, 0.5, 0.48899999260902405, 0.48500001430511475, 0.48399999737739563, 0.48399999737739563, 0.4860000014305115, 0.48899999260902405, 0.4880000054836273, 0.4880000054836273, 0.4819999933242798, 0.4819999933242798, 0.4830000102519989, 0.4830000102519989, 0.4819999933242798, 0.4659999907016754, 0.46399998664855957, 0.46399998664855957, 0.46399998664855957, 0.46299999952316284, 0.46299999952316284, 0.460999995470047, 0.46000000834465027, 0.4569999873638153, 0.4560000002384186, 0.4560000002384186, 0.45100000500679016, 0.4490000009536743, 0.44699999690055847, 0.4449999928474426, 0.4440000057220459, 0.4440000057220459, 0.4399999976158142, 0.4309999942779541, 0.4309999942779541, 0.4300000071525574, 0.4390000104904175, 0.4309999942779541, 0.4269999861717224, 0.4269999861717224, 0.4189999997615814, 0.4180000126361847, 0.4169999957084656, 0.41600000858306885, 0.41600000858306885, 0.4129999876022339, 0.41100001335144043, 0.41200000047683716, 0.40799999237060547, 0.40299999713897705, 0.4050000011920929, 0.4050000011920929, 0.4059999883174896, 0.39800000190734863, 0.3959999978542328, 0.3959999978542328, 0.39500001072883606, 0.3930000066757202, 0.3919999897480011, 0.3959999978542328, 0.39500001072883606, 0.3840000033378601, 0.3840000033378601, 0.3840000033378601, 0.3840000033378601, 0.382999986410141, 0.382999986410141, 0.37299999594688416, 0.3700000047683716, 0.382999986410141, 0.382999986410141, 0.37299999594688416, 0.36500000953674316, 0.367000013589859, 0.3720000088214874, 0.375, 0.375, 0.3709999918937683, 0.36399999260902405, 0.3630000054836273, 0.367000013589859, 0.367000013589859, 0.367000013589859, 0.3610000014305115, 0.3540000021457672, 0.3569999933242798, 0.35600000619888306, 0.35600000619888306, 0.3529999852180481, 0.35100001096725464, 0.3479999899864197, 0.34700000286102295, 0.34700000286102295, 0.34599998593330383, 0.35100001096725464, 0.3499999940395355, 0.3449999988079071, 0.3449999988079071, 0.3440000116825104, 0.34299999475479126, 0.34200000762939453, 0.3409999907016754, 0.34299999475479126, 0.3409999907016754, 0.33899998664855957, 0.3409999907016754, 0.34200000762939453, 0.3400000035762787, 0.3400000035762787, 0.3409999907016754, 0.34200000762939453, 0.33799999952316284, 0.335999995470047, 0.335999995470047, 0.3269999921321869, 0.3230000138282776, 0.3199999928474426, 0.32199999690055847, 0.32199999690055847, 0.3230000138282776, 0.3240000009536743, 0.3230000138282776, 0.3179999887943268, 0.3140000104904175, 0.31299999356269836, 0.31299999356269836, 0.3199999928474426, 0.31700000166893005, 0.31200000643730164, 0.3109999895095825, 0.3149999976158142, 0.3149999976158142, 0.31299999356269836, 0.31200000643730164, 0.31200000643730164, 0.3109999895095825, 0.3100000023841858, 0.3100000023841858, 0.3089999854564667, 0.30799999833106995, 0.3100000023841858, 0.31200000643730164, 0.3160000145435333, 0.3140000104904175, 0.3140000104904175, 0.3140000104904175, 0.3140000104904175, 0.3140000104904175, 0.31299999356269836, 0.31200000643730164, 0.3100000023841858, 0.3100000023841858, 0.30300000309944153, 0.3019999861717224, 0.3009999990463257, 0.3070000112056732, 0.3100000023841858, 0.3070000112056732, 0.3050000071525574, 0.30000001192092896, 0.30300000309944153, 0.3059999942779541, 0.30799999833106995, 0.3009999990463257, 0.3009999990463257, 0.30799999833106995, 0.3100000023841858, 0.3050000071525574, 0.30399999022483826, 0.30399999022483826, 0.3070000112056732, 0.3070000112056732, 0.31200000643730164, 0.3160000145435333, 0.31200000643730164, 0.30799999833106995, 0.30799999833106995, 0.3160000145435333, 0.3190000057220459, 0.3240000009536743, 0.31700000166893005, 0.3179999887943268, 0.3199999928474426, 0.32100000977516174, 0.3160000145435333, 0.31700000166893005, 0.3179999887943268, 0.3179999887943268, 0.33500000834465027, 0.33000001311302185, 0.3269999921321869, 0.32199999690055847, 0.3190000057220459, 0.3240000009536743, 0.3240000009536743, 0.3240000009536743, 0.32199999690055847, 0.3269999921321869, 0.33799999952316284, 0.33500000834465027, 0.34200000762939453, 0.33899998664855957, 0.3400000035762787, 0.34200000762939453, 0.35199999809265137, 0.3490000069141388, 0.3499999940395355, 0.3499999940395355, 0.3529999852180481, 0.35499998927116394, 0.36000001430511475, 0.3659999966621399, 0.3709999918937683, 0.367000013589859, 0.367000013589859, 0.36399999260902405, 0.3659999966621399, 0.37400001287460327, 0.3869999945163727, 0.38999998569488525, 0.38999998569488525, 0.41100001335144043, 0.4320000112056732, 0.45399999618530273, 0.5130000114440918, 0.6050000190734863, 0.41200000047683716, 2.311000108718872, 2.311000108718872, 2.302999973297119, 2.296999931335449, 2.296999931335449, 2.2939999103546143, 2.2929999828338623, 2.2909998893737793, 2.2909998893737793, 2.2890000343322754, 2.2869999408721924, 2.2829999923706055, 2.2829999923706055, 2.2780001163482666, 2.2739999294281006, 2.2690000534057617, 2.2660000324249268, 2.2679998874664307, 2.260999917984009, 2.25600004196167, 2.243000030517578, 2.246000051498413, 2.247999906539917, 2.246000051498413, 2.246999979019165, 2.24399995803833, 2.243000030517578, 2.243000030517578, 2.2320001125335693, 2.2309999465942383, 2.2290000915527344, 2.2230000495910645, 2.2249999046325684, 2.2269999980926514, 2.2239999771118164, 2.2230000495910645, 2.2209999561309814, 2.2130000591278076, 2.2090001106262207, 2.2070000171661377, 2.197000026702881, 2.2019999027252197, 2.2009999752044678, 2.2009999752044678, 2.186000108718872, 2.184999942779541, 2.184000015258789, 2.181999921798706, 2.1730000972747803, 2.171999931335449, 2.171999931335449, 2.1659998893737793, 2.1649999618530273, 2.1659998893737793, 2.1549999713897705, 2.1519999504089355, 2.1489999294281006, 2.1449999809265137, 2.1449999809265137, 2.1410000324249268, 2.1410000324249268, 2.132999897003174, 2.121999979019165, 2.115999937057495, 2.1089999675750732, 2.1019999980926514, 2.0959999561309814, 2.0920000076293945, 2.0869998931884766, 2.0820000171661377, 2.0820000171661377, 2.0859999656677246, 2.0789999961853027, 2.072999954223633, 2.061000108718872, 2.058000087738037, 2.052999973297119, 2.0510001182556152, 2.0450000762939453, 2.0409998893737793, 2.0320000648498535, 2.0269999504089355, 2.0250000953674316, 2.0160000324249268, 2.009000062942505, 2.002000093460083, 1.9989999532699585, 1.9819999933242798, 1.9789999723434448, 1.9739999771118164, 1.9709999561309814, 1.968000054359436, 1.9520000219345093, 1.9429999589920044, 1.9329999685287476, 1.9270000457763672, 1.9220000505447388, 1.9179999828338623, 1.906000018119812, 1.8899999856948853, 1.8940000534057617, 1.8839999437332153, 1.871000051498413, 1.8650000095367432, 1.8580000400543213, 1.8559999465942383, 1.8420000076293945, 1.8339999914169312, 1.819000005722046, 1.812000036239624, 1.815999984741211, 1.8009999990463257, 1.7869999408721924, 1.7799999713897705, 1.7680000066757202, 1.7480000257492065, 1.7400000095367432, 1.7289999723434448, 1.7259999513626099, 1.7139999866485596, 1.7120000123977661, 1.6970000267028809, 1.687999963760376, 1.6790000200271606, 1.6670000553131104, 1.6510000228881836, 1.6480000019073486, 1.63100004196167, 1.625, 1.6180000305175781, 1.6009999513626099, 1.593999981880188, 1.5829999446868896, 1.562999963760376, 1.5549999475479126, 1.5429999828338623, 1.5379999876022339, 1.5299999713897705, 1.5180000066757202, 1.5110000371932983, 1.503000020980835, 1.496000051498413, 1.4880000352859497, 1.4730000495910645, 1.4589999914169312, 1.4550000429153442, 1.4539999961853027, 1.440000057220459, 1.437000036239624, 1.4290000200271606, 1.4240000247955322, 1.4049999713897705, 1.4049999713897705, 1.3930000066757202, 1.3890000581741333, 1.3869999647140503, 1.378000020980835, 1.3639999628067017, 1.3630000352859497, 1.3580000400543213, 1.343000054359436, 1.3350000381469727, 1.3300000429153442, 1.3250000476837158, 1.3170000314712524, 1.309000015258789, 1.3109999895095825, 1.2960000038146973, 1.2970000505447388, 1.284999966621399, 1.2790000438690186, 1.274999976158142, 1.2669999599456787, 1.2640000581741333, 1.2610000371932983, 1.2519999742507935, 1.2419999837875366, 1.2300000190734863, 1.2280000448226929, 1.2259999513626099, 1.215999960899353, 1.2170000076293945, 1.2029999494552612, 1.1990000009536743, 1.2020000219345093, 1.187000036239624, 1.1859999895095825, 1.1890000104904175, 1.187999963760376, 1.1820000410079956, 1.1790000200271606, 1.1679999828338623, 1.1649999618530273, 1.1690000295639038, 1.1660000085830688, 1.1519999504089355, 1.1430000066757202, 1.1430000066757202, 1.1399999856948853, 1.1399999856948853, 1.1360000371932983, 1.1319999694824219, 1.1260000467300415, 1.1260000467300415, 1.1169999837875366, 1.1150000095367432, 1.1119999885559082, 1.1100000143051147, 1.1050000190734863, 1.1050000190734863, 1.1069999933242798, 1.1009999513626099, 1.0980000495910645, 1.0880000591278076, 1.0859999656677246, 1.090999960899353, 1.0789999961853027, 1.0779999494552612, 1.0750000476837158, 1.0759999752044678, 1.0740000009536743, 1.0729999542236328, 1.065000057220459, 1.059999942779541, 1.059999942779541, 1.0499999523162842, 1.0499999523162842, 1.0499999523162842, 1.0490000247955322, 1.0460000038146973, 1.0490000247955322, 1.0429999828338623, 1.0420000553131104, 1.0420000553131104, 1.0399999618530273, 1.0379999876022339, 1.0329999923706055, 1.027999997138977, 1.0260000228881836, 1.024999976158142, 1.0130000114440918, 1.0130000114440918, 1.0130000114440918, 1.0160000324249268, 1.0119999647140503, 1.003000020980835, 0.9980000257492065, 0.9950000047683716, 0.9909999966621399, 0.9919999837875366, 0.9869999885559082, 0.9869999885559082, 0.9900000095367432, 0.9890000224113464, 0.9860000014305115, 0.9829999804496765, 0.9810000061988831, 0.9800000190734863, 0.9789999723434448, 0.9750000238418579, 0.9679999947547913, 0.9639999866485596, 0.9670000076293945, 0.9660000205039978, 0.9610000252723694, 0.9599999785423279, 0.9639999866485596, 0.9639999866485596, 0.968999981880188, 0.9700000286102295, 0.9739999771118164, 0.9660000205039978, 0.9629999995231628, 0.9589999914169312, 0.9549999833106995, 0.9549999833106995, 0.9539999961853027, 0.953000009059906, 0.9490000009536743, 0.9470000267028809, 0.9459999799728394, 0.9459999799728394, 0.9470000267028809, 0.9470000267028809, 0.9449999928474426, 0.9449999928474426, 0.9409999847412109, 0.9380000233650208, 0.9380000233650208, 0.9390000104904175, 0.9399999976158142, 0.9380000233650208, 0.9359999895095825, 0.9330000281333923, 0.9269999861717224, 0.9300000071525574, 0.9240000247955322, 0.925000011920929, 0.925000011920929, 0.925000011920929, 0.9229999780654907, 0.9160000085830688, 0.9150000214576721, 0.9160000085830688, 0.9169999957084656, 0.9169999957084656, 0.9110000133514404, 0.9079999923706055, 0.9079999923706055, 0.9070000052452087, 0.9089999794960022, 0.9100000262260437, 0.9129999876022339, 0.9120000004768372, 0.9039999842643738, 0.890999972820282, 0.8899999856948853, 0.8930000066757202, 0.8949999809265137, 0.890999972820282, 0.890999972820282, 0.890999972820282, 0.8920000195503235, 0.8920000195503235, 0.890999972820282, 0.8859999775886536, 0.8870000243186951, 0.8859999775886536, 0.8840000033378601, 0.8840000033378601, 0.878000020980835, 0.878000020980835, 0.878000020980835, 0.878000020980835, 0.878000020980835, 0.8740000128746033, 0.875, 0.8740000128746033, 0.8740000128746033, 0.8709999918937683, 0.8709999918937683, 0.8700000047683716, 0.8569999933242798, 0.8569999933242798, 0.859000027179718, 0.8619999885559082, 0.8650000095367432, 0.8669999837875366, 0.8640000224113464, 0.859000027179718, 0.8519999980926514, 0.8550000190734863, 0.859000027179718, 0.859000027179718, 0.859000027179718, 0.8510000109672546, 0.847000002861023, 0.847000002861023, 0.8500000238418579, 0.8569999933242798, 0.8569999933242798, 0.8510000109672546, 0.8500000238418579, 0.8450000286102295, 0.8399999737739563, 0.8370000123977661, 0.8379999995231628, 0.8370000123977661, 0.8339999914169312, 0.8320000171661377, 0.8330000042915344, 0.8349999785423279, 0.8349999785423279, 0.8259999752044678, 0.8230000138282776, 0.8270000219345093, 0.8270000219345093, 0.824999988079071, 0.824999988079071, 0.8230000138282776, 0.8230000138282776, 0.8299999833106995, 0.824999988079071, 0.8180000185966492, 0.8119999766349792, 0.8109999895095825, 0.8180000185966492, 0.8190000057220459, 0.8190000057220459, 0.8149999976158142, 0.8059999942779541, 0.8040000200271606, 0.8029999732971191, 0.8040000200271606, 0.8040000200271606, 0.8009999990463257, 0.8090000152587891, 0.8019999861717224, 0.8029999732971191, 0.8019999861717224, 0.8029999732971191, 0.8029999732971191, 0.8009999990463257, 0.7979999780654907, 0.7979999780654907, 0.7940000295639038, 0.7910000085830688, 0.7910000085830688, 0.7889999747276306, 0.7879999876022339, 0.7870000004768372, 0.7829999923706055, 0.7799999713897705, 0.7829999923706055, 0.7860000133514404, 0.7879999876022339, 0.7850000262260437, 0.7789999842643738, 0.7789999842643738, 0.7850000262260437, 0.7870000004768372, 0.7799999713897705, 0.777999997138977, 0.777999997138977, 0.7739999890327454, 0.7770000100135803, 0.7770000100135803, 0.7770000100135803, 0.7739999890327454, 0.7689999938011169, 0.7599999904632568, 0.7590000033378601, 0.7580000162124634, 0.7580000162124634, 0.7630000114440918, 0.7630000114440918, 0.7599999904632568, 0.7630000114440918, 0.7590000033378601, 0.7570000290870667, 0.7570000290870667, 0.7540000081062317, 0.7540000081062317, 0.7519999742507935, 0.7509999871253967, 0.7440000176429749, 0.7450000047683716, 0.7440000176429749, 0.7450000047683716, 0.7450000047683716, 0.7450000047683716, 0.7440000176429749, 0.734000027179718, 0.7329999804496765, 0.7329999804496765, 0.7310000061988831, 0.7300000190734863, 0.7310000061988831, 0.7350000143051147, 0.7360000014305115, 0.7390000224113464, 0.7390000224113464, 0.7269999980926514, 0.7269999980926514, 0.7239999771118164, 0.7239999771118164, 0.7210000157356262, 0.7279999852180481, 0.7250000238418579, 0.7239999771118164, 0.7200000286102295, 0.7239999771118164, 0.7239999771118164, 0.7239999771118164, 0.7239999771118164, 0.7260000109672546, 0.7210000157356262, 0.7170000076293945, 0.7149999737739563, 0.7149999737739563, 0.7160000205039978, 0.7129999995231628, 0.7099999785423279, 0.7129999995231628, 0.7160000205039978, 0.7129999995231628, 0.7129999995231628, 0.7129999995231628, 0.7129999995231628, 0.7110000252723694, 0.7070000171661377, 0.7070000171661377, 0.7080000042915344, 0.7120000123977661, 0.7020000219345093, 0.7039999961853027, 0.7039999961853027, 0.7059999704360962, 0.7049999833106995, 0.703000009059906, 0.6990000009536743, 0.6970000267028809, 0.6959999799728394, 0.6930000185966492, 0.6909999847412109, 0.6940000057220459, 0.7009999752044678, 0.7009999752044678, 0.6930000185966492, 0.6930000185966492, 0.6940000057220459, 0.6899999976158142, 0.6859999895095825, 0.6840000152587891, 0.6899999976158142, 0.6930000185966492, 0.6940000057220459, 0.6850000023841858, 0.6850000023841858, 0.6869999766349792, 0.6830000281333923, 0.6869999766349792, 0.6890000104904175, 0.6840000152587891, 0.6779999732971191, 0.6830000281333923, 0.6840000152587891, 0.6830000281333923, 0.6890000104904175, 0.6850000023841858, 0.6869999766349792, 0.6759999990463257, 0.6779999732971191, 0.675000011920929, 0.6759999990463257, 0.675000011920929, 0.6759999990463257, 0.671999990940094, 0.6669999957084656, 0.6740000247955322, 0.6779999732971191, 0.6759999990463257, 0.675000011920929, 0.6700000166893005, 0.6700000166893005, 0.6769999861717224, 0.6800000071525574, 0.6710000038146973, 0.6729999780654907, 0.6729999780654907, 0.6710000038146973, 0.6679999828338623, 0.6729999780654907, 0.6759999990463257, 0.6729999780654907, 0.6729999780654907, 0.6700000166893005, 0.6700000166893005, 0.6700000166893005, 0.6669999957084656, 0.6729999780654907, 0.6700000166893005, 0.6700000166893005, 0.6679999828338623, 0.6669999957084656, 0.6589999794960022, 0.6600000262260437, 0.6650000214576721, 0.6639999747276306, 0.6600000262260437, 0.6600000262260437, 0.6600000262260437, 0.6600000262260437, 0.6600000262260437, 0.6600000262260437, 0.6620000004768372, 0.6600000262260437, 0.656000018119812, 0.6520000100135803, 0.6589999794960022, 0.6589999794960022, 0.6589999794960022, 0.6589999794960022, 0.6589999794960022, 0.6579999923706055, 0.6629999876022339, 0.656000018119812, 0.6669999957084656, 0.6539999842643738, 0.6510000228881836, 0.6520000100135803, 0.6489999890327454, 0.6480000019073486, 0.6510000228881836, 0.6549999713897705, 0.6510000228881836, 0.6520000100135803, 0.6610000133514404, 0.6539999842643738, 0.6480000019073486, 0.6470000147819519, 0.6460000276565552, 0.6460000276565552, 0.6460000276565552, 0.6579999923706055, 0.6539999842643738, 0.6480000019073486, 0.6439999938011169, 0.6449999809265137, 0.6460000276565552, 0.6489999890327454, 0.6480000019073486, 0.6510000228881836, 0.6470000147819519, 0.6460000276565552, 0.6420000195503235, 0.6380000114440918, 0.640999972820282, 0.6430000066757202, 0.6439999938011169, 0.6399999856948853, 0.6430000066757202, 0.6399999856948853, 0.6359999775886536, 0.640999972820282, 0.640999972820282, 0.6449999809265137, 0.6439999938011169, 0.6430000066757202, 0.6370000243186951, 0.6359999775886536, 0.640999972820282, 0.6349999904632568, 0.6320000290870667, 0.6290000081062317, 0.6340000033378601, 0.6340000033378601, 0.6370000243186951, 0.6359999775886536, 0.6359999775886536, 0.6330000162124634, 0.6340000033378601, 0.6349999904632568, 0.6340000033378601, 0.6389999985694885, 0.6370000243186951, 0.628000020980835, 0.628000020980835, 0.6340000033378601, 0.6349999904632568, 0.6359999775886536, 0.6370000243186951, 0.6359999775886536, 0.6349999904632568, 0.6349999904632568, 0.6370000243186951, 0.6359999775886536, 0.6330000162124634, 0.6330000162124634, 0.6340000033378601, 0.6330000162124634, 0.6330000162124634, 0.6309999823570251, 0.6320000290870667, 0.6309999823570251, 0.6299999952316284, 0.6309999823570251, 0.628000020980835, 0.6349999904632568, 0.6420000195503235, 0.6269999742507935, 0.6230000257492065, 0.6230000257492065, 0.625, 0.6209999918937683, 0.621999979019165, 0.6190000176429749, 0.6129999756813049, 0.6140000224113464, 0.6209999918937683, 0.6230000257492065, 0.6240000128746033, 0.628000020980835, 0.6259999871253967, 0.6230000257492065, 0.6209999918937683, 0.6230000257492065, 0.6240000128746033, 0.6240000128746033, 0.6240000128746033, 0.6240000128746033, 0.625, 0.6240000128746033, 0.6230000257492065, 0.625, 0.625, 0.628000020980835, 0.6299999952316284, 0.6349999904632568, 0.625, 0.6240000128746033, 0.6200000047683716, 0.6179999709129333, 0.6209999918937683, 0.6209999918937683, 0.6159999966621399, 0.6209999918937683, 0.628000020980835, 0.625, 0.621999979019165, 0.6169999837875366, 0.6159999966621399, 0.6209999918937683, 0.6259999871253967, 0.625, 0.625, 0.625, 0.6290000081062317, 0.6259999871253967, 0.625, 0.6230000257492065, 0.6209999918937683, 0.625, 0.6240000128746033, 0.6200000047683716, 0.6200000047683716, 0.621999979019165, 0.625, 0.6200000047683716, 0.6290000081062317, 0.628000020980835, 0.6320000290870667, 0.6320000290870667, 0.6340000033378601, 0.6340000033378601, 0.6290000081062317, 0.628000020980835, 0.6269999742507935, 0.6259999871253967, 0.6259999871253967, 0.6230000257492065, 0.6259999871253967, 0.6320000290870667, 0.6309999823570251, 0.6370000243186951, 0.6389999985694885, 0.6389999985694885, 0.6349999904632568, 0.6340000033378601, 0.6330000162124634, 0.6330000162124634, 0.628000020980835, 0.6290000081062317, 0.6290000081062317, 0.628000020980835, 0.6290000081062317, 0.628000020980835, 0.621999979019165, 0.621999979019165, 0.621999979019165, 0.6230000257492065, 0.6230000257492065, 0.6230000257492065, 0.621999979019165, 0.621999979019165, 0.6230000257492065, 0.6190000176429749, 0.6230000257492065, 0.621999979019165, 0.621999979019165, 0.621999979019165, 0.6200000047683716, 0.6200000047683716, 0.6240000128746033, 0.6240000128746033, 0.6259999871253967, 0.6290000081062317, 0.6240000128746033, 0.625, 0.6240000128746033, 0.628000020980835, 0.6309999823570251, 0.6299999952316284, 0.6269999742507935, 0.628000020980835, 0.6370000243186951, 0.6370000243186951, 0.6269999742507935, 0.6299999952316284, 0.6299999952316284, 0.6309999823570251, 0.6269999742507935, 0.6200000047683716, 0.6200000047683716, 0.6230000257492065, 0.625, 0.6269999742507935, 0.6299999952316284, 0.6320000290870667, 0.6330000162124634, 0.6299999952316284, 0.625, 0.6240000128746033, 0.6320000290870667, 0.6340000033378601, 0.6240000128746033, 0.625, 0.6330000162124634, 0.6399999856948853, 0.6449999809265137, 0.6420000195503235, 0.640999972820282, 0.6489999890327454, 0.656000018119812, 0.6549999713897705, 0.6520000100135803, 0.6549999713897705, 0.656000018119812, 0.656000018119812, 0.656000018119812, 0.656000018119812, 0.6589999794960022, 0.6589999794960022, 0.6589999794960022, 0.6620000004768372]
intensities: [967.0, 992.0, 1023.0, 1033.0, 1060.0, 1088.0, 1115.0, 1130.0, 1133.0, 1116.0, 1135.0, 1135.0, 1114.0, 1135.0, 1129.0, 1045.0, 1001.0, 812.0, 856.0, 899.0, 975.0, 998.0, 1047.0, 1044.0, 1035.0, 1016.0, 983.0, 968.0, 983.0, 1069.0, 1084.0, 1115.0, 1150.0, 1199.0, 1199.0, 1255.0, 1272.0, 1327.0, 1338.0, 1321.0, 1377.0, 1379.0, 1383.0, 1368.0, 1380.0, 1374.0, 1385.0, 1383.0, 1392.0, 1392.0, 1402.0, 1405.0, 1412.0, 1410.0, 1399.0, 1415.0, 1414.0, 1409.0, 1414.0, 1410.0, 1403.0, 1393.0, 1358.0, 1371.0, 1377.0, 1397.0, 1385.0, 1388.0, 1388.0, 1384.0, 1388.0, 1374.0, 1376.0, 1388.0, 1382.0, 1377.0, 1381.0, 1366.0, 1357.0, 1378.0, 1378.0, 1381.0, 1349.0, 1361.0, 1365.0, 1359.0, 1367.0, 1351.0, 1356.0, 1351.0, 1364.0, 1364.0, 1362.0, 1347.0, 1342.0, 1338.0, 1342.0, 1342.0, 1334.0, 1334.0, 1330.0, 1293.0, 1305.0, 1317.0, 1324.0, 1324.0, 1316.0, 1292.0, 1299.0, 1322.0, 1309.0, 1322.0, 1300.0, 1284.0, 1293.0, 1285.0, 1277.0, 1277.0, 1279.0, 1277.0, 1291.0, 1291.0, 1284.0, 1275.0, 1273.0, 1273.0, 1273.0, 1264.0, 1264.0, 1256.0, 1240.0, 1249.0, 1270.0, 1272.0, 1264.0, 1251.0, 1244.0, 1247.0, 1253.0, 1256.0, 1234.0, 1244.0, 1244.0, 1238.0, 1260.0, 1252.0, 1276.0, 1276.0, 1270.0, 1280.0, 1285.0, 1267.0, 1264.0, 1269.0, 1259.0, 1259.0, 1259.0, 1255.0, 1250.0, 1255.0, 1255.0, 1250.0, 1254.0, 1254.0, 1251.0, 1255.0, 1255.0, 1241.0, 1227.0, 1241.0, 1243.0, 1256.0, 1256.0, 1258.0, 1256.0, 1263.0, 1263.0, 1264.0, 1253.0, 1247.0, 1241.0, 1240.0, 1231.0, 1222.0, 1215.0, 1208.0, 1211.0, 1205.0, 1193.0, 1191.0, 1195.0, 1183.0, 1160.0, 1160.0, 1172.0, 1159.0, 1147.0, 1154.0, 1154.0, 1147.0, 1121.0, 1120.0, 1124.0, 1124.0, 1110.0, 1112.0, 1126.0, 1121.0, 1136.0, 1124.0, 1128.0, 1138.0, 1134.0, 1123.0, 1129.0, 1121.0, 1110.0, 1125.0, 1111.0, 1105.0, 1097.0, 1099.0, 1087.0, 1087.0, 1094.0, 1096.0, 1111.0, 1112.0, 1102.0, 1109.0, 1108.0, 1101.0, 1087.0, 1082.0, 1093.0, 1097.0, 1096.0, 1099.0, 1081.0, 1083.0, 1066.0, 1064.0, 1057.0, 1049.0, 1042.0, 1032.0, 1038.0, 1044.0, 1043.0, 1043.0, 1024.0, 1132.0, 1211.0, 1525.0, 1632.0, 476.0, 947.0, 947.0, 964.0, 979.0, 979.0, 973.0, 972.0, 978.0, 979.0, 976.0, 988.0, 970.0, 970.0, 985.0, 981.0, 991.0, 988.0, 1000.0, 984.0, 980.0, 979.0, 991.0, 997.0, 992.0, 995.0, 988.0, 989.0, 992.0, 991.0, 987.0, 980.0, 985.0, 995.0, 996.0, 992.0, 979.0, 989.0, 984.0, 988.0, 994.0, 990.0, 987.0, 984.0, 984.0, 976.0, 989.0, 987.0, 983.0, 982.0, 982.0, 982.0, 988.0, 987.0, 992.0, 993.0, 998.0, 998.0, 1000.0, 1002.0, 1001.0, 1001.0, 1006.0, 997.0, 1007.0, 1006.0, 996.0, 1010.0, 1001.0, 998.0, 998.0, 998.0, 999.0, 1002.0, 1011.0, 992.0, 999.0, 1005.0, 1006.0, 992.0, 1004.0, 1003.0, 1000.0, 1006.0, 1009.0, 1012.0, 1004.0, 1019.0, 1007.0, 999.0, 1004.0, 1004.0, 1019.0, 1010.0, 1001.0, 1013.0, 1012.0, 1011.0, 1006.0, 1014.0, 999.0, 1014.0, 1004.0, 1011.0, 1007.0, 1014.0, 1017.0, 1001.0, 1007.0, 1004.0, 1003.0, 1017.0, 1008.0, 1009.0, 1010.0, 1012.0, 1007.0, 1007.0, 1007.0, 1008.0, 999.0, 1006.0, 1009.0, 1014.0, 1015.0, 1011.0, 1015.0, 1030.0, 1018.0, 1035.0, 1027.0, 1033.0, 1041.0, 1037.0, 1048.0, 1056.0, 1052.0, 1071.0, 1073.0, 1065.0, 1076.0, 1085.0, 1080.0, 1087.0, 1080.0, 1086.0, 1079.0, 1096.0, 1106.0, 1109.0, 1091.0, 1080.0, 1082.0, 1082.0, 1082.0, 1082.0, 1085.0, 1098.0, 1092.0, 1100.0, 1102.0, 1093.0, 1095.0, 1098.0, 1116.0, 1106.0, 1106.0, 1117.0, 1085.0, 1100.0, 1112.0, 1108.0, 1109.0, 1129.0, 1129.0, 1130.0, 1131.0, 1113.0, 1126.0, 1132.0, 1142.0, 1124.0, 1150.0, 1149.0, 1154.0, 1158.0, 1165.0, 1166.0, 1170.0, 1173.0, 1181.0, 1173.0, 1183.0, 1178.0, 1202.0, 1208.0, 1209.0, 1214.0, 1214.0, 1221.0, 1241.0, 1255.0, 1259.0, 1254.0, 1262.0, 1267.0, 1272.0, 1276.0, 1273.0, 1275.0, 1275.0, 1302.0, 1295.0, 1296.0, 1318.0, 1310.0, 1302.0, 1315.0, 1311.0, 1337.0, 1323.0, 1337.0, 1345.0, 1317.0, 1337.0, 1342.0, 1337.0, 1340.0, 1349.0, 1346.0, 1347.0, 1344.0, 1371.0, 1371.0, 1371.0, 1370.0, 1372.0, 1376.0, 1374.0, 1376.0, 1388.0, 1402.0, 1409.0, 1409.0, 1395.0, 1414.0, 1418.0, 1410.0, 1418.0, 1419.0, 1441.0, 1431.0, 1431.0, 1431.0, 1423.0, 1422.0, 1427.0, 1425.0, 1441.0, 1438.0, 1431.0, 1447.0, 1445.0, 1455.0, 1444.0, 1449.0, 1444.0, 1449.0, 1449.0, 1464.0, 1456.0, 1448.0, 1448.0, 1470.0, 1453.0, 1479.0, 1479.0, 1484.0, 1462.0, 1470.0, 1462.0, 1479.0, 1488.0, 1500.0, 1503.0, 1529.0, 1512.0, 1504.0, 1498.0, 1501.0, 1508.0, 1515.0, 1498.0, 1496.0, 1514.0, 1509.0, 1519.0, 1505.0, 1512.0, 1517.0, 1510.0, 1530.0, 1525.0, 1526.0, 1526.0, 1523.0, 1523.0, 1533.0, 1540.0, 1534.0, 1540.0, 1531.0, 1534.0, 1539.0, 1537.0, 1540.0, 1536.0, 1539.0, 1537.0, 1536.0, 1540.0, 1541.0, 1540.0, 1556.0, 1536.0, 1536.0, 1550.0, 1540.0, 1549.0, 1544.0, 1562.0, 1554.0, 1558.0, 1559.0, 1558.0, 1561.0, 1556.0, 1557.0, 1554.0, 1540.0, 1540.0, 1540.0, 1543.0, 1545.0, 1545.0, 1552.0, 1560.0, 1555.0, 1552.0, 1552.0, 1562.0, 1544.0, 1551.0, 1559.0, 1575.0, 1575.0, 1577.0, 1579.0, 1577.0, 1579.0, 1582.0, 1576.0, 1578.0, 1579.0, 1563.0, 1584.0, 1581.0, 1580.0, 1581.0, 1582.0, 1584.0, 1585.0, 1584.0, 1584.0, 1585.0, 1577.0, 1586.0, 1575.0, 1581.0, 1581.0, 1588.0, 1593.0, 1594.0, 1603.0, 1600.0, 1604.0, 1594.0, 1600.0, 1607.0, 1606.0, 1600.0, 1604.0, 1612.0, 1614.0, 1619.0, 1624.0, 1622.0, 1629.0, 1616.0, 1613.0, 1620.0, 1627.0, 1630.0, 1625.0, 1602.0, 1625.0, 1617.0, 1615.0, 1617.0, 1631.0, 1634.0, 1629.0, 1632.0, 1629.0, 1632.0, 1635.0, 1625.0, 1640.0, 1622.0, 1639.0, 1641.0, 1644.0, 1643.0, 1641.0, 1641.0, 1627.0, 1642.0, 1630.0, 1630.0, 1630.0, 1649.0, 1665.0, 1665.0, 1666.0, 1666.0, 1642.0, 1642.0, 1660.0, 1665.0, 1650.0, 1639.0, 1649.0, 1650.0, 1650.0, 1645.0, 1651.0, 1660.0, 1674.0, 1661.0, 1678.0, 1680.0, 1680.0, 1650.0, 1655.0, 1651.0, 1650.0, 1662.0, 1675.0, 1673.0, 1673.0, 1675.0, 1671.0, 1684.0, 1658.0, 1658.0, 1662.0, 1675.0, 1671.0, 1654.0, 1654.0, 1658.0, 1678.0, 1694.0, 1694.0, 1688.0, 1688.0, 1680.0, 1697.0, 1677.0, 1659.0, 1659.0, 1665.0, 1686.0, 1682.0, 1686.0, 1665.0, 1695.0, 1695.0, 1695.0, 1675.0, 1668.0, 1676.0, 1665.0, 1660.0, 1671.0, 1662.0, 1689.0, 1684.0, 1690.0, 1687.0, 1677.0, 1658.0, 1656.0, 1667.0, 1661.0, 1682.0, 1672.0, 1659.0, 1659.0, 1651.0, 1651.0, 1659.0, 1669.0, 1670.0, 1648.0, 1651.0, 1652.0, 1650.0, 1651.0, 1651.0, 1643.0, 1649.0, 1640.0, 1629.0, 1640.0, 1651.0, 1623.0, 1629.0, 1626.0, 1642.0, 1637.0, 1636.0, 1637.0, 1631.0, 1643.0, 1631.0, 1637.0, 1643.0, 1632.0, 1617.0, 1631.0, 1615.0, 1602.0, 1609.0, 1640.0, 1651.0, 1606.0, 1613.0, 1604.0, 1579.0, 1579.0, 1595.0, 1611.0, 1600.0, 1589.0, 1580.0, 1592.0, 1581.0, 1583.0, 1584.0, 1588.0, 1580.0, 1569.0, 1587.0, 1591.0, 1581.0, 1568.0, 1558.0, 1556.0, 1559.0, 1566.0, 1566.0, 1566.0, 1561.0, 1561.0, 1582.0, 1531.0, 1557.0, 1549.0, 1548.0, 1540.0, 1514.0, 1514.0, 1534.0, 1534.0, 1526.0, 1522.0, 1522.0, 1516.0, 1496.0, 1504.0, 1498.0, 1494.0, 1488.0, 1489.0, 1490.0, 1480.0, 1477.0, 1479.0, 1482.0, 1474.0, 1459.0, 1453.0, 1453.0, 1454.0, 1468.0, 1464.0, 1432.0, 1430.0, 1420.0, 1424.0, 1447.0, 1442.0, 1433.0, 1437.0, 1426.0, 1416.0, 1427.0, 1418.0, 1410.0, 1421.0, 1410.0, 1412.0, 1410.0, 1409.0, 1412.0, 1412.0, 1412.0, 1402.0, 1410.0, 1409.0, 1392.0, 1394.0, 1394.0, 1392.0, 1409.0, 1378.0, 1378.0, 1374.0, 1383.0, 1383.0, 1355.0, 1369.0, 1387.0, 1378.0, 1394.0, 1386.0, 1354.0, 1354.0, 1362.0, 1361.0, 1357.0, 1366.0, 1354.0, 1350.0, 1346.0, 1364.0, 1355.0, 1348.0, 1358.0, 1366.0, 1360.0, 1355.0, 1332.0, 1329.0, 1319.0, 1332.0, 1340.0, 1337.0, 1337.0, 1313.0, 1322.0, 1305.0, 1305.0, 1318.0, 1316.0, 1327.0, 1314.0, 1304.0, 1304.0, 1314.0, 1323.0, 1314.0, 1317.0, 1305.0, 1322.0, 1303.0, 1319.0, 1329.0, 1325.0, 1327.0, 1330.0, 1339.0, 1326.0, 1327.0, 1340.0, 1337.0, 1335.0, 1331.0, 1344.0, 1353.0, 1350.0, 1333.0, 1322.0, 1315.0, 1302.0, 1316.0, 1322.0, 1328.0, 1317.0, 1328.0, 1334.0, 1326.0, 1336.0, 1352.0, 1349.0, 1347.0, 1343.0, 1350.0, 1350.0, 1338.0, 1349.0, 1332.0, 1337.0, 1330.0, 1367.0, 1367.0, 1367.0, 1371.0, 1360.0, 1381.0, 1376.0, 1373.0, 1366.0, 1372.0, 1372.0, 1371.0, 1367.0, 1374.0, 1344.0, 1369.0, 1366.0, 1370.0, 1390.0, 1377.0, 1386.0, 1387.0, 1400.0, 1392.0, 1415.0, 1401.0, 1387.0, 1407.0, 1412.0, 1416.0, 1406.0, 1407.0, 1396.0, 1419.0, 1419.0, 1418.0, 1417.0, 1417.0, 1438.0, 1428.0, 1426.0, 1446.0, 1445.0, 1443.0, 1443.0, 1444.0, 1444.0, 1450.0, 1450.0, 1459.0, 1459.0, 1451.0, 1443.0, 1454.0, 1461.0, 1455.0, 1463.0, 1466.0, 1473.0, 1466.0, 1467.0, 1476.0, 1476.0, 1465.0, 1480.0, 1480.0, 1488.0, 1487.0, 1507.0, 1502.0, 1489.0, 1503.0, 1514.0, 1493.0, 1502.0, 1492.0, 1485.0, 1525.0, 1526.0, 1518.0, 1536.0, 1533.0, 1518.0, 1523.0, 1516.0, 1505.0, 1503.0, 1498.0, 1509.0, 1515.0, 1495.0, 1512.0, 1505.0, 1508.0, 1513.0, 1505.0, 1505.0, 1530.0, 1522.0, 1498.0, 1498.0]