header: 
  seq: 1068
  stamp: 
    secs: 1548820783
    nsecs: 835677083
  frame_id: "base_link"
angle_min: -2.35619449615
angle_max: 2.35619449615
angle_increment: 0.00436332309619
time_increment: 1.73611151695e-05
scan_time: 0.0250000003725
range_min: 0.019999999553
range_max: 30.0
ranges: [0.5109999775886536, 0.5120000243186951, 0.5130000114440918, 0.5120000243186951, 0.5090000033378601, 0.5049999952316284, 0.5170000195503235, 0.5049999952316284, 0.5109999775886536, 0.5080000162124634, 0.5139999985694885, 0.5199999809265137, 0.5180000066757202, 0.503000020980835, 0.48100000619888306, 0.47200000286102295, 0.4050000011920929, 0.35600000619888306, 0.33500000834465027, 0.3089999854564667, 0.3919999897480011, 0.4359999895095825, 0.4729999899864197, 0.4950000047683716, 0.49799999594688416, 0.49799999594688416, 0.49300000071525574, 0.4860000014305115, 0.4860000014305115, 0.4860000014305115, 0.48100000619888306, 0.4779999852180481, 0.48100000619888306, 0.4819999933242798, 0.48500001430511475, 0.48399999737739563, 0.4819999933242798, 0.47999998927116394, 0.47999998927116394, 0.4790000021457672, 0.4690000116825104, 0.4690000116825104, 0.4690000116825104, 0.4690000116825104, 0.4690000116825104, 0.46399998664855957, 0.4659999907016754, 0.46799999475479126, 0.4690000116825104, 0.4659999907016754, 0.45399999618530273, 0.45399999618530273, 0.45899999141693115, 0.45899999141693115, 0.4580000042915344, 0.44999998807907104, 0.4519999921321869, 0.453000009059906, 0.45100000500679016, 0.4490000009536743, 0.44699999690055847, 0.4490000009536743, 0.4490000009536743, 0.4440000057220459, 0.44200000166893005, 0.44200000166893005, 0.4440000057220459, 0.44200000166893005, 0.4399999976158142, 0.4399999976158142, 0.4429999887943268, 0.4399999976158142, 0.43299999833106995, 0.4300000071525574, 0.43299999833106995, 0.42500001192092896, 0.4320000112056732, 0.43299999833106995, 0.43299999833106995, 0.4320000112056732, 0.42500001192092896, 0.42100000381469727, 0.4180000126361847, 0.4180000126361847, 0.4189999997615814, 0.4269999861717224, 0.42399999499320984, 0.4169999957084656, 0.41100001335144043, 0.41499999165534973, 0.41499999165534973, 0.41200000047683716, 0.41100001335144043, 0.40400001406669617, 0.4050000011920929, 0.4099999964237213, 0.4099999964237213, 0.4059999883174896, 0.40400001406669617, 0.4000000059604645, 0.4009999930858612, 0.40299999713897705, 0.40299999713897705, 0.40299999713897705, 0.40299999713897705, 0.40299999713897705, 0.3970000147819519, 0.40299999713897705, 0.4059999883174896, 0.40299999713897705, 0.4020000100135803, 0.39800000190734863, 0.39899998903274536, 0.4009999930858612, 0.40299999713897705, 0.4000000059604645, 0.3930000066757202, 0.39100000262260437, 0.3919999897480011, 0.39100000262260437, 0.39500001072883606, 0.39500001072883606, 0.3930000066757202, 0.3919999897480011, 0.38999998569488525, 0.39100000262260437, 0.39100000262260437, 0.39100000262260437, 0.38999998569488525, 0.3889999985694885, 0.3869999945163727, 0.3869999945163727, 0.3889999985694885, 0.3889999985694885, 0.38199999928474426, 0.38600000739097595, 0.3930000066757202, 0.39100000262260437, 0.3880000114440918, 0.38600000739097595, 0.3889999985694885, 0.3889999985694885, 0.38499999046325684, 0.38499999046325684, 0.38499999046325684, 0.3779999911785126, 0.3790000081062317, 0.3799999952316284, 0.38100001215934753, 0.3790000081062317, 0.3779999911785126, 0.3840000033378601, 0.3799999952316284, 0.3790000081062317, 0.375, 0.375, 0.3700000047683716, 0.3709999918937683, 0.3709999918937683, 0.38100001215934753, 0.37599998712539673, 0.36899998784065247, 0.36899998784065247, 0.3709999918937683, 0.37299999594688416, 0.37400001287460327, 0.375, 0.36800000071525574, 0.36500000953674316, 0.36500000953674316, 0.3630000054836273, 0.3619999885559082, 0.3610000014305115, 0.36000001430511475, 0.36000001430511475, 0.3630000054836273, 0.36500000953674316, 0.36800000071525574, 0.36500000953674316, 0.367000013589859, 0.3659999966621399, 0.36399999260902405, 0.36399999260902405, 0.36000001430511475, 0.3659999966621399, 0.36000001430511475, 0.3619999885559082, 0.3610000014305115, 0.3610000014305115, 0.3630000054836273, 0.3659999966621399, 0.3619999885559082, 0.3619999885559082, 0.36000001430511475, 0.3700000047683716, 0.36899998784065247, 0.3700000047683716, 0.36500000953674316, 0.3659999966621399, 0.3630000054836273, 0.367000013589859, 0.3700000047683716, 0.36899998784065247, 0.36399999260902405, 0.35899999737739563, 0.3619999885559082, 0.3630000054836273, 0.3630000054836273, 0.36500000953674316, 0.3580000102519989, 0.3580000102519989, 0.36000001430511475, 0.35899999737739563, 0.3619999885559082, 0.3659999966621399, 0.3659999966621399, 0.3619999885559082, 0.3580000102519989, 0.35600000619888306, 0.3580000102519989, 0.3630000054836273, 0.36500000953674316, 0.3569999933242798, 0.3569999933242798, 0.3630000054836273, 0.36500000953674316, 0.3619999885559082, 0.3569999933242798, 0.3569999933242798, 0.35199999809265137, 0.3569999933242798, 0.3569999933242798, 0.35499998927116394, 0.3490000069141388, 0.3540000021457672, 0.3580000102519989, 0.3580000102519989, 0.3610000014305115, 0.35899999737739563, 0.3630000054836273, 0.36500000953674316, 0.36000001430511475, 0.36000001430511475, 0.3580000102519989, 0.3569999933242798, 0.3580000102519989, 0.35899999737739563, 0.36000001430511475, 0.36000001430511475, 0.3630000054836273, 0.3610000014305115, 0.3619999885559082, 0.35600000619888306, 0.35199999809265137, 0.3580000102519989, 0.36000001430511475, 0.3630000054836273, 0.367000013589859, 0.3700000047683716, 0.3700000047683716, 0.3659999966621399, 0.35100001096725464, 0.35499998927116394, 0.36500000953674316, 0.36800000071525574, 0.375, 0.375, 0.36899998784065247, 0.36800000071525574, 0.36500000953674316, 0.3610000014305115, 0.3610000014305115, 0.3610000014305115, 0.37299999594688416, 0.3709999918937683, 0.37299999594688416, 0.3720000088214874, 0.3700000047683716, 0.3709999918937683, 0.3720000088214874, 0.37400001287460327, 0.37400001287460327, 0.37700000405311584, 0.38499999046325684, 0.3840000033378601, 0.3840000033378601, 0.3799999952316284, 0.3840000033378601, 0.3840000033378601, 0.3889999985694885, 0.4009999930858612, 0.39100000262260437, 0.38999998569488525, 0.38999998569488525, 0.39100000262260437, 0.39100000262260437, 0.3959999978542328, 0.3959999978542328, 0.3959999978542328, 0.39800000190734863, 0.39899998903274536, 0.4009999930858612, 0.40299999713897705, 0.4000000059604645, 0.39800000190734863, 0.39899998903274536, 0.4000000059604645, 0.40700000524520874, 0.40299999713897705, 0.40299999713897705, 0.40400001406669617, 0.40700000524520874, 0.40700000524520874, 0.4050000011920929, 0.4050000011920929, 0.40400001406669617, 0.40400001406669617, 0.40400001406669617, 0.40799999237060547, 0.414000004529953, 0.41200000047683716, 0.41200000047683716, 0.41200000047683716, 0.41499999165534973, 0.421999990940094, 0.42500001192092896, 0.41999998688697815, 0.41600000858306885, 0.42500001192092896, 0.4300000071525574, 0.4300000071525574, 0.4320000112056732, 0.43299999833106995, 0.4359999895095825, 0.4390000104904175, 0.44200000166893005, 0.44200000166893005, 0.4390000104904175, 0.4410000145435333, 0.4429999887943268, 0.4440000057220459, 0.4440000057220459, 0.4480000138282776, 0.44999998807907104, 0.4480000138282776, 0.45399999618530273, 0.46000000834465027, 0.460999995470047, 0.4490000009536743, 0.453000009059906, 0.4659999907016754, 0.46000000834465027, 0.460999995470047, 0.46299999952316284, 0.46700000762939453, 0.4699999988079071, 0.47200000286102295, 0.47099998593330383, 0.4699999988079071, 0.4690000116825104, 0.47600001096725464, 0.4790000021457672, 0.48500001430511475, 0.48899999260902405, 0.48899999260902405, 0.4869999885559082, 0.4880000054836273, 0.48899999260902405, 0.49300000071525574, 0.4909999966621399, 0.4860000014305115, 0.48899999260902405, 0.4959999918937683, 0.5070000290870667, 0.5120000243186951, 0.5109999775886536, 0.5059999823570251, 0.5109999775886536, 0.5180000066757202, 0.5180000066757202, 0.5170000195503235, 0.5170000195503235, 0.5139999985694885, 0.5189999938011169, 0.5210000276565552, 0.5210000276565552, 0.5239999890327454, 0.5329999923706055, 0.5410000085830688, 0.546999990940094, 0.5389999747276306, 0.5350000262260437, 0.5440000295639038, 0.5479999780654907, 0.5490000247955322, 0.550000011920929, 0.5609999895095825, 0.5609999895095825, 0.5609999895095825, 0.5590000152587891, 0.5659999847412109, 0.5720000267028809, 0.574999988079071, 0.5720000267028809, 0.5669999718666077, 0.5659999847412109, 0.5789999961853027, 0.5830000042915344, 0.5899999737739563, 0.5899999737739563, 0.593999981880188, 0.5920000076293945, 0.593999981880188, 0.5979999899864197, 0.6079999804496765, 0.6079999804496765, 0.6150000095367432, 0.6169999837875366, 0.6359999775886536, 0.6570000052452087, 0.6890000104904175, 0.7680000066757202, 0.8889999985694885, 0.9459999799728394, 0.996999979019165, 1.0440000295639038, 1.1399999856948853, 1.3020000457763672, 1.6699999570846558, 1.6799999475479126, 1.687000036239624, 1.687999963760376, 1.684000015258789, 1.6829999685287476, 1.687999963760376, 1.6890000104904175, 1.684999942779541, 1.6770000457763672, 1.6779999732971191, 1.6779999732971191, 1.6790000200271606, 1.6749999523162842, 1.6729999780654907, 1.6729999780654907, 1.6749999523162842, 1.6740000247955322, 1.6710000038146973, 1.6670000553131104, 1.6629999876022339, 1.6629999876022339, 1.6649999618530273, 1.6629999876022339, 1.6640000343322754, 1.6640000343322754, 1.6610000133514404, 1.659000039100647, 1.6579999923706055, 1.6629999876022339, 1.6679999828338623, 1.6629999876022339, 1.656000018119812, 1.652999997138977, 1.649999976158142, 1.6510000228881836, 1.652999997138977, 1.6549999713897705, 1.6540000438690186, 1.649999976158142, 1.649999976158142, 1.656999945640564, 1.6549999713897705, 1.6480000019073486, 1.6469999551773071, 1.6519999504089355, 1.6519999504089355, 1.6490000486373901, 1.6490000486373901, 1.6469999551773071, 1.6369999647140503, 1.6380000114440918, 1.6410000324249268, 1.6399999856948853, 1.6390000581741333, 1.6390000581741333, 1.6390000581741333, 1.6410000324249268, 1.63100004196167, 1.628999948501587, 1.6399999856948853, 1.6440000534057617, 1.6440000534057617, 1.6360000371932983, 1.6349999904632568, 1.628999948501587, 1.628999948501587, 1.628000020980835, 1.625, 1.625, 1.6230000257492065, 1.6200000047683716, 1.6160000562667847, 1.6119999885559082, 1.6119999885559082, 1.6080000400543213, 1.6039999723434448, 1.6039999723434448, 1.6009999513626099, 1.6119999885559082, 1.6130000352859497, 1.6089999675750732, 1.6009999513626099, 1.5889999866485596, 1.590999960899353, 1.597000002861023, 1.597000002861023, 1.5850000381469727, 1.5839999914169312, 1.5880000591278076, 1.5859999656677246, 1.5809999704360962, 1.5779999494552612, 1.5770000219345093, 1.5750000476837158, 1.5709999799728394, 1.5709999799728394, 1.565999984741211, 1.565000057220459, 1.5640000104904175, 1.5609999895095825, 1.562000036239624, 1.555999994277954, 1.5549999475479126, 1.5579999685287476, 1.5549999475479126, 1.5509999990463257, 1.5460000038146973, 1.5410000085830688, 1.5369999408721924, 1.5379999876022339, 1.531999945640564, 1.531000018119812, 1.531999945640564, 1.531999945640564, 1.5240000486373901, 1.5180000066757202, 1.5119999647140503, 1.5180000066757202, 1.5169999599456787, 1.5190000534057617, 1.5099999904632568, 1.5099999904632568, 1.4989999532699585, 1.4980000257492065, 1.5069999694824219, 1.5089999437332153, 1.5049999952316284, 1.496000051498413, 1.4950000047683716, 1.4859999418258667, 1.4859999418258667, 1.4880000352859497, 1.475000023841858, 1.4709999561309814, 1.4709999561309814, 1.465999960899353, 1.465999960899353, 1.4620000123977661, 1.4620000123977661, 1.4639999866485596, 1.4639999866485596, 1.4479999542236328, 1.4359999895095825, 1.4390000104904175, 1.4390000104904175, 1.437999963760376, 1.434000015258789, 1.434000015258789, 1.4270000457763672, 1.4220000505447388, 1.4179999828338623, 1.4140000343322754, 1.4079999923706055, 1.4210000038146973, 1.406999945640564, 1.406999945640564, 1.406999945640564, 1.3969999551773071, 1.3969999551773071, 1.3960000276565552, 1.3960000276565552, 1.3899999856948853, 1.378000020980835, 1.371000051498413, 1.3650000095367432, 1.3609999418258667, 1.3550000190734863, 1.3559999465942383, 1.3559999465942383, 1.3569999933242798, 1.3569999933242798, 1.3580000400543213, 1.3480000495910645, 1.3370000123977661, 1.3370000123977661, 1.3370000123977661, 1.3320000171661377, 1.3229999542236328, 1.3209999799728394, 1.3170000314712524, 1.3079999685287476, 1.3049999475479126, 1.3009999990463257, 1.2949999570846558, 1.2970000505447388, 1.2940000295639038, 1.2869999408721924, 1.2869999408721924, 1.2860000133514404, 1.2799999713897705, 1.2680000066757202, 1.2649999856948853, 1.2580000162124634, 1.2589999437332153, 1.2510000467300415, 1.2510000467300415, 1.253000020980835, 1.2450000047683716, 1.2330000400543213, 1.2350000143051147, 1.2309999465942383, 1.2300000190734863, 1.225000023841858, 1.218000054359436, 1.218000054359436, 1.2120000123977661, 1.2050000429153442, 1.2039999961853027, 1.1929999589920044, 1.1890000104904175, 1.184999942779541, 1.184999942779541, 1.187000036239624, 1.1770000457763672, 1.1679999828338623, 1.1640000343322754, 1.1579999923706055, 1.156000018119812, 1.1540000438690186, 1.1519999504089355, 1.1390000581741333, 1.13100004196167, 1.1299999952316284, 1.1269999742507935, 1.1260000467300415, 1.1200000047683716, 1.1130000352859497, 1.1059999465942383, 1.1039999723434448, 1.0989999771118164, 1.0950000286102295, 1.090999960899353, 1.0829999446868896, 1.0829999446868896, 1.0889999866485596, 1.0729999542236328, 1.069000005722046, 1.062000036239624, 1.0540000200271606, 1.0509999990463257, 1.0479999780654907, 1.0429999828338623, 1.0399999618530273, 1.0410000085830688, 1.034999966621399, 1.0299999713897705, 1.0290000438690186, 1.0099999904632568, 1.0110000371932983, 1.0069999694824219, 1.003000020980835, 0.9929999709129333, 0.9919999837875366, 0.9909999966621399, 0.9779999852180481, 0.9700000286102295, 0.972000002861023, 0.9629999995231628, 0.9570000171661377, 0.9549999833106995, 0.9490000009536743, 0.9459999799728394, 0.9419999718666077, 0.9350000023841858, 0.9350000023841858, 0.9330000281333923, 0.9269999861717224, 0.9150000214576721, 0.9120000004768372, 0.9070000052452087, 0.9039999842643738, 0.9049999713897705, 0.8970000147819519, 0.890999972820282, 0.8859999775886536, 0.8769999742507935, 0.8730000257492065, 0.8650000095367432, 0.8730000257492065, 0.8709999918937683, 0.8709999918937683, 0.8610000014305115, 0.847000002861023, 0.843999981880188, 0.8460000157356262, 0.8420000076293945, 0.8389999866485596, 0.8349999785423279, 0.828000009059906, 0.8230000138282776, 0.8180000185966492, 0.8180000185966492, 0.8100000023841858, 0.8029999732971191, 0.796999990940094, 0.7960000038146973, 0.7960000038146973, 0.7940000295639038, 0.7900000214576721, 0.7889999747276306, 0.7839999794960022, 0.781000018119812, 0.7760000228881836, 0.7620000243186951, 0.7609999775886536, 0.7609999775886536, 0.7590000033378601, 0.7570000290870667, 0.7519999742507935, 0.7480000257492065, 0.7480000257492065, 0.734000027179718, 0.734000027179718, 0.7250000238418579, 0.7250000238418579, 0.7260000109672546, 0.7260000109672546, 0.7239999771118164, 0.7239999771118164, 0.7210000157356262, 0.7179999947547913, 0.7160000205039978, 0.7160000205039978, 0.7059999704360962, 0.7020000219345093, 0.7020000219345093, 0.6959999799728394, 0.7059999704360962, 0.6990000009536743, 0.6990000009536743, 0.6840000152587891, 0.6869999766349792, 0.6800000071525574, 0.6800000071525574, 0.6769999861717224, 0.6809999942779541, 0.6819999814033508, 0.6840000152587891, 0.6830000281333923, 0.6809999942779541, 0.6700000166893005, 0.6669999957084656, 0.6629999876022339, 0.6629999876022339, 0.6629999876022339, 0.6610000133514404, 0.656000018119812, 0.656000018119812, 0.6589999794960022, 0.6679999828338623, 0.6660000085830688, 0.6579999923706055, 0.6499999761581421, 0.6420000195503235, 0.6340000033378601, 0.6349999904632568, 0.640999972820282, 0.640999972820282, 0.6380000114440918, 0.6330000162124634, 0.6299999952316284, 0.6269999742507935, 0.6269999742507935, 0.6320000290870667, 0.6259999871253967, 0.628000020980835, 0.628000020980835, 0.628000020980835, 0.6209999918937683, 0.6209999918937683, 0.609000027179718, 0.609000027179718, 0.6200000047683716, 0.6129999756813049, 0.6129999756813049, 0.6110000014305115, 0.6110000014305115, 0.6079999804496765, 0.6050000190734863, 0.6019999980926514, 0.6050000190734863, 0.6019999980926514, 0.593999981880188, 0.5950000286102295, 0.597000002861023, 0.5950000286102295, 0.5960000157356262, 0.593999981880188, 0.5950000286102295, 0.5899999737739563, 0.5870000123977661, 0.5839999914169312, 0.5830000042915344, 0.5830000042915344, 0.5799999833106995, 0.5809999704360962, 0.5809999704360962, 0.5830000042915344, 0.5809999704360962, 0.5820000171661377, 0.5839999914169312, 0.5839999914169312, 0.5839999914169312, 0.5860000252723694, 0.5879999995231628, 0.5820000171661377, 0.5740000009536743, 0.5720000267028809, 0.574999988079071, 0.5730000138282776, 0.5680000185966492, 0.5669999718666077, 0.5680000185966492, 0.5699999928474426, 0.5659999847412109, 0.5649999976158142, 0.5649999976158142, 0.5699999928474426, 0.5680000185966492, 0.5640000104904175, 0.5619999766349792, 0.5569999814033508, 0.5529999732971191, 0.5550000071525574, 0.5550000071525574, 0.5559999942779541, 0.5619999766349792, 0.5619999766349792, 0.5600000023841858, 0.5580000281333923, 0.5580000281333923, 0.5580000281333923, 0.5580000281333923, 0.5559999942779541, 0.5540000200271606, 0.5609999895095825, 0.5649999976158142, 0.5649999976158142, 0.5580000281333923, 0.5550000071525574, 0.5519999861717224, 0.5509999990463257, 0.550000011920929, 0.5490000247955322, 0.5479999780654907, 0.5490000247955322, 0.5519999861717224, 0.5529999732971191, 0.5529999732971191, 0.5519999861717224, 0.5509999990463257, 0.546999990940094, 0.546999990940094, 0.5569999814033508, 0.5509999990463257, 0.5450000166893005, 0.5450000166893005, 0.5460000038146973, 0.546999990940094, 0.5400000214576721, 0.5490000247955322, 0.5540000200271606, 0.550000011920929, 0.5419999957084656, 0.5440000295639038, 0.5440000295639038, 0.5410000085830688, 0.5410000085830688, 0.5410000085830688, 0.5429999828338623, 0.5410000085830688, 0.5419999957084656, 0.5450000166893005, 0.5450000166893005, 0.5379999876022339, 0.5360000133514404, 0.5460000038146973, 0.5440000295639038, 0.5410000085830688, 0.5410000085830688, 0.5429999828338623, 0.5419999957084656, 0.5370000004768372, 0.5370000004768372, 0.5379999876022339, 0.5379999876022339, 0.5479999780654907, 0.5529999732971191, 0.5529999732971191, 0.5429999828338623, 0.5379999876022339, 0.5360000133514404, 0.5370000004768372, 0.5389999747276306, 0.546999990940094, 0.546999990940094, 0.5450000166893005, 0.5400000214576721, 0.5389999747276306, 0.5389999747276306, 0.5410000085830688, 0.5419999957084656, 0.5440000295639038, 0.5419999957084656, 0.5419999957084656, 0.5410000085830688, 0.5419999957084656, 0.5419999957084656, 0.5400000214576721, 0.5400000214576721, 0.5400000214576721, 0.5400000214576721, 0.5379999876022339, 0.5400000214576721, 0.5419999957084656, 0.5419999957084656, 0.5440000295639038, 0.5389999747276306, 0.5370000004768372, 0.5410000085830688, 0.5429999828338623, 0.5419999957084656, 0.5440000295639038, 0.546999990940094, 0.546999990940094, 0.5450000166893005, 0.5450000166893005, 0.5460000038146973, 0.5460000038146973, 0.5460000038146973, 0.5479999780654907, 0.550000011920929, 0.550000011920929, 0.5479999780654907, 0.5509999990463257, 0.5519999861717224, 0.546999990940094, 0.5450000166893005, 0.550000011920929, 0.5519999861717224, 0.550000011920929, 0.5479999780654907, 0.5479999780654907, 0.5490000247955322, 0.5519999861717224, 0.5509999990463257, 0.5509999990463257, 0.5519999861717224, 0.5540000200271606, 0.5519999861717224, 0.5519999861717224, 0.5559999942779541, 0.5559999942779541, 0.5559999942779541, 0.5640000104904175, 0.5630000233650208, 0.5600000023841858, 0.5569999814033508, 0.5619999766349792, 0.5699999928474426, 0.5680000185966492, 0.5659999847412109, 0.5630000233650208, 0.5619999766349792, 0.5649999976158142, 0.5690000057220459, 0.5799999833106995, 0.5860000252723694, 0.5789999961853027, 0.5740000009536743, 0.5720000267028809, 0.5720000267028809, 0.5720000267028809, 0.5759999752044678, 0.578000009059906, 0.5759999752044678, 0.578000009059906, 0.5799999833106995, 0.5830000042915344, 0.5820000171661377, 0.5879999995231628, 0.5789999961853027, 0.5799999833106995, 0.5789999961853027, 0.5830000042915344, 0.5809999704360962, 0.5820000171661377, 0.5830000042915344, 0.5789999961853027, 0.5799999833106995, 0.5799999833106995, 0.5830000042915344, 0.5879999995231628, 0.5879999995231628, 0.5920000076293945, 0.5920000076293945, 0.5920000076293945, 0.5920000076293945, 0.5920000076293945, 0.5920000076293945, 0.5920000076293945, 0.5920000076293945, 0.5920000076293945, 0.5889999866485596, 0.5910000205039978, 0.6019999980926514, 0.5989999771118164, 0.5979999899864197, 0.597000002861023, 0.5989999771118164, 0.6039999723434448, 0.6119999885559082, 0.6110000014305115, 0.6060000061988831, 0.6069999933242798, 0.6039999723434448, 0.6110000014305115, 0.6060000061988831, 0.6129999756813049, 0.6129999756813049, 0.6159999966621399, 0.6140000224113464, 0.6110000014305115, 0.6129999756813049, 0.6150000095367432, 0.6150000095367432, 0.6159999966621399, 0.6159999966621399, 0.609000027179718, 0.6159999966621399, 0.6179999709129333, 0.6179999709129333, 0.621999979019165, 0.6259999871253967, 0.6380000114440918, 0.6399999856948853, 0.6370000243186951, 0.6330000162124634, 0.6489999890327454, 0.6489999890327454, 0.6489999890327454, 0.6480000019073486, 0.6510000228881836, 0.6520000100135803, 0.6570000052452087, 0.6610000133514404, 0.6650000214576721, 0.6650000214576721, 0.6650000214576721, 0.6690000295639038, 0.6650000214576721, 0.6660000085830688]
intensities: [1029.0, 1039.0, 1074.0, 1110.0, 1120.0, 1112.0, 1195.0, 1221.0, 1274.0, 1286.0, 1305.0, 1311.0, 1301.0, 1231.0, 1124.0, 1179.0, 1078.0, 955.0, 949.0, 874.0, 934.0, 990.0, 1054.0, 1081.0, 1073.0, 1073.0, 1036.0, 1033.0, 1063.0, 1072.0, 1132.0, 1191.0, 1256.0, 1329.0, 1375.0, 1411.0, 1445.0, 1480.0, 1480.0, 1505.0, 1510.0, 1509.0, 1509.0, 1505.0, 1516.0, 1524.0, 1538.0, 1548.0, 1549.0, 1530.0, 1533.0, 1533.0, 1550.0, 1550.0, 1531.0, 1539.0, 1530.0, 1523.0, 1536.0, 1524.0, 1525.0, 1528.0, 1528.0, 1527.0, 1514.0, 1514.0, 1501.0, 1505.0, 1507.0, 1507.0, 1510.0, 1521.0, 1520.0, 1514.0, 1511.0, 1505.0, 1509.0, 1512.0, 1520.0, 1508.0, 1504.0, 1514.0, 1514.0, 1507.0, 1505.0, 1507.0, 1507.0, 1506.0, 1503.0, 1476.0, 1476.0, 1473.0, 1484.0, 1488.0, 1491.0, 1441.0, 1441.0, 1466.0, 1468.0, 1461.0, 1482.0, 1457.0, 1466.0, 1466.0, 1452.0, 1452.0, 1468.0, 1452.0, 1473.0, 1474.0, 1444.0, 1454.0, 1464.0, 1452.0, 1462.0, 1465.0, 1428.0, 1429.0, 1415.0, 1429.0, 1426.0, 1426.0, 1429.0, 1427.0, 1433.0, 1404.0, 1404.0, 1418.0, 1433.0, 1435.0, 1410.0, 1403.0, 1382.0, 1384.0, 1374.0, 1385.0, 1390.0, 1396.0, 1400.0, 1381.0, 1394.0, 1401.0, 1374.0, 1374.0, 1369.0, 1348.0, 1348.0, 1350.0, 1352.0, 1353.0, 1315.0, 1319.0, 1320.0, 1310.0, 1311.0, 1325.0, 1304.0, 1313.0, 1313.0, 1327.0, 1310.0, 1284.0, 1297.0, 1290.0, 1284.0, 1291.0, 1298.0, 1275.0, 1280.0, 1284.0, 1282.0, 1273.0, 1282.0, 1284.0, 1284.0, 1273.0, 1264.0, 1270.0, 1264.0, 1268.0, 1279.0, 1267.0, 1267.0, 1274.0, 1267.0, 1264.0, 1265.0, 1275.0, 1275.0, 1281.0, 1266.0, 1266.0, 1265.0, 1261.0, 1267.0, 1267.0, 1267.0, 1251.0, 1256.0, 1245.0, 1252.0, 1241.0, 1230.0, 1233.0, 1240.0, 1237.0, 1244.0, 1244.0, 1254.0, 1233.0, 1233.0, 1251.0, 1239.0, 1224.0, 1223.0, 1222.0, 1223.0, 1230.0, 1226.0, 1196.0, 1191.0, 1205.0, 1202.0, 1220.0, 1196.0, 1198.0, 1195.0, 1198.0, 1198.0, 1184.0, 1191.0, 1191.0, 1195.0, 1170.0, 1178.0, 1186.0, 1182.0, 1192.0, 1179.0, 1162.0, 1173.0, 1189.0, 1189.0, 1175.0, 1171.0, 1175.0, 1167.0, 1163.0, 1159.0, 1159.0, 1152.0, 1146.0, 1144.0, 1136.0, 1145.0, 1145.0, 1145.0, 1147.0, 1150.0, 1150.0, 1143.0, 1136.0, 1138.0, 1126.0, 1130.0, 1163.0, 1163.0, 1127.0, 1137.0, 1136.0, 1133.0, 1138.0, 1128.0, 1139.0, 1137.0, 1164.0, 1153.0, 1156.0, 1174.0, 1170.0, 1173.0, 1173.0, 1184.0, 1179.0, 1184.0, 1184.0, 1189.0, 1191.0, 1191.0, 1205.0, 1214.0, 1207.0, 1211.0, 1209.0, 1212.0, 1208.0, 1233.0, 1228.0, 1228.0, 1226.0, 1225.0, 1237.0, 1250.0, 1246.0, 1247.0, 1251.0, 1249.0, 1257.0, 1251.0, 1251.0, 1254.0, 1258.0, 1260.0, 1269.0, 1269.0, 1254.0, 1258.0, 1266.0, 1277.0, 1288.0, 1290.0, 1290.0, 1290.0, 1292.0, 1299.0, 1308.0, 1303.0, 1299.0, 1319.0, 1309.0, 1309.0, 1316.0, 1321.0, 1314.0, 1332.0, 1345.0, 1345.0, 1325.0, 1317.0, 1310.0, 1332.0, 1330.0, 1345.0, 1349.0, 1325.0, 1337.0, 1350.0, 1356.0, 1341.0, 1349.0, 1373.0, 1365.0, 1352.0, 1374.0, 1363.0, 1362.0, 1369.0, 1388.0, 1408.0, 1395.0, 1380.0, 1387.0, 1393.0, 1404.0, 1404.0, 1395.0, 1390.0, 1398.0, 1403.0, 1410.0, 1407.0, 1424.0, 1408.0, 1439.0, 1433.0, 1433.0, 1419.0, 1420.0, 1429.0, 1429.0, 1424.0, 1424.0, 1431.0, 1432.0, 1442.0, 1442.0, 1433.0, 1422.0, 1429.0, 1419.0, 1419.0, 1411.0, 1415.0, 1421.0, 1441.0, 1428.0, 1426.0, 1426.0, 1422.0, 1414.0, 1416.0, 1399.0, 1398.0, 1373.0, 1381.0, 1378.0, 1383.0, 1400.0, 1450.0, 1450.0, 1454.0, 1421.0, 1345.0, 1336.0, 1328.0, 1328.0, 1313.0, 1220.0, 1232.0, 1300.0, 1469.0, 1517.0, 1476.0, 1457.0, 1432.0, 1404.0, 1364.0, 1280.0, 1121.0, 1117.0, 1116.0, 1109.0, 1112.0, 1113.0, 1114.0, 1128.0, 1121.0, 1119.0, 1126.0, 1137.0, 1146.0, 1149.0, 1160.0, 1160.0, 1135.0, 1135.0, 1145.0, 1145.0, 1143.0, 1133.0, 1148.0, 1142.0, 1151.0, 1151.0, 1135.0, 1123.0, 1129.0, 1131.0, 1140.0, 1142.0, 1147.0, 1135.0, 1123.0, 1133.0, 1128.0, 1123.0, 1131.0, 1129.0, 1129.0, 1147.0, 1140.0, 1173.0, 1155.0, 1156.0, 1156.0, 1131.0, 1131.0, 1149.0, 1146.0, 1152.0, 1136.0, 1141.0, 1146.0, 1124.0, 1124.0, 1133.0, 1118.0, 1127.0, 1145.0, 1131.0, 1131.0, 1157.0, 1156.0, 1139.0, 1161.0, 1152.0, 1125.0, 1125.0, 1126.0, 1140.0, 1140.0, 1128.0, 1128.0, 1119.0, 1114.0, 1126.0, 1110.0, 1152.0, 1155.0, 1130.0, 1122.0, 1128.0, 1137.0, 1149.0, 1149.0, 1127.0, 1155.0, 1180.0, 1157.0, 1138.0, 1142.0, 1140.0, 1144.0, 1140.0, 1140.0, 1158.0, 1162.0, 1144.0, 1129.0, 1141.0, 1136.0, 1134.0, 1138.0, 1140.0, 1141.0, 1150.0, 1141.0, 1131.0, 1137.0, 1130.0, 1131.0, 1158.0, 1158.0, 1091.0, 1141.0, 1144.0, 1132.0, 1118.0, 1103.0, 1135.0, 1135.0, 1121.0, 1116.0, 1125.0, 1124.0, 1122.0, 1116.0, 1130.0, 1119.0, 1120.0, 1137.0, 1113.0, 1119.0, 1130.0, 1118.0, 1118.0, 1120.0, 1119.0, 1117.0, 1117.0, 1139.0, 1133.0, 1123.0, 1123.0, 1118.0, 1138.0, 1138.0, 1126.0, 1110.0, 1121.0, 1128.0, 1135.0, 1134.0, 1129.0, 1137.0, 1137.0, 1124.0, 1125.0, 1117.0, 1117.0, 1136.0, 1124.0, 1138.0, 1137.0, 1131.0, 1120.0, 1127.0, 1135.0, 1137.0, 1137.0, 1145.0, 1140.0, 1151.0, 1151.0, 1151.0, 1137.0, 1131.0, 1148.0, 1151.0, 1154.0, 1157.0, 1170.0, 1162.0, 1169.0, 1161.0, 1156.0, 1153.0, 1162.0, 1163.0, 1170.0, 1173.0, 1150.0, 1165.0, 1166.0, 1166.0, 1194.0, 1196.0, 1179.0, 1192.0, 1189.0, 1184.0, 1181.0, 1179.0, 1179.0, 1187.0, 1191.0, 1197.0, 1205.0, 1206.0, 1194.0, 1196.0, 1207.0, 1205.0, 1210.0, 1210.0, 1203.0, 1217.0, 1206.0, 1210.0, 1202.0, 1206.0, 1232.0, 1221.0, 1222.0, 1222.0, 1231.0, 1226.0, 1217.0, 1211.0, 1232.0, 1240.0, 1236.0, 1228.0, 1259.0, 1240.0, 1244.0, 1241.0, 1241.0, 1248.0, 1254.0, 1242.0, 1246.0, 1256.0, 1253.0, 1260.0, 1266.0, 1256.0, 1266.0, 1261.0, 1258.0, 1254.0, 1258.0, 1266.0, 1268.0, 1274.0, 1285.0, 1278.0, 1271.0, 1275.0, 1275.0, 1275.0, 1291.0, 1285.0, 1288.0, 1281.0, 1291.0, 1292.0, 1290.0, 1297.0, 1298.0, 1309.0, 1307.0, 1301.0, 1309.0, 1320.0, 1323.0, 1324.0, 1503.0, 1441.0, 1422.0, 1361.0, 1314.0, 1322.0, 1326.0, 1327.0, 1327.0, 1352.0, 1355.0, 1357.0, 1354.0, 1354.0, 1357.0, 1377.0, 1386.0, 1408.0, 1399.0, 1399.0, 1430.0, 1437.0, 1436.0, 1460.0, 1452.0, 1448.0, 1464.0, 1448.0, 1450.0, 1461.0, 1470.0, 1448.0, 1448.0, 1456.0, 1467.0, 1464.0, 1489.0, 1498.0, 1495.0, 1476.0, 1491.0, 1480.0, 1486.0, 1491.0, 1504.0, 1505.0, 1501.0, 1501.0, 1497.0, 1524.0, 1511.0, 1510.0, 1513.0, 1531.0, 1523.0, 1536.0, 1552.0, 1523.0, 1529.0, 1540.0, 1529.0, 1529.0, 1532.0, 1535.0, 1539.0, 1526.0, 1522.0, 1527.0, 1533.0, 1533.0, 1535.0, 1542.0, 1549.0, 1552.0, 1550.0, 1542.0, 1536.0, 1538.0, 1547.0, 1547.0, 1546.0, 1548.0, 1572.0, 1536.0, 1536.0, 1545.0, 1541.0, 1558.0, 1558.0, 1573.0, 1522.0, 1535.0, 1546.0, 1546.0, 1514.0, 1537.0, 1530.0, 1538.0, 1542.0, 1543.0, 1529.0, 1510.0, 1539.0, 1537.0, 1539.0, 1532.0, 1515.0, 1524.0, 1513.0, 1522.0, 1546.0, 1523.0, 1523.0, 1538.0, 1532.0, 1529.0, 1534.0, 1533.0, 1519.0, 1509.0, 1522.0, 1524.0, 1509.0, 1509.0, 1510.0, 1516.0, 1510.0, 1520.0, 1511.0, 1509.0, 1522.0, 1514.0, 1504.0, 1501.0, 1489.0, 1478.0, 1492.0, 1485.0, 1470.0, 1464.0, 1453.0, 1468.0, 1470.0, 1475.0, 1480.0, 1466.0, 1466.0, 1456.0, 1447.0, 1456.0, 1451.0, 1447.0, 1447.0, 1451.0, 1455.0, 1454.0, 1447.0, 1440.0, 1444.0, 1444.0, 1444.0, 1442.0, 1435.0, 1432.0, 1429.0, 1422.0, 1425.0, 1417.0, 1398.0, 1417.0, 1396.0, 1390.0, 1392.0, 1409.0, 1409.0, 1409.0, 1402.0, 1396.0, 1394.0, 1401.0, 1411.0, 1410.0, 1386.0, 1404.0, 1385.0, 1410.0, 1395.0, 1395.0, 1389.0, 1382.0, 1392.0, 1385.0, 1389.0, 1374.0, 1388.0, 1379.0, 1375.0, 1370.0, 1392.0, 1383.0, 1374.0, 1371.0, 1366.0, 1368.0, 1360.0, 1360.0, 1359.0, 1357.0, 1359.0, 1359.0, 1359.0, 1335.0, 1353.0, 1344.0, 1323.0, 1318.0, 1323.0, 1321.0, 1315.0, 1311.0, 1311.0, 1302.0, 1309.0, 1314.0, 1321.0, 1313.0, 1313.0, 1275.0, 1277.0, 1296.0, 1291.0, 1291.0, 1290.0, 1296.0, 1271.0, 1287.0, 1290.0, 1277.0, 1277.0, 1287.0, 1277.0, 1281.0, 1283.0, 1300.0, 1302.0, 1301.0, 1301.0, 1302.0, 1302.0, 1294.0, 1293.0, 1293.0, 1293.0, 1293.0, 1293.0, 1290.0, 1299.0, 1311.0, 1302.0, 1309.0, 1295.0, 1304.0, 1306.0, 1304.0, 1308.0, 1305.0, 1309.0, 1305.0, 1307.0, 1301.0, 1314.0, 1317.0, 1317.0, 1325.0, 1324.0, 1324.0, 1333.0, 1326.0, 1324.0, 1321.0, 1321.0, 1337.0, 1332.0, 1337.0, 1331.0, 1320.0, 1326.0, 1326.0, 1340.0, 1329.0, 1322.0, 1316.0, 1318.0, 1309.0, 1309.0, 1311.0, 1322.0, 1318.0, 1334.0, 1334.0, 1321.0, 1327.0, 1346.0, 1351.0, 1348.0, 1344.0, 1344.0, 1338.0, 1364.0, 1373.0, 1357.0, 1390.0, 1359.0, 1372.0, 1378.0, 1378.0, 1397.0, 1397.0, 1406.0, 1400.0, 1401.0, 1399.0, 1408.0, 1402.0, 1398.0, 1390.0, 1388.0, 1417.0, 1395.0, 1377.0, 1377.0, 1383.0, 1414.0, 1414.0, 1419.0, 1426.0, 1424.0, 1427.0, 1425.0, 1428.0, 1424.0, 1426.0, 1427.0, 1435.0, 1431.0, 1429.0, 1422.0, 1422.0, 1433.0, 1442.0, 1433.0, 1418.0, 1418.0, 1418.0, 1427.0, 1436.0, 1431.0, 1427.0, 1433.0, 1440.0, 1420.0, 1422.0, 1412.0, 1406.0, 1414.0, 1424.0, 1421.0, 1409.0, 1398.0, 1398.0, 1404.0, 1400.0, 1407.0, 1387.0]