header: 
  seq: 1852
  stamp: 
    secs: 1548820803
    nsecs: 479500602
  frame_id: "base_link"
angle_min: -2.35619449615
angle_max: 2.35619449615
angle_increment: 0.00436332309619
time_increment: 1.73611151695e-05
scan_time: 0.0250000003725
range_min: 0.019999999553
range_max: 30.0
ranges: [0.5450000166893005, 0.5590000152587891, 0.593999981880188, 0.6200000047683716, 0.628000020980835, 0.6230000257492065, 0.6200000047683716, 0.625, 0.6200000047683716, 0.6100000143051147, 0.597000002861023, 0.5889999866485596, 0.5899999737739563, 0.5580000281333923, 0.5410000085830688, 0.4429999887943268, 0.4099999964237213, 0.3160000145435333, 0.23999999463558197, 0.30799999833106995, 0.3799999952316284, 0.46000000834465027, 0.5109999775886536, 0.5339999794960022, 0.5339999794960022, 0.5230000019073486, 0.5230000019073486, 0.5099999904632568, 0.49900001287460327, 0.4970000088214874, 0.4959999918937683, 0.49799999594688416, 0.49399998784065247, 0.49399998784065247, 0.48100000619888306, 0.46700000762939453, 0.4659999907016754, 0.45500001311302185, 0.4620000123977661, 0.460999995470047, 0.4620000123977661, 0.4580000042915344, 0.45399999618530273, 0.44999998807907104, 0.4449999928474426, 0.44699999690055847, 0.43700000643730164, 0.42899999022483826, 0.421999990940094, 0.42100000381469727, 0.4189999997615814, 0.41200000047683716, 0.41100001335144043, 0.39899998903274536, 0.39899998903274536, 0.39899998903274536, 0.4020000100135803, 0.39399999380111694, 0.39100000262260437, 0.3889999985694885, 0.3840000033378601, 0.37700000405311584, 0.37700000405311584, 0.3790000081062317, 0.3779999911785126, 0.37299999594688416, 0.37299999594688416, 0.36500000953674316, 0.3619999885559082, 0.35499998927116394, 0.35499998927116394, 0.35600000619888306, 0.3580000102519989, 0.35499998927116394, 0.35199999809265137, 0.35600000619888306, 0.35600000619888306, 0.3499999940395355, 0.3479999899864197, 0.3409999907016754, 0.3409999907016754, 0.3310000002384186, 0.32899999618530273, 0.32499998807907104, 0.3269999921321869, 0.32499998807907104, 0.3199999928474426, 0.3199999928474426, 0.3269999921321869, 0.32600000500679016, 0.3230000138282776, 0.32100000977516174, 0.31200000643730164, 0.3050000071525574, 0.3089999854564667, 0.3070000112056732, 0.3059999942779541, 0.3009999990463257, 0.29600000381469727, 0.29499998688697815, 0.2930000126361847, 0.28700000047683716, 0.2849999964237213, 0.28200000524520874, 0.28200000524520874, 0.28299999237060547, 0.28600001335144043, 0.2849999964237213, 0.2840000092983246, 0.2800000011920929, 0.2759999930858612, 0.27399998903274536, 0.2720000147819519, 0.2809999883174896, 0.2800000011920929, 0.2750000059604645, 0.27799999713897705, 0.2800000011920929, 0.27000001072883606, 0.27000001072883606, 0.2669999897480011, 0.26600000262260437, 0.26899999380111694, 0.2639999985694885, 0.26100000739097595, 0.2630000114440918, 0.27000001072883606, 0.2669999897480011, 0.2639999985694885, 0.26499998569488525, 0.26499998569488525, 0.2619999945163727, 0.25699999928474426, 0.26100000739097595, 0.2549999952316284, 0.25099998712539673, 0.25099998712539673, 0.25099998712539673, 0.25099998712539673, 0.25099998712539673, 0.25200000405311584, 0.2529999911785126, 0.2529999911785126, 0.25600001215934753, 0.24799999594688416, 0.24899999797344208, 0.24799999594688416, 0.2460000067949295, 0.2549999952316284, 0.25699999928474426, 0.25099998712539673, 0.25, 0.25699999928474426, 0.257999986410141, 0.25999999046325684, 0.25999999046325684, 0.25200000405311584, 0.2549999952316284, 0.2549999952316284, 0.2529999911785126, 0.24899999797344208, 0.24500000476837158, 0.24300000071525574, 0.24500000476837158, 0.24699999392032623, 0.24500000476837158, 0.24699999392032623, 0.25099998712539673, 0.2529999911785126, 0.25, 0.25600001215934753, 0.25600001215934753, 0.24400000274181366, 0.2460000067949295, 0.2460000067949295, 0.25, 0.25, 0.24300000071525574, 0.2409999966621399, 0.25, 0.25200000405311584, 0.25200000405311584, 0.24400000274181366, 0.24400000274181366, 0.25, 0.25, 0.2460000067949295, 0.24500000476837158, 0.2540000081062317, 0.26100000739097595, 0.24899999797344208, 0.24400000274181366, 0.24699999392032623, 0.24300000071525574, 0.2409999966621399, 0.24199999868869781, 0.23800000548362732, 0.23800000548362732, 0.23899999260902405, 0.23999999463558197, 0.2409999966621399, 0.2409999966621399, 0.23899999260902405, 0.23899999260902405, 0.24500000476837158, 0.24400000274181366, 0.24400000274181366, 0.25200000405311584, 0.26100000739097595, 0.257999986410141, 0.2529999911785126, 0.2549999952316284, 0.25699999928474426, 0.26100000739097595, 0.257999986410141, 0.2549999952316284, 0.2549999952316284, 0.25200000405311584, 0.24799999594688416, 0.25099998712539673, 0.2540000081062317, 0.2529999911785126, 0.25999999046325684, 0.2630000114440918, 0.25999999046325684, 0.26600000262260437, 0.26899999380111694, 0.26499998569488525, 0.2680000066757202, 0.27900001406669617, 0.27799999713897705, 0.26899999380111694, 0.26899999380111694, 0.2709999978542328, 0.27900001406669617, 0.2770000100135803, 0.289000004529953, 0.2809999883174896, 0.2800000011920929, 0.27900001406669617, 0.2770000100135803, 0.28600001335144043, 0.28700000047683716, 0.2919999957084656, 0.2939999997615814, 0.29899999499320984, 0.3050000071525574, 0.30300000309944153, 0.30399999022483826, 0.3059999942779541, 0.30399999022483826, 0.3070000112056732, 0.30799999833106995, 0.31700000166893005, 0.3179999887943268, 0.32199999690055847, 0.3140000104904175, 0.3160000145435333, 0.32499998807907104, 0.32899999618530273, 0.3400000035762787, 0.33899998664855957, 0.33899998664855957, 0.3409999907016754, 0.3490000069141388, 0.36800000071525574, 0.38999998569488525, 0.3869999945163727, 0.41100001335144043, 0.4189999997615814, 0.4259999990463257, 0.4350000023841858, 0.46000000834465027, 0.46799999475479126, 0.4869999885559082, 0.5049999952316284, 0.5220000147819519, 0.5440000295639038, 0.5659999847412109, 0.5989999771118164, 0.6200000047683716, 0.6489999890327454, 0.671999990940094, 0.7089999914169312, 0.7409999966621399, 0.7649999856948853, 0.8199999928474426, 0.8799999952316284, 0.953000009059906, 1.0089999437332153, 1.1050000190734863, 1.2100000381469727, 1.312999963760376, 1.50600004196167, 1.7109999656677246, 1.7519999742507935, 1.8739999532699585, 2.7790000438690186, 2.7850000858306885, 2.7809998989105225, 2.7809998989105225, 2.7829999923706055, 2.7799999713897705, 2.7769999504089355, 2.7829999923706055, 2.7880001068115234, 2.7839999198913574, 2.7850000858306885, 2.7790000438690186, 2.7799999713897705, 2.7790000438690186, 2.7730000019073486, 2.7720000743865967, 2.7699999809265137, 2.7660000324249268, 2.7679998874664307, 2.7690000534057617, 2.7690000534057617, 2.747999906539917, 2.749000072479248, 2.747999906539917, 2.74399995803833, 2.740999937057495, 2.740999937057495, 2.7360000610351562, 2.7320001125335693, 2.7190001010894775, 2.7179999351501465, 2.7209999561309814, 2.7219998836517334, 2.7249999046325684, 2.7170000076293945, 2.7130000591278076, 2.7070000171661377, 2.6989998817443848, 2.690000057220459, 2.687999963760376, 2.687999963760376, 2.687999963760376, 2.684000015258789, 2.6740000247955322, 2.671999931335449, 2.6619999408721924, 2.6530001163482666, 2.6480000019073486, 2.6459999084472656, 2.6419999599456787, 2.634999990463257, 2.621999979019165, 2.618000030517578, 2.61299991607666, 2.6040000915527344, 2.6010000705718994, 2.5869998931884766, 2.578000068664551, 2.578000068664551, 2.5739998817443848, 2.568000078201294, 2.555999994277954, 2.5490000247955322, 2.5429999828338623, 2.5329999923706055, 2.5290000438690186, 2.5139999389648438, 2.509000062942505, 2.503000020980835, 2.496000051498413, 2.4779999256134033, 2.4660000801086426, 2.4560000896453857, 2.450000047683716, 2.437000036239624, 2.438999891281128, 2.427000045776367, 2.4170000553131104, 2.3970000743865967, 2.3919999599456787, 2.38700008392334, 2.36299991607666, 2.3559999465942383, 2.3469998836517334, 2.3399999141693115, 2.325000047683716, 2.305999994277954, 2.2850000858306885, 2.2750000953674316, 2.253000020980835, 2.247999906539917, 2.2360000610351562, 2.2269999980926514, 2.2230000495910645, 2.194000005722046, 2.184000015258789, 2.1700000762939453, 2.1459999084472656, 2.121999979019165, 2.0969998836517334, 2.0869998931884766, 2.0810000896453857, 2.056999921798706, 2.0329999923706055, 2.009999990463257, 2.003000020980835, 1.9780000448226929, 1.9539999961853027, 1.9429999589920044, 1.9240000247955322, 1.906000018119812, 1.8940000534057617, 1.8769999742507935, 1.8650000095367432, 1.8389999866485596, 1.8240000009536743, 1.809999942779541, 1.7920000553131104, 1.7730000019073486, 1.7569999694824219, 1.7430000305175781, 1.7339999675750732, 1.7209999561309814, 1.7089999914169312, 1.6929999589920044, 1.6829999685287476, 1.6610000133514404, 1.6480000019073486, 1.6380000114440918, 1.628000020980835, 1.6130000352859497, 1.6059999465942383, 1.5920000076293945, 1.5759999752044678, 1.562000036239624, 1.5479999780654907, 1.5379999876022339, 1.5290000438690186, 1.5199999809265137, 1.5149999856948853, 1.5099999904632568, 1.4989999532699585, 1.4850000143051147, 1.4789999723434448, 1.465999960899353, 1.4509999752044678, 1.440999984741211, 1.434999942779541, 1.430999994277954, 1.4170000553131104, 1.4149999618530273, 1.4049999713897705, 1.3899999856948853, 1.378999948501587, 1.3769999742507935, 1.3660000562667847, 1.3630000352859497, 1.3530000448226929, 1.3420000076293945, 1.3339999914169312, 1.3250000476837158, 1.319000005722046, 1.315999984741211, 1.305999994277954, 1.2999999523162842, 1.2940000295639038, 1.2899999618530273, 1.281000018119812, 1.2710000276565552, 1.2630000114440918, 1.2549999952316284, 1.25, 1.24399995803833, 1.2430000305175781, 1.2380000352859497, 1.2330000400543213, 1.215000033378601, 1.2139999866485596, 1.2089999914169312, 1.2079999446868896, 1.2009999752044678, 1.1929999589920044, 1.190999984741211, 1.1790000200271606, 1.1779999732971191, 1.1729999780654907, 1.1729999780654907, 1.1649999618530273, 1.156000018119812, 1.1510000228881836, 1.1449999809265137, 1.1449999809265137, 1.1460000276565552, 1.1440000534057617, 1.1390000581741333, 1.1269999742507935, 1.11899995803833, 1.121000051498413, 1.1150000095367432, 1.1050000190734863, 1.1050000190734863, 1.1059999465942383, 1.100000023841858, 1.0950000286102295, 1.0920000076293945, 1.0820000171661377, 1.0820000171661377, 1.0779999494552612, 1.0770000219345093, 1.0740000009536743, 1.0720000267028809, 1.0700000524520874, 1.0709999799728394, 1.065999984741211, 1.059999942779541, 1.0509999990463257, 1.0479999780654907, 1.0479999780654907, 1.0429999828338623, 1.0369999408721924, 1.0369999408721924, 1.0369999408721924, 1.0379999876022339, 1.0329999923706055, 1.031000018119812, 1.0219999551773071, 1.0119999647140503, 1.003999948501587, 1.003999948501587, 1.0, 0.9909999966621399, 0.9909999966621399, 1.0049999952316284, 0.9879999756813049, 0.9909999966621399, 0.9879999756813049, 0.9879999756813049, 0.9860000014305115, 0.9810000061988831, 0.9819999933242798, 0.9819999933242798, 0.9800000190734863, 0.9760000109672546, 0.9729999899864197, 0.9739999771118164, 0.9679999947547913, 0.9620000123977661, 0.9580000042915344, 0.9629999995231628, 0.9580000042915344, 0.9559999704360962, 0.9509999752044678, 0.9570000171661377, 0.9570000171661377, 0.953000009059906, 0.9480000138282776, 0.9459999799728394, 0.9449999928474426, 0.9430000185966492, 0.9430000185966492, 0.9430000185966492, 0.9369999766349792, 0.9409999847412109, 0.9430000185966492, 0.9430000185966492, 0.9319999814033508, 0.9309999942779541, 0.9169999957084656, 0.9150000214576721, 0.9139999747276306, 0.9110000133514404, 0.9079999923706055, 0.9079999923706055, 0.906000018119812, 0.9049999713897705, 0.9049999713897705, 0.9049999713897705, 0.9010000228881836, 0.8949999809265137, 0.8939999938011169, 0.8939999938011169, 0.8960000276565552, 0.8960000276565552, 0.8980000019073486, 0.8930000066757202, 0.8920000195503235, 0.8920000195503235, 0.8920000195503235, 0.8899999856948853, 0.8870000243186951, 0.8799999952316284, 0.8759999871253967, 0.875, 0.8759999871253967, 0.8740000128746033, 0.8740000128746033, 0.8730000257492065, 0.8730000257492065, 0.8700000047683716, 0.8659999966621399, 0.8650000095367432, 0.878000020980835, 0.878000020980835, 0.878000020980835, 0.8700000047683716, 0.8700000047683716, 0.8659999966621399, 0.8669999837875366, 0.8669999837875366, 0.8650000095367432, 0.8619999885559082, 0.8569999933242798, 0.8539999723434448, 0.8600000143051147, 0.8619999885559082, 0.8619999885559082, 0.859000027179718, 0.859000027179718, 0.859000027179718, 0.8600000143051147, 0.8560000061988831, 0.8519999980926514, 0.8510000109672546, 0.8579999804496765, 0.8640000224113464, 0.8600000143051147, 0.8539999723434448, 0.8539999723434448, 0.8539999723434448, 0.8539999723434448, 0.8539999723434448, 0.8529999852180481, 0.8519999980926514, 0.8519999980926514, 0.8539999723434448, 0.8479999899864197, 0.8429999947547913, 0.843999981880188, 0.8450000286102295, 0.843999981880188, 0.8500000238418579, 0.847000002861023, 0.8389999866485596, 0.8379999995231628, 0.8389999866485596, 0.8410000205039978, 0.8410000205039978, 0.8410000205039978, 0.8410000205039978, 0.8410000205039978, 0.8330000042915344, 0.8289999961853027, 0.8330000042915344, 0.8360000252723694, 0.8330000042915344, 0.8299999833106995, 0.8309999704360962, 0.828000009059906, 0.8240000009536743, 0.8230000138282776, 0.8199999928474426, 0.8190000057220459, 0.8209999799728394, 0.8190000057220459, 0.8149999976158142, 0.8109999895095825, 0.8190000057220459, 0.8220000267028809, 0.8220000267028809, 0.8119999766349792, 0.8169999718666077, 0.8169999718666077, 0.8119999766349792, 0.8100000023841858, 0.8090000152587891, 0.8100000023841858, 0.8100000023841858, 0.8090000152587891, 0.8059999942779541, 0.8069999814033508, 0.8059999942779541, 0.8069999814033508, 0.800000011920929, 0.8009999990463257, 0.8059999942779541, 0.8059999942779541, 0.8040000200271606, 0.8040000200271606, 0.8080000281333923, 0.7990000247955322, 0.7929999828338623, 0.7990000247955322, 0.800000011920929, 0.800000011920929, 0.8019999861717224, 0.8040000200271606, 0.8029999732971191, 0.8019999861717224, 0.7910000085830688, 0.7910000085830688, 0.7910000085830688, 0.7919999957084656, 0.7839999794960022, 0.7770000100135803, 0.7789999842643738, 0.7850000262260437, 0.7850000262260437, 0.7850000262260437, 0.7850000262260437, 0.7850000262260437, 0.7910000085830688, 0.7879999876022339, 0.7889999747276306, 0.7820000052452087, 0.7799999713897705, 0.7770000100135803, 0.7820000052452087, 0.7770000100135803, 0.7820000052452087, 0.7799999713897705, 0.7799999713897705, 0.7720000147819519, 0.7710000276565552, 0.7680000066757202, 0.7609999775886536, 0.7630000114440918, 0.7630000114440918, 0.7630000114440918, 0.7630000114440918, 0.7639999985694885, 0.765999972820282, 0.7649999856948853, 0.7620000243186951, 0.7630000114440918, 0.7630000114440918, 0.7590000033378601, 0.7559999823570251, 0.7559999823570251, 0.7570000290870667, 0.7580000162124634, 0.7570000290870667, 0.7609999775886536, 0.7670000195503235, 0.7670000195503235, 0.7609999775886536, 0.7599999904632568, 0.7580000162124634, 0.7549999952316284, 0.753000020980835, 0.7580000162124634, 0.7580000162124634, 0.7580000162124634, 0.7599999904632568, 0.7580000162124634, 0.753000020980835, 0.7509999871253967, 0.746999979019165, 0.746999979019165, 0.7540000081062317, 0.7540000081062317, 0.7549999952316284, 0.7570000290870667, 0.7480000257492065, 0.7440000176429749, 0.746999979019165, 0.7450000047683716, 0.7379999756813049, 0.7369999885559082, 0.7440000176429749, 0.7440000176429749, 0.7440000176429749, 0.7400000095367432, 0.7400000095367432, 0.7400000095367432, 0.7440000176429749, 0.7440000176429749, 0.7400000095367432, 0.7400000095367432, 0.7379999756813049, 0.7379999756813049, 0.7369999885559082, 0.7379999756813049, 0.7379999756813049, 0.7329999804496765, 0.7329999804496765, 0.7360000014305115, 0.7390000224113464, 0.7369999885559082, 0.7369999885559082, 0.7390000224113464, 0.7329999804496765, 0.7350000143051147, 0.7310000061988831, 0.7350000143051147, 0.7350000143051147, 0.7350000143051147, 0.7350000143051147, 0.7329999804496765, 0.7279999852180481, 0.7229999899864197, 0.7229999899864197, 0.7239999771118164, 0.7279999852180481, 0.7289999723434448, 0.7350000143051147, 0.734000027179718, 0.7279999852180481, 0.7279999852180481, 0.7269999980926514, 0.7239999771118164, 0.722000002861023, 0.7149999737739563, 0.718999981880188, 0.7170000076293945, 0.718999981880188, 0.7200000286102295, 0.722000002861023, 0.7269999980926514, 0.722000002861023, 0.7200000286102295, 0.7179999947547913, 0.7139999866485596, 0.722000002861023, 0.7160000205039978, 0.7110000252723694, 0.7099999785423279, 0.7149999737739563, 0.7149999737739563, 0.7120000123977661, 0.7120000123977661, 0.7160000205039978, 0.718999981880188, 0.718999981880188, 0.7129999995231628, 0.7089999914169312, 0.7110000252723694, 0.7139999866485596, 0.7129999995231628, 0.7149999737739563, 0.7149999737739563, 0.7149999737739563, 0.7120000123977661, 0.7160000205039978, 0.7149999737739563, 0.7089999914169312, 0.7120000123977661, 0.7099999785423279, 0.7080000042915344, 0.7170000076293945, 0.7149999737739563, 0.7139999866485596, 0.7110000252723694, 0.7099999785423279, 0.7099999785423279, 0.7099999785423279, 0.7099999785423279, 0.7110000252723694, 0.7110000252723694, 0.7120000123977661, 0.7170000076293945, 0.7149999737739563, 0.7089999914169312, 0.7089999914169312, 0.7129999995231628, 0.7129999995231628, 0.7129999995231628, 0.7129999995231628, 0.7070000171661377, 0.7059999704360962, 0.7049999833106995, 0.7049999833106995, 0.7120000123977661, 0.7020000219345093, 0.7009999752044678, 0.7070000171661377, 0.7120000123977661, 0.6990000009536743, 0.6990000009536743, 0.6940000057220459, 0.7009999752044678, 0.7049999833106995, 0.7049999833106995, 0.7080000042915344, 0.7059999704360962, 0.7080000042915344, 0.7039999961853027, 0.699999988079071, 0.7039999961853027, 0.7039999961853027, 0.7049999833106995, 0.703000009059906, 0.6970000267028809, 0.6970000267028809, 0.7020000219345093, 0.7070000171661377, 0.7070000171661377, 0.703000009059906, 0.7039999961853027, 0.7020000219345093, 0.7020000219345093, 0.6990000009536743, 0.6959999799728394, 0.6930000185966492, 0.6930000185966492, 0.6930000185966492, 0.6940000057220459, 0.6940000057220459, 0.6949999928474426, 0.6930000185966492, 0.6890000104904175, 0.6949999928474426, 0.699999988079071, 0.6980000138282776, 0.6970000267028809, 0.6990000009536743, 0.6990000009536743, 0.6990000009536743, 0.7009999752044678, 0.6940000057220459, 0.6909999847412109, 0.6899999976158142, 0.6980000138282776, 0.6980000138282776, 0.6980000138282776, 0.6949999928474426, 0.6930000185966492, 0.6890000104904175, 0.6850000023841858, 0.6850000023841858, 0.6919999718666077, 0.6990000009536743, 0.6980000138282776, 0.6970000267028809, 0.6949999928474426, 0.6970000267028809, 0.6980000138282776, 0.6859999895095825, 0.6980000138282776, 0.6930000185966492, 0.6919999718666077, 0.6909999847412109, 0.6909999847412109, 0.6940000057220459, 0.6940000057220459, 0.6919999718666077, 0.6890000104904175, 0.6869999766349792, 0.6890000104904175, 0.6899999976158142, 0.6930000185966492, 0.6940000057220459, 0.6949999928474426, 0.6970000267028809, 0.6940000057220459, 0.6880000233650208, 0.6840000152587891, 0.6840000152587891, 0.6830000281333923, 0.6840000152587891, 0.6850000023841858, 0.6899999976158142, 0.6959999799728394, 0.6959999799728394, 0.6959999799728394, 0.6970000267028809, 0.6990000009536743, 0.6970000267028809, 0.6909999847412109, 0.6859999895095825, 0.6869999766349792, 0.6880000233650208, 0.6909999847412109, 0.6909999847412109, 0.6909999847412109, 0.6890000104904175, 0.6869999766349792, 0.6930000185966492, 0.6959999799728394, 0.6970000267028809, 0.6949999928474426, 0.6970000267028809, 0.6919999718666077, 0.6990000009536743, 0.6959999799728394, 0.6990000009536743, 0.6919999718666077, 0.6869999766349792, 0.6880000233650208, 0.6940000057220459, 0.6940000057220459, 0.6919999718666077, 0.6890000104904175, 0.6890000104904175, 0.6919999718666077, 0.6940000057220459, 0.6899999976158142, 0.6899999976158142, 0.6970000267028809, 0.6970000267028809, 0.6940000057220459, 0.6940000057220459, 0.6930000185966492, 0.6909999847412109, 0.6880000233650208, 0.6940000057220459, 0.699999988079071, 0.699999988079071, 0.6970000267028809, 0.6940000057220459, 0.6940000057220459, 0.6930000185966492, 0.6899999976158142, 0.6959999799728394, 0.6949999928474426, 0.6949999928474426, 0.6919999718666077, 0.6850000023841858, 0.6800000071525574, 0.6800000071525574, 0.6830000281333923, 0.6869999766349792, 0.6869999766349792, 0.6830000281333923, 0.6840000152587891, 0.6859999895095825, 0.6790000200271606, 0.6800000071525574, 0.6800000071525574, 0.6790000200271606, 0.6790000200271606, 0.6819999814033508, 0.6800000071525574, 0.6729999780654907, 0.6710000038146973, 0.6710000038146973, 0.6710000038146973, 0.6710000038146973, 0.6729999780654907, 0.6759999990463257, 0.6769999861717224, 0.6800000071525574, 0.6729999780654907, 0.6660000085830688, 0.6759999990463257, 0.6759999990463257, 0.6779999732971191, 0.6700000166893005, 0.671999990940094, 0.675000011920929, 0.6740000247955322, 0.6729999780654907, 0.6690000295639038, 0.6679999828338623, 0.6700000166893005, 0.6740000247955322, 0.6740000247955322, 0.6729999780654907, 0.6700000166893005, 0.6660000085830688, 0.6570000052452087, 0.6549999713897705, 0.6549999713897705, 0.6579999923706055, 0.6650000214576721, 0.6639999747276306, 0.6639999747276306, 0.6629999876022339, 0.671999990940094, 0.6729999780654907, 0.6690000295639038, 0.6710000038146973, 0.6729999780654907, 0.6779999732971191, 0.6779999732971191, 0.6779999732971191, 0.6779999732971191, 0.675000011920929, 0.6769999861717224, 0.6769999861717224, 0.6880000233650208, 0.6880000233650208, 0.6819999814033508, 0.6759999990463257, 0.6779999732971191]
intensities: [951.0, 950.0, 970.0, 978.0, 992.0, 1053.0, 1041.0, 1060.0, 1116.0, 1145.0, 1126.0, 1125.0, 1149.0, 1140.0, 1112.0, 1030.0, 1026.0, 857.0, 731.0, 803.0, 938.0, 967.0, 991.0, 1008.0, 1008.0, 948.0, 948.0, 914.0, 918.0, 975.0, 1023.0, 1104.0, 1113.0, 1133.0, 1136.0, 1140.0, 1149.0, 1146.0, 1221.0, 1226.0, 1236.0, 1250.0, 1274.0, 1275.0, 1276.0, 1274.0, 1299.0, 1309.0, 1315.0, 1298.0, 1280.0, 1285.0, 1276.0, 1262.0, 1257.0, 1262.0, 1258.0, 1252.0, 1240.0, 1228.0, 1208.0, 1224.0, 1216.0, 1212.0, 1209.0, 1251.0, 1251.0, 1236.0, 1227.0, 1193.0, 1193.0, 1217.0, 1212.0, 1216.0, 1218.0, 1232.0, 1232.0, 1207.0, 1198.0, 1174.0, 1184.0, 1180.0, 1173.0, 1156.0, 1166.0, 1159.0, 1142.0, 1142.0, 1179.0, 1198.0, 1205.0, 1192.0, 1152.0, 1129.0, 1135.0, 1133.0, 1143.0, 1144.0, 1134.0, 1128.0, 1146.0, 1130.0, 1144.0, 1138.0, 1147.0, 1153.0, 1153.0, 1164.0, 1155.0, 1151.0, 1157.0, 1151.0, 1147.0, 1158.0, 1165.0, 1169.0, 1172.0, 1176.0, 1166.0, 1166.0, 1151.0, 1133.0, 1156.0, 1144.0, 1155.0, 1141.0, 1140.0, 1133.0, 1139.0, 1148.0, 1148.0, 1151.0, 1137.0, 1158.0, 1149.0, 1147.0, 1151.0, 1156.0, 1162.0, 1162.0, 1169.0, 1163.0, 1163.0, 1158.0, 1171.0, 1188.0, 1185.0, 1183.0, 1206.0, 1221.0, 1204.0, 1202.0, 1220.0, 1218.0, 1217.0, 1216.0, 1211.0, 1230.0, 1230.0, 1230.0, 1231.0, 1229.0, 1226.0, 1236.0, 1234.0, 1231.0, 1244.0, 1233.0, 1233.0, 1233.0, 1235.0, 1235.0, 1230.0, 1231.0, 1240.0, 1239.0, 1239.0, 1239.0, 1221.0, 1230.0, 1219.0, 1219.0, 1193.0, 1193.0, 1185.0, 1185.0, 1184.0, 1177.0, 1176.0, 1175.0, 1166.0, 1157.0, 1175.0, 1148.0, 1140.0, 1140.0, 1127.0, 1127.0, 1128.0, 1132.0, 1134.0, 1137.0, 1126.0, 1115.0, 1116.0, 1109.0, 1120.0, 1116.0, 1142.0, 1134.0, 1111.0, 1123.0, 1115.0, 1124.0, 1104.0, 1107.0, 1107.0, 1112.0, 1114.0, 1113.0, 1103.0, 1083.0, 1110.0, 1098.0, 1094.0, 1106.0, 1114.0, 1082.0, 1081.0, 1098.0, 1101.0, 1102.0, 1102.0, 1079.0, 1090.0, 1093.0, 1107.0, 1109.0, 1109.0, 1099.0, 1079.0, 1081.0, 1086.0, 1083.0, 1077.0, 1081.0, 1082.0, 1061.0, 1066.0, 1036.0, 1024.0, 1017.0, 1017.0, 1062.0, 1018.0, 1020.0, 1019.0, 1020.0, 1033.0, 1043.0, 1046.0, 1073.0, 1101.0, 1047.0, 944.0, 927.0, 935.0, 918.0, 938.0, 944.0, 948.0, 945.0, 940.0, 942.0, 932.0, 921.0, 917.0, 901.0, 891.0, 879.0, 872.0, 878.0, 882.0, 876.0, 839.0, 809.0, 772.0, 773.0, 767.0, 739.0, 711.0, 745.0, 755.0, 1017.0, 1142.0, 1224.0, 1399.0, 952.0, 949.0, 933.0, 933.0, 947.0, 958.0, 956.0, 965.0, 974.0, 960.0, 963.0, 943.0, 945.0, 955.0, 949.0, 952.0, 959.0, 958.0, 961.0, 964.0, 964.0, 961.0, 963.0, 959.0, 960.0, 953.0, 953.0, 954.0, 963.0, 959.0, 958.0, 968.0, 979.0, 980.0, 960.0, 967.0, 953.0, 951.0, 961.0, 958.0, 955.0, 957.0, 969.0, 954.0, 959.0, 953.0, 967.0, 964.0, 959.0, 952.0, 962.0, 975.0, 968.0, 967.0, 960.0, 968.0, 967.0, 966.0, 966.0, 961.0, 963.0, 964.0, 960.0, 972.0, 961.0, 968.0, 961.0, 966.0, 958.0, 965.0, 962.0, 967.0, 966.0, 962.0, 959.0, 974.0, 958.0, 953.0, 962.0, 956.0, 951.0, 962.0, 957.0, 953.0, 953.0, 961.0, 949.0, 955.0, 960.0, 958.0, 970.0, 967.0, 961.0, 963.0, 964.0, 955.0, 953.0, 970.0, 951.0, 955.0, 964.0, 969.0, 972.0, 968.0, 964.0, 950.0, 951.0, 953.0, 963.0, 966.0, 964.0, 975.0, 969.0, 967.0, 961.0, 959.0, 967.0, 972.0, 971.0, 973.0, 977.0, 969.0, 983.0, 996.0, 997.0, 996.0, 998.0, 1015.0, 1004.0, 1017.0, 1013.0, 1024.0, 1036.0, 1032.0, 1048.0, 1061.0, 1080.0, 1085.0, 1081.0, 1097.0, 1091.0, 1107.0, 1092.0, 1107.0, 1098.0, 1100.0, 1094.0, 1095.0, 1101.0, 1103.0, 1118.0, 1107.0, 1089.0, 1094.0, 1086.0, 1100.0, 1096.0, 1092.0, 1088.0, 1106.0, 1100.0, 1110.0, 1125.0, 1119.0, 1122.0, 1118.0, 1114.0, 1122.0, 1126.0, 1127.0, 1122.0, 1132.0, 1136.0, 1138.0, 1142.0, 1146.0, 1149.0, 1148.0, 1157.0, 1157.0, 1163.0, 1170.0, 1178.0, 1184.0, 1180.0, 1173.0, 1174.0, 1181.0, 1179.0, 1186.0, 1190.0, 1196.0, 1206.0, 1198.0, 1208.0, 1215.0, 1206.0, 1228.0, 1227.0, 1228.0, 1230.0, 1241.0, 1233.0, 1265.0, 1270.0, 1271.0, 1271.0, 1286.0, 1278.0, 1279.0, 1273.0, 1267.0, 1300.0, 1295.0, 1293.0, 1301.0, 1305.0, 1305.0, 1307.0, 1311.0, 1311.0, 1325.0, 1326.0, 1316.0, 1327.0, 1338.0, 1332.0, 1335.0, 1335.0, 1339.0, 1340.0, 1340.0, 1350.0, 1346.0, 1352.0, 1374.0, 1374.0, 1377.0, 1376.0, 1394.0, 1394.0, 1393.0, 1395.0, 1394.0, 1399.0, 1395.0, 1397.0, 1394.0, 1412.0, 1419.0, 1419.0, 1432.0, 1434.0, 1435.0, 1439.0, 1452.0, 1453.0, 1454.0, 1469.0, 1470.0, 1469.0, 1478.0, 1497.0, 1492.0, 1492.0, 1491.0, 1488.0, 1494.0, 1500.0, 1499.0, 1505.0, 1509.0, 1507.0, 1515.0, 1531.0, 1524.0, 1539.0, 1532.0, 1540.0, 1543.0, 1543.0, 1539.0, 1531.0, 1516.0, 1537.0, 1529.0, 1533.0, 1525.0, 1521.0, 1531.0, 1520.0, 1516.0, 1520.0, 1525.0, 1526.0, 1521.0, 1518.0, 1558.0, 1557.0, 1554.0, 1555.0, 1554.0, 1554.0, 1570.0, 1557.0, 1549.0, 1542.0, 1559.0, 1552.0, 1569.0, 1567.0, 1570.0, 1576.0, 1576.0, 1586.0, 1582.0, 1574.0, 1574.0, 1577.0, 1577.0, 1576.0, 1583.0, 1587.0, 1580.0, 1580.0, 1587.0, 1592.0, 1594.0, 1594.0, 1583.0, 1581.0, 1587.0, 1593.0, 1593.0, 1594.0, 1600.0, 1597.0, 1595.0, 1606.0, 1585.0, 1599.0, 1600.0, 1598.0, 1596.0, 1590.0, 1595.0, 1593.0, 1596.0, 1603.0, 1603.0, 1607.0, 1615.0, 1612.0, 1613.0, 1597.0, 1600.0, 1624.0, 1611.0, 1609.0, 1603.0, 1612.0, 1616.0, 1614.0, 1619.0, 1624.0, 1621.0, 1618.0, 1622.0, 1622.0, 1651.0, 1628.0, 1628.0, 1623.0, 1642.0, 1653.0, 1661.0, 1661.0, 1641.0, 1630.0, 1638.0, 1632.0, 1637.0, 1632.0, 1638.0, 1628.0, 1628.0, 1627.0, 1636.0, 1649.0, 1646.0, 1647.0, 1650.0, 1654.0, 1655.0, 1660.0, 1646.0, 1633.0, 1634.0, 1636.0, 1626.0, 1626.0, 1641.0, 1650.0, 1635.0, 1641.0, 1659.0, 1657.0, 1653.0, 1648.0, 1648.0, 1645.0, 1658.0, 1651.0, 1645.0, 1621.0, 1629.0, 1650.0, 1646.0, 1662.0, 1647.0, 1647.0, 1631.0, 1649.0, 1658.0, 1662.0, 1649.0, 1651.0, 1651.0, 1662.0, 1654.0, 1675.0, 1681.0, 1675.0, 1657.0, 1657.0, 1661.0, 1666.0, 1660.0, 1660.0, 1665.0, 1665.0, 1671.0, 1655.0, 1655.0, 1657.0, 1659.0, 1658.0, 1657.0, 1668.0, 1669.0, 1667.0, 1656.0, 1661.0, 1664.0, 1657.0, 1673.0, 1642.0, 1642.0, 1661.0, 1661.0, 1657.0, 1653.0, 1629.0, 1635.0, 1638.0, 1636.0, 1640.0, 1636.0, 1640.0, 1644.0, 1647.0, 1636.0, 1635.0, 1635.0, 1627.0, 1629.0, 1663.0, 1658.0, 1658.0, 1634.0, 1641.0, 1625.0, 1625.0, 1633.0, 1633.0, 1628.0, 1623.0, 1632.0, 1632.0, 1627.0, 1625.0, 1624.0, 1624.0, 1624.0, 1621.0, 1621.0, 1630.0, 1630.0, 1632.0, 1632.0, 1628.0, 1633.0, 1621.0, 1609.0, 1607.0, 1602.0, 1606.0, 1606.0, 1588.0, 1595.0, 1599.0, 1594.0, 1590.0, 1581.0, 1580.0, 1581.0, 1573.0, 1572.0, 1575.0, 1573.0, 1572.0, 1576.0, 1563.0, 1558.0, 1567.0, 1553.0, 1552.0, 1548.0, 1553.0, 1553.0, 1561.0, 1554.0, 1547.0, 1542.0, 1533.0, 1538.0, 1525.0, 1531.0, 1521.0, 1528.0, 1525.0, 1511.0, 1503.0, 1512.0, 1528.0, 1524.0, 1526.0, 1517.0, 1486.0, 1487.0, 1489.0, 1496.0, 1480.0, 1468.0, 1468.0, 1458.0, 1481.0, 1481.0, 1477.0, 1460.0, 1458.0, 1454.0, 1453.0, 1453.0, 1432.0, 1442.0, 1453.0, 1435.0, 1442.0, 1462.0, 1462.0, 1442.0, 1432.0, 1427.0, 1429.0, 1422.0, 1408.0, 1400.0, 1416.0, 1426.0, 1423.0, 1423.0, 1405.0, 1393.0, 1399.0, 1397.0, 1390.0, 1397.0, 1397.0, 1396.0, 1385.0, 1389.0, 1402.0, 1405.0, 1395.0, 1395.0, 1390.0, 1387.0, 1396.0, 1390.0, 1393.0, 1409.0, 1393.0, 1400.0, 1393.0, 1387.0, 1387.0, 1390.0, 1379.0, 1387.0, 1377.0, 1385.0, 1361.0, 1384.0, 1376.0, 1376.0, 1370.0, 1359.0, 1362.0, 1365.0, 1366.0, 1356.0, 1365.0, 1355.0, 1357.0, 1359.0, 1362.0, 1350.0, 1350.0, 1359.0, 1341.0, 1343.0, 1349.0, 1332.0, 1343.0, 1345.0, 1353.0, 1346.0, 1366.0, 1359.0, 1347.0, 1342.0, 1344.0, 1344.0, 1353.0, 1362.0, 1326.0, 1336.0, 1339.0, 1348.0, 1347.0, 1350.0, 1347.0, 1352.0, 1352.0, 1339.0, 1335.0, 1332.0, 1330.0, 1331.0, 1339.0, 1341.0, 1341.0, 1338.0, 1341.0, 1342.0, 1355.0, 1351.0, 1352.0, 1362.0, 1356.0, 1350.0, 1347.0, 1350.0, 1349.0, 1358.0, 1371.0, 1366.0, 1350.0, 1360.0, 1352.0, 1358.0, 1373.0, 1376.0, 1374.0, 1380.0, 1381.0, 1377.0, 1380.0, 1374.0, 1367.0, 1379.0, 1379.0, 1376.0, 1381.0, 1376.0, 1376.0, 1386.0, 1386.0, 1374.0, 1387.0, 1383.0, 1382.0, 1387.0, 1387.0, 1385.0, 1386.0, 1390.0, 1393.0, 1390.0, 1374.0, 1398.0, 1402.0, 1407.0, 1417.0, 1401.0, 1404.0, 1420.0, 1423.0, 1426.0, 1439.0, 1439.0, 1426.0, 1420.0, 1411.0, 1417.0, 1443.0, 1444.0, 1419.0, 1419.0, 1459.0, 1458.0, 1462.0, 1472.0, 1476.0, 1473.0, 1473.0, 1468.0, 1471.0, 1466.0, 1441.0, 1424.0, 1408.0, 1484.0, 1484.0, 1482.0, 1494.0, 1498.0, 1492.0, 1493.0, 1511.0, 1512.0, 1504.0, 1522.0, 1555.0, 1547.0, 1533.0, 1529.0, 1533.0, 1549.0, 1545.0, 1545.0, 1545.0, 1548.0, 1554.0, 1554.0, 1559.0, 1559.0, 1561.0, 1551.0, 1559.0, 1555.0, 1563.0, 1553.0, 1553.0, 1549.0, 1546.0, 1548.0, 1540.0, 1560.0, 1560.0, 1559.0, 1555.0, 1559.0]