header: 
  seq: 1469
  stamp: 
    secs: 1548820793
    nsecs: 885352264
  frame_id: "base_link"
angle_min: -2.35619449615
angle_max: 2.35619449615
angle_increment: 0.00436332309619
time_increment: 1.73611151695e-05
scan_time: 0.0250000003725
range_min: 0.019999999553
range_max: 30.0
ranges: [0.3199999928474426, 0.3269999921321869, 0.328000009059906, 0.3269999921321869, 0.3310000002384186, 0.328000009059906, 0.3269999921321869, 0.328000009059906, 0.32100000977516174, 0.32100000977516174, 0.3230000138282776, 0.3230000138282776, 0.3240000009536743, 0.32100000977516174, 0.3199999928474426, 0.3199999928474426, 0.29600000381469727, 0.3109999895095825, 0.2770000100135803, 0.27900001406669617, 0.28299999237060547, 0.29899999499320984, 0.3230000138282776, 0.3199999928474426, 0.3240000009536743, 0.3240000009536743, 0.3230000138282776, 0.3199999928474426, 0.3230000138282776, 0.32600000500679016, 0.33000001311302185, 0.3269999921321869, 0.32899999618530273, 0.328000009059906, 0.3230000138282776, 0.32199999690055847, 0.32199999690055847, 0.3310000002384186, 0.3319999873638153, 0.3319999873638153, 0.3330000042915344, 0.3310000002384186, 0.328000009059906, 0.32499998807907104, 0.3179999887943268, 0.3190000057220459, 0.3269999921321869, 0.33899998664855957, 0.33899998664855957, 0.33399999141693115, 0.32899999618530273, 0.328000009059906, 0.32600000500679016, 0.33000001311302185, 0.33500000834465027, 0.3319999873638153, 0.33000001311302185, 0.33000001311302185, 0.328000009059906, 0.33000001311302185, 0.3310000002384186, 0.3310000002384186, 0.33000001311302185, 0.33000001311302185, 0.3319999873638153, 0.33500000834465027, 0.3400000035762787, 0.33899998664855957, 0.3319999873638153, 0.32899999618530273, 0.3269999921321869, 0.3319999873638153, 0.32899999618530273, 0.32600000500679016, 0.32600000500679016, 0.3310000002384186, 0.3310000002384186, 0.3310000002384186, 0.33500000834465027, 0.3319999873638153, 0.3319999873638153, 0.32899999618530273, 0.3400000035762787, 0.33799999952316284, 0.33799999952316284, 0.33799999952316284, 0.33799999952316284, 0.33399999141693115, 0.33000001311302185, 0.33000001311302185, 0.33000001311302185, 0.3330000042915344, 0.3449999988079071, 0.3449999988079071, 0.3310000002384186, 0.3330000042915344, 0.33799999952316284, 0.3400000035762787, 0.3400000035762787, 0.33899998664855957, 0.33799999952316284, 0.34299999475479126, 0.3400000035762787, 0.33899998664855957, 0.33899998664855957, 0.34200000762939453, 0.34700000286102295, 0.34700000286102295, 0.34299999475479126, 0.34299999475479126, 0.3490000069141388, 0.3479999899864197, 0.3409999907016754, 0.3449999988079071, 0.35100001096725464, 0.35499998927116394, 0.3569999933242798, 0.3569999933242798, 0.3569999933242798, 0.35899999737739563, 0.3580000102519989, 0.3540000021457672, 0.3490000069141388, 0.3529999852180481, 0.3540000021457672, 0.3540000021457672, 0.3529999852180481, 0.35499998927116394, 0.3569999933242798, 0.35600000619888306, 0.35499998927116394, 0.3540000021457672, 0.3569999933242798, 0.3569999933242798, 0.3610000014305115, 0.35899999737739563, 0.35899999737739563, 0.35899999737739563, 0.3610000014305115, 0.36500000953674316, 0.3630000054836273, 0.3610000014305115, 0.35899999737739563, 0.35899999737739563, 0.3619999885559082, 0.367000013589859, 0.367000013589859, 0.36500000953674316, 0.36399999260902405, 0.36800000071525574, 0.36899998784065247, 0.36800000071525574, 0.35899999737739563, 0.35600000619888306, 0.35899999737739563, 0.3610000014305115, 0.3659999966621399, 0.3700000047683716, 0.3709999918937683, 0.3720000088214874, 0.3720000088214874, 0.375, 0.3720000088214874, 0.3700000047683716, 0.3700000047683716, 0.3659999966621399, 0.36899998784065247, 0.37299999594688416, 0.37700000405311584, 0.3799999952316284, 0.37400001287460327, 0.3700000047683716, 0.36500000953674316, 0.36500000953674316, 0.3709999918937683, 0.3709999918937683, 0.3720000088214874, 0.37400001287460327, 0.37299999594688416, 0.37700000405311584, 0.38100001215934753, 0.38100001215934753, 0.3779999911785126, 0.375, 0.375, 0.375, 0.38600000739097595, 0.382999986410141, 0.3869999945163727, 0.3869999945163727, 0.39800000190734863, 0.3970000147819519, 0.3959999978542328, 0.39500001072883606, 0.3970000147819519, 0.3959999978542328, 0.40400001406669617, 0.40400001406669617, 0.4000000059604645, 0.4099999964237213, 0.4099999964237213, 0.40700000524520874, 0.40400001406669617, 0.414000004529953, 0.414000004529953, 0.4180000126361847, 0.41999998688697815, 0.4269999861717224, 0.4300000071525574, 0.4269999861717224, 0.4269999861717224, 0.42800000309944153, 0.42800000309944153, 0.42800000309944153, 0.43299999833106995, 0.4320000112056732, 0.4320000112056732, 0.4309999942779541, 0.4320000112056732, 0.4320000112056732, 0.4390000104904175, 0.44200000166893005, 0.44600000977516174, 0.45500001311302185, 0.4480000138282776, 0.4560000002384186, 0.44999998807907104, 0.453000009059906, 0.453000009059906, 0.4519999921321869, 0.4560000002384186, 0.46000000834465027, 0.46000000834465027, 0.4650000035762787, 0.46799999475479126, 0.47099998593330383, 0.4749999940395355, 0.47699999809265137, 0.47600001096725464, 0.4740000069141388, 0.4779999852180481, 0.48100000619888306, 0.4909999966621399, 0.48899999260902405, 0.48899999260902405, 0.49399998784065247, 0.5, 0.5009999871253967, 0.503000020980835, 0.5049999952316284, 0.5070000290870667, 0.5059999823570251, 0.503000020980835, 0.5049999952316284, 0.515999972820282, 0.5180000066757202, 0.5220000147819519, 0.5320000052452087, 0.5429999828338623, 0.5419999957084656, 0.5419999957084656, 0.5419999957084656, 0.5429999828338623, 0.5429999828338623, 0.5440000295639038, 0.5509999990463257, 0.5569999814033508, 0.5649999976158142, 0.5740000009536743, 0.5690000057220459, 0.578000009059906, 0.578000009059906, 0.578000009059906, 0.5849999785423279, 0.5860000252723694, 0.5950000286102295, 0.5870000123977661, 0.6019999980926514, 0.6169999837875366, 0.6200000047683716, 0.6150000095367432, 0.6150000095367432, 0.6230000257492065, 0.6290000081062317, 0.6359999775886536, 0.6349999904632568, 0.640999972820282, 0.6439999938011169, 0.6460000276565552, 0.6510000228881836, 0.6650000214576721, 0.671999990940094, 0.675000011920929, 0.6779999732971191, 0.6800000071525574, 0.6890000104904175, 0.6919999718666077, 0.703000009059906, 0.7120000123977661, 0.7139999866485596, 0.7149999737739563, 0.7269999980926514, 0.7310000061988831, 0.7450000047683716, 0.746999979019165, 0.7540000081062317, 0.7689999938011169, 0.7820000052452087, 0.796999990940094, 0.8799999952316284, 0.9430000185966492, 0.8500000238418579, 2.1040000915527344, 2.0989999771118164, 2.0910000801086426, 2.0920000076293945, 2.0889999866485596, 2.0889999866485596, 2.062000036239624, 2.056999921798706, 2.0480000972747803, 2.0369999408721924, 2.0350000858306885, 2.0299999713897705, 2.0160000324249268, 2.010999917984009, 2.009999990463257, 2.003999948501587, 1.9880000352859497, 1.9780000448226929, 1.972000002861023, 1.968999981880188, 1.9670000076293945, 1.9579999446868896, 1.9529999494552612, 1.944000005722046, 1.9359999895095825, 1.9329999685287476, 1.9299999475479126, 1.9190000295639038, 1.909000039100647, 1.9019999504089355, 1.8960000276565552, 1.8960000276565552, 1.8930000066757202, 1.8799999952316284, 1.8830000162124634, 1.8769999742507935, 1.8619999885559082, 1.8630000352859497, 1.8559999465942383, 1.8530000448226929, 1.850000023841858, 1.8420000076293945, 1.8339999914169312, 1.8329999446868896, 1.8309999704360962, 1.8209999799728394, 1.8170000314712524, 1.8140000104904175, 1.809000015258789, 1.8040000200271606, 1.7929999828338623, 1.7910000085830688, 1.7879999876022339, 1.784999966621399, 1.781000018119812, 1.781000018119812, 1.7680000066757202, 1.7649999856948853, 1.7610000371932983, 1.7580000162124634, 1.753999948501587, 1.7480000257492065, 1.74399995803833, 1.746999979019165, 1.746000051498413, 1.7410000562667847, 1.7239999771118164, 1.7200000286102295, 1.7130000591278076, 1.7109999656677246, 1.7089999914169312, 1.7059999704360962, 1.7079999446868896, 1.7020000219345093, 1.7000000476837158, 1.6929999589920044, 1.690000057220459, 1.6859999895095825, 1.6799999475479126, 1.6749999523162842, 1.6720000505447388, 1.6720000505447388, 1.6770000457763672, 1.6679999828338623, 1.6690000295639038, 1.6640000343322754, 1.6540000438690186, 1.6490000486373901, 1.6460000276565552, 1.6480000019073486, 1.6430000066757202, 1.6449999809265137, 1.6419999599456787, 1.6419999599456787, 1.6390000581741333, 1.625, 1.6260000467300415, 1.628000020980835, 1.6260000467300415, 1.6239999532699585, 1.6200000047683716, 1.6200000047683716, 1.6180000305175781, 1.6119999885559082, 1.6100000143051147, 1.6050000190734863, 1.600000023841858, 1.5980000495910645, 1.5980000495910645, 1.5820000171661377, 1.5779999494552612, 1.5729999542236328, 1.5729999542236328, 1.5700000524520874, 1.5679999589920044, 1.562999963760376, 1.559999942779541, 1.5529999732971191, 1.5449999570846558, 1.5369999408721924, 1.534999966621399, 1.5379999876022339, 1.5399999618530273, 1.5230000019073486, 1.5180000066757202, 1.5180000066757202, 1.5180000066757202, 1.5110000371932983, 1.5130000114440918, 1.5089999437332153, 1.5099999904632568, 1.50600004196167, 1.4919999837875366, 1.4919999837875366, 1.4910000562667847, 1.4859999418258667, 1.4819999933242798, 1.4759999513626099, 1.4709999561309814, 1.472000002861023, 1.4700000286102295, 1.465000033378601, 1.4600000381469727, 1.4550000429153442, 1.4429999589920044, 1.4359999895095825, 1.4320000410079956, 1.4329999685287476, 1.4329999685287476, 1.4299999475479126, 1.4199999570846558, 1.4119999408721924, 1.409999966621399, 1.406000018119812, 1.3949999809265137, 1.3899999856948853, 1.3890000581741333, 1.3869999647140503, 1.3860000371932983, 1.3830000162124634, 1.3799999952316284, 1.3650000095367432, 1.3650000095367432, 1.3550000190734863, 1.3489999771118164, 1.350000023841858, 1.3459999561309814, 1.3329999446868896, 1.3229999542236328, 1.315000057220459, 1.3140000104904175, 1.3170000314712524, 1.3049999475479126, 1.3020000457763672, 1.2999999523162842, 1.2929999828338623, 1.2899999618530273, 1.274999976158142, 1.274999976158142, 1.2740000486373901, 1.2699999809265137, 1.2649999856948853, 1.2610000371932983, 1.2580000162124634, 1.2549999952316284, 1.2389999628067017, 1.2359999418258667, 1.2359999418258667, 1.2289999723434448, 1.2230000495910645, 1.2200000286102295, 1.2170000076293945, 1.2109999656677246, 1.2000000476837158, 1.1890000104904175, 1.1829999685287476, 1.1799999475479126, 1.1790000200271606, 1.1729999780654907, 1.159999966621399, 1.1490000486373901, 1.149999976158142, 1.1469999551773071, 1.1349999904632568, 1.1330000162124634, 1.1369999647140503, 1.1239999532699585, 1.1150000095367432, 1.1089999675750732, 1.1069999933242798, 1.1009999513626099, 1.097000002861023, 1.093999981880188, 1.0850000381469727, 1.0850000381469727, 1.0670000314712524, 1.062999963760376, 1.059000015258789, 1.062000036239624, 1.0520000457763672, 1.0410000085830688, 1.034000039100647, 1.031000018119812, 1.024999976158142, 1.0149999856948853, 1.0149999856948853, 1.0069999694824219, 0.9990000128746033, 0.9850000143051147, 0.972000002861023, 0.9710000157356262, 0.9679999947547913, 0.9649999737739563, 0.9610000252723694, 0.9599999785423279, 0.9599999785423279, 0.9620000123977661, 0.9480000138282776, 0.9380000233650208, 0.9350000023841858, 0.9259999990463257, 0.9229999780654907, 0.921999990940094, 0.9100000262260437, 0.9049999713897705, 0.9049999713897705, 0.8970000147819519, 0.890999972820282, 0.8859999775886536, 0.8820000290870667, 0.8740000128746033, 0.875, 0.8659999966621399, 0.8629999756813049, 0.8629999756813049, 0.8519999980926514, 0.8519999980926514, 0.8519999980926514, 0.8519999980926514, 0.8500000238418579, 0.8500000238418579, 0.8410000205039978, 0.8360000252723694, 0.824999988079071, 0.8190000057220459, 0.8169999718666077, 0.8169999718666077, 0.8149999976158142, 0.8100000023841858, 0.8130000233650208, 0.7979999780654907, 0.7979999780654907, 0.7979999780654907, 0.7870000004768372, 0.7850000262260437, 0.7820000052452087, 0.7789999842643738, 0.7730000019073486, 0.7730000019073486, 0.7730000019073486, 0.7649999856948853, 0.753000020980835, 0.7559999823570251, 0.7599999904632568, 0.7599999904632568, 0.7570000290870667, 0.7549999952316284, 0.7450000047683716, 0.7450000047683716, 0.7450000047683716, 0.7409999966621399, 0.7379999756813049, 0.734000027179718, 0.7250000238418579, 0.722000002861023, 0.7239999771118164, 0.7229999899864197, 0.7200000286102295, 0.718999981880188, 0.7099999785423279, 0.7149999737739563, 0.7170000076293945, 0.7089999914169312, 0.7039999961853027, 0.703000009059906, 0.7039999961853027, 0.7009999752044678, 0.6909999847412109, 0.6949999928474426, 0.6859999895095825, 0.6850000023841858, 0.6880000233650208, 0.6880000233650208, 0.6830000281333923, 0.6800000071525574, 0.6729999780654907, 0.671999990940094, 0.6710000038146973, 0.6710000038146973, 0.6710000038146973, 0.6710000038146973, 0.6660000085830688, 0.6660000085830688, 0.6700000166893005, 0.6700000166893005, 0.671999990940094, 0.6669999957084656, 0.6539999842643738, 0.6539999842643738, 0.6579999923706055, 0.6600000262260437, 0.6610000133514404, 0.6579999923706055, 0.6460000276565552, 0.6460000276565552, 0.6449999809265137, 0.6449999809265137, 0.640999972820282, 0.6380000114440918, 0.640999972820282, 0.6489999890327454, 0.6460000276565552, 0.6449999809265137, 0.6399999856948853, 0.6399999856948853, 0.628000020980835, 0.6240000128746033, 0.6240000128746033, 0.625, 0.625, 0.6240000128746033, 0.6230000257492065, 0.6169999837875366, 0.6150000095367432, 0.6200000047683716, 0.6200000047683716, 0.6179999709129333, 0.6179999709129333, 0.6159999966621399, 0.6179999709129333, 0.6159999966621399, 0.6159999966621399, 0.6209999918937683, 0.6110000014305115, 0.6079999804496765, 0.6079999804496765, 0.6029999852180481, 0.6029999852180481, 0.6039999723434448, 0.6010000109672546, 0.6000000238418579, 0.6019999980926514, 0.6050000190734863, 0.6000000238418579, 0.597000002861023, 0.597000002861023, 0.6010000109672546, 0.6010000109672546, 0.6010000109672546, 0.597000002861023, 0.5929999947547913, 0.5839999914169312, 0.5899999737739563, 0.5920000076293945, 0.5899999737739563, 0.5820000171661377, 0.5759999752044678, 0.5839999914169312, 0.5899999737739563, 0.5899999737739563, 0.5839999914169312, 0.5860000252723694, 0.5879999995231628, 0.5889999866485596, 0.5889999866485596, 0.5929999947547913, 0.5860000252723694, 0.5830000042915344, 0.5849999785423279, 0.5799999833106995, 0.574999988079071, 0.578000009059906, 0.5820000171661377, 0.5759999752044678, 0.574999988079071, 0.578000009059906, 0.574999988079071, 0.574999988079071, 0.5740000009536743, 0.5740000009536743, 0.5709999799728394, 0.5709999799728394, 0.5699999928474426, 0.5649999976158142, 0.5649999976158142, 0.5699999928474426, 0.5789999961853027, 0.5740000009536743, 0.5740000009536743, 0.5720000267028809, 0.5709999799728394, 0.5669999718666077, 0.5640000104904175, 0.5649999976158142, 0.5659999847412109, 0.5669999718666077, 0.5699999928474426, 0.5789999961853027, 0.5789999961853027, 0.578000009059906, 0.574999988079071, 0.5699999928474426, 0.5699999928474426, 0.5680000185966492, 0.5740000009536743, 0.5759999752044678, 0.5720000267028809, 0.5720000267028809, 0.5720000267028809, 0.5740000009536743, 0.5699999928474426, 0.5699999928474426, 0.5690000057220459, 0.5669999718666077, 0.5640000104904175, 0.5649999976158142, 0.5680000185966492, 0.5680000185966492, 0.5709999799728394, 0.5669999718666077, 0.5669999718666077, 0.5690000057220459, 0.574999988079071, 0.578000009059906, 0.5669999718666077, 0.5659999847412109, 0.578000009059906, 0.5680000185966492, 0.5640000104904175, 0.5640000104904175, 0.5609999895095825, 0.5649999976158142, 0.5649999976158142, 0.5690000057220459, 0.5680000185966492, 0.5659999847412109, 0.5609999895095825, 0.5659999847412109, 0.5680000185966492, 0.5680000185966492, 0.5640000104904175, 0.5669999718666077, 0.5640000104904175, 0.5640000104904175, 0.5600000023841858, 0.5609999895095825, 0.5609999895095825, 0.5709999799728394, 0.5680000185966492, 0.5730000138282776, 0.5789999961853027, 0.5690000057220459, 0.5690000057220459, 0.5799999833106995, 0.5849999785423279, 0.5799999833106995, 0.5730000138282776, 0.5690000057220459, 0.5759999752044678, 0.5759999752044678, 0.5759999752044678, 0.5770000219345093, 0.5839999914169312, 0.5839999914169312, 0.5799999833106995, 0.5799999833106995, 0.5820000171661377, 0.5820000171661377, 0.5839999914169312, 0.5860000252723694, 0.5839999914169312, 0.5839999914169312, 0.5839999914169312, 0.5860000252723694, 0.5879999995231628, 0.5830000042915344, 0.5849999785423279, 0.5860000252723694, 0.5879999995231628, 0.5899999737739563, 0.5899999737739563, 0.5910000205039978, 0.5889999866485596, 0.5889999866485596, 0.5889999866485596, 0.5910000205039978, 0.5879999995231628, 0.5929999947547913, 0.5960000157356262, 0.597000002861023, 0.5989999771118164, 0.5929999947547913, 0.5899999737739563, 0.5950000286102295, 0.5979999899864197, 0.5929999947547913, 0.593999981880188, 0.6039999723434448, 0.6119999885559082, 0.6150000095367432, 0.6150000095367432, 0.6010000109672546, 0.6069999933242798, 0.609000027179718, 0.6110000014305115, 0.609000027179718, 0.6029999852180481, 0.6060000061988831, 0.6079999804496765, 0.6230000257492065, 0.625, 0.6169999837875366, 0.6200000047683716, 0.6159999966621399, 0.6159999966621399, 0.6200000047683716, 0.6200000047683716, 0.6190000176429749, 0.6240000128746033, 0.6290000081062317, 0.6320000290870667, 0.6299999952316284, 0.6299999952316284, 0.6290000081062317, 0.6290000081062317, 0.6370000243186951, 0.6359999775886536, 0.6389999985694885, 0.6439999938011169, 0.6439999938011169, 0.6449999809265137, 0.6470000147819519, 0.6489999890327454, 0.6489999890327454, 0.6480000019073486, 0.6420000195503235, 0.6439999938011169, 0.6520000100135803, 0.6539999842643738, 0.6570000052452087, 0.6489999890327454, 0.6579999923706055, 0.6520000100135803, 0.6520000100135803, 0.6570000052452087, 0.6579999923706055, 0.6700000166893005, 0.6669999957084656, 0.6639999747276306, 0.6639999747276306, 0.675000011920929, 0.6759999990463257, 0.675000011920929, 0.6700000166893005, 0.6690000295639038, 0.6779999732971191, 0.6899999976158142, 0.6859999895095825, 0.6800000071525574, 0.6800000071525574, 0.6840000152587891, 0.6840000152587891, 0.6850000023841858, 0.6890000104904175, 0.6930000185966492, 0.6899999976158142, 0.6909999847412109, 0.6909999847412109, 0.6930000185966492, 0.6890000104904175, 0.6930000185966492, 0.6980000138282776, 0.6980000138282776, 0.6990000009536743, 0.6930000185966492, 0.7020000219345093, 0.7020000219345093, 0.7049999833106995, 0.7049999833106995, 0.7080000042915344, 0.7160000205039978, 0.7200000286102295, 0.7200000286102295, 0.7179999947547913, 0.7179999947547913, 0.7170000076293945, 0.7260000109672546, 0.7269999980926514, 0.7289999723434448, 0.7269999980926514, 0.7310000061988831, 0.7310000061988831, 0.7310000061988831, 0.7360000014305115, 0.7360000014305115, 0.7379999756813049, 0.7419999837875366, 0.7450000047683716, 0.7480000257492065, 0.7490000128746033, 0.7519999742507935, 0.75, 0.7559999823570251, 0.7590000033378601, 0.7580000162124634, 0.7559999823570251, 0.7549999952316284, 0.7620000243186951, 0.7689999938011169, 0.7620000243186951, 0.7670000195503235, 0.765999972820282, 0.7720000147819519, 0.7710000276565552, 0.7710000276565552, 0.777999997138977, 0.7839999794960022, 0.7870000004768372, 0.7850000262260437, 0.7879999876022339, 0.7990000247955322, 0.7910000085830688, 0.7839999794960022, 0.7910000085830688, 0.7950000166893005, 0.8029999732971191, 0.8029999732971191, 0.8100000023841858, 0.8050000071525574, 0.8090000152587891, 0.8090000152587891, 0.8100000023841858, 0.8109999895095825, 0.8119999766349792, 0.8130000233650208, 0.8119999766349792, 0.8090000152587891, 0.8100000023841858, 0.8140000104904175, 0.824999988079071, 0.828000009059906, 0.828000009059906, 0.8309999704360962, 0.8270000219345093, 0.828000009059906, 0.8270000219345093, 0.8349999785423279, 0.8330000042915344, 0.8360000252723694, 0.8360000252723694, 0.8379999995231628, 0.8379999995231628, 0.843999981880188, 0.8539999723434448, 0.8550000190734863, 0.8629999756813049, 0.8629999756813049, 0.8529999852180481, 0.8529999852180481, 0.8619999885559082, 0.8640000224113464, 0.8690000176429749, 0.8679999709129333, 0.878000020980835, 0.8769999742507935, 0.8640000224113464, 0.8610000014305115, 0.871999979019165, 0.8840000033378601, 0.8840000033378601, 0.8799999952316284, 0.8799999952316284, 0.8799999952316284, 0.8830000162124634, 0.8849999904632568, 0.8820000290870667, 0.8840000033378601, 0.8840000033378601, 0.8859999775886536, 0.8830000162124634, 0.8809999823570251, 0.8809999823570251, 0.8809999823570251, 0.8820000290870667, 0.8859999775886536, 0.8889999985694885, 0.8870000243186951, 0.8889999985694885, 0.8880000114440918, 0.8920000195503235, 0.8920000195503235, 0.8920000195503235, 0.8980000019073486, 0.906000018119812, 0.9070000052452087, 0.9070000052452087, 0.9070000052452087, 0.9089999794960022, 0.9089999794960022, 0.9089999794960022, 0.9139999747276306, 0.9179999828338623, 0.9190000295639038, 0.9179999828338623, 0.9169999957084656, 0.9210000038146973, 0.9259999990463257, 0.9229999780654907, 0.9200000166893005, 0.9200000166893005, 0.9259999990463257, 0.9169999957084656, 0.9150000214576721, 0.9070000052452087, 0.906000018119812, 0.9200000166893005, 0.9210000038146973, 0.921999990940094, 0.9200000166893005, 0.9359999895095825, 0.9359999895095825, 0.9359999895095825, 0.9350000023841858, 0.9539999961853027, 0.9539999961853027, 0.9580000042915344, 0.9639999866485596, 0.972000002861023, 0.972000002861023, 0.9670000076293945, 0.9639999866485596, 0.9700000286102295, 0.9700000286102295, 0.9739999771118164, 0.9789999723434448, 0.984000027179718, 0.9869999885559082, 0.9929999709129333, 0.9900000095367432]
intensities: [1127.0, 1194.0, 1289.0, 1351.0, 1525.0, 1528.0, 1576.0, 1607.0, 1605.0, 1614.0, 1600.0, 1595.0, 1591.0, 1555.0, 1433.0, 1309.0, 1053.0, 1102.0, 886.0, 870.0, 884.0, 930.0, 1011.0, 1009.0, 1038.0, 1038.0, 1076.0, 1111.0, 1239.0, 1333.0, 1484.0, 1576.0, 1640.0, 1669.0, 1671.0, 1689.0, 1704.0, 1678.0, 1674.0, 1674.0, 1670.0, 1674.0, 1694.0, 1692.0, 1685.0, 1669.0, 1652.0, 1657.0, 1644.0, 1638.0, 1640.0, 1629.0, 1635.0, 1639.0, 1598.0, 1623.0, 1623.0, 1623.0, 1609.0, 1605.0, 1595.0, 1572.0, 1572.0, 1572.0, 1593.0, 1586.0, 1571.0, 1563.0, 1567.0, 1569.0, 1568.0, 1572.0, 1560.0, 1560.0, 1568.0, 1561.0, 1546.0, 1546.0, 1563.0, 1559.0, 1553.0, 1557.0, 1554.0, 1568.0, 1568.0, 1541.0, 1541.0, 1538.0, 1538.0, 1538.0, 1522.0, 1529.0, 1512.0, 1512.0, 1516.0, 1502.0, 1508.0, 1512.0, 1510.0, 1481.0, 1469.0, 1472.0, 1484.0, 1478.0, 1471.0, 1460.0, 1463.0, 1471.0, 1461.0, 1461.0, 1455.0, 1448.0, 1453.0, 1455.0, 1452.0, 1438.0, 1426.0, 1430.0, 1411.0, 1423.0, 1396.0, 1411.0, 1426.0, 1410.0, 1404.0, 1400.0, 1396.0, 1388.0, 1388.0, 1374.0, 1364.0, 1359.0, 1370.0, 1327.0, 1351.0, 1344.0, 1345.0, 1340.0, 1336.0, 1350.0, 1336.0, 1322.0, 1315.0, 1315.0, 1312.0, 1316.0, 1314.0, 1296.0, 1290.0, 1286.0, 1295.0, 1289.0, 1278.0, 1274.0, 1270.0, 1268.0, 1265.0, 1265.0, 1262.0, 1259.0, 1259.0, 1255.0, 1262.0, 1242.0, 1233.0, 1217.0, 1226.0, 1228.0, 1227.0, 1235.0, 1217.0, 1213.0, 1205.0, 1202.0, 1202.0, 1191.0, 1174.0, 1177.0, 1171.0, 1172.0, 1173.0, 1173.0, 1146.0, 1132.0, 1125.0, 1125.0, 1144.0, 1134.0, 1139.0, 1135.0, 1140.0, 1124.0, 1115.0, 1130.0, 1140.0, 1107.0, 1124.0, 1124.0, 1109.0, 1149.0, 1150.0, 1151.0, 1120.0, 1142.0, 1128.0, 1122.0, 1110.0, 1132.0, 1114.0, 1112.0, 1112.0, 1127.0, 1122.0, 1122.0, 1160.0, 1133.0, 1133.0, 1131.0, 1132.0, 1132.0, 1153.0, 1120.0, 1120.0, 1132.0, 1115.0, 1121.0, 1103.0, 1103.0, 1125.0, 1112.0, 1107.0, 1100.0, 1100.0, 1107.0, 1099.0, 1119.0, 1140.0, 1116.0, 1117.0, 1113.0, 1117.0, 1099.0, 1126.0, 1101.0, 1095.0, 1120.0, 1139.0, 1126.0, 1114.0, 1117.0, 1120.0, 1109.0, 1100.0, 1097.0, 1107.0, 1100.0, 1111.0, 1086.0, 1092.0, 1091.0, 1090.0, 1090.0, 1094.0, 1102.0, 1106.0, 1109.0, 1104.0, 1100.0, 1108.0, 1105.0, 1093.0, 1104.0, 1095.0, 1103.0, 1107.0, 1103.0, 1085.0, 1121.0, 1105.0, 1111.0, 1091.0, 1091.0, 1111.0, 1117.0, 1111.0, 1103.0, 1096.0, 1098.0, 1104.0, 1119.0, 1104.0, 1108.0, 1105.0, 1102.0, 1094.0, 1112.0, 1104.0, 1113.0, 1110.0, 1104.0, 1106.0, 1114.0, 1100.0, 1090.0, 1092.0, 1084.0, 1073.0, 1074.0, 1070.0, 1331.0, 1473.0, 287.0, 969.0, 976.0, 976.0, 983.0, 982.0, 982.0, 983.0, 998.0, 1001.0, 1003.0, 1010.0, 1005.0, 1010.0, 1008.0, 1002.0, 1014.0, 1014.0, 1008.0, 1012.0, 1011.0, 1010.0, 1015.0, 1015.0, 1038.0, 1028.0, 1029.0, 1040.0, 1018.0, 1021.0, 1024.0, 1021.0, 1025.0, 1046.0, 1041.0, 1036.0, 1034.0, 1041.0, 1047.0, 1049.0, 1056.0, 1048.0, 1057.0, 1063.0, 1061.0, 1065.0, 1053.0, 1057.0, 1068.0, 1074.0, 1067.0, 1073.0, 1077.0, 1071.0, 1078.0, 1088.0, 1095.0, 1082.0, 1087.0, 1090.0, 1095.0, 1099.0, 1096.0, 1094.0, 1110.0, 1113.0, 1107.0, 1107.0, 1106.0, 1108.0, 1104.0, 1099.0, 1102.0, 1112.0, 1106.0, 1140.0, 1113.0, 1131.0, 1116.0, 1109.0, 1116.0, 1118.0, 1118.0, 1134.0, 1100.0, 1110.0, 1109.0, 1118.0, 1104.0, 1115.0, 1116.0, 1113.0, 1114.0, 1093.0, 1114.0, 1121.0, 1147.0, 1128.0, 1109.0, 1101.0, 1094.0, 1094.0, 1094.0, 1123.0, 1104.0, 1117.0, 1104.0, 1106.0, 1099.0, 1109.0, 1116.0, 1123.0, 1125.0, 1122.0, 1118.0, 1109.0, 1098.0, 1093.0, 1126.0, 1106.0, 1107.0, 1094.0, 1102.0, 1115.0, 1112.0, 1109.0, 1113.0, 1124.0, 1108.0, 1125.0, 1117.0, 1120.0, 1119.0, 1123.0, 1123.0, 1130.0, 1116.0, 1128.0, 1134.0, 1129.0, 1129.0, 1127.0, 1119.0, 1123.0, 1122.0, 1128.0, 1135.0, 1132.0, 1136.0, 1126.0, 1121.0, 1130.0, 1132.0, 1134.0, 1135.0, 1109.0, 1119.0, 1116.0, 1123.0, 1127.0, 1127.0, 1131.0, 1113.0, 1115.0, 1115.0, 1118.0, 1124.0, 1120.0, 1105.0, 1110.0, 1119.0, 1114.0, 1121.0, 1110.0, 1114.0, 1118.0, 1129.0, 1123.0, 1122.0, 1122.0, 1128.0, 1119.0, 1128.0, 1134.0, 1137.0, 1137.0, 1141.0, 1146.0, 1146.0, 1145.0, 1140.0, 1127.0, 1120.0, 1131.0, 1131.0, 1137.0, 1155.0, 1158.0, 1154.0, 1147.0, 1150.0, 1134.0, 1144.0, 1146.0, 1143.0, 1146.0, 1138.0, 1131.0, 1155.0, 1151.0, 1147.0, 1138.0, 1148.0, 1138.0, 1142.0, 1153.0, 1140.0, 1156.0, 1149.0, 1162.0, 1164.0, 1145.0, 1155.0, 1146.0, 1149.0, 1156.0, 1153.0, 1153.0, 1179.0, 1156.0, 1162.0, 1162.0, 1182.0, 1212.0, 1227.0, 1243.0, 1243.0, 1243.0, 1260.0, 1256.0, 1268.0, 1248.0, 1282.0, 1276.0, 1292.0, 1284.0, 1305.0, 1310.0, 1313.0, 1310.0, 1315.0, 1319.0, 1323.0, 1320.0, 1321.0, 1323.0, 1336.0, 1369.0, 1368.0, 1373.0, 1391.0, 1398.0, 1382.0, 1391.0, 1404.0, 1414.0, 1407.0, 1405.0, 1418.0, 1423.0, 1415.0, 1456.0, 1451.0, 1448.0, 1435.0, 1438.0, 1429.0, 1443.0, 1438.0, 1440.0, 1441.0, 1442.0, 1439.0, 1452.0, 1465.0, 1473.0, 1468.0, 1475.0, 1494.0, 1504.0, 1504.0, 1510.0, 1517.0, 1545.0, 1539.0, 1548.0, 1544.0, 1560.0, 1549.0, 1538.0, 1545.0, 1554.0, 1562.0, 1560.0, 1561.0, 1562.0, 1567.0, 1569.0, 1577.0, 1584.0, 1584.0, 1589.0, 1591.0, 1591.0, 1596.0, 1598.0, 1579.0, 1606.0, 1606.0, 1616.0, 1616.0, 1612.0, 1602.0, 1625.0, 1647.0, 1652.0, 1657.0, 1658.0, 1659.0, 1649.0, 1643.0, 1652.0, 1664.0, 1672.0, 1667.0, 1672.0, 1665.0, 1668.0, 1673.0, 1675.0, 1681.0, 1678.0, 1679.0, 1694.0, 1703.0, 1703.0, 1697.0, 1686.0, 1710.0, 1721.0, 1721.0, 1715.0, 1721.0, 1717.0, 1709.0, 1730.0, 1730.0, 1742.0, 1738.0, 1740.0, 1739.0, 1741.0, 1739.0, 1735.0, 1743.0, 1742.0, 1753.0, 1762.0, 1757.0, 1759.0, 1765.0, 1765.0, 1766.0, 1773.0, 1764.0, 1768.0, 1768.0, 1753.0, 1781.0, 1781.0, 1793.0, 1788.0, 1799.0, 1778.0, 1789.0, 1791.0, 1809.0, 1805.0, 1824.0, 1826.0, 1828.0, 1818.0, 1827.0, 1836.0, 1842.0, 1842.0, 1843.0, 1831.0, 1845.0, 1851.0, 1850.0, 1841.0, 1843.0, 1846.0, 1819.0, 1830.0, 1829.0, 1844.0, 1823.0, 1809.0, 1816.0, 1824.0, 1812.0, 1797.0, 1806.0, 1801.0, 1813.0, 1859.0, 1833.0, 1833.0, 1865.0, 1853.0, 1831.0, 1809.0, 1829.0, 1836.0, 1839.0, 1821.0, 1851.0, 1851.0, 1834.0, 1842.0, 1799.0, 1799.0, 1804.0, 1822.0, 1816.0, 1819.0, 1858.0, 1858.0, 1869.0, 1869.0, 1852.0, 1850.0, 1843.0, 1821.0, 1831.0, 1819.0, 1819.0, 1841.0, 1844.0, 1844.0, 1831.0, 1808.0, 1812.0, 1830.0, 1819.0, 1825.0, 1807.0, 1793.0, 1793.0, 1785.0, 1785.0, 1785.0, 1786.0, 1775.0, 1778.0, 1751.0, 1763.0, 1753.0, 1746.0, 1723.0, 1726.0, 1731.0, 1729.0, 1737.0, 1721.0, 1721.0, 1698.0, 1700.0, 1708.0, 1712.0, 1703.0, 1703.0, 1692.0, 1693.0, 1695.0, 1700.0, 1697.0, 1690.0, 1687.0, 1687.0, 1685.0, 1677.0, 1669.0, 1651.0, 1651.0, 1642.0, 1642.0, 1642.0, 1642.0, 1637.0, 1626.0, 1626.0, 1619.0, 1618.0, 1596.0, 1609.0, 1599.0, 1589.0, 1593.0, 1584.0, 1570.0, 1577.0, 1565.0, 1578.0, 1550.0, 1544.0, 1535.0, 1536.0, 1525.0, 1525.0, 1508.0, 1476.0, 1496.0, 1494.0, 1453.0, 1472.0, 1467.0, 1462.0, 1467.0, 1466.0, 1454.0, 1454.0, 1448.0, 1435.0, 1433.0, 1424.0, 1426.0, 1422.0, 1426.0, 1419.0, 1419.0, 1418.0, 1417.0, 1416.0, 1402.0, 1401.0, 1397.0, 1384.0, 1395.0, 1394.0, 1399.0, 1381.0, 1375.0, 1387.0, 1411.0, 1397.0, 1392.0, 1379.0, 1346.0, 1345.0, 1341.0, 1343.0, 1336.0, 1333.0, 1313.0, 1326.0, 1341.0, 1338.0, 1338.0, 1326.0, 1321.0, 1297.0, 1297.0, 1305.0, 1296.0, 1324.0, 1313.0, 1293.0, 1293.0, 1314.0, 1293.0, 1271.0, 1299.0, 1298.0, 1294.0, 1283.0, 1292.0, 1284.0, 1284.0, 1285.0, 1282.0, 1289.0, 1299.0, 1309.0, 1282.0, 1294.0, 1294.0, 1278.0, 1254.0, 1253.0, 1254.0, 1254.0, 1260.0, 1262.0, 1258.0, 1258.0, 1255.0, 1238.0, 1256.0, 1251.0, 1256.0, 1231.0, 1229.0, 1233.0, 1231.0, 1263.0, 1258.0, 1252.0, 1249.0, 1250.0, 1256.0, 1256.0, 1251.0, 1255.0, 1270.0, 1268.0, 1262.0, 1274.0, 1269.0, 1278.0, 1250.0, 1253.0, 1258.0, 1262.0, 1260.0, 1249.0, 1250.0, 1253.0, 1235.0, 1269.0, 1254.0, 1261.0, 1262.0, 1262.0, 1258.0, 1266.0, 1266.0, 1258.0, 1262.0, 1253.0, 1243.0, 1234.0, 1260.0, 1252.0, 1255.0, 1255.0, 1272.0, 1272.0, 1259.0, 1250.0, 1256.0, 1266.0, 1262.0, 1266.0, 1260.0, 1248.0, 1254.0, 1255.0, 1250.0, 1248.0, 1253.0, 1253.0, 1275.0, 1291.0, 1273.0, 1271.0, 1267.0, 1276.0, 1276.0, 1265.0, 1265.0, 1263.0, 1259.0, 1256.0, 1293.0, 1293.0, 1259.0, 1259.0, 1286.0, 1303.0, 1291.0, 1285.0, 1296.0, 1298.0, 1286.0, 1290.0, 1281.0, 1305.0, 1299.0, 1301.0, 1301.0, 1301.0, 1296.0, 1305.0, 1297.0, 1305.0, 1300.0, 1296.0, 1285.0, 1296.0, 1302.0, 1301.0, 1303.0, 1303.0, 1301.0, 1301.0, 1301.0, 1300.0, 1301.0, 1301.0, 1301.0, 1297.0, 1298.0, 1298.0, 1291.0, 1291.0, 1296.0, 1296.0, 1324.0, 1330.0, 1306.0, 1312.0, 1306.0, 1309.0, 1312.0, 1316.0, 1328.0, 1340.0, 1317.0, 1305.0, 1327.0, 1343.0, 1327.0, 1319.0, 1339.0, 1339.0, 1348.0, 1348.0, 1336.0, 1351.0, 1351.0, 1338.0, 1334.0, 1346.0, 1350.0, 1345.0, 1338.0, 1337.0, 1347.0, 1344.0, 1345.0, 1332.0, 1341.0, 1359.0, 1350.0, 1346.0, 1364.0, 1351.0]