header: 
  seq: 1847
  stamp: 
    secs: 1548820803
    nsecs: 354480088
  frame_id: "base_link"
angle_min: -2.35619449615
angle_max: 2.35619449615
angle_increment: 0.00436332309619
time_increment: 1.73611151695e-05
scan_time: 0.0250000003725
range_min: 0.019999999553
range_max: 30.0
ranges: [0.5540000200271606, 0.5849999785423279, 0.6029999852180481, 0.6039999723434448, 0.6129999756813049, 0.6140000224113464, 0.6069999933242798, 0.6110000014305115, 0.6100000143051147, 0.6119999885559082, 0.6010000109672546, 0.593999981880188, 0.5910000205039978, 0.5770000219345093, 0.5490000247955322, 0.4790000021457672, 0.42500001192092896, 0.36500000953674316, 0.32899999618530273, 0.33399999141693115, 0.3659999966621399, 0.4390000104904175, 0.5080000162124634, 0.5429999828338623, 0.546999990940094, 0.5400000214576721, 0.5410000085830688, 0.5440000295639038, 0.5350000262260437, 0.5249999761581421, 0.5220000147819519, 0.5189999938011169, 0.5180000066757202, 0.5109999775886536, 0.5049999952316284, 0.4970000088214874, 0.4970000088214874, 0.48899999260902405, 0.48899999260902405, 0.48899999260902405, 0.4779999852180481, 0.47600001096725464, 0.4729999899864197, 0.4729999899864197, 0.4729999899864197, 0.47099998593330383, 0.4699999988079071, 0.45899999141693115, 0.460999995470047, 0.460999995470047, 0.453000009059906, 0.453000009059906, 0.4560000002384186, 0.45399999618530273, 0.453000009059906, 0.45100000500679016, 0.4480000138282776, 0.4449999928474426, 0.44200000166893005, 0.4480000138282776, 0.4429999887943268, 0.42899999022483826, 0.4259999990463257, 0.4189999997615814, 0.4180000126361847, 0.4180000126361847, 0.4009999930858612, 0.4020000100135803, 0.40799999237060547, 0.414000004529953, 0.40799999237060547, 0.4059999883174896, 0.40400001406669617, 0.4000000059604645, 0.4000000059604645, 0.3970000147819519, 0.3930000066757202, 0.39100000262260437, 0.3889999985694885, 0.3880000114440918, 0.38600000739097595, 0.3840000033378601, 0.3790000081062317, 0.3779999911785126, 0.375, 0.37400001287460327, 0.3720000088214874, 0.3720000088214874, 0.37299999594688416, 0.37299999594688416, 0.3709999918937683, 0.3700000047683716, 0.36399999260902405, 0.36399999260902405, 0.3610000014305115, 0.36000001430511475, 0.3540000021457672, 0.35100001096725464, 0.35899999737739563, 0.35499998927116394, 0.3490000069141388, 0.3499999940395355, 0.3479999899864197, 0.34599998593330383, 0.34700000286102295, 0.33899998664855957, 0.34599998593330383, 0.34599998593330383, 0.34299999475479126, 0.3370000123977661, 0.335999995470047, 0.33799999952316284, 0.33799999952316284, 0.33500000834465027, 0.33500000834465027, 0.32199999690055847, 0.32499998807907104, 0.32600000500679016, 0.32499998807907104, 0.32499998807907104, 0.3179999887943268, 0.31700000166893005, 0.31700000166893005, 0.3179999887943268, 0.3059999942779541, 0.3050000071525574, 0.30300000309944153, 0.3019999861717224, 0.30300000309944153, 0.3050000071525574, 0.30300000309944153, 0.2980000078678131, 0.29499998688697815, 0.2930000126361847, 0.29600000381469727, 0.29499998688697815, 0.2919999957084656, 0.29100000858306885, 0.29100000858306885, 0.2919999957084656, 0.29100000858306885, 0.289000004529953, 0.2879999876022339, 0.28600001335144043, 0.28600001335144043, 0.2849999964237213, 0.2849999964237213, 0.2849999964237213, 0.28700000047683716, 0.2800000011920929, 0.27900001406669617, 0.28299999237060547, 0.2849999964237213, 0.28600001335144043, 0.28299999237060547, 0.2809999883174896, 0.2800000011920929, 0.27900001406669617, 0.2770000100135803, 0.2709999978542328, 0.2720000147819519, 0.27000001072883606, 0.2720000147819519, 0.2720000147819519, 0.2720000147819519, 0.26600000262260437, 0.2669999897480011, 0.26899999380111694, 0.2720000147819519, 0.2709999978542328, 0.27000001072883606, 0.26899999380111694, 0.27300000190734863, 0.27399998903274536, 0.27799999713897705, 0.27399998903274536, 0.27300000190734863, 0.2720000147819519, 0.2680000066757202, 0.26899999380111694, 0.2709999978542328, 0.2709999978542328, 0.2709999978542328, 0.27900001406669617, 0.2800000011920929, 0.2759999930858612, 0.2759999930858612, 0.2759999930858612, 0.27799999713897705, 0.2759999930858612, 0.2759999930858612, 0.27300000190734863, 0.2709999978542328, 0.26600000262260437, 0.27300000190734863, 0.26600000262260437, 0.26100000739097595, 0.2619999945163727, 0.2630000114440918, 0.25999999046325684, 0.2630000114440918, 0.2619999945163727, 0.27000001072883606, 0.2630000114440918, 0.26600000262260437, 0.2630000114440918, 0.26100000739097595, 0.26100000739097595, 0.2619999945163727, 0.2680000066757202, 0.2680000066757202, 0.2680000066757202, 0.2669999897480011, 0.26499998569488525, 0.26600000262260437, 0.26600000262260437, 0.26600000262260437, 0.2720000147819519, 0.2720000147819519, 0.27000001072883606, 0.2709999978542328, 0.2720000147819519, 0.27799999713897705, 0.27799999713897705, 0.2750000059604645, 0.27399998903274536, 0.27399998903274536, 0.27399998903274536, 0.2759999930858612, 0.2809999883174896, 0.27000001072883606, 0.2709999978542328, 0.2720000147819519, 0.28200000524520874, 0.28299999237060547, 0.27900001406669617, 0.2800000011920929, 0.2800000011920929, 0.2809999883174896, 0.2840000092983246, 0.2840000092983246, 0.28600001335144043, 0.289000004529953, 0.289000004529953, 0.28700000047683716, 0.2930000126361847, 0.2930000126361847, 0.29499998688697815, 0.296999990940094, 0.3059999942779541, 0.3059999942779541, 0.30399999022483826, 0.3089999854564667, 0.3140000104904175, 0.3149999976158142, 0.3149999976158142, 0.31700000166893005, 0.3199999928474426, 0.3199999928474426, 0.3199999928474426, 0.32199999690055847, 0.3190000057220459, 0.32899999618530273, 0.3330000042915344, 0.3319999873638153, 0.335999995470047, 0.3400000035762787, 0.3400000035762787, 0.3449999988079071, 0.35100001096725464, 0.3529999852180481, 0.3540000021457672, 0.3619999885559082, 0.36800000071525574, 0.3799999952316284, 0.3840000033378601, 0.41600000858306885, 0.45399999618530273, 0.5260000228881836, 0.609000027179718, 0.7039999961853027, 0.9110000133514404, 1.2100000381469727, 1.625, 1.8660000562667847, 2.812999963760376, 2.825000047683716, 2.8269999027252197, 2.8289999961853027, 2.8329999446868896, 2.8310000896453857, 2.8289999961853027, 2.8299999237060547, 2.8310000896453857, 2.8269999027252197, 2.819999933242798, 2.816999912261963, 2.819000005722046, 2.813999891281128, 2.819000005722046, 2.822000026702881, 2.815000057220459, 2.811000108718872, 2.811000108718872, 2.806999921798706, 2.803999900817871, 2.802000045776367, 2.802000045776367, 2.7990000247955322, 2.7929999828338623, 2.7950000762939453, 2.7869999408721924, 2.7869999408721924, 2.7869999408721924, 2.7820000648498535, 2.7769999504089355, 2.7769999504089355, 2.7699999809265137, 2.7639999389648438, 2.753999948501587, 2.753999948501587, 2.74399995803833, 2.734999895095825, 2.7249999046325684, 2.7249999046325684, 2.7249999046325684, 2.7219998836517334, 2.7130000591278076, 2.7139999866485596, 2.7139999866485596, 2.7079999446868896, 2.6989998817443848, 2.684999942779541, 2.684000015258789, 2.684000015258789, 2.6700000762939453, 2.6670000553131104, 2.6589999198913574, 2.6540000438690186, 2.6489999294281006, 2.6449999809265137, 2.628999948501587, 2.621000051498413, 2.617000102996826, 2.6070001125335693, 2.6029999256134033, 2.5869998931884766, 2.5810000896453857, 2.5769999027252197, 2.565000057220459, 2.5510001182556152, 2.5439999103546143, 2.546999931335449, 2.5269999504089355, 2.5209999084472656, 2.509999990463257, 2.500999927520752, 2.494999885559082, 2.48799991607666, 2.4739999771118164, 2.4579999446868896, 2.450000047683716, 2.436000108718872, 2.4230000972747803, 2.4210000038146973, 2.4000000953674316, 2.3959999084472656, 2.384999990463257, 2.369999885559082, 2.36899995803833, 2.3359999656677246, 2.3259999752044678, 2.318000078201294, 2.296999931335449, 2.2909998893737793, 2.263000011444092, 2.256999969482422, 2.23799991607666, 2.2219998836517334, 2.2009999752044678, 2.193000078201294, 2.1579999923706055, 2.1480000019073486, 2.135999917984009, 2.1050000190734863, 2.0859999656677246, 2.072999954223633, 2.059000015258789, 2.052999973297119, 2.009999990463257, 1.9910000562667847, 1.9819999933242798, 1.9579999446868896, 1.9420000314712524, 1.9320000410079956, 1.9049999713897705, 1.8969999551773071, 1.8860000371932983, 1.8660000562667847, 1.8480000495910645, 1.8359999656677246, 1.8279999494552612, 1.8070000410079956, 1.7949999570846558, 1.7740000486373901, 1.7549999952316284, 1.7450000047683716, 1.7309999465942383, 1.7139999866485596, 1.6979999542236328, 1.690999984741211, 1.6759999990463257, 1.6670000553131104, 1.6640000343322754, 1.6449999809265137, 1.6349999904632568, 1.6169999837875366, 1.6169999837875366, 1.5950000286102295, 1.5809999704360962, 1.5770000219345093, 1.5579999685287476, 1.5479999780654907, 1.5449999570846558, 1.534999966621399, 1.5199999809265137, 1.5130000114440918, 1.5089999437332153, 1.496000051498413, 1.4950000047683716, 1.4819999933242798, 1.4789999723434448, 1.4639999866485596, 1.4509999752044678, 1.4490000009536743, 1.4359999895095825, 1.430999994277954, 1.4170000553131104, 1.4110000133514404, 1.402999997138977, 1.3969999551773071, 1.378000020980835, 1.378999948501587, 1.3730000257492065, 1.3650000095367432, 1.3580000400543213, 1.3539999723434448, 1.3450000286102295, 1.340999960899353, 1.3370000123977661, 1.3220000267028809, 1.315000057220459, 1.3170000314712524, 1.3109999895095825, 1.2970000505447388, 1.2890000343322754, 1.2890000343322754, 1.2879999876022339, 1.281000018119812, 1.2589999437332153, 1.253000020980835, 1.2450000047683716, 1.2480000257492065, 1.2450000047683716, 1.2400000095367432, 1.2339999675750732, 1.2309999465942383, 1.2209999561309814, 1.2280000448226929, 1.218999981880188, 1.2070000171661377, 1.2079999446868896, 1.2039999961853027, 1.1970000267028809, 1.1950000524520874, 1.184000015258789, 1.1820000410079956, 1.1740000247955322, 1.1699999570846558, 1.1679999828338623, 1.159000039100647, 1.1540000438690186, 1.152999997138977, 1.1469999551773071, 1.1419999599456787, 1.1469999551773071, 1.1319999694824219, 1.1319999694824219, 1.1239999532699585, 1.128000020980835, 1.1239999532699585, 1.11899995803833, 1.1130000352859497, 1.1100000143051147, 1.1069999933242798, 1.1019999980926514, 1.097000002861023, 1.0950000286102295, 1.0889999866485596, 1.0859999656677246, 1.0850000381469727, 1.0809999704360962, 1.0729999542236328, 1.0709999799728394, 1.0729999542236328, 1.0729999542236328, 1.0709999799728394, 1.059999942779541, 1.0640000104904175, 1.055999994277954, 1.055999994277954, 1.0490000247955322, 1.0529999732971191, 1.0429999828338623, 1.0429999828338623, 1.0420000553131104, 1.0420000553131104, 1.0449999570846558, 1.0379999876022339, 1.0260000228881836, 1.0240000486373901, 1.0240000486373901, 1.0219999551773071, 1.0199999809265137, 1.0180000066757202, 1.0110000371932983, 1.0110000371932983, 1.0, 1.0010000467300415, 0.9990000128746033, 0.9990000128746033, 1.0099999904632568, 1.003999948501587, 0.9980000257492065, 0.9919999837875366, 0.9879999756813049, 0.9860000014305115, 0.9850000143051147, 0.984000027179718, 0.984000027179718, 0.9850000143051147, 0.9829999804496765, 0.9819999933242798, 0.9850000143051147, 0.9810000061988831, 0.9729999899864197, 0.9670000076293945, 0.9649999737739563, 0.968999981880188, 0.968999981880188, 0.9670000076293945, 0.9610000252723694, 0.9539999961853027, 0.9539999961853027, 0.9539999961853027, 0.9539999961853027, 0.949999988079071, 0.9459999799728394, 0.9440000057220459, 0.9440000057220459, 0.9440000057220459, 0.9430000185966492, 0.9409999847412109, 0.9419999718666077, 0.9430000185966492, 0.9380000233650208, 0.9369999766349792, 0.9369999766349792, 0.9369999766349792, 0.9399999976158142, 0.9369999766349792, 0.9330000281333923, 0.9309999942779541, 0.9290000200271606, 0.925000011920929, 0.925000011920929, 0.925000011920929, 0.9200000166893005, 0.9160000085830688, 0.9160000085830688, 0.9160000085830688, 0.9160000085830688, 0.9160000085830688, 0.9160000085830688, 0.9110000133514404, 0.9139999747276306, 0.9120000004768372, 0.9110000133514404, 0.9039999842643738, 0.9079999923706055, 0.906000018119812, 0.9049999713897705, 0.902999997138977, 0.902999997138977, 0.902999997138977, 0.8980000019073486, 0.8980000019073486, 0.8960000276565552, 0.8980000019073486, 0.8949999809265137, 0.8960000276565552, 0.8960000276565552, 0.8980000019073486, 0.8870000243186951, 0.8859999775886536, 0.8889999985694885, 0.8949999809265137, 0.8899999856948853, 0.8849999904632568, 0.8840000033378601, 0.8809999823570251, 0.8809999823570251, 0.8889999985694885, 0.8880000114440918, 0.8790000081062317, 0.8790000081062317, 0.8759999871253967, 0.8769999742507935, 0.8769999742507935, 0.8769999742507935, 0.8790000081062317, 0.8769999742507935, 0.875, 0.8740000128746033, 0.8709999918937683, 0.8709999918937683, 0.8709999918937683, 0.8709999918937683, 0.8709999918937683, 0.8669999837875366, 0.8690000176429749, 0.8650000095367432, 0.8619999885559082, 0.8579999804496765, 0.859000027179718, 0.8550000190734863, 0.8519999980926514, 0.8510000109672546, 0.8569999933242798, 0.8600000143051147, 0.8600000143051147, 0.8569999933242798, 0.8539999723434448, 0.8519999980926514, 0.8539999723434448, 0.8519999980926514, 0.8539999723434448, 0.8510000109672546, 0.8489999771118164, 0.847000002861023, 0.8460000157356262, 0.8410000205039978, 0.8370000123977661, 0.8379999995231628, 0.8389999866485596, 0.8389999866485596, 0.8460000157356262, 0.8389999866485596, 0.8389999866485596, 0.8339999914169312, 0.8339999914169312, 0.8330000042915344, 0.8349999785423279, 0.8320000171661377, 0.8360000252723694, 0.8320000171661377, 0.8349999785423279, 0.8349999785423279, 0.8289999961853027, 0.8240000009536743, 0.8240000009536743, 0.8230000138282776, 0.8199999928474426, 0.8169999718666077, 0.8140000104904175, 0.8130000233650208, 0.8149999976158142, 0.8240000009536743, 0.8190000057220459, 0.8169999718666077, 0.8169999718666077, 0.8169999718666077, 0.8100000023841858, 0.8029999732971191, 0.800000011920929, 0.800000011920929, 0.7990000247955322, 0.7979999780654907, 0.8009999990463257, 0.8029999732971191, 0.8009999990463257, 0.8009999990463257, 0.8050000071525574, 0.8019999861717224, 0.7979999780654907, 0.7960000038146973, 0.7960000038146973, 0.800000011920929, 0.7990000247955322, 0.7960000038146973, 0.7919999957084656, 0.7889999747276306, 0.7870000004768372, 0.7860000133514404, 0.7879999876022339, 0.7960000038146973, 0.7910000085830688, 0.7860000133514404, 0.7829999923706055, 0.7839999794960022, 0.7820000052452087, 0.7760000228881836, 0.7760000228881836, 0.7839999794960022, 0.7910000085830688, 0.7900000214576721, 0.7799999713897705, 0.7760000228881836, 0.7749999761581421, 0.7689999938011169, 0.7689999938011169, 0.7670000195503235, 0.765999972820282, 0.7609999775886536, 0.7630000114440918, 0.7630000114440918, 0.7630000114440918, 0.765999972820282, 0.7599999904632568, 0.7590000033378601, 0.7580000162124634, 0.7549999952316284, 0.753000020980835, 0.7559999823570251, 0.7599999904632568, 0.7570000290870667, 0.7509999871253967, 0.7509999871253967, 0.75, 0.75, 0.75, 0.75, 0.7440000176429749, 0.746999979019165, 0.7440000176429749, 0.746999979019165, 0.746999979019165, 0.7480000257492065, 0.7409999966621399, 0.7409999966621399, 0.7390000224113464, 0.7390000224113464, 0.7369999885559082, 0.7400000095367432, 0.7419999837875366, 0.7440000176429749, 0.7360000014305115, 0.7350000143051147, 0.7350000143051147, 0.7360000014305115, 0.7360000014305115, 0.7379999756813049, 0.7310000061988831, 0.7319999933242798, 0.734000027179718, 0.7350000143051147, 0.7360000014305115, 0.7390000224113464, 0.7419999837875366, 0.7379999756813049, 0.7400000095367432, 0.7350000143051147, 0.7229999899864197, 0.7250000238418579, 0.7250000238418579, 0.7300000190734863, 0.7229999899864197, 0.7229999899864197, 0.7200000286102295, 0.7200000286102295, 0.7200000286102295, 0.7239999771118164, 0.7229999899864197, 0.7210000157356262, 0.7239999771118164, 0.7269999980926514, 0.7269999980926514, 0.7250000238418579, 0.7229999899864197, 0.7139999866485596, 0.7139999866485596, 0.7170000076293945, 0.7200000286102295, 0.7200000286102295, 0.7170000076293945, 0.7170000076293945, 0.7080000042915344, 0.7139999866485596, 0.7160000205039978, 0.7139999866485596, 0.7120000123977661, 0.7089999914169312, 0.7049999833106995, 0.7049999833106995, 0.7080000042915344, 0.7080000042915344, 0.7080000042915344, 0.7049999833106995, 0.7020000219345093, 0.7009999752044678, 0.7009999752044678, 0.7009999752044678, 0.7039999961853027, 0.7009999752044678, 0.7009999752044678, 0.6990000009536743, 0.6959999799728394, 0.7020000219345093, 0.7020000219345093, 0.699999988079071, 0.6990000009536743, 0.6990000009536743, 0.699999988079071, 0.6990000009536743, 0.6980000138282776, 0.699999988079071, 0.7020000219345093, 0.6980000138282776, 0.6949999928474426, 0.6919999718666077, 0.6990000009536743, 0.6980000138282776, 0.6949999928474426, 0.6940000057220459, 0.6940000057220459, 0.6949999928474426, 0.6980000138282776, 0.6949999928474426, 0.6909999847412109, 0.6859999895095825, 0.6859999895095825, 0.6930000185966492, 0.6930000185966492, 0.6850000023841858, 0.6840000152587891, 0.6850000023841858, 0.6809999942779541, 0.6800000071525574, 0.6790000200271606, 0.6800000071525574, 0.6800000071525574, 0.6850000023841858, 0.6819999814033508, 0.6819999814033508, 0.6800000071525574, 0.6800000071525574, 0.6800000071525574, 0.6800000071525574, 0.6800000071525574, 0.6809999942779541, 0.6779999732971191, 0.671999990940094, 0.671999990940094, 0.6710000038146973, 0.6790000200271606, 0.6819999814033508, 0.6819999814033508, 0.6830000281333923, 0.6800000071525574, 0.6809999942779541, 0.6769999861717224, 0.6740000247955322, 0.6740000247955322, 0.6740000247955322, 0.6740000247955322, 0.6700000166893005, 0.6740000247955322, 0.6769999861717224, 0.6769999861717224, 0.6740000247955322, 0.6740000247955322, 0.6729999780654907, 0.6679999828338623, 0.6700000166893005, 0.6729999780654907, 0.6690000295639038, 0.6690000295639038, 0.6700000166893005, 0.671999990940094, 0.671999990940094, 0.6679999828338623, 0.6679999828338623, 0.6700000166893005, 0.6740000247955322, 0.6729999780654907, 0.6700000166893005, 0.6660000085830688, 0.6610000133514404, 0.6679999828338623, 0.6669999957084656, 0.6669999957084656, 0.6620000004768372, 0.6710000038146973, 0.6710000038146973, 0.6629999876022339, 0.656000018119812, 0.6610000133514404, 0.6610000133514404, 0.6610000133514404, 0.6660000085830688, 0.6690000295639038, 0.6660000085830688, 0.6600000262260437, 0.656000018119812, 0.6570000052452087, 0.6579999923706055, 0.6589999794960022, 0.6589999794960022, 0.6620000004768372, 0.6650000214576721, 0.6629999876022339, 0.6629999876022339, 0.6610000133514404, 0.6620000004768372, 0.6620000004768372, 0.6650000214576721, 0.6650000214576721, 0.6629999876022339, 0.6539999842643738, 0.6589999794960022, 0.6570000052452087, 0.6570000052452087, 0.6600000262260437, 0.6600000262260437, 0.6579999923706055, 0.6600000262260437, 0.6570000052452087, 0.6549999713897705, 0.6510000228881836, 0.6489999890327454, 0.652999997138977, 0.6539999842643738, 0.6539999842643738, 0.6539999842643738, 0.6480000019073486, 0.6480000019073486, 0.6489999890327454, 0.6520000100135803, 0.6549999713897705, 0.6549999713897705, 0.6439999938011169, 0.6439999938011169, 0.6489999890327454, 0.6480000019073486, 0.6489999890327454, 0.6480000019073486, 0.6499999761581421, 0.652999997138977, 0.652999997138977, 0.6470000147819519, 0.6470000147819519, 0.6520000100135803, 0.6579999923706055, 0.6589999794960022, 0.6579999923706055, 0.6539999842643738, 0.6499999761581421, 0.6489999890327454, 0.6520000100135803, 0.6520000100135803, 0.6520000100135803, 0.6510000228881836, 0.6610000133514404, 0.6610000133514404, 0.6610000133514404, 0.6589999794960022, 0.6480000019073486, 0.6470000147819519, 0.6460000276565552, 0.6470000147819519, 0.652999997138977, 0.6470000147819519, 0.652999997138977, 0.652999997138977, 0.6480000019073486, 0.6449999809265137, 0.6470000147819519, 0.6510000228881836, 0.6570000052452087, 0.6610000133514404, 0.6570000052452087, 0.652999997138977, 0.652999997138977, 0.6539999842643738, 0.6510000228881836, 0.6480000019073486, 0.6480000019073486, 0.6499999761581421, 0.6510000228881836, 0.6510000228881836, 0.6520000100135803, 0.6539999842643738, 0.6539999842643738, 0.652999997138977, 0.6499999761581421, 0.6489999890327454, 0.6480000019073486, 0.6549999713897705, 0.6489999890327454, 0.6489999890327454, 0.6449999809265137, 0.6420000195503235, 0.640999972820282, 0.640999972820282, 0.6420000195503235, 0.6480000019073486, 0.6480000019073486, 0.6439999938011169, 0.6430000066757202, 0.6380000114440918, 0.6399999856948853, 0.640999972820282, 0.6399999856948853, 0.6389999985694885, 0.6389999985694885, 0.6510000228881836, 0.640999972820282, 0.6320000290870667, 0.6330000162124634, 0.6330000162124634, 0.6299999952316284, 0.6269999742507935, 0.6259999871253967, 0.6340000033378601, 0.6370000243186951, 0.6399999856948853, 0.6420000195503235, 0.6389999985694885, 0.6359999775886536, 0.6320000290870667, 0.625, 0.6359999775886536, 0.6470000147819519, 0.6340000033378601, 0.6359999775886536, 0.6380000114440918, 0.6380000114440918, 0.6349999904632568, 0.640999972820282, 0.6259999871253967, 0.6259999871253967, 0.6299999952316284, 0.6380000114440918, 0.6330000162124634, 0.6330000162124634, 0.6309999823570251, 0.6259999871253967, 0.625, 0.6330000162124634, 0.6330000162124634, 0.6269999742507935, 0.6169999837875366, 0.6259999871253967, 0.6359999775886536, 0.6399999856948853, 0.640999972820282, 0.6349999904632568, 0.6370000243186951, 0.640999972820282, 0.6480000019073486, 0.6510000228881836, 0.6510000228881836, 0.6510000228881836, 0.6489999890327454, 0.6499999761581421, 0.652999997138977, 0.652999997138977, 0.6499999761581421, 0.6489999890327454, 0.6480000019073486, 0.6589999794960022]
intensities: [962.0, 985.0, 976.0, 1005.0, 1043.0, 1064.0, 1052.0, 1109.0, 1121.0, 1134.0, 1116.0, 1132.0, 1160.0, 1144.0, 1155.0, 1116.0, 1043.0, 991.0, 912.0, 899.0, 947.0, 981.0, 1007.0, 1043.0, 1050.0, 992.0, 968.0, 963.0, 937.0, 989.0, 1064.0, 1076.0, 1127.0, 1132.0, 1144.0, 1133.0, 1174.0, 1170.0, 1202.0, 1213.0, 1232.0, 1275.0, 1247.0, 1264.0, 1295.0, 1295.0, 1285.0, 1268.0, 1284.0, 1281.0, 1279.0, 1290.0, 1334.0, 1325.0, 1363.0, 1344.0, 1336.0, 1363.0, 1358.0, 1355.0, 1363.0, 1344.0, 1349.0, 1369.0, 1362.0, 1368.0, 1329.0, 1336.0, 1345.0, 1368.0, 1333.0, 1333.0, 1331.0, 1326.0, 1334.0, 1329.0, 1299.0, 1308.0, 1288.0, 1285.0, 1281.0, 1278.0, 1262.0, 1273.0, 1266.0, 1279.0, 1284.0, 1276.0, 1281.0, 1292.0, 1272.0, 1264.0, 1267.0, 1268.0, 1268.0, 1265.0, 1268.0, 1269.0, 1269.0, 1270.0, 1272.0, 1252.0, 1233.0, 1231.0, 1241.0, 1232.0, 1221.0, 1232.0, 1236.0, 1254.0, 1241.0, 1235.0, 1235.0, 1198.0, 1201.0, 1210.0, 1233.0, 1233.0, 1220.0, 1207.0, 1206.0, 1212.0, 1212.0, 1223.0, 1205.0, 1195.0, 1190.0, 1181.0, 1189.0, 1204.0, 1189.0, 1165.0, 1161.0, 1158.0, 1180.0, 1184.0, 1189.0, 1174.0, 1159.0, 1160.0, 1179.0, 1184.0, 1174.0, 1169.0, 1173.0, 1170.0, 1165.0, 1165.0, 1180.0, 1187.0, 1182.0, 1192.0, 1180.0, 1192.0, 1177.0, 1160.0, 1158.0, 1168.0, 1160.0, 1161.0, 1175.0, 1168.0, 1182.0, 1179.0, 1177.0, 1154.0, 1167.0, 1172.0, 1180.0, 1172.0, 1177.0, 1203.0, 1204.0, 1202.0, 1218.0, 1201.0, 1198.0, 1217.0, 1215.0, 1208.0, 1203.0, 1208.0, 1208.0, 1220.0, 1224.0, 1218.0, 1224.0, 1224.0, 1212.0, 1215.0, 1219.0, 1217.0, 1215.0, 1184.0, 1198.0, 1207.0, 1192.0, 1193.0, 1196.0, 1171.0, 1169.0, 1161.0, 1174.0, 1154.0, 1162.0, 1149.0, 1134.0, 1134.0, 1135.0, 1125.0, 1125.0, 1131.0, 1140.0, 1129.0, 1125.0, 1110.0, 1110.0, 1142.0, 1130.0, 1116.0, 1123.0, 1127.0, 1134.0, 1134.0, 1117.0, 1124.0, 1123.0, 1123.0, 1123.0, 1133.0, 1092.0, 1088.0, 1091.0, 1103.0, 1114.0, 1111.0, 1100.0, 1092.0, 1099.0, 1107.0, 1107.0, 1097.0, 1099.0, 1100.0, 1090.0, 1085.0, 1085.0, 1101.0, 1106.0, 1114.0, 1108.0, 1089.0, 1093.0, 1094.0, 1100.0, 1101.0, 1100.0, 1075.0, 1075.0, 1075.0, 1044.0, 1030.0, 1048.0, 1043.0, 1033.0, 1024.0, 1024.0, 1019.0, 997.0, 995.0, 995.0, 999.0, 1014.0, 1024.0, 1113.0, 1098.0, 1003.0, 953.0, 942.0, 938.0, 898.0, 1295.0, 1261.0, 1282.0, 1400.0, 955.0, 944.0, 941.0, 943.0, 950.0, 953.0, 952.0, 953.0, 949.0, 950.0, 941.0, 948.0, 958.0, 946.0, 953.0, 959.0, 950.0, 952.0, 952.0, 947.0, 946.0, 942.0, 942.0, 950.0, 946.0, 953.0, 940.0, 958.0, 960.0, 957.0, 957.0, 958.0, 943.0, 956.0, 945.0, 945.0, 949.0, 953.0, 955.0, 954.0, 953.0, 953.0, 940.0, 947.0, 958.0, 963.0, 957.0, 952.0, 961.0, 973.0, 949.0, 958.0, 951.0, 965.0, 961.0, 956.0, 942.0, 947.0, 959.0, 951.0, 961.0, 950.0, 950.0, 964.0, 957.0, 946.0, 945.0, 960.0, 952.0, 958.0, 942.0, 951.0, 950.0, 950.0, 940.0, 948.0, 952.0, 950.0, 940.0, 948.0, 941.0, 936.0, 934.0, 935.0, 943.0, 942.0, 934.0, 942.0, 928.0, 949.0, 944.0, 941.0, 942.0, 955.0, 946.0, 948.0, 946.0, 965.0, 969.0, 954.0, 946.0, 942.0, 941.0, 946.0, 966.0, 978.0, 983.0, 967.0, 972.0, 973.0, 971.0, 990.0, 985.0, 983.0, 981.0, 993.0, 995.0, 978.0, 1002.0, 989.0, 990.0, 990.0, 992.0, 995.0, 989.0, 1003.0, 992.0, 995.0, 1009.0, 1007.0, 1011.0, 1020.0, 1032.0, 1039.0, 1044.0, 1053.0, 1043.0, 1028.0, 1035.0, 1044.0, 1036.0, 1038.0, 1045.0, 1047.0, 1055.0, 1068.0, 1087.0, 1101.0, 1101.0, 1092.0, 1120.0, 1116.0, 1096.0, 1121.0, 1091.0, 1093.0, 1083.0, 1109.0, 1092.0, 1106.0, 1113.0, 1117.0, 1112.0, 1117.0, 1108.0, 1112.0, 1119.0, 1127.0, 1123.0, 1123.0, 1122.0, 1122.0, 1122.0, 1128.0, 1136.0, 1134.0, 1139.0, 1147.0, 1142.0, 1149.0, 1146.0, 1153.0, 1156.0, 1165.0, 1155.0, 1153.0, 1158.0, 1169.0, 1165.0, 1179.0, 1176.0, 1200.0, 1203.0, 1206.0, 1204.0, 1221.0, 1217.0, 1230.0, 1230.0, 1238.0, 1233.0, 1240.0, 1251.0, 1247.0, 1258.0, 1253.0, 1262.0, 1271.0, 1272.0, 1256.0, 1270.0, 1272.0, 1288.0, 1278.0, 1279.0, 1294.0, 1289.0, 1287.0, 1309.0, 1314.0, 1314.0, 1302.0, 1311.0, 1321.0, 1311.0, 1326.0, 1324.0, 1321.0, 1320.0, 1321.0, 1329.0, 1335.0, 1333.0, 1339.0, 1349.0, 1355.0, 1355.0, 1359.0, 1364.0, 1347.0, 1368.0, 1376.0, 1362.0, 1383.0, 1377.0, 1379.0, 1394.0, 1395.0, 1401.0, 1399.0, 1406.0, 1395.0, 1403.0, 1408.0, 1406.0, 1415.0, 1424.0, 1434.0, 1420.0, 1421.0, 1423.0, 1450.0, 1427.0, 1467.0, 1474.0, 1469.0, 1460.0, 1470.0, 1469.0, 1469.0, 1467.0, 1486.0, 1477.0, 1473.0, 1478.0, 1483.0, 1491.0, 1479.0, 1484.0, 1490.0, 1500.0, 1506.0, 1506.0, 1508.0, 1501.0, 1504.0, 1540.0, 1536.0, 1529.0, 1521.0, 1517.0, 1499.0, 1501.0, 1507.0, 1507.0, 1515.0, 1528.0, 1528.0, 1510.0, 1521.0, 1512.0, 1518.0, 1535.0, 1524.0, 1516.0, 1550.0, 1536.0, 1543.0, 1543.0, 1543.0, 1536.0, 1542.0, 1529.0, 1533.0, 1540.0, 1555.0, 1538.0, 1532.0, 1545.0, 1558.0, 1537.0, 1552.0, 1556.0, 1561.0, 1553.0, 1555.0, 1555.0, 1545.0, 1555.0, 1562.0, 1562.0, 1561.0, 1565.0, 1565.0, 1565.0, 1567.0, 1567.0, 1567.0, 1568.0, 1561.0, 1562.0, 1570.0, 1570.0, 1564.0, 1568.0, 1568.0, 1572.0, 1576.0, 1583.0, 1583.0, 1576.0, 1576.0, 1576.0, 1576.0, 1574.0, 1574.0, 1577.0, 1578.0, 1572.0, 1568.0, 1573.0, 1582.0, 1585.0, 1586.0, 1582.0, 1583.0, 1586.0, 1582.0, 1582.0, 1587.0, 1587.0, 1585.0, 1583.0, 1584.0, 1586.0, 1585.0, 1585.0, 1587.0, 1593.0, 1602.0, 1593.0, 1588.0, 1596.0, 1598.0, 1610.0, 1610.0, 1602.0, 1603.0, 1599.0, 1604.0, 1593.0, 1601.0, 1599.0, 1609.0, 1608.0, 1596.0, 1608.0, 1612.0, 1612.0, 1609.0, 1609.0, 1617.0, 1609.0, 1633.0, 1641.0, 1622.0, 1622.0, 1612.0, 1615.0, 1612.0, 1620.0, 1620.0, 1630.0, 1628.0, 1610.0, 1629.0, 1648.0, 1627.0, 1619.0, 1631.0, 1628.0, 1643.0, 1644.0, 1637.0, 1643.0, 1646.0, 1658.0, 1658.0, 1642.0, 1639.0, 1633.0, 1646.0, 1648.0, 1655.0, 1651.0, 1639.0, 1655.0, 1645.0, 1636.0, 1636.0, 1636.0, 1651.0, 1646.0, 1657.0, 1634.0, 1645.0, 1646.0, 1636.0, 1637.0, 1642.0, 1648.0, 1638.0, 1638.0, 1637.0, 1647.0, 1651.0, 1651.0, 1631.0, 1644.0, 1645.0, 1644.0, 1644.0, 1641.0, 1650.0, 1638.0, 1632.0, 1638.0, 1637.0, 1644.0, 1642.0, 1652.0, 1644.0, 1646.0, 1670.0, 1670.0, 1650.0, 1651.0, 1638.0, 1629.0, 1638.0, 1646.0, 1645.0, 1640.0, 1631.0, 1630.0, 1635.0, 1632.0, 1633.0, 1618.0, 1618.0, 1615.0, 1626.0, 1626.0, 1620.0, 1627.0, 1621.0, 1617.0, 1620.0, 1615.0, 1624.0, 1632.0, 1632.0, 1630.0, 1635.0, 1622.0, 1631.0, 1620.0, 1623.0, 1623.0, 1636.0, 1636.0, 1611.0, 1621.0, 1597.0, 1599.0, 1600.0, 1609.0, 1601.0, 1594.0, 1590.0, 1570.0, 1566.0, 1568.0, 1585.0, 1571.0, 1557.0, 1557.0, 1559.0, 1559.0, 1559.0, 1578.0, 1570.0, 1562.0, 1562.0, 1565.0, 1563.0, 1550.0, 1528.0, 1554.0, 1553.0, 1560.0, 1554.0, 1548.0, 1551.0, 1557.0, 1560.0, 1552.0, 1550.0, 1532.0, 1532.0, 1528.0, 1522.0, 1505.0, 1505.0, 1531.0, 1496.0, 1536.0, 1536.0, 1494.0, 1526.0, 1510.0, 1486.0, 1487.0, 1489.0, 1502.0, 1502.0, 1491.0, 1469.0, 1469.0, 1464.0, 1480.0, 1471.0, 1470.0, 1483.0, 1460.0, 1474.0, 1459.0, 1453.0, 1466.0, 1453.0, 1455.0, 1455.0, 1428.0, 1436.0, 1432.0, 1417.0, 1425.0, 1433.0, 1414.0, 1414.0, 1417.0, 1413.0, 1410.0, 1416.0, 1399.0, 1399.0, 1403.0, 1399.0, 1402.0, 1395.0, 1397.0, 1397.0, 1392.0, 1388.0, 1392.0, 1399.0, 1399.0, 1398.0, 1396.0, 1395.0, 1393.0, 1377.0, 1396.0, 1399.0, 1387.0, 1400.0, 1396.0, 1394.0, 1394.0, 1380.0, 1394.0, 1359.0, 1363.0, 1356.0, 1376.0, 1366.0, 1360.0, 1365.0, 1385.0, 1384.0, 1374.0, 1357.0, 1340.0, 1334.0, 1348.0, 1347.0, 1347.0, 1326.0, 1340.0, 1355.0, 1371.0, 1371.0, 1357.0, 1345.0, 1348.0, 1340.0, 1340.0, 1352.0, 1352.0, 1326.0, 1350.0, 1316.0, 1321.0, 1319.0, 1333.0, 1319.0, 1322.0, 1309.0, 1313.0, 1319.0, 1320.0, 1322.0, 1322.0, 1322.0, 1322.0, 1317.0, 1317.0, 1315.0, 1311.0, 1316.0, 1324.0, 1323.0, 1317.0, 1315.0, 1315.0, 1306.0, 1321.0, 1331.0, 1319.0, 1312.0, 1319.0, 1347.0, 1323.0, 1331.0, 1322.0, 1322.0, 1311.0, 1339.0, 1339.0, 1339.0, 1356.0, 1342.0, 1345.0, 1343.0, 1348.0, 1379.0, 1362.0, 1379.0, 1379.0, 1366.0, 1366.0, 1365.0, 1365.0, 1389.0, 1383.0, 1380.0, 1379.0, 1379.0, 1386.0, 1388.0, 1394.0, 1394.0, 1405.0, 1380.0, 1379.0, 1380.0, 1397.0, 1391.0, 1404.0, 1372.0, 1349.0, 1383.0, 1412.0, 1399.0, 1399.0, 1406.0, 1407.0, 1412.0, 1412.0, 1412.0, 1420.0, 1420.0, 1409.0, 1421.0, 1420.0, 1464.0, 1434.0, 1464.0, 1434.0, 1434.0, 1440.0, 1438.0, 1436.0, 1475.0, 1468.0, 1464.0, 1466.0, 1461.0, 1482.0, 1476.0, 1483.0, 1473.0, 1470.0, 1482.0, 1476.0, 1487.0, 1491.0, 1501.0, 1511.0, 1501.0, 1491.0, 1500.0, 1509.0, 1507.0, 1514.0, 1497.0, 1532.0, 1538.0, 1509.0, 1509.0, 1542.0, 1537.0, 1541.0, 1524.0, 1534.0, 1534.0, 1549.0, 1554.0, 1560.0, 1551.0, 1540.0, 1551.0, 1544.0, 1552.0, 1563.0, 1564.0, 1564.0, 1553.0, 1557.0, 1550.0, 1547.0, 1547.0, 1556.0, 1572.0, 1553.0, 1559.0]