header: 
  seq: 2094
  stamp: 
    secs: 1548820809
    nsecs: 542081800
  frame_id: "base_link"
angle_min: -2.35619449615
angle_max: 2.35619449615
angle_increment: 0.00436332309619
time_increment: 1.73611151695e-05
scan_time: 0.0250000003725
range_min: 0.019999999553
range_max: 30.0
ranges: [0.4860000014305115, 0.5120000243186951, 0.5120000243186951, 0.5149999856948853, 0.5130000114440918, 0.515999972820282, 0.5090000033378601, 0.5260000228881836, 0.5260000228881836, 0.5260000228881836, 0.5170000195503235, 0.5170000195503235, 0.5170000195503235, 0.5170000195503235, 0.5040000081062317, 0.4560000002384186, 0.4050000011920929, 0.3720000088214874, 0.3529999852180481, 0.3050000071525574, 0.3799999952316284, 0.4309999942779541, 0.48399999737739563, 0.49000000953674316, 0.4959999918937683, 0.5009999871253967, 0.5019999742507935, 0.5049999952316284, 0.4959999918937683, 0.49000000953674316, 0.49000000953674316, 0.4819999933242798, 0.4860000014305115, 0.4909999966621399, 0.492000013589859, 0.48899999260902405, 0.4819999933242798, 0.4819999933242798, 0.48399999737739563, 0.48399999737739563, 0.4790000021457672, 0.4779999852180481, 0.4779999852180481, 0.47600001096725464, 0.4860000014305115, 0.4830000102519989, 0.4830000102519989, 0.4790000021457672, 0.4749999940395355, 0.4729999899864197, 0.47200000286102295, 0.4690000116825104, 0.4699999988079071, 0.4699999988079071, 0.47099998593330383, 0.47099998593330383, 0.4690000116825104, 0.46799999475479126, 0.46799999475479126, 0.46299999952316284, 0.46399998664855957, 0.4659999907016754, 0.46299999952316284, 0.46299999952316284, 0.46299999952316284, 0.4620000123977661, 0.45899999141693115, 0.453000009059906, 0.45100000500679016, 0.4580000042915344, 0.4580000042915344, 0.45500001311302185, 0.453000009059906, 0.44999998807907104, 0.45500001311302185, 0.46000000834465027, 0.46000000834465027, 0.45899999141693115, 0.45100000500679016, 0.44200000166893005, 0.44600000977516174, 0.44999998807907104, 0.4490000009536743, 0.4440000057220459, 0.4429999887943268, 0.4429999887943268, 0.4429999887943268, 0.44600000977516174, 0.4429999887943268, 0.44200000166893005, 0.44200000166893005, 0.43799999356269836, 0.4309999942779541, 0.4259999990463257, 0.42500001192092896, 0.4259999990463257, 0.4339999854564667, 0.44200000166893005, 0.44600000977516174, 0.4359999895095825, 0.4269999861717224, 0.4300000071525574, 0.4269999861717224, 0.4269999861717224, 0.4269999861717224, 0.4269999861717224, 0.42500001192092896, 0.4180000126361847, 0.4169999957084656, 0.42500001192092896, 0.41999998688697815, 0.41999998688697815, 0.42399999499320984, 0.4169999957084656, 0.4189999997615814, 0.41999998688697815, 0.4169999957084656, 0.4169999957084656, 0.42399999499320984, 0.4259999990463257, 0.41600000858306885, 0.4180000126361847, 0.41999998688697815, 0.4180000126361847, 0.4169999957084656, 0.414000004529953, 0.4099999964237213, 0.4090000092983246, 0.4099999964237213, 0.41100001335144043, 0.414000004529953, 0.4129999876022339, 0.41100001335144043, 0.40400001406669617, 0.40799999237060547, 0.4090000092983246, 0.4099999964237213, 0.414000004529953, 0.41600000858306885, 0.41200000047683716, 0.4059999883174896, 0.4059999883174896, 0.41200000047683716, 0.41200000047683716, 0.40700000524520874, 0.4050000011920929, 0.4020000100135803, 0.39899998903274536, 0.39899998903274536, 0.4009999930858612, 0.40299999713897705, 0.40400001406669617, 0.4099999964237213, 0.40299999713897705, 0.40299999713897705, 0.4020000100135803, 0.4020000100135803, 0.39899998903274536, 0.4009999930858612, 0.4009999930858612, 0.40299999713897705, 0.4009999930858612, 0.3970000147819519, 0.39399999380111694, 0.3919999897480011, 0.3919999897480011, 0.3930000066757202, 0.3930000066757202, 0.3970000147819519, 0.3970000147819519, 0.3970000147819519, 0.3959999978542328, 0.39800000190734863, 0.4000000059604645, 0.39399999380111694, 0.39399999380111694, 0.39399999380111694, 0.3889999985694885, 0.3889999985694885, 0.39399999380111694, 0.39899998903274536, 0.3970000147819519, 0.38999998569488525, 0.3959999978542328, 0.3959999978542328, 0.4009999930858612, 0.40400001406669617, 0.3970000147819519, 0.39100000262260437, 0.39399999380111694, 0.39800000190734863, 0.3919999897480011, 0.39100000262260437, 0.3930000066757202, 0.3930000066757202, 0.39100000262260437, 0.3959999978542328, 0.40400001406669617, 0.39899998903274536, 0.3889999985694885, 0.39100000262260437, 0.3919999897480011, 0.3919999897480011, 0.3880000114440918, 0.38600000739097595, 0.38199999928474426, 0.3799999952316284, 0.38999998569488525, 0.4000000059604645, 0.39899998903274536, 0.39399999380111694, 0.39100000262260437, 0.3880000114440918, 0.3869999945163727, 0.39800000190734863, 0.4000000059604645, 0.40400001406669617, 0.4020000100135803, 0.40400001406669617, 0.41200000047683716, 0.41600000858306885, 0.414000004529953, 0.414000004529953, 0.41999998688697815, 0.4259999990463257, 0.4169999957084656, 0.4169999957084656, 0.42100000381469727, 0.4320000112056732, 0.42800000309944153, 0.4359999895095825, 0.43700000643730164, 0.4399999976158142, 0.4410000145435333, 0.4440000057220459, 0.4440000057220459, 0.4519999921321869, 0.4519999921321869, 0.4569999873638153, 0.46000000834465027, 0.47099998593330383, 0.4749999940395355, 0.4740000069141388, 0.4790000021457672, 0.48899999260902405, 0.5049999952316284, 0.5270000100135803, 0.5619999766349792, 0.597000002861023, 0.640999972820282, 0.7129999995231628, 0.7860000133514404, 0.8889999985694885, 1.0269999504089355, 1.1050000190734863, 1.3509999513626099, 1.7309999465942383, 2.0460000038146973, 3.075000047683716, 3.0820000171661377, 3.0859999656677246, 3.0869998931884766, 3.0859999656677246, 3.0880000591278076, 3.0889999866485596, 3.0889999866485596, 3.0869998931884766, 3.0829999446868896, 3.078000068664551, 3.0769999027252197, 3.078000068664551, 3.0739998817443848, 3.071000099182129, 3.063999891281128, 3.068000078201294, 3.066999912261963, 3.066999912261963, 3.058000087738037, 3.055999994277954, 3.0480000972747803, 3.0429999828338623, 3.0409998893737793, 3.0399999618530273, 3.0429999828338623, 3.0409998893737793, 3.0299999713897705, 3.0179998874664307, 3.00600004196167, 2.999000072479248, 3.003000020980835, 3.0, 3.0, 3.000999927520752, 2.99399995803833, 2.994999885559082, 2.9790000915527344, 2.9820001125335693, 2.9700000286102295, 2.9619998931884766, 2.9579999446868896, 2.9489998817443848, 2.940000057220459, 2.936000108718872, 2.931999921798706, 2.9189999103546143, 2.9170000553131104, 2.9059998989105225, 2.8910000324249268, 2.885999917984009, 2.878999948501587, 2.869999885559082, 2.867000102996826, 2.867000102996826, 2.8440001010894775, 2.8269999027252197, 2.815000057220459, 2.811000108718872, 2.799999952316284, 2.7890000343322754, 2.7850000858306885, 2.7699999809265137, 2.759999990463257, 2.753999948501587, 2.7330000400543213, 2.7170000076293945, 2.7009999752044678, 2.687000036239624, 2.683000087738037, 2.6689999103546143, 2.6500000953674316, 2.640000104904175, 2.630000114440918, 2.6080000400543213, 2.5989999771118164, 2.5739998817443848, 2.561000108718872, 2.5460000038146973, 2.5269999504089355, 2.5139999389648438, 2.4830000400543213, 2.4709999561309814, 2.4539999961853027, 2.4179999828338623, 2.4040000438690186, 2.3919999599456787, 2.365999937057495, 2.3499999046325684, 2.316999912261963, 2.2880001068115234, 2.253000020980835, 2.23799991607666, 2.2179999351501465, 2.197000026702881, 2.180999994277954, 2.1600000858306885, 2.128000020980835, 2.117000102996826, 2.0929999351501465, 2.071000099182129, 2.055999994277954, 2.0360000133514404, 2.01200008392334, 1.9919999837875366, 1.9759999513626099, 1.9630000591278076, 1.9479999542236328, 1.930999994277954, 1.9079999923706055, 1.8960000276565552, 1.8760000467300415, 1.8680000305175781, 1.8530000448226929, 1.840999960899353, 1.8250000476837158, 1.7960000038146973, 1.777999997138977, 1.7699999809265137, 1.753000020980835, 1.74399995803833, 1.7359999418258667, 1.715000033378601, 1.6950000524520874, 1.694000005722046, 1.687000036239624, 1.6770000457763672, 1.659999966621399, 1.6469999551773071, 1.6319999694824219, 1.6150000095367432, 1.6069999933242798, 1.5950000286102295, 1.5850000381469727, 1.5800000429153442, 1.5579999685287476, 1.5449999570846558, 1.5390000343322754, 1.5190000534057617, 1.5089999437332153, 1.5049999952316284, 1.503999948501587, 1.5049999952316284, 1.496999979019165, 1.475000023841858, 1.465999960899353, 1.465000033378601, 1.4550000429153442, 1.4470000267028809, 1.440000057220459, 1.4290000200271606, 1.4149999618530273, 1.406999945640564, 1.3969999551773071, 1.3969999551773071, 1.3990000486373901, 1.3839999437332153, 1.371999979019165, 1.3630000352859497, 1.3559999465942383, 1.3559999465942383, 1.3489999771118164, 1.3339999914169312, 1.3229999542236328, 1.319000005722046, 1.3179999589920044, 1.3009999990463257, 1.2949999570846558, 1.2920000553131104, 1.284999966621399, 1.2769999504089355, 1.2690000534057617, 1.2640000581741333, 1.2640000581741333, 1.246000051498413, 1.246000051498413, 1.24399995803833, 1.2369999885559082, 1.2280000448226929, 1.2239999771118164, 1.218999981880188, 1.215000033378601, 1.2070000171661377, 1.2009999752044678, 1.1959999799728394, 1.1959999799728394, 1.184999942779541, 1.184000015258789, 1.1779999732971191, 1.1759999990463257, 1.1729999780654907, 1.1720000505447388, 1.1610000133514404, 1.1490000486373901, 1.1490000486373901, 1.1519999504089355, 1.1510000228881836, 1.1399999856948853, 1.1339999437332153, 1.1319999694824219, 1.128999948501587, 1.1260000467300415, 1.1160000562667847, 1.1119999885559082, 1.1100000143051147, 1.1109999418258667, 1.1109999418258667, 1.1050000190734863, 1.100000023841858, 1.0989999771118164, 1.0959999561309814, 1.090999960899353, 1.090999960899353, 1.0870000123977661, 1.0850000381469727, 1.0770000219345093, 1.0759999752044678, 1.0729999542236328, 1.0720000267028809, 1.069000005722046, 1.065999984741211, 1.062999963760376, 1.059000015258789, 1.0570000410079956, 1.0540000200271606, 1.0490000247955322, 1.0449999570846558, 1.0410000085830688, 1.0420000553131104, 1.0399999618530273, 1.0379999876022339, 1.024999976158142, 1.0230000019073486, 1.024999976158142, 1.0260000228881836, 1.0240000486373901, 1.0089999437332153, 1.003999948501587, 1.003000020980835, 1.0, 1.003999948501587, 1.003999948501587, 1.0, 0.9980000257492065, 0.9900000095367432, 0.9860000014305115, 0.984000027179718, 0.9879999756813049, 0.9750000238418579, 0.9750000238418579, 0.9779999852180481, 0.9850000143051147, 0.984000027179718, 0.9739999771118164, 0.972000002861023, 0.9700000286102295, 0.968999981880188, 0.9599999785423279, 0.9589999914169312, 0.9610000252723694, 0.9629999995231628, 0.9580000042915344, 0.953000009059906, 0.9520000219345093, 0.9520000219345093, 0.9490000009536743, 0.9419999718666077, 0.9449999928474426, 0.9449999928474426, 0.9480000138282776, 0.9459999799728394, 0.9390000104904175, 0.9350000023841858, 0.9340000152587891, 0.9300000071525574, 0.9350000023841858, 0.9369999766349792, 0.9409999847412109, 0.9340000152587891, 0.9200000166893005, 0.9169999957084656, 0.9139999747276306, 0.9100000262260437, 0.906000018119812, 0.9070000052452087, 0.9020000100135803, 0.9020000100135803, 0.9020000100135803, 0.906000018119812, 0.902999997138977, 0.8939999938011169, 0.8889999985694885, 0.8930000066757202, 0.8970000147819519, 0.8899999856948853, 0.8899999856948853, 0.8920000195503235, 0.8859999775886536, 0.8809999823570251, 0.8809999823570251, 0.878000020980835, 0.875, 0.871999979019165, 0.8679999709129333, 0.8679999709129333, 0.8679999709129333, 0.8619999885559082, 0.8569999933242798, 0.8550000190734863, 0.8640000224113464, 0.8619999885559082, 0.8579999804496765, 0.8619999885559082, 0.8690000176429749, 0.8610000014305115, 0.8489999771118164, 0.847000002861023, 0.8429999947547913, 0.8429999947547913, 0.8389999866485596, 0.8370000123977661, 0.8379999995231628, 0.8379999995231628, 0.8370000123977661, 0.8360000252723694, 0.8349999785423279, 0.8320000171661377, 0.8240000009536743, 0.8220000267028809, 0.8220000267028809, 0.8220000267028809, 0.8169999718666077, 0.8169999718666077, 0.8149999976158142, 0.8149999976158142, 0.8149999976158142, 0.8100000023841858, 0.8040000200271606, 0.8029999732971191, 0.8029999732971191, 0.800000011920929, 0.7960000038146973, 0.7960000038146973, 0.7950000166893005, 0.7950000166893005, 0.7950000166893005, 0.7979999780654907, 0.7979999780654907, 0.7860000133514404, 0.7839999794960022, 0.7730000019073486, 0.7749999761581421, 0.7760000228881836, 0.7820000052452087, 0.781000018119812, 0.7789999842643738, 0.7770000100135803, 0.7749999761581421, 0.7680000066757202, 0.7649999856948853, 0.781000018119812, 0.7649999856948853, 0.7590000033378601, 0.7570000290870667, 0.7580000162124634, 0.7580000162124634, 0.7580000162124634, 0.7519999742507935, 0.7490000128746033, 0.7509999871253967, 0.7509999871253967, 0.7480000257492065, 0.7440000176429749, 0.7360000014305115, 0.7319999933242798, 0.7310000061988831, 0.7319999933242798, 0.734000027179718, 0.7250000238418579, 0.7260000109672546, 0.7350000143051147, 0.7350000143051147, 0.7170000076293945, 0.7139999866485596, 0.7170000076293945, 0.7269999980926514, 0.7200000286102295, 0.7200000286102295, 0.718999981880188, 0.718999981880188, 0.7129999995231628, 0.7089999914169312, 0.7110000252723694, 0.7129999995231628, 0.7089999914169312, 0.7039999961853027, 0.699999988079071, 0.699999988079071, 0.6990000009536743, 0.699999988079071, 0.703000009059906, 0.6959999799728394, 0.6959999799728394, 0.6940000057220459, 0.6909999847412109, 0.6909999847412109, 0.6909999847412109, 0.6909999847412109, 0.6809999942779541, 0.6790000200271606, 0.675000011920929, 0.6740000247955322, 0.6769999861717224, 0.6859999895095825, 0.6800000071525574, 0.6740000247955322, 0.6679999828338623, 0.6700000166893005, 0.6679999828338623, 0.6660000085830688, 0.6660000085830688, 0.6570000052452087, 0.6629999876022339, 0.6650000214576721, 0.6700000166893005, 0.6700000166893005, 0.6610000133514404, 0.6579999923706055, 0.6570000052452087, 0.6570000052452087, 0.6579999923706055, 0.6570000052452087, 0.6480000019073486, 0.6449999809265137, 0.6449999809265137, 0.6579999923706055, 0.6570000052452087, 0.6570000052452087, 0.6510000228881836, 0.6340000033378601, 0.6340000033378601, 0.6290000081062317, 0.6309999823570251, 0.628000020980835, 0.6290000081062317, 0.6259999871253967, 0.625, 0.6309999823570251, 0.6309999823570251, 0.6299999952316284, 0.628000020980835, 0.6240000128746033, 0.6240000128746033, 0.621999979019165, 0.6209999918937683, 0.6209999918937683, 0.6200000047683716, 0.6069999933242798, 0.6100000143051147, 0.6129999756813049, 0.6140000224113464, 0.6129999756813049, 0.6129999756813049, 0.6140000224113464, 0.6159999966621399, 0.6050000190734863, 0.5989999771118164, 0.5989999771118164, 0.5989999771118164, 0.5960000157356262, 0.6000000238418579, 0.6019999980926514, 0.597000002861023, 0.5950000286102295, 0.5920000076293945, 0.5960000157356262, 0.5920000076293945, 0.5899999737739563, 0.5879999995231628, 0.5870000123977661, 0.5899999737739563, 0.5879999995231628, 0.5899999737739563, 0.5870000123977661, 0.5830000042915344, 0.5799999833106995, 0.5809999704360962, 0.5809999704360962, 0.5759999752044678, 0.5770000219345093, 0.5770000219345093, 0.5799999833106995, 0.5699999928474426, 0.5680000185966492, 0.5680000185966492, 0.5690000057220459, 0.5699999928474426, 0.5720000267028809, 0.5730000138282776, 0.5680000185966492, 0.5680000185966492, 0.5690000057220459, 0.5649999976158142, 0.5659999847412109, 0.5640000104904175, 0.5630000233650208, 0.5619999766349792, 0.5619999766349792, 0.5649999976158142, 0.5649999976158142, 0.5600000023841858, 0.5550000071525574, 0.5580000281333923, 0.5580000281333923, 0.5580000281333923, 0.5569999814033508, 0.5569999814033508, 0.5529999732971191, 0.5490000247955322, 0.5490000247955322, 0.5529999732971191, 0.5540000200271606, 0.5529999732971191, 0.5509999990463257, 0.5529999732971191, 0.5519999861717224, 0.5540000200271606, 0.5519999861717224, 0.5440000295639038, 0.5440000295639038, 0.5440000295639038, 0.5460000038146973, 0.550000011920929, 0.550000011920929, 0.5460000038146973, 0.5429999828338623, 0.5339999794960022, 0.5339999794960022, 0.5370000004768372, 0.5370000004768372, 0.531000018119812, 0.5289999842643738, 0.5299999713897705, 0.5299999713897705, 0.5299999713897705, 0.531000018119812, 0.5320000052452087, 0.5299999713897705, 0.5270000100135803, 0.5270000100135803, 0.5360000133514404, 0.5350000262260437, 0.531000018119812, 0.531000018119812, 0.5339999794960022, 0.5370000004768372, 0.5270000100135803, 0.5289999842643738, 0.5260000228881836, 0.5210000276565552, 0.5199999809265137, 0.5199999809265137, 0.5199999809265137, 0.5230000019073486, 0.5239999890327454, 0.5230000019073486, 0.5210000276565552, 0.5239999890327454, 0.5239999890327454, 0.5199999809265137, 0.5139999985694885, 0.5099999904632568, 0.5120000243186951, 0.515999972820282, 0.515999972820282, 0.5149999856948853, 0.515999972820282, 0.5139999985694885, 0.5139999985694885, 0.5139999985694885, 0.515999972820282, 0.515999972820282, 0.515999972820282, 0.5109999775886536, 0.5109999775886536, 0.5149999856948853, 0.5130000114440918, 0.5099999904632568, 0.5070000290870667, 0.5080000162124634, 0.5080000162124634, 0.5019999742507935, 0.503000020980835, 0.5019999742507935, 0.5080000162124634, 0.5090000033378601, 0.5149999856948853, 0.5149999856948853, 0.5040000081062317, 0.5040000081062317, 0.5009999871253967, 0.503000020980835, 0.503000020980835, 0.5040000081062317, 0.5040000081062317, 0.5040000081062317, 0.503000020980835, 0.5, 0.5, 0.503000020980835, 0.5009999871253967, 0.5, 0.5019999742507935, 0.5009999871253967, 0.5019999742507935, 0.5009999871253967, 0.5040000081062317, 0.5019999742507935, 0.49799999594688416, 0.49399998784065247, 0.49799999594688416, 0.4959999918937683, 0.49399998784065247, 0.49399998784065247, 0.4970000088214874, 0.4950000047683716, 0.492000013589859, 0.492000013589859, 0.49399998784065247, 0.4959999918937683, 0.5, 0.5019999742507935, 0.49799999594688416, 0.49399998784065247, 0.49399998784065247, 0.49300000071525574, 0.49300000071525574, 0.49000000953674316, 0.4860000014305115, 0.49300000071525574, 0.49300000071525574, 0.4909999966621399, 0.4909999966621399, 0.49399998784065247, 0.4959999918937683, 0.49799999594688416, 0.5, 0.49799999594688416, 0.4959999918937683, 0.49300000071525574, 0.4950000047683716, 0.4880000054836273, 0.4909999966621399, 0.49399998784065247, 0.5, 0.5019999742507935, 0.5009999871253967, 0.49300000071525574, 0.49000000953674316, 0.4959999918937683, 0.49799999594688416, 0.4950000047683716, 0.4909999966621399, 0.4860000014305115, 0.49399998784065247, 0.4970000088214874, 0.4950000047683716, 0.4959999918937683, 0.4959999918937683, 0.4959999918937683, 0.5019999742507935, 0.503000020980835, 0.5, 0.5, 0.5, 0.4970000088214874, 0.49300000071525574, 0.5019999742507935, 0.5019999742507935, 0.4970000088214874, 0.49300000071525574, 0.49799999594688416, 0.49900001287460327, 0.49900001287460327, 0.49300000071525574, 0.4880000054836273, 0.4909999966621399, 0.49399998784065247, 0.49900001287460327, 0.49799999594688416, 0.49799999594688416, 0.5, 0.5009999871253967, 0.5040000081062317, 0.5019999742507935, 0.5019999742507935, 0.5059999823570251, 0.5040000081062317, 0.5099999904632568, 0.5099999904632568, 0.5059999823570251, 0.5019999742507935, 0.5, 0.5009999871253967, 0.5040000081062317, 0.5070000290870667, 0.5120000243186951, 0.5070000290870667, 0.5070000290870667, 0.5130000114440918, 0.5130000114440918, 0.5149999856948853, 0.5139999985694885, 0.5199999809265137, 0.515999972820282, 0.5130000114440918, 0.5139999985694885, 0.5120000243186951, 0.5139999985694885, 0.5189999938011169, 0.5170000195503235, 0.5149999856948853, 0.5149999856948853, 0.5120000243186951, 0.5120000243186951, 0.5270000100135803, 0.5239999890327454, 0.5260000228881836, 0.5270000100135803, 0.5289999842643738, 0.5350000262260437, 0.5299999713897705, 0.527999997138977, 0.5270000100135803, 0.5289999842643738, 0.5339999794960022, 0.5339999794960022, 0.5339999794960022, 0.5339999794960022, 0.5350000262260437, 0.5339999794960022, 0.5379999876022339, 0.5389999747276306, 0.5400000214576721, 0.5410000085830688, 0.5440000295639038, 0.546999990940094, 0.5460000038146973, 0.5450000166893005, 0.5479999780654907, 0.5479999780654907, 0.5490000247955322, 0.546999990940094, 0.546999990940094, 0.5479999780654907, 0.550000011920929, 0.5490000247955322, 0.550000011920929, 0.550000011920929, 0.5550000071525574, 0.5609999895095825, 0.5630000233650208, 0.5630000233650208, 0.5630000233650208, 0.5609999895095825, 0.5600000023841858, 0.5649999976158142, 0.5680000185966492, 0.5649999976158142, 0.5649999976158142, 0.5619999766349792, 0.5609999895095825, 0.5619999766349792, 0.5640000104904175, 0.5640000104904175, 0.5619999766349792, 0.5669999718666077, 0.5730000138282776, 0.5730000138282776, 0.5730000138282776, 0.5709999799728394, 0.5709999799728394, 0.5830000042915344, 0.5830000042915344, 0.5830000042915344, 0.5830000042915344, 0.5849999785423279, 0.5870000123977661, 0.5879999995231628, 0.5870000123977661, 0.5849999785423279, 0.5870000123977661, 0.5889999866485596, 0.5889999866485596, 0.5879999995231628, 0.5889999866485596, 0.5879999995231628, 0.5889999866485596, 0.5910000205039978, 0.5950000286102295, 0.5979999899864197, 0.5989999771118164, 0.6039999723434448, 0.6039999723434448, 0.6150000095367432, 0.6110000014305115, 0.6169999837875366, 0.6190000176429749, 0.6269999742507935, 0.6230000257492065, 0.6230000257492065, 0.6290000081062317, 0.6340000033378601, 0.6340000033378601, 0.6349999904632568, 0.6340000033378601, 0.6370000243186951, 0.6460000276565552, 0.6480000019073486, 0.6480000019073486, 0.6470000147819519, 0.6449999809265137, 0.6460000276565552]
intensities: [1022.0, 1120.0, 1120.0, 1139.0, 1139.0, 1187.0, 1176.0, 1327.0, 1327.0, 1357.0, 1365.0, 1385.0, 1395.0, 1385.0, 1304.0, 1151.0, 1081.0, 1043.0, 995.0, 845.0, 950.0, 1020.0, 1106.0, 1097.0, 1092.0, 1082.0, 1024.0, 1029.0, 1045.0, 1110.0, 1155.0, 1187.0, 1260.0, 1385.0, 1399.0, 1451.0, 1517.0, 1541.0, 1559.0, 1588.0, 1586.0, 1612.0, 1612.0, 1621.0, 1633.0, 1641.0, 1641.0, 1662.0, 1651.0, 1643.0, 1638.0, 1626.0, 1624.0, 1624.0, 1652.0, 1652.0, 1648.0, 1645.0, 1645.0, 1647.0, 1648.0, 1650.0, 1637.0, 1630.0, 1640.0, 1628.0, 1636.0, 1626.0, 1617.0, 1630.0, 1626.0, 1631.0, 1612.0, 1602.0, 1610.0, 1620.0, 1610.0, 1601.0, 1615.0, 1621.0, 1618.0, 1615.0, 1619.0, 1599.0, 1614.0, 1621.0, 1612.0, 1607.0, 1604.0, 1600.0, 1600.0, 1592.0, 1599.0, 1600.0, 1595.0, 1589.0, 1580.0, 1570.0, 1564.0, 1577.0, 1564.0, 1573.0, 1557.0, 1562.0, 1529.0, 1553.0, 1549.0, 1556.0, 1541.0, 1557.0, 1522.0, 1522.0, 1527.0, 1540.0, 1524.0, 1526.0, 1511.0, 1514.0, 1512.0, 1516.0, 1486.0, 1496.0, 1507.0, 1494.0, 1504.0, 1493.0, 1472.0, 1477.0, 1473.0, 1466.0, 1462.0, 1470.0, 1464.0, 1453.0, 1449.0, 1461.0, 1438.0, 1435.0, 1438.0, 1453.0, 1426.0, 1426.0, 1427.0, 1426.0, 1426.0, 1406.0, 1399.0, 1389.0, 1385.0, 1371.0, 1379.0, 1362.0, 1367.0, 1359.0, 1356.0, 1346.0, 1347.0, 1341.0, 1336.0, 1340.0, 1356.0, 1340.0, 1341.0, 1336.0, 1314.0, 1313.0, 1329.0, 1327.0, 1296.0, 1315.0, 1315.0, 1303.0, 1294.0, 1296.0, 1325.0, 1325.0, 1298.0, 1286.0, 1286.0, 1272.0, 1262.0, 1270.0, 1259.0, 1272.0, 1258.0, 1263.0, 1259.0, 1268.0, 1251.0, 1251.0, 1251.0, 1245.0, 1254.0, 1250.0, 1248.0, 1251.0, 1239.0, 1222.0, 1212.0, 1188.0, 1198.0, 1208.0, 1208.0, 1182.0, 1178.0, 1171.0, 1172.0, 1171.0, 1151.0, 1142.0, 1133.0, 1137.0, 1130.0, 1128.0, 1117.0, 1120.0, 1125.0, 1131.0, 1137.0, 1137.0, 1147.0, 1110.0, 1108.0, 1117.0, 1131.0, 1113.0, 1113.0, 1102.0, 1098.0, 1107.0, 1113.0, 1115.0, 1120.0, 1108.0, 1098.0, 1091.0, 1108.0, 1103.0, 1077.0, 1072.0, 1061.0, 1062.0, 1055.0, 1021.0, 1017.0, 979.0, 913.0, 880.0, 877.0, 850.0, 819.0, 810.0, 785.0, 774.0, 748.0, 728.0, 1147.0, 1369.0, 908.0, 909.0, 910.0, 901.0, 893.0, 896.0, 914.0, 915.0, 912.0, 901.0, 895.0, 891.0, 902.0, 904.0, 905.0, 911.0, 925.0, 922.0, 919.0, 909.0, 910.0, 910.0, 904.0, 913.0, 899.0, 905.0, 905.0, 900.0, 901.0, 897.0, 893.0, 891.0, 892.0, 892.0, 900.0, 898.0, 905.0, 899.0, 905.0, 890.0, 894.0, 894.0, 902.0, 898.0, 897.0, 910.0, 910.0, 910.0, 907.0, 903.0, 906.0, 901.0, 900.0, 907.0, 907.0, 901.0, 898.0, 894.0, 895.0, 895.0, 890.0, 896.0, 898.0, 905.0, 900.0, 896.0, 905.0, 896.0, 898.0, 897.0, 897.0, 896.0, 893.0, 905.0, 894.0, 894.0, 895.0, 890.0, 883.0, 873.0, 868.0, 871.0, 865.0, 851.0, 855.0, 865.0, 876.0, 890.0, 892.0, 865.0, 871.0, 897.0, 917.0, 918.0, 921.0, 924.0, 918.0, 935.0, 941.0, 940.0, 949.0, 944.0, 959.0, 952.0, 939.0, 951.0, 957.0, 950.0, 965.0, 942.0, 953.0, 958.0, 963.0, 968.0, 976.0, 969.0, 976.0, 982.0, 987.0, 976.0, 977.0, 991.0, 989.0, 1001.0, 1012.0, 1017.0, 1013.0, 1023.0, 1033.0, 1026.0, 1029.0, 1037.0, 1024.0, 1027.0, 1036.0, 1038.0, 1052.0, 1051.0, 1055.0, 1059.0, 1070.0, 1070.0, 1084.0, 1091.0, 1090.0, 1097.0, 1097.0, 1103.0, 1090.0, 1104.0, 1114.0, 1091.0, 1096.0, 1088.0, 1094.0, 1106.0, 1105.0, 1104.0, 1099.0, 1099.0, 1099.0, 1093.0, 1099.0, 1106.0, 1105.0, 1105.0, 1104.0, 1111.0, 1117.0, 1120.0, 1110.0, 1093.0, 1099.0, 1131.0, 1142.0, 1142.0, 1137.0, 1124.0, 1126.0, 1112.0, 1132.0, 1134.0, 1135.0, 1156.0, 1159.0, 1159.0, 1167.0, 1163.0, 1173.0, 1182.0, 1180.0, 1182.0, 1188.0, 1185.0, 1193.0, 1207.0, 1220.0, 1216.0, 1215.0, 1215.0, 1225.0, 1250.0, 1258.0, 1263.0, 1283.0, 1289.0, 1289.0, 1289.0, 1296.0, 1296.0, 1298.0, 1306.0, 1306.0, 1321.0, 1317.0, 1304.0, 1310.0, 1310.0, 1314.0, 1325.0, 1331.0, 1322.0, 1328.0, 1344.0, 1337.0, 1340.0, 1343.0, 1340.0, 1369.0, 1358.0, 1365.0, 1357.0, 1349.0, 1357.0, 1375.0, 1378.0, 1384.0, 1392.0, 1388.0, 1390.0, 1398.0, 1398.0, 1426.0, 1398.0, 1417.0, 1417.0, 1428.0, 1431.0, 1422.0, 1413.0, 1424.0, 1428.0, 1432.0, 1434.0, 1420.0, 1440.0, 1416.0, 1427.0, 1433.0, 1421.0, 1409.0, 1421.0, 1426.0, 1411.0, 1411.0, 1424.0, 1423.0, 1443.0, 1427.0, 1412.0, 1411.0, 1420.0, 1430.0, 1425.0, 1427.0, 1429.0, 1433.0, 1424.0, 1430.0, 1429.0, 1445.0, 1454.0, 1440.0, 1448.0, 1456.0, 1447.0, 1453.0, 1458.0, 1470.0, 1464.0, 1466.0, 1460.0, 1461.0, 1462.0, 1470.0, 1465.0, 1467.0, 1465.0, 1467.0, 1479.0, 1491.0, 1479.0, 1474.0, 1492.0, 1492.0, 1478.0, 1489.0, 1500.0, 1497.0, 1517.0, 1510.0, 1506.0, 1510.0, 1518.0, 1515.0, 1509.0, 1521.0, 1527.0, 1527.0, 1520.0, 1513.0, 1514.0, 1514.0, 1504.0, 1505.0, 1492.0, 1478.0, 1505.0, 1486.0, 1497.0, 1504.0, 1508.0, 1508.0, 1526.0, 1535.0, 1535.0, 1523.0, 1511.0, 1507.0, 1507.0, 1515.0, 1499.0, 1515.0, 1517.0, 1515.0, 1515.0, 1521.0, 1521.0, 1531.0, 1526.0, 1532.0, 1523.0, 1523.0, 1536.0, 1544.0, 1544.0, 1531.0, 1538.0, 1533.0, 1543.0, 1542.0, 1539.0, 1536.0, 1538.0, 1565.0, 1568.0, 1568.0, 1564.0, 1567.0, 1578.0, 1578.0, 1599.0, 1604.0, 1584.0, 1588.0, 1586.0, 1571.0, 1578.0, 1586.0, 1597.0, 1585.0, 1585.0, 1574.0, 1583.0, 1592.0, 1595.0, 1594.0, 1589.0, 1589.0, 1593.0, 1619.0, 1612.0, 1613.0, 1589.0, 1605.0, 1607.0, 1607.0, 1611.0, 1595.0, 1604.0, 1615.0, 1598.0, 1592.0, 1599.0, 1622.0, 1623.0, 1622.0, 1629.0, 1617.0, 1629.0, 1652.0, 1646.0, 1652.0, 1642.0, 1640.0, 1655.0, 1654.0, 1652.0, 1643.0, 1631.0, 1638.0, 1658.0, 1658.0, 1658.0, 1648.0, 1648.0, 1661.0, 1649.0, 1662.0, 1663.0, 1663.0, 1666.0, 1660.0, 1662.0, 1662.0, 1665.0, 1668.0, 1668.0, 1668.0, 1659.0, 1669.0, 1673.0, 1674.0, 1669.0, 1666.0, 1668.0, 1675.0, 1676.0, 1676.0, 1679.0, 1685.0, 1678.0, 1678.0, 1683.0, 1678.0, 1687.0, 1680.0, 1682.0, 1684.0, 1684.0, 1681.0, 1682.0, 1682.0, 1682.0, 1682.0, 1677.0, 1679.0, 1670.0, 1695.0, 1686.0, 1688.0, 1686.0, 1687.0, 1687.0, 1691.0, 1695.0, 1691.0, 1686.0, 1681.0, 1690.0, 1687.0, 1673.0, 1657.0, 1658.0, 1667.0, 1659.0, 1652.0, 1661.0, 1675.0, 1694.0, 1694.0, 1667.0, 1662.0, 1649.0, 1661.0, 1671.0, 1675.0, 1674.0, 1677.0, 1669.0, 1669.0, 1655.0, 1659.0, 1668.0, 1667.0, 1665.0, 1664.0, 1656.0, 1645.0, 1645.0, 1645.0, 1656.0, 1640.0, 1648.0, 1646.0, 1636.0, 1623.0, 1613.0, 1612.0, 1612.0, 1620.0, 1601.0, 1602.0, 1619.0, 1628.0, 1618.0, 1615.0, 1617.0, 1600.0, 1611.0, 1611.0, 1588.0, 1589.0, 1585.0, 1582.0, 1602.0, 1591.0, 1603.0, 1595.0, 1595.0, 1572.0, 1579.0, 1568.0, 1559.0, 1560.0, 1564.0, 1552.0, 1570.0, 1563.0, 1570.0, 1560.0, 1550.0, 1567.0, 1581.0, 1558.0, 1560.0, 1565.0, 1554.0, 1542.0, 1539.0, 1526.0, 1536.0, 1536.0, 1544.0, 1537.0, 1514.0, 1492.0, 1540.0, 1540.0, 1517.0, 1530.0, 1493.0, 1492.0, 1493.0, 1506.0, 1523.0, 1506.0, 1488.0, 1478.0, 1478.0, 1468.0, 1480.0, 1480.0, 1464.0, 1464.0, 1468.0, 1468.0, 1464.0, 1464.0, 1461.0, 1461.0, 1475.0, 1475.0, 1483.0, 1449.0, 1453.0, 1468.0, 1468.0, 1459.0, 1459.0, 1445.0, 1474.0, 1474.0, 1470.0, 1470.0, 1470.0, 1450.0, 1470.0, 1460.0, 1453.0, 1450.0, 1458.0, 1417.0, 1432.0, 1424.0, 1438.0, 1417.0, 1412.0, 1419.0, 1425.0, 1425.0, 1410.0, 1406.0, 1406.0, 1396.0, 1374.0, 1362.0, 1362.0, 1379.0, 1366.0, 1377.0, 1375.0, 1362.0, 1365.0, 1365.0, 1356.0, 1356.0, 1356.0, 1352.0, 1352.0, 1352.0, 1355.0, 1335.0, 1342.0, 1336.0, 1337.0, 1343.0, 1346.0, 1337.0, 1330.0, 1338.0, 1340.0, 1356.0, 1372.0, 1349.0, 1355.0, 1348.0, 1336.0, 1326.0, 1322.0, 1326.0, 1327.0, 1309.0, 1305.0, 1314.0, 1301.0, 1307.0, 1312.0, 1307.0, 1294.0, 1288.0, 1301.0, 1277.0, 1275.0, 1277.0, 1269.0, 1252.0, 1261.0, 1256.0, 1255.0, 1256.0, 1260.0, 1251.0, 1255.0, 1261.0, 1265.0, 1241.0, 1236.0, 1251.0, 1256.0, 1256.0, 1259.0, 1255.0, 1254.0, 1242.0, 1242.0, 1258.0, 1253.0, 1251.0, 1251.0, 1238.0, 1243.0, 1226.0, 1253.0, 1251.0, 1248.0, 1264.0, 1257.0, 1256.0, 1252.0, 1252.0, 1263.0, 1271.0, 1280.0, 1238.0, 1253.0, 1249.0, 1245.0, 1253.0, 1273.0, 1271.0, 1270.0, 1277.0, 1269.0, 1269.0, 1279.0, 1280.0, 1294.0, 1298.0, 1300.0, 1292.0, 1286.0, 1287.0, 1284.0, 1283.0, 1270.0, 1283.0, 1295.0, 1294.0, 1298.0, 1286.0, 1298.0, 1299.0, 1290.0, 1296.0, 1297.0, 1311.0, 1303.0, 1295.0, 1306.0, 1305.0, 1326.0, 1307.0, 1309.0, 1307.0, 1316.0, 1308.0, 1317.0, 1321.0, 1314.0, 1321.0, 1335.0, 1335.0, 1335.0, 1336.0, 1331.0, 1333.0, 1336.0, 1330.0, 1347.0, 1342.0, 1338.0, 1340.0, 1351.0, 1361.0, 1350.0, 1350.0, 1339.0, 1339.0, 1350.0, 1348.0, 1341.0, 1358.0, 1362.0, 1362.0, 1359.0, 1390.0, 1381.0, 1365.0, 1388.0, 1388.0, 1388.0, 1373.0, 1379.0, 1385.0, 1372.0, 1365.0, 1369.0, 1375.0, 1371.0, 1378.0, 1385.0, 1374.0, 1374.0, 1375.0, 1381.0, 1377.0, 1358.0, 1371.0, 1361.0, 1361.0, 1364.0, 1364.0, 1375.0, 1368.0, 1360.0, 1368.0, 1353.0, 1360.0, 1320.0, 1339.0, 1349.0, 1337.0]