header: 
  seq: 1298
  stamp: 
    secs: 1548820789
    nsecs: 601315815
  frame_id: "base_link"
angle_min: -2.35619449615
angle_max: 2.35619449615
angle_increment: 0.00436332309619
time_increment: 1.73611151695e-05
scan_time: 0.0250000003725
range_min: 0.019999999553
range_max: 30.0
ranges: [0.375, 0.37599998712539673, 0.3709999918937683, 0.3709999918937683, 0.3700000047683716, 0.3720000088214874, 0.375, 0.3709999918937683, 0.36800000071525574, 0.36500000953674316, 0.36399999260902405, 0.36399999260902405, 0.36500000953674316, 0.35899999737739563, 0.34200000762939453, 0.33399999141693115, 0.3160000145435333, 0.32600000500679016, 0.2770000100135803, 0.2709999978542328, 0.2980000078678131, 0.3400000035762787, 0.3479999899864197, 0.3479999899864197, 0.34700000286102295, 0.34200000762939453, 0.3499999940395355, 0.3449999988079071, 0.33500000834465027, 0.3479999899864197, 0.35899999737739563, 0.3540000021457672, 0.3449999988079071, 0.3490000069141388, 0.35499998927116394, 0.3529999852180481, 0.34599998593330383, 0.34599998593330383, 0.3479999899864197, 0.3529999852180481, 0.3490000069141388, 0.34200000762939453, 0.3409999907016754, 0.33899998664855957, 0.33799999952316284, 0.33899998664855957, 0.34200000762939453, 0.33799999952316284, 0.33399999141693115, 0.335999995470047, 0.33799999952316284, 0.3409999907016754, 0.3409999907016754, 0.3400000035762787, 0.33500000834465027, 0.33500000834465027, 0.335999995470047, 0.33799999952316284, 0.3400000035762787, 0.34700000286102295, 0.34700000286102295, 0.33799999952316284, 0.335999995470047, 0.33500000834465027, 0.34200000762939453, 0.34599998593330383, 0.3409999907016754, 0.34200000762939453, 0.3409999907016754, 0.34200000762939453, 0.34299999475479126, 0.3400000035762787, 0.34700000286102295, 0.3440000116825104, 0.3409999907016754, 0.3400000035762787, 0.34299999475479126, 0.3440000116825104, 0.34700000286102295, 0.3479999899864197, 0.3479999899864197, 0.35600000619888306, 0.35600000619888306, 0.35600000619888306, 0.35499998927116394, 0.35499998927116394, 0.3580000102519989, 0.3619999885559082, 0.36399999260902405, 0.36500000953674316, 0.36500000953674316, 0.37400001287460327, 0.3659999966621399, 0.3580000102519989, 0.3580000102519989, 0.3619999885559082, 0.3619999885559082, 0.3630000054836273, 0.3630000054836273, 0.35899999737739563, 0.3580000102519989, 0.3610000014305115, 0.3659999966621399, 0.36899998784065247, 0.36800000071525574, 0.367000013589859, 0.3619999885559082, 0.3610000014305115, 0.3659999966621399, 0.37599998712539673, 0.3709999918937683, 0.3709999918937683, 0.3709999918937683, 0.3709999918937683, 0.3720000088214874, 0.3709999918937683, 0.37599998712539673, 0.37599998712539673, 0.37599998712539673, 0.375, 0.37299999594688416, 0.3720000088214874, 0.37700000405311584, 0.38499999046325684, 0.38499999046325684, 0.375, 0.3720000088214874, 0.375, 0.3790000081062317, 0.38100001215934753, 0.3799999952316284, 0.3799999952316284, 0.38199999928474426, 0.3919999897480011, 0.3919999897480011, 0.3880000114440918, 0.3840000033378601, 0.38499999046325684, 0.39100000262260437, 0.3919999897480011, 0.3919999897480011, 0.3919999897480011, 0.3919999897480011, 0.39899998903274536, 0.4020000100135803, 0.40400001406669617, 0.40400001406669617, 0.4050000011920929, 0.40799999237060547, 0.41100001335144043, 0.41100001335144043, 0.4090000092983246, 0.40799999237060547, 0.4099999964237213, 0.4129999876022339, 0.4129999876022339, 0.4180000126361847, 0.41999998688697815, 0.421999990940094, 0.42100000381469727, 0.42399999499320984, 0.4259999990463257, 0.4259999990463257, 0.42399999499320984, 0.42500001192092896, 0.42500001192092896, 0.4390000104904175, 0.43799999356269836, 0.4350000023841858, 0.4359999895095825, 0.43799999356269836, 0.4429999887943268, 0.4480000138282776, 0.45100000500679016, 0.4560000002384186, 0.45500001311302185, 0.4480000138282776, 0.45399999618530273, 0.4569999873638153, 0.4560000002384186, 0.45500001311302185, 0.4659999907016754, 0.4659999907016754, 0.4699999988079071, 0.47200000286102295, 0.48100000619888306, 0.48500001430511475, 0.4869999885559082, 0.4869999885559082, 0.49799999594688416, 0.49900001287460327, 0.5049999952316284, 0.5019999742507935, 0.5070000290870667, 0.503000020980835, 0.5090000033378601, 0.5109999775886536, 0.5139999985694885, 0.5149999856948853, 0.5170000195503235, 0.5189999938011169, 0.531000018119812, 0.527999997138977, 0.5320000052452087, 0.5410000085830688, 0.5389999747276306, 0.5450000166893005, 0.5460000038146973, 0.5540000200271606, 0.5580000281333923, 0.5590000152587891, 0.5580000281333923, 0.5600000023841858, 0.5600000023841858, 0.5720000267028809, 0.5820000171661377, 0.5870000123977661, 0.5889999866485596, 0.5910000205039978, 0.6000000238418579, 0.6000000238418579, 0.6029999852180481, 0.6119999885559082, 0.6110000014305115, 0.6240000128746033, 0.625, 0.625, 0.628000020980835, 0.6299999952316284, 0.6370000243186951, 0.6399999856948853, 0.6489999890327454, 0.6510000228881836, 0.6539999842643738, 0.6710000038146973, 0.6700000166893005, 0.6769999861717224, 0.6800000071525574, 0.6840000152587891, 0.6949999928474426, 0.703000009059906, 0.703000009059906, 0.7120000123977661, 0.7229999899864197, 0.7289999723434448, 0.7329999804496765, 0.7429999709129333, 0.7519999742507935, 0.7599999904632568, 0.7639999985694885, 0.7670000195503235, 0.7739999890327454, 0.7860000133514404, 0.7960000038146973, 0.8029999732971191, 0.8050000071525574, 0.8069999814033508, 0.8180000185966492, 0.8399999737739563, 0.847000002861023, 0.8560000061988831, 0.8809999823570251, 0.8870000243186951, 0.8970000147819519, 0.9020000100135803, 0.906000018119812, 0.921999990940094, 0.9290000200271606, 0.9350000023841858, 0.9539999961853027, 0.9679999947547913, 0.9789999723434448, 0.9909999966621399, 1.003999948501587, 1.0199999809265137, 1.0329999923706055, 1.055999994277954, 1.0700000524520874, 1.0809999704360962, 1.0950000286102295, 1.1100000143051147, 1.1360000371932983, 1.156999945640564, 1.1710000038146973, 1.1799999475479126, 1.2070000171661377, 1.222000002861023, 1.2269999980926514, 1.2669999599456787, 1.2940000295639038, 1.3040000200271606, 1.3389999866485596, 1.3539999723434448, 1.3799999952316284, 1.4049999713897705, 1.4390000104904175, 1.4600000381469727, 1.5010000467300415, 1.5369999408721924, 1.5859999656677246, 1.6269999742507935, 1.7799999713897705, 2.627000093460083, 2.627000093460083, 2.625, 2.621999979019165, 2.625, 2.625, 2.618000030517578, 2.6080000400543213, 2.614000082015991, 2.611999988555908, 2.6089999675750732, 2.614000082015991, 2.61299991607666, 2.6089999675750732, 2.6070001125335693, 2.615999937057495, 2.615999937057495, 2.6029999256134033, 2.5989999771118164, 2.5989999771118164, 2.5980000495910645, 2.6019999980926514, 2.5989999771118164, 2.5999999046325684, 2.5950000286102295, 2.5920000076293945, 2.5880000591278076, 2.5929999351501465, 2.5889999866485596, 2.5859999656677246, 2.578000068664551, 2.5789999961853027, 2.578000068664551, 2.5759999752044678, 2.572000026702881, 2.572000026702881, 2.571000099182129, 2.569000005722046, 2.569000005722046, 2.569999933242798, 2.556999921798706, 2.558000087738037, 2.561000108718872, 2.546999931335449, 2.5399999618530273, 2.5339999198913574, 2.5239999294281006, 2.515000104904175, 2.5169999599456787, 2.515000104904175, 2.51200008392334, 2.50600004196167, 2.499000072479248, 2.494999885559082, 2.492000102996826, 2.4820001125335693, 2.4719998836517334, 2.4619998931884766, 2.4609999656677246, 2.4590001106262207, 2.4539999961853027, 2.447999954223633, 2.437000036239624, 2.436000108718872, 2.427000045776367, 2.4189999103546143, 2.4110000133514404, 2.4100000858306885, 2.4010000228881836, 2.3989999294281006, 2.3949999809265137, 2.378000020980835, 2.374000072479248, 2.364000082015991, 2.359999895095825, 2.3510000705718994, 2.3380000591278076, 2.328000068664551, 2.322000026702881, 2.316999912261963, 2.303999900817871, 2.2980000972747803, 2.2820000648498535, 2.2739999294281006, 2.2750000953674316, 2.2660000324249268, 2.25, 2.23799991607666, 2.2339999675750732, 2.2260000705718994, 2.2139999866485596, 2.194999933242798, 2.190999984741211, 2.184999942779541, 2.180000066757202, 2.171999931335449, 2.1459999084472656, 2.134000062942505, 2.132999897003174, 2.11299991607666, 2.1080000400543213, 2.0950000286102295, 2.0789999961853027, 2.059000015258789, 2.052000045776367, 2.0390000343322754, 2.0250000953674316, 2.0139999389648438, 2.00600004196167, 1.9809999465942383, 1.972000002861023, 1.9529999494552612, 1.937000036239624, 1.9179999828338623, 1.902999997138977, 1.8819999694824219, 1.8650000095367432, 1.8539999723434448, 1.8259999752044678, 1.8079999685287476, 1.7940000295639038, 1.75600004196167, 1.7330000400543213, 1.7100000381469727, 1.6799999475479126, 1.6670000553131104, 1.6490000486373901, 1.6319999694824219, 1.6169999837875366, 1.590000033378601, 1.5700000524520874, 1.5429999828338623, 1.5219999551773071, 1.5180000066757202, 1.5089999437332153, 1.4950000047683716, 1.4869999885559082, 1.468999981880188, 1.4470000267028809, 1.434999942779541, 1.4229999780654907, 1.406000018119812, 1.3940000534057617, 1.3839999437332153, 1.3760000467300415, 1.3580000400543213, 1.343000054359436, 1.3250000476837158, 1.3170000314712524, 1.309000015258789, 1.2910000085830688, 1.284999966621399, 1.2719999551773071, 1.2580000162124634, 1.2369999885559082, 1.2339999675750732, 1.215999960899353, 1.2139999866485596, 1.2109999656677246, 1.2009999752044678, 1.180999994277954, 1.1740000247955322, 1.1649999618530273, 1.1510000228881836, 1.1440000534057617, 1.1430000066757202, 1.1230000257492065, 1.121000051498413, 1.1130000352859497, 1.1059999465942383, 1.1059999465942383, 1.0829999446868896, 1.0779999494552612, 1.0670000314712524, 1.062000036239624, 1.062999963760376, 1.059000015258789, 1.0570000410079956, 1.0429999828338623, 1.034000039100647, 1.024999976158142, 1.0210000276565552, 1.0099999904632568, 0.9980000257492065, 1.0010000467300415, 1.0049999952316284, 1.003000020980835, 0.9850000143051147, 0.9789999723434448, 0.972000002861023, 0.9670000076293945, 0.9580000042915344, 0.9570000171661377, 0.953000009059906, 0.9449999928474426, 0.9440000057220459, 0.9419999718666077, 0.9390000104904175, 0.9340000152587891, 0.9259999990463257, 0.9150000214576721, 0.9129999876022339, 0.9079999923706055, 0.9039999842643738, 0.902999997138977, 0.8949999809265137, 0.8849999904632568, 0.8880000114440918, 0.8880000114440918, 0.8790000081062317, 0.8690000176429749, 0.8669999837875366, 0.8669999837875366, 0.8579999804496765, 0.8579999804496765, 0.8550000190734863, 0.8519999980926514, 0.8489999771118164, 0.8420000076293945, 0.8399999737739563, 0.8330000042915344, 0.828000009059906, 0.828000009059906, 0.8289999961853027, 0.8299999833106995, 0.8259999752044678, 0.8149999976158142, 0.8149999976158142, 0.8159999847412109, 0.8149999976158142, 0.8040000200271606, 0.8029999732971191, 0.800000011920929, 0.800000011920929, 0.8050000071525574, 0.796999990940094, 0.7839999794960022, 0.7749999761581421, 0.7720000147819519, 0.7730000019073486, 0.7730000019073486, 0.7670000195503235, 0.7620000243186951, 0.7590000033378601, 0.7570000290870667, 0.7549999952316284, 0.753000020980835, 0.7549999952316284, 0.7549999952316284, 0.7549999952316284, 0.7509999871253967, 0.7429999709129333, 0.7379999756813049, 0.7329999804496765, 0.7310000061988831, 0.7350000143051147, 0.7390000224113464, 0.7319999933242798, 0.7279999852180481, 0.7170000076293945, 0.7160000205039978, 0.7170000076293945, 0.7139999866485596, 0.7139999866485596, 0.7070000171661377, 0.6940000057220459, 0.7009999752044678, 0.7049999833106995, 0.7049999833106995, 0.699999988079071, 0.6990000009536743, 0.6959999799728394, 0.6959999799728394, 0.6970000267028809, 0.6980000138282776, 0.6919999718666077, 0.6809999942779541, 0.6779999732971191, 0.6779999732971191, 0.6800000071525574, 0.6800000071525574, 0.6819999814033508, 0.6759999990463257, 0.6740000247955322, 0.671999990940094, 0.6710000038146973, 0.671999990940094, 0.6639999747276306, 0.6600000262260437, 0.6600000262260437, 0.6610000133514404, 0.6620000004768372, 0.6629999876022339, 0.6650000214576721, 0.6570000052452087, 0.656000018119812, 0.6520000100135803, 0.6520000100135803, 0.6520000100135803, 0.652999997138977, 0.652999997138977, 0.652999997138977, 0.6460000276565552, 0.6449999809265137, 0.6449999809265137, 0.6460000276565552, 0.6420000195503235, 0.6370000243186951, 0.6359999775886536, 0.6370000243186951, 0.6370000243186951, 0.6380000114440918, 0.640999972820282, 0.6439999938011169, 0.6449999809265137, 0.640999972820282, 0.6359999775886536, 0.6309999823570251, 0.6330000162124634, 0.6259999871253967, 0.628000020980835, 0.6259999871253967, 0.628000020980835, 0.6290000081062317, 0.628000020980835, 0.6259999871253967, 0.625, 0.621999979019165, 0.6209999918937683, 0.6209999918937683, 0.625, 0.621999979019165, 0.621999979019165, 0.6179999709129333, 0.6179999709129333, 0.6179999709129333, 0.6179999709129333, 0.6150000095367432, 0.6110000014305115, 0.6159999966621399, 0.6259999871253967, 0.6230000257492065, 0.6230000257492065, 0.6129999756813049, 0.6110000014305115, 0.6110000014305115, 0.6159999966621399, 0.6079999804496765, 0.6029999852180481, 0.6119999885559082, 0.6100000143051147, 0.6050000190734863, 0.6050000190734863, 0.609000027179718, 0.6019999980926514, 0.6069999933242798, 0.6019999980926514, 0.6010000109672546, 0.6000000238418579, 0.6000000238418579, 0.6019999980926514, 0.6029999852180481, 0.6019999980926514, 0.6019999980926514, 0.5989999771118164, 0.6010000109672546, 0.5989999771118164, 0.6029999852180481, 0.5989999771118164, 0.6000000238418579, 0.5979999899864197, 0.593999981880188, 0.5929999947547913, 0.5979999899864197, 0.5929999947547913, 0.5910000205039978, 0.5910000205039978, 0.5920000076293945, 0.5920000076293945, 0.5929999947547913, 0.5950000286102295, 0.593999981880188, 0.5960000157356262, 0.597000002861023, 0.5979999899864197, 0.5910000205039978, 0.5899999737739563, 0.5889999866485596, 0.5929999947547913, 0.6000000238418579, 0.5950000286102295, 0.5899999737739563, 0.5910000205039978, 0.5929999947547913, 0.5960000157356262, 0.5989999771118164, 0.5910000205039978, 0.5899999737739563, 0.5860000252723694, 0.5879999995231628, 0.5910000205039978, 0.5910000205039978, 0.5920000076293945, 0.5920000076293945, 0.5929999947547913, 0.5870000123977661, 0.5870000123977661, 0.5910000205039978, 0.5899999737739563, 0.5889999866485596, 0.5830000042915344, 0.5910000205039978, 0.5920000076293945, 0.5920000076293945, 0.5920000076293945, 0.5910000205039978, 0.5989999771118164, 0.5979999899864197, 0.593999981880188, 0.5910000205039978, 0.5910000205039978, 0.597000002861023, 0.593999981880188, 0.5920000076293945, 0.5910000205039978, 0.5899999737739563, 0.593999981880188, 0.593999981880188, 0.5899999737739563, 0.5899999737739563, 0.5910000205039978, 0.5960000157356262, 0.5929999947547913, 0.5899999737739563, 0.6010000109672546, 0.6010000109672546, 0.6000000238418579, 0.597000002861023, 0.593999981880188, 0.5929999947547913, 0.5950000286102295, 0.5929999947547913, 0.5910000205039978, 0.5910000205039978, 0.5920000076293945, 0.5920000076293945, 0.5910000205039978, 0.5910000205039978, 0.5910000205039978, 0.5899999737739563, 0.5920000076293945, 0.5979999899864197, 0.6010000109672546, 0.5960000157356262, 0.5960000157356262, 0.593999981880188, 0.5899999737739563, 0.5899999737739563, 0.5910000205039978, 0.5910000205039978, 0.5960000157356262, 0.5960000157356262, 0.5960000157356262, 0.5979999899864197, 0.5989999771118164, 0.6050000190734863, 0.6029999852180481, 0.5979999899864197, 0.5960000157356262, 0.5960000157356262, 0.5910000205039978, 0.5929999947547913, 0.5950000286102295, 0.6019999980926514, 0.6060000061988831, 0.6069999933242798, 0.6019999980926514, 0.5929999947547913, 0.593999981880188, 0.5960000157356262, 0.6039999723434448, 0.6039999723434448, 0.6039999723434448, 0.6039999723434448, 0.6119999885559082, 0.6100000143051147, 0.6079999804496765, 0.6050000190734863, 0.6039999723434448, 0.6050000190734863, 0.5979999899864197, 0.6000000238418579, 0.6019999980926514, 0.6019999980926514, 0.6019999980926514, 0.6029999852180481, 0.6079999804496765, 0.6079999804496765, 0.6079999804496765, 0.6140000224113464, 0.6159999966621399, 0.6079999804496765, 0.6079999804496765, 0.6110000014305115, 0.6110000014305115, 0.609000027179718, 0.6050000190734863, 0.6039999723434448, 0.6050000190734863, 0.6079999804496765, 0.6110000014305115, 0.6129999756813049, 0.6119999885559082, 0.6150000095367432, 0.6150000095367432, 0.6140000224113464, 0.6100000143051147, 0.6129999756813049, 0.6140000224113464, 0.621999979019165, 0.6190000176429749, 0.6169999837875366, 0.6140000224113464, 0.6190000176429749, 0.6179999709129333, 0.625, 0.625, 0.6240000128746033, 0.6200000047683716, 0.6190000176429749, 0.6140000224113464, 0.6140000224113464, 0.6110000014305115, 0.6200000047683716, 0.6209999918937683, 0.621999979019165, 0.6259999871253967, 0.6240000128746033, 0.6200000047683716, 0.6259999871253967, 0.6259999871253967, 0.625, 0.625, 0.6389999985694885, 0.640999972820282, 0.6320000290870667, 0.6299999952316284, 0.6359999775886536, 0.6389999985694885, 0.6370000243186951, 0.6290000081062317, 0.628000020980835, 0.6299999952316284, 0.6340000033378601, 0.6309999823570251, 0.6359999775886536, 0.6359999775886536, 0.6359999775886536, 0.6330000162124634, 0.6330000162124634, 0.6349999904632568, 0.6340000033378601, 0.6349999904632568, 0.6389999985694885, 0.6470000147819519, 0.6439999938011169, 0.6389999985694885, 0.6389999985694885, 0.6389999985694885, 0.6389999985694885, 0.6380000114440918, 0.6380000114440918, 0.6439999938011169, 0.6489999890327454, 0.6489999890327454, 0.6489999890327454, 0.6520000100135803, 0.6480000019073486, 0.6460000276565552, 0.6520000100135803, 0.656000018119812, 0.656000018119812, 0.6520000100135803, 0.6520000100135803, 0.652999997138977, 0.652999997138977, 0.6539999842643738, 0.6499999761581421, 0.6570000052452087, 0.6579999923706055, 0.6579999923706055, 0.6499999761581421, 0.6579999923706055, 0.6620000004768372, 0.6600000262260437, 0.6570000052452087, 0.6639999747276306, 0.6629999876022339, 0.6610000133514404, 0.6539999842643738, 0.6539999842643738, 0.6539999842643738, 0.6679999828338623, 0.6700000166893005, 0.6769999861717224, 0.6769999861717224, 0.6710000038146973, 0.6679999828338623, 0.671999990940094, 0.6700000166893005, 0.6660000085830688, 0.6660000085830688, 0.6660000085830688, 0.6700000166893005, 0.671999990940094, 0.671999990940094, 0.6800000071525574, 0.6690000295639038, 0.6679999828338623, 0.6690000295639038, 0.6710000038146973, 0.6729999780654907, 0.6729999780654907, 0.671999990940094, 0.671999990940094, 0.671999990940094, 0.6809999942779541, 0.6790000200271606, 0.6800000071525574, 0.6819999814033508, 0.6819999814033508, 0.6840000152587891, 0.6840000152587891, 0.6779999732971191, 0.6759999990463257, 0.675000011920929, 0.6819999814033508, 0.6869999766349792, 0.6880000233650208, 0.6869999766349792, 0.6830000281333923, 0.6830000281333923, 0.6850000023841858, 0.6909999847412109, 0.6930000185966492, 0.6930000185966492, 0.6990000009536743, 0.7009999752044678, 0.6970000267028809, 0.6970000267028809, 0.7020000219345093, 0.6980000138282776, 0.7009999752044678, 0.7009999752044678, 0.7009999752044678, 0.7020000219345093, 0.7020000219345093, 0.7039999961853027, 0.7080000042915344, 0.7059999704360962, 0.7080000042915344, 0.7070000171661377, 0.7080000042915344, 0.7170000076293945, 0.7099999785423279, 0.7129999995231628, 0.7099999785423279, 0.7149999737739563, 0.7149999737739563, 0.7160000205039978, 0.7179999947547913, 0.7149999737739563, 0.7129999995231628, 0.718999981880188, 0.7350000143051147, 0.722000002861023, 0.7210000157356262, 0.7210000157356262, 0.7239999771118164, 0.7260000109672546, 0.7250000238418579, 0.7260000109672546, 0.7210000157356262, 0.7250000238418579, 0.7279999852180481, 0.7369999885559082, 0.7360000014305115, 0.734000027179718, 0.7360000014305115, 0.7409999966621399, 0.7440000176429749, 0.746999979019165, 0.7409999966621399, 0.7419999837875366, 0.7419999837875366, 0.75, 0.75, 0.7440000176429749, 0.7459999918937683, 0.7570000290870667, 0.7549999952316284, 0.7549999952316284, 0.7549999952316284, 0.7549999952316284, 0.7549999952316284, 0.7649999856948853, 0.7609999775886536, 0.7609999775886536, 0.7609999775886536, 0.7609999775886536, 0.7549999952316284, 0.7549999952316284, 0.7570000290870667, 0.7570000290870667, 0.7549999952316284, 0.7549999952316284, 0.7559999823570251, 0.7559999823570251, 0.7559999823570251, 0.7559999823570251, 0.7559999823570251, 0.7599999904632568, 0.7540000081062317, 0.753000020980835, 0.7559999823570251, 0.7599999904632568, 0.7620000243186951, 0.7590000033378601, 0.7559999823570251, 0.7559999823570251, 0.7570000290870667, 0.7570000290870667, 0.7590000033378601, 0.7540000081062317, 0.7549999952316284, 0.7549999952316284, 0.7590000033378601, 0.765999972820282, 0.7720000147819519, 0.7730000019073486, 0.7730000019073486, 0.7710000276565552, 0.7680000066757202, 0.7680000066757202, 0.7730000019073486, 0.7789999842643738, 0.7799999713897705, 0.7760000228881836, 0.7720000147819519, 0.7630000114440918, 0.7639999985694885, 0.7770000100135803, 0.7689999938011169, 0.7689999938011169, 0.765999972820282, 0.7749999761581421, 0.7699999809265137, 0.7749999761581421, 0.7670000195503235, 0.765999972820282, 0.7689999938011169, 0.7739999890327454, 0.777999997138977, 0.7820000052452087, 0.7889999747276306, 0.7879999876022339, 0.7950000166893005, 0.7960000038146973, 0.796999990940094, 0.8019999861717224, 0.8029999732971191, 0.8029999732971191, 0.800000011920929, 0.7979999780654907, 0.8019999861717224, 0.8080000281333923, 0.8059999942779541, 0.8050000071525574, 0.8069999814033508]
intensities: [1062.0, 1111.0, 1123.0, 1189.0, 1196.0, 1281.0, 1341.0, 1379.0, 1393.0, 1412.0, 1424.0, 1427.0, 1456.0, 1397.0, 1235.0, 1156.0, 1032.0, 1047.0, 868.0, 817.0, 848.0, 938.0, 998.0, 998.0, 1001.0, 1004.0, 1053.0, 1067.0, 1134.0, 1272.0, 1486.0, 1534.0, 1537.0, 1539.0, 1647.0, 1652.0, 1641.0, 1671.0, 1646.0, 1652.0, 1665.0, 1667.0, 1654.0, 1673.0, 1703.0, 1683.0, 1677.0, 1667.0, 1659.0, 1677.0, 1703.0, 1712.0, 1688.0, 1723.0, 1654.0, 1665.0, 1701.0, 1690.0, 1684.0, 1680.0, 1680.0, 1650.0, 1665.0, 1663.0, 1677.0, 1676.0, 1654.0, 1665.0, 1651.0, 1665.0, 1641.0, 1626.0, 1616.0, 1606.0, 1597.0, 1603.0, 1566.0, 1568.0, 1554.0, 1546.0, 1546.0, 1534.0, 1534.0, 1535.0, 1537.0, 1534.0, 1536.0, 1536.0, 1534.0, 1522.0, 1522.0, 1526.0, 1516.0, 1489.0, 1489.0, 1423.0, 1415.0, 1408.0, 1395.0, 1376.0, 1381.0, 1400.0, 1382.0, 1368.0, 1364.0, 1370.0, 1369.0, 1372.0, 1376.0, 1371.0, 1356.0, 1356.0, 1356.0, 1359.0, 1367.0, 1315.0, 1329.0, 1326.0, 1326.0, 1329.0, 1326.0, 1303.0, 1310.0, 1302.0, 1302.0, 1282.0, 1276.0, 1280.0, 1301.0, 1289.0, 1273.0, 1258.0, 1263.0, 1258.0, 1258.0, 1256.0, 1256.0, 1246.0, 1253.0, 1254.0, 1251.0, 1248.0, 1232.0, 1224.0, 1229.0, 1212.0, 1204.0, 1197.0, 1187.0, 1187.0, 1187.0, 1173.0, 1152.0, 1146.0, 1149.0, 1134.0, 1135.0, 1134.0, 1135.0, 1135.0, 1131.0, 1120.0, 1125.0, 1114.0, 1116.0, 1116.0, 1142.0, 1135.0, 1118.0, 1151.0, 1119.0, 1124.0, 1122.0, 1127.0, 1125.0, 1115.0, 1094.0, 1101.0, 1107.0, 1097.0, 1105.0, 1113.0, 1106.0, 1113.0, 1100.0, 1112.0, 1102.0, 1086.0, 1090.0, 1109.0, 1105.0, 1116.0, 1108.0, 1109.0, 1104.0, 1114.0, 1107.0, 1101.0, 1105.0, 1106.0, 1118.0, 1104.0, 1099.0, 1103.0, 1127.0, 1109.0, 1130.0, 1111.0, 1105.0, 1101.0, 1096.0, 1087.0, 1088.0, 1090.0, 1109.0, 1093.0, 1074.0, 1083.0, 1093.0, 1101.0, 1088.0, 1088.0, 1087.0, 1074.0, 1080.0, 1070.0, 1063.0, 1065.0, 1069.0, 1064.0, 1046.0, 1059.0, 1062.0, 1049.0, 1056.0, 1045.0, 1057.0, 1039.0, 1046.0, 1028.0, 1048.0, 1032.0, 1016.0, 1015.0, 1020.0, 1010.0, 1016.0, 1006.0, 1001.0, 1004.0, 1004.0, 991.0, 993.0, 996.0, 992.0, 992.0, 985.0, 982.0, 989.0, 975.0, 980.0, 966.0, 955.0, 966.0, 967.0, 971.0, 943.0, 959.0, 937.0, 932.0, 931.0, 939.0, 947.0, 937.0, 935.0, 925.0, 939.0, 939.0, 935.0, 926.0, 918.0, 907.0, 900.0, 899.0, 888.0, 891.0, 890.0, 884.0, 880.0, 875.0, 876.0, 870.0, 867.0, 858.0, 859.0, 864.0, 875.0, 895.0, 965.0, 1217.0, 1355.0, 1376.0, 973.0, 973.0, 974.0, 969.0, 973.0, 973.0, 991.0, 987.0, 994.0, 968.0, 950.0, 963.0, 963.0, 964.0, 972.0, 963.0, 987.0, 961.0, 964.0, 964.0, 954.0, 965.0, 964.0, 978.0, 970.0, 974.0, 965.0, 979.0, 971.0, 971.0, 964.0, 973.0, 970.0, 972.0, 972.0, 972.0, 972.0, 967.0, 967.0, 984.0, 961.0, 986.0, 978.0, 983.0, 981.0, 982.0, 964.0, 968.0, 974.0, 973.0, 980.0, 971.0, 984.0, 987.0, 989.0, 982.0, 984.0, 983.0, 980.0, 986.0, 983.0, 996.0, 982.0, 980.0, 992.0, 985.0, 984.0, 992.0, 983.0, 985.0, 990.0, 981.0, 982.0, 983.0, 999.0, 990.0, 989.0, 981.0, 980.0, 990.0, 991.0, 998.0, 985.0, 980.0, 983.0, 994.0, 987.0, 974.0, 980.0, 986.0, 986.0, 982.0, 981.0, 984.0, 987.0, 990.0, 993.0, 1002.0, 1005.0, 1003.0, 1008.0, 996.0, 993.0, 980.0, 977.0, 981.0, 969.0, 975.0, 981.0, 966.0, 965.0, 958.0, 958.0, 958.0, 955.0, 954.0, 957.0, 952.0, 964.0, 966.0, 958.0, 952.0, 952.0, 957.0, 958.0, 972.0, 999.0, 1014.0, 1014.0, 1018.0, 1016.0, 1009.0, 1026.0, 1027.0, 1036.0, 1027.0, 1038.0, 1041.0, 1047.0, 1057.0, 1056.0, 1065.0, 1067.0, 1075.0, 1079.0, 1089.0, 1094.0, 1103.0, 1100.0, 1101.0, 1102.0, 1111.0, 1116.0, 1110.0, 1097.0, 1111.0, 1126.0, 1124.0, 1113.0, 1112.0, 1113.0, 1122.0, 1108.0, 1102.0, 1115.0, 1118.0, 1133.0, 1146.0, 1140.0, 1173.0, 1173.0, 1128.0, 1132.0, 1114.0, 1122.0, 1139.0, 1149.0, 1161.0, 1153.0, 1177.0, 1183.0, 1195.0, 1208.0, 1218.0, 1220.0, 1248.0, 1247.0, 1245.0, 1231.0, 1253.0, 1257.0, 1262.0, 1264.0, 1270.0, 1275.0, 1276.0, 1291.0, 1310.0, 1311.0, 1310.0, 1326.0, 1338.0, 1338.0, 1337.0, 1350.0, 1339.0, 1345.0, 1382.0, 1391.0, 1388.0, 1395.0, 1386.0, 1388.0, 1376.0, 1376.0, 1371.0, 1364.0, 1367.0, 1388.0, 1398.0, 1400.0, 1397.0, 1397.0, 1409.0, 1390.0, 1415.0, 1425.0, 1425.0, 1439.0, 1434.0, 1445.0, 1457.0, 1455.0, 1448.0, 1457.0, 1466.0, 1484.0, 1481.0, 1473.0, 1485.0, 1491.0, 1508.0, 1512.0, 1514.0, 1517.0, 1538.0, 1538.0, 1530.0, 1534.0, 1550.0, 1543.0, 1560.0, 1545.0, 1557.0, 1548.0, 1568.0, 1584.0, 1581.0, 1584.0, 1595.0, 1614.0, 1623.0, 1595.0, 1589.0, 1601.0, 1595.0, 1624.0, 1644.0, 1644.0, 1643.0, 1643.0, 1645.0, 1645.0, 1649.0, 1650.0, 1649.0, 1649.0, 1650.0, 1650.0, 1637.0, 1642.0, 1661.0, 1651.0, 1650.0, 1656.0, 1644.0, 1649.0, 1643.0, 1652.0, 1650.0, 1655.0, 1660.0, 1662.0, 1656.0, 1663.0, 1654.0, 1650.0, 1650.0, 1657.0, 1665.0, 1665.0, 1665.0, 1672.0, 1679.0, 1679.0, 1693.0, 1705.0, 1674.0, 1682.0, 1695.0, 1717.0, 1717.0, 1731.0, 1723.0, 1730.0, 1730.0, 1735.0, 1735.0, 1735.0, 1732.0, 1732.0, 1745.0, 1742.0, 1745.0, 1736.0, 1745.0, 1747.0, 1752.0, 1752.0, 1752.0, 1758.0, 1770.0, 1770.0, 1769.0, 1769.0, 1776.0, 1776.0, 1770.0, 1759.0, 1789.0, 1790.0, 1799.0, 1799.0, 1796.0, 1779.0, 1779.0, 1812.0, 1815.0, 1810.0, 1807.0, 1813.0, 1797.0, 1797.0, 1827.0, 1825.0, 1833.0, 1831.0, 1839.0, 1847.0, 1833.0, 1821.0, 1831.0, 1834.0, 1837.0, 1851.0, 1818.0, 1797.0, 1811.0, 1825.0, 1832.0, 1840.0, 1810.0, 1832.0, 1861.0, 1854.0, 1887.0, 1877.0, 1852.0, 1827.0, 1829.0, 1845.0, 1851.0, 1864.0, 1873.0, 1868.0, 1866.0, 1874.0, 1875.0, 1834.0, 1854.0, 1797.0, 1763.0, 1771.0, 1827.0, 1860.0, 1874.0, 1877.0, 1869.0, 1845.0, 1831.0, 1874.0, 1874.0, 1870.0, 1856.0, 1861.0, 1883.0, 1883.0, 1856.0, 1864.0, 1872.0, 1867.0, 1857.0, 1853.0, 1853.0, 1858.0, 1879.0, 1866.0, 1859.0, 1870.0, 1856.0, 1858.0, 1842.0, 1832.0, 1832.0, 1832.0, 1826.0, 1832.0, 1836.0, 1826.0, 1821.0, 1821.0, 1835.0, 1831.0, 1828.0, 1832.0, 1832.0, 1785.0, 1781.0, 1784.0, 1805.0, 1824.0, 1816.0, 1813.0, 1809.0, 1801.0, 1801.0, 1801.0, 1795.0, 1789.0, 1776.0, 1776.0, 1792.0, 1785.0, 1772.0, 1772.0, 1774.0, 1777.0, 1777.0, 1770.0, 1779.0, 1767.0, 1781.0, 1781.0, 1773.0, 1762.0, 1756.0, 1754.0, 1720.0, 1705.0, 1705.0, 1735.0, 1752.0, 1743.0, 1726.0, 1715.0, 1688.0, 1695.0, 1697.0, 1707.0, 1702.0, 1688.0, 1688.0, 1688.0, 1688.0, 1706.0, 1702.0, 1693.0, 1689.0, 1688.0, 1686.0, 1685.0, 1685.0, 1685.0, 1685.0, 1679.0, 1673.0, 1667.0, 1653.0, 1653.0, 1647.0, 1657.0, 1657.0, 1642.0, 1638.0, 1637.0, 1644.0, 1662.0, 1628.0, 1656.0, 1625.0, 1634.0, 1608.0, 1591.0, 1591.0, 1603.0, 1598.0, 1601.0, 1605.0, 1600.0, 1597.0, 1592.0, 1587.0, 1587.0, 1599.0, 1600.0, 1588.0, 1588.0, 1566.0, 1562.0, 1584.0, 1578.0, 1576.0, 1561.0, 1555.0, 1554.0, 1557.0, 1528.0, 1522.0, 1512.0, 1519.0, 1517.0, 1511.0, 1511.0, 1499.0, 1497.0, 1512.0, 1513.0, 1496.0, 1487.0, 1484.0, 1466.0, 1462.0, 1448.0, 1458.0, 1446.0, 1460.0, 1457.0, 1470.0, 1453.0, 1453.0, 1431.0, 1432.0, 1436.0, 1436.0, 1416.0, 1426.0, 1443.0, 1434.0, 1449.0, 1434.0, 1420.0, 1418.0, 1412.0, 1405.0, 1405.0, 1406.0, 1406.0, 1406.0, 1378.0, 1406.0, 1406.0, 1406.0, 1391.0, 1394.0, 1395.0, 1395.0, 1384.0, 1371.0, 1372.0, 1380.0, 1379.0, 1360.0, 1368.0, 1365.0, 1370.0, 1362.0, 1384.0, 1366.0, 1345.0, 1354.0, 1352.0, 1352.0, 1359.0, 1364.0, 1351.0, 1351.0, 1353.0, 1355.0, 1367.0, 1364.0, 1364.0, 1354.0, 1354.0, 1340.0, 1339.0, 1343.0, 1323.0, 1326.0, 1316.0, 1316.0, 1321.0, 1326.0, 1328.0, 1331.0, 1321.0, 1326.0, 1334.0, 1302.0, 1321.0, 1309.0, 1313.0, 1305.0, 1308.0, 1323.0, 1322.0, 1316.0, 1327.0, 1312.0, 1305.0, 1320.0, 1304.0, 1322.0, 1314.0, 1314.0, 1309.0, 1309.0, 1292.0, 1315.0, 1315.0, 1315.0, 1290.0, 1282.0, 1279.0, 1279.0, 1279.0, 1288.0, 1290.0, 1294.0, 1290.0, 1289.0, 1299.0, 1294.0, 1299.0, 1305.0, 1289.0, 1296.0, 1290.0, 1302.0, 1302.0, 1291.0, 1299.0, 1298.0, 1297.0, 1304.0, 1325.0, 1292.0, 1314.0, 1316.0, 1309.0, 1298.0, 1295.0, 1306.0, 1328.0, 1338.0, 1328.0, 1318.0, 1305.0, 1325.0, 1323.0, 1323.0, 1341.0, 1350.0, 1332.0, 1334.0, 1336.0, 1330.0, 1341.0, 1319.0, 1320.0, 1329.0, 1332.0, 1332.0, 1327.0, 1323.0, 1323.0, 1356.0, 1356.0, 1358.0, 1358.0, 1358.0, 1352.0, 1352.0, 1355.0, 1363.0, 1359.0, 1364.0, 1360.0, 1360.0, 1360.0, 1360.0, 1364.0, 1372.0, 1377.0, 1401.0, 1397.0, 1389.0, 1393.0, 1383.0, 1388.0, 1388.0, 1360.0, 1360.0, 1368.0, 1383.0, 1394.0, 1394.0, 1406.0, 1381.0, 1410.0, 1401.0, 1409.0, 1416.0, 1414.0, 1414.0, 1427.0, 1418.0, 1439.0, 1435.0, 1444.0, 1432.0, 1431.0, 1441.0, 1431.0, 1431.0, 1433.0, 1420.0, 1424.0, 1416.0, 1462.0, 1454.0, 1451.0, 1447.0, 1455.0, 1452.0, 1459.0, 1476.0, 1463.0, 1444.0, 1440.0, 1453.0, 1460.0, 1460.0, 1468.0, 1474.0, 1461.0, 1457.0, 1459.0, 1460.0, 1469.0]