header: 
  seq: 1780
  stamp: 
    secs: 1548820801
    nsecs: 674865770
  frame_id: "base_link"
angle_min: -2.35619449615
angle_max: 2.35619449615
angle_increment: 0.00436332309619
time_increment: 1.73611151695e-05
scan_time: 0.0250000003725
range_min: 0.019999999553
range_max: 30.0
ranges: [0.5049999952316284, 0.5130000114440918, 0.5170000195503235, 0.5180000066757202, 0.5199999809265137, 0.5350000262260437, 0.5379999876022339, 0.5289999842643738, 0.527999997138977, 0.5299999713897705, 0.5299999713897705, 0.531000018119812, 0.5299999713897705, 0.5149999856948853, 0.5049999952316284, 0.4620000123977661, 0.4230000078678131, 0.35600000619888306, 0.32499998807907104, 0.3230000138282776, 0.38600000739097595, 0.4449999928474426, 0.4860000014305115, 0.5, 0.5040000081062317, 0.5090000033378601, 0.5109999775886536, 0.5130000114440918, 0.5139999985694885, 0.4959999918937683, 0.49300000071525574, 0.503000020980835, 0.5070000290870667, 0.5070000290870667, 0.5070000290870667, 0.5009999871253967, 0.5070000290870667, 0.5120000243186951, 0.5130000114440918, 0.5109999775886536, 0.5059999823570251, 0.49900001287460327, 0.49900001287460327, 0.49300000071525574, 0.4959999918937683, 0.49300000071525574, 0.48899999260902405, 0.48399999737739563, 0.4880000054836273, 0.4860000014305115, 0.49399998784065247, 0.49399998784065247, 0.492000013589859, 0.4819999933242798, 0.48100000619888306, 0.48100000619888306, 0.4860000014305115, 0.49000000953674316, 0.49000000953674316, 0.4819999933242798, 0.48100000619888306, 0.47999998927116394, 0.4790000021457672, 0.4740000069141388, 0.4740000069141388, 0.4749999940395355, 0.4749999940395355, 0.4740000069141388, 0.4740000069141388, 0.47600001096725464, 0.4740000069141388, 0.4740000069141388, 0.47699999809265137, 0.47999998927116394, 0.48500001430511475, 0.4779999852180481, 0.47699999809265137, 0.47699999809265137, 0.4779999852180481, 0.4740000069141388, 0.4740000069141388, 0.4779999852180481, 0.47999998927116394, 0.4699999988079071, 0.46399998664855957, 0.46399998664855957, 0.4650000035762787, 0.4659999907016754, 0.46700000762939453, 0.46700000762939453, 0.46700000762939453, 0.46799999475479126, 0.4690000116825104, 0.4659999907016754, 0.46399998664855957, 0.46399998664855957, 0.4650000035762787, 0.4650000035762787, 0.46299999952316284, 0.45899999141693115, 0.4620000123977661, 0.460999995470047, 0.46299999952316284, 0.4560000002384186, 0.4569999873638153, 0.4569999873638153, 0.4620000123977661, 0.4569999873638153, 0.4569999873638153, 0.45399999618530273, 0.45500001311302185, 0.45399999618530273, 0.4580000042915344, 0.45899999141693115, 0.4580000042915344, 0.45500001311302185, 0.45399999618530273, 0.460999995470047, 0.4569999873638153, 0.4490000009536743, 0.45100000500679016, 0.453000009059906, 0.4580000042915344, 0.4560000002384186, 0.4560000002384186, 0.45399999618530273, 0.45500001311302185, 0.45500001311302185, 0.460999995470047, 0.4519999921321869, 0.453000009059906, 0.4480000138282776, 0.45100000500679016, 0.44699999690055847, 0.44600000977516174, 0.4480000138282776, 0.4519999921321869, 0.45399999618530273, 0.44600000977516174, 0.44600000977516174, 0.453000009059906, 0.45100000500679016, 0.4580000042915344, 0.45899999141693115, 0.45899999141693115, 0.4560000002384186, 0.45100000500679016, 0.44999998807907104, 0.44999998807907104, 0.45100000500679016, 0.44999998807907104, 0.4490000009536743, 0.4490000009536743, 0.4519999921321869, 0.4519999921321869, 0.44999998807907104, 0.4480000138282776, 0.4490000009536743, 0.44600000977516174, 0.4440000057220459, 0.44600000977516174, 0.44699999690055847, 0.44699999690055847, 0.44600000977516174, 0.44699999690055847, 0.4490000009536743, 0.4490000009536743, 0.4410000145435333, 0.4390000104904175, 0.4399999976158142, 0.44200000166893005, 0.4429999887943268, 0.4480000138282776, 0.4480000138282776, 0.4480000138282776, 0.44200000166893005, 0.4440000057220459, 0.4440000057220459, 0.4490000009536743, 0.45100000500679016, 0.4480000138282776, 0.4429999887943268, 0.4399999976158142, 0.43700000643730164, 0.4359999895095825, 0.4410000145435333, 0.4410000145435333, 0.4449999928474426, 0.4480000138282776, 0.44200000166893005, 0.4359999895095825, 0.4339999854564667, 0.4359999895095825, 0.43700000643730164, 0.4359999895095825, 0.4359999895095825, 0.43700000643730164, 0.43799999356269836, 0.43799999356269836, 0.4449999928474426, 0.4490000009536743, 0.44699999690055847, 0.44600000977516174, 0.44600000977516174, 0.45899999141693115, 0.4449999928474426, 0.4449999928474426, 0.4480000138282776, 0.45399999618530273, 0.4580000042915344, 0.4519999921321869, 0.4490000009536743, 0.4490000009536743, 0.44999998807907104, 0.45399999618530273, 0.44999998807907104, 0.4480000138282776, 0.44699999690055847, 0.44999998807907104, 0.44600000977516174, 0.4440000057220459, 0.4490000009536743, 0.45100000500679016, 0.45100000500679016, 0.45100000500679016, 0.45100000500679016, 0.45100000500679016, 0.45100000500679016, 0.453000009059906, 0.453000009059906, 0.4569999873638153, 0.4569999873638153, 0.45500001311302185, 0.46000000834465027, 0.46700000762939453, 0.4650000035762787, 0.4650000035762787, 0.46299999952316284, 0.46000000834465027, 0.4580000042915344, 0.4569999873638153, 0.4580000042915344, 0.4580000042915344, 0.46000000834465027, 0.46000000834465027, 0.4659999907016754, 0.4650000035762787, 0.46299999952316284, 0.46399998664855957, 0.4690000116825104, 0.47200000286102295, 0.4659999907016754, 0.4620000123977661, 0.46000000834465027, 0.46000000834465027, 0.46000000834465027, 0.46799999475479126, 0.47099998593330383, 0.46700000762939453, 0.4749999940395355, 0.47699999809265137, 0.4830000102519989, 0.4860000014305115, 0.4749999940395355, 0.4749999940395355, 0.47699999809265137, 0.4779999852180481, 0.4830000102519989, 0.4880000054836273, 0.4880000054836273, 0.48500001430511475, 0.492000013589859, 0.49000000953674316, 0.4869999885559082, 0.4909999966621399, 0.49799999594688416, 0.49799999594688416, 0.4970000088214874, 0.4959999918937683, 0.5, 0.5040000081062317, 0.5090000033378601, 0.503000020980835, 0.5049999952316284, 0.5099999904632568, 0.5189999938011169, 0.5180000066757202, 0.5130000114440918, 0.5109999775886536, 0.5109999775886536, 0.5099999904632568, 0.5149999856948853, 0.5099999904632568, 0.5230000019073486, 0.5230000019073486, 0.5210000276565552, 0.5210000276565552, 0.5239999890327454, 0.5299999713897705, 0.5289999842643738, 0.5260000228881836, 0.527999997138977, 0.5350000262260437, 0.5350000262260437, 0.5370000004768372, 0.5400000214576721, 0.546999990940094, 0.546999990940094, 0.5550000071525574, 0.5550000071525574, 0.5580000281333923, 0.5609999895095825, 0.5619999766349792, 0.5680000185966492, 0.5609999895095825, 0.5609999895095825, 0.5630000233650208, 0.5699999928474426, 0.5770000219345093, 0.5770000219345093, 0.5730000138282776, 0.5730000138282776, 0.5740000009536743, 0.5789999961853027, 0.5860000252723694, 0.5870000123977661, 0.5889999866485596, 0.5879999995231628, 0.5889999866485596, 0.5960000157356262, 0.5960000157356262, 0.6050000190734863, 0.6110000014305115, 0.609000027179718, 0.6060000061988831, 0.6110000014305115, 0.6140000224113464, 0.6140000224113464, 0.6259999871253967, 0.6240000128746033, 0.621999979019165, 0.628000020980835, 0.6320000290870667, 0.6340000033378601, 0.6359999775886536, 0.6359999775886536, 0.640999972820282, 0.640999972820282, 0.6460000276565552, 0.6510000228881836, 0.6549999713897705, 0.6549999713897705, 0.656000018119812, 0.6610000133514404, 0.6660000085830688, 0.671999990940094, 0.6740000247955322, 0.6769999861717224, 0.6710000038146973, 0.675000011920929, 0.6809999942779541, 0.6859999895095825, 0.6899999976158142, 0.6990000009536743, 0.6990000009536743, 0.699999988079071, 0.699999988079071, 0.699999988079071, 0.7210000157356262, 0.7250000238418579, 0.7260000109672546, 0.7319999933242798, 0.7369999885559082, 0.7400000095367432, 0.7459999918937683, 0.753000020980835, 0.7559999823570251, 0.7620000243186951, 0.7670000195503235, 0.765999972820282, 0.7739999890327454, 0.7789999842643738, 0.7820000052452087, 0.7900000214576721, 0.7979999780654907, 0.8019999861717224, 0.8130000233650208, 0.8140000104904175, 0.8119999766349792, 0.824999988079071, 0.8420000076293945, 0.8769999742507935, 0.9319999814033508, 0.9940000176429749, 1.312999963760376, 2.010999917984009, 2.0139999389648438, 2.010999917984009, 2.005000114440918, 2.0, 1.99399995803833, 1.9910000562667847, 1.9889999628067017, 1.9809999465942383, 1.9780000448226929, 1.968000054359436, 1.9630000591278076, 1.9620000123977661, 1.9609999656677246, 1.9600000381469727, 1.9529999494552612, 1.9550000429153442, 1.9500000476837158, 1.9420000314712524, 1.940000057220459, 1.9320000410079956, 1.9270000457763672, 1.9229999780654907, 1.9199999570846558, 1.909000039100647, 1.9040000438690186, 1.906000018119812, 1.8980000019073486, 1.906000018119812, 1.899999976158142, 1.8860000371932983, 1.8849999904632568, 1.88100004196167, 1.878999948501587, 1.8760000467300415, 1.8760000467300415, 1.8799999952316284, 1.871000051498413, 1.8669999837875366, 1.8589999675750732, 1.8530000448226929, 1.8519999980926514, 1.847000002861023, 1.847000002861023, 1.847000002861023, 1.8389999866485596, 1.843999981880188, 1.8289999961853027, 1.8259999752044678, 1.8209999799728394, 1.8270000219345093, 1.8279999494552612, 1.8279999494552612, 1.8220000267028809, 1.8049999475479126, 1.8040000200271606, 1.8040000200271606, 1.7999999523162842, 1.7960000038146973, 1.7940000295639038, 1.7949999570846558, 1.7920000553131104, 1.7960000038146973, 1.7899999618530273, 1.784000039100647, 1.7869999408721924, 1.7899999618530273, 1.7799999713897705, 1.7790000438690186, 1.7790000438690186, 1.7760000228881836, 1.7640000581741333, 1.7610000371932983, 1.7580000162124634, 1.7549999952316284, 1.753999948501587, 1.7580000162124634, 1.7569999694824219, 1.753999948501587, 1.74399995803833, 1.7389999628067017, 1.7480000257492065, 1.7480000257492065, 1.7339999675750732, 1.7400000095367432, 1.7309999465942383, 1.7289999723434448, 1.7289999723434448, 1.7280000448226929, 1.715999960899353, 1.715999960899353, 1.715999960899353, 1.7120000123977661, 1.7050000429153442, 1.7009999752044678, 1.6979999542236328, 1.6970000267028809, 1.6979999542236328, 1.6929999589920044, 1.6959999799728394, 1.684000015258789, 1.6799999475479126, 1.6729999780654907, 1.6759999990463257, 1.6699999570846558, 1.6679999828338623, 1.659999966621399, 1.6629999876022339, 1.6619999408721924, 1.652999997138977, 1.6449999809265137, 1.6449999809265137, 1.6410000324249268, 1.6349999904632568, 1.628000020980835, 1.6239999532699585, 1.621999979019165, 1.61899995803833, 1.6200000047683716, 1.6180000305175781, 1.6100000143051147, 1.6069999933242798, 1.597000002861023, 1.5859999656677246, 1.5820000171661377, 1.5839999914169312, 1.5720000267028809, 1.5720000267028809, 1.5679999589920044, 1.5670000314712524, 1.5579999685287476, 1.5570000410079956, 1.5509999990463257, 1.5449999570846558, 1.5399999618530273, 1.534999966621399, 1.534999966621399, 1.531999945640564, 1.5299999713897705, 1.527999997138977, 1.5240000486373901, 1.5130000114440918, 1.5080000162124634, 1.5089999437332153, 1.503999948501587, 1.5010000467300415, 1.4859999418258667, 1.4859999418258667, 1.4839999675750732, 1.4700000286102295, 1.4589999914169312, 1.4570000171661377, 1.4529999494552612, 1.4490000009536743, 1.4490000009536743, 1.4459999799728394, 1.440999984741211, 1.434000015258789, 1.4329999685287476, 1.4320000410079956, 1.4140000343322754, 1.4049999713897705, 1.406999945640564, 1.406999945640564, 1.406000018119812, 1.4040000438690186, 1.4019999504089355, 1.3919999599456787, 1.378999948501587, 1.36899995803833, 1.371000051498413, 1.3619999885559082, 1.3509999513626099, 1.3459999561309814, 1.3350000381469727, 1.3320000171661377, 1.3229999542236328, 1.3109999895095825, 1.309999942779541, 1.3029999732971191, 1.2940000295639038, 1.2920000553131104, 1.2879999876022339, 1.281000018119812, 1.277999997138977, 1.2790000438690186, 1.2730000019073486, 1.2619999647140503, 1.253000020980835, 1.2450000047683716, 1.2389999628067017, 1.2280000448226929, 1.2289999723434448, 1.222000002861023, 1.2170000076293945, 1.215999960899353, 1.2100000381469727, 1.187999963760376, 1.1829999685287476, 1.180999994277954, 1.1660000085830688, 1.1619999408721924, 1.1519999504089355, 1.1519999504089355, 1.1480000019073486, 1.1330000162124634, 1.1180000305175781, 1.1169999837875366, 1.1119999885559082, 1.0950000286102295, 1.0959999561309814, 1.0980000495910645, 1.0950000286102295, 1.0700000524520874, 1.065999984741211, 1.062999963760376, 1.0579999685287476, 1.0520000457763672, 1.0460000038146973, 1.0379999876022339, 1.031999945640564, 1.0290000438690186, 1.0130000114440918, 1.0080000162124634, 0.996999979019165, 0.9929999709129333, 0.9710000157356262, 0.9700000286102295, 0.9589999914169312, 0.9480000138282776, 0.9449999928474426, 0.9390000104904175, 0.9319999814033508, 0.9240000247955322, 0.9190000295639038, 0.9179999828338623, 0.9150000214576721, 0.9020000100135803, 0.8930000066757202, 0.8849999904632568, 0.8849999904632568, 0.8830000162124634, 0.8790000081062317, 0.871999979019165, 0.8619999885559082, 0.8600000143051147, 0.8539999723434448, 0.8429999947547913, 0.8410000205039978, 0.8370000123977661, 0.828000009059906, 0.824999988079071, 0.8159999847412109, 0.8169999718666077, 0.8080000281333923, 0.8040000200271606, 0.8019999861717224, 0.7979999780654907, 0.7950000166893005, 0.7900000214576721, 0.7820000052452087, 0.7789999842643738, 0.7760000228881836, 0.7749999761581421, 0.7630000114440918, 0.7580000162124634, 0.7580000162124634, 0.7490000128746033, 0.7440000176429749, 0.7400000095367432, 0.7390000224113464, 0.7350000143051147, 0.7310000061988831, 0.7310000061988831, 0.7269999980926514, 0.7160000205039978, 0.7160000205039978, 0.7120000123977661, 0.7039999961853027, 0.6959999799728394, 0.6919999718666077, 0.6919999718666077, 0.6940000057220459, 0.6899999976158142, 0.6899999976158142, 0.6880000233650208, 0.6819999814033508, 0.6729999780654907, 0.6650000214576721, 0.6629999876022339, 0.6620000004768372, 0.6660000085830688, 0.6690000295639038, 0.6660000085830688, 0.6539999842643738, 0.6510000228881836, 0.6470000147819519, 0.6439999938011169, 0.640999972820282, 0.6370000243186951, 0.6359999775886536, 0.6290000081062317, 0.6330000162124634, 0.628000020980835, 0.6179999709129333, 0.6179999709129333, 0.6179999709129333, 0.6129999756813049, 0.6110000014305115, 0.6050000190734863, 0.6029999852180481, 0.6010000109672546, 0.5960000157356262, 0.5979999899864197, 0.6060000061988831, 0.5950000286102295, 0.5910000205039978, 0.5879999995231628, 0.5809999704360962, 0.5789999961853027, 0.5789999961853027, 0.5789999961853027, 0.5799999833106995, 0.5809999704360962, 0.574999988079071, 0.5680000185966492, 0.5789999961853027, 0.574999988079071, 0.5640000104904175, 0.5559999942779541, 0.5540000200271606, 0.5529999732971191, 0.5609999895095825, 0.5609999895095825, 0.5580000281333923, 0.5630000233650208, 0.5559999942779541, 0.5460000038146973, 0.5460000038146973, 0.5450000166893005, 0.5400000214576721, 0.5440000295639038, 0.5400000214576721, 0.5400000214576721, 0.5389999747276306, 0.5389999747276306, 0.5389999747276306, 0.5410000085830688, 0.5339999794960022, 0.5339999794960022, 0.5320000052452087, 0.5339999794960022, 0.5329999923706055, 0.527999997138977, 0.5210000276565552, 0.5239999890327454, 0.527999997138977, 0.5289999842643738, 0.527999997138977, 0.5270000100135803, 0.5189999938011169, 0.515999972820282, 0.5189999938011169, 0.5230000019073486, 0.5099999904632568, 0.5180000066757202, 0.5180000066757202, 0.5139999985694885, 0.5090000033378601, 0.5059999823570251, 0.5, 0.5, 0.503000020980835, 0.5009999871253967, 0.503000020980835, 0.5040000081062317, 0.5040000081062317, 0.49900001287460327, 0.5, 0.5, 0.4950000047683716, 0.49799999594688416, 0.5019999742507935, 0.49300000071525574, 0.49399998784065247, 0.49399998784065247, 0.49399998784065247, 0.49399998784065247, 0.49399998784065247, 0.492000013589859, 0.48500001430511475, 0.49000000953674316, 0.49000000953674316, 0.49000000953674316, 0.49000000953674316, 0.49000000953674316, 0.4909999966621399, 0.492000013589859, 0.48100000619888306, 0.4749999940395355, 0.4830000102519989, 0.48899999260902405, 0.4869999885559082, 0.48399999737739563, 0.48399999737739563, 0.47699999809265137, 0.47200000286102295, 0.47099998593330383, 0.47099998593330383, 0.4729999899864197, 0.4729999899864197, 0.47600001096725464, 0.47600001096725464, 0.4729999899864197, 0.46700000762939453, 0.46399998664855957, 0.4659999907016754, 0.4690000116825104, 0.46799999475479126, 0.46000000834465027, 0.460999995470047, 0.46799999475479126, 0.4650000035762787, 0.460999995470047, 0.4699999988079071, 0.4699999988079071, 0.4699999988079071, 0.46799999475479126, 0.4650000035762787, 0.46799999475479126, 0.47200000286102295, 0.47200000286102295, 0.47099998593330383, 0.4699999988079071, 0.4740000069141388, 0.47099998593330383, 0.4580000042915344, 0.45500001311302185, 0.4580000042915344, 0.46299999952316284, 0.4650000035762787, 0.46399998664855957, 0.46299999952316284, 0.4620000123977661, 0.46299999952316284, 0.46799999475479126, 0.4729999899864197, 0.4690000116825104, 0.45899999141693115, 0.4620000123977661, 0.4580000042915344, 0.4580000042915344, 0.4620000123977661, 0.46700000762939453, 0.4659999907016754, 0.460999995470047, 0.4620000123977661, 0.4560000002384186, 0.4560000002384186, 0.45899999141693115, 0.46000000834465027, 0.4580000042915344, 0.4560000002384186, 0.46799999475479126, 0.4650000035762787, 0.4650000035762787, 0.4650000035762787, 0.46399998664855957, 0.4620000123977661, 0.46399998664855957, 0.46399998664855957, 0.4650000035762787, 0.4650000035762787, 0.4650000035762787, 0.46000000834465027, 0.46000000834465027, 0.45899999141693115, 0.45899999141693115, 0.4620000123977661, 0.4620000123977661, 0.460999995470047, 0.46000000834465027, 0.46000000834465027, 0.46000000834465027, 0.4569999873638153, 0.453000009059906, 0.4569999873638153, 0.4620000123977661, 0.46399998664855957, 0.4569999873638153, 0.4569999873638153, 0.46299999952316284, 0.4620000123977661, 0.46000000834465027, 0.45500001311302185, 0.453000009059906, 0.4519999921321869, 0.4519999921321869, 0.4560000002384186, 0.4569999873638153, 0.4580000042915344, 0.4569999873638153, 0.46000000834465027, 0.4650000035762787, 0.45899999141693115, 0.45899999141693115, 0.44999998807907104, 0.44999998807907104, 0.45899999141693115, 0.460999995470047, 0.460999995470047, 0.460999995470047, 0.46299999952316284, 0.46299999952316284, 0.4569999873638153, 0.4560000002384186, 0.45399999618530273, 0.45399999618530273, 0.453000009059906, 0.46000000834465027, 0.4580000042915344, 0.46799999475479126, 0.4690000116825104, 0.4690000116825104, 0.4620000123977661, 0.4650000035762787, 0.46799999475479126, 0.46799999475479126, 0.46399998664855957, 0.4729999899864197, 0.4690000116825104, 0.4690000116825104, 0.4620000123977661, 0.46399998664855957, 0.46399998664855957, 0.4650000035762787, 0.46700000762939453, 0.4659999907016754, 0.4620000123977661, 0.4650000035762787, 0.46700000762939453, 0.4690000116825104, 0.4699999988079071, 0.46799999475479126, 0.47099998593330383, 0.4659999907016754, 0.4690000116825104, 0.46799999475479126, 0.4690000116825104, 0.46799999475479126, 0.4690000116825104, 0.4690000116825104, 0.4740000069141388, 0.4740000069141388, 0.4699999988079071, 0.4659999907016754, 0.4740000069141388, 0.47600001096725464, 0.47099998593330383, 0.4690000116825104, 0.4699999988079071, 0.4740000069141388, 0.47699999809265137, 0.4860000014305115, 0.48500001430511475, 0.48500001430511475, 0.48399999737739563, 0.4869999885559082, 0.48899999260902405, 0.4790000021457672, 0.4790000021457672, 0.4880000054836273, 0.492000013589859, 0.4909999966621399, 0.4869999885559082, 0.4909999966621399, 0.4909999966621399, 0.49399998784065247, 0.49399998784065247, 0.49300000071525574, 0.4869999885559082, 0.4880000054836273, 0.49399998784065247, 0.49399998784065247, 0.48899999260902405, 0.492000013589859, 0.4959999918937683, 0.49900001287460327, 0.5130000114440918, 0.5109999775886536, 0.5109999775886536, 0.5090000033378601, 0.5049999952316284, 0.5059999823570251, 0.5070000290870667, 0.5049999952316284, 0.5059999823570251, 0.5130000114440918, 0.5139999985694885, 0.5139999985694885, 0.5230000019073486, 0.5320000052452087, 0.5350000262260437, 0.5289999842643738, 0.515999972820282, 0.5220000147819519, 0.5249999761581421, 0.527999997138977, 0.5260000228881836, 0.5350000262260437, 0.5350000262260437, 0.5379999876022339, 0.5400000214576721, 0.5329999923706055, 0.5270000100135803, 0.527999997138977, 0.5400000214576721, 0.5400000214576721, 0.5350000262260437, 0.5350000262260437, 0.5360000133514404, 0.5389999747276306, 0.5379999876022339, 0.5460000038146973, 0.5460000038146973, 0.5509999990463257, 0.546999990940094, 0.5460000038146973, 0.5460000038146973, 0.5580000281333923, 0.5609999895095825, 0.5540000200271606, 0.5519999861717224, 0.5590000152587891, 0.5640000104904175, 0.5640000104904175, 0.5600000023841858, 0.5569999814033508, 0.5659999847412109, 0.5709999799728394, 0.5730000138282776, 0.5699999928474426, 0.5709999799728394, 0.5770000219345093, 0.5759999752044678, 0.578000009059906, 0.5789999961853027, 0.5849999785423279, 0.5889999866485596, 0.5889999866485596, 0.5839999914169312, 0.5870000123977661, 0.5899999737739563, 0.5929999947547913, 0.597000002861023, 0.5929999947547913, 0.5889999866485596, 0.5910000205039978, 0.5950000286102295, 0.5979999899864197, 0.6039999723434448, 0.6029999852180481, 0.6110000014305115, 0.5979999899864197, 0.6110000014305115, 0.6269999742507935, 0.6269999742507935, 0.6230000257492065, 0.6230000257492065, 0.6269999742507935, 0.6290000081062317, 0.6340000033378601, 0.6389999985694885, 0.6430000066757202, 0.6460000276565552, 0.6449999809265137, 0.6449999809265137, 0.6499999761581421, 0.6539999842643738, 0.6579999923706055, 0.6650000214576721, 0.6629999876022339, 0.6629999876022339, 0.6610000133514404, 0.6729999780654907, 0.675000011920929]
intensities: [1078.0, 1120.0, 1133.0, 1138.0, 1146.0, 1281.0, 1310.0, 1306.0, 1410.0, 1433.0, 1431.0, 1453.0, 1454.0, 1374.0, 1383.0, 1190.0, 1132.0, 1026.0, 929.0, 913.0, 972.0, 1054.0, 1119.0, 1111.0, 1105.0, 1095.0, 1077.0, 1068.0, 1091.0, 1085.0, 1184.0, 1304.0, 1430.0, 1430.0, 1448.0, 1535.0, 1567.0, 1580.0, 1605.0, 1650.0, 1649.0, 1661.0, 1650.0, 1660.0, 1665.0, 1674.0, 1696.0, 1686.0, 1707.0, 1677.0, 1708.0, 1708.0, 1712.0, 1705.0, 1702.0, 1695.0, 1706.0, 1719.0, 1719.0, 1699.0, 1704.0, 1713.0, 1710.0, 1686.0, 1686.0, 1683.0, 1683.0, 1680.0, 1680.0, 1694.0, 1684.0, 1670.0, 1689.0, 1673.0, 1680.0, 1691.0, 1668.0, 1672.0, 1676.0, 1676.0, 1673.0, 1679.0, 1670.0, 1660.0, 1665.0, 1665.0, 1667.0, 1636.0, 1638.0, 1638.0, 1631.0, 1603.0, 1620.0, 1615.0, 1627.0, 1623.0, 1622.0, 1622.0, 1614.0, 1613.0, 1609.0, 1615.0, 1611.0, 1603.0, 1586.0, 1600.0, 1600.0, 1583.0, 1590.0, 1582.0, 1562.0, 1563.0, 1559.0, 1548.0, 1560.0, 1557.0, 1556.0, 1562.0, 1558.0, 1531.0, 1534.0, 1532.0, 1536.0, 1531.0, 1519.0, 1510.0, 1501.0, 1495.0, 1503.0, 1492.0, 1492.0, 1492.0, 1495.0, 1493.0, 1486.0, 1486.0, 1487.0, 1494.0, 1494.0, 1479.0, 1459.0, 1452.0, 1463.0, 1459.0, 1449.0, 1440.0, 1405.0, 1420.0, 1406.0, 1392.0, 1400.0, 1382.0, 1399.0, 1401.0, 1401.0, 1371.0, 1367.0, 1355.0, 1354.0, 1354.0, 1351.0, 1357.0, 1357.0, 1357.0, 1339.0, 1340.0, 1335.0, 1322.0, 1329.0, 1315.0, 1319.0, 1311.0, 1320.0, 1311.0, 1311.0, 1289.0, 1306.0, 1289.0, 1266.0, 1268.0, 1281.0, 1275.0, 1270.0, 1248.0, 1238.0, 1257.0, 1251.0, 1243.0, 1241.0, 1241.0, 1237.0, 1239.0, 1239.0, 1247.0, 1230.0, 1231.0, 1230.0, 1231.0, 1230.0, 1241.0, 1234.0, 1239.0, 1236.0, 1233.0, 1239.0, 1229.0, 1228.0, 1228.0, 1228.0, 1229.0, 1234.0, 1228.0, 1228.0, 1228.0, 1228.0, 1222.0, 1223.0, 1211.0, 1200.0, 1206.0, 1201.0, 1206.0, 1211.0, 1220.0, 1220.0, 1195.0, 1195.0, 1191.0, 1191.0, 1191.0, 1184.0, 1178.0, 1181.0, 1177.0, 1192.0, 1183.0, 1171.0, 1153.0, 1171.0, 1177.0, 1175.0, 1171.0, 1160.0, 1159.0, 1164.0, 1161.0, 1161.0, 1155.0, 1148.0, 1148.0, 1147.0, 1145.0, 1139.0, 1129.0, 1118.0, 1107.0, 1119.0, 1130.0, 1129.0, 1139.0, 1142.0, 1145.0, 1138.0, 1144.0, 1140.0, 1146.0, 1141.0, 1141.0, 1138.0, 1141.0, 1160.0, 1158.0, 1162.0, 1164.0, 1167.0, 1188.0, 1189.0, 1196.0, 1203.0, 1203.0, 1203.0, 1199.0, 1206.0, 1206.0, 1204.0, 1204.0, 1200.0, 1215.0, 1213.0, 1213.0, 1198.0, 1201.0, 1198.0, 1194.0, 1194.0, 1197.0, 1197.0, 1200.0, 1209.0, 1206.0, 1210.0, 1212.0, 1216.0, 1216.0, 1224.0, 1231.0, 1235.0, 1235.0, 1240.0, 1229.0, 1234.0, 1231.0, 1250.0, 1234.0, 1234.0, 1232.0, 1233.0, 1237.0, 1238.0, 1238.0, 1232.0, 1238.0, 1239.0, 1236.0, 1229.0, 1237.0, 1234.0, 1227.0, 1225.0, 1233.0, 1233.0, 1237.0, 1261.0, 1256.0, 1251.0, 1267.0, 1271.0, 1269.0, 1265.0, 1265.0, 1265.0, 1255.0, 1275.0, 1289.0, 1278.0, 1278.0, 1285.0, 1276.0, 1276.0, 1271.0, 1267.0, 1279.0, 1272.0, 1282.0, 1271.0, 1283.0, 1266.0, 1281.0, 1241.0, 1254.0, 1268.0, 1261.0, 1263.0, 1249.0, 1249.0, 1246.0, 1221.0, 1221.0, 1264.0, 1254.0, 1239.0, 1232.0, 1239.0, 1252.0, 1262.0, 1246.0, 1253.0, 1249.0, 1233.0, 1221.0, 1219.0, 1235.0, 1223.0, 1236.0, 1242.0, 1226.0, 1207.0, 1159.0, 1140.0, 1129.0, 1107.0, 1251.0, 1467.0, 1517.0, 1338.0, 1062.0, 1050.0, 1063.0, 1057.0, 1059.0, 1058.0, 1061.0, 1065.0, 1053.0, 1060.0, 1055.0, 1055.0, 1052.0, 1059.0, 1066.0, 1055.0, 1050.0, 1058.0, 1048.0, 1047.0, 1055.0, 1070.0, 1054.0, 1069.0, 1066.0, 1059.0, 1070.0, 1042.0, 1074.0, 1078.0, 1073.0, 1083.0, 1081.0, 1087.0, 1087.0, 1092.0, 1105.0, 1111.0, 1116.0, 1113.0, 1103.0, 1115.0, 1111.0, 1125.0, 1125.0, 1125.0, 1125.0, 1111.0, 1118.0, 1111.0, 1124.0, 1133.0, 1133.0, 1118.0, 1112.0, 1107.0, 1109.0, 1107.0, 1114.0, 1114.0, 1112.0, 1114.0, 1115.0, 1111.0, 1107.0, 1106.0, 1105.0, 1089.0, 1082.0, 1130.0, 1109.0, 1113.0, 1112.0, 1100.0, 1107.0, 1105.0, 1111.0, 1113.0, 1119.0, 1113.0, 1094.0, 1121.0, 1121.0, 1097.0, 1109.0, 1097.0, 1097.0, 1097.0, 1103.0, 1106.0, 1116.0, 1124.0, 1110.0, 1117.0, 1115.0, 1111.0, 1115.0, 1120.0, 1097.0, 1119.0, 1107.0, 1102.0, 1118.0, 1113.0, 1114.0, 1126.0, 1112.0, 1104.0, 1102.0, 1123.0, 1092.0, 1092.0, 1098.0, 1113.0, 1109.0, 1109.0, 1113.0, 1102.0, 1094.0, 1092.0, 1113.0, 1113.0, 1109.0, 1110.0, 1100.0, 1118.0, 1126.0, 1129.0, 1128.0, 1113.0, 1108.0, 1114.0, 1106.0, 1112.0, 1113.0, 1114.0, 1112.0, 1110.0, 1126.0, 1115.0, 1106.0, 1112.0, 1112.0, 1129.0, 1120.0, 1122.0, 1117.0, 1118.0, 1123.0, 1126.0, 1120.0, 1126.0, 1130.0, 1140.0, 1143.0, 1135.0, 1129.0, 1122.0, 1125.0, 1149.0, 1143.0, 1111.0, 1149.0, 1144.0, 1136.0, 1131.0, 1143.0, 1126.0, 1122.0, 1138.0, 1137.0, 1138.0, 1139.0, 1121.0, 1121.0, 1129.0, 1116.0, 1114.0, 1113.0, 1120.0, 1130.0, 1131.0, 1127.0, 1132.0, 1138.0, 1142.0, 1148.0, 1131.0, 1141.0, 1152.0, 1138.0, 1116.0, 1134.0, 1129.0, 1126.0, 1115.0, 1138.0, 1115.0, 1134.0, 1132.0, 1122.0, 1139.0, 1122.0, 1134.0, 1149.0, 1115.0, 1130.0, 1131.0, 1126.0, 1117.0, 1126.0, 1133.0, 1145.0, 1127.0, 1138.0, 1138.0, 1143.0, 1143.0, 1149.0, 1161.0, 1158.0, 1159.0, 1176.0, 1179.0, 1168.0, 1175.0, 1169.0, 1184.0, 1159.0, 1161.0, 1186.0, 1183.0, 1223.0, 1221.0, 1236.0, 1252.0, 1242.0, 1255.0, 1264.0, 1257.0, 1274.0, 1275.0, 1262.0, 1267.0, 1268.0, 1270.0, 1267.0, 1276.0, 1277.0, 1293.0, 1303.0, 1315.0, 1296.0, 1333.0, 1331.0, 1337.0, 1334.0, 1334.0, 1337.0, 1348.0, 1351.0, 1361.0, 1352.0, 1351.0, 1361.0, 1374.0, 1374.0, 1373.0, 1390.0, 1397.0, 1391.0, 1394.0, 1427.0, 1431.0, 1446.0, 1441.0, 1441.0, 1434.0, 1471.0, 1478.0, 1473.0, 1473.0, 1470.0, 1462.0, 1462.0, 1504.0, 1495.0, 1507.0, 1511.0, 1512.0, 1510.0, 1528.0, 1544.0, 1535.0, 1541.0, 1532.0, 1537.0, 1561.0, 1556.0, 1552.0, 1558.0, 1585.0, 1579.0, 1570.0, 1565.0, 1568.0, 1568.0, 1574.0, 1585.0, 1574.0, 1577.0, 1591.0, 1612.0, 1599.0, 1611.0, 1600.0, 1603.0, 1606.0, 1616.0, 1619.0, 1619.0, 1631.0, 1631.0, 1631.0, 1640.0, 1634.0, 1640.0, 1659.0, 1635.0, 1629.0, 1630.0, 1625.0, 1644.0, 1640.0, 1635.0, 1645.0, 1634.0, 1636.0, 1636.0, 1625.0, 1625.0, 1615.0, 1647.0, 1647.0, 1622.0, 1622.0, 1627.0, 1631.0, 1630.0, 1617.0, 1622.0, 1641.0, 1663.0, 1656.0, 1629.0, 1629.0, 1630.0, 1661.0, 1633.0, 1645.0, 1655.0, 1645.0, 1637.0, 1612.0, 1626.0, 1616.0, 1616.0, 1609.0, 1625.0, 1631.0, 1630.0, 1636.0, 1630.0, 1630.0, 1616.0, 1596.0, 1596.0, 1603.0, 1609.0, 1616.0, 1590.0, 1597.0, 1623.0, 1614.0, 1614.0, 1614.0, 1627.0, 1635.0, 1624.0, 1623.0, 1611.0, 1634.0, 1634.0, 1621.0, 1617.0, 1610.0, 1607.0, 1598.0, 1601.0, 1606.0, 1593.0, 1593.0, 1595.0, 1603.0, 1603.0, 1577.0, 1584.0, 1592.0, 1592.0, 1576.0, 1592.0, 1565.0, 1581.0, 1572.0, 1572.0, 1580.0, 1585.0, 1555.0, 1550.0, 1570.0, 1570.0, 1575.0, 1572.0, 1559.0, 1549.0, 1545.0, 1545.0, 1567.0, 1554.0, 1557.0, 1535.0, 1535.0, 1558.0, 1522.0, 1539.0, 1532.0, 1549.0, 1516.0, 1509.0, 1526.0, 1529.0, 1534.0, 1514.0, 1523.0, 1534.0, 1498.0, 1488.0, 1495.0, 1499.0, 1489.0, 1489.0, 1489.0, 1481.0, 1477.0, 1482.0, 1464.0, 1470.0, 1456.0, 1455.0, 1453.0, 1457.0, 1462.0, 1471.0, 1443.0, 1446.0, 1452.0, 1452.0, 1427.0, 1427.0, 1412.0, 1412.0, 1416.0, 1416.0, 1411.0, 1400.0, 1400.0, 1380.0, 1383.0, 1392.0, 1392.0, 1378.0, 1365.0, 1365.0, 1360.0, 1356.0, 1363.0, 1355.0, 1349.0, 1352.0, 1332.0, 1332.0, 1348.0, 1344.0, 1355.0, 1341.0, 1336.0, 1356.0, 1341.0, 1335.0, 1329.0, 1321.0, 1310.0, 1314.0, 1316.0, 1283.0, 1303.0, 1286.0, 1286.0, 1289.0, 1285.0, 1285.0, 1285.0, 1278.0, 1277.0, 1269.0, 1276.0, 1274.0, 1274.0, 1271.0, 1265.0, 1274.0, 1271.0, 1258.0, 1265.0, 1255.0, 1250.0, 1263.0, 1263.0, 1245.0, 1255.0, 1238.0, 1238.0, 1222.0, 1237.0, 1234.0, 1233.0, 1227.0, 1231.0, 1221.0, 1221.0, 1225.0, 1221.0, 1221.0, 1221.0, 1226.0, 1220.0, 1218.0, 1217.0, 1219.0, 1217.0, 1206.0, 1206.0, 1217.0, 1217.0, 1217.0, 1217.0, 1211.0, 1206.0, 1208.0, 1211.0, 1217.0, 1214.0, 1213.0, 1214.0, 1218.0, 1218.0, 1200.0, 1199.0, 1212.0, 1211.0, 1211.0, 1212.0, 1209.0, 1212.0, 1203.0, 1208.0, 1209.0, 1208.0, 1208.0, 1208.0, 1208.0, 1208.0, 1208.0, 1208.0, 1209.0, 1211.0, 1222.0, 1220.0, 1245.0, 1231.0, 1232.0, 1208.0, 1204.0, 1213.0, 1228.0, 1225.0, 1220.0, 1226.0, 1220.0, 1220.0, 1235.0, 1251.0, 1238.0, 1249.0, 1251.0, 1257.0, 1263.0, 1248.0, 1238.0, 1253.0, 1253.0, 1258.0, 1260.0, 1262.0, 1252.0, 1265.0, 1260.0, 1260.0, 1255.0, 1256.0, 1270.0, 1274.0, 1268.0, 1272.0, 1272.0, 1304.0, 1292.0, 1308.0, 1311.0, 1292.0, 1313.0, 1283.0, 1295.0, 1321.0, 1298.0, 1295.0, 1288.0, 1283.0, 1304.0, 1313.0, 1319.0, 1314.0, 1321.0, 1321.0, 1292.0, 1292.0, 1326.0, 1297.0, 1302.0, 1302.0, 1290.0, 1287.0, 1304.0, 1301.0, 1313.0, 1318.0, 1320.0, 1309.0, 1306.0, 1313.0, 1347.0, 1334.0, 1302.0, 1314.0, 1302.0, 1306.0, 1306.0, 1293.0, 1289.0, 1305.0, 1301.0, 1310.0, 1302.0, 1284.0, 1281.0, 1279.0, 1279.0, 1284.0, 1282.0, 1299.0, 1300.0, 1319.0, 1312.0, 1300.0, 1285.0, 1274.0]