header: 
  seq: 2061
  stamp: 
    secs: 1548820808
    nsecs: 715578543
  frame_id: "base_link"
angle_min: -2.35619449615
angle_max: 2.35619449615
angle_increment: 0.00436332309619
time_increment: 1.73611151695e-05
scan_time: 0.0250000003725
range_min: 0.019999999553
range_max: 30.0
ranges: [0.4620000123977661, 0.4519999921321869, 0.45100000500679016, 0.45100000500679016, 0.4659999907016754, 0.4779999852180481, 0.4779999852180481, 0.46799999475479126, 0.460999995470047, 0.45899999141693115, 0.46399998664855957, 0.46399998664855957, 0.4699999988079071, 0.46700000762939453, 0.46700000762939453, 0.4269999861717224, 0.3840000033378601, 0.35600000619888306, 0.2980000078678131, 0.328000009059906, 0.3720000088214874, 0.4129999876022339, 0.43700000643730164, 0.453000009059906, 0.45399999618530273, 0.4569999873638153, 0.46700000762939453, 0.460999995470047, 0.4519999921321869, 0.45500001311302185, 0.44699999690055847, 0.46399998664855957, 0.46000000834465027, 0.46000000834465027, 0.4659999907016754, 0.4650000035762787, 0.4699999988079071, 0.47200000286102295, 0.4699999988079071, 0.46000000834465027, 0.460999995470047, 0.46000000834465027, 0.4659999907016754, 0.460999995470047, 0.4569999873638153, 0.4569999873638153, 0.4519999921321869, 0.4569999873638153, 0.45399999618530273, 0.4569999873638153, 0.45899999141693115, 0.4569999873638153, 0.4569999873638153, 0.4569999873638153, 0.4569999873638153, 0.46299999952316284, 0.46399998664855957, 0.46299999952316284, 0.460999995470047, 0.460999995470047, 0.460999995470047, 0.4580000042915344, 0.4580000042915344, 0.4580000042915344, 0.4580000042915344, 0.45500001311302185, 0.453000009059906, 0.45100000500679016, 0.45100000500679016, 0.45399999618530273, 0.4569999873638153, 0.453000009059906, 0.45399999618530273, 0.4620000123977661, 0.460999995470047, 0.45899999141693115, 0.45500001311302185, 0.4580000042915344, 0.45899999141693115, 0.46000000834465027, 0.46299999952316284, 0.46399998664855957, 0.46399998664855957, 0.4650000035762787, 0.4659999907016754, 0.4650000035762787, 0.46000000834465027, 0.45899999141693115, 0.4580000042915344, 0.4569999873638153, 0.46000000834465027, 0.46000000834465027, 0.45899999141693115, 0.4569999873638153, 0.46399998664855957, 0.47200000286102295, 0.4519999921321869, 0.44999998807907104, 0.45500001311302185, 0.4580000042915344, 0.44699999690055847, 0.4580000042915344, 0.453000009059906, 0.4569999873638153, 0.46399998664855957, 0.46299999952316284, 0.460999995470047, 0.4480000138282776, 0.4399999976158142, 0.4440000057220459, 0.4560000002384186, 0.460999995470047, 0.4620000123977661, 0.46399998664855957, 0.4620000123977661, 0.460999995470047, 0.45899999141693115, 0.453000009059906, 0.4490000009536743, 0.45500001311302185, 0.46399998664855957, 0.45500001311302185, 0.45100000500679016, 0.45500001311302185, 0.45899999141693115, 0.45899999141693115, 0.46000000834465027, 0.460999995470047, 0.460999995470047, 0.46000000834465027, 0.46299999952316284, 0.4650000035762787, 0.46700000762939453, 0.4659999907016754, 0.46399998664855957, 0.4580000042915344, 0.4580000042915344, 0.45899999141693115, 0.4620000123977661, 0.4650000035762787, 0.4650000035762787, 0.4659999907016754, 0.4659999907016754, 0.46399998664855957, 0.46000000834465027, 0.45899999141693115, 0.4650000035762787, 0.4699999988079071, 0.4699999988079071, 0.4650000035762787, 0.46399998664855957, 0.46399998664855957, 0.46299999952316284, 0.46299999952316284, 0.4620000123977661, 0.4620000123977661, 0.4690000116825104, 0.4690000116825104, 0.4699999988079071, 0.4699999988079071, 0.4659999907016754, 0.4699999988079071, 0.4749999940395355, 0.47099998593330383, 0.4650000035762787, 0.46299999952316284, 0.46799999475479126, 0.47600001096725464, 0.4740000069141388, 0.4690000116825104, 0.4690000116825104, 0.46799999475479126, 0.47999998927116394, 0.4790000021457672, 0.48100000619888306, 0.4740000069141388, 0.4779999852180481, 0.47699999809265137, 0.47699999809265137, 0.4740000069141388, 0.4790000021457672, 0.4869999885559082, 0.48399999737739563, 0.47999998927116394, 0.4729999899864197, 0.47099998593330383, 0.4699999988079071, 0.47999998927116394, 0.47999998927116394, 0.4749999940395355, 0.4740000069141388, 0.4740000069141388, 0.4740000069141388, 0.47999998927116394, 0.48100000619888306, 0.49000000953674316, 0.4860000014305115, 0.492000013589859, 0.49300000071525574, 0.4869999885559082, 0.48500001430511475, 0.4860000014305115, 0.49000000953674316, 0.49399998784065247, 0.4970000088214874, 0.4970000088214874, 0.49900001287460327, 0.4970000088214874, 0.4950000047683716, 0.4950000047683716, 0.5019999742507935, 0.5019999742507935, 0.5, 0.49900001287460327, 0.49900001287460327, 0.5, 0.5, 0.503000020980835, 0.5070000290870667, 0.5049999952316284, 0.5059999823570251, 0.5070000290870667, 0.5109999775886536, 0.5130000114440918, 0.5109999775886536, 0.5130000114440918, 0.5149999856948853, 0.5149999856948853, 0.5210000276565552, 0.527999997138977, 0.5260000228881836, 0.5199999809265137, 0.5210000276565552, 0.5199999809265137, 0.5170000195503235, 0.5249999761581421, 0.5320000052452087, 0.5329999923706055, 0.5370000004768372, 0.5360000133514404, 0.531000018119812, 0.5329999923706055, 0.5289999842643738, 0.5320000052452087, 0.5320000052452087, 0.5389999747276306, 0.5389999747276306, 0.5450000166893005, 0.5509999990463257, 0.5509999990463257, 0.5540000200271606, 0.5540000200271606, 0.5580000281333923, 0.5580000281333923, 0.5569999814033508, 0.5569999814033508, 0.5600000023841858, 0.5649999976158142, 0.5669999718666077, 0.5870000123977661, 0.5839999914169312, 0.5830000042915344, 0.5830000042915344, 0.5789999961853027, 0.5820000171661377, 0.5879999995231628, 0.5899999737739563, 0.5910000205039978, 0.6010000109672546, 0.6029999852180481, 0.6050000190734863, 0.6029999852180481, 0.6000000238418579, 0.6050000190734863, 0.6110000014305115, 0.6129999756813049, 0.6110000014305115, 0.6140000224113464, 0.6169999837875366, 0.6259999871253967, 0.6299999952316284, 0.6299999952316284, 0.6330000162124634, 0.6359999775886536, 0.656000018119812, 0.6629999876022339, 0.6650000214576721, 0.675000011920929, 0.6779999732971191, 0.6880000233650208, 0.7829999923706055, 0.6940000057220459, 0.7170000076293945, 2.5810000896453857, 2.556999921798706, 2.5450000762939453, 2.5320000648498535, 2.503000020980835, 2.4779999256134033, 2.4609999656677246, 2.4509999752044678, 2.443000078201294, 2.4200000762939453, 2.4100000858306885, 2.378999948501587, 2.364000082015991, 2.3559999465942383, 2.3369998931884766, 2.3289999961853027, 2.305999994277954, 2.2880001068115234, 2.2730000019073486, 2.2660000324249268, 2.243000030517578, 2.2360000610351562, 2.2290000915527344, 2.2070000171661377, 2.194000005722046, 2.180999994277954, 2.1649999618530273, 2.1419999599456787, 2.135999917984009, 2.130000114440918, 2.109999895095825, 2.1040000915527344, 2.0980000495910645, 2.0880000591278076, 2.069999933242798, 2.061000108718872, 2.059999942779541, 2.0409998893737793, 2.0250000953674316, 2.013000011444092, 2.0, 1.9950000047683716, 1.9809999465942383, 1.968000054359436, 1.9620000123977661, 1.9470000267028809, 1.944000005722046, 1.937999963760376, 1.9229999780654907, 1.906000018119812, 1.9040000438690186, 1.8980000019073486, 1.8819999694824219, 1.8700000047683716, 1.8650000095367432, 1.8569999933242798, 1.843000054359436, 1.8339999914169312, 1.8339999914169312, 1.8229999542236328, 1.8070000410079956, 1.8020000457763672, 1.7979999780654907, 1.7949999570846558, 1.781999945640564, 1.7710000276565552, 1.7589999437332153, 1.7519999742507935, 1.75, 1.74399995803833, 1.7419999837875366, 1.7359999418258667, 1.7200000286102295, 1.7139999866485596, 1.7079999446868896, 1.7050000429153442, 1.6950000524520874, 1.687000036239624, 1.684000015258789, 1.6790000200271606, 1.6679999828338623, 1.6660000085830688, 1.656999945640564, 1.652999997138977, 1.6449999809265137, 1.6380000114440918, 1.6339999437332153, 1.628000020980835, 1.6239999532699585, 1.621000051498413, 1.6130000352859497, 1.6030000448226929, 1.5980000495910645, 1.5870000123977661, 1.5850000381469727, 1.5820000171661377, 1.5700000524520874, 1.569000005722046, 1.565999984741211, 1.555999994277954, 1.5549999475479126, 1.5449999570846558, 1.5470000505447388, 1.5420000553131104, 1.5369999408721924, 1.5219999551773071, 1.5210000276565552, 1.5219999551773071, 1.5180000066757202, 1.5149999856948853, 1.5130000114440918, 1.5089999437332153, 1.4980000257492065, 1.49399995803833, 1.49399995803833, 1.4950000047683716, 1.4919999837875366, 1.4830000400543213, 1.4789999723434448, 1.4839999675750732, 1.4730000495910645, 1.468000054359436, 1.465000033378601, 1.4620000123977661, 1.4579999446868896, 1.4509999752044678, 1.4490000009536743, 1.444000005722046, 1.434000015258789, 1.4279999732971191, 1.4279999732971191, 1.4270000457763672, 1.4240000247955322, 1.4179999828338623, 1.4170000553131104, 1.409000039100647, 1.409999966621399, 1.406999945640564, 1.399999976158142, 1.3990000486373901, 1.3860000371932983, 1.3799999952316284, 1.3799999952316284, 1.3849999904632568, 1.3830000162124634, 1.378000020980835, 1.36899995803833, 1.36899995803833, 1.3700000047683716, 1.3680000305175781, 1.3630000352859497, 1.3580000400543213, 1.3600000143051147, 1.3589999675750732, 1.3519999980926514, 1.343999981880188, 1.347000002861023, 1.340999960899353, 1.340999960899353, 1.3359999656677246, 1.3229999542236328, 1.3200000524520874, 1.319000005722046, 1.3200000524520874, 1.312999963760376, 1.312999963760376, 1.309000015258789, 1.3070000410079956, 1.3070000410079956, 1.305999994277954, 1.2949999570846558, 1.2910000085830688, 1.284999966621399, 1.2860000133514404, 1.2829999923706055, 1.2790000438690186, 1.2740000486373901, 1.2690000534057617, 1.2699999809265137, 1.2699999809265137, 1.2669999599456787, 1.2610000371932983, 1.2610000371932983, 1.2569999694824219, 1.2480000257492065, 1.2450000047683716, 1.2400000095367432, 1.2330000400543213, 1.2280000448226929, 1.2319999933242798, 1.2280000448226929, 1.2259999513626099, 1.222000002861023, 1.218000054359436, 1.215000033378601, 1.2139999866485596, 1.2070000171661377, 1.1959999799728394, 1.1890000104904175, 1.1950000524520874, 1.190999984741211, 1.180999994277954, 1.1759999990463257, 1.1770000457763672, 1.1729999780654907, 1.159999966621399, 1.1549999713897705, 1.152999997138977, 1.152999997138977, 1.1490000486373901, 1.1460000276565552, 1.1330000162124634, 1.1319999694824219, 1.1319999694824219, 1.128999948501587, 1.1239999532699585, 1.1230000257492065, 1.1119999885559082, 1.1100000143051147, 1.1030000448226929, 1.0959999561309814, 1.0950000286102295, 1.0980000495910645, 1.0880000591278076, 1.0880000591278076, 1.0809999704360962, 1.0820000171661377, 1.0870000123977661, 1.0829999446868896, 1.0720000267028809, 1.0640000104904175, 1.059999942779541, 1.059999942779541, 1.0570000410079956, 1.0549999475479126, 1.0540000200271606, 1.0429999828338623, 1.0329999923706055, 1.027999997138977, 1.024999976158142, 1.0180000066757202, 1.0140000581741333, 1.0119999647140503, 1.0110000371932983, 1.0019999742507935, 1.003999948501587, 0.9980000257492065, 0.9929999709129333, 0.9900000095367432, 0.9850000143051147, 0.984000027179718, 0.9739999771118164, 0.968999981880188, 0.968999981880188, 0.9649999737739563, 0.9620000123977661, 0.9570000171661377, 0.9509999752044678, 0.9520000219345093, 0.9380000233650208, 0.9430000185966492, 0.9330000281333923, 0.9290000200271606, 0.9300000071525574, 0.921999990940094, 0.9179999828338623, 0.9169999957084656, 0.906000018119812, 0.9020000100135803, 0.8970000147819519, 0.8930000066757202, 0.8930000066757202, 0.8939999938011169, 0.8840000033378601, 0.8730000257492065, 0.8700000047683716, 0.8640000224113464, 0.8659999966621399, 0.8629999756813049, 0.8640000224113464, 0.8600000143051147, 0.8600000143051147, 0.8519999980926514, 0.8429999947547913, 0.8399999737739563, 0.8389999866485596, 0.8299999833106995, 0.8259999752044678, 0.8259999752044678, 0.8169999718666077, 0.8109999895095825, 0.8100000023841858, 0.8090000152587891, 0.800000011920929, 0.7900000214576721, 0.7900000214576721, 0.7889999747276306, 0.7829999923706055, 0.7820000052452087, 0.777999997138977, 0.7739999890327454, 0.7689999938011169, 0.7670000195503235, 0.7620000243186951, 0.7580000162124634, 0.7540000081062317, 0.7490000128746033, 0.7480000257492065, 0.7419999837875366, 0.7379999756813049, 0.7310000061988831, 0.7279999852180481, 0.7260000109672546, 0.7200000286102295, 0.7160000205039978, 0.7160000205039978, 0.7089999914169312, 0.7059999704360962, 0.699999988079071, 0.6940000057220459, 0.6919999718666077, 0.6880000233650208, 0.6869999766349792, 0.6869999766349792, 0.6819999814033508, 0.6759999990463257, 0.6710000038146973, 0.6660000085830688, 0.6629999876022339, 0.6600000262260437, 0.6600000262260437, 0.6620000004768372, 0.6579999923706055, 0.652999997138977, 0.6460000276565552, 0.6389999985694885, 0.6340000033378601, 0.6340000033378601, 0.640999972820282, 0.6399999856948853, 0.6370000243186951, 0.6259999871253967, 0.628000020980835, 0.625, 0.6240000128746033, 0.6230000257492065, 0.6190000176429749, 0.6159999966621399, 0.6129999756813049, 0.6050000190734863, 0.5960000157356262, 0.5960000157356262, 0.5989999771118164, 0.5979999899864197, 0.6019999980926514, 0.5960000157356262, 0.5979999899864197, 0.5950000286102295, 0.5799999833106995, 0.5809999704360962, 0.5899999737739563, 0.5820000171661377, 0.5770000219345093, 0.5720000267028809, 0.5740000009536743, 0.5720000267028809, 0.5680000185966492, 0.5630000233650208, 0.5569999814033508, 0.5569999814033508, 0.5580000281333923, 0.5559999942779541, 0.5569999814033508, 0.550000011920929, 0.5479999780654907, 0.5550000071525574, 0.5550000071525574, 0.550000011920929, 0.546999990940094, 0.5419999957084656, 0.5410000085830688, 0.5410000085830688, 0.5410000085830688, 0.5350000262260437, 0.5370000004768372, 0.5320000052452087, 0.5270000100135803, 0.5270000100135803, 0.531000018119812, 0.5270000100135803, 0.5249999761581421, 0.5249999761581421, 0.5249999761581421, 0.5249999761581421, 0.5220000147819519, 0.5199999809265137, 0.5180000066757202, 0.5180000066757202, 0.5090000033378601, 0.5080000162124634, 0.5080000162124634, 0.5090000033378601, 0.5109999775886536, 0.5109999775886536, 0.5099999904632568, 0.5040000081062317, 0.5070000290870667, 0.5080000162124634, 0.5099999904632568, 0.5099999904632568, 0.503000020980835, 0.5009999871253967, 0.49900001287460327, 0.5009999871253967, 0.49900001287460327, 0.4970000088214874, 0.4950000047683716, 0.4880000054836273, 0.4869999885559082, 0.49300000071525574, 0.49799999594688416, 0.4950000047683716, 0.4909999966621399, 0.4909999966621399, 0.49000000953674316, 0.49000000953674316, 0.48399999737739563, 0.48100000619888306, 0.4790000021457672, 0.48100000619888306, 0.4830000102519989, 0.4790000021457672, 0.4790000021457672, 0.4830000102519989, 0.4830000102519989, 0.4779999852180481, 0.4779999852180481, 0.47200000286102295, 0.46799999475479126, 0.47200000286102295, 0.4740000069141388, 0.4740000069141388, 0.4699999988079071, 0.4699999988079071, 0.46700000762939453, 0.4699999988079071, 0.47099998593330383, 0.47099998593330383, 0.47200000286102295, 0.47200000286102295, 0.47099998593330383, 0.45899999141693115, 0.4569999873638153, 0.4580000042915344, 0.4659999907016754, 0.4659999907016754, 0.460999995470047, 0.4580000042915344, 0.46399998664855957, 0.4659999907016754, 0.46399998664855957, 0.46000000834465027, 0.46000000834465027, 0.4569999873638153, 0.4580000042915344, 0.4580000042915344, 0.45500001311302185, 0.45899999141693115, 0.46299999952316284, 0.4580000042915344, 0.45899999141693115, 0.45500001311302185, 0.4560000002384186, 0.45100000500679016, 0.45500001311302185, 0.4569999873638153, 0.4569999873638153, 0.453000009059906, 0.45100000500679016, 0.45100000500679016, 0.44699999690055847, 0.4449999928474426, 0.44600000977516174, 0.44999998807907104, 0.45100000500679016, 0.4569999873638153, 0.45100000500679016, 0.45399999618530273, 0.45399999618530273, 0.4569999873638153, 0.45500001311302185, 0.45399999618530273, 0.453000009059906, 0.45100000500679016, 0.44600000977516174, 0.4490000009536743, 0.4490000009536743, 0.4490000009536743, 0.4490000009536743, 0.45399999618530273, 0.45100000500679016, 0.45100000500679016, 0.44699999690055847, 0.44200000166893005, 0.44200000166893005, 0.4580000042915344, 0.4580000042915344, 0.4519999921321869, 0.4480000138282776, 0.45500001311302185, 0.44699999690055847, 0.4390000104904175, 0.43799999356269836, 0.43799999356269836, 0.4429999887943268, 0.4429999887943268, 0.44600000977516174, 0.4480000138282776, 0.44600000977516174, 0.44699999690055847, 0.4429999887943268, 0.4399999976158142, 0.4399999976158142, 0.44200000166893005, 0.4429999887943268, 0.4480000138282776, 0.4480000138282776, 0.44699999690055847, 0.4480000138282776, 0.44699999690055847, 0.45100000500679016, 0.45100000500679016, 0.4490000009536743, 0.4490000009536743, 0.4490000009536743, 0.44600000977516174, 0.44600000977516174, 0.44600000977516174, 0.45100000500679016, 0.44200000166893005, 0.4449999928474426, 0.4440000057220459, 0.44999998807907104, 0.453000009059906, 0.453000009059906, 0.45399999618530273, 0.453000009059906, 0.44999998807907104, 0.4490000009536743, 0.453000009059906, 0.45500001311302185, 0.45500001311302185, 0.45500001311302185, 0.45899999141693115, 0.45500001311302185, 0.4560000002384186, 0.45399999618530273, 0.45399999618530273, 0.4519999921321869, 0.45500001311302185, 0.45500001311302185, 0.4560000002384186, 0.4569999873638153, 0.4580000042915344, 0.46000000834465027, 0.460999995470047, 0.46000000834465027, 0.4580000042915344, 0.46000000834465027, 0.460999995470047, 0.4560000002384186, 0.4519999921321869, 0.453000009059906, 0.460999995470047, 0.45899999141693115, 0.45899999141693115, 0.4580000042915344, 0.4580000042915344, 0.460999995470047, 0.460999995470047, 0.46299999952316284, 0.4659999907016754, 0.4659999907016754, 0.4659999907016754, 0.46000000834465027, 0.46000000834465027, 0.45899999141693115, 0.4650000035762787, 0.4699999988079071, 0.4699999988079071, 0.46799999475479126, 0.46799999475479126, 0.46700000762939453, 0.46399998664855957, 0.46399998664855957, 0.47099998593330383, 0.4740000069141388, 0.47200000286102295, 0.47200000286102295, 0.47600001096725464, 0.47699999809265137, 0.47699999809265137, 0.47600001096725464, 0.4729999899864197, 0.47200000286102295, 0.4690000116825104, 0.4729999899864197, 0.4729999899864197, 0.4740000069141388, 0.47200000286102295, 0.47600001096725464, 0.47200000286102295, 0.4749999940395355, 0.47600001096725464, 0.47200000286102295, 0.47200000286102295, 0.47200000286102295, 0.47099998593330383, 0.46700000762939453, 0.4699999988079071, 0.4740000069141388, 0.4790000021457672, 0.4860000014305115, 0.4860000014305115, 0.4860000014305115, 0.48399999737739563, 0.4880000054836273, 0.4880000054836273, 0.48899999260902405, 0.4860000014305115, 0.4869999885559082, 0.49000000953674316, 0.48899999260902405, 0.4880000054836273, 0.49300000071525574, 0.4869999885559082, 0.4869999885559082, 0.4880000054836273, 0.4950000047683716, 0.492000013589859, 0.492000013589859, 0.4950000047683716, 0.4970000088214874, 0.5, 0.49900001287460327, 0.5090000033378601, 0.5099999904632568, 0.5080000162124634, 0.5040000081062317, 0.5120000243186951, 0.5149999856948853, 0.5180000066757202, 0.5170000195503235, 0.5170000195503235, 0.5170000195503235, 0.5180000066757202, 0.5180000066757202, 0.5180000066757202, 0.5170000195503235, 0.5170000195503235, 0.5230000019073486, 0.5260000228881836, 0.5249999761581421, 0.5249999761581421, 0.5260000228881836, 0.5239999890327454, 0.527999997138977, 0.5350000262260437, 0.5360000133514404, 0.5370000004768372, 0.5419999957084656, 0.5419999957084656, 0.5350000262260437, 0.5370000004768372, 0.5479999780654907, 0.5479999780654907, 0.5419999957084656, 0.5509999990463257, 0.5540000200271606, 0.5529999732971191, 0.5569999814033508, 0.5600000023841858, 0.5590000152587891, 0.5580000281333923, 0.5590000152587891, 0.5690000057220459, 0.5690000057220459, 0.5720000267028809, 0.5720000267028809, 0.5669999718666077, 0.5720000267028809, 0.5740000009536743, 0.578000009059906, 0.5849999785423279, 0.5879999995231628, 0.5899999737739563, 0.5920000076293945, 0.5920000076293945, 0.5889999866485596, 0.5950000286102295, 0.6050000190734863, 0.6050000190734863, 0.6050000190734863, 0.6079999804496765, 0.6129999756813049, 0.6129999756813049, 0.6159999966621399, 0.6159999966621399, 0.6190000176429749, 0.6230000257492065, 0.6230000257492065, 0.6240000128746033, 0.6309999823570251, 0.6340000033378601, 0.6389999985694885, 0.6439999938011169, 0.640999972820282, 0.6399999856948853, 0.6430000066757202, 0.640999972820282, 0.6439999938011169, 0.6460000276565552, 0.6449999809265137, 0.6520000100135803, 0.6610000133514404, 0.6639999747276306, 0.6660000085830688, 0.6650000214576721, 0.675000011920929, 0.6729999780654907, 0.6769999861717224, 0.6790000200271606, 0.6800000071525574, 0.6819999814033508, 0.6819999814033508, 0.6859999895095825, 0.6909999847412109, 0.6940000057220459, 0.6959999799728394, 0.699999988079071, 0.7139999866485596, 0.7120000123977661, 0.7110000252723694, 0.7139999866485596, 0.7170000076293945, 0.7200000286102295, 0.7269999980926514, 0.7269999980926514, 0.7400000095367432, 0.7429999709129333, 0.75, 0.753000020980835, 0.7590000033378601, 0.7620000243186951, 0.7599999904632568, 0.7559999823570251, 0.7570000290870667, 0.7540000081062317, 0.7609999775886536, 0.7620000243186951, 0.7680000066757202, 0.7599999904632568, 0.7609999775886536, 0.7590000033378601, 0.7710000276565552, 0.7799999713897705, 0.7919999957084656, 0.7979999780654907, 0.7889999747276306, 0.7829999923706055, 0.7990000247955322, 0.8140000104904175, 0.8199999928474426, 0.824999988079071, 0.8360000252723694, 0.8429999947547913, 0.8349999785423279, 0.8420000076293945, 0.8560000061988831, 0.8600000143051147, 0.8610000014305115, 0.8709999918937683, 0.8700000047683716, 0.878000020980835, 0.875, 0.871999979019165, 0.8830000162124634, 0.8930000066757202]
intensities: [1118.0, 1129.0, 1196.0, 1196.0, 1329.0, 1463.0, 1489.0, 1556.0, 1584.0, 1592.0, 1621.0, 1640.0, 1625.0, 1462.0, 1462.0, 1289.0, 1081.0, 1019.0, 844.0, 886.0, 947.0, 1039.0, 1083.0, 1116.0, 1111.0, 1081.0, 1095.0, 1078.0, 1103.0, 1186.0, 1220.0, 1447.0, 1436.0, 1503.0, 1639.0, 1628.0, 1722.0, 1733.0, 1736.0, 1763.0, 1766.0, 1770.0, 1786.0, 1770.0, 1800.0, 1800.0, 1802.0, 1796.0, 1799.0, 1803.0, 1810.0, 1780.0, 1785.0, 1796.0, 1796.0, 1784.0, 1759.0, 1769.0, 1761.0, 1761.0, 1759.0, 1751.0, 1751.0, 1751.0, 1751.0, 1751.0, 1751.0, 1751.0, 1751.0, 1751.0, 1742.0, 1739.0, 1731.0, 1751.0, 1749.0, 1746.0, 1741.0, 1734.0, 1713.0, 1733.0, 1688.0, 1695.0, 1693.0, 1695.0, 1698.0, 1687.0, 1706.0, 1702.0, 1692.0, 1676.0, 1662.0, 1662.0, 1664.0, 1664.0, 1646.0, 1629.0, 1629.0, 1612.0, 1635.0, 1625.0, 1596.0, 1605.0, 1609.0, 1599.0, 1613.0, 1595.0, 1572.0, 1589.0, 1596.0, 1597.0, 1582.0, 1568.0, 1565.0, 1562.0, 1552.0, 1549.0, 1552.0, 1539.0, 1539.0, 1526.0, 1530.0, 1530.0, 1543.0, 1539.0, 1526.0, 1535.0, 1503.0, 1490.0, 1490.0, 1490.0, 1491.0, 1490.0, 1487.0, 1486.0, 1488.0, 1487.0, 1487.0, 1470.0, 1461.0, 1470.0, 1452.0, 1462.0, 1439.0, 1438.0, 1416.0, 1412.0, 1414.0, 1412.0, 1412.0, 1397.0, 1383.0, 1387.0, 1365.0, 1376.0, 1365.0, 1363.0, 1360.0, 1347.0, 1361.0, 1354.0, 1350.0, 1342.0, 1347.0, 1337.0, 1339.0, 1336.0, 1331.0, 1335.0, 1320.0, 1321.0, 1321.0, 1305.0, 1304.0, 1299.0, 1297.0, 1285.0, 1278.0, 1262.0, 1243.0, 1254.0, 1255.0, 1244.0, 1239.0, 1234.0, 1235.0, 1230.0, 1232.0, 1242.0, 1257.0, 1223.0, 1223.0, 1225.0, 1219.0, 1219.0, 1212.0, 1220.0, 1213.0, 1221.0, 1217.0, 1217.0, 1213.0, 1212.0, 1210.0, 1208.0, 1208.0, 1208.0, 1206.0, 1208.0, 1206.0, 1206.0, 1205.0, 1203.0, 1200.0, 1200.0, 1200.0, 1202.0, 1202.0, 1202.0, 1192.0, 1187.0, 1191.0, 1189.0, 1192.0, 1186.0, 1169.0, 1172.0, 1148.0, 1148.0, 1160.0, 1173.0, 1145.0, 1141.0, 1133.0, 1140.0, 1124.0, 1143.0, 1140.0, 1134.0, 1136.0, 1126.0, 1113.0, 1128.0, 1127.0, 1133.0, 1140.0, 1137.0, 1137.0, 1136.0, 1127.0, 1127.0, 1135.0, 1135.0, 1132.0, 1132.0, 1123.0, 1129.0, 1131.0, 1138.0, 1127.0, 1144.0, 1145.0, 1131.0, 1131.0, 1131.0, 1136.0, 1132.0, 1127.0, 1137.0, 1136.0, 1113.0, 1121.0, 1135.0, 1140.0, 1127.0, 1147.0, 1119.0, 1113.0, 1118.0, 1103.0, 1107.0, 1121.0, 1109.0, 1115.0, 1118.0, 1097.0, 1097.0, 1092.0, 1056.0, 1039.0, 997.0, 1356.0, 773.0, 192.0, 882.0, 863.0, 880.0, 880.0, 885.0, 878.0, 884.0, 891.0, 889.0, 905.0, 906.0, 901.0, 895.0, 906.0, 907.0, 911.0, 917.0, 922.0, 929.0, 927.0, 915.0, 926.0, 928.0, 936.0, 944.0, 937.0, 932.0, 937.0, 945.0, 953.0, 949.0, 951.0, 956.0, 951.0, 952.0, 953.0, 961.0, 966.0, 964.0, 961.0, 959.0, 960.0, 967.0, 968.0, 972.0, 974.0, 977.0, 990.0, 990.0, 982.0, 980.0, 994.0, 1004.0, 1002.0, 1019.0, 1010.0, 1021.0, 1038.0, 1035.0, 1030.0, 1026.0, 1032.0, 1033.0, 1045.0, 1034.0, 1047.0, 1044.0, 1042.0, 1050.0, 1057.0, 1052.0, 1051.0, 1053.0, 1069.0, 1051.0, 1057.0, 1061.0, 1071.0, 1077.0, 1076.0, 1061.0, 1086.0, 1068.0, 1076.0, 1089.0, 1093.0, 1100.0, 1095.0, 1101.0, 1115.0, 1112.0, 1110.0, 1111.0, 1117.0, 1108.0, 1123.0, 1110.0, 1137.0, 1127.0, 1103.0, 1108.0, 1097.0, 1105.0, 1133.0, 1116.0, 1099.0, 1106.0, 1115.0, 1105.0, 1092.0, 1097.0, 1127.0, 1107.0, 1092.0, 1092.0, 1094.0, 1111.0, 1103.0, 1082.0, 1124.0, 1118.0, 1108.0, 1099.0, 1102.0, 1113.0, 1098.0, 1095.0, 1093.0, 1110.0, 1103.0, 1103.0, 1106.0, 1130.0, 1117.0, 1118.0, 1112.0, 1132.0, 1132.0, 1114.0, 1136.0, 1099.0, 1109.0, 1109.0, 1132.0, 1134.0, 1131.0, 1138.0, 1147.0, 1136.0, 1138.0, 1136.0, 1136.0, 1130.0, 1131.0, 1122.0, 1124.0, 1156.0, 1132.0, 1129.0, 1150.0, 1144.0, 1145.0, 1143.0, 1149.0, 1146.0, 1157.0, 1152.0, 1158.0, 1173.0, 1168.0, 1148.0, 1165.0, 1165.0, 1150.0, 1188.0, 1183.0, 1168.0, 1182.0, 1185.0, 1182.0, 1186.0, 1190.0, 1190.0, 1184.0, 1179.0, 1167.0, 1186.0, 1179.0, 1163.0, 1188.0, 1192.0, 1196.0, 1182.0, 1174.0, 1197.0, 1211.0, 1204.0, 1194.0, 1180.0, 1185.0, 1189.0, 1198.0, 1199.0, 1224.0, 1189.0, 1200.0, 1196.0, 1201.0, 1228.0, 1221.0, 1215.0, 1220.0, 1215.0, 1215.0, 1218.0, 1215.0, 1229.0, 1223.0, 1226.0, 1204.0, 1205.0, 1203.0, 1224.0, 1217.0, 1240.0, 1229.0, 1227.0, 1217.0, 1217.0, 1228.0, 1221.0, 1227.0, 1243.0, 1243.0, 1236.0, 1239.0, 1250.0, 1251.0, 1245.0, 1241.0, 1248.0, 1247.0, 1251.0, 1253.0, 1247.0, 1266.0, 1263.0, 1271.0, 1262.0, 1264.0, 1263.0, 1270.0, 1270.0, 1265.0, 1272.0, 1275.0, 1273.0, 1284.0, 1292.0, 1299.0, 1285.0, 1292.0, 1286.0, 1309.0, 1307.0, 1299.0, 1295.0, 1310.0, 1306.0, 1298.0, 1305.0, 1305.0, 1313.0, 1324.0, 1319.0, 1330.0, 1315.0, 1332.0, 1326.0, 1333.0, 1346.0, 1361.0, 1326.0, 1326.0, 1326.0, 1330.0, 1329.0, 1332.0, 1330.0, 1333.0, 1332.0, 1337.0, 1336.0, 1343.0, 1342.0, 1342.0, 1343.0, 1349.0, 1352.0, 1350.0, 1352.0, 1352.0, 1358.0, 1360.0, 1359.0, 1367.0, 1362.0, 1367.0, 1364.0, 1366.0, 1371.0, 1369.0, 1386.0, 1380.0, 1384.0, 1379.0, 1379.0, 1396.0, 1420.0, 1417.0, 1441.0, 1433.0, 1427.0, 1451.0, 1441.0, 1440.0, 1445.0, 1448.0, 1434.0, 1448.0, 1454.0, 1461.0, 1486.0, 1465.0, 1475.0, 1498.0, 1494.0, 1494.0, 1495.0, 1497.0, 1527.0, 1528.0, 1546.0, 1542.0, 1533.0, 1551.0, 1531.0, 1542.0, 1547.0, 1554.0, 1564.0, 1573.0, 1573.0, 1574.0, 1577.0, 1557.0, 1585.0, 1570.0, 1593.0, 1600.0, 1612.0, 1614.0, 1621.0, 1634.0, 1632.0, 1636.0, 1629.0, 1629.0, 1636.0, 1643.0, 1650.0, 1662.0, 1665.0, 1668.0, 1676.0, 1660.0, 1662.0, 1675.0, 1670.0, 1661.0, 1664.0, 1668.0, 1672.0, 1687.0, 1684.0, 1679.0, 1697.0, 1697.0, 1672.0, 1683.0, 1695.0, 1695.0, 1695.0, 1695.0, 1673.0, 1663.0, 1702.0, 1709.0, 1718.0, 1713.0, 1704.0, 1696.0, 1700.0, 1709.0, 1718.0, 1718.0, 1716.0, 1722.0, 1718.0, 1723.0, 1730.0, 1730.0, 1721.0, 1731.0, 1716.0, 1731.0, 1738.0, 1751.0, 1753.0, 1746.0, 1749.0, 1728.0, 1741.0, 1749.0, 1738.0, 1738.0, 1738.0, 1740.0, 1738.0, 1739.0, 1740.0, 1729.0, 1729.0, 1738.0, 1739.0, 1741.0, 1745.0, 1745.0, 1745.0, 1745.0, 1739.0, 1742.0, 1732.0, 1746.0, 1740.0, 1746.0, 1742.0, 1743.0, 1743.0, 1732.0, 1731.0, 1697.0, 1723.0, 1735.0, 1730.0, 1728.0, 1718.0, 1708.0, 1741.0, 1721.0, 1736.0, 1738.0, 1742.0, 1729.0, 1718.0, 1721.0, 1711.0, 1713.0, 1693.0, 1702.0, 1703.0, 1706.0, 1711.0, 1689.0, 1703.0, 1712.0, 1712.0, 1691.0, 1677.0, 1670.0, 1661.0, 1662.0, 1670.0, 1661.0, 1656.0, 1668.0, 1684.0, 1678.0, 1678.0, 1664.0, 1666.0, 1667.0, 1668.0, 1665.0, 1660.0, 1668.0, 1675.0, 1671.0, 1671.0, 1665.0, 1652.0, 1662.0, 1632.0, 1664.0, 1664.0, 1632.0, 1632.0, 1633.0, 1627.0, 1636.0, 1606.0, 1614.0, 1598.0, 1579.0, 1599.0, 1587.0, 1600.0, 1597.0, 1589.0, 1606.0, 1554.0, 1581.0, 1589.0, 1576.0, 1591.0, 1568.0, 1563.0, 1550.0, 1564.0, 1578.0, 1562.0, 1562.0, 1594.0, 1580.0, 1567.0, 1569.0, 1550.0, 1542.0, 1562.0, 1551.0, 1542.0, 1523.0, 1513.0, 1503.0, 1499.0, 1495.0, 1503.0, 1487.0, 1480.0, 1492.0, 1483.0, 1487.0, 1481.0, 1476.0, 1456.0, 1460.0, 1452.0, 1439.0, 1452.0, 1451.0, 1455.0, 1447.0, 1454.0, 1442.0, 1460.0, 1448.0, 1430.0, 1417.0, 1407.0, 1423.0, 1410.0, 1385.0, 1381.0, 1396.0, 1380.0, 1380.0, 1372.0, 1370.0, 1356.0, 1356.0, 1359.0, 1363.0, 1356.0, 1350.0, 1324.0, 1336.0, 1332.0, 1333.0, 1338.0, 1338.0, 1335.0, 1325.0, 1312.0, 1309.0, 1297.0, 1307.0, 1311.0, 1290.0, 1290.0, 1288.0, 1297.0, 1297.0, 1276.0, 1264.0, 1260.0, 1262.0, 1266.0, 1266.0, 1254.0, 1249.0, 1238.0, 1260.0, 1253.0, 1233.0, 1231.0, 1251.0, 1251.0, 1237.0, 1223.0, 1223.0, 1219.0, 1213.0, 1214.0, 1214.0, 1212.0, 1201.0, 1212.0, 1212.0, 1211.0, 1198.0, 1201.0, 1193.0, 1188.0, 1184.0, 1195.0, 1139.0, 1139.0, 1153.0, 1168.0, 1159.0, 1159.0, 1156.0, 1146.0, 1155.0, 1160.0, 1150.0, 1156.0, 1153.0, 1144.0, 1147.0, 1150.0, 1157.0, 1161.0, 1146.0, 1146.0, 1143.0, 1136.0, 1132.0, 1124.0, 1124.0, 1141.0, 1141.0, 1144.0, 1142.0, 1151.0, 1138.0, 1127.0, 1147.0, 1142.0, 1142.0, 1127.0, 1127.0, 1137.0, 1148.0, 1147.0, 1147.0, 1140.0, 1143.0, 1149.0, 1150.0, 1153.0, 1156.0, 1151.0, 1137.0, 1136.0, 1164.0, 1147.0, 1141.0, 1141.0, 1140.0, 1151.0, 1144.0, 1148.0, 1146.0, 1141.0, 1145.0, 1134.0, 1138.0, 1124.0, 1139.0, 1140.0, 1141.0, 1140.0, 1144.0, 1141.0, 1138.0, 1128.0, 1142.0, 1132.0, 1121.0, 1117.0, 1119.0, 1130.0, 1134.0, 1140.0, 1141.0, 1134.0, 1143.0, 1136.0, 1137.0, 1136.0, 1135.0, 1137.0, 1135.0, 1133.0, 1136.0, 1142.0, 1142.0, 1174.0, 1158.0, 1139.0, 1135.0, 1144.0, 1152.0, 1152.0, 1161.0, 1175.0, 1175.0, 1175.0, 1166.0, 1172.0, 1176.0, 1171.0, 1175.0, 1191.0, 1197.0, 1197.0, 1197.0, 1217.0, 1220.0, 1218.0, 1222.0, 1234.0, 1233.0, 1219.0, 1233.0, 1238.0, 1234.0, 1246.0, 1238.0, 1228.0, 1232.0, 1240.0, 1213.0, 1227.0, 1232.0, 1253.0, 1248.0, 1247.0, 1240.0, 1293.0, 1280.0, 1300.0, 1308.0, 1304.0, 1318.0, 1294.0, 1299.0, 1285.0, 1295.0, 1295.0, 1312.0, 1284.0, 1306.0, 1305.0, 1305.0, 1300.0, 1297.0]