header: 
  seq: 2679
  stamp: 
    secs: 1548820824
    nsecs: 193675388
  frame_id: "base_link"
angle_min: -2.35619449615
angle_max: 2.35619449615
angle_increment: 0.00436332309619
time_increment: 1.73611151695e-05
scan_time: 0.0250000003725
range_min: 0.019999999553
range_max: 30.0
ranges: [0.44200000166893005, 0.4410000145435333, 0.43299999833106995, 0.4339999854564667, 0.42899999022483826, 0.4399999976158142, 0.4449999928474426, 0.4350000023841858, 0.43799999356269836, 0.4449999928474426, 0.4449999928474426, 0.44600000977516174, 0.43700000643730164, 0.41600000858306885, 0.4020000100135803, 0.38499999046325684, 0.3580000102519989, 0.30799999833106995, 0.26100000739097595, 0.2939999997615814, 0.35899999737739563, 0.39800000190734863, 0.4099999964237213, 0.41100001335144043, 0.4059999883174896, 0.41100001335144043, 0.4090000092983246, 0.4099999964237213, 0.40700000524520874, 0.3880000114440918, 0.4009999930858612, 0.3919999897480011, 0.4009999930858612, 0.40299999713897705, 0.40299999713897705, 0.4059999883174896, 0.40299999713897705, 0.4009999930858612, 0.39800000190734863, 0.3970000147819519, 0.3970000147819519, 0.39800000190734863, 0.38999998569488525, 0.39100000262260437, 0.39100000262260437, 0.39100000262260437, 0.3959999978542328, 0.3959999978542328, 0.3869999945163727, 0.38600000739097595, 0.382999986410141, 0.382999986410141, 0.3889999985694885, 0.3889999985694885, 0.375, 0.37599998712539673, 0.3790000081062317, 0.3790000081062317, 0.37700000405311584, 0.37700000405311584, 0.37700000405311584, 0.3709999918937683, 0.36899998784065247, 0.36800000071525574, 0.367000013589859, 0.36899998784065247, 0.36899998784065247, 0.3659999966621399, 0.36000001430511475, 0.36000001430511475, 0.36000001430511475, 0.3619999885559082, 0.3619999885559082, 0.36800000071525574, 0.36899998784065247, 0.36399999260902405, 0.36000001430511475, 0.3610000014305115, 0.3580000102519989, 0.35600000619888306, 0.35499998927116394, 0.3529999852180481, 0.3529999852180481, 0.35600000619888306, 0.35899999737739563, 0.35899999737739563, 0.36000001430511475, 0.3580000102519989, 0.35899999737739563, 0.3540000021457672, 0.3540000021457672, 0.3540000021457672, 0.3540000021457672, 0.3540000021457672, 0.3610000014305115, 0.3540000021457672, 0.3449999988079071, 0.34700000286102295, 0.35100001096725464, 0.35199999809265137, 0.35199999809265137, 0.34599998593330383, 0.34599998593330383, 0.34200000762939453, 0.33500000834465027, 0.335999995470047, 0.335999995470047, 0.335999995470047, 0.335999995470047, 0.3370000123977661, 0.33500000834465027, 0.33799999952316284, 0.3440000116825104, 0.34200000762939453, 0.3370000123977661, 0.335999995470047, 0.33399999141693115, 0.3319999873638153, 0.3319999873638153, 0.32899999618530273, 0.32499998807907104, 0.32499998807907104, 0.3240000009536743, 0.3240000009536743, 0.3240000009536743, 0.3240000009536743, 0.3240000009536743, 0.32499998807907104, 0.32600000500679016, 0.3199999928474426, 0.3199999928474426, 0.31700000166893005, 0.3199999928474426, 0.3230000138282776, 0.32499998807907104, 0.32499998807907104, 0.3240000009536743, 0.32100000977516174, 0.3240000009536743, 0.32199999690055847, 0.3190000057220459, 0.31700000166893005, 0.3199999928474426, 0.3230000138282776, 0.32100000977516174, 0.32199999690055847, 0.31200000643730164, 0.3140000104904175, 0.31700000166893005, 0.3160000145435333, 0.3160000145435333, 0.3190000057220459, 0.32100000977516174, 0.31299999356269836, 0.3199999928474426, 0.32100000977516174, 0.3179999887943268, 0.3149999976158142, 0.31700000166893005, 0.3199999928474426, 0.3199999928474426, 0.3140000104904175, 0.3140000104904175, 0.31299999356269836, 0.31200000643730164, 0.31299999356269836, 0.3160000145435333, 0.3160000145435333, 0.3160000145435333, 0.3160000145435333, 0.31299999356269836, 0.3149999976158142, 0.31299999356269836, 0.3109999895095825, 0.3109999895095825, 0.3109999895095825, 0.31200000643730164, 0.31200000643730164, 0.3149999976158142, 0.3140000104904175, 0.32100000977516174, 0.3230000138282776, 0.3230000138282776, 0.3190000057220459, 0.3179999887943268, 0.3160000145435333, 0.32899999618530273, 0.32499998807907104, 0.32100000977516174, 0.32499998807907104, 0.32899999618530273, 0.3319999873638153, 0.3319999873638153, 0.33000001311302185, 0.33399999141693115, 0.3269999921321869, 0.33000001311302185, 0.33000001311302185, 0.33399999141693115, 0.33799999952316284, 0.34299999475479126, 0.3400000035762787, 0.35499998927116394, 0.3490000069141388, 0.3490000069141388, 0.3490000069141388, 0.3499999940395355, 0.3569999933242798, 0.3529999852180481, 0.3529999852180481, 0.35899999737739563, 0.3630000054836273, 0.3569999933242798, 0.36000001430511475, 0.36800000071525574, 0.3709999918937683, 0.3720000088214874, 0.38100001215934753, 0.3880000114440918, 0.39100000262260437, 0.3970000147819519, 0.3970000147819519, 0.4059999883174896, 0.421999990940094, 0.43799999356269836, 0.43799999356269836, 0.44999998807907104, 0.45399999618530273, 0.46799999475479126, 0.46799999475479126, 0.4819999933242798, 0.49300000071525574, 0.5, 0.5149999856948853, 0.5249999761581421, 0.5389999747276306, 0.5450000166893005, 0.5630000233650208, 0.5759999752044678, 0.5960000157356262, 0.6069999933242798, 0.6359999775886536, 0.6520000100135803, 0.6610000133514404, 0.6710000038146973, 0.7049999833106995, 0.718999981880188, 0.753000020980835, 0.777999997138977, 0.800000011920929, 0.8360000252723694, 0.8740000128746033, 0.9200000166893005, 0.9539999961853027, 1.00600004196167, 1.0470000505447388, 1.1119999885559082, 1.1679999828338623, 1.225000023841858, 1.2990000247955322, 1.3839999437332153, 1.4709999561309814, 1.6019999980926514, 1.7740000486373901, 1.937999963760376, 2.1449999809265137, 2.9739999771118164, 2.9730000495910645, 2.9679999351501465, 2.9690001010894775, 2.9619998931884766, 2.9670000076293945, 2.9709999561309814, 2.9649999141693115, 2.9639999866485596, 2.9579999446868896, 2.9570000171661377, 2.9549999237060547, 2.9560000896453857, 2.9570000171661377, 2.9579999446868896, 2.946000099182129, 2.947000026702881, 2.947000026702881, 2.9489998817443848, 2.946000099182129, 2.940000057220459, 2.934999942779541, 2.934999942779541, 2.934000015258789, 2.9230000972747803, 2.9179999828338623, 2.9189999103546143, 2.9189999103546143, 2.9179999828338623, 2.9049999713897705, 2.9019999504089355, 2.9019999504089355, 2.9010000228881836, 2.8980000019073486, 2.8980000019073486, 2.8980000019073486, 2.878999948501587, 2.867000102996826, 2.8610000610351562, 2.861999988555908, 2.859999895095825, 2.8499999046325684, 2.8389999866485596, 2.8380000591278076, 2.8399999141693115, 2.8329999446868896, 2.821000099182129, 2.815999984741211, 2.803999900817871, 2.7960000038146973, 2.7869999408721924, 2.7829999923706055, 2.7769999504089355, 2.7690000534057617, 2.765000104904175, 2.746000051498413, 2.73799991607666, 2.736999988555908, 2.7279999256134033, 2.7190001010894775, 2.7119998931884766, 2.693000078201294, 2.687999963760376, 2.677000045776367, 2.6679999828338623, 2.6640000343322754, 2.6429998874664307, 2.635999917984009, 2.627000093460083, 2.617000102996826, 2.6019999980926514, 2.5889999866485596, 2.575000047683716, 2.552999973297119, 2.5450000762939453, 2.5429999828338623, 2.5409998893737793, 2.5160000324249268, 2.492000102996826, 2.4839999675750732, 2.4719998836517334, 2.4579999446868896, 2.447999954223633, 2.427999973297119, 2.4070000648498535, 2.381999969482422, 2.375, 2.364000082015991, 2.3410000801086426, 2.322999954223633, 2.296999931335449, 2.2790000438690186, 2.252000093460083, 2.2239999771118164, 2.2019999027252197, 2.191999912261963, 2.1670000553131104, 2.134000062942505, 2.117000102996826, 2.0889999866485596, 2.063999891281128, 2.055000066757202, 2.0390000343322754, 2.00600004196167, 1.9889999628067017, 1.968999981880188, 1.9559999704360962, 1.934000015258789, 1.9190000295639038, 1.8980000019073486, 1.8739999532699585, 1.8680000305175781, 1.843999981880188, 1.8259999752044678, 1.8140000104904175, 1.7970000505447388, 1.7769999504089355, 1.7630000114440918, 1.7430000305175781, 1.7319999933242798, 1.715999960899353, 1.7050000429153442, 1.6959999799728394, 1.6770000457763672, 1.6720000505447388, 1.6490000486373901, 1.6390000581741333, 1.6119999885559082, 1.6119999885559082, 1.600000023841858, 1.590999960899353, 1.5789999961853027, 1.562999963760376, 1.5449999570846558, 1.534999966621399, 1.5210000276565552, 1.5140000581741333, 1.5019999742507935, 1.496999979019165, 1.4919999837875366, 1.475000023841858, 1.4739999771118164, 1.4630000591278076, 1.4450000524520874, 1.434999942779541, 1.4359999895095825, 1.4199999570846558, 1.4160000085830688, 1.4010000228881836, 1.3899999856948853, 1.3880000114440918, 1.3799999952316284, 1.375, 1.3569999933242798, 1.3539999723434448, 1.343000054359436, 1.3339999914169312, 1.3229999542236328, 1.319000005722046, 1.309000015258789, 1.3029999732971191, 1.2940000295639038, 1.2890000343322754, 1.2790000438690186, 1.2719999551773071, 1.2599999904632568, 1.2580000162124634, 1.24399995803833, 1.24399995803833, 1.2419999837875366, 1.2309999465942383, 1.2200000286102295, 1.218999981880188, 1.2139999866485596, 1.2120000123977661, 1.2059999704360962, 1.1929999589920044, 1.187000036239624, 1.184000015258789, 1.180999994277954, 1.1740000247955322, 1.1690000295639038, 1.1629999876022339, 1.156000018119812, 1.152999997138977, 1.1490000486373901, 1.1419999599456787, 1.1380000114440918, 1.128999948501587, 1.121999979019165, 1.1169999837875366, 1.1169999837875366, 1.1169999837875366, 1.1150000095367432, 1.1089999675750732, 1.1039999723434448, 1.0959999561309814, 1.090000033378601, 1.090999960899353, 1.0809999704360962, 1.0809999704360962, 1.0779999494552612, 1.0729999542236328, 1.0720000267028809, 1.0709999799728394, 1.065000057220459, 1.062999963760376, 1.059000015258789, 1.0540000200271606, 1.0490000247955322, 1.0429999828338623, 1.0449999570846558, 1.0390000343322754, 1.034000039100647, 1.0299999713897705, 1.0290000438690186, 1.0219999551773071, 1.0160000324249268, 1.0160000324249268, 1.0119999647140503, 1.0089999437332153, 1.0069999694824219, 1.0069999694824219, 1.0019999742507935, 0.9929999709129333, 0.9879999756813049, 0.9819999933242798, 0.9810000061988831, 0.9819999933242798, 0.9750000238418579, 0.9729999899864197, 0.9729999899864197, 0.9710000157356262, 0.9739999771118164, 0.968999981880188, 0.9620000123977661, 0.9620000123977661, 0.9649999737739563, 0.9649999737739563, 0.9629999995231628, 0.9549999833106995, 0.9549999833106995, 0.9539999961853027, 0.9440000057220459, 0.9399999976158142, 0.9380000233650208, 0.9340000152587891, 0.9290000200271606, 0.9279999732971191, 0.9279999732971191, 0.9300000071525574, 0.9309999942779541, 0.9309999942779541, 0.9300000071525574, 0.9279999732971191, 0.9179999828338623, 0.9179999828338623, 0.9179999828338623, 0.9179999828338623, 0.9089999794960022, 0.9049999713897705, 0.9020000100135803, 0.9010000228881836, 0.9010000228881836, 0.9010000228881836, 0.8980000019073486, 0.8970000147819519, 0.890999972820282, 0.890999972820282, 0.8939999938011169, 0.8960000276565552, 0.8930000066757202, 0.890999972820282, 0.8849999904632568, 0.8840000033378601, 0.8830000162124634, 0.8820000290870667, 0.8820000290870667, 0.8820000290870667, 0.8759999871253967, 0.8730000257492065, 0.875, 0.8769999742507935, 0.8690000176429749, 0.8690000176429749, 0.8700000047683716, 0.8659999966621399, 0.8579999804496765, 0.859000027179718, 0.8579999804496765, 0.8579999804496765, 0.8579999804496765, 0.8579999804496765, 0.8569999933242798, 0.8550000190734863, 0.8569999933242798, 0.8569999933242798, 0.8550000190734863, 0.8500000238418579, 0.8500000238418579, 0.8510000109672546, 0.8410000205039978, 0.8410000205039978, 0.8389999866485596, 0.8379999995231628, 0.8370000123977661, 0.8420000076293945, 0.8389999866485596, 0.8370000123977661, 0.8289999961853027, 0.8289999961853027, 0.8289999961853027, 0.824999988079071, 0.8289999961853027, 0.8289999961853027, 0.8230000138282776, 0.8209999799728394, 0.8169999718666077, 0.8169999718666077, 0.8159999847412109, 0.8090000152587891, 0.8050000071525574, 0.8059999942779541, 0.8050000071525574, 0.8050000071525574, 0.8050000071525574, 0.8050000071525574, 0.8050000071525574, 0.8050000071525574, 0.800000011920929, 0.796999990940094, 0.7990000247955322, 0.7990000247955322, 0.796999990940094, 0.796999990940094, 0.796999990940094, 0.7950000166893005, 0.7940000295639038, 0.7979999780654907, 0.7919999957084656, 0.7910000085830688, 0.7900000214576721, 0.7870000004768372, 0.7879999876022339, 0.7850000262260437, 0.7839999794960022, 0.7839999794960022, 0.7839999794960022, 0.7860000133514404, 0.7860000133514404, 0.7820000052452087, 0.7760000228881836, 0.7749999761581421, 0.7749999761581421, 0.7739999890327454, 0.7680000066757202, 0.7670000195503235, 0.7649999856948853, 0.7630000114440918, 0.765999972820282, 0.7699999809265137, 0.7670000195503235, 0.7639999985694885, 0.7639999985694885, 0.7639999985694885, 0.7630000114440918, 0.7620000243186951, 0.7580000162124634, 0.7540000081062317, 0.7540000081062317, 0.753000020980835, 0.7540000081062317, 0.7540000081062317, 0.753000020980835, 0.7559999823570251, 0.75, 0.75, 0.7490000128746033, 0.7559999823570251, 0.7459999918937683, 0.7459999918937683, 0.7459999918937683, 0.7429999709129333, 0.7400000095367432, 0.734000027179718, 0.7329999804496765, 0.7329999804496765, 0.7329999804496765, 0.7329999804496765, 0.7329999804496765, 0.7310000061988831, 0.7279999852180481, 0.7260000109672546, 0.7279999852180481, 0.7239999771118164, 0.722000002861023, 0.722000002861023, 0.722000002861023, 0.7200000286102295, 0.7170000076293945, 0.7149999737739563, 0.7160000205039978, 0.7120000123977661, 0.7099999785423279, 0.7229999899864197, 0.7160000205039978, 0.7080000042915344, 0.7080000042915344, 0.7089999914169312, 0.7110000252723694, 0.7089999914169312, 0.7020000219345093, 0.7009999752044678, 0.7089999914169312, 0.7089999914169312, 0.7049999833106995, 0.7039999961853027, 0.7009999752044678, 0.6990000009536743, 0.6990000009536743, 0.6990000009536743, 0.6990000009536743, 0.6980000138282776, 0.6899999976158142, 0.6940000057220459, 0.6959999799728394, 0.6980000138282776, 0.6990000009536743, 0.6909999847412109, 0.6909999847412109, 0.6869999766349792, 0.6880000233650208, 0.6899999976158142, 0.6890000104904175, 0.6869999766349792, 0.6830000281333923, 0.6840000152587891, 0.6819999814033508, 0.6790000200271606, 0.6769999861717224, 0.675000011920929, 0.671999990940094, 0.671999990940094, 0.671999990940094, 0.6790000200271606, 0.6819999814033508, 0.6779999732971191, 0.6729999780654907, 0.6729999780654907, 0.6729999780654907, 0.6740000247955322, 0.6710000038146973, 0.6620000004768372, 0.6639999747276306, 0.6660000085830688, 0.6650000214576721, 0.6639999747276306, 0.6639999747276306, 0.6639999747276306, 0.6660000085830688, 0.6639999747276306, 0.6600000262260437, 0.6639999747276306, 0.6629999876022339, 0.6629999876022339, 0.6610000133514404, 0.6600000262260437, 0.6549999713897705, 0.6489999890327454, 0.652999997138977, 0.652999997138977, 0.6539999842643738, 0.6539999842643738, 0.6610000133514404, 0.6570000052452087, 0.6510000228881836, 0.6489999890327454, 0.6460000276565552, 0.6499999761581421, 0.6539999842643738, 0.6499999761581421, 0.6460000276565552, 0.6489999890327454, 0.6499999761581421, 0.6489999890327454, 0.6470000147819519, 0.6449999809265137, 0.6449999809265137, 0.6499999761581421, 0.6499999761581421, 0.6480000019073486, 0.6420000195503235, 0.6460000276565552, 0.6420000195503235, 0.6380000114440918, 0.6380000114440918, 0.6399999856948853, 0.6359999775886536, 0.6449999809265137, 0.6489999890327454, 0.6480000019073486, 0.6439999938011169, 0.6439999938011169, 0.640999972820282, 0.6380000114440918, 0.6320000290870667, 0.6269999742507935, 0.6290000081062317, 0.6299999952316284, 0.6290000081062317, 0.625, 0.6269999742507935, 0.6290000081062317, 0.6330000162124634, 0.6349999904632568, 0.6320000290870667, 0.6290000081062317, 0.6269999742507935, 0.6290000081062317, 0.628000020980835, 0.6309999823570251, 0.6290000081062317, 0.6240000128746033, 0.6290000081062317, 0.6290000081062317, 0.6290000081062317, 0.621999979019165, 0.6230000257492065, 0.6209999918937683, 0.6190000176429749, 0.6209999918937683, 0.6179999709129333, 0.6190000176429749, 0.6190000176429749, 0.6209999918937683, 0.6200000047683716, 0.6190000176429749, 0.6150000095367432, 0.6110000014305115, 0.6169999837875366, 0.6169999837875366, 0.6150000095367432, 0.609000027179718, 0.6110000014305115, 0.6169999837875366, 0.6129999756813049, 0.6200000047683716, 0.6240000128746033, 0.6209999918937683, 0.6100000143051147, 0.6129999756813049, 0.6159999966621399, 0.6119999885559082, 0.6060000061988831, 0.6039999723434448, 0.6010000109672546, 0.6039999723434448, 0.6050000190734863, 0.6060000061988831, 0.609000027179718, 0.6050000190734863, 0.609000027179718, 0.6050000190734863, 0.6050000190734863, 0.6029999852180481, 0.6029999852180481, 0.6029999852180481, 0.6069999933242798, 0.6079999804496765, 0.6100000143051147, 0.6100000143051147, 0.6019999980926514, 0.6060000061988831, 0.6029999852180481, 0.6039999723434448, 0.6060000061988831, 0.6060000061988831, 0.6019999980926514, 0.6019999980926514, 0.6019999980926514, 0.6019999980926514, 0.597000002861023, 0.5979999899864197, 0.6019999980926514, 0.609000027179718, 0.5989999771118164, 0.597000002861023, 0.5979999899864197, 0.6029999852180481, 0.6029999852180481, 0.6019999980926514, 0.6000000238418579, 0.6010000109672546, 0.6000000238418579, 0.6010000109672546, 0.5989999771118164, 0.5989999771118164, 0.6000000238418579, 0.6019999980926514, 0.6019999980926514, 0.5950000286102295, 0.5950000286102295, 0.5950000286102295, 0.5899999737739563, 0.5899999737739563, 0.5920000076293945, 0.5979999899864197, 0.6010000109672546, 0.593999981880188, 0.5960000157356262, 0.597000002861023, 0.597000002861023, 0.5960000157356262, 0.6010000109672546, 0.597000002861023, 0.6000000238418579, 0.6000000238418579, 0.6000000238418579, 0.597000002861023, 0.593999981880188, 0.5920000076293945, 0.593999981880188, 0.5960000157356262, 0.5989999771118164, 0.597000002861023, 0.5950000286102295, 0.5950000286102295, 0.5910000205039978, 0.5889999866485596, 0.5889999866485596, 0.5929999947547913, 0.5920000076293945, 0.5920000076293945, 0.5979999899864197, 0.597000002861023, 0.5979999899864197, 0.593999981880188, 0.5950000286102295, 0.5960000157356262, 0.5979999899864197, 0.5979999899864197, 0.5920000076293945, 0.5899999737739563, 0.5899999737739563, 0.5879999995231628, 0.5899999737739563, 0.5899999737739563, 0.5899999737739563, 0.5889999866485596, 0.5889999866485596, 0.5889999866485596, 0.5879999995231628, 0.5920000076293945, 0.5929999947547913, 0.5899999737739563, 0.5849999785423279, 0.5870000123977661, 0.5920000076293945, 0.5879999995231628, 0.593999981880188, 0.593999981880188, 0.5960000157356262, 0.5950000286102295, 0.5950000286102295, 0.593999981880188, 0.5910000205039978, 0.5929999947547913, 0.593999981880188, 0.5950000286102295, 0.5979999899864197, 0.5929999947547913, 0.5920000076293945, 0.5920000076293945, 0.5920000076293945, 0.5920000076293945, 0.5920000076293945, 0.597000002861023, 0.5920000076293945, 0.5870000123977661, 0.5899999737739563, 0.5960000157356262, 0.593999981880188, 0.5960000157356262, 0.6000000238418579, 0.5989999771118164, 0.5979999899864197, 0.5979999899864197, 0.5960000157356262, 0.597000002861023, 0.5960000157356262, 0.5950000286102295, 0.5929999947547913, 0.5960000157356262, 0.5979999899864197, 0.597000002861023, 0.5960000157356262, 0.5960000157356262, 0.5979999899864197, 0.593999981880188, 0.5910000205039978, 0.6069999933242798, 0.6069999933242798, 0.6060000061988831, 0.609000027179718, 0.6069999933242798, 0.6069999933242798, 0.6069999933242798, 0.6069999933242798, 0.6069999933242798, 0.6119999885559082, 0.6079999804496765, 0.6100000143051147, 0.6100000143051147, 0.6100000143051147, 0.6069999933242798, 0.6079999804496765, 0.6129999756813049, 0.6159999966621399, 0.6140000224113464, 0.6150000095367432, 0.6169999837875366, 0.6179999709129333, 0.6169999837875366, 0.6209999918937683, 0.6209999918937683, 0.6240000128746033, 0.6240000128746033, 0.6259999871253967, 0.6259999871253967, 0.621999979019165, 0.6309999823570251, 0.6309999823570251, 0.6309999823570251, 0.6290000081062317, 0.6290000081062317, 0.6309999823570251, 0.6309999823570251, 0.6349999904632568, 0.6349999904632568, 0.6359999775886536, 0.6370000243186951, 0.6340000033378601, 0.6359999775886536, 0.6389999985694885, 0.6370000243186951, 0.6349999904632568, 0.6340000033378601, 0.6330000162124634, 0.6320000290870667, 0.6330000162124634, 0.6349999904632568, 0.6399999856948853, 0.6399999856948853, 0.6430000066757202, 0.6470000147819519, 0.6439999938011169, 0.640999972820282, 0.6399999856948853, 0.640999972820282, 0.640999972820282, 0.640999972820282, 0.6470000147819519, 0.6520000100135803, 0.6389999985694885, 0.6370000243186951, 0.6380000114440918, 0.640999972820282, 0.6470000147819519, 0.6510000228881836, 0.6510000228881836, 0.6520000100135803, 0.6520000100135803, 0.6539999842643738, 0.6539999842643738, 0.6539999842643738, 0.6579999923706055, 0.6610000133514404, 0.6620000004768372, 0.6650000214576721, 0.6679999828338623, 0.6650000214576721, 0.6620000004768372, 0.6610000133514404, 0.6650000214576721, 0.6669999957084656, 0.6669999957084656, 0.6660000085830688, 0.6679999828338623, 0.6669999957084656, 0.6650000214576721, 0.6639999747276306, 0.6660000085830688, 0.6710000038146973, 0.6740000247955322, 0.675000011920929, 0.6729999780654907, 0.6710000038146973, 0.6850000023841858, 0.6880000233650208, 0.6909999847412109, 0.6880000233650208, 0.6959999799728394, 0.7080000042915344, 0.7099999785423279, 0.7080000042915344, 0.7059999704360962, 0.7059999704360962, 0.7129999995231628, 0.7139999866485596, 0.7110000252723694, 0.7120000123977661, 0.7120000123977661, 0.7229999899864197, 0.734000027179718, 0.7360000014305115]
intensities: [1080.0, 1100.0, 1104.0, 1153.0, 1138.0, 1259.0, 1353.0, 1386.0, 1432.0, 1446.0, 1450.0, 1445.0, 1443.0, 1311.0, 1268.0, 1210.0, 1052.0, 883.0, 787.0, 835.0, 952.0, 997.0, 1032.0, 1027.0, 1008.0, 1015.0, 1008.0, 1050.0, 1103.0, 1164.0, 1337.0, 1313.0, 1439.0, 1542.0, 1542.0, 1525.0, 1593.0, 1583.0, 1605.0, 1612.0, 1612.0, 1609.0, 1602.0, 1594.0, 1594.0, 1594.0, 1594.0, 1595.0, 1571.0, 1575.0, 1579.0, 1579.0, 1568.0, 1581.0, 1576.0, 1582.0, 1568.0, 1568.0, 1543.0, 1523.0, 1523.0, 1529.0, 1526.0, 1528.0, 1526.0, 1526.0, 1526.0, 1500.0, 1520.0, 1518.0, 1510.0, 1526.0, 1526.0, 1531.0, 1523.0, 1500.0, 1494.0, 1501.0, 1489.0, 1489.0, 1491.0, 1487.0, 1479.0, 1464.0, 1466.0, 1466.0, 1474.0, 1469.0, 1469.0, 1452.0, 1452.0, 1446.0, 1435.0, 1435.0, 1435.0, 1435.0, 1421.0, 1393.0, 1407.0, 1403.0, 1415.0, 1410.0, 1408.0, 1416.0, 1405.0, 1412.0, 1402.0, 1399.0, 1394.0, 1380.0, 1392.0, 1371.0, 1403.0, 1402.0, 1385.0, 1383.0, 1373.0, 1379.0, 1379.0, 1351.0, 1364.0, 1361.0, 1361.0, 1350.0, 1335.0, 1356.0, 1353.0, 1354.0, 1341.0, 1320.0, 1332.0, 1333.0, 1325.0, 1332.0, 1318.0, 1303.0, 1329.0, 1327.0, 1326.0, 1329.0, 1356.0, 1339.0, 1347.0, 1344.0, 1318.0, 1339.0, 1299.0, 1336.0, 1335.0, 1336.0, 1336.0, 1308.0, 1324.0, 1329.0, 1353.0, 1326.0, 1306.0, 1301.0, 1290.0, 1295.0, 1283.0, 1254.0, 1254.0, 1252.0, 1260.0, 1269.0, 1237.0, 1237.0, 1237.0, 1233.0, 1235.0, 1205.0, 1193.0, 1171.0, 1180.0, 1173.0, 1175.0, 1168.0, 1191.0, 1169.0, 1155.0, 1138.0, 1121.0, 1122.0, 1121.0, 1107.0, 1158.0, 1141.0, 1124.0, 1134.0, 1137.0, 1127.0, 1127.0, 1105.0, 1116.0, 1094.0, 1111.0, 1111.0, 1110.0, 1109.0, 1124.0, 1093.0, 1109.0, 1092.0, 1096.0, 1096.0, 1100.0, 1109.0, 1105.0, 1090.0, 1103.0, 1111.0, 1085.0, 1094.0, 1084.0, 1078.0, 1069.0, 1075.0, 1076.0, 1038.0, 1032.0, 995.0, 971.0, 955.0, 949.0, 931.0, 932.0, 920.0, 929.0, 910.0, 924.0, 918.0, 912.0, 911.0, 908.0, 927.0, 910.0, 902.0, 885.0, 876.0, 864.0, 854.0, 851.0, 846.0, 836.0, 858.0, 839.0, 835.0, 814.0, 799.0, 808.0, 777.0, 771.0, 781.0, 799.0, 760.0, 760.0, 761.0, 744.0, 763.0, 775.0, 787.0, 858.0, 937.0, 1242.0, 1283.0, 916.0, 914.0, 919.0, 921.0, 905.0, 926.0, 938.0, 927.0, 923.0, 916.0, 916.0, 911.0, 913.0, 916.0, 918.0, 909.0, 909.0, 912.0, 915.0, 923.0, 925.0, 910.0, 910.0, 920.0, 915.0, 920.0, 919.0, 917.0, 915.0, 918.0, 923.0, 923.0, 922.0, 923.0, 928.0, 928.0, 929.0, 927.0, 920.0, 934.0, 929.0, 933.0, 918.0, 919.0, 921.0, 917.0, 928.0, 921.0, 918.0, 921.0, 926.0, 924.0, 919.0, 907.0, 919.0, 921.0, 913.0, 916.0, 932.0, 926.0, 925.0, 914.0, 915.0, 922.0, 918.0, 923.0, 900.0, 912.0, 915.0, 910.0, 908.0, 913.0, 920.0, 898.0, 899.0, 901.0, 914.0, 908.0, 902.0, 901.0, 906.0, 893.0, 887.0, 888.0, 894.0, 888.0, 889.0, 893.0, 899.0, 898.0, 889.0, 894.0, 893.0, 932.0, 919.0, 925.0, 909.0, 920.0, 956.0, 946.0, 941.0, 954.0, 953.0, 960.0, 953.0, 959.0, 969.0, 969.0, 968.0, 981.0, 972.0, 983.0, 981.0, 980.0, 985.0, 974.0, 979.0, 979.0, 974.0, 978.0, 998.0, 1016.0, 1018.0, 1008.0, 1018.0, 1023.0, 1024.0, 1016.0, 1034.0, 1025.0, 1041.0, 1038.0, 1042.0, 1037.0, 1048.0, 1047.0, 1054.0, 1041.0, 1049.0, 1045.0, 1043.0, 1055.0, 1047.0, 1051.0, 1061.0, 1064.0, 1055.0, 1059.0, 1065.0, 1071.0, 1074.0, 1075.0, 1089.0, 1089.0, 1092.0, 1093.0, 1100.0, 1103.0, 1099.0, 1110.0, 1110.0, 1106.0, 1111.0, 1102.0, 1122.0, 1106.0, 1130.0, 1125.0, 1125.0, 1132.0, 1128.0, 1132.0, 1146.0, 1139.0, 1137.0, 1142.0, 1147.0, 1163.0, 1152.0, 1158.0, 1150.0, 1170.0, 1163.0, 1179.0, 1177.0, 1183.0, 1185.0, 1191.0, 1192.0, 1197.0, 1203.0, 1211.0, 1211.0, 1212.0, 1229.0, 1246.0, 1253.0, 1250.0, 1258.0, 1262.0, 1263.0, 1280.0, 1294.0, 1278.0, 1267.0, 1289.0, 1289.0, 1307.0, 1295.0, 1294.0, 1300.0, 1293.0, 1296.0, 1323.0, 1330.0, 1319.0, 1331.0, 1339.0, 1339.0, 1348.0, 1350.0, 1352.0, 1352.0, 1349.0, 1350.0, 1359.0, 1354.0, 1345.0, 1379.0, 1373.0, 1395.0, 1395.0, 1393.0, 1394.0, 1397.0, 1394.0, 1399.0, 1423.0, 1414.0, 1413.0, 1417.0, 1409.0, 1421.0, 1418.0, 1428.0, 1439.0, 1436.0, 1431.0, 1431.0, 1431.0, 1438.0, 1440.0, 1440.0, 1438.0, 1460.0, 1455.0, 1468.0, 1468.0, 1464.0, 1464.0, 1472.0, 1468.0, 1476.0, 1476.0, 1501.0, 1494.0, 1497.0, 1496.0, 1503.0, 1513.0, 1522.0, 1509.0, 1516.0, 1530.0, 1517.0, 1516.0, 1523.0, 1527.0, 1525.0, 1540.0, 1518.0, 1535.0, 1527.0, 1525.0, 1526.0, 1527.0, 1527.0, 1527.0, 1538.0, 1535.0, 1541.0, 1541.0, 1547.0, 1554.0, 1557.0, 1544.0, 1543.0, 1548.0, 1553.0, 1553.0, 1575.0, 1558.0, 1558.0, 1563.0, 1555.0, 1563.0, 1554.0, 1551.0, 1554.0, 1561.0, 1556.0, 1564.0, 1577.0, 1567.0, 1567.0, 1566.0, 1559.0, 1557.0, 1559.0, 1567.0, 1550.0, 1572.0, 1565.0, 1567.0, 1567.0, 1559.0, 1557.0, 1550.0, 1550.0, 1546.0, 1556.0, 1559.0, 1565.0, 1580.0, 1562.0, 1574.0, 1574.0, 1578.0, 1580.0, 1583.0, 1570.0, 1577.0, 1567.0, 1572.0, 1585.0, 1588.0, 1588.0, 1597.0, 1590.0, 1591.0, 1600.0, 1596.0, 1585.0, 1601.0, 1598.0, 1613.0, 1613.0, 1602.0, 1591.0, 1603.0, 1614.0, 1611.0, 1614.0, 1608.0, 1618.0, 1619.0, 1621.0, 1619.0, 1616.0, 1615.0, 1615.0, 1610.0, 1613.0, 1616.0, 1625.0, 1622.0, 1625.0, 1633.0, 1629.0, 1628.0, 1625.0, 1625.0, 1630.0, 1630.0, 1633.0, 1630.0, 1630.0, 1632.0, 1630.0, 1637.0, 1643.0, 1641.0, 1643.0, 1632.0, 1639.0, 1632.0, 1637.0, 1637.0, 1651.0, 1658.0, 1654.0, 1665.0, 1653.0, 1651.0, 1671.0, 1663.0, 1655.0, 1655.0, 1665.0, 1669.0, 1671.0, 1654.0, 1646.0, 1677.0, 1675.0, 1677.0, 1686.0, 1693.0, 1685.0, 1669.0, 1672.0, 1672.0, 1684.0, 1681.0, 1689.0, 1686.0, 1683.0, 1689.0, 1683.0, 1679.0, 1675.0, 1678.0, 1673.0, 1663.0, 1696.0, 1663.0, 1680.0, 1683.0, 1683.0, 1678.0, 1678.0, 1677.0, 1673.0, 1668.0, 1698.0, 1706.0, 1692.0, 1684.0, 1686.0, 1686.0, 1697.0, 1689.0, 1682.0, 1685.0, 1685.0, 1675.0, 1679.0, 1690.0, 1714.0, 1680.0, 1693.0, 1683.0, 1723.0, 1702.0, 1701.0, 1695.0, 1689.0, 1712.0, 1693.0, 1708.0, 1698.0, 1709.0, 1710.0, 1693.0, 1699.0, 1699.0, 1692.0, 1699.0, 1683.0, 1710.0, 1707.0, 1705.0, 1716.0, 1696.0, 1695.0, 1694.0, 1710.0, 1694.0, 1693.0, 1693.0, 1702.0, 1688.0, 1688.0, 1716.0, 1682.0, 1692.0, 1702.0, 1690.0, 1695.0, 1685.0, 1696.0, 1693.0, 1709.0, 1697.0, 1689.0, 1673.0, 1675.0, 1674.0, 1676.0, 1683.0, 1678.0, 1676.0, 1673.0, 1673.0, 1672.0, 1672.0, 1675.0, 1669.0, 1666.0, 1674.0, 1667.0, 1672.0, 1676.0, 1667.0, 1667.0, 1667.0, 1657.0, 1675.0, 1668.0, 1665.0, 1678.0, 1672.0, 1677.0, 1677.0, 1670.0, 1658.0, 1660.0, 1652.0, 1663.0, 1653.0, 1635.0, 1644.0, 1601.0, 1617.0, 1632.0, 1634.0, 1628.0, 1633.0, 1627.0, 1633.0, 1621.0, 1615.0, 1618.0, 1637.0, 1642.0, 1647.0, 1642.0, 1643.0, 1648.0, 1640.0, 1633.0, 1622.0, 1628.0, 1639.0, 1635.0, 1626.0, 1615.0, 1615.0, 1626.0, 1637.0, 1606.0, 1589.0, 1558.0, 1558.0, 1552.0, 1580.0, 1580.0, 1575.0, 1572.0, 1568.0, 1568.0, 1568.0, 1563.0, 1561.0, 1570.0, 1567.0, 1558.0, 1552.0, 1529.0, 1529.0, 1528.0, 1541.0, 1531.0, 1553.0, 1543.0, 1531.0, 1563.0, 1538.0, 1513.0, 1513.0, 1520.0, 1520.0, 1511.0, 1507.0, 1515.0, 1503.0, 1501.0, 1510.0, 1500.0, 1505.0, 1505.0, 1498.0, 1497.0, 1490.0, 1482.0, 1475.0, 1463.0, 1463.0, 1461.0, 1466.0, 1447.0, 1449.0, 1438.0, 1440.0, 1437.0, 1434.0, 1437.0, 1433.0, 1442.0, 1434.0, 1429.0, 1416.0, 1416.0, 1426.0, 1410.0, 1402.0, 1406.0, 1399.0, 1393.0, 1402.0, 1402.0, 1394.0, 1388.0, 1388.0, 1365.0, 1380.0, 1380.0, 1379.0, 1380.0, 1372.0, 1334.0, 1303.0, 1331.0, 1344.0, 1346.0, 1348.0, 1366.0, 1374.0, 1363.0, 1353.0, 1358.0, 1389.0, 1376.0, 1376.0, 1349.0, 1345.0, 1342.0, 1353.0, 1322.0, 1327.0, 1322.0, 1335.0, 1335.0, 1328.0, 1328.0, 1321.0, 1332.0, 1335.0, 1338.0, 1310.0, 1313.0, 1318.0, 1308.0, 1313.0, 1299.0, 1301.0, 1299.0, 1305.0, 1322.0, 1304.0, 1313.0, 1318.0, 1311.0, 1314.0, 1317.0, 1308.0, 1308.0, 1305.0, 1309.0, 1318.0, 1323.0, 1321.0, 1321.0, 1324.0, 1322.0, 1314.0, 1328.0, 1328.0, 1326.0, 1326.0, 1317.0, 1308.0, 1315.0, 1322.0, 1326.0, 1325.0, 1326.0, 1318.0, 1323.0, 1329.0, 1320.0, 1311.0, 1307.0, 1334.0, 1349.0, 1336.0, 1331.0, 1344.0, 1344.0, 1339.0, 1328.0, 1332.0, 1325.0, 1326.0, 1339.0, 1334.0, 1321.0, 1318.0, 1325.0, 1318.0, 1319.0, 1325.0, 1329.0, 1333.0, 1335.0, 1332.0, 1332.0, 1354.0, 1352.0, 1346.0, 1335.0, 1346.0, 1346.0, 1344.0, 1343.0, 1359.0, 1358.0, 1354.0, 1366.0, 1364.0, 1364.0, 1371.0, 1378.0, 1373.0, 1370.0, 1369.0, 1353.0, 1357.0, 1367.0, 1373.0, 1374.0, 1374.0, 1356.0, 1356.0, 1364.0, 1372.0, 1370.0, 1373.0, 1377.0, 1379.0, 1364.0, 1368.0, 1344.0, 1362.0, 1397.0, 1397.0, 1389.0, 1390.0, 1405.0, 1393.0, 1388.0, 1394.0, 1405.0, 1395.0, 1393.0, 1381.0, 1375.0, 1378.0, 1383.0, 1381.0, 1376.0, 1388.0, 1381.0, 1382.0, 1385.0, 1380.0, 1380.0, 1380.0, 1371.0, 1369.0, 1372.0, 1376.0, 1364.0, 1354.0, 1356.0]