header: 
  seq: 1518
  stamp: 
    secs: 1548820795
    nsecs: 113823843
  frame_id: "base_link"
angle_min: -2.35619449615
angle_max: 2.35619449615
angle_increment: 0.00436332309619
time_increment: 1.73611151695e-05
scan_time: 0.0250000003725
range_min: 0.019999999553
range_max: 30.0
ranges: [0.4180000126361847, 0.4180000126361847, 0.41499999165534973, 0.4300000071525574, 0.43299999833106995, 0.4300000071525574, 0.42500001192092896, 0.42100000381469727, 0.4230000078678131, 0.4230000078678131, 0.41600000858306885, 0.414000004529953, 0.4099999964237213, 0.41499999165534973, 0.4099999964237213, 0.4059999883174896, 0.37400001287460327, 0.33899998664855957, 0.3050000071525574, 0.2709999978542328, 0.34700000286102295, 0.3499999940395355, 0.38600000739097595, 0.38999998569488525, 0.41100001335144043, 0.414000004529953, 0.40299999713897705, 0.4020000100135803, 0.39500001072883606, 0.38499999046325684, 0.40700000524520874, 0.39899998903274536, 0.3959999978542328, 0.39800000190734863, 0.39399999380111694, 0.3919999897480011, 0.3919999897480011, 0.3919999897480011, 0.3919999897480011, 0.3919999897480011, 0.3889999985694885, 0.3889999985694885, 0.38999998569488525, 0.3880000114440918, 0.38600000739097595, 0.3930000066757202, 0.39399999380111694, 0.38600000739097595, 0.38100001215934753, 0.3799999952316284, 0.3799999952316284, 0.38499999046325684, 0.38600000739097595, 0.3869999945163727, 0.3840000033378601, 0.38499999046325684, 0.3869999945163727, 0.38199999928474426, 0.37599998712539673, 0.38100001215934753, 0.3869999945163727, 0.3889999985694885, 0.38600000739097595, 0.37599998712539673, 0.37299999594688416, 0.37599998712539673, 0.37700000405311584, 0.37700000405311584, 0.36899998784065247, 0.36800000071525574, 0.3700000047683716, 0.36800000071525574, 0.36800000071525574, 0.36399999260902405, 0.36800000071525574, 0.36899998784065247, 0.36899998784065247, 0.375, 0.37400001287460327, 0.3709999918937683, 0.36800000071525574, 0.3659999966621399, 0.3619999885559082, 0.3619999885559082, 0.36899998784065247, 0.37599998712539673, 0.3720000088214874, 0.36500000953674316, 0.3610000014305115, 0.3610000014305115, 0.35899999737739563, 0.3540000021457672, 0.3610000014305115, 0.3610000014305115, 0.3619999885559082, 0.36500000953674316, 0.3619999885559082, 0.3610000014305115, 0.3610000014305115, 0.36000001430511475, 0.36000001430511475, 0.36500000953674316, 0.36000001430511475, 0.3610000014305115, 0.3610000014305115, 0.3630000054836273, 0.3630000054836273, 0.3529999852180481, 0.3499999940395355, 0.3540000021457672, 0.35899999737739563, 0.3569999933242798, 0.3610000014305115, 0.3499999940395355, 0.35100001096725464, 0.3580000102519989, 0.35899999737739563, 0.3619999885559082, 0.35899999737739563, 0.35199999809265137, 0.35199999809265137, 0.3479999899864197, 0.3449999988079071, 0.3490000069141388, 0.3540000021457672, 0.34299999475479126, 0.3449999988079071, 0.3499999940395355, 0.3449999988079071, 0.3449999988079071, 0.3440000116825104, 0.3449999988079071, 0.3440000116825104, 0.35100001096725464, 0.3529999852180481, 0.3529999852180481, 0.34599998593330383, 0.34200000762939453, 0.3490000069141388, 0.34700000286102295, 0.34599998593330383, 0.3370000123977661, 0.33500000834465027, 0.33500000834465027, 0.33799999952316284, 0.3449999988079071, 0.3409999907016754, 0.33000001311302185, 0.3310000002384186, 0.33799999952316284, 0.3409999907016754, 0.33799999952316284, 0.33000001311302185, 0.32899999618530273, 0.33799999952316284, 0.33899998664855957, 0.335999995470047, 0.33399999141693115, 0.335999995470047, 0.3370000123977661, 0.3310000002384186, 0.3330000042915344, 0.335999995470047, 0.33799999952316284, 0.32899999618530273, 0.3230000138282776, 0.32600000500679016, 0.328000009059906, 0.335999995470047, 0.335999995470047, 0.335999995470047, 0.33500000834465027, 0.3330000042915344, 0.32899999618530273, 0.3330000042915344, 0.3400000035762787, 0.3440000116825104, 0.33899998664855957, 0.3330000042915344, 0.3330000042915344, 0.32199999690055847, 0.32600000500679016, 0.328000009059906, 0.328000009059906, 0.33799999952316284, 0.3370000123977661, 0.335999995470047, 0.3319999873638153, 0.3310000002384186, 0.32899999618530273, 0.3370000123977661, 0.335999995470047, 0.32899999618530273, 0.32600000500679016, 0.33000001311302185, 0.3409999907016754, 0.3409999907016754, 0.33500000834465027, 0.33500000834465027, 0.3269999921321869, 0.32499998807907104, 0.32499998807907104, 0.3310000002384186, 0.33500000834465027, 0.33500000834465027, 0.3310000002384186, 0.3269999921321869, 0.32600000500679016, 0.3310000002384186, 0.32600000500679016, 0.328000009059906, 0.3269999921321869, 0.3269999921321869, 0.3230000138282776, 0.32199999690055847, 0.3269999921321869, 0.335999995470047, 0.33799999952316284, 0.3370000123977661, 0.33799999952316284, 0.33399999141693115, 0.3400000035762787, 0.3400000035762787, 0.33399999141693115, 0.32899999618530273, 0.3400000035762787, 0.34200000762939453, 0.3449999988079071, 0.3449999988079071, 0.3449999988079071, 0.3440000116825104, 0.3440000116825104, 0.3409999907016754, 0.3499999940395355, 0.34700000286102295, 0.3479999899864197, 0.3569999933242798, 0.3610000014305115, 0.3619999885559082, 0.36500000953674316, 0.3610000014305115, 0.3630000054836273, 0.3700000047683716, 0.37400001287460327, 0.3799999952316284, 0.37299999594688416, 0.36899998784065247, 0.38499999046325684, 0.3880000114440918, 0.38499999046325684, 0.382999986410141, 0.3889999985694885, 0.39500001072883606, 0.3959999978542328, 0.4020000100135803, 0.41200000047683716, 0.4169999957084656, 0.4189999997615814, 0.42899999022483826, 0.44699999690055847, 0.44200000166893005, 0.41999998688697815, 3.0260000228881836, 3.0260000228881836, 3.0299999713897705, 3.0220000743865967, 3.0179998874664307, 3.0139999389648438, 3.002000093460083, 3.003999948501587, 3.0, 3.000999927520752, 3.000999927520752, 3.002000093460083, 2.996000051498413, 2.993000030517578, 3.003000020980835, 2.994999885559082, 2.986999988555908, 2.9809999465942383, 2.9679999351501465, 2.9690001010894775, 2.9660000801086426, 2.9600000381469727, 2.953000068664551, 2.947000026702881, 2.938999891281128, 2.938999891281128, 2.931999921798706, 2.930000066757202, 2.921999931335449, 2.9149999618530273, 2.9119999408721924, 2.9140000343322754, 2.9130001068115234, 2.8940000534057617, 2.885999917984009, 2.869999885559082, 2.869999885559082, 2.8610000610351562, 2.8519999980926514, 2.8380000591278076, 2.8299999237060547, 2.8289999961853027, 2.828000068664551, 2.813999891281128, 2.802999973297119, 2.7839999198913574, 2.7780001163482666, 2.7699999809265137, 2.7679998874664307, 2.753999948501587, 2.734999895095825, 2.7269999980926514, 2.7149999141693115, 2.7109999656677246, 2.7009999752044678, 2.690999984741211, 2.6760001182556152, 2.6649999618530273, 2.6579999923706055, 2.6489999294281006, 2.635999917984009, 2.619999885559082, 2.6040000915527344, 2.5889999866485596, 2.572000026702881, 2.553999900817871, 2.5409998893737793, 2.5250000953674316, 2.505000114440918, 2.486999988555908, 2.4670000076293945, 2.4539999961853027, 2.436000108718872, 2.4200000762939453, 2.4010000228881836, 2.378999948501587, 2.3570001125335693, 2.3459999561309814, 2.3320000171661377, 2.2950000762939453, 2.2709999084472656, 2.246999979019165, 2.2200000286102295, 2.2060000896453857, 2.177000045776367, 2.1649999618530273, 2.1489999294281006, 2.13100004196167, 2.1040000915527344, 2.0850000381469727, 2.0769999027252197, 2.061000108718872, 2.0350000858306885, 2.0190000534057617, 2.006999969482422, 1.9930000305175781, 1.9670000076293945, 1.9570000171661377, 1.9359999895095825, 1.9170000553131104, 1.9140000343322754, 1.8960000276565552, 1.8680000305175781, 1.847000002861023, 1.840999960899353, 1.8289999961853027, 1.8209999799728394, 1.8079999685287476, 1.7999999523162842, 1.7829999923706055, 1.7619999647140503, 1.7510000467300415, 1.7339999675750732, 1.7230000495910645, 1.7100000381469727, 1.6979999542236328, 1.6829999685287476, 1.6690000295639038, 1.659999966621399, 1.6540000438690186, 1.6410000324249268, 1.6269999742507935, 1.6180000305175781, 1.6109999418258667, 1.6059999465942383, 1.5950000286102295, 1.5809999704360962, 1.5740000009536743, 1.559000015258789, 1.5420000553131104, 1.5360000133514404, 1.5329999923706055, 1.531999945640564, 1.5130000114440918, 1.5119999647140503, 1.5019999742507935, 1.4900000095367432, 1.4869999885559082, 1.4780000448226929, 1.4789999723434448, 1.465000033378601, 1.4589999914169312, 1.4450000524520874, 1.4450000524520874, 1.437000036239624, 1.4220000505447388, 1.4199999570846558, 1.4179999828338623, 1.4079999923706055, 1.3940000534057617, 1.3830000162124634, 1.3769999742507935, 1.371999979019165, 1.3650000095367432, 1.3569999933242798, 1.3550000190734863, 1.3480000495910645, 1.3380000591278076, 1.3339999914169312, 1.3289999961853027, 1.3200000524520874, 1.315000057220459, 1.3109999895095825, 1.2990000247955322, 1.3020000457763672, 1.2960000038146973, 1.2960000038146973, 1.2829999923706055, 1.2719999551773071, 1.2690000534057617, 1.2649999856948853, 1.2640000581741333, 1.2580000162124634, 1.2480000257492065, 1.2450000047683716, 1.2380000352859497, 1.2339999675750732, 1.2339999675750732, 1.2300000190734863, 1.2139999866485596, 1.2130000591278076, 1.2120000123977661, 1.2120000123977661, 1.2109999656677246, 1.2050000429153442, 1.1979999542236328, 1.194000005722046, 1.1890000104904175, 1.184999942779541, 1.1779999732971191, 1.1799999475479126, 1.1710000038146973, 1.1619999408721924, 1.1640000343322754, 1.1629999876022339, 1.152999997138977, 1.1519999504089355, 1.1510000228881836, 1.152999997138977, 1.1440000534057617, 1.1440000534057617, 1.1390000581741333, 1.1319999694824219, 1.1299999952316284, 1.1260000467300415, 1.11899995803833, 1.1200000047683716, 1.1009999513626099, 1.1160000562667847, 1.1109999418258667, 1.1050000190734863, 1.1019999980926514, 1.1050000190734863, 1.1050000190734863, 1.1009999513626099, 1.093999981880188, 1.090999960899353, 1.090999960899353, 1.0880000591278076, 1.0889999866485596, 1.0880000591278076, 1.0859999656677246, 1.0750000476837158, 1.0679999589920044, 1.062000036239624, 1.062999963760376, 1.0700000524520874, 1.0679999589920044, 1.0640000104904175, 1.0529999732971191, 1.0520000457763672, 1.055999994277954, 1.0470000505447388, 1.0470000505447388, 1.0470000505447388, 1.0499999523162842, 1.0440000295639038, 1.034999966621399, 1.034000039100647, 1.031999945640564, 1.031999945640564, 1.0329999923706055, 1.0290000438690186, 1.0210000276565552, 1.0180000066757202, 1.0190000534057617, 1.0199999809265137, 1.0169999599456787, 1.0140000581741333, 1.0099999904632568, 1.0069999694824219, 1.0069999694824219, 1.0049999952316284, 1.0069999694824219, 1.003999948501587, 1.0, 0.9980000257492065, 1.0, 0.996999979019165, 0.9950000047683716, 0.9909999966621399, 0.9900000095367432, 0.9919999837875366, 0.9909999966621399, 0.984000027179718, 0.9829999804496765, 0.9829999804496765, 0.9800000190734863, 0.9750000238418579, 0.9750000238418579, 0.9779999852180481, 0.9710000157356262, 0.9670000076293945, 0.9649999737739563, 0.9639999866485596, 0.9639999866485596, 0.9610000252723694, 0.9610000252723694, 0.9629999995231628, 0.9580000042915344, 0.953000009059906, 0.9539999961853027, 0.9539999961853027, 0.9480000138282776, 0.9449999928474426, 0.9399999976158142, 0.9409999847412109, 0.9470000267028809, 0.9440000057220459, 0.9380000233650208, 0.9380000233650208, 0.9330000281333923, 0.9369999766349792, 0.9330000281333923, 0.9330000281333923, 0.9330000281333923, 0.9330000281333923, 0.9330000281333923, 0.9330000281333923, 0.9169999957084656, 0.9150000214576721, 0.9229999780654907, 0.925000011920929, 0.9190000295639038, 0.9089999794960022, 0.9049999713897705, 0.9020000100135803, 0.9010000228881836, 0.9010000228881836, 0.9020000100135803, 0.9010000228881836, 0.9010000228881836, 0.8989999890327454, 0.8980000019073486, 0.8980000019073486, 0.8939999938011169, 0.890999972820282, 0.8889999985694885, 0.8880000114440918, 0.890999972820282, 0.8930000066757202, 0.8820000290870667, 0.8790000081062317, 0.8759999871253967, 0.8759999871253967, 0.8740000128746033, 0.8730000257492065, 0.8740000128746033, 0.8769999742507935, 0.875, 0.875, 0.8700000047683716, 0.8700000047683716, 0.8579999804496765, 0.8600000143051147, 0.8600000143051147, 0.859000027179718, 0.8529999852180481, 0.8569999933242798, 0.8510000109672546, 0.8510000109672546, 0.8529999852180481, 0.8579999804496765, 0.8629999756813049, 0.8619999885559082, 0.8519999980926514, 0.8450000286102295, 0.843999981880188, 0.843999981880188, 0.8420000076293945, 0.8370000123977661, 0.8339999914169312, 0.8339999914169312, 0.8330000042915344, 0.8309999704360962, 0.8320000171661377, 0.8270000219345093, 0.8220000267028809, 0.8199999928474426, 0.8209999799728394, 0.8209999799728394, 0.8289999961853027, 0.8180000185966492, 0.8140000104904175, 0.8140000104904175, 0.8190000057220459, 0.8149999976158142, 0.8050000071525574, 0.8009999990463257, 0.8009999990463257, 0.7979999780654907, 0.8059999942779541, 0.800000011920929, 0.8059999942779541, 0.8059999942779541, 0.800000011920929, 0.7950000166893005, 0.7929999828338623, 0.7829999923706055, 0.7839999794960022, 0.7839999794960022, 0.7860000133514404, 0.7850000262260437, 0.7839999794960022, 0.781000018119812, 0.7799999713897705, 0.7789999842643738, 0.7789999842643738, 0.7789999842643738, 0.7760000228881836, 0.7749999761581421, 0.7730000019073486, 0.7689999938011169, 0.7689999938011169, 0.7710000276565552, 0.7639999985694885, 0.7549999952316284, 0.7609999775886536, 0.7639999985694885, 0.7559999823570251, 0.7509999871253967, 0.753000020980835, 0.7540000081062317, 0.75, 0.7459999918937683, 0.7440000176429749, 0.746999979019165, 0.7519999742507935, 0.7480000257492065, 0.7419999837875366, 0.7400000095367432, 0.7360000014305115, 0.7360000014305115, 0.7289999723434448, 0.7269999980926514, 0.7269999980926514, 0.7300000190734863, 0.7319999933242798, 0.7289999723434448, 0.7269999980926514, 0.7229999899864197, 0.722000002861023, 0.7239999771118164, 0.7279999852180481, 0.7269999980926514, 0.7149999737739563, 0.7110000252723694, 0.7089999914169312, 0.7080000042915344, 0.7070000171661377, 0.7059999704360962, 0.7080000042915344, 0.7020000219345093, 0.7039999961853027, 0.7039999961853027, 0.7039999961853027, 0.699999988079071, 0.6970000267028809, 0.6970000267028809, 0.6980000138282776, 0.6940000057220459, 0.6940000057220459, 0.6940000057220459, 0.6940000057220459, 0.6940000057220459, 0.6919999718666077, 0.6869999766349792, 0.6819999814033508, 0.6850000023841858, 0.6869999766349792, 0.6809999942779541, 0.6769999861717224, 0.675000011920929, 0.6790000200271606, 0.6769999861717224, 0.6779999732971191, 0.6729999780654907, 0.6729999780654907, 0.6700000166893005, 0.6759999990463257, 0.6700000166893005, 0.6700000166893005, 0.6790000200271606, 0.6740000247955322, 0.6669999957084656, 0.6610000133514404, 0.6660000085830688, 0.6639999747276306, 0.6660000085830688, 0.6650000214576721, 0.6629999876022339, 0.6620000004768372, 0.6620000004768372, 0.6610000133514404, 0.6600000262260437, 0.6570000052452087, 0.656000018119812, 0.6520000100135803, 0.652999997138977, 0.6510000228881836, 0.6539999842643738, 0.6539999842643738, 0.6510000228881836, 0.6399999856948853, 0.6380000114440918, 0.6359999775886536, 0.6399999856948853, 0.6439999938011169, 0.6460000276565552, 0.6470000147819519, 0.6499999761581421, 0.6470000147819519, 0.6380000114440918, 0.6359999775886536, 0.6340000033378601, 0.6349999904632568, 0.640999972820282, 0.6340000033378601, 0.6320000290870667, 0.6349999904632568, 0.6349999904632568, 0.6299999952316284, 0.6299999952316284, 0.6290000081062317, 0.628000020980835, 0.6290000081062317, 0.628000020980835, 0.628000020980835, 0.6290000081062317, 0.625, 0.6240000128746033, 0.6240000128746033, 0.628000020980835, 0.628000020980835, 0.625, 0.6240000128746033, 0.621999979019165, 0.6159999966621399, 0.6140000224113464, 0.6159999966621399, 0.6069999933242798, 0.6069999933242798, 0.6129999756813049, 0.6140000224113464, 0.6129999756813049, 0.6119999885559082, 0.6110000014305115, 0.6050000190734863, 0.6129999756813049, 0.6100000143051147, 0.6100000143051147, 0.6119999885559082, 0.6079999804496765, 0.6029999852180481, 0.6039999723434448, 0.5979999899864197, 0.5979999899864197, 0.6010000109672546, 0.6029999852180481, 0.6029999852180481, 0.5960000157356262, 0.5920000076293945, 0.5920000076293945, 0.5920000076293945, 0.5920000076293945, 0.5889999866485596, 0.5889999866485596, 0.5889999866485596, 0.5929999947547913, 0.5960000157356262, 0.5910000205039978, 0.5870000123977661, 0.5860000252723694, 0.5849999785423279, 0.5879999995231628, 0.5920000076293945, 0.5920000076293945, 0.5870000123977661, 0.5849999785423279, 0.5820000171661377, 0.5849999785423279, 0.5860000252723694, 0.5789999961853027, 0.5730000138282776, 0.5770000219345093, 0.5770000219345093, 0.5680000185966492, 0.5740000009536743, 0.5730000138282776, 0.5730000138282776, 0.5730000138282776, 0.5770000219345093, 0.5770000219345093, 0.5690000057220459, 0.5699999928474426, 0.5699999928474426, 0.5680000185966492, 0.5690000057220459, 0.5770000219345093, 0.5759999752044678, 0.5730000138282776, 0.5709999799728394, 0.5730000138282776, 0.5730000138282776, 0.5740000009536743, 0.5669999718666077, 0.5699999928474426, 0.5730000138282776, 0.5699999928474426, 0.5680000185966492, 0.5659999847412109, 0.5680000185966492, 0.5720000267028809, 0.5730000138282776, 0.5680000185966492, 0.5649999976158142, 0.5649999976158142, 0.5640000104904175, 0.5649999976158142, 0.5690000057220459, 0.5690000057220459, 0.5630000233650208, 0.5630000233650208, 0.5600000023841858, 0.5600000023841858, 0.5600000023841858, 0.5590000152587891, 0.5590000152587891, 0.5680000185966492, 0.5680000185966492, 0.5699999928474426, 0.5659999847412109, 0.5619999766349792, 0.5619999766349792, 0.5680000185966492, 0.5680000185966492, 0.5649999976158142, 0.5680000185966492, 0.5609999895095825, 0.5590000152587891, 0.5630000233650208, 0.5680000185966492, 0.5690000057220459, 0.5590000152587891, 0.5600000023841858, 0.5619999766349792, 0.5659999847412109, 0.5630000233650208, 0.5659999847412109, 0.5609999895095825, 0.5609999895095825, 0.5609999895095825, 0.5649999976158142, 0.5640000104904175, 0.5640000104904175, 0.5649999976158142, 0.5600000023841858, 0.5649999976158142, 0.5659999847412109, 0.5619999766349792, 0.5580000281333923, 0.5619999766349792, 0.5640000104904175, 0.5619999766349792, 0.5649999976158142, 0.5630000233650208, 0.5619999766349792, 0.5619999766349792, 0.574999988079071, 0.5680000185966492, 0.5649999976158142, 0.5559999942779541, 0.5569999814033508, 0.5600000023841858, 0.5619999766349792, 0.5630000233650208, 0.5630000233650208, 0.5630000233650208, 0.5659999847412109, 0.5649999976158142, 0.5630000233650208, 0.5630000233650208, 0.5759999752044678, 0.5720000267028809, 0.5690000057220459, 0.5640000104904175, 0.5649999976158142, 0.5669999718666077, 0.5720000267028809, 0.5720000267028809, 0.5730000138282776, 0.5720000267028809, 0.5690000057220459, 0.5630000233650208, 0.5659999847412109, 0.5659999847412109, 0.5659999847412109, 0.5659999847412109, 0.574999988079071, 0.5720000267028809, 0.5730000138282776, 0.5770000219345093, 0.5770000219345093, 0.5770000219345093, 0.5770000219345093, 0.5770000219345093, 0.574999988079071, 0.5770000219345093, 0.5770000219345093, 0.5770000219345093, 0.578000009059906, 0.5789999961853027, 0.5770000219345093, 0.5789999961853027, 0.578000009059906, 0.578000009059906, 0.5929999947547913, 0.5770000219345093, 0.5929999947547913, 0.5929999947547913, 0.593999981880188, 0.593999981880188, 0.5889999866485596, 0.5910000205039978, 0.5960000157356262, 0.5960000157356262, 0.597000002861023, 0.5950000286102295, 0.5989999771118164, 0.6019999980926514, 0.597000002861023, 0.5989999771118164, 0.6000000238418579, 0.6039999723434448, 0.6029999852180481, 0.6039999723434448, 0.6050000190734863, 0.6039999723434448, 0.6010000109672546, 0.6119999885559082, 0.6159999966621399, 0.6140000224113464, 0.6129999756813049, 0.6119999885559082, 0.6100000143051147, 0.6110000014305115, 0.6110000014305115, 0.6110000014305115, 0.6119999885559082, 0.6200000047683716, 0.625, 0.6259999871253967, 0.6320000290870667, 0.6299999952316284, 0.6299999952316284, 0.6320000290870667, 0.6309999823570251, 0.6240000128746033, 0.6259999871253967, 0.6269999742507935, 0.6309999823570251, 0.640999972820282, 0.6460000276565552, 0.6430000066757202, 0.640999972820282, 0.6420000195503235, 0.6480000019073486, 0.6460000276565552, 0.6470000147819519, 0.6489999890327454, 0.6460000276565552, 0.6520000100135803, 0.6510000228881836, 0.6460000276565552, 0.6430000066757202, 0.6430000066757202, 0.6420000195503235, 0.6489999890327454, 0.6499999761581421, 0.6480000019073486, 0.6499999761581421, 0.6539999842643738, 0.6579999923706055, 0.6539999842643738, 0.6539999842643738, 0.6539999842643738, 0.6549999713897705, 0.6579999923706055, 0.6610000133514404, 0.6629999876022339, 0.6650000214576721, 0.6650000214576721, 0.6620000004768372, 0.6639999747276306, 0.6679999828338623, 0.671999990940094, 0.6759999990463257, 0.6830000281333923, 0.6819999814033508, 0.6729999780654907, 0.6710000038146973, 0.6740000247955322, 0.6800000071525574, 0.6859999895095825, 0.6869999766349792, 0.6869999766349792, 0.6880000233650208, 0.6890000104904175, 0.6850000023841858, 0.6850000023841858, 0.6830000281333923, 0.6890000104904175, 0.6940000057220459, 0.6949999928474426, 0.6880000233650208, 0.6880000233650208, 0.699999988079071, 0.7089999914169312, 0.7149999737739563, 0.7129999995231628, 0.7129999995231628, 0.7160000205039978, 0.7210000157356262, 0.7350000143051147, 0.734000027179718, 0.734000027179718, 0.7390000224113464, 0.7459999918937683, 0.746999979019165, 0.7490000128746033, 0.7549999952316284, 0.7599999904632568, 0.7590000033378601, 0.7670000195503235, 0.7699999809265137, 0.7789999842643738, 0.7850000262260437, 0.7850000262260437, 0.7889999747276306]
intensities: [1076.0, 1126.0, 1142.0, 1222.0, 1292.0, 1364.0, 1449.0, 1441.0, 1504.0, 1504.0, 1515.0, 1522.0, 1531.0, 1456.0, 1340.0, 1298.0, 1157.0, 994.0, 890.0, 806.0, 911.0, 892.0, 989.0, 993.0, 1025.0, 1022.0, 1003.0, 1034.0, 1116.0, 1142.0, 1353.0, 1380.0, 1412.0, 1522.0, 1550.0, 1567.0, 1597.0, 1597.0, 1610.0, 1610.0, 1636.0, 1639.0, 1647.0, 1647.0, 1648.0, 1643.0, 1655.0, 1660.0, 1642.0, 1634.0, 1634.0, 1632.0, 1621.0, 1611.0, 1596.0, 1604.0, 1606.0, 1603.0, 1618.0, 1594.0, 1578.0, 1590.0, 1592.0, 1588.0, 1607.0, 1579.0, 1574.0, 1578.0, 1587.0, 1592.0, 1596.0, 1578.0, 1566.0, 1569.0, 1583.0, 1562.0, 1562.0, 1556.0, 1544.0, 1559.0, 1574.0, 1561.0, 1546.0, 1546.0, 1543.0, 1538.0, 1531.0, 1534.0, 1533.0, 1530.0, 1531.0, 1531.0, 1511.0, 1511.0, 1506.0, 1495.0, 1509.0, 1517.0, 1517.0, 1512.0, 1481.0, 1503.0, 1481.0, 1499.0, 1499.0, 1480.0, 1480.0, 1474.0, 1472.0, 1468.0, 1466.0, 1454.0, 1459.0, 1448.0, 1438.0, 1453.0, 1427.0, 1436.0, 1427.0, 1433.0, 1433.0, 1434.0, 1418.0, 1422.0, 1425.0, 1421.0, 1414.0, 1421.0, 1409.0, 1411.0, 1401.0, 1378.0, 1377.0, 1398.0, 1343.0, 1343.0, 1350.0, 1375.0, 1353.0, 1338.0, 1350.0, 1362.0, 1358.0, 1358.0, 1348.0, 1330.0, 1333.0, 1328.0, 1342.0, 1321.0, 1298.0, 1297.0, 1294.0, 1301.0, 1282.0, 1282.0, 1285.0, 1286.0, 1285.0, 1283.0, 1278.0, 1279.0, 1267.0, 1260.0, 1281.0, 1267.0, 1274.0, 1274.0, 1277.0, 1277.0, 1279.0, 1279.0, 1281.0, 1278.0, 1271.0, 1265.0, 1263.0, 1263.0, 1242.0, 1252.0, 1241.0, 1248.0, 1247.0, 1237.0, 1235.0, 1232.0, 1235.0, 1232.0, 1246.0, 1202.0, 1209.0, 1191.0, 1185.0, 1175.0, 1180.0, 1191.0, 1187.0, 1188.0, 1194.0, 1169.0, 1181.0, 1181.0, 1178.0, 1176.0, 1176.0, 1155.0, 1134.0, 1126.0, 1134.0, 1118.0, 1139.0, 1117.0, 1115.0, 1114.0, 1118.0, 1125.0, 1136.0, 1123.0, 1156.0, 1141.0, 1132.0, 1128.0, 1127.0, 1115.0, 1104.0, 1119.0, 1111.0, 1104.0, 1106.0, 1110.0, 1102.0, 1102.0, 1090.0, 1082.0, 1085.0, 1084.0, 1088.0, 1093.0, 1100.0, 1116.0, 1109.0, 1108.0, 1105.0, 1099.0, 1105.0, 1105.0, 1105.0, 1093.0, 1083.0, 1064.0, 1052.0, 1058.0, 1060.0, 1064.0, 1042.0, 1012.0, 1012.0, 974.0, 969.0, 931.0, 757.0, 526.0, 891.0, 891.0, 909.0, 905.0, 906.0, 907.0, 920.0, 908.0, 901.0, 900.0, 900.0, 905.0, 914.0, 917.0, 934.0, 916.0, 910.0, 912.0, 904.0, 906.0, 902.0, 905.0, 904.0, 898.0, 906.0, 906.0, 904.0, 905.0, 912.0, 914.0, 915.0, 917.0, 919.0, 918.0, 920.0, 909.0, 909.0, 913.0, 913.0, 912.0, 909.0, 908.0, 905.0, 902.0, 912.0, 903.0, 907.0, 899.0, 900.0, 902.0, 903.0, 906.0, 900.0, 897.0, 900.0, 905.0, 894.0, 893.0, 895.0, 899.0, 891.0, 901.0, 904.0, 910.0, 898.0, 883.0, 890.0, 876.0, 879.0, 884.0, 874.0, 872.0, 863.0, 870.0, 870.0, 875.0, 879.0, 898.0, 896.0, 873.0, 882.0, 905.0, 923.0, 941.0, 933.0, 918.0, 930.0, 935.0, 942.0, 935.0, 950.0, 964.0, 948.0, 954.0, 967.0, 956.0, 959.0, 958.0, 952.0, 955.0, 954.0, 954.0, 967.0, 968.0, 970.0, 965.0, 974.0, 984.0, 991.0, 985.0, 987.0, 990.0, 994.0, 1000.0, 1004.0, 1012.0, 1019.0, 1034.0, 1028.0, 1030.0, 1026.0, 1034.0, 1030.0, 1030.0, 1055.0, 1046.0, 1053.0, 1054.0, 1053.0, 1056.0, 1057.0, 1062.0, 1073.0, 1077.0, 1090.0, 1084.0, 1089.0, 1089.0, 1089.0, 1115.0, 1108.0, 1116.0, 1124.0, 1124.0, 1121.0, 1112.0, 1111.0, 1122.0, 1101.0, 1099.0, 1088.0, 1098.0, 1116.0, 1118.0, 1107.0, 1105.0, 1097.0, 1098.0, 1098.0, 1101.0, 1097.0, 1104.0, 1104.0, 1102.0, 1117.0, 1103.0, 1103.0, 1110.0, 1136.0, 1127.0, 1094.0, 1128.0, 1130.0, 1134.0, 1138.0, 1146.0, 1144.0, 1146.0, 1163.0, 1164.0, 1180.0, 1178.0, 1177.0, 1187.0, 1195.0, 1186.0, 1209.0, 1206.0, 1215.0, 1218.0, 1206.0, 1223.0, 1225.0, 1248.0, 1248.0, 1247.0, 1265.0, 1272.0, 1275.0, 1275.0, 1281.0, 1286.0, 1282.0, 1299.0, 1299.0, 1294.0, 1302.0, 1306.0, 1311.0, 1312.0, 1309.0, 1302.0, 1310.0, 1322.0, 1316.0, 1321.0, 1324.0, 1324.0, 1337.0, 1345.0, 1341.0, 1338.0, 1345.0, 1342.0, 1356.0, 1354.0, 1365.0, 1365.0, 1364.0, 1365.0, 1347.0, 1365.0, 1362.0, 1377.0, 1376.0, 1382.0, 1395.0, 1392.0, 1392.0, 1399.0, 1399.0, 1395.0, 1400.0, 1405.0, 1425.0, 1425.0, 1422.0, 1413.0, 1415.0, 1413.0, 1418.0, 1421.0, 1403.0, 1411.0, 1403.0, 1416.0, 1417.0, 1419.0, 1418.0, 1417.0, 1415.0, 1420.0, 1418.0, 1419.0, 1414.0, 1420.0, 1420.0, 1423.0, 1420.0, 1416.0, 1414.0, 1416.0, 1424.0, 1432.0, 1424.0, 1416.0, 1423.0, 1431.0, 1424.0, 1434.0, 1437.0, 1428.0, 1433.0, 1430.0, 1438.0, 1422.0, 1418.0, 1461.0, 1463.0, 1447.0, 1452.0, 1447.0, 1460.0, 1469.0, 1475.0, 1477.0, 1473.0, 1471.0, 1471.0, 1476.0, 1479.0, 1462.0, 1457.0, 1477.0, 1471.0, 1471.0, 1477.0, 1483.0, 1483.0, 1485.0, 1481.0, 1485.0, 1486.0, 1486.0, 1492.0, 1492.0, 1508.0, 1499.0, 1499.0, 1487.0, 1490.0, 1493.0, 1481.0, 1491.0, 1487.0, 1483.0, 1482.0, 1466.0, 1478.0, 1488.0, 1490.0, 1486.0, 1499.0, 1481.0, 1486.0, 1486.0, 1490.0, 1490.0, 1490.0, 1503.0, 1503.0, 1500.0, 1501.0, 1499.0, 1504.0, 1504.0, 1522.0, 1538.0, 1500.0, 1516.0, 1514.0, 1512.0, 1512.0, 1520.0, 1517.0, 1544.0, 1544.0, 1540.0, 1535.0, 1530.0, 1531.0, 1531.0, 1537.0, 1534.0, 1545.0, 1543.0, 1550.0, 1550.0, 1546.0, 1546.0, 1546.0, 1557.0, 1561.0, 1558.0, 1558.0, 1548.0, 1538.0, 1539.0, 1553.0, 1554.0, 1560.0, 1567.0, 1567.0, 1541.0, 1554.0, 1570.0, 1574.0, 1571.0, 1571.0, 1585.0, 1582.0, 1583.0, 1584.0, 1580.0, 1591.0, 1577.0, 1550.0, 1567.0, 1572.0, 1597.0, 1591.0, 1589.0, 1618.0, 1615.0, 1617.0, 1623.0, 1622.0, 1606.0, 1622.0, 1616.0, 1618.0, 1619.0, 1612.0, 1606.0, 1625.0, 1617.0, 1618.0, 1605.0, 1623.0, 1629.0, 1616.0, 1635.0, 1634.0, 1635.0, 1633.0, 1635.0, 1636.0, 1637.0, 1633.0, 1633.0, 1639.0, 1639.0, 1642.0, 1643.0, 1643.0, 1643.0, 1640.0, 1628.0, 1643.0, 1643.0, 1650.0, 1652.0, 1649.0, 1646.0, 1646.0, 1648.0, 1648.0, 1650.0, 1643.0, 1650.0, 1651.0, 1652.0, 1652.0, 1652.0, 1652.0, 1655.0, 1652.0, 1667.0, 1661.0, 1654.0, 1656.0, 1656.0, 1656.0, 1657.0, 1657.0, 1653.0, 1661.0, 1658.0, 1660.0, 1646.0, 1656.0, 1659.0, 1644.0, 1652.0, 1661.0, 1661.0, 1654.0, 1639.0, 1665.0, 1665.0, 1659.0, 1650.0, 1653.0, 1658.0, 1668.0, 1658.0, 1659.0, 1662.0, 1665.0, 1663.0, 1652.0, 1657.0, 1650.0, 1672.0, 1671.0, 1663.0, 1662.0, 1645.0, 1636.0, 1642.0, 1642.0, 1629.0, 1673.0, 1653.0, 1634.0, 1673.0, 1647.0, 1622.0, 1653.0, 1625.0, 1623.0, 1625.0, 1632.0, 1619.0, 1622.0, 1632.0, 1619.0, 1620.0, 1630.0, 1622.0, 1610.0, 1615.0, 1611.0, 1603.0, 1601.0, 1610.0, 1588.0, 1623.0, 1605.0, 1591.0, 1593.0, 1589.0, 1580.0, 1601.0, 1609.0, 1612.0, 1612.0, 1571.0, 1555.0, 1555.0, 1573.0, 1570.0, 1554.0, 1554.0, 1561.0, 1573.0, 1567.0, 1561.0, 1571.0, 1557.0, 1546.0, 1541.0, 1557.0, 1545.0, 1533.0, 1545.0, 1550.0, 1550.0, 1569.0, 1537.0, 1554.0, 1541.0, 1546.0, 1546.0, 1569.0, 1569.0, 1577.0, 1522.0, 1527.0, 1539.0, 1539.0, 1562.0, 1556.0, 1545.0, 1545.0, 1554.0, 1567.0, 1551.0, 1558.0, 1537.0, 1517.0, 1529.0, 1514.0, 1533.0, 1536.0, 1520.0, 1523.0, 1523.0, 1527.0, 1518.0, 1494.0, 1507.0, 1497.0, 1512.0, 1482.0, 1495.0, 1495.0, 1495.0, 1476.0, 1471.0, 1471.0, 1462.0, 1462.0, 1458.0, 1458.0, 1449.0, 1447.0, 1453.0, 1443.0, 1443.0, 1434.0, 1447.0, 1446.0, 1446.0, 1443.0, 1443.0, 1447.0, 1445.0, 1447.0, 1452.0, 1446.0, 1440.0, 1430.0, 1447.0, 1442.0, 1437.0, 1432.0, 1432.0, 1432.0, 1427.0, 1417.0, 1428.0, 1431.0, 1408.0, 1400.0, 1390.0, 1360.0, 1375.0, 1360.0, 1365.0, 1365.0, 1360.0, 1356.0, 1353.0, 1380.0, 1372.0, 1363.0, 1363.0, 1353.0, 1363.0, 1372.0, 1342.0, 1337.0, 1335.0, 1337.0, 1342.0, 1333.0, 1324.0, 1328.0, 1333.0, 1326.0, 1312.0, 1315.0, 1321.0, 1320.0, 1306.0, 1293.0, 1301.0, 1316.0, 1316.0, 1315.0, 1308.0, 1303.0, 1290.0, 1298.0, 1296.0, 1295.0, 1288.0, 1298.0, 1297.0, 1297.0, 1288.0, 1292.0, 1294.0, 1292.0, 1294.0, 1291.0, 1267.0, 1256.0, 1256.0, 1251.0, 1271.0, 1262.0, 1258.0, 1253.0, 1253.0, 1271.0, 1258.0, 1268.0, 1268.0, 1260.0, 1260.0, 1269.0, 1274.0, 1266.0, 1266.0, 1264.0, 1273.0, 1273.0, 1275.0, 1272.0, 1282.0, 1284.0, 1275.0, 1269.0, 1260.0, 1265.0, 1269.0, 1264.0, 1302.0, 1276.0, 1274.0, 1272.0, 1265.0, 1278.0, 1284.0, 1284.0, 1280.0, 1261.0, 1286.0, 1298.0, 1286.0, 1276.0, 1258.0, 1262.0, 1273.0, 1287.0, 1270.0, 1279.0, 1277.0, 1287.0, 1291.0, 1293.0, 1295.0, 1309.0, 1298.0, 1315.0, 1292.0, 1315.0, 1324.0, 1306.0, 1323.0, 1320.0, 1299.0, 1308.0, 1308.0, 1313.0, 1304.0, 1299.0, 1293.0, 1288.0, 1325.0, 1327.0, 1317.0, 1315.0, 1315.0, 1320.0, 1326.0, 1326.0, 1320.0, 1312.0, 1302.0, 1295.0, 1309.0, 1319.0, 1316.0, 1308.0, 1303.0, 1294.0, 1303.0, 1311.0, 1314.0, 1314.0, 1303.0, 1316.0, 1310.0, 1315.0, 1321.0, 1311.0, 1322.0, 1312.0, 1307.0, 1322.0, 1331.0, 1321.0, 1321.0, 1289.0, 1311.0, 1311.0, 1326.0, 1326.0, 1304.0, 1293.0, 1298.0, 1285.0, 1291.0, 1293.0, 1302.0, 1320.0, 1301.0, 1308.0, 1316.0, 1285.0, 1279.0, 1270.0, 1257.0, 1255.0, 1255.0, 1248.0]