header: 
  seq: 1819
  stamp: 
    secs: 1548820802
    nsecs: 652762307
  frame_id: "base_link"
angle_min: -2.35619449615
angle_max: 2.35619449615
angle_increment: 0.00436332309619
time_increment: 1.73611151695e-05
scan_time: 0.0250000003725
range_min: 0.019999999553
range_max: 30.0
ranges: [0.5460000038146973, 0.5559999942779541, 0.5720000267028809, 0.5659999847412109, 0.5630000233650208, 0.5609999895095825, 0.5529999732971191, 0.5569999814033508, 0.5630000233650208, 0.5630000233650208, 0.5640000104904175, 0.5630000233650208, 0.5569999814033508, 0.5490000247955322, 0.5350000262260437, 0.4860000014305115, 0.42500001192092896, 0.36899998784065247, 0.33399999141693115, 0.32899999618530273, 0.3889999985694885, 0.44699999690055847, 0.5130000114440918, 0.5299999713897705, 0.5370000004768372, 0.5490000247955322, 0.5460000038146973, 0.5479999780654907, 0.5379999876022339, 0.5400000214576721, 0.5400000214576721, 0.5289999842643738, 0.5350000262260437, 0.5360000133514404, 0.5379999876022339, 0.5360000133514404, 0.5329999923706055, 0.5320000052452087, 0.5299999713897705, 0.5299999713897705, 0.527999997138977, 0.5289999842643738, 0.5249999761581421, 0.5180000066757202, 0.5109999775886536, 0.5120000243186951, 0.5120000243186951, 0.5120000243186951, 0.5090000033378601, 0.5130000114440918, 0.5130000114440918, 0.5120000243186951, 0.5080000162124634, 0.5090000033378601, 0.5099999904632568, 0.5099999904632568, 0.5080000162124634, 0.49900001287460327, 0.49900001287460327, 0.49900001287460327, 0.5019999742507935, 0.5019999742507935, 0.4970000088214874, 0.4950000047683716, 0.4950000047683716, 0.4970000088214874, 0.5009999871253967, 0.5049999952316284, 0.4970000088214874, 0.4950000047683716, 0.492000013589859, 0.4959999918937683, 0.4970000088214874, 0.49000000953674316, 0.48899999260902405, 0.49399998784065247, 0.49300000071525574, 0.49300000071525574, 0.4909999966621399, 0.49399998784065247, 0.49399998784065247, 0.49000000953674316, 0.4869999885559082, 0.49000000953674316, 0.49000000953674316, 0.49000000953674316, 0.49000000953674316, 0.48399999737739563, 0.4749999940395355, 0.4790000021457672, 0.47699999809265137, 0.47999998927116394, 0.4779999852180481, 0.4790000021457672, 0.47999998927116394, 0.4790000021457672, 0.47600001096725464, 0.4749999940395355, 0.47999998927116394, 0.4749999940395355, 0.4749999940395355, 0.4740000069141388, 0.4659999907016754, 0.4659999907016754, 0.4650000035762787, 0.46399998664855957, 0.4620000123977661, 0.4620000123977661, 0.46399998664855957, 0.4690000116825104, 0.47099998593330383, 0.4699999988079071, 0.46000000834465027, 0.45899999141693115, 0.4569999873638153, 0.45399999618530273, 0.453000009059906, 0.45399999618530273, 0.4580000042915344, 0.45899999141693115, 0.45899999141693115, 0.45899999141693115, 0.45899999141693115, 0.45899999141693115, 0.4580000042915344, 0.4580000042915344, 0.4569999873638153, 0.4580000042915344, 0.45500001311302185, 0.45500001311302185, 0.4580000042915344, 0.4560000002384186, 0.453000009059906, 0.453000009059906, 0.4569999873638153, 0.45500001311302185, 0.453000009059906, 0.4519999921321869, 0.44999998807907104, 0.44999998807907104, 0.4519999921321869, 0.4519999921321869, 0.44999998807907104, 0.4480000138282776, 0.45500001311302185, 0.45100000500679016, 0.4480000138282776, 0.4449999928474426, 0.44699999690055847, 0.44699999690055847, 0.4440000057220459, 0.4410000145435333, 0.4410000145435333, 0.44600000977516174, 0.44600000977516174, 0.44600000977516174, 0.4440000057220459, 0.4440000057220459, 0.4410000145435333, 0.4399999976158142, 0.4399999976158142, 0.4390000104904175, 0.44200000166893005, 0.4410000145435333, 0.44600000977516174, 0.4440000057220459, 0.4399999976158142, 0.4390000104904175, 0.4390000104904175, 0.4390000104904175, 0.4390000104904175, 0.4339999854564667, 0.42899999022483826, 0.42899999022483826, 0.4300000071525574, 0.4410000145435333, 0.4410000145435333, 0.4399999976158142, 0.4390000104904175, 0.43799999356269836, 0.43799999356269836, 0.43700000643730164, 0.43799999356269836, 0.4399999976158142, 0.43700000643730164, 0.43299999833106995, 0.4309999942779541, 0.42899999022483826, 0.42800000309944153, 0.4320000112056732, 0.4390000104904175, 0.43299999833106995, 0.42899999022483826, 0.4300000071525574, 0.43299999833106995, 0.4300000071525574, 0.4309999942779541, 0.4309999942779541, 0.43799999356269836, 0.4390000104904175, 0.4350000023841858, 0.4320000112056732, 0.4320000112056732, 0.44200000166893005, 0.4440000057220459, 0.4429999887943268, 0.43700000643730164, 0.4320000112056732, 0.4339999854564667, 0.4339999854564667, 0.4339999854564667, 0.4339999854564667, 0.4339999854564667, 0.4359999895095825, 0.4320000112056732, 0.4320000112056732, 0.4359999895095825, 0.43799999356269836, 0.43700000643730164, 0.44200000166893005, 0.4429999887943268, 0.4390000104904175, 0.43799999356269836, 0.43799999356269836, 0.4359999895095825, 0.4350000023841858, 0.4350000023841858, 0.4390000104904175, 0.4399999976158142, 0.4399999976158142, 0.4399999976158142, 0.43799999356269836, 0.44200000166893005, 0.43799999356269836, 0.43799999356269836, 0.4449999928474426, 0.43799999356269836, 0.4399999976158142, 0.4410000145435333, 0.4399999976158142, 0.4399999976158142, 0.4410000145435333, 0.4429999887943268, 0.44200000166893005, 0.4399999976158142, 0.4410000145435333, 0.43700000643730164, 0.4399999976158142, 0.44200000166893005, 0.4440000057220459, 0.44699999690055847, 0.4490000009536743, 0.4490000009536743, 0.44699999690055847, 0.4480000138282776, 0.4480000138282776, 0.4449999928474426, 0.44999998807907104, 0.4490000009536743, 0.453000009059906, 0.4480000138282776, 0.4490000009536743, 0.4580000042915344, 0.4519999921321869, 0.4399999976158142, 0.4490000009536743, 0.45399999618530273, 0.45399999618530273, 0.45100000500679016, 0.45399999618530273, 0.4560000002384186, 0.4569999873638153, 0.4490000009536743, 0.44999998807907104, 0.453000009059906, 0.4560000002384186, 0.45500001311302185, 0.45500001311302185, 0.45899999141693115, 0.45899999141693115, 0.46399998664855957, 0.46700000762939453, 0.46299999952316284, 0.47099998593330383, 0.4690000116825104, 0.4690000116825104, 0.4690000116825104, 0.4819999933242798, 0.4909999966621399, 0.48399999737739563, 0.48100000619888306, 0.48100000619888306, 0.48399999737739563, 0.49000000953674316, 0.4970000088214874, 0.49900001287460327, 0.4959999918937683, 0.5099999904632568, 0.5170000195503235, 0.5260000228881836, 0.5239999890327454, 0.5320000052452087, 0.531000018119812, 0.5450000166893005, 0.578000009059906, 0.6499999761581421, 0.7049999833106995, 0.6029999852180481, 2.4110000133514404, 2.4000000953674316, 2.374000072479248, 2.365000009536743, 2.3299999237060547, 2.315999984741211, 2.309999942779541, 2.2899999618530273, 2.2750000953674316, 2.263000011444092, 2.239000082015991, 2.234999895095825, 2.2179999351501465, 2.2100000381469727, 2.194000005722046, 2.1740000247955322, 2.1630001068115234, 2.1429998874664307, 2.130000114440918, 2.115000009536743, 2.1050000190734863, 2.0920000076293945, 2.078000068664551, 2.0739998817443848, 2.068000078201294, 2.0460000038146973, 2.0320000648498535, 2.01200008392334, 2.005000114440918, 1.9910000562667847, 1.9869999885559082, 1.975000023841858, 1.9630000591278076, 1.9529999494552612, 1.934999942779541, 1.9270000457763672, 1.9229999780654907, 1.906999945640564, 1.8960000276565552, 1.8849999904632568, 1.871999979019165, 1.8630000352859497, 1.8509999513626099, 1.8489999771118164, 1.840000033378601, 1.8289999961853027, 1.8240000009536743, 1.8020000457763672, 1.8009999990463257, 1.7990000247955322, 1.7920000553131104, 1.774999976158142, 1.7669999599456787, 1.75600004196167, 1.746999979019165, 1.7400000095367432, 1.7330000400543213, 1.7239999771118164, 1.7109999656677246, 1.7020000219345093, 1.694000005722046, 1.694000005722046, 1.680999994277954, 1.6799999475479126, 1.6770000457763672, 1.6579999923706055, 1.6579999923706055, 1.6549999713897705, 1.6480000019073486, 1.6410000324249268, 1.6339999437332153, 1.6260000467300415, 1.621000051498413, 1.6119999885559082, 1.6050000190734863, 1.6009999513626099, 1.5920000076293945, 1.5779999494552612, 1.5750000476837158, 1.5729999542236328, 1.565000057220459, 1.5570000410079956, 1.5520000457763672, 1.5470000505447388, 1.5399999618530273, 1.5329999923706055, 1.5240000486373901, 1.5219999551773071, 1.5190000534057617, 1.5169999599456787, 1.5149999856948853, 1.5049999952316284, 1.5019999742507935, 1.496999979019165, 1.4919999837875366, 1.4880000352859497, 1.4819999933242798, 1.4780000448226929, 1.4700000286102295, 1.465999960899353, 1.4609999656677246, 1.4529999494552612, 1.4500000476837158, 1.4490000009536743, 1.4490000009536743, 1.4509999752044678, 1.4520000219345093, 1.430999994277954, 1.430999994277954, 1.4299999475479126, 1.4119999408721924, 1.4129999876022339, 1.4140000343322754, 1.4149999618530273, 1.4049999713897705, 1.4040000438690186, 1.3980000019073486, 1.3919999599456787, 1.3880000114440918, 1.3839999437332153, 1.3899999856948853, 1.378999948501587, 1.371000051498413, 1.371000051498413, 1.3650000095367432, 1.3580000400543213, 1.3530000448226929, 1.3539999723434448, 1.3539999723434448, 1.3480000495910645, 1.3519999980926514, 1.350000023841858, 1.347000002861023, 1.3459999561309814, 1.347000002861023, 1.340000033378601, 1.340999960899353, 1.3420000076293945, 1.3320000171661377, 1.3279999494552612, 1.3300000429153442, 1.3250000476837158, 1.3250000476837158, 1.3209999799728394, 1.3200000524520874, 1.3140000104904175, 1.3170000314712524, 1.315000057220459, 1.312999963760376, 1.309999942779541, 1.3009999990463257, 1.3009999990463257, 1.3009999990463257, 1.3009999990463257, 1.3009999990463257, 1.2949999570846558, 1.2960000038146973, 1.2940000295639038, 1.2929999828338623, 1.2940000295639038, 1.2869999408721924, 1.2879999876022339, 1.2829999923706055, 1.2790000438690186, 1.2790000438690186, 1.2640000581741333, 1.2640000581741333, 1.2610000371932983, 1.2610000371932983, 1.2690000534057617, 1.2690000534057617, 1.2610000371932983, 1.2610000371932983, 1.2630000114440918, 1.2599999904632568, 1.2569999694824219, 1.253000020980835, 1.25, 1.24399995803833, 1.2430000305175781, 1.2450000047683716, 1.2450000047683716, 1.2400000095367432, 1.2339999675750732, 1.2330000400543213, 1.2359999418258667, 1.2330000400543213, 1.2319999933242798, 1.2300000190734863, 1.2230000495910645, 1.2200000286102295, 1.2120000123977661, 1.2100000381469727, 1.2100000381469727, 1.2070000171661377, 1.2070000171661377, 1.2070000171661377, 1.2059999704360962, 1.194000005722046, 1.190000057220459, 1.187999963760376, 1.190999984741211, 1.1950000524520874, 1.1790000200271606, 1.1790000200271606, 1.1740000247955322, 1.1729999780654907, 1.1749999523162842, 1.1749999523162842, 1.1749999523162842, 1.1720000505447388, 1.1679999828338623, 1.159999966621399, 1.1579999923706055, 1.152999997138977, 1.152999997138977, 1.1510000228881836, 1.149999976158142, 1.149999976158142, 1.1460000276565552, 1.1449999809265137, 1.1440000534057617, 1.1319999694824219, 1.1319999694824219, 1.1319999694824219, 1.13100004196167, 1.1319999694824219, 1.121000051498413, 1.121999979019165, 1.1200000047683716, 1.128000020980835, 1.1160000562667847, 1.1069999933242798, 1.1039999723434448, 1.0989999771118164, 1.0980000495910645, 1.097000002861023, 1.0959999561309814, 1.0950000286102295, 1.0959999561309814, 1.0859999656677246, 1.0889999866485596, 1.093999981880188, 1.093999981880188, 1.0789999961853027, 1.0779999494552612, 1.0789999961853027, 1.0789999961853027, 1.062000036239624, 1.062000036239624, 1.0540000200271606, 1.0520000457763672, 1.0509999990463257, 1.0509999990463257, 1.0520000457763672, 1.0470000505447388, 1.0440000295639038, 1.0410000085830688, 1.0390000343322754, 1.031999945640564, 1.024999976158142, 1.0230000019073486, 1.0240000486373901, 1.0240000486373901, 1.0180000066757202, 1.0099999904632568, 1.0099999904632568, 1.0080000162124634, 1.0010000467300415, 0.996999979019165, 0.9959999918937683, 0.9929999709129333, 0.9950000047683716, 0.9919999837875366, 0.9729999899864197, 0.9700000286102295, 0.9700000286102295, 0.968999981880188, 0.9679999947547913, 0.9700000286102295, 0.972000002861023, 0.972000002861023, 0.9649999737739563, 0.9610000252723694, 0.9559999704360962, 0.9520000219345093, 0.9480000138282776, 0.9459999799728394, 0.9459999799728394, 0.9480000138282776, 0.9459999799728394, 0.9470000267028809, 0.9390000104904175, 0.9350000023841858, 0.9240000247955322, 0.9240000247955322, 0.9210000038146973, 0.9229999780654907, 0.9229999780654907, 0.9259999990463257, 0.906000018119812, 0.906000018119812, 0.906000018119812, 0.9039999842643738, 0.9010000228881836, 0.8980000019073486, 0.8970000147819519, 0.8949999809265137, 0.890999972820282, 0.8889999985694885, 0.8889999985694885, 0.8949999809265137, 0.8840000033378601, 0.875, 0.875, 0.8730000257492065, 0.8759999871253967, 0.8700000047683716, 0.8640000224113464, 0.8519999980926514, 0.8560000061988831, 0.8500000238418579, 0.8560000061988831, 0.8550000190734863, 0.8560000061988831, 0.8529999852180481, 0.8450000286102295, 0.843999981880188, 0.843999981880188, 0.8389999866485596, 0.8379999995231628, 0.8330000042915344, 0.828000009059906, 0.828000009059906, 0.8299999833106995, 0.8299999833106995, 0.8230000138282776, 0.8169999718666077, 0.8159999847412109, 0.8169999718666077, 0.8180000185966492, 0.8159999847412109, 0.8019999861717224, 0.800000011920929, 0.7979999780654907, 0.7950000166893005, 0.7850000262260437, 0.7839999794960022, 0.7919999957084656, 0.7850000262260437, 0.7699999809265137, 0.7699999809265137, 0.7710000276565552, 0.7730000019073486, 0.7699999809265137, 0.7630000114440918, 0.7620000243186951, 0.7580000162124634, 0.7519999742507935, 0.7549999952316284, 0.7599999904632568, 0.7509999871253967, 0.7440000176429749, 0.7429999709129333, 0.7450000047683716, 0.7379999756813049, 0.7310000061988831, 0.7300000190734863, 0.7289999723434448, 0.7289999723434448, 0.7239999771118164, 0.7210000157356262, 0.722000002861023, 0.7179999947547913, 0.7080000042915344, 0.7070000171661377, 0.7080000042915344, 0.7080000042915344, 0.703000009059906, 0.6990000009536743, 0.6949999928474426, 0.6949999928474426, 0.6949999928474426, 0.6890000104904175, 0.6919999718666077, 0.6890000104904175, 0.6850000023841858, 0.6819999814033508, 0.6819999814033508, 0.6790000200271606, 0.6790000200271606, 0.6819999814033508, 0.6740000247955322, 0.6700000166893005, 0.6710000038146973, 0.671999990940094, 0.6669999957084656, 0.6650000214576721, 0.6620000004768372, 0.6620000004768372, 0.6549999713897705, 0.6539999842643738, 0.6539999842643738, 0.6539999842643738, 0.6499999761581421, 0.6359999775886536, 0.6349999904632568, 0.6330000162124634, 0.6320000290870667, 0.6320000290870667, 0.6359999775886536, 0.6290000081062317, 0.621999979019165, 0.6240000128746033, 0.628000020980835, 0.6159999966621399, 0.6159999966621399, 0.6159999966621399, 0.6190000176429749, 0.6190000176429749, 0.6129999756813049, 0.609000027179718, 0.6069999933242798, 0.6119999885559082, 0.6110000014305115, 0.6029999852180481, 0.5989999771118164, 0.5979999899864197, 0.5929999947547913, 0.5929999947547913, 0.5929999947547913, 0.5870000123977661, 0.5860000252723694, 0.5879999995231628, 0.5910000205039978, 0.5860000252723694, 0.5799999833106995, 0.574999988079071, 0.574999988079071, 0.5740000009536743, 0.5789999961853027, 0.578000009059906, 0.5740000009536743, 0.5640000104904175, 0.5619999766349792, 0.5619999766349792, 0.5649999976158142, 0.5600000023841858, 0.5559999942779541, 0.5529999732971191, 0.5550000071525574, 0.5580000281333923, 0.5559999942779541, 0.5540000200271606, 0.5509999990463257, 0.5569999814033508, 0.5389999747276306, 0.5400000214576721, 0.5400000214576721, 0.5410000085830688, 0.5410000085830688, 0.5410000085830688, 0.5400000214576721, 0.5339999794960022, 0.527999997138977, 0.5289999842643738, 0.5320000052452087, 0.5270000100135803, 0.527999997138977, 0.5289999842643738, 0.5299999713897705, 0.5249999761581421, 0.5170000195503235, 0.515999972820282, 0.515999972820282, 0.5180000066757202, 0.5220000147819519, 0.5189999938011169, 0.515999972820282, 0.5149999856948853, 0.5149999856948853, 0.5199999809265137, 0.5210000276565552, 0.5109999775886536, 0.5070000290870667, 0.5090000033378601, 0.5109999775886536, 0.5109999775886536, 0.5059999823570251, 0.49799999594688416, 0.49399998784065247, 0.49900001287460327, 0.49900001287460327, 0.5, 0.49900001287460327, 0.49900001287460327, 0.492000013589859, 0.49900001287460327, 0.49000000953674316, 0.4909999966621399, 0.4909999966621399, 0.48899999260902405, 0.49799999594688416, 0.4950000047683716, 0.4950000047683716, 0.4909999966621399, 0.48899999260902405, 0.49300000071525574, 0.48899999260902405, 0.49000000953674316, 0.4880000054836273, 0.49000000953674316, 0.49000000953674316, 0.48899999260902405, 0.48899999260902405, 0.4860000014305115, 0.4860000014305115, 0.4860000014305115, 0.4860000014305115, 0.4860000014305115, 0.4860000014305115, 0.4790000021457672, 0.4740000069141388, 0.4740000069141388, 0.48100000619888306, 0.48100000619888306, 0.4819999933242798, 0.49000000953674316, 0.4880000054836273, 0.48100000619888306, 0.47699999809265137, 0.4779999852180481, 0.47999998927116394, 0.47699999809265137, 0.4740000069141388, 0.47699999809265137, 0.47699999809265137, 0.4659999907016754, 0.4740000069141388, 0.4869999885559082, 0.4830000102519989, 0.47699999809265137, 0.4690000116825104, 0.4690000116825104, 0.4729999899864197, 0.4729999899864197, 0.46799999475479126, 0.4699999988079071, 0.4729999899864197, 0.4740000069141388, 0.47600001096725464, 0.4729999899864197, 0.47099998593330383, 0.47600001096725464, 0.4749999940395355, 0.4749999940395355, 0.46799999475479126, 0.46299999952316284, 0.4650000035762787, 0.4650000035762787, 0.4659999907016754, 0.46399998664855957, 0.46399998664855957, 0.46799999475479126, 0.46799999475479126, 0.4620000123977661, 0.460999995470047, 0.46799999475479126, 0.46700000762939453, 0.46000000834465027, 0.4620000123977661, 0.4620000123977661, 0.46000000834465027, 0.45100000500679016, 0.44600000977516174, 0.4580000042915344, 0.45899999141693115, 0.4569999873638153, 0.4569999873638153, 0.45500001311302185, 0.46299999952316284, 0.46700000762939453, 0.46700000762939453, 0.460999995470047, 0.46000000834465027, 0.46000000834465027, 0.46000000834465027, 0.4580000042915344, 0.45899999141693115, 0.4580000042915344, 0.45899999141693115, 0.45899999141693115, 0.46299999952316284, 0.460999995470047, 0.4569999873638153, 0.45899999141693115, 0.46399998664855957, 0.46399998664855957, 0.46299999952316284, 0.45899999141693115, 0.4560000002384186, 0.45399999618530273, 0.45899999141693115, 0.46299999952316284, 0.4580000042915344, 0.45399999618530273, 0.45399999618530273, 0.45399999618530273, 0.453000009059906, 0.45100000500679016, 0.44999998807907104, 0.4569999873638153, 0.4620000123977661, 0.46000000834465027, 0.46399998664855957, 0.46799999475479126, 0.45399999618530273, 0.453000009059906, 0.4569999873638153, 0.46700000762939453, 0.46299999952316284, 0.46799999475479126, 0.46799999475479126, 0.4560000002384186, 0.4560000002384186, 0.4569999873638153, 0.4569999873638153, 0.453000009059906, 0.4560000002384186, 0.4560000002384186, 0.4569999873638153, 0.45500001311302185, 0.45500001311302185, 0.45500001311302185, 0.4569999873638153, 0.4580000042915344, 0.460999995470047, 0.46399998664855957, 0.46399998664855957, 0.460999995470047, 0.460999995470047, 0.46399998664855957, 0.46299999952316284, 0.4569999873638153, 0.4580000042915344, 0.4620000123977661, 0.4650000035762787, 0.46700000762939453, 0.4690000116825104, 0.4699999988079071, 0.4659999907016754, 0.47099998593330383, 0.47600001096725464, 0.47200000286102295, 0.46799999475479126, 0.46399998664855957, 0.46700000762939453, 0.46700000762939453, 0.4690000116825104, 0.47200000286102295, 0.4729999899864197, 0.47200000286102295, 0.4749999940395355, 0.4740000069141388, 0.4779999852180481, 0.4790000021457672, 0.4690000116825104, 0.46399998664855957, 0.47600001096725464, 0.48500001430511475, 0.48399999737739563, 0.4819999933242798, 0.47600001096725464, 0.4749999940395355, 0.4830000102519989, 0.47999998927116394, 0.4779999852180481, 0.47699999809265137, 0.48399999737739563, 0.48399999737739563, 0.4869999885559082, 0.48899999260902405, 0.48399999737739563, 0.4880000054836273, 0.4909999966621399, 0.49300000071525574, 0.4959999918937683, 0.5, 0.5, 0.5, 0.5, 0.4970000088214874, 0.49399998784065247, 0.5, 0.503000020980835, 0.503000020980835, 0.5049999952316284, 0.5040000081062317, 0.5059999823570251, 0.5080000162124634, 0.515999972820282, 0.5130000114440918, 0.5130000114440918, 0.5130000114440918, 0.5130000114440918, 0.5180000066757202, 0.5090000033378601, 0.5109999775886536, 0.5090000033378601, 0.5090000033378601, 0.5120000243186951, 0.5099999904632568, 0.5109999775886536, 0.5180000066757202, 0.5249999761581421, 0.5270000100135803, 0.5210000276565552, 0.5189999938011169, 0.5199999809265137, 0.5210000276565552, 0.5230000019073486, 0.5230000019073486, 0.5139999985694885, 0.5120000243186951, 0.527999997138977, 0.5299999713897705, 0.5299999713897705, 0.531000018119812, 0.5329999923706055, 0.5329999923706055, 0.5299999713897705, 0.5329999923706055, 0.5329999923706055, 0.5370000004768372, 0.5389999747276306, 0.5429999828338623, 0.550000011920929, 0.5479999780654907, 0.5479999780654907, 0.5419999957084656, 0.5479999780654907, 0.5590000152587891, 0.5509999990463257, 0.5429999828338623, 0.5400000214576721, 0.5419999957084656, 0.5460000038146973, 0.5460000038146973, 0.546999990940094, 0.5540000200271606, 0.5540000200271606, 0.5580000281333923, 0.5580000281333923, 0.5580000281333923, 0.5590000152587891, 0.5640000104904175, 0.5730000138282776, 0.5830000042915344, 0.5799999833106995, 0.5770000219345093, 0.5799999833106995, 0.5849999785423279, 0.5849999785423279, 0.5920000076293945, 0.5920000076293945, 0.5920000076293945, 0.593999981880188, 0.6029999852180481, 0.6039999723434448, 0.6039999723434448, 0.6060000061988831, 0.6140000224113464, 0.6169999837875366]
intensities: [1067.0, 1076.0, 1130.0, 1120.0, 1145.0, 1147.0, 1153.0, 1183.0, 1261.0, 1315.0, 1339.0, 1363.0, 1352.0, 1330.0, 1258.0, 1160.0, 1148.0, 1022.0, 947.0, 930.0, 973.0, 1041.0, 1093.0, 1123.0, 1133.0, 1085.0, 1044.0, 1064.0, 1026.0, 1096.0, 1096.0, 1124.0, 1243.0, 1355.0, 1387.0, 1401.0, 1438.0, 1496.0, 1525.0, 1514.0, 1549.0, 1563.0, 1577.0, 1575.0, 1608.0, 1619.0, 1619.0, 1619.0, 1632.0, 1643.0, 1643.0, 1634.0, 1637.0, 1650.0, 1656.0, 1658.0, 1635.0, 1653.0, 1668.0, 1668.0, 1657.0, 1657.0, 1653.0, 1630.0, 1648.0, 1629.0, 1634.0, 1634.0, 1627.0, 1620.0, 1607.0, 1623.0, 1646.0, 1614.0, 1611.0, 1602.0, 1601.0, 1601.0, 1603.0, 1594.0, 1575.0, 1591.0, 1572.0, 1567.0, 1567.0, 1573.0, 1573.0, 1580.0, 1591.0, 1599.0, 1577.0, 1565.0, 1561.0, 1564.0, 1575.0, 1566.0, 1551.0, 1532.0, 1565.0, 1546.0, 1532.0, 1554.0, 1546.0, 1546.0, 1562.0, 1522.0, 1525.0, 1535.0, 1536.0, 1553.0, 1539.0, 1558.0, 1517.0, 1535.0, 1526.0, 1516.0, 1525.0, 1524.0, 1512.0, 1502.0, 1504.0, 1507.0, 1506.0, 1497.0, 1505.0, 1498.0, 1494.0, 1497.0, 1488.0, 1489.0, 1489.0, 1490.0, 1490.0, 1490.0, 1492.0, 1483.0, 1484.0, 1465.0, 1465.0, 1463.0, 1462.0, 1462.0, 1461.0, 1459.0, 1442.0, 1431.0, 1436.0, 1442.0, 1436.0, 1424.0, 1418.0, 1413.0, 1413.0, 1370.0, 1370.0, 1361.0, 1381.0, 1352.0, 1348.0, 1337.0, 1337.0, 1330.0, 1324.0, 1327.0, 1334.0, 1330.0, 1337.0, 1328.0, 1325.0, 1324.0, 1326.0, 1290.0, 1302.0, 1302.0, 1286.0, 1308.0, 1297.0, 1292.0, 1273.0, 1258.0, 1275.0, 1279.0, 1284.0, 1270.0, 1271.0, 1272.0, 1270.0, 1266.0, 1258.0, 1268.0, 1253.0, 1256.0, 1251.0, 1248.0, 1249.0, 1241.0, 1244.0, 1244.0, 1244.0, 1254.0, 1258.0, 1269.0, 1269.0, 1284.0, 1268.0, 1253.0, 1235.0, 1247.0, 1258.0, 1258.0, 1254.0, 1242.0, 1234.0, 1236.0, 1236.0, 1236.0, 1236.0, 1219.0, 1227.0, 1226.0, 1228.0, 1232.0, 1212.0, 1212.0, 1211.0, 1226.0, 1226.0, 1213.0, 1212.0, 1217.0, 1218.0, 1217.0, 1214.0, 1217.0, 1200.0, 1219.0, 1203.0, 1206.0, 1205.0, 1204.0, 1202.0, 1201.0, 1199.0, 1191.0, 1191.0, 1198.0, 1195.0, 1187.0, 1191.0, 1197.0, 1185.0, 1172.0, 1183.0, 1181.0, 1175.0, 1175.0, 1155.0, 1171.0, 1160.0, 1187.0, 1161.0, 1159.0, 1175.0, 1167.0, 1167.0, 1155.0, 1152.0, 1154.0, 1144.0, 1153.0, 1155.0, 1162.0, 1142.0, 1144.0, 1154.0, 1156.0, 1136.0, 1127.0, 1134.0, 1150.0, 1141.0, 1161.0, 1133.0, 1136.0, 1133.0, 1128.0, 1128.0, 1142.0, 1153.0, 1122.0, 1131.0, 1115.0, 1116.0, 1112.0, 1122.0, 1106.0, 1093.0, 1106.0, 1106.0, 1105.0, 1107.0, 1103.0, 1056.0, 1036.0, 1093.0, 1456.0, 1588.0, 279.0, 875.0, 876.0, 883.0, 890.0, 906.0, 904.0, 916.0, 925.0, 923.0, 930.0, 917.0, 929.0, 923.0, 929.0, 935.0, 926.0, 933.0, 927.0, 928.0, 945.0, 937.0, 946.0, 942.0, 935.0, 956.0, 951.0, 961.0, 960.0, 960.0, 970.0, 977.0, 981.0, 1005.0, 990.0, 995.0, 973.0, 977.0, 987.0, 985.0, 993.0, 984.0, 990.0, 992.0, 997.0, 1006.0, 997.0, 999.0, 1004.0, 1015.0, 1008.0, 1019.0, 1031.0, 1039.0, 1040.0, 1034.0, 1038.0, 1055.0, 1062.0, 1058.0, 1055.0, 1051.0, 1065.0, 1068.0, 1068.0, 1077.0, 1088.0, 1099.0, 1095.0, 1082.0, 1094.0, 1091.0, 1105.0, 1098.0, 1086.0, 1091.0, 1098.0, 1108.0, 1103.0, 1118.0, 1112.0, 1122.0, 1112.0, 1100.0, 1094.0, 1118.0, 1106.0, 1101.0, 1103.0, 1105.0, 1098.0, 1098.0, 1109.0, 1107.0, 1101.0, 1106.0, 1099.0, 1088.0, 1102.0, 1104.0, 1099.0, 1089.0, 1100.0, 1098.0, 1098.0, 1098.0, 1092.0, 1087.0, 1108.0, 1111.0, 1104.0, 1088.0, 1116.0, 1121.0, 1126.0, 1096.0, 1086.0, 1106.0, 1099.0, 1100.0, 1102.0, 1129.0, 1116.0, 1106.0, 1106.0, 1101.0, 1125.0, 1132.0, 1135.0, 1135.0, 1141.0, 1162.0, 1165.0, 1169.0, 1167.0, 1192.0, 1178.0, 1208.0, 1179.0, 1205.0, 1203.0, 1206.0, 1203.0, 1203.0, 1190.0, 1198.0, 1195.0, 1204.0, 1196.0, 1225.0, 1225.0, 1236.0, 1249.0, 1258.0, 1250.0, 1250.0, 1236.0, 1252.0, 1256.0, 1254.0, 1257.0, 1256.0, 1263.0, 1275.0, 1259.0, 1259.0, 1263.0, 1263.0, 1273.0, 1273.0, 1257.0, 1257.0, 1273.0, 1273.0, 1267.0, 1259.0, 1280.0, 1270.0, 1277.0, 1274.0, 1278.0, 1274.0, 1273.0, 1274.0, 1266.0, 1275.0, 1271.0, 1282.0, 1287.0, 1288.0, 1279.0, 1290.0, 1280.0, 1281.0, 1276.0, 1282.0, 1290.0, 1288.0, 1284.0, 1279.0, 1275.0, 1272.0, 1281.0, 1290.0, 1279.0, 1282.0, 1282.0, 1284.0, 1300.0, 1298.0, 1296.0, 1292.0, 1299.0, 1287.0, 1284.0, 1293.0, 1296.0, 1300.0, 1301.0, 1301.0, 1289.0, 1303.0, 1303.0, 1277.0, 1283.0, 1274.0, 1293.0, 1310.0, 1299.0, 1302.0, 1302.0, 1313.0, 1317.0, 1301.0, 1301.0, 1289.0, 1306.0, 1308.0, 1308.0, 1314.0, 1317.0, 1331.0, 1342.0, 1337.0, 1333.0, 1327.0, 1331.0, 1344.0, 1344.0, 1343.0, 1343.0, 1329.0, 1333.0, 1334.0, 1333.0, 1347.0, 1348.0, 1352.0, 1355.0, 1337.0, 1354.0, 1369.0, 1380.0, 1355.0, 1355.0, 1366.0, 1348.0, 1348.0, 1365.0, 1360.0, 1366.0, 1357.0, 1364.0, 1363.0, 1370.0, 1377.0, 1378.0, 1378.0, 1369.0, 1372.0, 1363.0, 1369.0, 1369.0, 1383.0, 1383.0, 1390.0, 1373.0, 1385.0, 1370.0, 1374.0, 1377.0, 1374.0, 1395.0, 1407.0, 1395.0, 1406.0, 1406.0, 1411.0, 1413.0, 1411.0, 1430.0, 1410.0, 1410.0, 1407.0, 1440.0, 1428.0, 1419.0, 1422.0, 1425.0, 1441.0, 1440.0, 1440.0, 1422.0, 1439.0, 1451.0, 1449.0, 1441.0, 1442.0, 1449.0, 1458.0, 1449.0, 1456.0, 1446.0, 1466.0, 1455.0, 1466.0, 1466.0, 1462.0, 1480.0, 1457.0, 1458.0, 1458.0, 1458.0, 1469.0, 1464.0, 1487.0, 1485.0, 1471.0, 1473.0, 1476.0, 1486.0, 1496.0, 1497.0, 1500.0, 1498.0, 1505.0, 1506.0, 1499.0, 1499.0, 1507.0, 1504.0, 1510.0, 1513.0, 1507.0, 1511.0, 1514.0, 1519.0, 1523.0, 1524.0, 1522.0, 1525.0, 1536.0, 1542.0, 1531.0, 1533.0, 1541.0, 1557.0, 1548.0, 1548.0, 1558.0, 1556.0, 1546.0, 1538.0, 1543.0, 1540.0, 1552.0, 1548.0, 1546.0, 1546.0, 1559.0, 1561.0, 1558.0, 1565.0, 1565.0, 1573.0, 1563.0, 1559.0, 1553.0, 1564.0, 1564.0, 1563.0, 1577.0, 1558.0, 1571.0, 1575.0, 1574.0, 1573.0, 1570.0, 1567.0, 1577.0, 1586.0, 1570.0, 1591.0, 1584.0, 1598.0, 1583.0, 1584.0, 1594.0, 1588.0, 1585.0, 1585.0, 1603.0, 1611.0, 1603.0, 1594.0, 1598.0, 1598.0, 1598.0, 1599.0, 1606.0, 1606.0, 1604.0, 1614.0, 1619.0, 1615.0, 1618.0, 1598.0, 1618.0, 1621.0, 1613.0, 1604.0, 1604.0, 1600.0, 1607.0, 1614.0, 1610.0, 1622.0, 1627.0, 1613.0, 1616.0, 1600.0, 1584.0, 1616.0, 1614.0, 1599.0, 1631.0, 1631.0, 1630.0, 1642.0, 1630.0, 1620.0, 1627.0, 1623.0, 1623.0, 1635.0, 1618.0, 1608.0, 1608.0, 1611.0, 1611.0, 1621.0, 1633.0, 1624.0, 1611.0, 1601.0, 1606.0, 1600.0, 1594.0, 1560.0, 1573.0, 1587.0, 1571.0, 1613.0, 1574.0, 1552.0, 1552.0, 1574.0, 1573.0, 1579.0, 1586.0, 1575.0, 1578.0, 1560.0, 1577.0, 1572.0, 1577.0, 1572.0, 1568.0, 1565.0, 1542.0, 1541.0, 1558.0, 1539.0, 1525.0, 1554.0, 1513.0, 1526.0, 1542.0, 1549.0, 1536.0, 1538.0, 1538.0, 1538.0, 1530.0, 1527.0, 1519.0, 1521.0, 1525.0, 1511.0, 1519.0, 1536.0, 1528.0, 1511.0, 1511.0, 1527.0, 1522.0, 1512.0, 1506.0, 1506.0, 1502.0, 1502.0, 1503.0, 1517.0, 1533.0, 1526.0, 1522.0, 1522.0, 1523.0, 1493.0, 1495.0, 1489.0, 1482.0, 1482.0, 1483.0, 1479.0, 1477.0, 1476.0, 1471.0, 1483.0, 1487.0, 1480.0, 1461.0, 1457.0, 1483.0, 1464.0, 1463.0, 1460.0, 1467.0, 1467.0, 1464.0, 1467.0, 1442.0, 1431.0, 1428.0, 1443.0, 1419.0, 1430.0, 1427.0, 1427.0, 1431.0, 1431.0, 1411.0, 1402.0, 1402.0, 1388.0, 1396.0, 1390.0, 1398.0, 1412.0, 1395.0, 1378.0, 1392.0, 1392.0, 1389.0, 1352.0, 1346.0, 1332.0, 1353.0, 1339.0, 1331.0, 1309.0, 1349.0, 1322.0, 1322.0, 1316.0, 1307.0, 1307.0, 1304.0, 1303.0, 1302.0, 1308.0, 1308.0, 1308.0, 1313.0, 1312.0, 1292.0, 1278.0, 1285.0, 1294.0, 1285.0, 1316.0, 1290.0, 1278.0, 1284.0, 1284.0, 1267.0, 1267.0, 1267.0, 1253.0, 1264.0, 1271.0, 1268.0, 1264.0, 1278.0, 1283.0, 1268.0, 1247.0, 1247.0, 1235.0, 1238.0, 1237.0, 1224.0, 1237.0, 1237.0, 1226.0, 1226.0, 1239.0, 1234.0, 1240.0, 1231.0, 1226.0, 1237.0, 1224.0, 1224.0, 1221.0, 1234.0, 1241.0, 1231.0, 1224.0, 1226.0, 1223.0, 1221.0, 1222.0, 1222.0, 1240.0, 1234.0, 1227.0, 1222.0, 1229.0, 1236.0, 1234.0, 1222.0, 1230.0, 1239.0, 1235.0, 1239.0, 1231.0, 1253.0, 1253.0, 1236.0, 1232.0, 1234.0, 1235.0, 1264.0, 1255.0, 1263.0, 1243.0, 1241.0, 1232.0, 1270.0, 1288.0, 1279.0, 1264.0, 1266.0, 1258.0, 1286.0, 1275.0, 1266.0, 1261.0, 1267.0, 1267.0, 1279.0, 1290.0, 1275.0, 1287.0, 1301.0, 1298.0, 1303.0, 1273.0, 1299.0, 1292.0, 1298.0, 1316.0, 1311.0, 1304.0, 1298.0, 1298.0, 1304.0, 1320.0, 1307.0, 1286.0, 1309.0, 1317.0, 1317.0, 1286.0, 1286.0, 1328.0, 1328.0, 1343.0, 1348.0, 1340.0, 1337.0, 1333.0, 1344.0, 1349.0, 1346.0, 1344.0, 1342.0, 1328.0, 1326.0, 1322.0, 1319.0, 1322.0, 1321.0, 1348.0, 1338.0, 1356.0, 1347.0, 1345.0, 1348.0, 1348.0, 1346.0, 1325.0, 1325.0, 1362.0, 1364.0, 1365.0, 1385.0, 1375.0, 1398.0, 1379.0, 1398.0, 1396.0, 1407.0, 1414.0, 1416.0, 1403.0, 1396.0, 1396.0, 1424.0, 1438.0, 1443.0, 1436.0, 1432.0, 1432.0, 1417.0, 1434.0, 1425.0, 1428.0, 1416.0, 1415.0, 1418.0, 1415.0, 1410.0, 1385.0, 1385.0, 1400.0, 1386.0, 1378.0, 1392.0, 1391.0, 1388.0, 1371.0, 1363.0]