header: 
  seq: 1633
  stamp: 
    secs: 1548820797
    nsecs: 992269799
  frame_id: "base_link"
angle_min: -2.35619449615
angle_max: 2.35619449615
angle_increment: 0.00436332309619
time_increment: 1.73611151695e-05
scan_time: 0.0250000003725
range_min: 0.019999999553
range_max: 30.0
ranges: [0.49000000953674316, 0.49300000071525574, 0.49300000071525574, 0.49300000071525574, 0.492000013589859, 0.49900001287460327, 0.5049999952316284, 0.5019999742507935, 0.49799999594688416, 0.48500001430511475, 0.4909999966621399, 0.4970000088214874, 0.4959999918937683, 0.49300000071525574, 0.4779999852180481, 0.4490000009536743, 0.41600000858306885, 0.36000001430511475, 0.3319999873638153, 0.28700000047683716, 0.3580000102519989, 0.4169999957084656, 0.4560000002384186, 0.4659999907016754, 0.47200000286102295, 0.47699999809265137, 0.4740000069141388, 0.47099998593330383, 0.4690000116825104, 0.45500001311302185, 0.45399999618530273, 0.4580000042915344, 0.4740000069141388, 0.4749999940395355, 0.46700000762939453, 0.46700000762939453, 0.4699999988079071, 0.46299999952316284, 0.460999995470047, 0.46000000834465027, 0.46000000834465027, 0.460999995470047, 0.45899999141693115, 0.4560000002384186, 0.453000009059906, 0.4560000002384186, 0.4580000042915344, 0.46000000834465027, 0.45899999141693115, 0.45399999618530273, 0.44699999690055847, 0.4429999887943268, 0.44600000977516174, 0.44999998807907104, 0.4490000009536743, 0.4480000138282776, 0.4490000009536743, 0.44999998807907104, 0.4490000009536743, 0.4440000057220459, 0.4440000057220459, 0.4449999928474426, 0.4449999928474426, 0.4429999887943268, 0.4390000104904175, 0.4390000104904175, 0.43700000643730164, 0.4359999895095825, 0.4390000104904175, 0.4309999942779541, 0.4269999861717224, 0.42800000309944153, 0.4359999895095825, 0.4359999895095825, 0.43799999356269836, 0.4399999976158142, 0.4359999895095825, 0.42899999022483826, 0.42100000381469727, 0.4230000078678131, 0.4259999990463257, 0.4259999990463257, 0.42100000381469727, 0.42500001192092896, 0.42500001192092896, 0.4230000078678131, 0.4180000126361847, 0.421999990940094, 0.4189999997615814, 0.41200000047683716, 0.41200000047683716, 0.414000004529953, 0.414000004529953, 0.414000004529953, 0.41499999165534973, 0.414000004529953, 0.41600000858306885, 0.4180000126361847, 0.4180000126361847, 0.4169999957084656, 0.40700000524520874, 0.4090000092983246, 0.41200000047683716, 0.40799999237060547, 0.4059999883174896, 0.40700000524520874, 0.40799999237060547, 0.4090000092983246, 0.4050000011920929, 0.40400001406669617, 0.40700000524520874, 0.40700000524520874, 0.3970000147819519, 0.3970000147819519, 0.4050000011920929, 0.40799999237060547, 0.4099999964237213, 0.41200000047683716, 0.41100001335144043, 0.40299999713897705, 0.40299999713897705, 0.4020000100135803, 0.4099999964237213, 0.40700000524520874, 0.40400001406669617, 0.39800000190734863, 0.3889999985694885, 0.39800000190734863, 0.3970000147819519, 0.3970000147819519, 0.3959999978542328, 0.3970000147819519, 0.4009999930858612, 0.4009999930858612, 0.3970000147819519, 0.39399999380111694, 0.39500001072883606, 0.39500001072883606, 0.39399999380111694, 0.39399999380111694, 0.39500001072883606, 0.3959999978542328, 0.3959999978542328, 0.39399999380111694, 0.3919999897480011, 0.3970000147819519, 0.39500001072883606, 0.39500001072883606, 0.39500001072883606, 0.39500001072883606, 0.39399999380111694, 0.3930000066757202, 0.3919999897480011, 0.38999998569488525, 0.38999998569488525, 0.3930000066757202, 0.3930000066757202, 0.3930000066757202, 0.38600000739097595, 0.3930000066757202, 0.39500001072883606, 0.39500001072883606, 0.39100000262260437, 0.38499999046325684, 0.38999998569488525, 0.3840000033378601, 0.3919999897480011, 0.3889999985694885, 0.3840000033378601, 0.38100001215934753, 0.38100001215934753, 0.382999986410141, 0.38499999046325684, 0.3869999945163727, 0.39100000262260437, 0.3919999897480011, 0.3799999952316284, 0.3869999945163727, 0.3869999945163727, 0.3880000114440918, 0.3880000114440918, 0.38600000739097595, 0.38499999046325684, 0.3840000033378601, 0.3840000033378601, 0.38100001215934753, 0.37700000405311584, 0.38100001215934753, 0.3779999911785126, 0.3779999911785126, 0.37599998712539673, 0.37400001287460327, 0.38100001215934753, 0.38100001215934753, 0.3799999952316284, 0.3799999952316284, 0.382999986410141, 0.382999986410141, 0.3840000033378601, 0.38199999928474426, 0.38199999928474426, 0.3790000081062317, 0.38100001215934753, 0.3840000033378601, 0.38199999928474426, 0.3840000033378601, 0.3869999945163727, 0.38499999046325684, 0.3799999952316284, 0.37400001287460327, 0.37400001287460327, 0.38499999046325684, 0.3869999945163727, 0.382999986410141, 0.3799999952316284, 0.3799999952316284, 0.3790000081062317, 0.3880000114440918, 0.38600000739097595, 0.38600000739097595, 0.38199999928474426, 0.3790000081062317, 0.38199999928474426, 0.38100001215934753, 0.38100001215934753, 0.38100001215934753, 0.38199999928474426, 0.3840000033378601, 0.3840000033378601, 0.3869999945163727, 0.38199999928474426, 0.38199999928474426, 0.38499999046325684, 0.38600000739097595, 0.3779999911785126, 0.382999986410141, 0.38499999046325684, 0.3880000114440918, 0.38600000739097595, 0.3840000033378601, 0.3840000033378601, 0.3840000033378601, 0.39500001072883606, 0.3959999978542328, 0.3919999897480011, 0.3869999945163727, 0.3869999945163727, 0.3889999985694885, 0.3919999897480011, 0.38999998569488525, 0.3869999945163727, 0.3880000114440918, 0.3880000114440918, 0.38999998569488525, 0.39399999380111694, 0.39500001072883606, 0.38999998569488525, 0.39399999380111694, 0.39899998903274536, 0.4009999930858612, 0.4020000100135803, 0.39899998903274536, 0.39899998903274536, 0.39800000190734863, 0.40299999713897705, 0.40400001406669617, 0.4009999930858612, 0.40299999713897705, 0.41499999165534973, 0.41600000858306885, 0.41100001335144043, 0.41100001335144043, 0.41200000047683716, 0.41100001335144043, 0.41499999165534973, 0.41499999165534973, 0.4099999964237213, 0.4099999964237213, 0.41100001335144043, 0.41600000858306885, 0.41600000858306885, 0.421999990940094, 0.4189999997615814, 0.42100000381469727, 0.42399999499320984, 0.43700000643730164, 0.4429999887943268, 0.4359999895095825, 0.4339999854564667, 0.4339999854564667, 0.43299999833106995, 0.4339999854564667, 0.4339999854564667, 0.43700000643730164, 0.43299999833106995, 0.43299999833106995, 0.4350000023841858, 0.43299999833106995, 0.43799999356269836, 0.4390000104904175, 0.44600000977516174, 0.4449999928474426, 0.4449999928474426, 0.44699999690055847, 0.45100000500679016, 0.4480000138282776, 0.44999998807907104, 0.453000009059906, 0.45500001311302185, 0.45500001311302185, 0.4560000002384186, 0.460999995470047, 0.4650000035762787, 0.4659999907016754, 0.4659999907016754, 0.4659999907016754, 0.4650000035762787, 0.46799999475479126, 0.4699999988079071, 0.4729999899864197, 0.47600001096725464, 0.4790000021457672, 0.4790000021457672, 0.4690000116825104, 0.4779999852180481, 0.4779999852180481, 0.4790000021457672, 0.48100000619888306, 0.4830000102519989, 0.48100000619888306, 0.4860000014305115, 0.4869999885559082, 0.49000000953674316, 0.4950000047683716, 0.49399998784065247, 0.4959999918937683, 0.49900001287460327, 0.49900001287460327, 0.5009999871253967, 0.5, 0.5049999952316284, 0.5090000033378601, 0.5109999775886536, 0.5120000243186951, 0.5109999775886536, 0.5180000066757202, 0.5210000276565552, 0.5239999890327454, 0.5180000066757202, 0.5199999809265137, 0.5299999713897705, 0.531000018119812, 0.5400000214576721, 0.5379999876022339, 0.5400000214576721, 0.5410000085830688, 0.5419999957084656, 0.546999990940094, 0.5460000038146973, 0.5519999861717224, 0.5540000200271606, 0.5569999814033508, 0.5600000023841858, 0.5619999766349792, 0.5619999766349792, 0.5630000233650208, 0.5630000233650208, 0.5709999799728394, 0.5709999799728394, 0.5720000267028809, 0.5789999961853027, 0.5809999704360962, 0.5860000252723694, 0.5889999866485596, 0.5889999866485596, 0.5920000076293945, 0.5960000157356262, 0.6010000109672546, 0.6019999980926514, 0.597000002861023, 0.5989999771118164, 0.6150000095367432, 0.6150000095367432, 0.6209999918937683, 0.6209999918937683, 0.625, 0.625, 0.625, 0.6269999742507935, 0.6420000195503235, 0.6420000195503235, 0.6439999938011169, 0.6589999794960022, 0.6620000004768372, 0.6629999876022339, 0.6669999957084656, 0.6690000295639038, 0.6679999828338623, 0.6819999814033508, 0.6859999895095825, 0.6779999732971191, 0.7129999995231628, 0.7630000114440918, 0.8550000190734863, 1.003000020980835, 1.184999942779541, 1.2070000171661377, 1.2769999504089355, 1.3619999885559082, 1.7350000143051147, 1.7489999532699585, 1.7589999437332153, 1.7680000066757202, 1.7599999904632568, 1.7569999694824219, 1.753999948501587, 1.7569999694824219, 1.7549999952316284, 1.7480000257492065, 1.746000051498413, 1.7480000257492065, 1.7489999532699585, 1.74399995803833, 1.74399995803833, 1.7410000562667847, 1.7400000095367432, 1.7389999628067017, 1.7419999837875366, 1.7359999418258667, 1.7259999513626099, 1.7239999771118164, 1.7230000495910645, 1.725000023841858, 1.7300000190734863, 1.7309999465942383, 1.7209999561309814, 1.7109999656677246, 1.7139999866485596, 1.7200000286102295, 1.7239999771118164, 1.7259999513626099, 1.7239999771118164, 1.7130000591278076, 1.7139999866485596, 1.715999960899353, 1.7170000076293945, 1.715000033378601, 1.7170000076293945, 1.7200000286102295, 1.7170000076293945, 1.715000033378601, 1.7109999656677246, 1.7109999656677246, 1.7100000381469727, 1.7139999866485596, 1.7109999656677246, 1.7070000171661377, 1.7070000171661377, 1.7039999961853027, 1.7059999704360962, 1.7050000429153442, 1.6970000267028809, 1.7000000476837158, 1.7009999752044678, 1.7050000429153442, 1.7050000429153442, 1.6979999542236328, 1.6970000267028809, 1.6990000009536743, 1.6979999542236328, 1.6929999589920044, 1.6859999895095825, 1.684000015258789, 1.690000057220459, 1.6950000524520874, 1.687000036239624, 1.680999994277954, 1.6799999475479126, 1.6790000200271606, 1.680999994277954, 1.6859999895095825, 1.6859999895095825, 1.6820000410079956, 1.6759999990463257, 1.6790000200271606, 1.6779999732971191, 1.6799999475479126, 1.6640000343322754, 1.6579999923706055, 1.659000039100647, 1.6610000133514404, 1.6610000133514404, 1.6619999408721924, 1.649999976158142, 1.6480000019073486, 1.6510000228881836, 1.6469999551773071, 1.6490000486373901, 1.6390000581741333, 1.6349999904632568, 1.6360000371932983, 1.6319999694824219, 1.63100004196167, 1.6269999742507935, 1.628000020980835, 1.6260000467300415, 1.621999979019165, 1.6239999532699585, 1.6239999532699585, 1.6100000143051147, 1.6139999628067017, 1.6100000143051147, 1.6030000448226929, 1.6030000448226929, 1.6050000190734863, 1.5959999561309814, 1.5950000286102295, 1.5920000076293945, 1.5839999914169312, 1.5809999704360962, 1.5850000381469727, 1.593000054359436, 1.5880000591278076, 1.5720000267028809, 1.565999984741211, 1.562999963760376, 1.5640000104904175, 1.5609999895095825, 1.555999994277954, 1.5540000200271606, 1.5549999475479126, 1.5529999732971191, 1.5440000295639038, 1.5449999570846558, 1.5440000295639038, 1.5449999570846558, 1.534000039100647, 1.531000018119812, 1.531999945640564, 1.5269999504089355, 1.5240000486373901, 1.5230000019073486, 1.5119999647140503, 1.5130000114440918, 1.5110000371932983, 1.50600004196167, 1.5049999952316284, 1.5049999952316284, 1.496000051498413, 1.49399995803833, 1.4919999837875366, 1.4850000143051147, 1.4839999675750732, 1.4839999675750732, 1.4709999561309814, 1.4709999561309814, 1.472000002861023, 1.4620000123977661, 1.4550000429153442, 1.4520000219345093, 1.4459999799728394, 1.4470000267028809, 1.4390000104904175, 1.4420000314712524, 1.4320000410079956, 1.4229999780654907, 1.4190000295639038, 1.4190000295639038, 1.4140000343322754, 1.4110000133514404, 1.4079999923706055, 1.4049999713897705, 1.3969999551773071, 1.3930000066757202, 1.3949999809265137, 1.3899999856948853, 1.378000020980835, 1.36899995803833, 1.3630000352859497, 1.3559999465942383, 1.3630000352859497, 1.3580000400543213, 1.3519999980926514, 1.3530000448226929, 1.3480000495910645, 1.340999960899353, 1.340999960899353, 1.3309999704360962, 1.3270000219345093, 1.3270000219345093, 1.3170000314712524, 1.315000057220459, 1.3020000457763672, 1.2990000247955322, 1.2990000247955322, 1.2949999570846558, 1.2940000295639038, 1.2860000133514404, 1.2829999923706055, 1.277999997138977, 1.2740000486373901, 1.2660000324249268, 1.2619999647140503, 1.253000020980835, 1.2519999742507935, 1.246000051498413, 1.2430000305175781, 1.2380000352859497, 1.2309999465942383, 1.2300000190734863, 1.2259999513626099, 1.2239999771118164, 1.2230000495910645, 1.2109999656677246, 1.2039999961853027, 1.1979999542236328, 1.1929999589920044, 1.187000036239624, 1.1779999732971191, 1.1770000457763672, 1.1759999990463257, 1.1699999570846558, 1.156999945640564, 1.1549999713897705, 1.149999976158142, 1.1419999599456787, 1.1410000324249268, 1.1369999647140503, 1.13100004196167, 1.1200000047683716, 1.1169999837875366, 1.1130000352859497, 1.1089999675750732, 1.1009999513626099, 1.0980000495910645, 1.0920000076293945, 1.093999981880188, 1.0870000123977661, 1.0779999494552612, 1.0720000267028809, 1.0679999589920044, 1.0609999895095825, 1.0509999990463257, 1.0429999828338623, 1.0429999828338623, 1.0440000295639038, 1.0360000133514404, 1.031000018119812, 1.0299999713897705, 1.0290000438690186, 1.0119999647140503, 1.0049999952316284, 1.003000020980835, 0.9909999966621399, 0.9879999756813049, 0.9850000143051147, 0.9779999852180481, 0.9800000190734863, 0.9779999852180481, 0.953000009059906, 0.953000009059906, 0.953000009059906, 0.9490000009536743, 0.9490000009536743, 0.9409999847412109, 0.925000011920929, 0.9190000295639038, 0.9150000214576721, 0.9070000052452087, 0.9010000228881836, 0.9039999842643738, 0.8970000147819519, 0.8920000195503235, 0.8920000195503235, 0.8799999952316284, 0.875, 0.8769999742507935, 0.871999979019165, 0.8619999885559082, 0.8600000143051147, 0.8600000143051147, 0.8500000238418579, 0.8389999866485596, 0.8330000042915344, 0.8330000042915344, 0.8360000252723694, 0.8349999785423279, 0.8289999961853027, 0.8270000219345093, 0.8119999766349792, 0.8109999895095825, 0.8100000023841858, 0.8100000023841858, 0.8059999942779541, 0.7979999780654907, 0.7950000166893005, 0.7910000085830688, 0.7760000228881836, 0.7749999761581421, 0.7720000147819519, 0.7710000276565552, 0.7649999856948853, 0.7649999856948853, 0.7540000081062317, 0.75, 0.7519999742507935, 0.7519999742507935, 0.7519999742507935, 0.7400000095367432, 0.7350000143051147, 0.7350000143051147, 0.7310000061988831, 0.7229999899864197, 0.7170000076293945, 0.7170000076293945, 0.7160000205039978, 0.7080000042915344, 0.7099999785423279, 0.7149999737739563, 0.7139999866485596, 0.7059999704360962, 0.699999988079071, 0.6940000057220459, 0.6919999718666077, 0.6930000185966492, 0.6869999766349792, 0.6830000281333923, 0.6769999861717224, 0.6769999861717224, 0.6740000247955322, 0.6740000247955322, 0.6710000038146973, 0.6690000295639038, 0.6660000085830688, 0.6639999747276306, 0.6629999876022339, 0.6660000085830688, 0.6620000004768372, 0.656000018119812, 0.6520000100135803, 0.652999997138977, 0.6489999890327454, 0.6460000276565552, 0.6460000276565552, 0.6449999809265137, 0.6449999809265137, 0.6449999809265137, 0.6389999985694885, 0.6389999985694885, 0.6340000033378601, 0.6359999775886536, 0.6269999742507935, 0.6269999742507935, 0.6290000081062317, 0.628000020980835, 0.628000020980835, 0.6269999742507935, 0.6230000257492065, 0.6240000128746033, 0.6200000047683716, 0.6209999918937683, 0.6129999756813049, 0.6100000143051147, 0.6100000143051147, 0.6069999933242798, 0.6129999756813049, 0.6100000143051147, 0.5989999771118164, 0.5950000286102295, 0.5960000157356262, 0.5960000157356262, 0.5899999737739563, 0.5899999737739563, 0.5920000076293945, 0.5920000076293945, 0.5920000076293945, 0.5920000076293945, 0.5860000252723694, 0.5849999785423279, 0.5860000252723694, 0.5849999785423279, 0.5860000252723694, 0.5820000171661377, 0.5839999914169312, 0.5799999833106995, 0.5799999833106995, 0.5809999704360962, 0.5809999704360962, 0.5770000219345093, 0.5720000267028809, 0.5669999718666077, 0.5649999976158142, 0.5659999847412109, 0.5659999847412109, 0.5659999847412109, 0.5659999847412109, 0.5649999976158142, 0.5600000023841858, 0.5559999942779541, 0.5600000023841858, 0.5630000233650208, 0.5669999718666077, 0.5649999976158142, 0.5600000023841858, 0.5600000023841858, 0.5569999814033508, 0.5569999814033508, 0.5619999766349792, 0.5580000281333923, 0.5569999814033508, 0.5509999990463257, 0.546999990940094, 0.546999990940094, 0.5490000247955322, 0.5490000247955322, 0.546999990940094, 0.5429999828338623, 0.546999990940094, 0.5490000247955322, 0.5490000247955322, 0.5450000166893005, 0.5429999828338623, 0.5429999828338623, 0.5419999957084656, 0.550000011920929, 0.5440000295639038, 0.5360000133514404, 0.5410000085830688, 0.5440000295639038, 0.5400000214576721, 0.5370000004768372, 0.5350000262260437, 0.5379999876022339, 0.5379999876022339, 0.5389999747276306, 0.5329999923706055, 0.5329999923706055, 0.5329999923706055, 0.5329999923706055, 0.5299999713897705, 0.5289999842643738, 0.5289999842643738, 0.5230000019073486, 0.5289999842643738, 0.5320000052452087, 0.5339999794960022, 0.5350000262260437, 0.5360000133514404, 0.5329999923706055, 0.5299999713897705, 0.5299999713897705, 0.5299999713897705, 0.5299999713897705, 0.5320000052452087, 0.531000018119812, 0.5299999713897705, 0.527999997138977, 0.531000018119812, 0.531000018119812, 0.5289999842643738, 0.5289999842643738, 0.5289999842643738, 0.5270000100135803, 0.5260000228881836, 0.5270000100135803, 0.5260000228881836, 0.5210000276565552, 0.5189999938011169, 0.5220000147819519, 0.5210000276565552, 0.5210000276565552, 0.5270000100135803, 0.5260000228881836, 0.5249999761581421, 0.5220000147819519, 0.5239999890327454, 0.5220000147819519, 0.5220000147819519, 0.5230000019073486, 0.5230000019073486, 0.5199999809265137, 0.5180000066757202, 0.5189999938011169, 0.5189999938011169, 0.515999972820282, 0.5180000066757202, 0.5239999890327454, 0.5260000228881836, 0.5249999761581421, 0.5239999890327454, 0.5210000276565552, 0.5239999890327454, 0.5270000100135803, 0.5239999890327454, 0.5210000276565552, 0.5199999809265137, 0.5180000066757202, 0.5180000066757202, 0.515999972820282, 0.5220000147819519, 0.5249999761581421, 0.5239999890327454, 0.5189999938011169, 0.5189999938011169, 0.5180000066757202, 0.5199999809265137, 0.5239999890327454, 0.527999997138977, 0.5120000243186951, 0.5120000243186951, 0.515999972820282, 0.5199999809265137, 0.515999972820282, 0.515999972820282, 0.5239999890327454, 0.5249999761581421, 0.531000018119812, 0.5350000262260437, 0.5260000228881836, 0.5210000276565552, 0.5230000019073486, 0.5210000276565552, 0.5220000147819519, 0.531000018119812, 0.5249999761581421, 0.5249999761581421, 0.5249999761581421, 0.5260000228881836, 0.527999997138977, 0.527999997138977, 0.5270000100135803, 0.527999997138977, 0.5210000276565552, 0.5260000228881836, 0.5270000100135803, 0.527999997138977, 0.5289999842643738, 0.5270000100135803, 0.5220000147819519, 0.5239999890327454, 0.5239999890327454, 0.527999997138977, 0.527999997138977, 0.5249999761581421, 0.5180000066757202, 0.5230000019073486, 0.5270000100135803, 0.5239999890327454, 0.5239999890327454, 0.5320000052452087, 0.5350000262260437, 0.5230000019073486, 0.5230000019073486, 0.5220000147819519, 0.531000018119812, 0.531000018119812, 0.5329999923706055, 0.5339999794960022, 0.5299999713897705, 0.5329999923706055, 0.5370000004768372, 0.5440000295639038, 0.5440000295639038, 0.5419999957084656, 0.5440000295639038, 0.5400000214576721, 0.5350000262260437, 0.5360000133514404, 0.5350000262260437, 0.5370000004768372, 0.5440000295639038, 0.5429999828338623, 0.5440000295639038, 0.5360000133514404, 0.5360000133514404, 0.5450000166893005, 0.5540000200271606, 0.5540000200271606, 0.5559999942779541, 0.5450000166893005, 0.550000011920929, 0.5419999957084656, 0.5569999814033508, 0.5600000023841858, 0.5600000023841858, 0.5619999766349792, 0.5580000281333923, 0.5600000023841858, 0.5649999976158142, 0.5649999976158142, 0.5680000185966492, 0.5680000185966492, 0.5730000138282776, 0.5690000057220459, 0.5680000185966492, 0.5690000057220459, 0.5680000185966492, 0.5730000138282776, 0.5759999752044678, 0.5830000042915344, 0.5849999785423279, 0.5830000042915344, 0.5839999914169312, 0.5830000042915344, 0.5870000123977661, 0.5870000123977661, 0.5879999995231628, 0.5809999704360962, 0.578000009059906, 0.5809999704360962, 0.5849999785423279, 0.5860000252723694, 0.5879999995231628, 0.5870000123977661, 0.5889999866485596, 0.5899999737739563, 0.5929999947547913, 0.6019999980926514, 0.5929999947547913, 0.597000002861023, 0.5979999899864197, 0.6000000238418579, 0.5989999771118164, 0.6019999980926514, 0.6010000109672546, 0.6000000238418579, 0.597000002861023, 0.5960000157356262, 0.5989999771118164, 0.5989999771118164, 0.6019999980926514, 0.6039999723434448, 0.6039999723434448, 0.6050000190734863, 0.6060000061988831, 0.6150000095367432, 0.6129999756813049, 0.6190000176429749, 0.6140000224113464, 0.6140000224113464, 0.6129999756813049, 0.6129999756813049, 0.6129999756813049, 0.6269999742507935, 0.6259999871253967, 0.625, 0.625, 0.625, 0.6330000162124634, 0.6230000257492065, 0.628000020980835, 0.6259999871253967, 0.6259999871253967, 0.6290000081062317, 0.6290000081062317, 0.6299999952316284, 0.6299999952316284, 0.6179999709129333, 0.6340000033378601, 0.6420000195503235, 0.6430000066757202, 0.656000018119812, 0.6639999747276306, 0.6600000262260437, 0.6549999713897705, 0.6700000166893005, 0.6700000166893005, 0.6639999747276306, 0.6710000038146973, 0.6790000200271606, 0.6850000023841858, 0.6850000023841858, 0.6790000200271606, 0.6769999861717224, 0.6830000281333923, 0.6949999928474426, 0.7039999961853027, 0.7070000171661377, 0.7070000171661377, 0.7120000123977661, 0.7160000205039978]
intensities: [1076.0, 1111.0, 1111.0, 1121.0, 1137.0, 1205.0, 1265.0, 1291.0, 1356.0, 1368.0, 1388.0, 1408.0, 1414.0, 1415.0, 1292.0, 1165.0, 1118.0, 1020.0, 925.0, 821.0, 933.0, 988.0, 1060.0, 1091.0, 1068.0, 1058.0, 1046.0, 1035.0, 1042.0, 1097.0, 1127.0, 1189.0, 1377.0, 1380.0, 1439.0, 1439.0, 1508.0, 1527.0, 1552.0, 1546.0, 1562.0, 1586.0, 1585.0, 1585.0, 1599.0, 1593.0, 1600.0, 1597.0, 1621.0, 1605.0, 1613.0, 1599.0, 1598.0, 1592.0, 1591.0, 1624.0, 1608.0, 1592.0, 1589.0, 1606.0, 1628.0, 1605.0, 1583.0, 1565.0, 1546.0, 1559.0, 1568.0, 1562.0, 1564.0, 1563.0, 1577.0, 1541.0, 1569.0, 1574.0, 1573.0, 1568.0, 1544.0, 1555.0, 1570.0, 1562.0, 1564.0, 1559.0, 1542.0, 1555.0, 1555.0, 1556.0, 1543.0, 1557.0, 1532.0, 1527.0, 1531.0, 1508.0, 1508.0, 1519.0, 1518.0, 1508.0, 1509.0, 1507.0, 1508.0, 1509.0, 1501.0, 1509.0, 1517.0, 1508.0, 1519.0, 1514.0, 1515.0, 1517.0, 1512.0, 1510.0, 1508.0, 1496.0, 1514.0, 1514.0, 1499.0, 1510.0, 1509.0, 1508.0, 1489.0, 1492.0, 1500.0, 1505.0, 1488.0, 1485.0, 1486.0, 1481.0, 1476.0, 1474.0, 1468.0, 1458.0, 1435.0, 1472.0, 1453.0, 1455.0, 1458.0, 1449.0, 1449.0, 1449.0, 1442.0, 1459.0, 1470.0, 1449.0, 1449.0, 1424.0, 1429.0, 1415.0, 1422.0, 1419.0, 1421.0, 1421.0, 1398.0, 1402.0, 1394.0, 1399.0, 1399.0, 1372.0, 1372.0, 1382.0, 1376.0, 1387.0, 1397.0, 1375.0, 1371.0, 1378.0, 1367.0, 1339.0, 1369.0, 1346.0, 1349.0, 1352.0, 1340.0, 1351.0, 1355.0, 1336.0, 1332.0, 1332.0, 1305.0, 1319.0, 1319.0, 1325.0, 1325.0, 1311.0, 1299.0, 1290.0, 1295.0, 1276.0, 1269.0, 1277.0, 1258.0, 1258.0, 1262.0, 1260.0, 1258.0, 1258.0, 1260.0, 1259.0, 1258.0, 1258.0, 1255.0, 1255.0, 1255.0, 1251.0, 1246.0, 1247.0, 1249.0, 1246.0, 1243.0, 1245.0, 1233.0, 1220.0, 1220.0, 1221.0, 1229.0, 1217.0, 1195.0, 1195.0, 1188.0, 1200.0, 1191.0, 1191.0, 1191.0, 1185.0, 1187.0, 1183.0, 1183.0, 1173.0, 1163.0, 1170.0, 1156.0, 1162.0, 1156.0, 1156.0, 1156.0, 1159.0, 1138.0, 1143.0, 1147.0, 1149.0, 1150.0, 1153.0, 1153.0, 1150.0, 1157.0, 1141.0, 1159.0, 1150.0, 1150.0, 1134.0, 1157.0, 1139.0, 1125.0, 1132.0, 1126.0, 1129.0, 1125.0, 1132.0, 1137.0, 1124.0, 1133.0, 1137.0, 1135.0, 1120.0, 1117.0, 1113.0, 1116.0, 1121.0, 1142.0, 1134.0, 1157.0, 1140.0, 1123.0, 1123.0, 1127.0, 1126.0, 1119.0, 1119.0, 1139.0, 1151.0, 1141.0, 1150.0, 1150.0, 1161.0, 1161.0, 1158.0, 1170.0, 1184.0, 1186.0, 1189.0, 1193.0, 1193.0, 1193.0, 1204.0, 1204.0, 1201.0, 1195.0, 1197.0, 1196.0, 1208.0, 1216.0, 1220.0, 1230.0, 1222.0, 1222.0, 1220.0, 1226.0, 1224.0, 1227.0, 1227.0, 1228.0, 1229.0, 1229.0, 1230.0, 1243.0, 1247.0, 1250.0, 1244.0, 1248.0, 1251.0, 1248.0, 1252.0, 1249.0, 1256.0, 1260.0, 1257.0, 1277.0, 1277.0, 1286.0, 1285.0, 1277.0, 1273.0, 1271.0, 1269.0, 1264.0, 1287.0, 1275.0, 1272.0, 1287.0, 1287.0, 1302.0, 1297.0, 1304.0, 1315.0, 1325.0, 1296.0, 1285.0, 1300.0, 1298.0, 1307.0, 1302.0, 1301.0, 1306.0, 1308.0, 1277.0, 1289.0, 1308.0, 1322.0, 1321.0, 1333.0, 1322.0, 1336.0, 1321.0, 1327.0, 1338.0, 1348.0, 1325.0, 1338.0, 1338.0, 1353.0, 1353.0, 1344.0, 1348.0, 1331.0, 1329.0, 1348.0, 1348.0, 1335.0, 1339.0, 1335.0, 1327.0, 1333.0, 1321.0, 1313.0, 1307.0, 1312.0, 1311.0, 1318.0, 1269.0, 1269.0, 1293.0, 1329.0, 1329.0, 1319.0, 1402.0, 1447.0, 1423.0, 1384.0, 1362.0, 1342.0, 1306.0, 1320.0, 1198.0, 1289.0, 1463.0, 1512.0, 1468.0, 1369.0, 1358.0, 1325.0, 1310.0, 1116.0, 1132.0, 1121.0, 1123.0, 1116.0, 1115.0, 1113.0, 1117.0, 1124.0, 1112.0, 1106.0, 1120.0, 1106.0, 1105.0, 1102.0, 1102.0, 1123.0, 1118.0, 1123.0, 1114.0, 1099.0, 1109.0, 1104.0, 1108.0, 1111.0, 1110.0, 1092.0, 1110.0, 1115.0, 1119.0, 1124.0, 1133.0, 1138.0, 1112.0, 1124.0, 1132.0, 1127.0, 1115.0, 1120.0, 1125.0, 1108.0, 1109.0, 1107.0, 1107.0, 1095.0, 1111.0, 1104.0, 1112.0, 1114.0, 1124.0, 1136.0, 1130.0, 1108.0, 1120.0, 1123.0, 1131.0, 1131.0, 1123.0, 1140.0, 1136.0, 1126.0, 1118.0, 1136.0, 1136.0, 1129.0, 1127.0, 1123.0, 1120.0, 1119.0, 1123.0, 1122.0, 1138.0, 1138.0, 1123.0, 1114.0, 1127.0, 1136.0, 1164.0, 1138.0, 1127.0, 1156.0, 1141.0, 1141.0, 1147.0, 1123.0, 1144.0, 1142.0, 1140.0, 1133.0, 1139.0, 1135.0, 1135.0, 1127.0, 1128.0, 1163.0, 1133.0, 1131.0, 1125.0, 1138.0, 1138.0, 1120.0, 1145.0, 1126.0, 1126.0, 1126.0, 1125.0, 1123.0, 1142.0, 1143.0, 1138.0, 1138.0, 1143.0, 1146.0, 1140.0, 1124.0, 1155.0, 1163.0, 1164.0, 1148.0, 1139.0, 1132.0, 1125.0, 1135.0, 1138.0, 1143.0, 1130.0, 1138.0, 1123.0, 1140.0, 1142.0, 1137.0, 1134.0, 1133.0, 1145.0, 1152.0, 1134.0, 1118.0, 1139.0, 1139.0, 1135.0, 1134.0, 1142.0, 1125.0, 1130.0, 1130.0, 1148.0, 1148.0, 1168.0, 1126.0, 1127.0, 1137.0, 1118.0, 1118.0, 1126.0, 1140.0, 1116.0, 1106.0, 1124.0, 1124.0, 1125.0, 1127.0, 1128.0, 1129.0, 1117.0, 1118.0, 1152.0, 1136.0, 1126.0, 1116.0, 1145.0, 1101.0, 1105.0, 1110.0, 1116.0, 1130.0, 1122.0, 1121.0, 1131.0, 1127.0, 1114.0, 1117.0, 1112.0, 1133.0, 1122.0, 1124.0, 1124.0, 1130.0, 1132.0, 1129.0, 1128.0, 1134.0, 1124.0, 1126.0, 1131.0, 1131.0, 1144.0, 1139.0, 1141.0, 1150.0, 1145.0, 1145.0, 1152.0, 1152.0, 1153.0, 1151.0, 1155.0, 1159.0, 1163.0, 1166.0, 1168.0, 1170.0, 1162.0, 1163.0, 1177.0, 1178.0, 1186.0, 1184.0, 1187.0, 1189.0, 1192.0, 1190.0, 1185.0, 1196.0, 1176.0, 1180.0, 1193.0, 1190.0, 1199.0, 1206.0, 1214.0, 1191.0, 1191.0, 1197.0, 1186.0, 1192.0, 1201.0, 1207.0, 1215.0, 1203.0, 1205.0, 1233.0, 1217.0, 1216.0, 1237.0, 1238.0, 1232.0, 1226.0, 1225.0, 1235.0, 1235.0, 1237.0, 1235.0, 1235.0, 1244.0, 1244.0, 1261.0, 1257.0, 1273.0, 1277.0, 1283.0, 1325.0, 1367.0, 1304.0, 1270.0, 1270.0, 1286.0, 1291.0, 1297.0, 1295.0, 1307.0, 1318.0, 1318.0, 1324.0, 1332.0, 1339.0, 1339.0, 1374.0, 1375.0, 1383.0, 1396.0, 1397.0, 1406.0, 1421.0, 1424.0, 1433.0, 1427.0, 1424.0, 1430.0, 1410.0, 1419.0, 1420.0, 1418.0, 1449.0, 1460.0, 1481.0, 1475.0, 1467.0, 1465.0, 1461.0, 1463.0, 1499.0, 1499.0, 1503.0, 1478.0, 1495.0, 1495.0, 1511.0, 1508.0, 1511.0, 1524.0, 1526.0, 1530.0, 1526.0, 1554.0, 1532.0, 1554.0, 1555.0, 1569.0, 1542.0, 1543.0, 1563.0, 1563.0, 1549.0, 1541.0, 1568.0, 1576.0, 1568.0, 1566.0, 1567.0, 1578.0, 1584.0, 1589.0, 1609.0, 1603.0, 1613.0, 1594.0, 1594.0, 1583.0, 1593.0, 1585.0, 1593.0, 1575.0, 1592.0, 1592.0, 1604.0, 1597.0, 1597.0, 1599.0, 1589.0, 1597.0, 1594.0, 1586.0, 1599.0, 1587.0, 1591.0, 1586.0, 1598.0, 1607.0, 1596.0, 1590.0, 1597.0, 1602.0, 1585.0, 1585.0, 1590.0, 1586.0, 1582.0, 1582.0, 1569.0, 1572.0, 1572.0, 1569.0, 1562.0, 1579.0, 1591.0, 1587.0, 1595.0, 1586.0, 1580.0, 1578.0, 1589.0, 1581.0, 1580.0, 1580.0, 1588.0, 1596.0, 1595.0, 1575.0, 1579.0, 1582.0, 1582.0, 1584.0, 1584.0, 1561.0, 1585.0, 1577.0, 1558.0, 1558.0, 1566.0, 1570.0, 1558.0, 1558.0, 1545.0, 1552.0, 1537.0, 1537.0, 1543.0, 1553.0, 1548.0, 1542.0, 1538.0, 1543.0, 1541.0, 1555.0, 1555.0, 1552.0, 1547.0, 1542.0, 1545.0, 1544.0, 1541.0, 1537.0, 1543.0, 1523.0, 1523.0, 1522.0, 1519.0, 1529.0, 1524.0, 1540.0, 1506.0, 1500.0, 1500.0, 1522.0, 1487.0, 1493.0, 1500.0, 1481.0, 1505.0, 1509.0, 1506.0, 1506.0, 1506.0, 1506.0, 1478.0, 1479.0, 1480.0, 1492.0, 1489.0, 1495.0, 1483.0, 1473.0, 1459.0, 1463.0, 1467.0, 1461.0, 1461.0, 1453.0, 1464.0, 1458.0, 1438.0, 1419.0, 1449.0, 1442.0, 1436.0, 1414.0, 1412.0, 1409.0, 1407.0, 1406.0, 1402.0, 1420.0, 1415.0, 1386.0, 1386.0, 1408.0, 1384.0, 1382.0, 1374.0, 1387.0, 1378.0, 1360.0, 1370.0, 1357.0, 1368.0, 1379.0, 1356.0, 1362.0, 1384.0, 1365.0, 1366.0, 1393.0, 1368.0, 1350.0, 1348.0, 1349.0, 1339.0, 1329.0, 1342.0, 1344.0, 1343.0, 1364.0, 1368.0, 1341.0, 1341.0, 1343.0, 1346.0, 1326.0, 1327.0, 1323.0, 1304.0, 1316.0, 1312.0, 1300.0, 1301.0, 1302.0, 1293.0, 1284.0, 1282.0, 1283.0, 1280.0, 1279.0, 1302.0, 1285.0, 1292.0, 1285.0, 1284.0, 1272.0, 1274.0, 1269.0, 1270.0, 1269.0, 1283.0, 1283.0, 1281.0, 1251.0, 1261.0, 1258.0, 1251.0, 1249.0, 1267.0, 1236.0, 1261.0, 1261.0, 1255.0, 1246.0, 1236.0, 1246.0, 1257.0, 1231.0, 1241.0, 1253.0, 1263.0, 1264.0, 1254.0, 1254.0, 1270.0, 1236.0, 1267.0, 1249.0, 1258.0, 1258.0, 1254.0, 1260.0, 1267.0, 1267.0, 1282.0, 1277.0, 1270.0, 1267.0, 1268.0, 1288.0, 1284.0, 1304.0, 1296.0, 1294.0, 1292.0, 1295.0, 1306.0, 1292.0, 1292.0, 1318.0, 1318.0, 1309.0, 1296.0, 1283.0, 1297.0, 1291.0, 1317.0, 1309.0, 1321.0, 1313.0, 1311.0, 1332.0, 1319.0, 1311.0, 1311.0, 1314.0, 1320.0, 1324.0, 1329.0, 1334.0, 1334.0, 1334.0, 1340.0, 1351.0, 1321.0, 1332.0, 1363.0, 1345.0, 1367.0, 1346.0, 1350.0, 1365.0, 1374.0, 1346.0, 1357.0, 1348.0, 1354.0, 1331.0, 1331.0, 1347.0, 1344.0, 1353.0, 1361.0, 1369.0, 1361.0, 1363.0, 1365.0, 1353.0, 1347.0, 1351.0, 1359.0, 1359.0, 1363.0, 1347.0, 1343.0, 1343.0, 1350.0, 1349.0, 1357.0, 1342.0, 1327.0, 1327.0, 1353.0, 1353.0, 1343.0, 1374.0, 1341.0, 1371.0, 1387.0, 1366.0, 1356.0, 1338.0, 1345.0, 1353.0, 1358.0, 1344.0, 1333.0, 1338.0, 1344.0, 1348.0, 1348.0, 1333.0, 1326.0, 1337.0, 1324.0, 1343.0, 1332.0, 1332.0, 1341.0, 1364.0]