header: 
  seq: 2122
  stamp: 
    secs: 1548820810
    nsecs: 243135202
  frame_id: "base_link"
angle_min: -2.35619449615
angle_max: 2.35619449615
angle_increment: 0.00436332309619
time_increment: 1.73611151695e-05
scan_time: 0.0250000003725
range_min: 0.019999999553
range_max: 30.0
ranges: [0.5289999842643738, 0.5350000262260437, 0.5389999747276306, 0.5320000052452087, 0.5429999828338623, 0.5410000085830688, 0.527999997138977, 0.5270000100135803, 0.5199999809265137, 0.5149999856948853, 0.5189999938011169, 0.5210000276565552, 0.5139999985694885, 0.5040000081062317, 0.5019999742507935, 0.46399998664855957, 0.421999990940094, 0.3479999899864197, 0.23899999260902405, 0.3100000023841858, 0.35899999737739563, 0.4350000023841858, 0.45399999618530273, 0.4650000035762787, 0.4749999940395355, 0.47699999809265137, 0.4690000116825104, 0.47099998593330383, 0.47200000286102295, 0.4620000123977661, 0.46299999952316284, 0.45100000500679016, 0.44699999690055847, 0.4410000145435333, 0.44600000977516174, 0.4440000057220459, 0.4490000009536743, 0.45100000500679016, 0.45100000500679016, 0.44200000166893005, 0.44200000166893005, 0.44200000166893005, 0.4390000104904175, 0.43700000643730164, 0.43700000643730164, 0.42899999022483826, 0.42500001192092896, 0.41999998688697815, 0.4169999957084656, 0.41499999165534973, 0.41499999165534973, 0.41200000047683716, 0.4099999964237213, 0.4099999964237213, 0.414000004529953, 0.4129999876022339, 0.41200000047683716, 0.4090000092983246, 0.40400001406669617, 0.40299999713897705, 0.4050000011920929, 0.4050000011920929, 0.4050000011920929, 0.39800000190734863, 0.39399999380111694, 0.39500001072883606, 0.3959999978542328, 0.3959999978542328, 0.3930000066757202, 0.38499999046325684, 0.3840000033378601, 0.38199999928474426, 0.382999986410141, 0.38600000739097595, 0.38499999046325684, 0.3869999945163727, 0.3889999985694885, 0.3880000114440918, 0.3869999945163727, 0.3869999945163727, 0.3840000033378601, 0.3840000033378601, 0.38199999928474426, 0.38199999928474426, 0.38199999928474426, 0.3790000081062317, 0.38499999046325684, 0.38199999928474426, 0.3790000081062317, 0.37599998712539673, 0.38199999928474426, 0.38199999928474426, 0.38199999928474426, 0.3799999952316284, 0.38999998569488525, 0.3869999945163727, 0.38499999046325684, 0.3840000033378601, 0.375, 0.3779999911785126, 0.37299999594688416, 0.37599998712539673, 0.37400001287460327, 0.3799999952316284, 0.3779999911785126, 0.3779999911785126, 0.3790000081062317, 0.38100001215934753, 0.38100001215934753, 0.38100001215934753, 0.38499999046325684, 0.38600000739097595, 0.382999986410141, 0.382999986410141, 0.3840000033378601, 0.3790000081062317, 0.37700000405311584, 0.37599998712539673, 0.37599998712539673, 0.37599998712539673, 0.37599998712539673, 0.3919999897480011, 0.39399999380111694, 0.3970000147819519, 0.39800000190734863, 0.3930000066757202, 0.382999986410141, 0.38100001215934753, 0.38600000739097595, 0.38999998569488525, 0.3869999945163727, 0.382999986410141, 0.382999986410141, 0.382999986410141, 0.3889999985694885, 0.3930000066757202, 0.3930000066757202, 0.3930000066757202, 0.3889999985694885, 0.3889999985694885, 0.3919999897480011, 0.39899998903274536, 0.39500001072883606, 0.39399999380111694, 0.3930000066757202, 0.3889999985694885, 0.39800000190734863, 0.40400001406669617, 0.40299999713897705, 0.4009999930858612, 0.39899998903274536, 0.4000000059604645, 0.4020000100135803, 0.4059999883174896, 0.40799999237060547, 0.40700000524520874, 0.4129999876022339, 0.41499999165534973, 0.4169999957084656, 0.4169999957084656, 0.421999990940094, 0.4259999990463257, 0.42399999499320984, 0.421999990940094, 0.4230000078678131, 0.42899999022483826, 0.4269999861717224, 0.4259999990463257, 0.43799999356269836, 0.43700000643730164, 0.4359999895095825, 0.4359999895095825, 0.4359999895095825, 0.4410000145435333, 0.4480000138282776, 0.4519999921321869, 0.45399999618530273, 0.4569999873638153, 0.45500001311302185, 0.45500001311302185, 0.4620000123977661, 0.4620000123977661, 0.4699999988079071, 0.47200000286102295, 0.47099998593330383, 0.47200000286102295, 0.47999998927116394, 0.4869999885559082, 0.48399999737739563, 0.48500001430511475, 0.48500001430511475, 0.49300000071525574, 0.49799999594688416, 0.49799999594688416, 0.49799999594688416, 0.503000020980835, 0.5070000290870667, 0.5099999904632568, 0.515999972820282, 0.5120000243186951, 0.5149999856948853, 0.5220000147819519, 0.5239999890327454, 0.5389999747276306, 0.5389999747276306, 0.5450000166893005, 0.550000011920929, 0.5389999747276306, 0.5519999861717224, 0.5519999861717224, 0.5559999942779541, 0.5590000152587891, 0.5600000023841858, 0.5649999976158142, 0.5720000267028809, 0.5720000267028809, 0.578000009059906, 0.5839999914169312, 0.593999981880188, 0.593999981880188, 0.597000002861023, 0.6039999723434448, 0.6079999804496765, 0.6140000224113464, 0.6159999966621399, 0.6230000257492065, 0.628000020980835, 0.6349999904632568, 0.6449999809265137, 0.6470000147819519, 0.6449999809265137, 0.6449999809265137, 0.6489999890327454, 0.6600000262260437, 0.671999990940094, 0.6769999861717224, 0.6809999942779541, 0.6859999895095825, 0.6959999799728394, 0.6990000009536743, 0.7110000252723694, 0.7170000076293945, 0.7179999947547913, 0.734000027179718, 0.7400000095367432, 0.7459999918937683, 0.75, 0.7519999742507935, 0.7639999985694885, 0.7689999938011169, 0.7799999713897705, 0.7910000085830688, 0.8009999990463257, 0.8069999814033508, 0.8149999976158142, 0.8270000219345093, 0.8450000286102295, 0.8539999723434448, 0.8579999804496765, 0.8690000176429749, 0.8820000290870667, 0.890999972820282, 0.8980000019073486, 0.8999999761581421, 0.9100000262260437, 0.9200000166893005, 0.9390000104904175, 0.9610000252723694, 0.9789999723434448, 0.9869999885559082, 0.9950000047683716, 1.0069999694824219, 1.0290000438690186, 1.0390000343322754, 1.059000015258789, 1.0670000314712524, 1.0920000076293945, 1.1169999837875366, 1.13100004196167, 1.1490000486373901, 1.1640000343322754, 1.1710000038146973, 1.1990000009536743, 1.215000033378601, 1.2339999675750732, 1.2690000534057617, 1.281999945640564, 1.2990000247955322, 1.3289999961853027, 1.3550000190734863, 1.3919999599456787, 1.406000018119812, 1.430999994277954, 1.468999981880188, 1.4830000400543213, 1.5260000228881836, 1.5759999752044678, 1.5920000076293945, 1.6390000581741333, 1.680999994277954, 1.7660000324249268, 1.8609999418258667, 1.9869999885559082, 2.8570001125335693, 2.8580000400543213, 2.859999895095825, 2.8550000190734863, 2.8529999256134033, 2.8540000915527344, 2.8540000915527344, 2.8570001125335693, 2.859999895095825, 2.8519999980926514, 2.8519999980926514, 2.8519999980926514, 2.8519999980926514, 2.8519999980926514, 2.8510000705718994, 2.8480000495910645, 2.8459999561309814, 2.8480000495910645, 2.8450000286102295, 2.8459999561309814, 2.8469998836517334, 2.8450000286102295, 2.8420000076293945, 2.8350000381469727, 2.8310000896453857, 2.825000047683716, 2.815999984741211, 2.821000099182129, 2.813999891281128, 2.811000108718872, 2.806999921798706, 2.802999973297119, 2.806999921798706, 2.7980000972747803, 2.7960000038146973, 2.7920000553131104, 2.7899999618530273, 2.7880001068115234, 2.7739999294281006, 2.7709999084472656, 2.7699999809265137, 2.7639999389648438, 2.756999969482422, 2.756999969482422, 2.740999937057495, 2.7360000610351562, 2.7309999465942383, 2.7260000705718994, 2.7269999980926514, 2.7149999141693115, 2.7079999446868896, 2.7039999961853027, 2.6989998817443848, 2.687000036239624, 2.683000087738037, 2.674999952316284, 2.674999952316284, 2.6679999828338623, 2.6659998893737793, 2.6559998989105225, 2.6419999599456787, 2.6389999389648438, 2.635999917984009, 2.615000009536743, 2.615000009536743, 2.61299991607666, 2.5980000495910645, 2.5840001106262207, 2.5739998817443848, 2.563999891281128, 2.558000087738037, 2.553999900817871, 2.5390000343322754, 2.5230000019073486, 2.515000104904175, 2.513000011444092, 2.497999906539917, 2.4839999675750732, 2.4739999771118164, 2.4639999866485596, 2.4489998817443848, 2.444000005722046, 2.427999973297119, 2.4179999828338623, 2.4030001163482666, 2.381999969482422, 2.38100004196167, 2.3570001125335693, 2.3399999141693115, 2.3239998817443848, 2.311000108718872, 2.2980000972747803, 2.2709999084472656, 2.26200008392334, 2.250999927520752, 2.2339999675750732, 2.2179999351501465, 2.2009999752044678, 2.1710000038146973, 2.1559998989105225, 2.135999917984009, 2.114000082015991, 2.0829999446868896, 2.058000087738037, 2.0439999103546143, 2.0199999809265137, 2.0, 1.9570000171661377, 1.937000036239624, 1.8990000486373901, 1.8830000162124634, 1.8559999465942383, 1.8389999866485596, 1.809999942779541, 1.7970000505447388, 1.7660000324249268, 1.7389999628067017, 1.7209999561309814, 1.7029999494552612, 1.687999963760376, 1.6610000133514404, 1.6480000019073486, 1.63100004196167, 1.6030000448226929, 1.593999981880188, 1.5679999589920044, 1.5479999780654907, 1.5290000438690186, 1.5230000019073486, 1.50600004196167, 1.4900000095367432, 1.4839999675750732, 1.468000054359436, 1.4490000009536743, 1.437999963760376, 1.4240000247955322, 1.4140000343322754, 1.4079999923706055, 1.3849999904632568, 1.371999979019165, 1.3650000095367432, 1.3480000495910645, 1.3350000381469727, 1.3279999494552612, 1.3200000524520874, 1.309000015258789, 1.2990000247955322, 1.2799999713897705, 1.2640000581741333, 1.2589999437332153, 1.246000051498413, 1.2369999885559082, 1.2259999513626099, 1.218999981880188, 1.2079999446868896, 1.1970000267028809, 1.1929999589920044, 1.1820000410079956, 1.1720000505447388, 1.1579999923706055, 1.152999997138977, 1.1419999599456787, 1.1269999742507935, 1.121000051498413, 1.1160000562667847, 1.1059999465942383, 1.100000023841858, 1.093000054359436, 1.0839999914169312, 1.0740000009536743, 1.065999984741211, 1.0640000104904175, 1.0609999895095825, 1.0609999895095825, 1.0449999570846558, 1.0440000295639038, 1.0379999876022339, 1.031999945640564, 1.0160000324249268, 1.0149999856948853, 1.0110000371932983, 1.0049999952316284, 0.9919999837875366, 0.9829999804496765, 0.984000027179718, 0.9829999804496765, 0.9789999723434448, 0.9779999852180481, 0.9679999947547913, 0.9629999995231628, 0.9559999704360962, 0.9509999752044678, 0.9490000009536743, 0.9490000009536743, 0.9369999766349792, 0.9319999814033508, 0.9240000247955322, 0.9179999828338623, 0.9150000214576721, 0.9139999747276306, 0.9129999876022339, 0.902999997138977, 0.8960000276565552, 0.8880000114440918, 0.8849999904632568, 0.8840000033378601, 0.8830000162124634, 0.8759999871253967, 0.8740000128746033, 0.8730000257492065, 0.8700000047683716, 0.8700000047683716, 0.8640000224113464, 0.8550000190734863, 0.8510000109672546, 0.847000002861023, 0.847000002861023, 0.8460000157356262, 0.8410000205039978, 0.8389999866485596, 0.8370000123977661, 0.8330000042915344, 0.8299999833106995, 0.8270000219345093, 0.824999988079071, 0.8230000138282776, 0.8190000057220459, 0.8130000233650208, 0.8069999814033508, 0.8059999942779541, 0.8080000281333923, 0.8069999814033508, 0.7950000166893005, 0.7889999747276306, 0.7879999876022339, 0.7889999747276306, 0.7889999747276306, 0.781000018119812, 0.7789999842643738, 0.7760000228881836, 0.7739999890327454, 0.7680000066757202, 0.7680000066757202, 0.7680000066757202, 0.7680000066757202, 0.7630000114440918, 0.7590000033378601, 0.7580000162124634, 0.7519999742507935, 0.746999979019165, 0.7440000176429749, 0.7419999837875366, 0.7409999966621399, 0.7400000095367432, 0.7350000143051147, 0.734000027179718, 0.7329999804496765, 0.7329999804496765, 0.7239999771118164, 0.7229999899864197, 0.7210000157356262, 0.7229999899864197, 0.7239999771118164, 0.722000002861023, 0.7139999866485596, 0.7099999785423279, 0.7070000171661377, 0.7070000171661377, 0.7039999961853027, 0.7020000219345093, 0.699999988079071, 0.7020000219345093, 0.7049999833106995, 0.699999988079071, 0.6990000009536743, 0.6990000009536743, 0.6980000138282776, 0.6949999928474426, 0.6890000104904175, 0.6840000152587891, 0.6859999895095825, 0.6919999718666077, 0.6949999928474426, 0.6890000104904175, 0.6830000281333923, 0.6790000200271606, 0.6790000200271606, 0.6790000200271606, 0.6790000200271606, 0.6790000200271606, 0.6790000200271606, 0.6790000200271606, 0.6729999780654907, 0.6690000295639038, 0.6679999828338623, 0.6660000085830688, 0.6679999828338623, 0.6650000214576721, 0.6610000133514404, 0.6610000133514404, 0.6629999876022339, 0.6610000133514404, 0.6589999794960022, 0.6589999794960022, 0.6539999842643738, 0.652999997138977, 0.656000018119812, 0.6570000052452087, 0.6520000100135803, 0.6480000019073486, 0.6480000019073486, 0.6470000147819519, 0.6499999761581421, 0.6489999890327454, 0.6489999890327454, 0.6470000147819519, 0.6430000066757202, 0.6399999856948853, 0.6399999856948853, 0.6389999985694885, 0.6399999856948853, 0.6399999856948853, 0.6480000019073486, 0.6420000195503235, 0.6420000195503235, 0.6380000114440918, 0.6389999985694885, 0.6359999775886536, 0.6380000114440918, 0.6359999775886536, 0.6340000033378601, 0.6309999823570251, 0.6320000290870667, 0.6320000290870667, 0.6290000081062317, 0.628000020980835, 0.6269999742507935, 0.6209999918937683, 0.6159999966621399, 0.6209999918937683, 0.6269999742507935, 0.628000020980835, 0.628000020980835, 0.6299999952316284, 0.6259999871253967, 0.6179999709129333, 0.6150000095367432, 0.6119999885559082, 0.6169999837875366, 0.6200000047683716, 0.6159999966621399, 0.6110000014305115, 0.6100000143051147, 0.6129999756813049, 0.6169999837875366, 0.6110000014305115, 0.6110000014305115, 0.6140000224113464, 0.6159999966621399, 0.6179999709129333, 0.6159999966621399, 0.6129999756813049, 0.6100000143051147, 0.6110000014305115, 0.6029999852180481, 0.6029999852180481, 0.6029999852180481, 0.6039999723434448, 0.6029999852180481, 0.6039999723434448, 0.6039999723434448, 0.6029999852180481, 0.6029999852180481, 0.6050000190734863, 0.6010000109672546, 0.6000000238418579, 0.6000000238418579, 0.597000002861023, 0.5950000286102295, 0.5899999737739563, 0.6000000238418579, 0.6019999980926514, 0.5979999899864197, 0.5960000157356262, 0.597000002861023, 0.5910000205039978, 0.5860000252723694, 0.5839999914169312, 0.5879999995231628, 0.5960000157356262, 0.5960000157356262, 0.5839999914169312, 0.5910000205039978, 0.5960000157356262, 0.593999981880188, 0.5899999737739563, 0.5889999866485596, 0.5889999866485596, 0.5870000123977661, 0.5830000042915344, 0.5830000042915344, 0.5820000171661377, 0.5799999833106995, 0.5820000171661377, 0.5830000042915344, 0.5830000042915344, 0.5830000042915344, 0.5839999914169312, 0.5830000042915344, 0.5839999914169312, 0.5839999914169312, 0.5830000042915344, 0.5740000009536743, 0.5789999961853027, 0.5770000219345093, 0.578000009059906, 0.578000009059906, 0.5720000267028809, 0.5720000267028809, 0.5720000267028809, 0.5730000138282776, 0.5770000219345093, 0.5849999785423279, 0.5789999961853027, 0.5730000138282776, 0.5730000138282776, 0.5730000138282776, 0.5690000057220459, 0.5659999847412109, 0.5690000057220459, 0.5690000057220459, 0.5709999799728394, 0.5690000057220459, 0.5659999847412109, 0.5659999847412109, 0.5659999847412109, 0.5659999847412109, 0.5720000267028809, 0.5740000009536743, 0.5699999928474426, 0.5680000185966492, 0.5690000057220459, 0.5659999847412109, 0.5659999847412109, 0.5659999847412109, 0.5709999799728394, 0.5699999928474426, 0.5699999928474426, 0.5699999928474426, 0.5690000057220459, 0.5690000057220459, 0.5690000057220459, 0.5690000057220459, 0.5690000057220459, 0.5690000057220459, 0.5699999928474426, 0.5699999928474426, 0.5699999928474426, 0.5649999976158142, 0.5659999847412109, 0.5659999847412109, 0.5659999847412109, 0.5659999847412109, 0.5669999718666077, 0.5690000057220459, 0.5699999928474426, 0.5669999718666077, 0.5669999718666077, 0.5669999718666077, 0.5649999976158142, 0.5649999976158142, 0.5640000104904175, 0.5669999718666077, 0.5659999847412109, 0.5669999718666077, 0.5649999976158142, 0.5659999847412109, 0.5649999976158142, 0.5609999895095825, 0.5590000152587891, 0.5609999895095825, 0.5669999718666077, 0.5720000267028809, 0.5630000233650208, 0.5569999814033508, 0.5619999766349792, 0.5630000233650208, 0.5619999766349792, 0.5630000233650208, 0.5519999861717224, 0.5519999861717224, 0.5600000023841858, 0.5609999895095825, 0.5569999814033508, 0.5580000281333923, 0.5640000104904175, 0.5619999766349792, 0.5590000152587891, 0.5609999895095825, 0.5659999847412109, 0.5680000185966492, 0.5630000233650208, 0.5619999766349792, 0.5600000023841858, 0.5590000152587891, 0.5580000281333923, 0.5619999766349792, 0.5619999766349792, 0.5619999766349792, 0.5609999895095825, 0.5600000023841858, 0.5540000200271606, 0.5569999814033508, 0.5559999942779541, 0.5550000071525574, 0.5550000071525574, 0.5640000104904175, 0.5640000104904175, 0.5640000104904175, 0.5590000152587891, 0.5580000281333923, 0.5580000281333923, 0.5630000233650208, 0.5669999718666077, 0.5630000233650208, 0.5569999814033508, 0.5590000152587891, 0.5640000104904175, 0.5619999766349792, 0.5630000233650208, 0.5619999766349792, 0.5649999976158142, 0.5649999976158142, 0.5619999766349792, 0.5590000152587891, 0.5590000152587891, 0.5590000152587891, 0.5609999895095825, 0.5590000152587891, 0.5590000152587891, 0.5600000023841858, 0.5600000023841858, 0.5600000023841858, 0.5609999895095825, 0.5640000104904175, 0.5619999766349792, 0.5609999895095825, 0.5630000233650208, 0.5630000233650208, 0.5730000138282776, 0.5709999799728394, 0.5619999766349792, 0.5600000023841858, 0.5600000023841858, 0.5600000023841858, 0.5619999766349792, 0.5659999847412109, 0.5669999718666077, 0.5600000023841858, 0.5590000152587891, 0.5590000152587891, 0.5619999766349792, 0.5630000233650208, 0.5649999976158142, 0.5690000057220459, 0.5659999847412109, 0.5699999928474426, 0.5699999928474426, 0.5680000185966492, 0.5680000185966492, 0.5690000057220459, 0.5690000057220459, 0.5709999799728394, 0.5709999799728394, 0.5730000138282776, 0.5730000138282776, 0.5709999799728394, 0.5659999847412109, 0.5659999847412109, 0.5680000185966492, 0.5669999718666077, 0.5699999928474426, 0.5699999928474426, 0.5680000185966492, 0.5699999928474426, 0.5720000267028809, 0.5720000267028809, 0.5730000138282776, 0.5730000138282776, 0.5730000138282776, 0.574999988079071, 0.5770000219345093, 0.5699999928474426, 0.5730000138282776, 0.574999988079071, 0.5770000219345093, 0.5740000009536743, 0.5740000009536743, 0.5730000138282776, 0.5770000219345093, 0.5799999833106995, 0.5789999961853027, 0.5759999752044678, 0.5809999704360962, 0.5849999785423279, 0.5849999785423279, 0.5809999704360962, 0.5820000171661377, 0.5759999752044678, 0.5789999961853027, 0.5820000171661377, 0.5820000171661377, 0.5770000219345093, 0.5820000171661377, 0.5820000171661377, 0.5830000042915344, 0.5830000042915344, 0.5860000252723694, 0.5839999914169312, 0.5839999914169312, 0.5830000042915344, 0.5839999914169312, 0.5889999866485596, 0.5870000123977661, 0.5839999914169312, 0.578000009059906, 0.5759999752044678, 0.5860000252723694, 0.5899999737739563, 0.5950000286102295, 0.5920000076293945, 0.5870000123977661, 0.5870000123977661, 0.5870000123977661, 0.5870000123977661, 0.593999981880188, 0.593999981880188, 0.5920000076293945, 0.593999981880188, 0.597000002861023, 0.5929999947547913, 0.5899999737739563, 0.5899999737739563, 0.593999981880188, 0.5950000286102295, 0.5950000286102295, 0.593999981880188, 0.5889999866485596, 0.5899999737739563, 0.5929999947547913, 0.6000000238418579, 0.6019999980926514, 0.5929999947547913, 0.5879999995231628, 0.5989999771118164, 0.6039999723434448, 0.6039999723434448, 0.6029999852180481, 0.6010000109672546, 0.6000000238418579, 0.5989999771118164, 0.5989999771118164, 0.6039999723434448, 0.6050000190734863, 0.6050000190734863, 0.609000027179718, 0.6140000224113464, 0.6119999885559082, 0.6129999756813049, 0.6100000143051147, 0.6129999756813049, 0.6119999885559082, 0.6119999885559082, 0.6159999966621399, 0.6200000047683716, 0.6209999918937683, 0.6169999837875366, 0.6150000095367432, 0.6150000095367432, 0.6159999966621399, 0.6190000176429749, 0.6200000047683716, 0.6230000257492065, 0.6209999918937683, 0.6209999918937683, 0.6230000257492065, 0.6240000128746033, 0.6259999871253967, 0.6209999918937683, 0.6190000176429749, 0.625, 0.6269999742507935, 0.6330000162124634, 0.6299999952316284, 0.6290000081062317, 0.628000020980835, 0.6320000290870667, 0.6320000290870667, 0.6309999823570251, 0.6309999823570251, 0.6349999904632568, 0.640999972820282, 0.6380000114440918, 0.6359999775886536, 0.6320000290870667, 0.6430000066757202, 0.6520000100135803, 0.640999972820282, 0.6430000066757202, 0.6389999985694885, 0.6380000114440918, 0.6330000162124634, 0.6309999823570251, 0.6349999904632568, 0.6340000033378601, 0.6349999904632568, 0.6370000243186951, 0.6349999904632568, 0.6349999904632568, 0.6349999904632568, 0.6359999775886536, 0.6359999775886536, 0.6359999775886536, 0.6359999775886536, 0.6330000162124634, 0.628000020980835, 0.6320000290870667, 0.6320000290870667, 0.6290000081062317, 0.6299999952316284, 0.6370000243186951, 0.6370000243186951, 0.6370000243186951, 0.640999972820282, 0.6430000066757202, 0.6370000243186951, 0.6359999775886536, 0.6499999761581421, 0.6480000019073486, 0.6430000066757202, 0.6389999985694885, 0.6420000195503235, 0.6430000066757202, 0.640999972820282, 0.6380000114440918, 0.6309999823570251, 0.6309999823570251, 0.640999972820282, 0.6499999761581421, 0.6489999890327454, 0.6439999938011169, 0.6420000195503235, 0.640999972820282, 0.640999972820282, 0.6420000195503235, 0.6420000195503235, 0.640999972820282, 0.6430000066757202, 0.6430000066757202, 0.6449999809265137, 0.6449999809265137, 0.6480000019073486, 0.6600000262260437, 0.6570000052452087, 0.6579999923706055, 0.6579999923706055, 0.6620000004768372, 0.6650000214576721, 0.6660000085830688, 0.6669999957084656, 0.6650000214576721, 0.6679999828338623, 0.6629999876022339, 0.6629999876022339, 0.6759999990463257, 0.6779999732971191, 0.6740000247955322, 0.6690000295639038]
intensities: [979.0, 989.0, 1046.0, 1056.0, 1118.0, 1130.0, 1125.0, 1132.0, 1145.0, 1159.0, 1201.0, 1227.0, 1211.0, 1164.0, 1177.0, 1123.0, 1074.0, 951.0, 757.0, 863.0, 928.0, 992.0, 1011.0, 1031.0, 1029.0, 1013.0, 962.0, 969.0, 1015.0, 1057.0, 1092.0, 1117.0, 1194.0, 1204.0, 1299.0, 1286.0, 1332.0, 1363.0, 1371.0, 1361.0, 1374.0, 1379.0, 1394.0, 1395.0, 1396.0, 1378.0, 1385.0, 1410.0, 1429.0, 1440.0, 1442.0, 1431.0, 1413.0, 1416.0, 1427.0, 1436.0, 1451.0, 1474.0, 1456.0, 1463.0, 1484.0, 1488.0, 1486.0, 1495.0, 1514.0, 1500.0, 1487.0, 1492.0, 1487.0, 1542.0, 1535.0, 1538.0, 1532.0, 1540.0, 1539.0, 1560.0, 1583.0, 1573.0, 1573.0, 1592.0, 1581.0, 1555.0, 1579.0, 1579.0, 1556.0, 1587.0, 1580.0, 1599.0, 1587.0, 1576.0, 1567.0, 1567.0, 1569.0, 1560.0, 1569.0, 1570.0, 1574.0, 1578.0, 1589.0, 1567.0, 1539.0, 1562.0, 1582.0, 1559.0, 1536.0, 1537.0, 1537.0, 1544.0, 1536.0, 1528.0, 1531.0, 1525.0, 1511.0, 1511.0, 1523.0, 1511.0, 1497.0, 1497.0, 1492.0, 1487.0, 1487.0, 1458.0, 1455.0, 1441.0, 1454.0, 1416.0, 1426.0, 1421.0, 1411.0, 1400.0, 1392.0, 1377.0, 1370.0, 1370.0, 1360.0, 1351.0, 1325.0, 1327.0, 1317.0, 1317.0, 1302.0, 1297.0, 1281.0, 1260.0, 1273.0, 1246.0, 1250.0, 1248.0, 1187.0, 1167.0, 1147.0, 1145.0, 1144.0, 1156.0, 1156.0, 1138.0, 1139.0, 1118.0, 1123.0, 1136.0, 1152.0, 1134.0, 1137.0, 1135.0, 1119.0, 1125.0, 1130.0, 1136.0, 1143.0, 1128.0, 1120.0, 1122.0, 1122.0, 1116.0, 1104.0, 1108.0, 1118.0, 1109.0, 1098.0, 1098.0, 1095.0, 1092.0, 1099.0, 1086.0, 1103.0, 1112.0, 1120.0, 1127.0, 1125.0, 1104.0, 1102.0, 1113.0, 1115.0, 1115.0, 1117.0, 1099.0, 1098.0, 1111.0, 1117.0, 1114.0, 1107.0, 1107.0, 1100.0, 1116.0, 1095.0, 1099.0, 1104.0, 1104.0, 1085.0, 1085.0, 1093.0, 1085.0, 1084.0, 1091.0, 1077.0, 1077.0, 1075.0, 1060.0, 1073.0, 1067.0, 1066.0, 1077.0, 1059.0, 1055.0, 1051.0, 1055.0, 1062.0, 1055.0, 1067.0, 1059.0, 1042.0, 1042.0, 1039.0, 1042.0, 1052.0, 1038.0, 1031.0, 1012.0, 1029.0, 1023.0, 1017.0, 1012.0, 996.0, 1010.0, 1007.0, 1000.0, 997.0, 979.0, 1004.0, 976.0, 984.0, 975.0, 976.0, 972.0, 977.0, 968.0, 962.0, 963.0, 961.0, 959.0, 972.0, 957.0, 963.0, 962.0, 965.0, 953.0, 944.0, 935.0, 938.0, 938.0, 935.0, 927.0, 930.0, 924.0, 933.0, 912.0, 916.0, 915.0, 901.0, 900.0, 892.0, 891.0, 872.0, 866.0, 875.0, 872.0, 870.0, 864.0, 863.0, 854.0, 867.0, 858.0, 850.0, 871.0, 861.0, 854.0, 840.0, 830.0, 852.0, 854.0, 935.0, 1319.0, 1344.0, 944.0, 943.0, 943.0, 946.0, 942.0, 942.0, 942.0, 942.0, 940.0, 942.0, 943.0, 944.0, 946.0, 946.0, 946.0, 946.0, 946.0, 947.0, 943.0, 946.0, 949.0, 950.0, 951.0, 943.0, 945.0, 943.0, 942.0, 946.0, 943.0, 946.0, 958.0, 955.0, 957.0, 950.0, 956.0, 950.0, 945.0, 948.0, 950.0, 943.0, 946.0, 942.0, 961.0, 961.0, 945.0, 953.0, 949.0, 946.0, 949.0, 948.0, 953.0, 956.0, 949.0, 948.0, 945.0, 949.0, 949.0, 947.0, 945.0, 950.0, 943.0, 948.0, 952.0, 944.0, 955.0, 956.0, 950.0, 950.0, 949.0, 953.0, 946.0, 941.0, 947.0, 947.0, 943.0, 955.0, 947.0, 948.0, 943.0, 941.0, 944.0, 943.0, 941.0, 954.0, 943.0, 934.0, 947.0, 936.0, 934.0, 940.0, 937.0, 934.0, 935.0, 941.0, 947.0, 937.0, 939.0, 937.0, 936.0, 933.0, 937.0, 929.0, 923.0, 927.0, 954.0, 950.0, 943.0, 921.0, 920.0, 938.0, 937.0, 939.0, 949.0, 958.0, 958.0, 965.0, 969.0, 980.0, 978.0, 992.0, 980.0, 986.0, 993.0, 993.0, 1014.0, 997.0, 1013.0, 1025.0, 1022.0, 1039.0, 1038.0, 1066.0, 1049.0, 1059.0, 1058.0, 1082.0, 1064.0, 1076.0, 1088.0, 1078.0, 1093.0, 1090.0, 1097.0, 1101.0, 1110.0, 1112.0, 1112.0, 1114.0, 1114.0, 1108.0, 1106.0, 1112.0, 1108.0, 1101.0, 1098.0, 1094.0, 1109.0, 1105.0, 1125.0, 1136.0, 1162.0, 1147.0, 1141.0, 1122.0, 1126.0, 1113.0, 1158.0, 1163.0, 1185.0, 1198.0, 1204.0, 1206.0, 1209.0, 1219.0, 1219.0, 1226.0, 1234.0, 1235.0, 1239.0, 1240.0, 1240.0, 1249.0, 1253.0, 1252.0, 1262.0, 1264.0, 1269.0, 1276.0, 1267.0, 1282.0, 1278.0, 1293.0, 1282.0, 1286.0, 1295.0, 1285.0, 1290.0, 1309.0, 1308.0, 1312.0, 1307.0, 1319.0, 1317.0, 1329.0, 1326.0, 1337.0, 1335.0, 1353.0, 1366.0, 1378.0, 1366.0, 1367.0, 1368.0, 1382.0, 1370.0, 1378.0, 1379.0, 1384.0, 1385.0, 1399.0, 1409.0, 1408.0, 1421.0, 1426.0, 1419.0, 1420.0, 1426.0, 1444.0, 1458.0, 1463.0, 1428.0, 1448.0, 1465.0, 1486.0, 1477.0, 1491.0, 1491.0, 1494.0, 1499.0, 1483.0, 1487.0, 1499.0, 1499.0, 1504.0, 1526.0, 1538.0, 1533.0, 1531.0, 1549.0, 1528.0, 1531.0, 1558.0, 1549.0, 1570.0, 1579.0, 1577.0, 1592.0, 1604.0, 1598.0, 1609.0, 1601.0, 1614.0, 1620.0, 1620.0, 1611.0, 1613.0, 1615.0, 1620.0, 1628.0, 1621.0, 1614.0, 1620.0, 1635.0, 1633.0, 1641.0, 1644.0, 1644.0, 1645.0, 1647.0, 1644.0, 1648.0, 1651.0, 1651.0, 1650.0, 1654.0, 1651.0, 1645.0, 1645.0, 1656.0, 1656.0, 1656.0, 1656.0, 1658.0, 1658.0, 1659.0, 1658.0, 1661.0, 1679.0, 1660.0, 1660.0, 1665.0, 1672.0, 1667.0, 1667.0, 1688.0, 1681.0, 1709.0, 1706.0, 1709.0, 1716.0, 1723.0, 1740.0, 1731.0, 1700.0, 1700.0, 1733.0, 1726.0, 1720.0, 1725.0, 1729.0, 1730.0, 1730.0, 1753.0, 1716.0, 1716.0, 1742.0, 1747.0, 1743.0, 1741.0, 1731.0, 1734.0, 1737.0, 1752.0, 1754.0, 1738.0, 1745.0, 1727.0, 1736.0, 1743.0, 1741.0, 1741.0, 1750.0, 1745.0, 1776.0, 1754.0, 1773.0, 1765.0, 1759.0, 1758.0, 1776.0, 1777.0, 1766.0, 1783.0, 1775.0, 1768.0, 1778.0, 1778.0, 1764.0, 1772.0, 1798.0, 1785.0, 1781.0, 1769.0, 1790.0, 1778.0, 1772.0, 1772.0, 1805.0, 1787.0, 1786.0, 1820.0, 1799.0, 1799.0, 1831.0, 1826.0, 1799.0, 1803.0, 1795.0, 1822.0, 1817.0, 1837.0, 1843.0, 1832.0, 1813.0, 1829.0, 1823.0, 1830.0, 1843.0, 1833.0, 1822.0, 1822.0, 1843.0, 1851.0, 1843.0, 1837.0, 1852.0, 1834.0, 1836.0, 1831.0, 1841.0, 1840.0, 1851.0, 1851.0, 1851.0, 1870.0, 1870.0, 1861.0, 1862.0, 1856.0, 1863.0, 1863.0, 1859.0, 1877.0, 1864.0, 1862.0, 1862.0, 1867.0, 1850.0, 1855.0, 1855.0, 1851.0, 1846.0, 1864.0, 1850.0, 1834.0, 1819.0, 1861.0, 1862.0, 1858.0, 1862.0, 1841.0, 1868.0, 1814.0, 1822.0, 1817.0, 1802.0, 1819.0, 1858.0, 1865.0, 1859.0, 1866.0, 1851.0, 1837.0, 1829.0, 1829.0, 1857.0, 1848.0, 1849.0, 1848.0, 1834.0, 1833.0, 1834.0, 1810.0, 1788.0, 1788.0, 1802.0, 1812.0, 1812.0, 1807.0, 1812.0, 1828.0, 1844.0, 1839.0, 1850.0, 1836.0, 1844.0, 1845.0, 1823.0, 1823.0, 1816.0, 1815.0, 1775.0, 1824.0, 1794.0, 1814.0, 1808.0, 1814.0, 1794.0, 1781.0, 1787.0, 1787.0, 1810.0, 1806.0, 1794.0, 1808.0, 1766.0, 1799.0, 1796.0, 1778.0, 1762.0, 1756.0, 1770.0, 1772.0, 1777.0, 1775.0, 1755.0, 1756.0, 1755.0, 1755.0, 1755.0, 1757.0, 1732.0, 1752.0, 1769.0, 1740.0, 1731.0, 1746.0, 1720.0, 1753.0, 1732.0, 1725.0, 1705.0, 1705.0, 1706.0, 1711.0, 1711.0, 1714.0, 1712.0, 1712.0, 1710.0, 1705.0, 1705.0, 1704.0, 1705.0, 1697.0, 1674.0, 1674.0, 1680.0, 1662.0, 1654.0, 1645.0, 1658.0, 1659.0, 1658.0, 1644.0, 1644.0, 1609.0, 1608.0, 1595.0, 1595.0, 1569.0, 1573.0, 1556.0, 1548.0, 1541.0, 1550.0, 1561.0, 1556.0, 1556.0, 1569.0, 1560.0, 1550.0, 1553.0, 1552.0, 1556.0, 1549.0, 1545.0, 1535.0, 1520.0, 1517.0, 1499.0, 1503.0, 1503.0, 1501.0, 1501.0, 1477.0, 1492.0, 1469.0, 1462.0, 1457.0, 1447.0, 1453.0, 1459.0, 1455.0, 1452.0, 1448.0, 1445.0, 1452.0, 1452.0, 1446.0, 1444.0, 1441.0, 1441.0, 1427.0, 1440.0, 1429.0, 1439.0, 1441.0, 1441.0, 1435.0, 1435.0, 1435.0, 1407.0, 1411.0, 1383.0, 1381.0, 1386.0, 1386.0, 1389.0, 1380.0, 1377.0, 1371.0, 1378.0, 1372.0, 1378.0, 1381.0, 1376.0, 1364.0, 1356.0, 1367.0, 1351.0, 1352.0, 1342.0, 1350.0, 1350.0, 1355.0, 1360.0, 1356.0, 1338.0, 1335.0, 1330.0, 1316.0, 1312.0, 1330.0, 1325.0, 1283.0, 1292.0, 1317.0, 1307.0, 1311.0, 1305.0, 1289.0, 1289.0, 1324.0, 1324.0, 1295.0, 1297.0, 1298.0, 1300.0, 1308.0, 1297.0, 1290.0, 1295.0, 1290.0, 1292.0, 1292.0, 1293.0, 1300.0, 1282.0, 1285.0, 1288.0, 1296.0, 1304.0, 1304.0, 1298.0, 1297.0, 1297.0, 1265.0, 1251.0, 1274.0, 1293.0, 1293.0, 1288.0, 1292.0, 1286.0, 1301.0, 1307.0, 1305.0, 1322.0, 1306.0, 1306.0, 1301.0, 1301.0, 1333.0, 1328.0, 1319.0, 1316.0, 1315.0, 1324.0, 1324.0, 1302.0, 1298.0, 1323.0, 1326.0, 1326.0, 1333.0, 1339.0, 1335.0, 1321.0, 1311.0, 1333.0, 1338.0, 1357.0, 1357.0, 1331.0, 1335.0, 1343.0, 1350.0, 1352.0, 1350.0, 1350.0, 1339.0, 1348.0, 1360.0, 1337.0, 1377.0, 1352.0, 1368.0, 1372.0, 1365.0, 1380.0, 1370.0, 1360.0, 1395.0, 1377.0, 1393.0, 1409.0, 1386.0, 1386.0, 1386.0, 1409.0, 1408.0, 1406.0, 1416.0, 1411.0, 1410.0, 1412.0, 1412.0, 1410.0, 1413.0, 1415.0, 1415.0, 1416.0, 1412.0, 1415.0, 1409.0, 1425.0, 1421.0, 1425.0, 1420.0, 1433.0, 1438.0, 1424.0, 1432.0, 1455.0, 1453.0, 1457.0, 1448.0, 1436.0, 1458.0, 1470.0, 1470.0, 1485.0, 1484.0, 1484.0, 1483.0, 1485.0, 1494.0, 1489.0, 1493.0, 1493.0, 1485.0, 1466.0, 1463.0, 1491.0, 1491.0, 1502.0, 1508.0, 1503.0, 1506.0, 1499.0, 1498.0, 1497.0, 1497.0, 1497.0, 1512.0, 1494.0, 1518.0]