header: 
  seq: 1777
  stamp: 
    secs: 1548820801
    nsecs: 599465496
  frame_id: "base_link"
angle_min: -2.35619449615
angle_max: 2.35619449615
angle_increment: 0.00436332309619
time_increment: 1.73611151695e-05
scan_time: 0.0250000003725
range_min: 0.019999999553
range_max: 30.0
ranges: [0.49900001287460327, 0.5040000081062317, 0.49799999594688416, 0.5049999952316284, 0.5139999985694885, 0.5180000066757202, 0.5180000066757202, 0.5139999985694885, 0.5120000243186951, 0.5149999856948853, 0.5210000276565552, 0.5210000276565552, 0.5149999856948853, 0.5109999775886536, 0.5, 0.46299999952316284, 0.4059999883174896, 0.38999998569488525, 0.29600000381469727, 0.33799999952316284, 0.38600000739097595, 0.4390000104904175, 0.48100000619888306, 0.5009999871253967, 0.5009999871253967, 0.49900001287460327, 0.5040000081062317, 0.5019999742507935, 0.5009999871253967, 0.49300000071525574, 0.48399999737739563, 0.4970000088214874, 0.4970000088214874, 0.4950000047683716, 0.4970000088214874, 0.49799999594688416, 0.5019999742507935, 0.5070000290870667, 0.4860000014305115, 0.4830000102519989, 0.492000013589859, 0.49300000071525574, 0.4950000047683716, 0.4950000047683716, 0.4959999918937683, 0.49300000071525574, 0.48899999260902405, 0.48500001430511475, 0.48399999737739563, 0.4860000014305115, 0.48399999737739563, 0.49300000071525574, 0.4950000047683716, 0.49399998784065247, 0.4860000014305115, 0.48500001430511475, 0.48500001430511475, 0.4880000054836273, 0.4909999966621399, 0.49000000953674316, 0.4830000102519989, 0.4819999933242798, 0.4819999933242798, 0.48500001430511475, 0.47999998927116394, 0.4740000069141388, 0.4749999940395355, 0.4740000069141388, 0.4749999940395355, 0.4740000069141388, 0.4740000069141388, 0.4740000069141388, 0.4729999899864197, 0.4790000021457672, 0.48100000619888306, 0.4790000021457672, 0.4729999899864197, 0.4699999988079071, 0.4659999907016754, 0.47200000286102295, 0.4740000069141388, 0.4740000069141388, 0.4699999988079071, 0.4699999988079071, 0.4699999988079071, 0.4729999899864197, 0.47699999809265137, 0.47600001096725464, 0.46700000762939453, 0.4659999907016754, 0.46799999475479126, 0.4740000069141388, 0.47200000286102295, 0.4740000069141388, 0.4729999899864197, 0.47099998593330383, 0.46799999475479126, 0.46399998664855957, 0.4650000035762787, 0.46799999475479126, 0.46399998664855957, 0.460999995470047, 0.46299999952316284, 0.4620000123977661, 0.460999995470047, 0.460999995470047, 0.46399998664855957, 0.4650000035762787, 0.46399998664855957, 0.46000000834465027, 0.46299999952316284, 0.46299999952316284, 0.460999995470047, 0.46000000834465027, 0.46000000834465027, 0.460999995470047, 0.46700000762939453, 0.4650000035762787, 0.46000000834465027, 0.46000000834465027, 0.46000000834465027, 0.4560000002384186, 0.45899999141693115, 0.460999995470047, 0.4659999907016754, 0.46299999952316284, 0.4569999873638153, 0.45399999618530273, 0.4560000002384186, 0.46000000834465027, 0.4620000123977661, 0.4560000002384186, 0.453000009059906, 0.4580000042915344, 0.45399999618530273, 0.45899999141693115, 0.4560000002384186, 0.4519999921321869, 0.4560000002384186, 0.4569999873638153, 0.45500001311302185, 0.45500001311302185, 0.4569999873638153, 0.45899999141693115, 0.45899999141693115, 0.46000000834465027, 0.45899999141693115, 0.4580000042915344, 0.4569999873638153, 0.46000000834465027, 0.46000000834465027, 0.45899999141693115, 0.45399999618530273, 0.4519999921321869, 0.453000009059906, 0.46000000834465027, 0.47099998593330383, 0.46700000762939453, 0.4620000123977661, 0.460999995470047, 0.4569999873638153, 0.45899999141693115, 0.4580000042915344, 0.4519999921321869, 0.4519999921321869, 0.453000009059906, 0.45399999618530273, 0.45399999618530273, 0.45100000500679016, 0.45500001311302185, 0.4580000042915344, 0.4569999873638153, 0.45500001311302185, 0.460999995470047, 0.46299999952316284, 0.46000000834465027, 0.45100000500679016, 0.4490000009536743, 0.45500001311302185, 0.45500001311302185, 0.45399999618530273, 0.45100000500679016, 0.4449999928474426, 0.4490000009536743, 0.45399999618530273, 0.45500001311302185, 0.4480000138282776, 0.45100000500679016, 0.44699999690055847, 0.44999998807907104, 0.45500001311302185, 0.45500001311302185, 0.45500001311302185, 0.4490000009536743, 0.45100000500679016, 0.4560000002384186, 0.4569999873638153, 0.4580000042915344, 0.4560000002384186, 0.460999995470047, 0.460999995470047, 0.45899999141693115, 0.45899999141693115, 0.4519999921321869, 0.45399999618530273, 0.46399998664855957, 0.46299999952316284, 0.4650000035762787, 0.4650000035762787, 0.46700000762939453, 0.46000000834465027, 0.4650000035762787, 0.4650000035762787, 0.460999995470047, 0.45899999141693115, 0.4650000035762787, 0.47099998593330383, 0.4620000123977661, 0.4650000035762787, 0.4659999907016754, 0.4620000123977661, 0.46000000834465027, 0.46399998664855957, 0.46700000762939453, 0.46399998664855957, 0.47099998593330383, 0.46700000762939453, 0.4620000123977661, 0.4620000123977661, 0.46399998664855957, 0.47099998593330383, 0.4779999852180481, 0.4749999940395355, 0.47200000286102295, 0.47600001096725464, 0.4740000069141388, 0.4740000069141388, 0.4819999933242798, 0.4790000021457672, 0.47699999809265137, 0.47600001096725464, 0.47699999809265137, 0.47999998927116394, 0.48100000619888306, 0.4779999852180481, 0.4819999933242798, 0.4779999852180481, 0.48500001430511475, 0.4860000014305115, 0.4869999885559082, 0.4860000014305115, 0.49399998784065247, 0.48500001430511475, 0.48500001430511475, 0.48899999260902405, 0.49000000953674316, 0.49000000953674316, 0.49000000953674316, 0.4909999966621399, 0.492000013589859, 0.492000013589859, 0.4909999966621399, 0.49399998784065247, 0.5, 0.5049999952316284, 0.5059999823570251, 0.5059999823570251, 0.5070000290870667, 0.5059999823570251, 0.5040000081062317, 0.5120000243186951, 0.5149999856948853, 0.5149999856948853, 0.5130000114440918, 0.5070000290870667, 0.5120000243186951, 0.5109999775886536, 0.5149999856948853, 0.5210000276565552, 0.5249999761581421, 0.5260000228881836, 0.5320000052452087, 0.5329999923706055, 0.5339999794960022, 0.5350000262260437, 0.5360000133514404, 0.5450000166893005, 0.5440000295639038, 0.5339999794960022, 0.5379999876022339, 0.5429999828338623, 0.5429999828338623, 0.5450000166893005, 0.5479999780654907, 0.5429999828338623, 0.5429999828338623, 0.5529999732971191, 0.5590000152587891, 0.5609999895095825, 0.5609999895095825, 0.5609999895095825, 0.5619999766349792, 0.5649999976158142, 0.5709999799728394, 0.5709999799728394, 0.5680000185966492, 0.5680000185966492, 0.5709999799728394, 0.5740000009536743, 0.5740000009536743, 0.5759999752044678, 0.5799999833106995, 0.5860000252723694, 0.5879999995231628, 0.5889999866485596, 0.5929999947547913, 0.5960000157356262, 0.597000002861023, 0.6039999723434448, 0.6060000061988831, 0.6039999723434448, 0.609000027179718, 0.609000027179718, 0.6110000014305115, 0.6209999918937683, 0.6209999918937683, 0.6200000047683716, 0.6209999918937683, 0.6209999918937683, 0.628000020980835, 0.6330000162124634, 0.6380000114440918, 0.6370000243186951, 0.640999972820282, 0.6430000066757202, 0.6439999938011169, 0.6439999938011169, 0.6470000147819519, 0.6570000052452087, 0.6589999794960022, 0.6589999794960022, 0.6700000166893005, 0.6679999828338623, 0.6669999957084656, 0.6729999780654907, 0.6800000071525574, 0.6880000233650208, 0.6890000104904175, 0.6840000152587891, 0.6990000009536743, 0.6990000009536743, 0.699999988079071, 0.7070000171661377, 0.7099999785423279, 0.7129999995231628, 0.7139999866485596, 0.7239999771118164, 0.7260000109672546, 0.7310000061988831, 0.7310000061988831, 0.7310000061988831, 0.7350000143051147, 0.7440000176429749, 0.7490000128746033, 0.7519999742507935, 0.7599999904632568, 0.7620000243186951, 0.7670000195503235, 0.777999997138977, 0.777999997138977, 0.7860000133514404, 0.7940000295639038, 0.796999990940094, 0.7960000038146973, 0.8019999861717224, 0.8100000023841858, 0.8199999928474426, 0.8209999799728394, 0.8240000009536743, 0.8289999961853027, 0.8389999866485596, 0.843999981880188, 0.8529999852180481, 0.8640000224113464, 0.9169999957084656, 0.9779999852180481, 1.0889999866485596, 2.0290000438690186, 2.0420000553131104, 2.0409998893737793, 2.0399999618530273, 2.0339999198913574, 2.0260000228881836, 2.0250000953674316, 2.0160000324249268, 2.009999990463257, 2.007999897003174, 2.007999897003174, 2.007999897003174, 2.0, 1.9919999837875366, 1.9889999628067017, 1.9869999885559082, 1.9819999933242798, 1.9730000495910645, 1.9709999561309814, 1.9730000495910645, 1.9670000076293945, 1.9559999704360962, 1.9539999961853027, 1.9509999752044678, 1.944000005722046, 1.940999984741211, 1.9390000104904175, 1.934000015258789, 1.9320000410079956, 1.9270000457763672, 1.9270000457763672, 1.9240000247955322, 1.9179999828338623, 1.9140000343322754, 1.9110000133514404, 1.9129999876022339, 1.909000039100647, 1.9049999713897705, 1.8980000019073486, 1.8940000534057617, 1.8869999647140503, 1.8860000371932983, 1.8880000114440918, 1.88100004196167, 1.878999948501587, 1.878000020980835, 1.8760000467300415, 1.8700000047683716, 1.8650000095367432, 1.8639999628067017, 1.8600000143051147, 1.8600000143051147, 1.8519999980926514, 1.8480000495910645, 1.8450000286102295, 1.847000002861023, 1.847000002861023, 1.843000054359436, 1.8339999914169312, 1.8339999914169312, 1.8359999656677246, 1.8339999914169312, 1.8289999961853027, 1.8259999752044678, 1.8250000476837158, 1.8240000009536743, 1.8209999799728394, 1.8179999589920044, 1.8200000524520874, 1.8179999589920044, 1.8170000314712524, 1.812999963760376, 1.809999942779541, 1.8009999990463257, 1.7990000247955322, 1.7990000247955322, 1.7960000038146973, 1.7929999828338623, 1.7920000553131104, 1.7910000085830688, 1.7860000133514404, 1.781000018119812, 1.781999945640564, 1.7740000486373901, 1.7680000066757202, 1.7630000114440918, 1.7589999437332153, 1.7599999904632568, 1.75600004196167, 1.75600004196167, 1.753999948501587, 1.7489999532699585, 1.75, 1.7410000562667847, 1.7350000143051147, 1.7319999933242798, 1.7239999771118164, 1.725000023841858, 1.7230000495910645, 1.7200000286102295, 1.7089999914169312, 1.7100000381469727, 1.7079999446868896, 1.7079999446868896, 1.6990000009536743, 1.6920000314712524, 1.687000036239624, 1.6859999895095825, 1.680999994277954, 1.6740000247955322, 1.6729999780654907, 1.6649999618530273, 1.659999966621399, 1.6610000133514404, 1.652999997138977, 1.652999997138977, 1.6519999504089355, 1.6490000486373901, 1.6460000276565552, 1.6319999694824219, 1.621999979019165, 1.6269999742507935, 1.628000020980835, 1.6200000047683716, 1.61899995803833, 1.6160000562667847, 1.6059999465942383, 1.6050000190734863, 1.593999981880188, 1.590000033378601, 1.5779999494552612, 1.5679999589920044, 1.5670000314712524, 1.5609999895095825, 1.5549999475479126, 1.5549999475479126, 1.5449999570846558, 1.5420000553131104, 1.5470000505447388, 1.5390000343322754, 1.531000018119812, 1.5199999809265137, 1.5160000324249268, 1.5160000324249268, 1.5169999599456787, 1.50600004196167, 1.5, 1.496000051498413, 1.4930000305175781, 1.4880000352859497, 1.4759999513626099, 1.475000023841858, 1.475000023841858, 1.465999960899353, 1.4620000123977661, 1.4579999446868896, 1.4470000267028809, 1.4429999589920044, 1.444000005722046, 1.4320000410079956, 1.4240000247955322, 1.4210000038146973, 1.409999966621399, 1.406999945640564, 1.406000018119812, 1.406000018119812, 1.3930000066757202, 1.3919999599456787, 1.3849999904632568, 1.378000020980835, 1.3660000562667847, 1.3619999885559082, 1.3550000190734863, 1.347000002861023, 1.340999960899353, 1.3389999866485596, 1.3309999704360962, 1.3220000267028809, 1.312999963760376, 1.309999942779541, 1.2949999570846558, 1.2940000295639038, 1.2929999828338623, 1.274999976158142, 1.274999976158142, 1.2690000534057617, 1.2649999856948853, 1.2610000371932983, 1.25, 1.2400000095367432, 1.2369999885559082, 1.2289999723434448, 1.2239999771118164, 1.2200000286102295, 1.2100000381469727, 1.2000000476837158, 1.1950000524520874, 1.1790000200271606, 1.1779999732971191, 1.1759999990463257, 1.1640000343322754, 1.1519999504089355, 1.1440000534057617, 1.125, 1.1200000047683716, 1.121000051498413, 1.1139999628067017, 1.1019999980926514, 1.0950000286102295, 1.0870000123977661, 1.0729999542236328, 1.059999942779541, 1.0549999475479126, 1.0479999780654907, 1.0460000038146973, 1.031999945640564, 1.031999945640564, 1.0199999809265137, 1.0149999856948853, 1.0, 0.9950000047683716, 0.984000027179718, 0.968999981880188, 0.9649999737739563, 0.9649999737739563, 0.9570000171661377, 0.953000009059906, 0.9440000057220459, 0.9319999814033508, 0.9269999861717224, 0.9240000247955322, 0.9139999747276306, 0.8989999890327454, 0.8880000114440918, 0.8840000033378601, 0.8730000257492065, 0.8709999918937683, 0.8659999966621399, 0.8600000143051147, 0.8579999804496765, 0.8539999723434448, 0.8460000157356262, 0.843999981880188, 0.847000002861023, 0.8389999866485596, 0.8360000252723694, 0.8220000267028809, 0.8130000233650208, 0.8119999766349792, 0.8090000152587891, 0.8040000200271606, 0.796999990940094, 0.7900000214576721, 0.7839999794960022, 0.777999997138977, 0.7739999890327454, 0.7720000147819519, 0.765999972820282, 0.765999972820282, 0.7509999871253967, 0.7480000257492065, 0.7440000176429749, 0.7440000176429749, 0.7350000143051147, 0.7360000014305115, 0.7390000224113464, 0.7310000061988831, 0.7210000157356262, 0.7200000286102295, 0.7160000205039978, 0.7049999833106995, 0.7020000219345093, 0.703000009059906, 0.7039999961853027, 0.6959999799728394, 0.6890000104904175, 0.6880000233650208, 0.6850000023841858, 0.6769999861717224, 0.6729999780654907, 0.6679999828338623, 0.6710000038146973, 0.6710000038146973, 0.6690000295639038, 0.6669999957084656, 0.6610000133514404, 0.6570000052452087, 0.6489999890327454, 0.6520000100135803, 0.6520000100135803, 0.652999997138977, 0.6489999890327454, 0.6460000276565552, 0.6380000114440918, 0.6370000243186951, 0.6290000081062317, 0.628000020980835, 0.6309999823570251, 0.628000020980835, 0.6230000257492065, 0.6100000143051147, 0.6129999756813049, 0.6159999966621399, 0.6159999966621399, 0.6110000014305115, 0.6069999933242798, 0.6000000238418579, 0.597000002861023, 0.5960000157356262, 0.5929999947547913, 0.5839999914169312, 0.5879999995231628, 0.5920000076293945, 0.5830000042915344, 0.5839999914169312, 0.5809999704360962, 0.5740000009536743, 0.5709999799728394, 0.5709999799728394, 0.5709999799728394, 0.5720000267028809, 0.5630000233650208, 0.5619999766349792, 0.5600000023841858, 0.5590000152587891, 0.5590000152587891, 0.5569999814033508, 0.5540000200271606, 0.5550000071525574, 0.5540000200271606, 0.5460000038146973, 0.5460000038146973, 0.5540000200271606, 0.5490000247955322, 0.5460000038146973, 0.5440000295639038, 0.5400000214576721, 0.5379999876022339, 0.5370000004768372, 0.5320000052452087, 0.527999997138977, 0.5299999713897705, 0.5299999713897705, 0.5230000019073486, 0.5270000100135803, 0.5249999761581421, 0.5239999890327454, 0.5230000019073486, 0.5180000066757202, 0.5180000066757202, 0.5149999856948853, 0.5139999985694885, 0.5120000243186951, 0.5120000243186951, 0.5130000114440918, 0.5130000114440918, 0.5120000243186951, 0.5130000114440918, 0.5130000114440918, 0.5080000162124634, 0.5040000081062317, 0.5080000162124634, 0.5059999823570251, 0.5019999742507935, 0.49900001287460327, 0.4950000047683716, 0.49399998784065247, 0.5019999742507935, 0.4970000088214874, 0.4959999918937683, 0.4959999918937683, 0.49399998784065247, 0.49399998784065247, 0.4950000047683716, 0.4970000088214874, 0.49900001287460327, 0.49300000071525574, 0.48899999260902405, 0.48899999260902405, 0.49000000953674316, 0.49300000071525574, 0.49399998784065247, 0.4950000047683716, 0.4830000102519989, 0.4830000102519989, 0.4869999885559082, 0.4869999885559082, 0.4880000054836273, 0.4880000054836273, 0.4830000102519989, 0.48100000619888306, 0.47999998927116394, 0.47600001096725464, 0.47699999809265137, 0.4790000021457672, 0.4790000021457672, 0.4729999899864197, 0.47600001096725464, 0.47699999809265137, 0.47600001096725464, 0.47200000286102295, 0.47099998593330383, 0.47099998593330383, 0.47099998593330383, 0.47099998593330383, 0.47099998593330383, 0.460999995470047, 0.460999995470047, 0.4650000035762787, 0.46799999475479126, 0.4690000116825104, 0.46700000762939453, 0.46700000762939453, 0.4650000035762787, 0.46299999952316284, 0.46299999952316284, 0.4620000123977661, 0.4659999907016754, 0.46299999952316284, 0.46000000834465027, 0.4620000123977661, 0.4620000123977661, 0.46399998664855957, 0.4580000042915344, 0.4569999873638153, 0.45399999618530273, 0.4560000002384186, 0.4620000123977661, 0.46299999952316284, 0.46299999952316284, 0.4659999907016754, 0.46700000762939453, 0.46299999952316284, 0.460999995470047, 0.4519999921321869, 0.44999998807907104, 0.45399999618530273, 0.46000000834465027, 0.4580000042915344, 0.4580000042915344, 0.4560000002384186, 0.4560000002384186, 0.4569999873638153, 0.4560000002384186, 0.453000009059906, 0.45399999618530273, 0.45500001311302185, 0.4560000002384186, 0.45500001311302185, 0.4480000138282776, 0.45100000500679016, 0.45100000500679016, 0.45399999618530273, 0.44999998807907104, 0.45100000500679016, 0.44699999690055847, 0.4440000057220459, 0.44699999690055847, 0.4569999873638153, 0.4569999873638153, 0.453000009059906, 0.453000009059906, 0.4569999873638153, 0.45899999141693115, 0.4569999873638153, 0.4569999873638153, 0.45500001311302185, 0.453000009059906, 0.45100000500679016, 0.453000009059906, 0.45500001311302185, 0.45500001311302185, 0.45399999618530273, 0.453000009059906, 0.453000009059906, 0.453000009059906, 0.453000009059906, 0.4580000042915344, 0.460999995470047, 0.4580000042915344, 0.45399999618530273, 0.4519999921321869, 0.453000009059906, 0.453000009059906, 0.453000009059906, 0.453000009059906, 0.44999998807907104, 0.44999998807907104, 0.453000009059906, 0.45399999618530273, 0.45500001311302185, 0.45399999618530273, 0.45399999618530273, 0.4490000009536743, 0.45100000500679016, 0.453000009059906, 0.4560000002384186, 0.453000009059906, 0.44999998807907104, 0.45500001311302185, 0.4519999921321869, 0.4519999921321869, 0.45100000500679016, 0.4569999873638153, 0.4560000002384186, 0.4560000002384186, 0.4560000002384186, 0.45399999618530273, 0.45399999618530273, 0.453000009059906, 0.453000009059906, 0.4490000009536743, 0.4490000009536743, 0.44999998807907104, 0.45100000500679016, 0.4519999921321869, 0.44600000977516174, 0.4519999921321869, 0.45500001311302185, 0.45500001311302185, 0.460999995470047, 0.453000009059906, 0.45399999618530273, 0.46000000834465027, 0.46299999952316284, 0.46399998664855957, 0.46399998664855957, 0.46399998664855957, 0.4560000002384186, 0.453000009059906, 0.4560000002384186, 0.4580000042915344, 0.45399999618530273, 0.45500001311302185, 0.4569999873638153, 0.45500001311302185, 0.453000009059906, 0.4560000002384186, 0.4560000002384186, 0.4580000042915344, 0.45399999618530273, 0.46700000762939453, 0.4580000042915344, 0.45899999141693115, 0.460999995470047, 0.4620000123977661, 0.46299999952316284, 0.4620000123977661, 0.4659999907016754, 0.4650000035762787, 0.46399998664855957, 0.46399998664855957, 0.4659999907016754, 0.4659999907016754, 0.4650000035762787, 0.46299999952316284, 0.4650000035762787, 0.47099998593330383, 0.4699999988079071, 0.4699999988079071, 0.47099998593330383, 0.46399998664855957, 0.4729999899864197, 0.4729999899864197, 0.47099998593330383, 0.4699999988079071, 0.47200000286102295, 0.4699999988079071, 0.4749999940395355, 0.4819999933242798, 0.4830000102519989, 0.4830000102519989, 0.48100000619888306, 0.4779999852180481, 0.48100000619888306, 0.4860000014305115, 0.48399999737739563, 0.47999998927116394, 0.4830000102519989, 0.4790000021457672, 0.4860000014305115, 0.4860000014305115, 0.49000000953674316, 0.49300000071525574, 0.49399998784065247, 0.49300000071525574, 0.4909999966621399, 0.5019999742507935, 0.49799999594688416, 0.4959999918937683, 0.5, 0.5009999871253967, 0.503000020980835, 0.5049999952316284, 0.5019999742507935, 0.5019999742507935, 0.503000020980835, 0.5099999904632568, 0.5099999904632568, 0.5099999904632568, 0.5109999775886536, 0.5180000066757202, 0.5099999904632568, 0.5099999904632568, 0.5149999856948853, 0.5189999938011169, 0.5210000276565552, 0.5220000147819519, 0.5230000019073486, 0.5210000276565552, 0.5239999890327454, 0.5230000019073486, 0.5230000019073486, 0.5299999713897705, 0.5320000052452087, 0.531000018119812, 0.531000018119812, 0.531000018119812, 0.5320000052452087, 0.5360000133514404, 0.5350000262260437, 0.5389999747276306, 0.5410000085830688, 0.5410000085830688, 0.5400000214576721, 0.5419999957084656, 0.5389999747276306, 0.5429999828338623, 0.5460000038146973, 0.550000011920929, 0.5529999732971191, 0.5540000200271606, 0.5529999732971191, 0.550000011920929, 0.5580000281333923, 0.5640000104904175, 0.5619999766349792, 0.5630000233650208, 0.5640000104904175, 0.5569999814033508, 0.5600000023841858, 0.5630000233650208, 0.5640000104904175, 0.5669999718666077, 0.5690000057220459, 0.5690000057220459, 0.5709999799728394, 0.5839999914169312, 0.5799999833106995, 0.5830000042915344, 0.5870000123977661, 0.5830000042915344, 0.5899999737739563, 0.5920000076293945, 0.5910000205039978, 0.5910000205039978, 0.5960000157356262, 0.5960000157356262, 0.597000002861023, 0.5950000286102295, 0.6079999804496765, 0.609000027179718, 0.6079999804496765, 0.6110000014305115, 0.6100000143051147, 0.6100000143051147, 0.6019999980926514, 0.6060000061988831, 0.609000027179718, 0.6209999918937683, 0.6209999918937683, 0.6290000081062317, 0.6259999871253967, 0.6290000081062317, 0.6370000243186951, 0.6370000243186951, 0.6399999856948853, 0.6430000066757202, 0.6489999890327454, 0.652999997138977, 0.6589999794960022, 0.6589999794960022, 0.6650000214576721, 0.6690000295639038, 0.6710000038146973, 0.6729999780654907, 0.6700000166893005, 0.671999990940094, 0.6790000200271606, 0.6890000104904175, 0.6930000185966492, 0.6899999976158142, 0.6899999976158142, 0.7009999752044678]
intensities: [1113.0, 1124.0, 1108.0, 1158.0, 1190.0, 1258.0, 1310.0, 1387.0, 1375.0, 1426.0, 1458.0, 1464.0, 1458.0, 1467.0, 1315.0, 1209.0, 1088.0, 1049.0, 859.0, 911.0, 953.0, 1058.0, 1124.0, 1108.0, 1105.0, 1073.0, 1093.0, 1084.0, 1075.0, 1125.0, 1114.0, 1269.0, 1357.0, 1398.0, 1485.0, 1544.0, 1580.0, 1616.0, 1648.0, 1665.0, 1681.0, 1685.0, 1687.0, 1703.0, 1717.0, 1695.0, 1709.0, 1723.0, 1730.0, 1710.0, 1711.0, 1715.0, 1720.0, 1719.0, 1732.0, 1722.0, 1722.0, 1720.0, 1719.0, 1716.0, 1717.0, 1713.0, 1714.0, 1723.0, 1708.0, 1694.0, 1698.0, 1703.0, 1709.0, 1685.0, 1685.0, 1678.0, 1677.0, 1678.0, 1687.0, 1686.0, 1681.0, 1696.0, 1670.0, 1687.0, 1672.0, 1672.0, 1648.0, 1648.0, 1656.0, 1648.0, 1677.0, 1694.0, 1658.0, 1664.0, 1667.0, 1644.0, 1657.0, 1631.0, 1626.0, 1635.0, 1596.0, 1619.0, 1608.0, 1604.0, 1596.0, 1589.0, 1593.0, 1593.0, 1584.0, 1588.0, 1572.0, 1597.0, 1603.0, 1584.0, 1578.0, 1578.0, 1589.0, 1589.0, 1582.0, 1579.0, 1571.0, 1564.0, 1552.0, 1543.0, 1556.0, 1552.0, 1525.0, 1538.0, 1517.0, 1528.0, 1525.0, 1516.0, 1496.0, 1508.0, 1488.0, 1492.0, 1490.0, 1488.0, 1495.0, 1489.0, 1492.0, 1490.0, 1488.0, 1477.0, 1468.0, 1466.0, 1459.0, 1445.0, 1451.0, 1449.0, 1445.0, 1449.0, 1423.0, 1420.0, 1430.0, 1410.0, 1407.0, 1375.0, 1381.0, 1387.0, 1375.0, 1374.0, 1383.0, 1370.0, 1366.0, 1347.0, 1339.0, 1342.0, 1342.0, 1313.0, 1319.0, 1356.0, 1328.0, 1333.0, 1335.0, 1323.0, 1290.0, 1317.0, 1298.0, 1302.0, 1272.0, 1256.0, 1309.0, 1309.0, 1297.0, 1272.0, 1247.0, 1259.0, 1271.0, 1272.0, 1248.0, 1239.0, 1232.0, 1238.0, 1247.0, 1234.0, 1234.0, 1234.0, 1232.0, 1226.0, 1230.0, 1237.0, 1231.0, 1226.0, 1226.0, 1241.0, 1241.0, 1221.0, 1222.0, 1222.0, 1221.0, 1221.0, 1219.0, 1221.0, 1221.0, 1219.0, 1223.0, 1218.0, 1221.0, 1220.0, 1220.0, 1219.0, 1220.0, 1212.0, 1210.0, 1208.0, 1191.0, 1197.0, 1191.0, 1193.0, 1189.0, 1177.0, 1182.0, 1179.0, 1188.0, 1192.0, 1174.0, 1178.0, 1179.0, 1182.0, 1182.0, 1177.0, 1169.0, 1170.0, 1172.0, 1170.0, 1165.0, 1166.0, 1151.0, 1146.0, 1148.0, 1143.0, 1149.0, 1156.0, 1144.0, 1139.0, 1137.0, 1142.0, 1127.0, 1121.0, 1129.0, 1128.0, 1128.0, 1140.0, 1140.0, 1131.0, 1119.0, 1129.0, 1137.0, 1129.0, 1129.0, 1143.0, 1143.0, 1137.0, 1152.0, 1144.0, 1149.0, 1151.0, 1137.0, 1169.0, 1150.0, 1181.0, 1194.0, 1191.0, 1191.0, 1191.0, 1191.0, 1193.0, 1196.0, 1193.0, 1193.0, 1204.0, 1191.0, 1186.0, 1185.0, 1185.0, 1184.0, 1181.0, 1181.0, 1181.0, 1182.0, 1180.0, 1179.0, 1178.0, 1178.0, 1185.0, 1190.0, 1207.0, 1207.0, 1205.0, 1200.0, 1200.0, 1193.0, 1193.0, 1189.0, 1202.0, 1211.0, 1200.0, 1202.0, 1193.0, 1184.0, 1184.0, 1194.0, 1206.0, 1195.0, 1193.0, 1202.0, 1187.0, 1197.0, 1186.0, 1180.0, 1187.0, 1177.0, 1198.0, 1196.0, 1222.0, 1207.0, 1214.0, 1201.0, 1202.0, 1202.0, 1213.0, 1206.0, 1220.0, 1220.0, 1225.0, 1222.0, 1219.0, 1245.0, 1240.0, 1255.0, 1245.0, 1223.0, 1251.0, 1227.0, 1224.0, 1224.0, 1214.0, 1191.0, 1188.0, 1193.0, 1190.0, 1187.0, 1177.0, 1177.0, 1180.0, 1184.0, 1184.0, 1182.0, 1186.0, 1181.0, 1184.0, 1199.0, 1199.0, 1212.0, 1210.0, 1194.0, 1176.0, 1183.0, 1173.0, 1172.0, 1182.0, 1156.0, 1125.0, 1148.0, 1106.0, 1127.0, 1127.0, 1304.0, 1477.0, 1477.0, 1046.0, 1045.0, 1047.0, 1049.0, 1048.0, 1055.0, 1054.0, 1056.0, 1054.0, 1062.0, 1061.0, 1061.0, 1062.0, 1067.0, 1064.0, 1069.0, 1072.0, 1063.0, 1050.0, 1063.0, 1073.0, 1057.0, 1060.0, 1071.0, 1056.0, 1052.0, 1050.0, 1048.0, 1056.0, 1058.0, 1056.0, 1061.0, 1062.0, 1073.0, 1069.0, 1078.0, 1071.0, 1076.0, 1084.0, 1086.0, 1095.0, 1090.0, 1099.0, 1098.0, 1097.0, 1097.0, 1105.0, 1116.0, 1119.0, 1120.0, 1127.0, 1129.0, 1124.0, 1116.0, 1115.0, 1117.0, 1117.0, 1123.0, 1101.0, 1101.0, 1110.0, 1123.0, 1121.0, 1117.0, 1109.0, 1106.0, 1110.0, 1104.0, 1114.0, 1110.0, 1108.0, 1105.0, 1104.0, 1120.0, 1104.0, 1105.0, 1102.0, 1109.0, 1103.0, 1098.0, 1123.0, 1109.0, 1108.0, 1110.0, 1098.0, 1097.0, 1107.0, 1111.0, 1096.0, 1094.0, 1112.0, 1112.0, 1116.0, 1107.0, 1101.0, 1092.0, 1098.0, 1114.0, 1120.0, 1117.0, 1101.0, 1126.0, 1120.0, 1110.0, 1102.0, 1106.0, 1106.0, 1111.0, 1104.0, 1107.0, 1106.0, 1099.0, 1091.0, 1106.0, 1098.0, 1117.0, 1115.0, 1100.0, 1108.0, 1111.0, 1109.0, 1115.0, 1120.0, 1113.0, 1119.0, 1135.0, 1108.0, 1102.0, 1086.0, 1109.0, 1104.0, 1112.0, 1103.0, 1110.0, 1099.0, 1097.0, 1094.0, 1120.0, 1112.0, 1088.0, 1103.0, 1104.0, 1096.0, 1100.0, 1125.0, 1086.0, 1099.0, 1105.0, 1126.0, 1117.0, 1105.0, 1100.0, 1110.0, 1118.0, 1112.0, 1126.0, 1108.0, 1102.0, 1109.0, 1107.0, 1101.0, 1116.0, 1119.0, 1129.0, 1111.0, 1093.0, 1124.0, 1128.0, 1128.0, 1136.0, 1142.0, 1152.0, 1134.0, 1132.0, 1113.0, 1123.0, 1125.0, 1126.0, 1128.0, 1130.0, 1118.0, 1123.0, 1136.0, 1126.0, 1135.0, 1128.0, 1134.0, 1133.0, 1133.0, 1133.0, 1140.0, 1139.0, 1151.0, 1147.0, 1145.0, 1141.0, 1153.0, 1120.0, 1144.0, 1147.0, 1150.0, 1158.0, 1136.0, 1120.0, 1107.0, 1146.0, 1138.0, 1127.0, 1124.0, 1130.0, 1132.0, 1119.0, 1124.0, 1124.0, 1131.0, 1136.0, 1145.0, 1139.0, 1139.0, 1138.0, 1126.0, 1137.0, 1133.0, 1167.0, 1193.0, 1191.0, 1216.0, 1212.0, 1215.0, 1209.0, 1227.0, 1247.0, 1226.0, 1227.0, 1236.0, 1225.0, 1238.0, 1231.0, 1246.0, 1255.0, 1256.0, 1262.0, 1282.0, 1304.0, 1294.0, 1301.0, 1289.0, 1296.0, 1302.0, 1309.0, 1306.0, 1321.0, 1341.0, 1342.0, 1342.0, 1342.0, 1347.0, 1354.0, 1355.0, 1370.0, 1371.0, 1375.0, 1384.0, 1381.0, 1389.0, 1403.0, 1406.0, 1409.0, 1413.0, 1405.0, 1404.0, 1410.0, 1425.0, 1452.0, 1455.0, 1460.0, 1460.0, 1470.0, 1469.0, 1480.0, 1490.0, 1490.0, 1490.0, 1505.0, 1496.0, 1514.0, 1538.0, 1518.0, 1543.0, 1543.0, 1541.0, 1538.0, 1524.0, 1541.0, 1556.0, 1537.0, 1542.0, 1545.0, 1575.0, 1583.0, 1597.0, 1593.0, 1588.0, 1576.0, 1589.0, 1590.0, 1597.0, 1607.0, 1603.0, 1617.0, 1632.0, 1632.0, 1632.0, 1602.0, 1612.0, 1626.0, 1633.0, 1631.0, 1636.0, 1625.0, 1642.0, 1632.0, 1645.0, 1658.0, 1652.0, 1657.0, 1659.0, 1649.0, 1653.0, 1644.0, 1670.0, 1670.0, 1671.0, 1660.0, 1662.0, 1672.0, 1670.0, 1675.0, 1666.0, 1673.0, 1666.0, 1654.0, 1654.0, 1638.0, 1641.0, 1655.0, 1651.0, 1648.0, 1640.0, 1651.0, 1659.0, 1650.0, 1646.0, 1649.0, 1640.0, 1649.0, 1656.0, 1655.0, 1656.0, 1652.0, 1644.0, 1655.0, 1654.0, 1681.0, 1668.0, 1665.0, 1663.0, 1666.0, 1683.0, 1681.0, 1680.0, 1680.0, 1675.0, 1674.0, 1668.0, 1670.0, 1671.0, 1665.0, 1671.0, 1653.0, 1654.0, 1663.0, 1657.0, 1649.0, 1656.0, 1680.0, 1635.0, 1656.0, 1656.0, 1634.0, 1625.0, 1645.0, 1641.0, 1668.0, 1630.0, 1630.0, 1629.0, 1641.0, 1658.0, 1642.0, 1640.0, 1615.0, 1591.0, 1591.0, 1595.0, 1585.0, 1607.0, 1613.0, 1610.0, 1610.0, 1613.0, 1581.0, 1576.0, 1578.0, 1587.0, 1599.0, 1595.0, 1574.0, 1574.0, 1583.0, 1607.0, 1576.0, 1577.0, 1576.0, 1576.0, 1584.0, 1577.0, 1570.0, 1551.0, 1551.0, 1556.0, 1560.0, 1550.0, 1545.0, 1556.0, 1550.0, 1546.0, 1535.0, 1548.0, 1560.0, 1541.0, 1531.0, 1534.0, 1539.0, 1503.0, 1536.0, 1536.0, 1518.0, 1506.0, 1495.0, 1489.0, 1489.0, 1492.0, 1492.0, 1490.0, 1491.0, 1492.0, 1485.0, 1489.0, 1489.0, 1488.0, 1488.0, 1469.0, 1474.0, 1469.0, 1458.0, 1460.0, 1458.0, 1463.0, 1449.0, 1476.0, 1464.0, 1452.0, 1441.0, 1441.0, 1441.0, 1430.0, 1437.0, 1439.0, 1426.0, 1416.0, 1429.0, 1422.0, 1419.0, 1419.0, 1401.0, 1377.0, 1377.0, 1373.0, 1355.0, 1350.0, 1342.0, 1372.0, 1345.0, 1323.0, 1321.0, 1326.0, 1333.0, 1348.0, 1325.0, 1317.0, 1317.0, 1327.0, 1324.0, 1322.0, 1322.0, 1321.0, 1302.0, 1300.0, 1319.0, 1319.0, 1317.0, 1300.0, 1290.0, 1287.0, 1285.0, 1275.0, 1269.0, 1279.0, 1279.0, 1262.0, 1272.0, 1279.0, 1270.0, 1273.0, 1283.0, 1280.0, 1280.0, 1252.0, 1242.0, 1252.0, 1233.0, 1245.0, 1232.0, 1244.0, 1257.0, 1271.0, 1223.0, 1223.0, 1224.0, 1224.0, 1221.0, 1223.0, 1221.0, 1222.0, 1212.0, 1210.0, 1202.0, 1214.0, 1207.0, 1212.0, 1204.0, 1194.0, 1200.0, 1196.0, 1204.0, 1191.0, 1206.0, 1188.0, 1186.0, 1190.0, 1182.0, 1187.0, 1187.0, 1187.0, 1184.0, 1182.0, 1174.0, 1176.0, 1186.0, 1187.0, 1181.0, 1174.0, 1183.0, 1180.0, 1172.0, 1180.0, 1184.0, 1198.0, 1190.0, 1212.0, 1188.0, 1207.0, 1207.0, 1203.0, 1206.0, 1205.0, 1205.0, 1204.0, 1187.0, 1202.0, 1205.0, 1205.0, 1205.0, 1202.0, 1202.0, 1216.0, 1225.0, 1224.0, 1224.0, 1202.0, 1213.0, 1219.0, 1219.0, 1214.0, 1215.0, 1220.0, 1217.0, 1216.0, 1203.0, 1235.0, 1239.0, 1239.0, 1258.0, 1261.0, 1262.0, 1255.0, 1255.0, 1240.0, 1248.0, 1244.0, 1257.0, 1253.0, 1253.0, 1242.0, 1258.0, 1238.0, 1251.0, 1277.0, 1274.0, 1261.0, 1256.0, 1262.0, 1243.0, 1251.0, 1246.0, 1272.0, 1267.0, 1262.0, 1252.0, 1260.0, 1269.0, 1269.0, 1257.0, 1250.0, 1261.0, 1265.0, 1264.0, 1270.0, 1261.0, 1259.0, 1259.0, 1251.0, 1266.0, 1257.0, 1262.0, 1265.0, 1262.0, 1247.0, 1251.0, 1273.0, 1279.0, 1263.0, 1258.0, 1257.0, 1267.0, 1262.0, 1245.0, 1269.0, 1290.0, 1310.0, 1317.0, 1307.0, 1314.0, 1283.0, 1283.0, 1263.0, 1250.0, 1254.0, 1246.0, 1271.0, 1271.0, 1264.0, 1275.0, 1271.0, 1279.0, 1252.0, 1229.0, 1258.0, 1245.0, 1253.0, 1258.0, 1258.0, 1267.0]