header: 
  seq: 1226
  stamp: 
    secs: 1548820787
    nsecs: 796123289
  frame_id: "base_link"
angle_min: -2.35619449615
angle_max: 2.35619449615
angle_increment: 0.00436332309619
time_increment: 1.73611151695e-05
scan_time: 0.0250000003725
range_min: 0.019999999553
range_max: 30.0
ranges: [0.48399999737739563, 0.492000013589859, 0.4950000047683716, 0.47999998927116394, 0.49000000953674316, 0.4959999918937683, 0.5, 0.5040000081062317, 0.5070000290870667, 0.49799999594688416, 0.49799999594688416, 0.49799999594688416, 0.4970000088214874, 0.48899999260902405, 0.4880000054836273, 0.4429999887943268, 0.4050000011920929, 0.3569999933242798, 0.29600000381469727, 0.28700000047683716, 0.36500000953674316, 0.421999990940094, 0.46399998664855957, 0.4690000116825104, 0.47699999809265137, 0.4790000021457672, 0.48100000619888306, 0.4790000021457672, 0.4740000069141388, 0.4740000069141388, 0.46000000834465027, 0.4790000021457672, 0.4790000021457672, 0.4749999940395355, 0.4749999940395355, 0.47200000286102295, 0.4690000116825104, 0.46000000834465027, 0.46000000834465027, 0.460999995470047, 0.46000000834465027, 0.45899999141693115, 0.4569999873638153, 0.4569999873638153, 0.4560000002384186, 0.45399999618530273, 0.4560000002384186, 0.45399999618530273, 0.4449999928474426, 0.4449999928474426, 0.4449999928474426, 0.4490000009536743, 0.45399999618530273, 0.4560000002384186, 0.4490000009536743, 0.453000009059906, 0.453000009059906, 0.4569999873638153, 0.4569999873638153, 0.4580000042915344, 0.4449999928474426, 0.4410000145435333, 0.42899999022483826, 0.4350000023841858, 0.4359999895095825, 0.4320000112056732, 0.4269999861717224, 0.4259999990463257, 0.42899999022483826, 0.42899999022483826, 0.4300000071525574, 0.4320000112056732, 0.42800000309944153, 0.4269999861717224, 0.42399999499320984, 0.421999990940094, 0.421999990940094, 0.421999990940094, 0.421999990940094, 0.42500001192092896, 0.42500001192092896, 0.4259999990463257, 0.4230000078678131, 0.421999990940094, 0.4189999997615814, 0.4189999997615814, 0.41600000858306885, 0.414000004529953, 0.414000004529953, 0.414000004529953, 0.4180000126361847, 0.41600000858306885, 0.414000004529953, 0.41999998688697815, 0.41999998688697815, 0.414000004529953, 0.4099999964237213, 0.4099999964237213, 0.4090000092983246, 0.4090000092983246, 0.4180000126361847, 0.4180000126361847, 0.4180000126361847, 0.414000004529953, 0.41600000858306885, 0.41600000858306885, 0.4129999876022339, 0.4090000092983246, 0.40700000524520874, 0.40400001406669617, 0.40299999713897705, 0.4059999883174896, 0.4050000011920929, 0.40400001406669617, 0.40799999237060547, 0.40700000524520874, 0.40400001406669617, 0.40400001406669617, 0.4000000059604645, 0.40299999713897705, 0.40700000524520874, 0.40400001406669617, 0.40299999713897705, 0.4009999930858612, 0.4000000059604645, 0.39899998903274536, 0.4000000059604645, 0.4009999930858612, 0.40299999713897705, 0.40299999713897705, 0.40299999713897705, 0.4050000011920929, 0.40400001406669617, 0.40299999713897705, 0.4009999930858612, 0.39899998903274536, 0.39500001072883606, 0.4059999883174896, 0.4059999883174896, 0.4020000100135803, 0.39399999380111694, 0.3919999897480011, 0.39500001072883606, 0.38999998569488525, 0.3919999897480011, 0.39399999380111694, 0.39399999380111694, 0.39399999380111694, 0.3959999978542328, 0.3959999978542328, 0.3840000033378601, 0.3880000114440918, 0.3919999897480011, 0.39100000262260437, 0.39100000262260437, 0.39500001072883606, 0.40299999713897705, 0.39800000190734863, 0.39100000262260437, 0.3880000114440918, 0.3880000114440918, 0.3869999945163727, 0.38999998569488525, 0.3930000066757202, 0.38499999046325684, 0.38100001215934753, 0.3840000033378601, 0.3869999945163727, 0.38199999928474426, 0.382999986410141, 0.3799999952316284, 0.3790000081062317, 0.3790000081062317, 0.3889999985694885, 0.3889999985694885, 0.3869999945163727, 0.3840000033378601, 0.3840000033378601, 0.38100001215934753, 0.3779999911785126, 0.37599998712539673, 0.37599998712539673, 0.3889999985694885, 0.38199999928474426, 0.38499999046325684, 0.38100001215934753, 0.38600000739097595, 0.382999986410141, 0.382999986410141, 0.38600000739097595, 0.382999986410141, 0.3869999945163727, 0.38600000739097595, 0.3869999945163727, 0.38499999046325684, 0.38499999046325684, 0.38600000739097595, 0.38499999046325684, 0.38100001215934753, 0.3779999911785126, 0.3779999911785126, 0.38600000739097595, 0.3840000033378601, 0.3799999952316284, 0.3799999952316284, 0.38499999046325684, 0.3869999945163727, 0.38600000739097595, 0.3869999945163727, 0.38999998569488525, 0.38999998569488525, 0.38999998569488525, 0.3880000114440918, 0.3880000114440918, 0.3869999945163727, 0.375, 0.3840000033378601, 0.38100001215934753, 0.3790000081062317, 0.38199999928474426, 0.3919999897480011, 0.3880000114440918, 0.382999986410141, 0.38499999046325684, 0.382999986410141, 0.382999986410141, 0.38100001215934753, 0.3790000081062317, 0.382999986410141, 0.38499999046325684, 0.3779999911785126, 0.3779999911785126, 0.37700000405311584, 0.37700000405311584, 0.3799999952316284, 0.38499999046325684, 0.38499999046325684, 0.39100000262260437, 0.38499999046325684, 0.3869999945163727, 0.3889999985694885, 0.3880000114440918, 0.38600000739097595, 0.38600000739097595, 0.3880000114440918, 0.3930000066757202, 0.39399999380111694, 0.3970000147819519, 0.3959999978542328, 0.3959999978542328, 0.3959999978542328, 0.3919999897480011, 0.3959999978542328, 0.4020000100135803, 0.40400001406669617, 0.4009999930858612, 0.39800000190734863, 0.39800000190734863, 0.40299999713897705, 0.4059999883174896, 0.39899998903274536, 0.4000000059604645, 0.4090000092983246, 0.4090000092983246, 0.40799999237060547, 0.4099999964237213, 0.41100001335144043, 0.4099999964237213, 0.41200000047683716, 0.41499999165534973, 0.41999998688697815, 0.4169999957084656, 0.4180000126361847, 0.41499999165534973, 0.4169999957084656, 0.4169999957084656, 0.41600000858306885, 0.41999998688697815, 0.42399999499320984, 0.421999990940094, 0.421999990940094, 0.4230000078678131, 0.4309999942779541, 0.43299999833106995, 0.4309999942779541, 0.4339999854564667, 0.4399999976158142, 0.4350000023841858, 0.4390000104904175, 0.4350000023841858, 0.43799999356269836, 0.4399999976158142, 0.4399999976158142, 0.4410000145435333, 0.4390000104904175, 0.4390000104904175, 0.43799999356269836, 0.44999998807907104, 0.4480000138282776, 0.4429999887943268, 0.4440000057220459, 0.4440000057220459, 0.45100000500679016, 0.4560000002384186, 0.45899999141693115, 0.45899999141693115, 0.45399999618530273, 0.45399999618530273, 0.45500001311302185, 0.4569999873638153, 0.45899999141693115, 0.46700000762939453, 0.4740000069141388, 0.4740000069141388, 0.4749999940395355, 0.47200000286102295, 0.4749999940395355, 0.4790000021457672, 0.4790000021457672, 0.47699999809265137, 0.4740000069141388, 0.4790000021457672, 0.47600001096725464, 0.4909999966621399, 0.4909999966621399, 0.4860000014305115, 0.4860000014305115, 0.48899999260902405, 0.5, 0.4950000047683716, 0.4869999885559082, 0.4869999885559082, 0.49900001287460327, 0.5, 0.5049999952316284, 0.5040000081062317, 0.5080000162124634, 0.5070000290870667, 0.5070000290870667, 0.5109999775886536, 0.515999972820282, 0.5230000019073486, 0.5180000066757202, 0.5189999938011169, 0.5189999938011169, 0.5220000147819519, 0.5220000147819519, 0.5270000100135803, 0.531000018119812, 0.5320000052452087, 0.5350000262260437, 0.5450000166893005, 0.5329999923706055, 0.5339999794960022, 0.5360000133514404, 0.5479999780654907, 0.5479999780654907, 0.5479999780654907, 0.5460000038146973, 0.5550000071525574, 0.5569999814033508, 0.5630000233650208, 0.5720000267028809, 0.5770000219345093, 0.5960000157356262, 0.6489999890327454, 0.7049999833106995, 0.8230000138282776, 1.9019999504089355, 1.902999997138977, 1.8910000324249268, 1.8919999599456787, 1.8839999437332153, 1.8769999742507935, 1.871000051498413, 1.8650000095367432, 1.8550000190734863, 1.8480000495910645, 1.843000054359436, 1.840000033378601, 1.8309999704360962, 1.8240000009536743, 1.8200000524520874, 1.812000036239624, 1.809000015258789, 1.809999942779541, 1.7999999523162842, 1.7869999408721924, 1.781000018119812, 1.7740000486373901, 1.7710000276565552, 1.7669999599456787, 1.7649999856948853, 1.7489999532699585, 1.7389999628067017, 1.7339999675750732, 1.7259999513626099, 1.715999960899353, 1.7139999866485596, 1.7130000591278076, 1.7200000286102295, 1.7050000429153442, 1.7009999752044678, 1.694000005722046, 1.687999963760376, 1.690999984741211, 1.6929999589920044, 1.6759999990463257, 1.6720000505447388, 1.6660000085830688, 1.659999966621399, 1.652999997138977, 1.6510000228881836, 1.6469999551773071, 1.6390000581741333, 1.6360000371932983, 1.6319999694824219, 1.6239999532699585, 1.6180000305175781, 1.6180000305175781, 1.625, 1.6150000095367432, 1.6100000143051147, 1.6080000400543213, 1.5980000495910645, 1.5980000495910645, 1.5959999561309814, 1.5750000476837158, 1.5700000524520874, 1.565000057220459, 1.559999942779541, 1.5609999895095825, 1.5609999895095825, 1.5609999895095825, 1.5549999475479126, 1.5499999523162842, 1.5509999990463257, 1.5379999876022339, 1.5379999876022339, 1.5369999408721924, 1.5369999408721924, 1.531999945640564, 1.531999945640564, 1.524999976158142, 1.5210000276565552, 1.5130000114440918, 1.5099999904632568, 1.5099999904632568, 1.5069999694824219, 1.5069999694824219, 1.5080000162124634, 1.5069999694824219, 1.496000051498413, 1.4950000047683716, 1.503000020980835, 1.50600004196167, 1.4950000047683716, 1.4930000305175781, 1.4900000095367432, 1.4819999933242798, 1.4800000190734863, 1.4800000190734863, 1.4830000400543213, 1.4780000448226929, 1.468999981880188, 1.465000033378601, 1.468000054359436, 1.472000002861023, 1.472000002861023, 1.468000054359436, 1.4630000591278076, 1.4609999656677246, 1.4529999494552612, 1.4539999961853027, 1.4570000171661377, 1.4579999446868896, 1.4579999446868896, 1.4559999704360962, 1.4550000429153442, 1.4490000009536743, 1.4420000314712524, 1.4470000267028809, 1.4500000476837158, 1.4429999589920044, 1.440999984741211, 1.440000057220459, 1.437999963760376, 1.4420000314712524, 1.4329999685287476, 1.4290000200271606, 1.4259999990463257, 1.4279999732971191, 1.4279999732971191, 1.4190000295639038, 1.4110000133514404, 1.4129999876022339, 1.4119999408721924, 1.4110000133514404, 1.4110000133514404, 1.409000039100647, 1.4049999713897705, 1.4019999504089355, 1.3990000486373901, 1.3990000486373901, 1.3949999809265137, 1.3930000066757202, 1.3910000324249268, 1.3890000581741333, 1.378000020980835, 1.378000020980835, 1.3860000371932983, 1.3799999952316284, 1.375, 1.375, 1.3680000305175781, 1.3650000095367432, 1.3680000305175781, 1.36899995803833, 1.36899995803833, 1.3539999723434448, 1.347000002861023, 1.340999960899353, 1.3459999561309814, 1.3459999561309814, 1.347000002861023, 1.3420000076293945, 1.3420000076293945, 1.3389999866485596, 1.3389999866485596, 1.3289999961853027, 1.3240000009536743, 1.3270000219345093, 1.3250000476837158, 1.3229999542236328, 1.3170000314712524, 1.312000036239624, 1.309000015258789, 1.3109999895095825, 1.309000015258789, 1.3070000410079956, 1.2970000505447388, 1.2940000295639038, 1.2960000038146973, 1.2979999780654907, 1.2970000505447388, 1.2979999780654907, 1.284000039100647, 1.2799999713897705, 1.2799999713897705, 1.2799999713897705, 1.2719999551773071, 1.2690000534057617, 1.2569999694824219, 1.25600004196167, 1.2569999694824219, 1.2589999437332153, 1.2589999437332153, 1.246999979019165, 1.24399995803833, 1.24399995803833, 1.2450000047683716, 1.246000051498413, 1.2419999837875366, 1.2369999885559082, 1.2300000190734863, 1.2259999513626099, 1.2239999771118164, 1.218000054359436, 1.2170000076293945, 1.2070000171661377, 1.2020000219345093, 1.2039999961853027, 1.2050000429153442, 1.194000005722046, 1.184999942779541, 1.1829999685287476, 1.1859999895095825, 1.1859999895095825, 1.180999994277954, 1.180999994277954, 1.1790000200271606, 1.1699999570846558, 1.1619999408721924, 1.159000039100647, 1.159000039100647, 1.1490000486373901, 1.1519999504089355, 1.1490000486373901, 1.1430000066757202, 1.1319999694824219, 1.1330000162124634, 1.1299999952316284, 1.125, 1.1239999532699585, 1.121000051498413, 1.1169999837875366, 1.1089999675750732, 1.1109999418258667, 1.1089999675750732, 1.100000023841858, 1.097000002861023, 1.093999981880188, 1.0959999561309814, 1.093000054359436, 1.097000002861023, 1.0989999771118164, 1.0839999914169312, 1.0779999494552612, 1.0759999752044678, 1.0720000267028809, 1.0679999589920044, 1.0679999589920044, 1.065000057220459, 1.0640000104904175, 1.0570000410079956, 1.055999994277954, 1.0520000457763672, 1.0440000295639038, 1.0429999828338623, 1.0379999876022339, 1.034000039100647, 1.0299999713897705, 1.024999976158142, 1.0149999856948853, 1.0099999904632568, 1.00600004196167, 1.00600004196167, 1.00600004196167, 0.9980000257492065, 1.0, 0.9950000047683716, 0.9869999885559082, 0.9729999899864197, 0.9760000109672546, 0.9769999980926514, 0.9769999980926514, 0.9779999852180481, 0.968999981880188, 0.9649999737739563, 0.9649999737739563, 0.9599999785423279, 0.9549999833106995, 0.949999988079071, 0.9440000057220459, 0.9449999928474426, 0.9449999928474426, 0.9440000057220459, 0.9369999766349792, 0.9359999895095825, 0.9240000247955322, 0.921999990940094, 0.921999990940094, 0.9120000004768372, 0.9110000133514404, 0.9110000133514404, 0.9110000133514404, 0.9079999923706055, 0.9039999842643738, 0.8989999890327454, 0.8889999985694885, 0.8870000243186951, 0.8859999775886536, 0.8790000081062317, 0.8730000257492065, 0.871999979019165, 0.871999979019165, 0.8709999918937683, 0.8700000047683716, 0.8619999885559082, 0.8619999885559082, 0.8539999723434448, 0.847000002861023, 0.8410000205039978, 0.8399999737739563, 0.8399999737739563, 0.8299999833106995, 0.8289999961853027, 0.8259999752044678, 0.8209999799728394, 0.8180000185966492, 0.8159999847412109, 0.8140000104904175, 0.8140000104904175, 0.8019999861717224, 0.7979999780654907, 0.7979999780654907, 0.7950000166893005, 0.7929999828338623, 0.7929999828338623, 0.7870000004768372, 0.781000018119812, 0.7799999713897705, 0.7720000147819519, 0.7710000276565552, 0.7680000066757202, 0.7649999856948853, 0.7630000114440918, 0.7570000290870667, 0.7490000128746033, 0.7419999837875366, 0.7400000095367432, 0.7400000095367432, 0.7369999885559082, 0.7329999804496765, 0.7279999852180481, 0.7250000238418579, 0.7210000157356262, 0.7160000205039978, 0.7089999914169312, 0.7039999961853027, 0.7009999752044678, 0.7009999752044678, 0.7039999961853027, 0.7039999961853027, 0.6980000138282776, 0.6919999718666077, 0.6869999766349792, 0.6800000071525574, 0.675000011920929, 0.6700000166893005, 0.6800000071525574, 0.6809999942779541, 0.6840000152587891, 0.6729999780654907, 0.6620000004768372, 0.6710000038146973, 0.6800000071525574, 0.6629999876022339, 0.6639999747276306, 0.6639999747276306, 0.656000018119812, 0.656000018119812, 0.6539999842643738, 0.6510000228881836, 0.6510000228881836, 0.6420000195503235, 0.6420000195503235, 0.6370000243186951, 0.6330000162124634, 0.6340000033378601, 0.6340000033378601, 0.6340000033378601, 0.6230000257492065, 0.6259999871253967, 0.6269999742507935, 0.6240000128746033, 0.621999979019165, 0.6190000176429749, 0.6190000176429749, 0.6190000176429749, 0.6200000047683716, 0.6230000257492065, 0.6119999885559082, 0.6110000014305115, 0.6029999852180481, 0.5979999899864197, 0.5979999899864197, 0.5950000286102295, 0.597000002861023, 0.593999981880188, 0.5920000076293945, 0.6039999723434448, 0.5979999899864197, 0.5920000076293945, 0.5899999737739563, 0.5870000123977661, 0.5870000123977661, 0.5870000123977661, 0.5870000123977661, 0.5849999785423279, 0.5759999752044678, 0.574999988079071, 0.578000009059906, 0.5730000138282776, 0.5690000057220459, 0.5699999928474426, 0.5740000009536743, 0.5669999718666077, 0.5690000057220459, 0.5649999976158142, 0.5659999847412109, 0.5649999976158142, 0.5640000104904175, 0.5619999766349792, 0.5609999895095825, 0.5590000152587891, 0.5590000152587891, 0.5580000281333923, 0.5580000281333923, 0.5640000104904175, 0.5630000233650208, 0.5559999942779541, 0.5559999942779541, 0.5569999814033508, 0.5519999861717224, 0.5540000200271606, 0.5540000200271606, 0.5519999861717224, 0.5429999828338623, 0.5379999876022339, 0.5339999794960022, 0.5360000133514404, 0.5360000133514404, 0.5360000133514404, 0.5360000133514404, 0.5370000004768372, 0.5440000295639038, 0.5370000004768372, 0.5249999761581421, 0.5320000052452087, 0.5350000262260437, 0.5389999747276306, 0.5389999747276306, 0.5379999876022339, 0.531000018119812, 0.531000018119812, 0.5320000052452087, 0.5360000133514404, 0.5370000004768372, 0.5379999876022339, 0.5370000004768372, 0.5360000133514404, 0.5289999842643738, 0.527999997138977, 0.5249999761581421, 0.5239999890327454, 0.5220000147819519, 0.5189999938011169, 0.5170000195503235, 0.5180000066757202, 0.5210000276565552, 0.5210000276565552, 0.5210000276565552, 0.5220000147819519, 0.5210000276565552, 0.5210000276565552, 0.5260000228881836, 0.5239999890327454, 0.5210000276565552, 0.5210000276565552, 0.5189999938011169, 0.515999972820282, 0.5139999985694885, 0.5120000243186951, 0.5120000243186951, 0.5170000195503235, 0.5199999809265137, 0.5239999890327454, 0.5180000066757202, 0.5130000114440918, 0.5120000243186951, 0.5109999775886536, 0.5120000243186951, 0.5130000114440918, 0.5170000195503235, 0.5170000195503235, 0.5170000195503235, 0.5180000066757202, 0.5170000195503235, 0.5170000195503235, 0.5170000195503235, 0.5149999856948853, 0.5149999856948853, 0.5170000195503235, 0.5130000114440918, 0.5080000162124634, 0.5080000162124634, 0.5090000033378601, 0.5099999904632568, 0.515999972820282, 0.5199999809265137, 0.5189999938011169, 0.5170000195503235, 0.5149999856948853, 0.5099999904632568, 0.5099999904632568, 0.5059999823570251, 0.5139999985694885, 0.5109999775886536, 0.5109999775886536, 0.5080000162124634, 0.5059999823570251, 0.5059999823570251, 0.5109999775886536, 0.5080000162124634, 0.5059999823570251, 0.5099999904632568, 0.5099999904632568, 0.5059999823570251, 0.503000020980835, 0.5019999742507935, 0.5019999742507935, 0.49900001287460327, 0.5009999871253967, 0.49799999594688416, 0.49900001287460327, 0.5040000081062317, 0.503000020980835, 0.503000020980835, 0.5080000162124634, 0.5090000033378601, 0.5059999823570251, 0.5059999823570251, 0.5040000081062317, 0.503000020980835, 0.5019999742507935, 0.5019999742507935, 0.5040000081062317, 0.5080000162124634, 0.5080000162124634, 0.5019999742507935, 0.5, 0.49799999594688416, 0.5059999823570251, 0.5109999775886536, 0.5099999904632568, 0.5080000162124634, 0.5070000290870667, 0.5070000290870667, 0.5, 0.5139999985694885, 0.5139999985694885, 0.5149999856948853, 0.5099999904632568, 0.5120000243186951, 0.5149999856948853, 0.5149999856948853, 0.5019999742507935, 0.4970000088214874, 0.49900001287460327, 0.5080000162124634, 0.5090000033378601, 0.5090000033378601, 0.5080000162124634, 0.5080000162124634, 0.5070000290870667, 0.5080000162124634, 0.5070000290870667, 0.503000020980835, 0.5019999742507935, 0.5080000162124634, 0.5120000243186951, 0.5120000243186951, 0.5139999985694885, 0.5139999985694885, 0.5070000290870667, 0.5080000162124634, 0.5109999775886536, 0.5180000066757202, 0.5210000276565552, 0.515999972820282, 0.515999972820282, 0.5109999775886536, 0.5149999856948853, 0.515999972820282, 0.5199999809265137, 0.5189999938011169, 0.5180000066757202, 0.5180000066757202, 0.5249999761581421, 0.5260000228881836, 0.515999972820282, 0.515999972820282, 0.5230000019073486, 0.5239999890327454, 0.527999997138977, 0.5289999842643738, 0.5350000262260437, 0.527999997138977, 0.5270000100135803, 0.5270000100135803, 0.5320000052452087, 0.5320000052452087, 0.5350000262260437, 0.5360000133514404, 0.5379999876022339, 0.5370000004768372, 0.5419999957084656, 0.5410000085830688, 0.5410000085830688, 0.5410000085830688, 0.5400000214576721, 0.5389999747276306, 0.5389999747276306, 0.5379999876022339, 0.5379999876022339, 0.5370000004768372, 0.5400000214576721, 0.5379999876022339, 0.5479999780654907, 0.5460000038146973, 0.5490000247955322, 0.5490000247955322, 0.5580000281333923, 0.5580000281333923, 0.5609999895095825, 0.5640000104904175, 0.5659999847412109, 0.5630000233650208, 0.5600000023841858, 0.5600000023841858, 0.5619999766349792, 0.5609999895095825, 0.5640000104904175, 0.5649999976158142, 0.5680000185966492, 0.5680000185966492, 0.5770000219345093, 0.5680000185966492, 0.5690000057220459, 0.5680000185966492, 0.5709999799728394, 0.5709999799728394, 0.5759999752044678, 0.5799999833106995, 0.5809999704360962, 0.5740000009536743, 0.5740000009536743, 0.578000009059906, 0.5820000171661377, 0.5820000171661377, 0.5830000042915344, 0.5799999833106995, 0.5809999704360962, 0.5820000171661377, 0.5820000171661377, 0.5920000076293945, 0.5910000205039978, 0.593999981880188, 0.5910000205039978, 0.5920000076293945, 0.5889999866485596, 0.5929999947547913, 0.593999981880188, 0.5960000157356262, 0.5950000286102295, 0.5979999899864197, 0.5979999899864197, 0.6000000238418579, 0.5979999899864197, 0.6119999885559082, 0.609000027179718, 0.6129999756813049, 0.6140000224113464, 0.6119999885559082, 0.6129999756813049, 0.6110000014305115, 0.6200000047683716, 0.621999979019165, 0.6200000047683716, 0.6200000047683716, 0.6200000047683716, 0.6200000047683716, 0.6209999918937683, 0.6259999871253967, 0.628000020980835, 0.6240000128746033, 0.6240000128746033, 0.628000020980835, 0.6290000081062317, 0.6299999952316284, 0.6320000290870667, 0.6349999904632568, 0.6359999775886536, 0.6480000019073486, 0.6499999761581421, 0.6480000019073486, 0.6480000019073486, 0.652999997138977, 0.6639999747276306, 0.6660000085830688, 0.6690000295639038, 0.6679999828338623, 0.6690000295639038, 0.6690000295639038, 0.6729999780654907, 0.6700000166893005, 0.6700000166893005, 0.671999990940094, 0.6850000023841858, 0.6869999766349792]
intensities: [1057.0, 1121.0, 1161.0, 1128.0, 1209.0, 1265.0, 1321.0, 1354.0, 1439.0, 1473.0, 1473.0, 1473.0, 1470.0, 1442.0, 1423.0, 1197.0, 1094.0, 1000.0, 867.0, 838.0, 954.0, 1018.0, 1093.0, 1086.0, 1108.0, 1066.0, 1062.0, 1035.0, 1066.0, 1161.0, 1119.0, 1368.0, 1420.0, 1416.0, 1479.0, 1539.0, 1583.0, 1627.0, 1627.0, 1638.0, 1654.0, 1670.0, 1669.0, 1669.0, 1670.0, 1684.0, 1687.0, 1687.0, 1679.0, 1681.0, 1681.0, 1682.0, 1680.0, 1682.0, 1679.0, 1665.0, 1665.0, 1670.0, 1659.0, 1666.0, 1664.0, 1658.0, 1655.0, 1624.0, 1634.0, 1641.0, 1631.0, 1636.0, 1644.0, 1629.0, 1629.0, 1616.0, 1612.0, 1629.0, 1625.0, 1612.0, 1613.0, 1620.0, 1620.0, 1598.0, 1598.0, 1611.0, 1617.0, 1598.0, 1577.0, 1585.0, 1571.0, 1575.0, 1561.0, 1561.0, 1553.0, 1569.0, 1585.0, 1523.0, 1523.0, 1525.0, 1525.0, 1542.0, 1538.0, 1542.0, 1553.0, 1542.0, 1542.0, 1538.0, 1536.0, 1536.0, 1525.0, 1520.0, 1535.0, 1524.0, 1540.0, 1541.0, 1518.0, 1514.0, 1512.0, 1517.0, 1515.0, 1497.0, 1494.0, 1484.0, 1514.0, 1488.0, 1492.0, 1489.0, 1487.0, 1483.0, 1473.0, 1463.0, 1478.0, 1470.0, 1470.0, 1459.0, 1463.0, 1413.0, 1420.0, 1432.0, 1428.0, 1440.0, 1440.0, 1432.0, 1411.0, 1396.0, 1419.0, 1391.0, 1406.0, 1396.0, 1396.0, 1391.0, 1372.0, 1372.0, 1377.0, 1367.0, 1373.0, 1346.0, 1346.0, 1333.0, 1352.0, 1342.0, 1330.0, 1332.0, 1346.0, 1342.0, 1345.0, 1349.0, 1335.0, 1341.0, 1322.0, 1322.0, 1331.0, 1327.0, 1332.0, 1318.0, 1318.0, 1315.0, 1325.0, 1287.0, 1294.0, 1294.0, 1264.0, 1269.0, 1275.0, 1260.0, 1258.0, 1252.0, 1255.0, 1259.0, 1255.0, 1258.0, 1257.0, 1257.0, 1258.0, 1247.0, 1236.0, 1247.0, 1249.0, 1249.0, 1245.0, 1236.0, 1227.0, 1230.0, 1230.0, 1236.0, 1242.0, 1258.0, 1258.0, 1249.0, 1246.0, 1251.0, 1250.0, 1245.0, 1239.0, 1239.0, 1222.0, 1222.0, 1222.0, 1220.0, 1215.0, 1220.0, 1204.0, 1197.0, 1212.0, 1198.0, 1184.0, 1185.0, 1180.0, 1180.0, 1180.0, 1157.0, 1175.0, 1152.0, 1154.0, 1154.0, 1151.0, 1157.0, 1165.0, 1176.0, 1176.0, 1164.0, 1153.0, 1159.0, 1166.0, 1155.0, 1155.0, 1153.0, 1162.0, 1162.0, 1164.0, 1166.0, 1161.0, 1151.0, 1151.0, 1141.0, 1153.0, 1160.0, 1161.0, 1138.0, 1140.0, 1140.0, 1132.0, 1128.0, 1144.0, 1156.0, 1138.0, 1138.0, 1130.0, 1130.0, 1132.0, 1140.0, 1144.0, 1130.0, 1140.0, 1137.0, 1149.0, 1140.0, 1155.0, 1152.0, 1149.0, 1161.0, 1173.0, 1186.0, 1186.0, 1182.0, 1200.0, 1212.0, 1207.0, 1218.0, 1217.0, 1200.0, 1211.0, 1210.0, 1215.0, 1226.0, 1228.0, 1221.0, 1230.0, 1231.0, 1224.0, 1230.0, 1228.0, 1224.0, 1228.0, 1230.0, 1226.0, 1225.0, 1226.0, 1226.0, 1248.0, 1248.0, 1244.0, 1239.0, 1245.0, 1259.0, 1262.0, 1262.0, 1265.0, 1269.0, 1269.0, 1282.0, 1283.0, 1279.0, 1290.0, 1300.0, 1286.0, 1305.0, 1305.0, 1303.0, 1303.0, 1297.0, 1314.0, 1298.0, 1321.0, 1321.0, 1314.0, 1321.0, 1323.0, 1322.0, 1324.0, 1329.0, 1329.0, 1326.0, 1334.0, 1343.0, 1344.0, 1346.0, 1343.0, 1351.0, 1351.0, 1337.0, 1344.0, 1344.0, 1352.0, 1342.0, 1273.0, 1257.0, 1251.0, 1263.0, 1254.0, 1254.0, 1182.0, 1181.0, 1180.0, 1135.0, 1123.0, 1137.0, 1141.0, 1410.0, 1551.0, 1509.0, 1033.0, 1033.0, 1030.0, 1044.0, 1038.0, 1033.0, 1044.0, 1046.0, 1059.0, 1066.0, 1064.0, 1068.0, 1060.0, 1067.0, 1067.0, 1076.0, 1082.0, 1082.0, 1093.0, 1086.0, 1097.0, 1098.0, 1094.0, 1092.0, 1095.0, 1088.0, 1101.0, 1097.0, 1102.0, 1089.0, 1117.0, 1110.0, 1116.0, 1110.0, 1103.0, 1106.0, 1101.0, 1103.0, 1106.0, 1094.0, 1109.0, 1108.0, 1096.0, 1095.0, 1098.0, 1095.0, 1101.0, 1101.0, 1107.0, 1101.0, 1101.0, 1101.0, 1124.0, 1116.0, 1109.0, 1104.0, 1109.0, 1115.0, 1108.0, 1117.0, 1105.0, 1097.0, 1097.0, 1115.0, 1116.0, 1115.0, 1100.0, 1100.0, 1117.0, 1131.0, 1131.0, 1130.0, 1137.0, 1141.0, 1143.0, 1130.0, 1127.0, 1119.0, 1122.0, 1122.0, 1109.0, 1109.0, 1118.0, 1128.0, 1128.0, 1129.0, 1108.0, 1123.0, 1139.0, 1145.0, 1137.0, 1133.0, 1131.0, 1130.0, 1153.0, 1146.0, 1136.0, 1128.0, 1144.0, 1178.0, 1178.0, 1167.0, 1184.0, 1165.0, 1160.0, 1162.0, 1160.0, 1159.0, 1159.0, 1159.0, 1165.0, 1160.0, 1167.0, 1167.0, 1172.0, 1169.0, 1159.0, 1171.0, 1161.0, 1193.0, 1175.0, 1168.0, 1162.0, 1175.0, 1177.0, 1170.0, 1169.0, 1175.0, 1183.0, 1176.0, 1179.0, 1177.0, 1184.0, 1185.0, 1181.0, 1181.0, 1184.0, 1180.0, 1177.0, 1183.0, 1176.0, 1176.0, 1178.0, 1173.0, 1169.0, 1169.0, 1178.0, 1166.0, 1184.0, 1178.0, 1180.0, 1177.0, 1183.0, 1183.0, 1176.0, 1176.0, 1179.0, 1168.0, 1177.0, 1173.0, 1176.0, 1169.0, 1160.0, 1172.0, 1172.0, 1174.0, 1172.0, 1184.0, 1189.0, 1190.0, 1182.0, 1182.0, 1194.0, 1190.0, 1200.0, 1205.0, 1200.0, 1209.0, 1205.0, 1206.0, 1211.0, 1209.0, 1214.0, 1222.0, 1205.0, 1209.0, 1216.0, 1220.0, 1220.0, 1232.0, 1225.0, 1225.0, 1219.0, 1219.0, 1230.0, 1241.0, 1230.0, 1236.0, 1236.0, 1228.0, 1224.0, 1228.0, 1232.0, 1241.0, 1243.0, 1247.0, 1236.0, 1239.0, 1238.0, 1241.0, 1241.0, 1240.0, 1246.0, 1262.0, 1252.0, 1259.0, 1259.0, 1243.0, 1238.0, 1257.0, 1250.0, 1254.0, 1267.0, 1263.0, 1256.0, 1277.0, 1265.0, 1261.0, 1266.0, 1260.0, 1265.0, 1261.0, 1262.0, 1286.0, 1294.0, 1281.0, 1295.0, 1303.0, 1278.0, 1288.0, 1300.0, 1296.0, 1288.0, 1307.0, 1297.0, 1309.0, 1291.0, 1300.0, 1309.0, 1300.0, 1304.0, 1302.0, 1312.0, 1312.0, 1308.0, 1301.0, 1305.0, 1317.0, 1319.0, 1319.0, 1300.0, 1316.0, 1337.0, 1338.0, 1311.0, 1334.0, 1336.0, 1336.0, 1342.0, 1334.0, 1347.0, 1344.0, 1355.0, 1337.0, 1328.0, 1339.0, 1365.0, 1361.0, 1363.0, 1359.0, 1360.0, 1370.0, 1353.0, 1353.0, 1355.0, 1343.0, 1361.0, 1380.0, 1371.0, 1362.0, 1383.0, 1377.0, 1368.0, 1364.0, 1386.0, 1386.0, 1387.0, 1382.0, 1389.0, 1406.0, 1405.0, 1385.0, 1375.0, 1405.0, 1399.0, 1410.0, 1403.0, 1402.0, 1409.0, 1406.0, 1402.0, 1410.0, 1409.0, 1432.0, 1432.0, 1426.0, 1431.0, 1431.0, 1439.0, 1448.0, 1447.0, 1444.0, 1423.0, 1439.0, 1448.0, 1455.0, 1460.0, 1455.0, 1459.0, 1468.0, 1452.0, 1460.0, 1455.0, 1444.0, 1466.0, 1464.0, 1494.0, 1500.0, 1511.0, 1518.0, 1506.0, 1506.0, 1495.0, 1495.0, 1525.0, 1525.0, 1512.0, 1523.0, 1505.0, 1516.0, 1525.0, 1538.0, 1536.0, 1540.0, 1557.0, 1550.0, 1543.0, 1540.0, 1537.0, 1552.0, 1555.0, 1558.0, 1554.0, 1556.0, 1554.0, 1557.0, 1557.0, 1565.0, 1565.0, 1557.0, 1552.0, 1570.0, 1589.0, 1584.0, 1586.0, 1603.0, 1584.0, 1585.0, 1565.0, 1583.0, 1592.0, 1583.0, 1576.0, 1576.0, 1583.0, 1588.0, 1607.0, 1607.0, 1613.0, 1577.0, 1585.0, 1586.0, 1587.0, 1585.0, 1580.0, 1573.0, 1578.0, 1587.0, 1590.0, 1578.0, 1590.0, 1592.0, 1602.0, 1593.0, 1580.0, 1593.0, 1607.0, 1601.0, 1589.0, 1600.0, 1578.0, 1590.0, 1582.0, 1595.0, 1597.0, 1586.0, 1595.0, 1608.0, 1608.0, 1614.0, 1619.0, 1596.0, 1597.0, 1598.0, 1598.0, 1588.0, 1608.0, 1599.0, 1599.0, 1586.0, 1599.0, 1564.0, 1572.0, 1584.0, 1571.0, 1571.0, 1571.0, 1578.0, 1584.0, 1588.0, 1573.0, 1580.0, 1573.0, 1558.0, 1577.0, 1566.0, 1559.0, 1573.0, 1569.0, 1584.0, 1575.0, 1559.0, 1560.0, 1570.0, 1573.0, 1578.0, 1567.0, 1557.0, 1568.0, 1567.0, 1573.0, 1561.0, 1541.0, 1538.0, 1538.0, 1559.0, 1527.0, 1532.0, 1522.0, 1516.0, 1531.0, 1520.0, 1524.0, 1500.0, 1489.0, 1489.0, 1489.0, 1487.0, 1494.0, 1518.0, 1499.0, 1475.0, 1474.0, 1480.0, 1480.0, 1480.0, 1470.0, 1470.0, 1465.0, 1469.0, 1475.0, 1473.0, 1463.0, 1465.0, 1465.0, 1457.0, 1453.0, 1451.0, 1443.0, 1442.0, 1437.0, 1452.0, 1454.0, 1447.0, 1430.0, 1408.0, 1416.0, 1416.0, 1402.0, 1397.0, 1411.0, 1411.0, 1399.0, 1390.0, 1390.0, 1381.0, 1382.0, 1384.0, 1387.0, 1387.0, 1374.0, 1359.0, 1352.0, 1352.0, 1355.0, 1359.0, 1353.0, 1355.0, 1329.0, 1340.0, 1351.0, 1343.0, 1338.0, 1330.0, 1343.0, 1338.0, 1329.0, 1330.0, 1324.0, 1324.0, 1338.0, 1347.0, 1326.0, 1308.0, 1293.0, 1315.0, 1330.0, 1313.0, 1302.0, 1300.0, 1299.0, 1296.0, 1299.0, 1299.0, 1304.0, 1325.0, 1310.0, 1310.0, 1290.0, 1265.0, 1261.0, 1280.0, 1284.0, 1290.0, 1285.0, 1272.0, 1272.0, 1267.0, 1270.0, 1264.0, 1265.0, 1264.0, 1264.0, 1285.0, 1285.0, 1258.0, 1264.0, 1244.0, 1243.0, 1255.0, 1244.0, 1245.0, 1235.0, 1265.0, 1246.0, 1238.0, 1251.0, 1248.0, 1250.0, 1253.0, 1256.0, 1248.0, 1246.0, 1239.0, 1239.0, 1263.0, 1263.0, 1239.0, 1222.0, 1266.0, 1260.0, 1265.0, 1265.0, 1274.0, 1263.0, 1284.0, 1271.0, 1312.0, 1273.0, 1287.0, 1283.0, 1280.0, 1286.0, 1290.0, 1298.0, 1298.0, 1289.0, 1258.0, 1269.0, 1306.0, 1289.0, 1306.0, 1295.0, 1296.0, 1285.0, 1295.0, 1295.0, 1311.0, 1303.0, 1304.0, 1305.0, 1302.0, 1302.0, 1318.0, 1310.0, 1311.0, 1306.0, 1322.0, 1322.0, 1318.0, 1322.0, 1322.0, 1322.0, 1330.0, 1330.0, 1343.0, 1345.0, 1361.0, 1351.0, 1351.0, 1359.0, 1368.0, 1370.0, 1377.0, 1353.0, 1365.0, 1374.0, 1378.0, 1374.0, 1376.0, 1364.0, 1362.0, 1353.0, 1359.0, 1361.0, 1353.0, 1365.0, 1352.0, 1359.0, 1355.0, 1386.0, 1355.0, 1374.0, 1371.0, 1367.0, 1375.0, 1371.0, 1382.0, 1380.0, 1393.0, 1384.0, 1375.0, 1372.0, 1379.0, 1374.0, 1386.0, 1378.0, 1387.0, 1378.0, 1393.0, 1368.0, 1379.0, 1372.0, 1377.0, 1375.0, 1359.0, 1352.0, 1348.0, 1349.0, 1356.0, 1331.0, 1344.0, 1339.0, 1334.0, 1330.0, 1336.0, 1336.0, 1323.0, 1321.0, 1310.0, 1300.0, 1293.0, 1300.0]