header: 
  seq: 2225
  stamp: 
    secs: 1548820812
    nsecs: 824365564
  frame_id: "base_link"
angle_min: -2.35619449615
angle_max: 2.35619449615
angle_increment: 0.00436332309619
time_increment: 1.73611151695e-05
scan_time: 0.0250000003725
range_min: 0.019999999553
range_max: 30.0
ranges: [0.4819999933242798, 0.49300000071525574, 0.4880000054836273, 0.4830000102519989, 0.46799999475479126, 0.47699999809265137, 0.48500001430511475, 0.4830000102519989, 0.47699999809265137, 0.47699999809265137, 0.4779999852180481, 0.47600001096725464, 0.4729999899864197, 0.4690000116825104, 0.4519999921321869, 0.43299999833106995, 0.4129999876022339, 0.3569999933242798, 0.3140000104904175, 0.32199999690055847, 0.34599998593330383, 0.4059999883174896, 0.4350000023841858, 0.4560000002384186, 0.4569999873638153, 0.46000000834465027, 0.45100000500679016, 0.4449999928474426, 0.44999998807907104, 0.45100000500679016, 0.4399999976158142, 0.4449999928474426, 0.4480000138282776, 0.4519999921321869, 0.4480000138282776, 0.45100000500679016, 0.4480000138282776, 0.4480000138282776, 0.44999998807907104, 0.4480000138282776, 0.4480000138282776, 0.4429999887943268, 0.4440000057220459, 0.4339999854564667, 0.42899999022483826, 0.4320000112056732, 0.4320000112056732, 0.4300000071525574, 0.4309999942779541, 0.42399999499320984, 0.4259999990463257, 0.42100000381469727, 0.42100000381469727, 0.42399999499320984, 0.4259999990463257, 0.421999990940094, 0.4169999957084656, 0.4169999957084656, 0.41100001335144043, 0.4099999964237213, 0.4099999964237213, 0.4129999876022339, 0.41499999165534973, 0.4129999876022339, 0.4099999964237213, 0.4099999964237213, 0.4090000092983246, 0.40799999237060547, 0.4009999930858612, 0.4020000100135803, 0.4099999964237213, 0.41499999165534973, 0.4000000059604645, 0.4000000059604645, 0.4050000011920929, 0.40700000524520874, 0.40299999713897705, 0.40299999713897705, 0.4009999930858612, 0.4009999930858612, 0.3970000147819519, 0.3970000147819519, 0.3970000147819519, 0.3970000147819519, 0.3959999978542328, 0.3970000147819519, 0.3970000147819519, 0.3970000147819519, 0.3959999978542328, 0.3869999945163727, 0.3880000114440918, 0.38600000739097595, 0.3880000114440918, 0.38999998569488525, 0.38999998569488525, 0.37700000405311584, 0.3799999952316284, 0.3799999952316284, 0.3880000114440918, 0.3889999985694885, 0.38600000739097595, 0.38199999928474426, 0.38199999928474426, 0.38600000739097595, 0.38999998569488525, 0.38600000739097595, 0.38600000739097595, 0.37700000405311584, 0.37700000405311584, 0.3790000081062317, 0.38199999928474426, 0.375, 0.37599998712539673, 0.375, 0.37599998712539673, 0.367000013589859, 0.3709999918937683, 0.37400001287460327, 0.37299999594688416, 0.37299999594688416, 0.37400001287460327, 0.3790000081062317, 0.3779999911785126, 0.3779999911785126, 0.375, 0.367000013589859, 0.36899998784065247, 0.36800000071525574, 0.367000013589859, 0.36399999260902405, 0.3610000014305115, 0.36399999260902405, 0.3709999918937683, 0.36399999260902405, 0.36399999260902405, 0.3610000014305115, 0.3569999933242798, 0.36000001430511475, 0.3630000054836273, 0.3630000054836273, 0.3540000021457672, 0.35199999809265137, 0.3569999933242798, 0.3569999933242798, 0.35499998927116394, 0.35600000619888306, 0.3529999852180481, 0.3540000021457672, 0.3499999940395355, 0.3490000069141388, 0.3490000069141388, 0.35199999809265137, 0.3540000021457672, 0.35199999809265137, 0.35199999809265137, 0.3479999899864197, 0.3490000069141388, 0.3490000069141388, 0.35100001096725464, 0.35899999737739563, 0.36000001430511475, 0.3569999933242798, 0.3540000021457672, 0.3540000021457672, 0.3490000069141388, 0.3449999988079071, 0.3449999988079071, 0.34599998593330383, 0.34599998593330383, 0.3499999940395355, 0.3490000069141388, 0.3479999899864197, 0.3490000069141388, 0.3449999988079071, 0.3440000116825104, 0.34599998593330383, 0.3479999899864197, 0.34700000286102295, 0.34599998593330383, 0.3440000116825104, 0.34599998593330383, 0.3440000116825104, 0.3449999988079071, 0.34700000286102295, 0.3479999899864197, 0.3449999988079071, 0.34299999475479126, 0.34700000286102295, 0.34299999475479126, 0.3400000035762787, 0.33899998664855957, 0.33899998664855957, 0.34299999475479126, 0.3449999988079071, 0.3449999988079071, 0.33899998664855957, 0.3400000035762787, 0.33899998664855957, 0.3400000035762787, 0.3409999907016754, 0.3409999907016754, 0.3370000123977661, 0.34299999475479126, 0.3449999988079071, 0.3440000116825104, 0.34200000762939453, 0.34299999475479126, 0.3400000035762787, 0.3400000035762787, 0.3409999907016754, 0.34299999475479126, 0.34299999475479126, 0.34299999475479126, 0.3449999988079071, 0.33799999952316284, 0.33799999952316284, 0.33500000834465027, 0.3310000002384186, 0.3310000002384186, 0.33899998664855957, 0.3449999988079071, 0.3449999988079071, 0.33000001311302185, 0.3269999921321869, 0.3330000042915344, 0.3400000035762787, 0.3409999907016754, 0.33399999141693115, 0.3330000042915344, 0.33500000834465027, 0.3330000042915344, 0.32899999618530273, 0.32899999618530273, 0.34200000762939453, 0.34200000762939453, 0.33500000834465027, 0.33399999141693115, 0.33399999141693115, 0.3409999907016754, 0.33899998664855957, 0.3310000002384186, 0.33000001311302185, 0.33000001311302185, 0.33399999141693115, 0.3409999907016754, 0.3409999907016754, 0.335999995470047, 0.33399999141693115, 0.33399999141693115, 0.33500000834465027, 0.335999995470047, 0.33799999952316284, 0.3370000123977661, 0.3409999907016754, 0.3449999988079071, 0.3529999852180481, 0.33899998664855957, 0.335999995470047, 0.33399999141693115, 0.33899998664855957, 0.3440000116825104, 0.3440000116825104, 0.3449999988079071, 0.3449999988079071, 0.34200000762939453, 0.3409999907016754, 0.3449999988079071, 0.34599998593330383, 0.34200000762939453, 0.3400000035762787, 0.3400000035762787, 0.3440000116825104, 0.34200000762939453, 0.3499999940395355, 0.3479999899864197, 0.34700000286102295, 0.3479999899864197, 0.34700000286102295, 0.3479999899864197, 0.34599998593330383, 0.3490000069141388, 0.35199999809265137, 0.35100001096725464, 0.35199999809265137, 0.3569999933242798, 0.3569999933242798, 0.3569999933242798, 0.35499998927116394, 0.3569999933242798, 0.35899999737739563, 0.37400001287460327, 0.3700000047683716, 0.36500000953674316, 0.3659999966621399, 0.37700000405311584, 0.37599998712539673, 0.37599998712539673, 0.3630000054836273, 0.36800000071525574, 0.36399999260902405, 0.3720000088214874, 0.3700000047683716, 0.37599998712539673, 0.3709999918937683, 0.3720000088214874, 0.38199999928474426, 0.3840000033378601, 0.38499999046325684, 0.38499999046325684, 0.3840000033378601, 0.38100001215934753, 0.382999986410141, 0.38999998569488525, 0.39100000262260437, 0.3880000114440918, 0.3889999985694885, 0.38999998569488525, 0.38999998569488525, 0.3869999945163727, 0.38600000739097595, 0.39100000262260437, 0.39500001072883606, 0.39899998903274536, 0.4009999930858612, 0.4009999930858612, 0.3970000147819519, 0.39899998903274536, 0.3959999978542328, 0.39500001072883606, 0.39800000190734863, 0.4020000100135803, 0.40400001406669617, 0.41200000047683716, 0.42100000381469727, 0.4169999957084656, 0.4129999876022339, 0.4180000126361847, 0.4230000078678131, 0.41499999165534973, 0.4180000126361847, 0.42100000381469727, 0.4180000126361847, 0.41600000858306885, 0.41499999165534973, 0.4189999997615814, 0.42399999499320984, 0.4300000071525574, 0.4359999895095825, 0.43799999356269836, 0.4359999895095825, 0.4399999976158142, 0.4440000057220459, 0.44200000166893005, 0.4410000145435333, 0.4410000145435333, 0.4560000002384186, 0.453000009059906, 0.44999998807907104, 0.44999998807907104, 0.4519999921321869, 0.45899999141693115, 0.4620000123977661, 0.4580000042915344, 0.4569999873638153, 0.4580000042915344, 0.4620000123977661, 0.47099998593330383, 0.4690000116825104, 0.46799999475479126, 0.46700000762939453, 0.4699999988079071, 0.47200000286102295, 0.47600001096725464, 0.4729999899864197, 0.4779999852180481, 0.4779999852180481, 0.48500001430511475, 0.49000000953674316, 0.49000000953674316, 0.48500001430511475, 0.4880000054836273, 0.4909999966621399, 0.4970000088214874, 0.5, 0.5019999742507935, 0.5080000162124634, 0.49900001287460327, 0.49900001287460327, 0.5070000290870667, 0.5210000276565552, 0.5239999890327454, 0.5239999890327454, 0.5199999809265137, 0.5289999842643738, 0.5350000262260437, 0.550000011920929, 0.5870000123977661, 0.6620000004768372, 0.7910000085830688, 1.11899995803833, 1.5670000314712524, 1.5679999589920044, 1.5700000524520874, 1.5809999704360962, 1.590000033378601, 1.593000054359436, 1.5989999771118164, 1.6050000190734863, 1.6069999933242798, 1.6059999465942383, 1.593999981880188, 1.593000054359436, 1.593000054359436, 1.5920000076293945, 1.593000054359436, 1.590000033378601, 1.5839999914169312, 1.5880000591278076, 1.5889999866485596, 1.5820000171661377, 1.5750000476837158, 1.5700000524520874, 1.5679999589920044, 1.5679999589920044, 1.5579999685287476, 1.555999994277954, 1.5579999685287476, 1.5570000410079956, 1.555999994277954, 1.5540000200271606, 1.5529999732971191, 1.5549999475479126, 1.5520000457763672, 1.5549999475479126, 1.5449999570846558, 1.5399999618530273, 1.5329999923706055, 1.5390000343322754, 1.5440000295639038, 1.5449999570846558, 1.5440000295639038, 1.5360000133514404, 1.5369999408721924, 1.5329999923706055, 1.5329999923706055, 1.5369999408721924, 1.5369999408721924, 1.5369999408721924, 1.531000018119812, 1.5260000228881836, 1.5219999551773071, 1.5199999809265137, 1.5199999809265137, 1.5199999809265137, 1.531999945640564, 1.5199999809265137, 1.531000018119812, 1.5190000534057617, 1.524999976158142, 1.5190000534057617, 1.5210000276565552, 1.5230000019073486, 1.5290000438690186, 1.531000018119812, 1.5230000019073486, 1.5199999809265137, 1.5210000276565552, 1.524999976158142, 1.524999976158142, 1.5269999504089355, 1.5269999504089355, 1.5230000019073486, 1.5169999599456787, 1.5130000114440918, 1.5149999856948853, 1.5140000581741333, 1.5160000324249268, 1.5149999856948853, 1.5180000066757202, 1.5180000066757202, 1.5140000581741333, 1.5169999599456787, 1.5130000114440918, 1.5080000162124634, 1.503000020980835, 1.5069999694824219, 1.503000020980835, 1.503000020980835, 1.5140000581741333, 1.5130000114440918, 1.5080000162124634, 1.5019999742507935, 1.496000051498413, 1.4910000562667847, 1.4919999837875366, 1.5010000467300415, 1.4889999628067017, 1.4880000352859497, 1.49399995803833, 1.4930000305175781, 1.4830000400543213, 1.4780000448226929, 1.4780000448226929, 1.4759999513626099, 1.4769999980926514, 1.475000023841858, 1.4759999513626099, 1.475000023841858, 1.4730000495910645, 1.472000002861023, 1.472000002861023, 1.465999960899353, 1.465999960899353, 1.465999960899353, 1.4630000591278076, 1.4579999446868896, 1.4600000381469727, 1.4589999914169312, 1.4589999914169312, 1.4589999914169312, 1.4600000381469727, 1.4539999961853027, 1.4570000171661377, 1.4490000009536743, 1.4429999589920044, 1.4459999799728394, 1.4420000314712524, 1.4390000104904175, 1.434999942779541, 1.434999942779541, 1.4329999685287476, 1.4210000038146973, 1.4179999828338623, 1.4170000553131104, 1.4179999828338623, 1.4160000085830688, 1.4160000085830688, 1.4140000343322754, 1.4140000343322754, 1.4119999408721924, 1.4079999923706055, 1.406000018119812, 1.4179999828338623, 1.4220000505447388, 1.4040000438690186, 1.4019999504089355, 1.399999976158142, 1.399999976158142, 1.3969999551773071, 1.4010000228881836, 1.3960000276565552, 1.3860000371932983, 1.3860000371932983, 1.378000020980835, 1.375, 1.3769999742507935, 1.3760000467300415, 1.371999979019165, 1.3660000562667847, 1.3660000562667847, 1.3639999628067017, 1.3609999418258667, 1.3509999513626099, 1.3569999933242798, 1.3539999723434448, 1.347000002861023, 1.340999960899353, 1.343000054359436, 1.3450000286102295, 1.343000054359436, 1.3389999866485596, 1.3350000381469727, 1.3389999866485596, 1.3389999866485596, 1.3329999446868896, 1.3289999961853027, 1.3209999799728394, 1.3140000104904175, 1.3179999589920044, 1.3179999589920044, 1.3179999589920044, 1.3049999475479126, 1.2990000247955322, 1.2979999780654907, 1.2990000247955322, 1.2979999780654907, 1.2949999570846558, 1.2920000553131104, 1.2890000343322754, 1.2899999618530273, 1.2890000343322754, 1.281999945640564, 1.2769999504089355, 1.2690000534057617, 1.2699999809265137, 1.2649999856948853, 1.2610000371932983, 1.2610000371932983, 1.2549999952316284, 1.246000051498413, 1.25, 1.25, 1.25, 1.2450000047683716, 1.2419999837875366, 1.2389999628067017, 1.2350000143051147, 1.2309999465942383, 1.2309999465942383, 1.2309999465942383, 1.222000002861023, 1.218000054359436, 1.218000054359436, 1.2070000171661377, 1.2000000476837158, 1.2029999494552612, 1.2029999494552612, 1.1959999799728394, 1.190000057220459, 1.187000036239624, 1.187000036239624, 1.1820000410079956, 1.1799999475479126, 1.1749999523162842, 1.1720000505447388, 1.1679999828338623, 1.1629999876022339, 1.1640000343322754, 1.1660000085830688, 1.1610000133514404, 1.1469999551773071, 1.1449999809265137, 1.1440000534057617, 1.1369999647140503, 1.1369999647140503, 1.1360000371932983, 1.1260000467300415, 1.1239999532699585, 1.11899995803833, 1.1150000095367432, 1.1160000562667847, 1.1130000352859497, 1.1069999933242798, 1.1030000448226929, 1.1039999723434448, 1.0989999771118164, 1.093999981880188, 1.093999981880188, 1.0859999656677246, 1.0889999866485596, 1.0920000076293945, 1.0920000076293945, 1.0809999704360962, 1.0770000219345093, 1.0720000267028809, 1.065999984741211, 1.062999963760376, 1.059999942779541, 1.0549999475479126, 1.0570000410079956, 1.0540000200271606, 1.0529999732971191, 1.0429999828338623, 1.034999966621399, 1.0379999876022339, 1.0379999876022339, 1.0299999713897705, 1.0230000019073486, 1.0149999856948853, 1.0119999647140503, 1.0119999647140503, 1.0190000534057617, 1.003000020980835, 0.9950000047683716, 0.9900000095367432, 0.9869999885559082, 0.9800000190734863, 0.9800000190734863, 0.9769999980926514, 0.9700000286102295, 0.9700000286102295, 0.968999981880188, 0.9660000205039978, 0.9649999737739563, 0.9599999785423279, 0.9509999752044678, 0.953000009059906, 0.9559999704360962, 0.9470000267028809, 0.9449999928474426, 0.9409999847412109, 0.9359999895095825, 0.9319999814033508, 0.9229999780654907, 0.9169999957084656, 0.9179999828338623, 0.9150000214576721, 0.9089999794960022, 0.9079999923706055, 0.9049999713897705, 0.8970000147819519, 0.8960000276565552, 0.8939999938011169, 0.8889999985694885, 0.8859999775886536, 0.8820000290870667, 0.875, 0.8690000176429749, 0.8690000176429749, 0.8579999804496765, 0.8550000190734863, 0.8579999804496765, 0.8610000014305115, 0.8579999804496765, 0.8560000061988831, 0.8479999899864197, 0.8460000157356262, 0.8489999771118164, 0.8399999737739563, 0.8399999737739563, 0.8360000252723694, 0.8259999752044678, 0.8220000267028809, 0.8130000233650208, 0.8069999814033508, 0.8050000071525574, 0.8059999942779541, 0.8090000152587891, 0.8069999814033508, 0.7990000247955322, 0.7950000166893005, 0.7960000038146973, 0.7820000052452087, 0.7829999923706055, 0.7870000004768372, 0.7820000052452087, 0.7799999713897705, 0.7730000019073486, 0.7720000147819519, 0.7710000276565552, 0.7680000066757202, 0.7590000033378601, 0.7590000033378601, 0.7609999775886536, 0.7609999775886536, 0.7559999823570251, 0.7450000047683716, 0.7400000095367432, 0.7390000224113464, 0.7390000224113464, 0.7319999933242798, 0.7319999933242798, 0.7319999933242798, 0.7319999933242798, 0.7310000061988831, 0.7269999980926514, 0.7149999737739563, 0.7110000252723694, 0.7129999995231628, 0.7129999995231628, 0.7089999914169312, 0.703000009059906, 0.7009999752044678, 0.703000009059906, 0.6980000138282776, 0.6949999928474426, 0.6949999928474426, 0.6949999928474426, 0.6899999976158142, 0.6869999766349792, 0.6869999766349792, 0.6809999942779541, 0.6819999814033508, 0.6809999942779541, 0.6809999942779541, 0.6809999942779541, 0.675000011920929, 0.6690000295639038, 0.6690000295639038, 0.6729999780654907, 0.6740000247955322, 0.6690000295639038, 0.6639999747276306, 0.6589999794960022, 0.6610000133514404, 0.6579999923706055, 0.6570000052452087, 0.6539999842643738, 0.6520000100135803, 0.6520000100135803, 0.6520000100135803, 0.6539999842643738, 0.652999997138977, 0.6489999890327454, 0.6449999809265137, 0.6430000066757202, 0.6460000276565552, 0.6430000066757202, 0.6399999856948853, 0.6380000114440918, 0.6330000162124634, 0.6299999952316284, 0.6290000081062317, 0.6349999904632568, 0.6359999775886536, 0.6299999952316284, 0.6230000257492065, 0.6200000047683716, 0.6240000128746033, 0.6290000081062317, 0.628000020980835, 0.6169999837875366, 0.6169999837875366, 0.6169999837875366, 0.6179999709129333, 0.6169999837875366, 0.6169999837875366, 0.6159999966621399, 0.6129999756813049, 0.6110000014305115, 0.609000027179718, 0.6050000190734863, 0.6100000143051147, 0.609000027179718, 0.609000027179718, 0.609000027179718, 0.6060000061988831, 0.6010000109672546, 0.6010000109672546, 0.6010000109672546, 0.6010000109672546, 0.5989999771118164, 0.597000002861023, 0.5950000286102295, 0.5950000286102295, 0.5889999866485596, 0.5920000076293945, 0.5920000076293945, 0.5920000076293945, 0.5899999737739563, 0.5899999737739563, 0.5879999995231628, 0.5870000123977661, 0.5920000076293945, 0.5920000076293945, 0.5820000171661377, 0.5820000171661377, 0.5849999785423279, 0.5879999995231628, 0.5889999866485596, 0.5839999914169312, 0.5799999833106995, 0.5770000219345093, 0.5799999833106995, 0.5830000042915344, 0.578000009059906, 0.578000009059906, 0.578000009059906, 0.5799999833106995, 0.5799999833106995, 0.5809999704360962, 0.578000009059906, 0.5770000219345093, 0.5799999833106995, 0.5820000171661377, 0.5839999914169312, 0.5839999914169312, 0.5759999752044678, 0.5709999799728394, 0.5690000057220459, 0.5740000009536743, 0.5649999976158142, 0.5619999766349792, 0.5669999718666077, 0.5709999799728394, 0.5709999799728394, 0.5720000267028809, 0.5699999928474426, 0.5640000104904175, 0.5630000233650208, 0.5630000233650208, 0.5649999976158142, 0.5690000057220459, 0.5690000057220459, 0.5690000057220459, 0.5690000057220459, 0.5690000057220459, 0.5699999928474426, 0.5690000057220459, 0.5669999718666077, 0.5619999766349792, 0.5580000281333923, 0.5600000023841858, 0.5669999718666077, 0.5669999718666077, 0.5649999976158142, 0.5580000281333923, 0.5659999847412109, 0.5669999718666077, 0.5669999718666077, 0.5669999718666077, 0.5669999718666077, 0.5630000233650208, 0.5580000281333923, 0.5580000281333923, 0.5600000023841858, 0.5590000152587891, 0.5590000152587891, 0.5669999718666077, 0.5690000057220459, 0.5659999847412109, 0.5659999847412109, 0.5619999766349792, 0.5590000152587891, 0.5550000071525574, 0.5559999942779541, 0.5580000281333923, 0.5609999895095825, 0.5600000023841858, 0.5609999895095825, 0.5640000104904175, 0.5640000104904175, 0.5580000281333923, 0.5569999814033508, 0.5580000281333923, 0.5600000023841858, 0.5580000281333923, 0.5590000152587891, 0.5569999814033508, 0.5609999895095825, 0.5609999895095825, 0.5519999861717224, 0.5559999942779541, 0.5600000023841858, 0.5600000023841858, 0.5600000023841858, 0.5600000023841858, 0.5619999766349792, 0.5630000233650208, 0.5600000023841858, 0.5600000023841858, 0.5600000023841858, 0.5600000023841858, 0.5600000023841858, 0.5609999895095825, 0.5600000023841858, 0.5609999895095825, 0.5600000023841858, 0.5609999895095825, 0.5619999766349792, 0.5649999976158142, 0.5640000104904175, 0.5600000023841858, 0.5600000023841858, 0.5619999766349792, 0.5640000104904175, 0.5649999976158142, 0.5649999976158142, 0.5659999847412109, 0.5669999718666077, 0.5680000185966492, 0.5699999928474426, 0.5730000138282776, 0.5759999752044678, 0.5659999847412109, 0.5669999718666077, 0.5690000057220459, 0.5690000057220459, 0.5699999928474426, 0.5709999799728394, 0.5720000267028809, 0.574999988079071, 0.5789999961853027, 0.5809999704360962, 0.5830000042915344, 0.578000009059906, 0.5839999914169312, 0.5860000252723694, 0.5860000252723694, 0.5820000171661377, 0.5770000219345093, 0.5770000219345093, 0.5830000042915344, 0.5849999785423279, 0.5870000123977661, 0.5889999866485596, 0.5879999995231628, 0.5879999995231628, 0.5889999866485596, 0.597000002861023, 0.597000002861023, 0.5920000076293945, 0.5950000286102295, 0.593999981880188, 0.593999981880188, 0.5960000157356262, 0.593999981880188, 0.597000002861023, 0.593999981880188, 0.593999981880188, 0.6000000238418579, 0.6039999723434448, 0.6060000061988831, 0.6060000061988831, 0.6039999723434448, 0.6039999723434448, 0.6060000061988831, 0.6060000061988831, 0.6110000014305115, 0.6060000061988831, 0.6069999933242798, 0.6060000061988831, 0.609000027179718, 0.6079999804496765, 0.6079999804496765, 0.6050000190734863, 0.6019999980926514, 0.6029999852180481, 0.6129999756813049, 0.6119999885559082, 0.6129999756813049, 0.6129999756813049, 0.6110000014305115, 0.6119999885559082, 0.6119999885559082, 0.6119999885559082, 0.6179999709129333, 0.6179999709129333, 0.6209999918937683, 0.6169999837875366, 0.6110000014305115, 0.6129999756813049, 0.6200000047683716, 0.621999979019165, 0.6179999709129333, 0.625, 0.625, 0.625, 0.6259999871253967, 0.6309999823570251, 0.6290000081062317, 0.6320000290870667, 0.6320000290870667, 0.6380000114440918, 0.6439999938011169, 0.6430000066757202, 0.6380000114440918, 0.6349999904632568, 0.6320000290870667, 0.6299999952316284, 0.6359999775886536, 0.6349999904632568, 0.6349999904632568, 0.6359999775886536, 0.6399999856948853, 0.6380000114440918, 0.6370000243186951, 0.6370000243186951, 0.6439999938011169, 0.6439999938011169, 0.6449999809265137, 0.6430000066757202, 0.6449999809265137, 0.6669999957084656, 0.6660000085830688, 0.6660000085830688, 0.6690000295639038, 0.6729999780654907, 0.6729999780654907, 0.6830000281333923, 0.6840000152587891, 0.6890000104904175, 0.6859999895095825, 0.6790000200271606, 0.6800000071525574, 0.6850000023841858, 0.6909999847412109, 0.6930000185966492, 0.7009999752044678, 0.7009999752044678, 0.7009999752044678]
intensities: [1021.0, 1115.0, 1115.0, 1139.0, 1119.0, 1191.0, 1271.0, 1295.0, 1289.0, 1349.0, 1355.0, 1354.0, 1353.0, 1322.0, 1270.0, 1140.0, 1117.0, 991.0, 901.0, 904.0, 881.0, 982.0, 1037.0, 1072.0, 1045.0, 1048.0, 1025.0, 1001.0, 1053.0, 1128.0, 1153.0, 1239.0, 1264.0, 1380.0, 1395.0, 1459.0, 1492.0, 1492.0, 1494.0, 1509.0, 1518.0, 1506.0, 1542.0, 1537.0, 1562.0, 1555.0, 1555.0, 1526.0, 1554.0, 1541.0, 1548.0, 1551.0, 1537.0, 1536.0, 1551.0, 1533.0, 1522.0, 1539.0, 1538.0, 1528.0, 1516.0, 1511.0, 1511.0, 1511.0, 1511.0, 1511.0, 1515.0, 1513.0, 1513.0, 1513.0, 1512.0, 1511.0, 1512.0, 1512.0, 1506.0, 1501.0, 1514.0, 1499.0, 1504.0, 1504.0, 1488.0, 1483.0, 1483.0, 1490.0, 1490.0, 1503.0, 1474.0, 1474.0, 1481.0, 1449.0, 1464.0, 1468.0, 1477.0, 1455.0, 1471.0, 1448.0, 1454.0, 1454.0, 1458.0, 1443.0, 1439.0, 1451.0, 1451.0, 1428.0, 1436.0, 1433.0, 1439.0, 1415.0, 1404.0, 1427.0, 1426.0, 1424.0, 1413.0, 1421.0, 1420.0, 1414.0, 1417.0, 1411.0, 1390.0, 1390.0, 1395.0, 1408.0, 1400.0, 1400.0, 1399.0, 1371.0, 1380.0, 1389.0, 1378.0, 1378.0, 1359.0, 1361.0, 1372.0, 1342.0, 1340.0, 1339.0, 1347.0, 1359.0, 1353.0, 1353.0, 1359.0, 1345.0, 1336.0, 1336.0, 1320.0, 1327.0, 1327.0, 1320.0, 1338.0, 1309.0, 1309.0, 1284.0, 1280.0, 1288.0, 1288.0, 1286.0, 1274.0, 1274.0, 1277.0, 1286.0, 1300.0, 1284.0, 1290.0, 1290.0, 1283.0, 1275.0, 1279.0, 1279.0, 1279.0, 1273.0, 1275.0, 1276.0, 1279.0, 1275.0, 1269.0, 1267.0, 1275.0, 1275.0, 1276.0, 1274.0, 1258.0, 1270.0, 1265.0, 1248.0, 1248.0, 1244.0, 1240.0, 1264.0, 1259.0, 1255.0, 1252.0, 1245.0, 1248.0, 1254.0, 1251.0, 1229.0, 1237.0, 1255.0, 1235.0, 1239.0, 1218.0, 1216.0, 1230.0, 1239.0, 1231.0, 1237.0, 1224.0, 1202.0, 1202.0, 1204.0, 1208.0, 1209.0, 1209.0, 1194.0, 1188.0, 1188.0, 1186.0, 1184.0, 1184.0, 1188.0, 1186.0, 1188.0, 1188.0, 1171.0, 1173.0, 1173.0, 1170.0, 1146.0, 1140.0, 1157.0, 1147.0, 1147.0, 1147.0, 1148.0, 1148.0, 1139.0, 1149.0, 1149.0, 1145.0, 1148.0, 1156.0, 1152.0, 1152.0, 1143.0, 1153.0, 1153.0, 1156.0, 1149.0, 1139.0, 1142.0, 1139.0, 1132.0, 1132.0, 1133.0, 1127.0, 1122.0, 1128.0, 1128.0, 1138.0, 1142.0, 1131.0, 1131.0, 1127.0, 1123.0, 1114.0, 1118.0, 1127.0, 1122.0, 1127.0, 1127.0, 1127.0, 1140.0, 1129.0, 1135.0, 1125.0, 1129.0, 1128.0, 1127.0, 1130.0, 1135.0, 1139.0, 1139.0, 1142.0, 1149.0, 1165.0, 1159.0, 1162.0, 1158.0, 1166.0, 1154.0, 1168.0, 1168.0, 1174.0, 1168.0, 1197.0, 1199.0, 1199.0, 1193.0, 1212.0, 1190.0, 1188.0, 1197.0, 1212.0, 1210.0, 1208.0, 1227.0, 1231.0, 1236.0, 1244.0, 1228.0, 1240.0, 1249.0, 1249.0, 1250.0, 1261.0, 1257.0, 1255.0, 1255.0, 1266.0, 1268.0, 1284.0, 1263.0, 1267.0, 1276.0, 1276.0, 1278.0, 1276.0, 1292.0, 1299.0, 1292.0, 1285.0, 1292.0, 1304.0, 1333.0, 1326.0, 1319.0, 1314.0, 1318.0, 1302.0, 1325.0, 1323.0, 1325.0, 1330.0, 1332.0, 1340.0, 1337.0, 1334.0, 1326.0, 1327.0, 1325.0, 1348.0, 1334.0, 1342.0, 1346.0, 1346.0, 1355.0, 1355.0, 1361.0, 1361.0, 1372.0, 1384.0, 1371.0, 1383.0, 1376.0, 1371.0, 1370.0, 1389.0, 1387.0, 1389.0, 1393.0, 1387.0, 1401.0, 1411.0, 1401.0, 1411.0, 1411.0, 1423.0, 1414.0, 1485.0, 1556.0, 1554.0, 1518.0, 1484.0, 1487.0, 1479.0, 1474.0, 1453.0, 1442.0, 1424.0, 1388.0, 1353.0, 1353.0, 1285.0, 1217.0, 1208.0, 1223.0, 1461.0, 1516.0, 1527.0, 1337.0, 1136.0, 1123.0, 1122.0, 1123.0, 1100.0, 1097.0, 1103.0, 1099.0, 1097.0, 1103.0, 1105.0, 1104.0, 1107.0, 1102.0, 1110.0, 1110.0, 1121.0, 1108.0, 1112.0, 1116.0, 1108.0, 1099.0, 1106.0, 1109.0, 1109.0, 1111.0, 1109.0, 1111.0, 1111.0, 1111.0, 1127.0, 1140.0, 1136.0, 1157.0, 1147.0, 1154.0, 1149.0, 1122.0, 1123.0, 1120.0, 1139.0, 1140.0, 1136.0, 1112.0, 1112.0, 1127.0, 1138.0, 1138.0, 1130.0, 1149.0, 1138.0, 1131.0, 1131.0, 1131.0, 1138.0, 1127.0, 1122.0, 1136.0, 1137.0, 1149.0, 1152.0, 1145.0, 1144.0, 1146.0, 1137.0, 1146.0, 1149.0, 1141.0, 1141.0, 1146.0, 1139.0, 1140.0, 1151.0, 1148.0, 1147.0, 1135.0, 1123.0, 1146.0, 1160.0, 1160.0, 1146.0, 1153.0, 1144.0, 1138.0, 1146.0, 1144.0, 1128.0, 1128.0, 1153.0, 1145.0, 1147.0, 1143.0, 1155.0, 1172.0, 1143.0, 1142.0, 1145.0, 1149.0, 1155.0, 1159.0, 1149.0, 1155.0, 1155.0, 1151.0, 1147.0, 1144.0, 1140.0, 1151.0, 1149.0, 1146.0, 1146.0, 1141.0, 1141.0, 1140.0, 1165.0, 1148.0, 1159.0, 1158.0, 1158.0, 1148.0, 1153.0, 1154.0, 1162.0, 1147.0, 1150.0, 1154.0, 1156.0, 1150.0, 1145.0, 1145.0, 1156.0, 1145.0, 1147.0, 1157.0, 1161.0, 1146.0, 1148.0, 1144.0, 1139.0, 1158.0, 1150.0, 1158.0, 1138.0, 1158.0, 1149.0, 1152.0, 1154.0, 1170.0, 1160.0, 1168.0, 1162.0, 1173.0, 1178.0, 1161.0, 1162.0, 1172.0, 1169.0, 1163.0, 1156.0, 1158.0, 1161.0, 1174.0, 1172.0, 1170.0, 1181.0, 1178.0, 1169.0, 1157.0, 1159.0, 1153.0, 1160.0, 1204.0, 1191.0, 1191.0, 1184.0, 1182.0, 1184.0, 1181.0, 1181.0, 1181.0, 1181.0, 1188.0, 1185.0, 1178.0, 1176.0, 1165.0, 1179.0, 1189.0, 1195.0, 1187.0, 1191.0, 1152.0, 1197.0, 1181.0, 1186.0, 1189.0, 1187.0, 1187.0, 1182.0, 1185.0, 1205.0, 1202.0, 1200.0, 1196.0, 1204.0, 1203.0, 1196.0, 1221.0, 1222.0, 1222.0, 1227.0, 1227.0, 1227.0, 1223.0, 1223.0, 1247.0, 1247.0, 1228.0, 1249.0, 1233.0, 1233.0, 1231.0, 1240.0, 1243.0, 1243.0, 1226.0, 1253.0, 1254.0, 1255.0, 1263.0, 1256.0, 1259.0, 1276.0, 1266.0, 1273.0, 1277.0, 1258.0, 1242.0, 1253.0, 1270.0, 1276.0, 1262.0, 1256.0, 1250.0, 1265.0, 1268.0, 1267.0, 1281.0, 1285.0, 1294.0, 1299.0, 1299.0, 1286.0, 1284.0, 1296.0, 1292.0, 1273.0, 1276.0, 1282.0, 1289.0, 1302.0, 1296.0, 1302.0, 1297.0, 1306.0, 1306.0, 1312.0, 1310.0, 1320.0, 1317.0, 1322.0, 1319.0, 1322.0, 1342.0, 1326.0, 1331.0, 1323.0, 1323.0, 1326.0, 1332.0, 1333.0, 1333.0, 1339.0, 1328.0, 1350.0, 1329.0, 1336.0, 1344.0, 1347.0, 1354.0, 1355.0, 1335.0, 1342.0, 1348.0, 1353.0, 1360.0, 1360.0, 1344.0, 1366.0, 1365.0, 1362.0, 1351.0, 1358.0, 1372.0, 1379.0, 1384.0, 1380.0, 1368.0, 1383.0, 1365.0, 1356.0, 1371.0, 1367.0, 1371.0, 1386.0, 1381.0, 1385.0, 1399.0, 1375.0, 1375.0, 1389.0, 1354.0, 1394.0, 1409.0, 1405.0, 1388.0, 1391.0, 1398.0, 1407.0, 1397.0, 1388.0, 1462.0, 1461.0, 1532.0, 1438.0, 1409.0, 1402.0, 1386.0, 1400.0, 1408.0, 1427.0, 1426.0, 1429.0, 1432.0, 1432.0, 1446.0, 1443.0, 1451.0, 1449.0, 1449.0, 1468.0, 1475.0, 1483.0, 1515.0, 1501.0, 1500.0, 1512.0, 1504.0, 1524.0, 1515.0, 1533.0, 1536.0, 1544.0, 1532.0, 1525.0, 1528.0, 1528.0, 1524.0, 1513.0, 1534.0, 1543.0, 1538.0, 1519.0, 1510.0, 1529.0, 1529.0, 1528.0, 1516.0, 1516.0, 1529.0, 1524.0, 1530.0, 1533.0, 1545.0, 1540.0, 1540.0, 1533.0, 1543.0, 1539.0, 1539.0, 1540.0, 1535.0, 1535.0, 1539.0, 1524.0, 1540.0, 1549.0, 1540.0, 1548.0, 1536.0, 1538.0, 1544.0, 1544.0, 1534.0, 1536.0, 1528.0, 1554.0, 1513.0, 1527.0, 1538.0, 1545.0, 1538.0, 1538.0, 1534.0, 1540.0, 1532.0, 1532.0, 1523.0, 1539.0, 1531.0, 1536.0, 1544.0, 1535.0, 1536.0, 1543.0, 1543.0, 1539.0, 1536.0, 1527.0, 1521.0, 1519.0, 1540.0, 1525.0, 1533.0, 1533.0, 1526.0, 1492.0, 1492.0, 1489.0, 1494.0, 1494.0, 1499.0, 1507.0, 1479.0, 1479.0, 1486.0, 1481.0, 1481.0, 1480.0, 1479.0, 1468.0, 1452.0, 1455.0, 1457.0, 1452.0, 1467.0, 1467.0, 1458.0, 1437.0, 1449.0, 1449.0, 1450.0, 1463.0, 1443.0, 1449.0, 1448.0, 1440.0, 1439.0, 1441.0, 1440.0, 1442.0, 1442.0, 1425.0, 1433.0, 1411.0, 1440.0, 1440.0, 1428.0, 1425.0, 1413.0, 1413.0, 1408.0, 1416.0, 1411.0, 1406.0, 1406.0, 1413.0, 1396.0, 1397.0, 1375.0, 1411.0, 1398.0, 1399.0, 1393.0, 1393.0, 1384.0, 1386.0, 1396.0, 1389.0, 1389.0, 1368.0, 1368.0, 1358.0, 1361.0, 1360.0, 1357.0, 1360.0, 1360.0, 1363.0, 1361.0, 1366.0, 1366.0, 1362.0, 1343.0, 1364.0, 1347.0, 1341.0, 1340.0, 1343.0, 1352.0, 1348.0, 1348.0, 1328.0, 1312.0, 1321.0, 1306.0, 1311.0, 1325.0, 1316.0, 1307.0, 1312.0, 1322.0, 1312.0, 1302.0, 1309.0, 1311.0, 1311.0, 1313.0, 1313.0, 1326.0, 1326.0, 1313.0, 1297.0, 1300.0, 1304.0, 1302.0, 1306.0, 1302.0, 1307.0, 1295.0, 1289.0, 1295.0, 1301.0, 1302.0, 1306.0, 1304.0, 1307.0, 1310.0, 1305.0, 1305.0, 1304.0, 1307.0, 1297.0, 1287.0, 1290.0, 1316.0, 1301.0, 1294.0, 1284.0, 1276.0, 1282.0, 1303.0, 1305.0, 1298.0, 1311.0, 1305.0, 1319.0, 1283.0, 1306.0, 1313.0, 1311.0, 1310.0, 1312.0, 1315.0, 1313.0, 1308.0, 1317.0, 1315.0, 1304.0, 1318.0, 1318.0, 1324.0, 1317.0, 1318.0, 1318.0, 1318.0, 1327.0, 1333.0, 1329.0, 1330.0, 1336.0, 1336.0, 1342.0, 1342.0, 1332.0, 1330.0, 1318.0, 1320.0, 1327.0, 1334.0, 1334.0, 1347.0, 1334.0, 1335.0, 1335.0, 1345.0, 1350.0, 1350.0, 1383.0, 1365.0, 1374.0, 1365.0, 1377.0, 1379.0, 1379.0, 1352.0, 1356.0, 1361.0, 1361.0, 1366.0, 1365.0, 1359.0, 1384.0, 1375.0, 1354.0, 1373.0, 1360.0, 1360.0, 1373.0, 1379.0, 1390.0, 1381.0, 1381.0, 1375.0, 1373.0, 1389.0, 1394.0, 1381.0, 1404.0, 1413.0, 1401.0, 1410.0, 1413.0, 1411.0, 1407.0, 1411.0, 1415.0, 1415.0, 1406.0, 1410.0, 1419.0, 1407.0, 1407.0, 1405.0, 1400.0, 1400.0, 1398.0, 1396.0, 1396.0, 1399.0, 1405.0, 1396.0, 1414.0, 1395.0, 1414.0, 1396.0, 1415.0, 1415.0, 1408.0, 1396.0, 1404.0]