header: 
  seq: 2085
  stamp: 
    secs: 1548820809
    nsecs: 316636141
  frame_id: "base_link"
angle_min: -2.35619449615
angle_max: 2.35619449615
angle_increment: 0.00436332309619
time_increment: 1.73611151695e-05
scan_time: 0.0250000003725
range_min: 0.019999999553
range_max: 30.0
ranges: [0.5130000114440918, 0.5080000162124634, 0.5130000114440918, 0.5099999904632568, 0.5090000033378601, 0.5189999938011169, 0.5189999938011169, 0.5270000100135803, 0.5199999809265137, 0.5220000147819519, 0.5149999856948853, 0.5189999938011169, 0.5189999938011169, 0.5080000162124634, 0.4909999966621399, 0.46700000762939453, 0.4320000112056732, 0.37400001287460327, 0.27300000190734863, 0.31700000166893005, 0.3619999885559082, 0.42899999022483826, 0.4740000069141388, 0.49300000071525574, 0.503000020980835, 0.5, 0.49799999594688416, 0.49399998784065247, 0.49799999594688416, 0.4880000054836273, 0.4819999933242798, 0.4909999966621399, 0.49000000953674316, 0.48899999260902405, 0.4959999918937683, 0.4959999918937683, 0.4819999933242798, 0.4830000102519989, 0.48399999737739563, 0.4819999933242798, 0.48100000619888306, 0.4830000102519989, 0.47999998927116394, 0.4779999852180481, 0.4779999852180481, 0.4779999852180481, 0.4729999899864197, 0.47200000286102295, 0.4699999988079071, 0.4699999988079071, 0.4699999988079071, 0.47200000286102295, 0.47099998593330383, 0.46700000762939453, 0.46299999952316284, 0.4650000035762787, 0.4650000035762787, 0.4659999907016754, 0.4620000123977661, 0.4659999907016754, 0.46399998664855957, 0.4690000116825104, 0.46799999475479126, 0.46299999952316284, 0.46299999952316284, 0.46299999952316284, 0.45899999141693115, 0.45500001311302185, 0.45500001311302185, 0.46000000834465027, 0.4620000123977661, 0.46000000834465027, 0.4580000042915344, 0.4580000042915344, 0.45899999141693115, 0.45500001311302185, 0.45399999618530273, 0.4449999928474426, 0.44699999690055847, 0.4440000057220459, 0.4480000138282776, 0.44999998807907104, 0.453000009059906, 0.4480000138282776, 0.4490000009536743, 0.4480000138282776, 0.44600000977516174, 0.44600000977516174, 0.4440000057220459, 0.4449999928474426, 0.4440000057220459, 0.44200000166893005, 0.43799999356269836, 0.4359999895095825, 0.43700000643730164, 0.4350000023841858, 0.43299999833106995, 0.4320000112056732, 0.42899999022483826, 0.4309999942779541, 0.4350000023841858, 0.4339999854564667, 0.4339999854564667, 0.43299999833106995, 0.4320000112056732, 0.42899999022483826, 0.4300000071525574, 0.4269999861717224, 0.42800000309944153, 0.42800000309944153, 0.4300000071525574, 0.42800000309944153, 0.42399999499320984, 0.42500001192092896, 0.4269999861717224, 0.41999998688697815, 0.4180000126361847, 0.4180000126361847, 0.4180000126361847, 0.41200000047683716, 0.41200000047683716, 0.41999998688697815, 0.41999998688697815, 0.4169999957084656, 0.4189999997615814, 0.4189999997615814, 0.4189999997615814, 0.41999998688697815, 0.41999998688697815, 0.41999998688697815, 0.4180000126361847, 0.41600000858306885, 0.41499999165534973, 0.4169999957084656, 0.414000004529953, 0.4099999964237213, 0.40799999237060547, 0.414000004529953, 0.41600000858306885, 0.4129999876022339, 0.4090000092983246, 0.4090000092983246, 0.4090000092983246, 0.40799999237060547, 0.41200000047683716, 0.41100001335144043, 0.4090000092983246, 0.4090000092983246, 0.4099999964237213, 0.4099999964237213, 0.40700000524520874, 0.40400001406669617, 0.4050000011920929, 0.4059999883174896, 0.4090000092983246, 0.41100001335144043, 0.4090000092983246, 0.40799999237060547, 0.4059999883174896, 0.4050000011920929, 0.40299999713897705, 0.40299999713897705, 0.4020000100135803, 0.40299999713897705, 0.4059999883174896, 0.4059999883174896, 0.4020000100135803, 0.3959999978542328, 0.3959999978542328, 0.39899998903274536, 0.40400001406669617, 0.40700000524520874, 0.40700000524520874, 0.40299999713897705, 0.3959999978542328, 0.39500001072883606, 0.39399999380111694, 0.39399999380111694, 0.3970000147819519, 0.4000000059604645, 0.39800000190734863, 0.39800000190734863, 0.39800000190734863, 0.39800000190734863, 0.4009999930858612, 0.4000000059604645, 0.3970000147819519, 0.3970000147819519, 0.3970000147819519, 0.39800000190734863, 0.4020000100135803, 0.40299999713897705, 0.4009999930858612, 0.39800000190734863, 0.3970000147819519, 0.3930000066757202, 0.3889999985694885, 0.3959999978542328, 0.39899998903274536, 0.39899998903274536, 0.3970000147819519, 0.3970000147819519, 0.3959999978542328, 0.3970000147819519, 0.4009999930858612, 0.40299999713897705, 0.3919999897480011, 0.39800000190734863, 0.4050000011920929, 0.4020000100135803, 0.39800000190734863, 0.4020000100135803, 0.4009999930858612, 0.3970000147819519, 0.4009999930858612, 0.4009999930858612, 0.39500001072883606, 0.4009999930858612, 0.40299999713897705, 0.3970000147819519, 0.39399999380111694, 0.4050000011920929, 0.4099999964237213, 0.3970000147819519, 0.40299999713897705, 0.40299999713897705, 0.4009999930858612, 0.40299999713897705, 0.40400001406669617, 0.41100001335144043, 0.4059999883174896, 0.4099999964237213, 0.41100001335144043, 0.4050000011920929, 0.40299999713897705, 0.40299999713897705, 0.4009999930858612, 0.39899998903274536, 0.40299999713897705, 0.40400001406669617, 0.4059999883174896, 0.4090000092983246, 0.4090000092983246, 0.4169999957084656, 0.41600000858306885, 0.41600000858306885, 0.414000004529953, 0.40799999237060547, 0.4129999876022339, 0.4189999997615814, 0.4189999997615814, 0.4129999876022339, 0.4099999964237213, 0.4099999964237213, 0.41499999165534973, 0.41600000858306885, 0.4180000126361847, 0.42399999499320984, 0.41999998688697815, 0.42500001192092896, 0.42500001192092896, 0.4259999990463257, 0.42800000309944153, 0.42899999022483826, 0.4410000145435333, 0.4300000071525574, 0.42899999022483826, 0.4269999861717224, 0.43299999833106995, 0.4429999887943268, 0.44200000166893005, 0.4449999928474426, 0.44999998807907104, 0.45100000500679016, 0.4490000009536743, 0.45500001311302185, 0.4560000002384186, 0.45899999141693115, 0.46299999952316284, 0.47099998593330383, 0.4779999852180481, 0.4790000021457672, 0.48100000619888306, 0.4860000014305115, 0.49799999594688416, 0.5019999742507935, 0.5080000162124634, 0.5099999904632568, 0.5289999842643738, 0.5199999809265137, 3.0829999446868896, 3.0810000896453857, 3.075000047683716, 3.068000078201294, 3.071000099182129, 3.052999973297119, 3.053999900817871, 3.055000066757202, 3.0369999408721924, 3.0350000858306885, 3.0269999504089355, 3.0169999599456787, 3.007999897003174, 3.006999969482422, 3.002000093460083, 2.990000009536743, 2.989000082015991, 2.9790000915527344, 2.9690001010894775, 2.9700000286102295, 2.9649999141693115, 2.9519999027252197, 2.943000078201294, 2.937999963760376, 2.934999942779541, 2.9260001182556152, 2.9200000762939453, 2.9119999408721924, 2.8940000534057617, 2.890000104904175, 2.871999979019165, 2.867000102996826, 2.8540000915527344, 2.8389999866485596, 2.8340001106262207, 2.822000026702881, 2.813999891281128, 2.7980000972747803, 2.7860000133514404, 2.7690000534057617, 2.763000011444092, 2.749000072479248, 2.7300000190734863, 2.7060000896453857, 2.691999912261963, 2.677999973297119, 2.6640000343322754, 2.6579999923706055, 2.6480000019073486, 2.625999927520752, 2.61299991607666, 2.5920000076293945, 2.566999912261963, 2.546999931335449, 2.5429999828338623, 2.506999969482422, 2.486999988555908, 2.4739999771118164, 2.437999963760376, 2.430000066757202, 2.4079999923706055, 2.385999917984009, 2.364000082015991, 2.3340001106262207, 2.309999942779541, 2.2950000762939453, 2.2820000648498535, 2.257999897003174, 2.2279999256134033, 2.2209999561309814, 2.194999933242798, 2.181999921798706, 2.1610000133514404, 2.127000093460083, 2.11899995803833, 2.0910000801086426, 2.0840001106262207, 2.072000026702881, 2.059000015258789, 2.0420000553131104, 2.0250000953674316, 2.009000062942505, 1.9930000305175781, 1.9730000495910645, 1.9589999914169312, 1.9490000009536743, 1.940999984741211, 1.9140000343322754, 1.9040000438690186, 1.8940000534057617, 1.8760000467300415, 1.8559999465942383, 1.8509999513626099, 1.8300000429153442, 1.8140000104904175, 1.8049999475479126, 1.7979999780654907, 1.7920000553131104, 1.7690000534057617, 1.7640000581741333, 1.753000020980835, 1.7309999465942383, 1.7209999561309814, 1.7120000123977661, 1.7039999961853027, 1.6920000314712524, 1.6770000457763672, 1.6720000505447388, 1.6549999713897705, 1.6430000066757202, 1.6369999647140503, 1.63100004196167, 1.6200000047683716, 1.6069999933242798, 1.6030000448226929, 1.5950000286102295, 1.5839999914169312, 1.5670000314712524, 1.559000015258789, 1.5540000200271606, 1.555999994277954, 1.5399999618530273, 1.5329999923706055, 1.5219999551773071, 1.5160000324249268, 1.5099999904632568, 1.5010000467300415, 1.5, 1.503999948501587, 1.4869999885559082, 1.4800000190734863, 1.4609999656677246, 1.4579999446868896, 1.4470000267028809, 1.4450000524520874, 1.440000057220459, 1.434999942779541, 1.4249999523162842, 1.4079999923706055, 1.4079999923706055, 1.4040000438690186, 1.4019999504089355, 1.3860000371932983, 1.3760000467300415, 1.3760000467300415, 1.3760000467300415, 1.3559999465942383, 1.3530000448226929, 1.350000023841858, 1.3450000286102295, 1.3370000123977661, 1.3270000219345093, 1.3289999961853027, 1.319000005722046, 1.3070000410079956, 1.305999994277954, 1.3049999475479126, 1.3040000200271606, 1.2990000247955322, 1.2890000343322754, 1.2899999618530273, 1.2829999923706055, 1.2760000228881836, 1.2719999551773071, 1.2599999904632568, 1.2599999904632568, 1.2619999647140503, 1.253999948501587, 1.2489999532699585, 1.2419999837875366, 1.2410000562667847, 1.2400000095367432, 1.2389999628067017, 1.2359999418258667, 1.2269999980926514, 1.2239999771118164, 1.2170000076293945, 1.215999960899353, 1.215999960899353, 1.2109999656677246, 1.2050000429153442, 1.2000000476837158, 1.2000000476837158, 1.1990000009536743, 1.1970000267028809, 1.1929999589920044, 1.1890000104904175, 1.180999994277954, 1.1770000457763672, 1.1749999523162842, 1.1710000038146973, 1.159999966621399, 1.159000039100647, 1.1610000133514404, 1.159999966621399, 1.1610000133514404, 1.156999945640564, 1.1549999713897705, 1.1460000276565552, 1.1369999647140503, 1.1390000581741333, 1.1399999856948853, 1.1419999599456787, 1.1399999856948853, 1.1380000114440918, 1.1380000114440918, 1.1330000162124634, 1.121999979019165, 1.11899995803833, 1.11899995803833, 1.11899995803833, 1.1109999418258667, 1.1069999933242798, 1.1069999933242798, 1.1059999465942383, 1.100000023841858, 1.0959999561309814, 1.0980000495910645, 1.100000023841858, 1.0959999561309814, 1.093999981880188, 1.090999960899353, 1.0880000591278076, 1.0880000591278076, 1.0829999446868896, 1.0759999752044678, 1.0740000009536743, 1.0709999799728394, 1.0759999752044678, 1.065999984741211, 1.069000005722046, 1.0670000314712524, 1.0670000314712524, 1.0679999589920044, 1.062000036239624, 1.0570000410079956, 1.0579999685287476, 1.0579999685287476, 1.055999994277954, 1.0540000200271606, 1.0499999523162842, 1.0540000200271606, 1.0460000038146973, 1.0420000553131104, 1.0420000553131104, 1.0390000343322754, 1.0329999923706055, 1.0299999713897705, 1.0210000276565552, 1.0160000324249268, 1.0140000581741333, 1.0160000324249268, 1.0110000371932983, 1.003999948501587, 1.003999948501587, 1.0019999742507935, 1.0019999742507935, 0.9990000128746033, 0.9950000047683716, 0.9929999709129333, 0.9929999709129333, 0.9919999837875366, 0.9909999966621399, 0.9900000095367432, 0.9909999966621399, 0.9869999885559082, 0.9819999933242798, 0.9750000238418579, 0.9739999771118164, 0.9750000238418579, 0.9769999980926514, 0.9750000238418579, 0.9729999899864197, 0.972000002861023, 0.968999981880188, 0.9679999947547913, 0.9570000171661377, 0.9620000123977661, 0.9620000123977661, 0.9580000042915344, 0.9539999961853027, 0.9509999752044678, 0.9470000267028809, 0.9449999928474426, 0.9419999718666077, 0.9350000023841858, 0.9269999861717224, 0.9290000200271606, 0.9300000071525574, 0.9300000071525574, 0.9290000200271606, 0.9259999990463257, 0.921999990940094, 0.9129999876022339, 0.9110000133514404, 0.9160000085830688, 0.9160000085830688, 0.9129999876022339, 0.9079999923706055, 0.906000018119812, 0.8960000276565552, 0.8930000066757202, 0.8999999761581421, 0.8999999761581421, 0.8920000195503235, 0.8889999985694885, 0.8899999856948853, 0.8880000114440918, 0.8820000290870667, 0.8830000162124634, 0.8799999952316284, 0.8700000047683716, 0.8669999837875366, 0.8669999837875366, 0.8679999709129333, 0.8679999709129333, 0.8640000224113464, 0.8610000014305115, 0.8619999885559082, 0.8619999885559082, 0.8600000143051147, 0.859000027179718, 0.8539999723434448, 0.8519999980926514, 0.8510000109672546, 0.8529999852180481, 0.8500000238418579, 0.8479999899864197, 0.843999981880188, 0.8429999947547913, 0.8420000076293945, 0.8410000205039978, 0.8399999737739563, 0.8399999737739563, 0.8299999833106995, 0.8270000219345093, 0.8270000219345093, 0.828000009059906, 0.8190000057220459, 0.8220000267028809, 0.8159999847412109, 0.8140000104904175, 0.8109999895095825, 0.8069999814033508, 0.8040000200271606, 0.8059999942779541, 0.8040000200271606, 0.8019999861717224, 0.800000011920929, 0.800000011920929, 0.7950000166893005, 0.7919999957084656, 0.7839999794960022, 0.7850000262260437, 0.7829999923706055, 0.7789999842643738, 0.7749999761581421, 0.777999997138977, 0.777999997138977, 0.777999997138977, 0.7720000147819519, 0.7699999809265137, 0.7670000195503235, 0.7630000114440918, 0.7620000243186951, 0.7620000243186951, 0.7609999775886536, 0.7609999775886536, 0.7540000081062317, 0.7459999918937683, 0.75, 0.746999979019165, 0.7369999885559082, 0.7329999804496765, 0.7369999885559082, 0.7379999756813049, 0.7379999756813049, 0.734000027179718, 0.734000027179718, 0.734000027179718, 0.734000027179718, 0.7239999771118164, 0.7279999852180481, 0.7329999804496765, 0.7239999771118164, 0.722000002861023, 0.7200000286102295, 0.7170000076293945, 0.7129999995231628, 0.6990000009536743, 0.7020000219345093, 0.7059999704360962, 0.7059999704360962, 0.703000009059906, 0.7059999704360962, 0.6990000009536743, 0.6990000009536743, 0.6930000185966492, 0.6909999847412109, 0.6919999718666077, 0.6899999976158142, 0.6890000104904175, 0.6890000104904175, 0.6840000152587891, 0.6759999990463257, 0.6769999861717224, 0.6759999990463257, 0.671999990940094, 0.6690000295639038, 0.6710000038146973, 0.6700000166893005, 0.6710000038146973, 0.6629999876022339, 0.6620000004768372, 0.6589999794960022, 0.6600000262260437, 0.6579999923706055, 0.6600000262260437, 0.6600000262260437, 0.6610000133514404, 0.656000018119812, 0.652999997138977, 0.6520000100135803, 0.6499999761581421, 0.6449999809265137, 0.6449999809265137, 0.6449999809265137, 0.6460000276565552, 0.6480000019073486, 0.6480000019073486, 0.6439999938011169, 0.6359999775886536, 0.6359999775886536, 0.6359999775886536, 0.6380000114440918, 0.6380000114440918, 0.6399999856948853, 0.628000020980835, 0.6209999918937683, 0.6209999918937683, 0.6240000128746033, 0.6240000128746033, 0.6240000128746033, 0.621999979019165, 0.6140000224113464, 0.6110000014305115, 0.6129999756813049, 0.6129999756813049, 0.6119999885559082, 0.6019999980926514, 0.6000000238418579, 0.597000002861023, 0.5979999899864197, 0.6000000238418579, 0.6019999980926514, 0.6029999852180481, 0.593999981880188, 0.5929999947547913, 0.593999981880188, 0.5950000286102295, 0.5950000286102295, 0.5870000123977661, 0.5870000123977661, 0.5870000123977661, 0.5830000042915344, 0.5839999914169312, 0.5889999866485596, 0.5820000171661377, 0.5759999752044678, 0.5799999833106995, 0.5820000171661377, 0.5799999833106995, 0.578000009059906, 0.578000009059906, 0.578000009059906, 0.5759999752044678, 0.5720000267028809, 0.5720000267028809, 0.5720000267028809, 0.5669999718666077, 0.5630000233650208, 0.5619999766349792, 0.5619999766349792, 0.5590000152587891, 0.5569999814033508, 0.5540000200271606, 0.5559999942779541, 0.5590000152587891, 0.5609999895095825, 0.5580000281333923, 0.5559999942779541, 0.5580000281333923, 0.5580000281333923, 0.5580000281333923, 0.5559999942779541, 0.5490000247955322, 0.5540000200271606, 0.5509999990463257, 0.5509999990463257, 0.5429999828338623, 0.5400000214576721, 0.5370000004768372, 0.5360000133514404, 0.5389999747276306, 0.5429999828338623, 0.5360000133514404, 0.5360000133514404, 0.5379999876022339, 0.5379999876022339, 0.5379999876022339, 0.5339999794960022, 0.5299999713897705, 0.5320000052452087, 0.5299999713897705, 0.531000018119812, 0.5260000228881836, 0.5210000276565552, 0.5329999923706055, 0.5329999923706055, 0.527999997138977, 0.5260000228881836, 0.5249999761581421, 0.5249999761581421, 0.5299999713897705, 0.5299999713897705, 0.5199999809265137, 0.5199999809265137, 0.5199999809265137, 0.5139999985694885, 0.5130000114440918, 0.5120000243186951, 0.5120000243186951, 0.5109999775886536, 0.5230000019073486, 0.5170000195503235, 0.5109999775886536, 0.5109999775886536, 0.5059999823570251, 0.5090000033378601, 0.5230000019073486, 0.5170000195503235, 0.5090000033378601, 0.5040000081062317, 0.503000020980835, 0.5019999742507935, 0.5019999742507935, 0.503000020980835, 0.5019999742507935, 0.5019999742507935, 0.5049999952316284, 0.5080000162124634, 0.5049999952316284, 0.5009999871253967, 0.5019999742507935, 0.5009999871253967, 0.5009999871253967, 0.5040000081062317, 0.5, 0.5019999742507935, 0.5040000081062317, 0.5049999952316284, 0.5049999952316284, 0.5040000081062317, 0.49900001287460327, 0.49900001287460327, 0.5009999871253967, 0.4959999918937683, 0.49399998784065247, 0.49399998784065247, 0.5009999871253967, 0.5009999871253967, 0.4959999918937683, 0.492000013589859, 0.4950000047683716, 0.49799999594688416, 0.4970000088214874, 0.4970000088214874, 0.5, 0.5059999823570251, 0.4950000047683716, 0.4909999966621399, 0.4959999918937683, 0.4959999918937683, 0.4959999918937683, 0.503000020980835, 0.5070000290870667, 0.5, 0.4950000047683716, 0.5, 0.4950000047683716, 0.5009999871253967, 0.49799999594688416, 0.492000013589859, 0.4909999966621399, 0.4909999966621399, 0.5, 0.5070000290870667, 0.5049999952316284, 0.49000000953674316, 0.492000013589859, 0.4950000047683716, 0.5, 0.5009999871253967, 0.5019999742507935, 0.5009999871253967, 0.4950000047683716, 0.49300000071525574, 0.49300000071525574, 0.49399998784065247, 0.4950000047683716, 0.49000000953674316, 0.48899999260902405, 0.4860000014305115, 0.4830000102519989, 0.4860000014305115, 0.48100000619888306, 0.4860000014305115, 0.49300000071525574, 0.4959999918937683, 0.4959999918937683, 0.4959999918937683, 0.4950000047683716, 0.49300000071525574, 0.4909999966621399, 0.4869999885559082, 0.4869999885559082, 0.492000013589859, 0.49300000071525574, 0.49300000071525574, 0.4959999918937683, 0.492000013589859, 0.48899999260902405, 0.4970000088214874, 0.49399998784065247, 0.4860000014305115, 0.49300000071525574, 0.49900001287460327, 0.4959999918937683, 0.4860000014305115, 0.49000000953674316, 0.49399998784065247, 0.49000000953674316, 0.49000000953674316, 0.492000013589859, 0.49000000953674316, 0.49300000071525574, 0.492000013589859, 0.4970000088214874, 0.4970000088214874, 0.4950000047683716, 0.49000000953674316, 0.49000000953674316, 0.5049999952316284, 0.5049999952316284, 0.5, 0.49900001287460327, 0.49900001287460327, 0.4970000088214874, 0.49399998784065247, 0.492000013589859, 0.49399998784065247, 0.49799999594688416, 0.49799999594688416, 0.5040000081062317, 0.503000020980835, 0.5, 0.49799999594688416, 0.5049999952316284, 0.5099999904632568, 0.5120000243186951, 0.5120000243186951, 0.5099999904632568, 0.5109999775886536, 0.5109999775886536, 0.5070000290870667, 0.5049999952316284, 0.5049999952316284, 0.5139999985694885, 0.5180000066757202, 0.5220000147819519, 0.527999997138977, 0.5139999985694885, 0.5080000162124634, 0.5080000162124634, 0.5109999775886536, 0.5130000114440918, 0.5130000114440918, 0.5139999985694885, 0.515999972820282, 0.5239999890327454, 0.5249999761581421, 0.5170000195503235, 0.5180000066757202, 0.5239999890327454, 0.5239999890327454, 0.5210000276565552, 0.5220000147819519, 0.5270000100135803, 0.5270000100135803, 0.527999997138977, 0.531000018119812, 0.5270000100135803, 0.5270000100135803, 0.5299999713897705, 0.5299999713897705, 0.5329999923706055, 0.5360000133514404, 0.5370000004768372, 0.5389999747276306, 0.5419999957084656, 0.5429999828338623, 0.546999990940094, 0.546999990940094, 0.5479999780654907, 0.5460000038146973, 0.546999990940094, 0.5460000038146973, 0.5419999957084656, 0.5429999828338623, 0.5429999828338623, 0.5509999990463257, 0.5550000071525574, 0.5509999990463257, 0.5460000038146973, 0.5460000038146973, 0.5479999780654907, 0.5509999990463257, 0.5509999990463257, 0.5509999990463257, 0.5550000071525574, 0.5540000200271606, 0.5580000281333923, 0.5619999766349792, 0.5619999766349792, 0.5619999766349792, 0.5640000104904175, 0.5680000185966492, 0.5720000267028809, 0.5730000138282776, 0.5690000057220459, 0.5659999847412109, 0.5649999976158142, 0.5680000185966492, 0.578000009059906, 0.578000009059906, 0.5740000009536743, 0.5680000185966492, 0.5709999799728394, 0.5740000009536743, 0.5740000009536743, 0.5799999833106995, 0.5849999785423279, 0.5879999995231628, 0.5870000123977661, 0.5830000042915344, 0.5870000123977661, 0.5920000076293945, 0.5920000076293945, 0.5889999866485596, 0.5879999995231628, 0.5929999947547913, 0.597000002861023, 0.5989999771118164, 0.5979999899864197, 0.593999981880188, 0.5889999866485596, 0.5899999737739563, 0.5950000286102295, 0.5929999947547913, 0.6100000143051147, 0.6129999756813049, 0.6150000095367432, 0.6110000014305115, 0.6110000014305115, 0.6159999966621399, 0.6359999775886536, 0.6359999775886536, 0.6389999985694885, 0.6340000033378601, 0.6340000033378601, 0.6389999985694885, 0.6420000195503235, 0.6460000276565552, 0.6499999761581421, 0.652999997138977, 0.6589999794960022, 0.6620000004768372, 0.6690000295639038, 0.6690000295639038, 0.6650000214576721, 0.6650000214576721]
intensities: [1123.0, 1094.0, 1121.0, 1149.0, 1189.0, 1239.0, 1239.0, 1306.0, 1325.0, 1385.0, 1383.0, 1427.0, 1429.0, 1356.0, 1312.0, 1224.0, 1128.0, 1026.0, 799.0, 872.0, 905.0, 995.0, 1087.0, 1096.0, 1117.0, 1096.0, 1078.0, 1050.0, 1079.0, 1080.0, 1129.0, 1250.0, 1307.0, 1388.0, 1427.0, 1472.0, 1534.0, 1530.0, 1592.0, 1579.0, 1604.0, 1588.0, 1584.0, 1628.0, 1631.0, 1631.0, 1613.0, 1624.0, 1623.0, 1637.0, 1637.0, 1634.0, 1632.0, 1616.0, 1603.0, 1626.0, 1639.0, 1637.0, 1626.0, 1630.0, 1627.0, 1644.0, 1615.0, 1634.0, 1634.0, 1620.0, 1630.0, 1644.0, 1644.0, 1624.0, 1617.0, 1618.0, 1602.0, 1602.0, 1596.0, 1609.0, 1602.0, 1596.0, 1601.0, 1581.0, 1569.0, 1592.0, 1611.0, 1591.0, 1576.0, 1574.0, 1580.0, 1583.0, 1583.0, 1580.0, 1572.0, 1591.0, 1587.0, 1571.0, 1560.0, 1566.0, 1555.0, 1547.0, 1538.0, 1543.0, 1536.0, 1511.0, 1511.0, 1521.0, 1535.0, 1538.0, 1531.0, 1546.0, 1569.0, 1538.0, 1531.0, 1540.0, 1521.0, 1515.0, 1509.0, 1513.0, 1508.0, 1508.0, 1508.0, 1513.0, 1518.0, 1506.0, 1506.0, 1508.0, 1489.0, 1485.0, 1485.0, 1505.0, 1505.0, 1488.0, 1468.0, 1473.0, 1476.0, 1468.0, 1468.0, 1467.0, 1472.0, 1448.0, 1468.0, 1448.0, 1432.0, 1437.0, 1446.0, 1428.0, 1427.0, 1420.0, 1415.0, 1422.0, 1412.0, 1412.0, 1398.0, 1391.0, 1383.0, 1380.0, 1371.0, 1356.0, 1350.0, 1333.0, 1331.0, 1347.0, 1332.0, 1328.0, 1333.0, 1306.0, 1325.0, 1325.0, 1321.0, 1330.0, 1330.0, 1308.0, 1293.0, 1296.0, 1296.0, 1300.0, 1275.0, 1271.0, 1270.0, 1267.0, 1267.0, 1266.0, 1254.0, 1254.0, 1254.0, 1252.0, 1254.0, 1247.0, 1244.0, 1244.0, 1244.0, 1252.0, 1252.0, 1241.0, 1243.0, 1244.0, 1246.0, 1236.0, 1213.0, 1237.0, 1232.0, 1232.0, 1225.0, 1236.0, 1237.0, 1239.0, 1232.0, 1215.0, 1232.0, 1227.0, 1222.0, 1211.0, 1211.0, 1249.0, 1250.0, 1209.0, 1201.0, 1201.0, 1183.0, 1197.0, 1193.0, 1195.0, 1195.0, 1193.0, 1187.0, 1187.0, 1192.0, 1192.0, 1183.0, 1193.0, 1178.0, 1175.0, 1173.0, 1171.0, 1167.0, 1170.0, 1177.0, 1178.0, 1169.0, 1166.0, 1166.0, 1160.0, 1156.0, 1154.0, 1154.0, 1170.0, 1157.0, 1139.0, 1139.0, 1138.0, 1139.0, 1151.0, 1140.0, 1141.0, 1121.0, 1121.0, 1123.0, 1131.0, 1139.0, 1149.0, 1116.0, 1115.0, 1115.0, 1117.0, 1158.0, 1122.0, 1128.0, 1123.0, 1103.0, 1097.0, 1097.0, 1104.0, 1096.0, 1099.0, 1099.0, 1096.0, 1100.0, 1106.0, 1120.0, 1123.0, 1096.0, 1100.0, 1103.0, 1086.0, 1081.0, 1067.0, 1061.0, 1042.0, 1012.0, 967.0, 827.0, 534.0, 887.0, 896.0, 891.0, 896.0, 916.0, 898.0, 902.0, 903.0, 898.0, 894.0, 883.0, 884.0, 889.0, 894.0, 902.0, 890.0, 888.0, 895.0, 889.0, 896.0, 893.0, 891.0, 900.0, 899.0, 905.0, 901.0, 902.0, 901.0, 898.0, 906.0, 893.0, 908.0, 893.0, 894.0, 898.0, 899.0, 897.0, 902.0, 897.0, 889.0, 892.0, 892.0, 895.0, 903.0, 897.0, 895.0, 884.0, 890.0, 888.0, 871.0, 869.0, 880.0, 876.0, 860.0, 872.0, 854.0, 848.0, 854.0, 886.0, 883.0, 866.0, 871.0, 888.0, 903.0, 914.0, 923.0, 926.0, 932.0, 932.0, 936.0, 934.0, 946.0, 945.0, 950.0, 961.0, 950.0, 958.0, 946.0, 970.0, 952.0, 965.0, 952.0, 952.0, 963.0, 968.0, 966.0, 977.0, 980.0, 979.0, 989.0, 990.0, 990.0, 998.0, 1001.0, 1004.0, 1015.0, 1006.0, 1022.0, 1001.0, 1007.0, 1001.0, 1008.0, 1025.0, 1027.0, 1023.0, 1033.0, 1024.0, 1036.0, 1036.0, 1043.0, 1046.0, 1051.0, 1058.0, 1061.0, 1067.0, 1057.0, 1050.0, 1068.0, 1076.0, 1067.0, 1086.0, 1077.0, 1091.0, 1084.0, 1094.0, 1098.0, 1083.0, 1086.0, 1116.0, 1105.0, 1111.0, 1100.0, 1112.0, 1110.0, 1113.0, 1104.0, 1105.0, 1112.0, 1094.0, 1108.0, 1085.0, 1094.0, 1098.0, 1106.0, 1101.0, 1117.0, 1115.0, 1116.0, 1113.0, 1128.0, 1129.0, 1107.0, 1133.0, 1124.0, 1120.0, 1110.0, 1122.0, 1126.0, 1124.0, 1126.0, 1134.0, 1128.0, 1129.0, 1137.0, 1140.0, 1144.0, 1155.0, 1160.0, 1160.0, 1174.0, 1186.0, 1180.0, 1195.0, 1189.0, 1203.0, 1215.0, 1228.0, 1223.0, 1223.0, 1230.0, 1232.0, 1223.0, 1223.0, 1234.0, 1247.0, 1245.0, 1243.0, 1246.0, 1247.0, 1249.0, 1251.0, 1253.0, 1272.0, 1266.0, 1259.0, 1269.0, 1272.0, 1275.0, 1280.0, 1272.0, 1280.0, 1278.0, 1296.0, 1289.0, 1295.0, 1320.0, 1305.0, 1312.0, 1304.0, 1313.0, 1313.0, 1325.0, 1323.0, 1321.0, 1330.0, 1337.0, 1349.0, 1343.0, 1338.0, 1316.0, 1324.0, 1323.0, 1325.0, 1326.0, 1322.0, 1326.0, 1325.0, 1330.0, 1332.0, 1333.0, 1325.0, 1336.0, 1324.0, 1313.0, 1322.0, 1332.0, 1337.0, 1333.0, 1345.0, 1333.0, 1326.0, 1345.0, 1331.0, 1345.0, 1361.0, 1341.0, 1364.0, 1361.0, 1358.0, 1346.0, 1338.0, 1355.0, 1349.0, 1355.0, 1358.0, 1360.0, 1376.0, 1376.0, 1361.0, 1377.0, 1366.0, 1368.0, 1371.0, 1397.0, 1400.0, 1384.0, 1378.0, 1391.0, 1397.0, 1399.0, 1396.0, 1396.0, 1407.0, 1401.0, 1401.0, 1407.0, 1402.0, 1412.0, 1412.0, 1414.0, 1416.0, 1411.0, 1412.0, 1411.0, 1414.0, 1422.0, 1421.0, 1413.0, 1418.0, 1418.0, 1409.0, 1424.0, 1413.0, 1440.0, 1422.0, 1420.0, 1417.0, 1418.0, 1416.0, 1412.0, 1410.0, 1422.0, 1416.0, 1413.0, 1424.0, 1426.0, 1428.0, 1432.0, 1425.0, 1431.0, 1440.0, 1449.0, 1448.0, 1450.0, 1459.0, 1443.0, 1441.0, 1424.0, 1438.0, 1462.0, 1459.0, 1463.0, 1477.0, 1474.0, 1467.0, 1465.0, 1472.0, 1475.0, 1479.0, 1469.0, 1464.0, 1470.0, 1465.0, 1465.0, 1461.0, 1458.0, 1462.0, 1478.0, 1480.0, 1480.0, 1487.0, 1488.0, 1488.0, 1490.0, 1483.0, 1487.0, 1483.0, 1476.0, 1474.0, 1474.0, 1484.0, 1494.0, 1513.0, 1505.0, 1518.0, 1518.0, 1518.0, 1515.0, 1519.0, 1525.0, 1525.0, 1529.0, 1532.0, 1524.0, 1544.0, 1544.0, 1538.0, 1537.0, 1543.0, 1544.0, 1542.0, 1544.0, 1553.0, 1553.0, 1563.0, 1549.0, 1567.0, 1579.0, 1595.0, 1579.0, 1577.0, 1567.0, 1576.0, 1584.0, 1574.0, 1577.0, 1578.0, 1568.0, 1568.0, 1593.0, 1589.0, 1585.0, 1577.0, 1580.0, 1584.0, 1600.0, 1600.0, 1583.0, 1593.0, 1602.0, 1607.0, 1613.0, 1619.0, 1607.0, 1607.0, 1595.0, 1613.0, 1620.0, 1608.0, 1621.0, 1607.0, 1609.0, 1598.0, 1593.0, 1600.0, 1612.0, 1618.0, 1603.0, 1603.0, 1605.0, 1637.0, 1644.0, 1637.0, 1628.0, 1616.0, 1616.0, 1631.0, 1632.0, 1616.0, 1620.0, 1628.0, 1612.0, 1620.0, 1620.0, 1620.0, 1623.0, 1621.0, 1612.0, 1628.0, 1628.0, 1619.0, 1614.0, 1614.0, 1606.0, 1612.0, 1629.0, 1615.0, 1615.0, 1618.0, 1598.0, 1608.0, 1613.0, 1611.0, 1603.0, 1600.0, 1591.0, 1614.0, 1603.0, 1607.0, 1596.0, 1612.0, 1627.0, 1608.0, 1589.0, 1595.0, 1589.0, 1587.0, 1585.0, 1580.0, 1590.0, 1597.0, 1602.0, 1605.0, 1605.0, 1592.0, 1595.0, 1585.0, 1585.0, 1570.0, 1570.0, 1577.0, 1555.0, 1555.0, 1573.0, 1563.0, 1557.0, 1564.0, 1573.0, 1581.0, 1537.0, 1547.0, 1552.0, 1552.0, 1560.0, 1553.0, 1545.0, 1543.0, 1545.0, 1545.0, 1570.0, 1567.0, 1531.0, 1547.0, 1547.0, 1564.0, 1529.0, 1529.0, 1528.0, 1534.0, 1534.0, 1564.0, 1557.0, 1563.0, 1542.0, 1539.0, 1548.0, 1558.0, 1550.0, 1550.0, 1547.0, 1553.0, 1553.0, 1529.0, 1522.0, 1522.0, 1526.0, 1530.0, 1534.0, 1542.0, 1558.0, 1552.0, 1559.0, 1577.0, 1543.0, 1534.0, 1539.0, 1539.0, 1536.0, 1533.0, 1559.0, 1552.0, 1524.0, 1521.0, 1511.0, 1502.0, 1512.0, 1512.0, 1508.0, 1509.0, 1506.0, 1504.0, 1491.0, 1474.0, 1478.0, 1479.0, 1483.0, 1485.0, 1484.0, 1500.0, 1476.0, 1490.0, 1484.0, 1470.0, 1470.0, 1470.0, 1473.0, 1470.0, 1475.0, 1475.0, 1473.0, 1473.0, 1467.0, 1471.0, 1466.0, 1462.0, 1449.0, 1452.0, 1443.0, 1446.0, 1418.0, 1407.0, 1420.0, 1417.0, 1415.0, 1394.0, 1388.0, 1387.0, 1400.0, 1392.0, 1402.0, 1404.0, 1378.0, 1382.0, 1389.0, 1403.0, 1392.0, 1379.0, 1364.0, 1401.0, 1396.0, 1382.0, 1389.0, 1361.0, 1369.0, 1360.0, 1356.0, 1373.0, 1373.0, 1351.0, 1330.0, 1341.0, 1327.0, 1330.0, 1351.0, 1322.0, 1331.0, 1341.0, 1341.0, 1340.0, 1342.0, 1336.0, 1330.0, 1338.0, 1341.0, 1331.0, 1331.0, 1329.0, 1333.0, 1337.0, 1334.0, 1329.0, 1324.0, 1316.0, 1315.0, 1295.0, 1299.0, 1293.0, 1282.0, 1275.0, 1282.0, 1290.0, 1274.0, 1265.0, 1258.0, 1246.0, 1265.0, 1248.0, 1251.0, 1251.0, 1259.0, 1246.0, 1246.0, 1261.0, 1261.0, 1242.0, 1245.0, 1242.0, 1243.0, 1236.0, 1227.0, 1240.0, 1224.0, 1224.0, 1216.0, 1223.0, 1238.0, 1230.0, 1239.0, 1220.0, 1228.0, 1236.0, 1240.0, 1248.0, 1253.0, 1245.0, 1242.0, 1242.0, 1230.0, 1236.0, 1238.0, 1256.0, 1248.0, 1237.0, 1240.0, 1255.0, 1248.0, 1249.0, 1244.0, 1236.0, 1256.0, 1266.0, 1258.0, 1263.0, 1256.0, 1262.0, 1274.0, 1280.0, 1283.0, 1283.0, 1280.0, 1292.0, 1274.0, 1263.0, 1255.0, 1255.0, 1262.0, 1277.0, 1285.0, 1299.0, 1294.0, 1298.0, 1306.0, 1313.0, 1315.0, 1268.0, 1284.0, 1294.0, 1317.0, 1321.0, 1313.0, 1292.0, 1302.0, 1296.0, 1318.0, 1314.0, 1307.0, 1317.0, 1331.0, 1325.0, 1324.0, 1313.0, 1324.0, 1326.0, 1326.0, 1318.0, 1351.0, 1331.0, 1356.0, 1345.0, 1333.0, 1348.0, 1360.0, 1337.0, 1360.0, 1364.0, 1350.0, 1341.0, 1346.0, 1350.0, 1352.0, 1349.0, 1366.0, 1385.0, 1371.0, 1360.0, 1355.0, 1359.0, 1359.0, 1368.0, 1358.0, 1357.0, 1359.0, 1369.0, 1369.0, 1354.0, 1357.0, 1353.0, 1346.0, 1350.0, 1345.0, 1356.0, 1371.0, 1360.0, 1360.0, 1356.0, 1340.0, 1340.0, 1347.0, 1336.0, 1334.0, 1337.0, 1359.0, 1363.0, 1366.0, 1375.0, 1367.0, 1364.0, 1368.0, 1377.0, 1364.0, 1364.0]