header: 
  seq: 1269
  stamp: 
    secs: 1548820788
    nsecs: 873975599
  frame_id: "base_link"
angle_min: -2.35619449615
angle_max: 2.35619449615
angle_increment: 0.00436332309619
time_increment: 1.73611151695e-05
scan_time: 0.0250000003725
range_min: 0.019999999553
range_max: 30.0
ranges: [0.5189999938011169, 0.5180000066757202, 0.5270000100135803, 0.5170000195503235, 0.5230000019073486, 0.5199999809265137, 0.5149999856948853, 0.5070000290870667, 0.5090000033378601, 0.5070000290870667, 0.5080000162124634, 0.5070000290870667, 0.503000020980835, 0.49000000953674316, 0.4729999899864197, 0.4569999873638153, 0.41200000047683716, 0.35600000619888306, 0.289000004529953, 0.34299999475479126, 0.3490000069141388, 0.41600000858306885, 0.4569999873638153, 0.4749999940395355, 0.4830000102519989, 0.48100000619888306, 0.4819999933242798, 0.47699999809265137, 0.4779999852180481, 0.4659999907016754, 0.46399998664855957, 0.45899999141693115, 0.46000000834465027, 0.46399998664855957, 0.46399998664855957, 0.4580000042915344, 0.46399998664855957, 0.46399998664855957, 0.46399998664855957, 0.4580000042915344, 0.4519999921321869, 0.45100000500679016, 0.4569999873638153, 0.4519999921321869, 0.4480000138282776, 0.4519999921321869, 0.4569999873638153, 0.4480000138282776, 0.4410000145435333, 0.4390000104904175, 0.4390000104904175, 0.4269999861717224, 0.4180000126361847, 0.4230000078678131, 0.4300000071525574, 0.42500001192092896, 0.42500001192092896, 0.4230000078678131, 0.421999990940094, 0.4129999876022339, 0.41100001335144043, 0.4169999957084656, 0.4180000126361847, 0.41600000858306885, 0.41600000858306885, 0.4169999957084656, 0.4090000092983246, 0.40400001406669617, 0.39800000190734863, 0.3959999978542328, 0.39500001072883606, 0.39500001072883606, 0.39500001072883606, 0.4050000011920929, 0.4020000100135803, 0.4009999930858612, 0.39899998903274536, 0.4000000059604645, 0.39899998903274536, 0.39899998903274536, 0.3930000066757202, 0.3919999897480011, 0.39100000262260437, 0.38999998569488525, 0.38600000739097595, 0.3840000033378601, 0.3840000033378601, 0.38600000739097595, 0.3840000033378601, 0.38100001215934753, 0.3799999952316284, 0.3799999952316284, 0.3799999952316284, 0.3799999952316284, 0.3799999952316284, 0.36800000071525574, 0.367000013589859, 0.367000013589859, 0.3720000088214874, 0.3709999918937683, 0.3720000088214874, 0.37400001287460327, 0.3659999966621399, 0.367000013589859, 0.3720000088214874, 0.36899998784065247, 0.3659999966621399, 0.36399999260902405, 0.36399999260902405, 0.3630000054836273, 0.3630000054836273, 0.3630000054836273, 0.3630000054836273, 0.36500000953674316, 0.36899998784065247, 0.36800000071525574, 0.36399999260902405, 0.35199999809265137, 0.3529999852180481, 0.3540000021457672, 0.36000001430511475, 0.36000001430511475, 0.3580000102519989, 0.36000001430511475, 0.35199999809265137, 0.35100001096725464, 0.3499999940395355, 0.3499999940395355, 0.3499999940395355, 0.35499998927116394, 0.35499998927116394, 0.3569999933242798, 0.35899999737739563, 0.35100001096725464, 0.3490000069141388, 0.34700000286102295, 0.35199999809265137, 0.35600000619888306, 0.35600000619888306, 0.3490000069141388, 0.3529999852180481, 0.36000001430511475, 0.3580000102519989, 0.3499999940395355, 0.34599998593330383, 0.3490000069141388, 0.3490000069141388, 0.35100001096725464, 0.35100001096725464, 0.3529999852180481, 0.35600000619888306, 0.35499998927116394, 0.35499998927116394, 0.3479999899864197, 0.34299999475479126, 0.34599998593330383, 0.3409999907016754, 0.34200000762939453, 0.3529999852180481, 0.35100001096725464, 0.3490000069141388, 0.3479999899864197, 0.3479999899864197, 0.3409999907016754, 0.3490000069141388, 0.34700000286102295, 0.3449999988079071, 0.34299999475479126, 0.3440000116825104, 0.34200000762939453, 0.3409999907016754, 0.3409999907016754, 0.34599998593330383, 0.3370000123977661, 0.3409999907016754, 0.34200000762939453, 0.3499999940395355, 0.3449999988079071, 0.3409999907016754, 0.34299999475479126, 0.3400000035762787, 0.3449999988079071, 0.3479999899864197, 0.3440000116825104, 0.3529999852180481, 0.3529999852180481, 0.3529999852180481, 0.3499999940395355, 0.3499999940395355, 0.3580000102519989, 0.35499998927116394, 0.3619999885559082, 0.3610000014305115, 0.3630000054836273, 0.367000013589859, 0.367000013589859, 0.367000013589859, 0.3790000081062317, 0.37700000405311584, 0.3779999911785126, 0.37700000405311584, 0.3880000114440918, 0.3930000066757202, 0.3959999978542328, 0.4020000100135803, 0.4050000011920929, 0.4189999997615814, 0.41600000858306885, 0.4099999964237213, 0.41499999165534973, 0.42500001192092896, 0.42800000309944153, 0.4300000071525574, 0.44200000166893005, 0.44999998807907104, 0.44999998807907104, 0.4819999933242798, 0.5049999952316284, 0.5260000228881836, 0.546999990940094, 0.5759999752044678, 0.6159999966621399, 0.6430000066757202, 0.7039999961853027, 0.7509999871253967, 0.8100000023841858, 0.8730000257492065, 0.9819999933242798, 1.0709999799728394, 1.225000023841858, 1.4579999446868896, 1.6729999780654907, 1.8550000190734863, 1.9730000495910645, 2.872999906539917, 2.882999897003174, 2.8910000324249268, 2.8929998874664307, 2.8959999084472656, 2.8940000534057617, 2.8910000324249268, 2.8910000324249268, 2.8910000324249268, 2.88700008392334, 2.884000062942505, 2.884999990463257, 2.878000020980835, 2.877000093460083, 2.875999927520752, 2.871999979019165, 2.869999885559082, 2.869999885559082, 2.869999885559082, 2.871000051498413, 2.868000030517578, 2.867000102996826, 2.86299991607666, 2.8580000400543213, 2.8550000190734863, 2.8529999256134033, 2.8519999980926514, 2.8570001125335693, 2.8459999561309814, 2.8420000076293945, 2.8350000381469727, 2.825000047683716, 2.819000005722046, 2.816999912261963, 2.818000078201294, 2.809000015258789, 2.809000015258789, 2.809000015258789, 2.809000015258789, 2.799999952316284, 2.799999952316284, 2.7909998893737793, 2.7769999504089355, 2.7679998874664307, 2.76200008392334, 2.75600004196167, 2.74399995803833, 2.740000009536743, 2.740999937057495, 2.7309999465942383, 2.7260000705718994, 2.7079999446868896, 2.7039999961853027, 2.696000099182129, 2.690999984741211, 2.690999984741211, 2.687000036239624, 2.680000066757202, 2.6610000133514404, 2.6570000648498535, 2.6500000953674316, 2.6440000534057617, 2.634999990463257, 2.624000072479248, 2.614000082015991, 2.6050000190734863, 2.5910000801086426, 2.5880000591278076, 2.5739998817443848, 2.565000057220459, 2.562999963760376, 2.5439999103546143, 2.5329999923706055, 2.5269999504089355, 2.5160000324249268, 2.502000093460083, 2.492000102996826, 2.4790000915527344, 2.4649999141693115, 2.450000047683716, 2.440999984741211, 2.427999973297119, 2.4130001068115234, 2.4100000858306885, 2.384999990463257, 2.369999885559082, 2.3570001125335693, 2.3480000495910645, 2.328000068664551, 2.316999912261963, 2.303999900817871, 2.2820000648498535, 2.257999897003174, 2.240999937057495, 2.2149999141693115, 2.1989998817443848, 2.1670000553131104, 2.1610000133514404, 2.138000011444092, 2.1050000190734863, 2.0859999656677246, 2.069999933242798, 2.052999973297119, 2.0360000133514404, 2.0250000953674316, 2.003999948501587, 1.9730000495910645, 1.965999960899353, 1.940999984741211, 1.9199999570846558, 1.9110000133514404, 1.8969999551773071, 1.86899995803833, 1.8630000352859497, 1.840000033378601, 1.8259999752044678, 1.809000015258789, 1.7990000247955322, 1.781000018119812, 1.7640000581741333, 1.7510000467300415, 1.7380000352859497, 1.722000002861023, 1.7070000171661377, 1.6920000314712524, 1.6820000410079956, 1.6649999618530273, 1.6549999713897705, 1.6339999437332153, 1.63100004196167, 1.61899995803833, 1.6050000190734863, 1.5980000495910645, 1.5920000076293945, 1.5750000476837158, 1.5570000410079956, 1.5479999780654907, 1.5399999618530273, 1.5269999504089355, 1.5190000534057617, 1.5110000371932983, 1.5049999952316284, 1.4980000257492065, 1.4919999837875366, 1.4759999513626099, 1.4630000591278076, 1.4559999704360962, 1.4509999752044678, 1.4470000267028809, 1.440000057220459, 1.4220000505447388, 1.4179999828338623, 1.409000039100647, 1.402999997138977, 1.3869999647140503, 1.3819999694824219, 1.3760000467300415, 1.3680000305175781, 1.3589999675750732, 1.3519999980926514, 1.3389999866485596, 1.3350000381469727, 1.3320000171661377, 1.3259999752044678, 1.312999963760376, 1.3040000200271606, 1.2960000038146973, 1.2929999828338623, 1.2879999876022339, 1.284000039100647, 1.2719999551773071, 1.2640000581741333, 1.2610000371932983, 1.253000020980835, 1.24399995803833, 1.2380000352859497, 1.2350000143051147, 1.2350000143051147, 1.2269999980926514, 1.218999981880188, 1.2130000591278076, 1.2089999914169312, 1.2029999494552612, 1.1979999542236328, 1.1890000104904175, 1.1829999685287476, 1.1759999990463257, 1.1749999523162842, 1.1629999876022339, 1.1540000438690186, 1.1519999504089355, 1.149999976158142, 1.1449999809265137, 1.1410000324249268, 1.1410000324249268, 1.1369999647140503, 1.13100004196167, 1.1200000047683716, 1.1130000352859497, 1.1169999837875366, 1.1169999837875366, 1.1100000143051147, 1.1080000400543213, 1.1059999465942383, 1.1009999513626099, 1.1030000448226929, 1.1030000448226929, 1.0959999561309814, 1.0870000123977661, 1.0829999446868896, 1.0829999446868896, 1.0829999446868896, 1.0720000267028809, 1.069000005722046, 1.065999984741211, 1.0640000104904175, 1.062000036239624, 1.062999963760376, 1.0549999475479126, 1.0449999570846558, 1.0440000295639038, 1.0429999828338623, 1.0420000553131104, 1.031999945640564, 1.034000039100647, 1.0360000133514404, 1.031999945640564, 1.0269999504089355, 1.0260000228881836, 1.0160000324249268, 1.0149999856948853, 1.0149999856948853, 1.0190000534057617, 1.0130000114440918, 1.0069999694824219, 1.0010000467300415, 0.9950000047683716, 0.9940000176429749, 0.9950000047683716, 0.9950000047683716, 0.9890000224113464, 0.9850000143051147, 0.984000027179718, 0.984000027179718, 0.9829999804496765, 0.9760000109672546, 0.9789999723434448, 0.9779999852180481, 0.9789999723434448, 0.968999981880188, 0.9610000252723694, 0.9610000252723694, 0.9610000252723694, 0.9570000171661377, 0.953000009059906, 0.9570000171661377, 0.9589999914169312, 0.9559999704360962, 0.9549999833106995, 0.9459999799728394, 0.9459999799728394, 0.9480000138282776, 0.949999988079071, 0.9390000104904175, 0.9380000233650208, 0.9409999847412109, 0.9369999766349792, 0.9330000281333923, 0.9309999942779541, 0.9300000071525574, 0.9290000200271606, 0.925000011920929, 0.9259999990463257, 0.9259999990463257, 0.921999990940094, 0.9129999876022339, 0.9110000133514404, 0.9139999747276306, 0.9169999957084656, 0.9169999957084656, 0.9129999876022339, 0.9110000133514404, 0.9110000133514404, 0.9110000133514404, 0.902999997138977, 0.9020000100135803, 0.9020000100135803, 0.9020000100135803, 0.9020000100135803, 0.902999997138977, 0.902999997138977, 0.902999997138977, 0.8999999761581421, 0.8930000066757202, 0.8920000195503235, 0.8920000195503235, 0.8899999856948853, 0.8899999856948853, 0.8859999775886536, 0.8859999775886536, 0.8849999904632568, 0.8809999823570251, 0.878000020980835, 0.878000020980835, 0.878000020980835, 0.8769999742507935, 0.871999979019165, 0.871999979019165, 0.875, 0.8759999871253967, 0.8740000128746033, 0.871999979019165, 0.871999979019165, 0.8730000257492065, 0.875, 0.8740000128746033, 0.859000027179718, 0.8529999852180481, 0.8600000143051147, 0.8600000143051147, 0.8529999852180481, 0.8519999980926514, 0.8529999852180481, 0.8479999899864197, 0.847000002861023, 0.8519999980926514, 0.8519999980926514, 0.8450000286102295, 0.843999981880188, 0.8429999947547913, 0.8429999947547913, 0.8410000205039978, 0.8420000076293945, 0.8450000286102295, 0.8399999737739563, 0.8379999995231628, 0.8360000252723694, 0.8370000123977661, 0.8370000123977661, 0.8339999914169312, 0.8299999833106995, 0.8309999704360962, 0.8299999833106995, 0.828000009059906, 0.8190000057220459, 0.8190000057220459, 0.8270000219345093, 0.8270000219345093, 0.8199999928474426, 0.8159999847412109, 0.8140000104904175, 0.8169999718666077, 0.8130000233650208, 0.8090000152587891, 0.8009999990463257, 0.8009999990463257, 0.8050000071525574, 0.8029999732971191, 0.8040000200271606, 0.8059999942779541, 0.8059999942779541, 0.7990000247955322, 0.7950000166893005, 0.7950000166893005, 0.7979999780654907, 0.7979999780654907, 0.7979999780654907, 0.7940000295639038, 0.7900000214576721, 0.7860000133514404, 0.7889999747276306, 0.7900000214576721, 0.7860000133514404, 0.7860000133514404, 0.7860000133514404, 0.7860000133514404, 0.7850000262260437, 0.7789999842643738, 0.7789999842643738, 0.7770000100135803, 0.7799999713897705, 0.777999997138977, 0.7760000228881836, 0.7770000100135803, 0.777999997138977, 0.777999997138977, 0.7739999890327454, 0.7699999809265137, 0.7689999938011169, 0.7739999890327454, 0.7609999775886536, 0.7590000033378601, 0.7590000033378601, 0.7620000243186951, 0.7639999985694885, 0.7639999985694885, 0.7649999856948853, 0.7609999775886536, 0.7490000128746033, 0.7490000128746033, 0.7540000081062317, 0.7549999952316284, 0.7509999871253967, 0.7509999871253967, 0.7480000257492065, 0.7490000128746033, 0.746999979019165, 0.7390000224113464, 0.7429999709129333, 0.7440000176429749, 0.7459999918937683, 0.7419999837875366, 0.7350000143051147, 0.7269999980926514, 0.7319999933242798, 0.7279999852180481, 0.7350000143051147, 0.7369999885559082, 0.734000027179718, 0.7350000143051147, 0.7379999756813049, 0.734000027179718, 0.7300000190734863, 0.7300000190734863, 0.7229999899864197, 0.7229999899864197, 0.7250000238418579, 0.7300000190734863, 0.7300000190734863, 0.7239999771118164, 0.7239999771118164, 0.7239999771118164, 0.7229999899864197, 0.7210000157356262, 0.7120000123977661, 0.7110000252723694, 0.7139999866485596, 0.7149999737739563, 0.7110000252723694, 0.7070000171661377, 0.7049999833106995, 0.7070000171661377, 0.7039999961853027, 0.6990000009536743, 0.6990000009536743, 0.7020000219345093, 0.7049999833106995, 0.7020000219345093, 0.7020000219345093, 0.7020000219345093, 0.7049999833106995, 0.7020000219345093, 0.6940000057220459, 0.6880000233650208, 0.6890000104904175, 0.6930000185966492, 0.6930000185966492, 0.6940000057220459, 0.6940000057220459, 0.6959999799728394, 0.6949999928474426, 0.6949999928474426, 0.6899999976158142, 0.6890000104904175, 0.6890000104904175, 0.6869999766349792, 0.6840000152587891, 0.6869999766349792, 0.6890000104904175, 0.6830000281333923, 0.6830000281333923, 0.6790000200271606, 0.675000011920929, 0.675000011920929, 0.6769999861717224, 0.6830000281333923, 0.6779999732971191, 0.671999990940094, 0.6700000166893005, 0.6700000166893005, 0.6710000038146973, 0.6710000038146973, 0.671999990940094, 0.6679999828338623, 0.6710000038146973, 0.6679999828338623, 0.6669999957084656, 0.6660000085830688, 0.6669999957084656, 0.6650000214576721, 0.6620000004768372, 0.6629999876022339, 0.6650000214576721, 0.6600000262260437, 0.656000018119812, 0.6589999794960022, 0.6620000004768372, 0.6589999794960022, 0.6679999828338623, 0.6620000004768372, 0.656000018119812, 0.656000018119812, 0.6570000052452087, 0.6539999842643738, 0.6480000019073486, 0.6570000052452087, 0.656000018119812, 0.6549999713897705, 0.6510000228881836, 0.6480000019073486, 0.6470000147819519, 0.6470000147819519, 0.6470000147819519, 0.6470000147819519, 0.6480000019073486, 0.6480000019073486, 0.6549999713897705, 0.6480000019073486, 0.6389999985694885, 0.6439999938011169, 0.6470000147819519, 0.6480000019073486, 0.6420000195503235, 0.6389999985694885, 0.6370000243186951, 0.6370000243186951, 0.6370000243186951, 0.6399999856948853, 0.6399999856948853, 0.6399999856948853, 0.6380000114440918, 0.6380000114440918, 0.6380000114440918, 0.6359999775886536, 0.6359999775886536, 0.6359999775886536, 0.6370000243186951, 0.6380000114440918, 0.6399999856948853, 0.6399999856948853, 0.6359999775886536, 0.6340000033378601, 0.6320000290870667, 0.6349999904632568, 0.6359999775886536, 0.6349999904632568, 0.625, 0.6240000128746033, 0.6240000128746033, 0.6240000128746033, 0.6269999742507935, 0.6299999952316284, 0.6299999952316284, 0.628000020980835, 0.625, 0.621999979019165, 0.6259999871253967, 0.6349999904632568, 0.6179999709129333, 0.6140000224113464, 0.6150000095367432, 0.6190000176429749, 0.6209999918937683, 0.6179999709129333, 0.6209999918937683, 0.6200000047683716, 0.6179999709129333, 0.6129999756813049, 0.6140000224113464, 0.6140000224113464, 0.6140000224113464, 0.6129999756813049, 0.6129999756813049, 0.621999979019165, 0.6169999837875366, 0.6129999756813049, 0.6119999885559082, 0.6140000224113464, 0.6129999756813049, 0.6119999885559082, 0.6159999966621399, 0.6119999885559082, 0.6110000014305115, 0.609000027179718, 0.6100000143051147, 0.6069999933242798, 0.6050000190734863, 0.6150000095367432, 0.6050000190734863, 0.6050000190734863, 0.6119999885559082, 0.6140000224113464, 0.6119999885559082, 0.6029999852180481, 0.6029999852180481, 0.6050000190734863, 0.6050000190734863, 0.6079999804496765, 0.6039999723434448, 0.6079999804496765, 0.6079999804496765, 0.6079999804496765, 0.6050000190734863, 0.6050000190734863, 0.6050000190734863, 0.6069999933242798, 0.6029999852180481, 0.6029999852180481, 0.6029999852180481, 0.6039999723434448, 0.6019999980926514, 0.5989999771118164, 0.6019999980926514, 0.609000027179718, 0.6019999980926514, 0.5989999771118164, 0.5960000157356262, 0.5989999771118164, 0.6039999723434448, 0.6050000190734863, 0.6039999723434448, 0.5979999899864197, 0.5979999899864197, 0.6019999980926514, 0.6019999980926514, 0.5979999899864197, 0.5979999899864197, 0.5979999899864197, 0.6010000109672546, 0.6010000109672546, 0.6029999852180481, 0.6079999804496765, 0.5960000157356262, 0.5979999899864197, 0.6000000238418579, 0.6029999852180481, 0.597000002861023, 0.5950000286102295, 0.5950000286102295, 0.5960000157356262, 0.593999981880188, 0.593999981880188, 0.5950000286102295, 0.5929999947547913, 0.593999981880188, 0.593999981880188, 0.593999981880188, 0.5960000157356262, 0.593999981880188, 0.5910000205039978, 0.5910000205039978, 0.593999981880188, 0.5950000286102295, 0.597000002861023, 0.5920000076293945, 0.5920000076293945, 0.5929999947547913, 0.5950000286102295, 0.5979999899864197, 0.5979999899864197, 0.597000002861023, 0.597000002861023, 0.5899999737739563, 0.5899999737739563, 0.5910000205039978, 0.5899999737739563, 0.597000002861023, 0.5989999771118164, 0.5960000157356262, 0.5950000286102295, 0.5920000076293945, 0.593999981880188, 0.5960000157356262, 0.5960000157356262, 0.597000002861023, 0.597000002861023, 0.5950000286102295, 0.5879999995231628, 0.5879999995231628, 0.5920000076293945, 0.5920000076293945, 0.5929999947547913, 0.5889999866485596, 0.5929999947547913, 0.5929999947547913, 0.5910000205039978, 0.5899999737739563, 0.5899999737739563, 0.5889999866485596, 0.5889999866485596, 0.5899999737739563, 0.5899999737739563, 0.5889999866485596, 0.5849999785423279, 0.5849999785423279, 0.5849999785423279, 0.5870000123977661, 0.5839999914169312, 0.5860000252723694, 0.5929999947547913, 0.5929999947547913, 0.5929999947547913, 0.5910000205039978, 0.5920000076293945, 0.5899999737739563, 0.5899999737739563, 0.5929999947547913, 0.5870000123977661, 0.5870000123977661, 0.5889999866485596, 0.5920000076293945, 0.5849999785423279, 0.5860000252723694, 0.5860000252723694, 0.5920000076293945, 0.5920000076293945, 0.5870000123977661, 0.5899999737739563, 0.5929999947547913, 0.5910000205039978, 0.5870000123977661, 0.5860000252723694, 0.5929999947547913, 0.5929999947547913, 0.6000000238418579, 0.5929999947547913, 0.5979999899864197, 0.5849999785423279, 0.5950000286102295, 0.6000000238418579, 0.5989999771118164, 0.5950000286102295, 0.5979999899864197, 0.5979999899864197, 0.5879999995231628, 0.5920000076293945, 0.5830000042915344, 0.5920000076293945, 0.5870000123977661, 0.5860000252723694, 0.5849999785423279, 0.5889999866485596, 0.5849999785423279, 0.5849999785423279, 0.5929999947547913, 0.593999981880188, 0.593999981880188, 0.593999981880188, 0.597000002861023, 0.597000002861023, 0.5950000286102295, 0.593999981880188, 0.593999981880188, 0.5989999771118164, 0.6029999852180481, 0.6000000238418579, 0.597000002861023, 0.5960000157356262, 0.5960000157356262, 0.5950000286102295, 0.5960000157356262, 0.597000002861023, 0.6019999980926514, 0.6050000190734863, 0.6050000190734863, 0.6050000190734863, 0.6000000238418579, 0.6060000061988831, 0.6060000061988831, 0.6079999804496765, 0.6079999804496765, 0.6060000061988831, 0.6060000061988831, 0.6060000061988831, 0.6039999723434448, 0.6010000109672546, 0.6039999723434448, 0.6019999980926514, 0.6050000190734863, 0.6050000190734863, 0.6000000238418579, 0.6000000238418579, 0.6079999804496765, 0.6069999933242798, 0.6029999852180481, 0.5989999771118164, 0.609000027179718, 0.6190000176429749, 0.6159999966621399, 0.6029999852180481, 0.6000000238418579, 0.6000000238418579, 0.5989999771118164, 0.6000000238418579, 0.6000000238418579, 0.6010000109672546, 0.6019999980926514, 0.6079999804496765, 0.6079999804496765, 0.6050000190734863, 0.6039999723434448, 0.6079999804496765, 0.609000027179718, 0.6079999804496765, 0.6159999966621399, 0.6159999966621399, 0.6110000014305115, 0.6129999756813049, 0.6159999966621399, 0.6150000095367432, 0.6100000143051147, 0.6100000143051147, 0.6129999756813049, 0.6129999756813049, 0.609000027179718, 0.609000027179718, 0.609000027179718, 0.6159999966621399, 0.6119999885559082, 0.6100000143051147, 0.6119999885559082, 0.6119999885559082, 0.6129999756813049, 0.6159999966621399, 0.6169999837875366, 0.6259999871253967, 0.625, 0.625, 0.6240000128746033, 0.628000020980835, 0.6380000114440918, 0.6359999775886536, 0.6380000114440918, 0.6399999856948853, 0.6399999856948853, 0.6399999856948853, 0.6430000066757202, 0.6470000147819519, 0.6470000147819519, 0.6480000019073486, 0.6499999761581421, 0.6520000100135803, 0.6549999713897705, 0.6539999842643738, 0.6589999794960022, 0.6589999794960022, 0.6600000262260437]
intensities: [1031.0, 1016.0, 1087.0, 1074.0, 1125.0, 1121.0, 1141.0, 1156.0, 1205.0, 1200.0, 1236.0, 1250.0, 1251.0, 1232.0, 1158.0, 1125.0, 1080.0, 936.0, 796.0, 900.0, 892.0, 992.0, 1037.0, 1051.0, 1050.0, 1032.0, 1017.0, 994.0, 1023.0, 1132.0, 1134.0, 1150.0, 1214.0, 1293.0, 1390.0, 1366.0, 1431.0, 1442.0, 1442.0, 1469.0, 1480.0, 1474.0, 1477.0, 1467.0, 1457.0, 1473.0, 1490.0, 1464.0, 1461.0, 1481.0, 1493.0, 1479.0, 1485.0, 1481.0, 1489.0, 1489.0, 1480.0, 1482.0, 1470.0, 1460.0, 1459.0, 1489.0, 1467.0, 1482.0, 1482.0, 1475.0, 1433.0, 1444.0, 1430.0, 1432.0, 1447.0, 1447.0, 1445.0, 1442.0, 1431.0, 1428.0, 1431.0, 1406.0, 1420.0, 1438.0, 1439.0, 1432.0, 1452.0, 1431.0, 1412.0, 1427.0, 1421.0, 1402.0, 1418.0, 1408.0, 1414.0, 1412.0, 1417.0, 1417.0, 1417.0, 1407.0, 1403.0, 1403.0, 1417.0, 1422.0, 1406.0, 1390.0, 1413.0, 1395.0, 1400.0, 1404.0, 1417.0, 1428.0, 1428.0, 1418.0, 1400.0, 1391.0, 1391.0, 1383.0, 1401.0, 1412.0, 1405.0, 1408.0, 1414.0, 1411.0, 1397.0, 1397.0, 1393.0, 1418.0, 1391.0, 1386.0, 1403.0, 1396.0, 1396.0, 1387.0, 1387.0, 1398.0, 1410.0, 1385.0, 1416.0, 1443.0, 1436.0, 1398.0, 1398.0, 1405.0, 1411.0, 1404.0, 1401.0, 1399.0, 1404.0, 1400.0, 1388.0, 1380.0, 1364.0, 1356.0, 1357.0, 1343.0, 1333.0, 1324.0, 1320.0, 1324.0, 1275.0, 1274.0, 1277.0, 1269.0, 1262.0, 1268.0, 1268.0, 1246.0, 1250.0, 1229.0, 1239.0, 1230.0, 1221.0, 1211.0, 1198.0, 1198.0, 1188.0, 1159.0, 1166.0, 1155.0, 1148.0, 1154.0, 1149.0, 1139.0, 1120.0, 1104.0, 1121.0, 1108.0, 1138.0, 1140.0, 1139.0, 1128.0, 1122.0, 1124.0, 1102.0, 1128.0, 1106.0, 1101.0, 1093.0, 1076.0, 1076.0, 1122.0, 1103.0, 1113.0, 1091.0, 1096.0, 1093.0, 1082.0, 1081.0, 1068.0, 1056.0, 1053.0, 1041.0, 1046.0, 1055.0, 1059.0, 1064.0, 1094.0, 1100.0, 1057.0, 941.0, 930.0, 939.0, 936.0, 930.0, 913.0, 886.0, 863.0, 883.0, 847.0, 776.0, 742.0, 746.0, 716.0, 908.0, 1063.0, 1246.0, 1385.0, 934.0, 935.0, 929.0, 927.0, 930.0, 930.0, 929.0, 928.0, 929.0, 919.0, 910.0, 919.0, 932.0, 933.0, 931.0, 931.0, 932.0, 932.0, 930.0, 933.0, 934.0, 929.0, 931.0, 929.0, 935.0, 942.0, 937.0, 944.0, 929.0, 941.0, 936.0, 931.0, 931.0, 932.0, 943.0, 932.0, 932.0, 937.0, 942.0, 941.0, 945.0, 940.0, 930.0, 941.0, 941.0, 935.0, 933.0, 931.0, 939.0, 939.0, 938.0, 930.0, 941.0, 932.0, 934.0, 930.0, 946.0, 942.0, 934.0, 935.0, 940.0, 924.0, 929.0, 928.0, 936.0, 943.0, 930.0, 935.0, 931.0, 928.0, 933.0, 917.0, 926.0, 928.0, 920.0, 912.0, 918.0, 912.0, 929.0, 904.0, 910.0, 911.0, 908.0, 916.0, 917.0, 905.0, 904.0, 908.0, 908.0, 903.0, 912.0, 914.0, 898.0, 896.0, 894.0, 905.0, 909.0, 910.0, 905.0, 888.0, 880.0, 893.0, 905.0, 923.0, 921.0, 933.0, 933.0, 931.0, 928.0, 921.0, 933.0, 933.0, 928.0, 947.0, 945.0, 943.0, 943.0, 964.0, 949.0, 969.0, 967.0, 969.0, 973.0, 974.0, 984.0, 981.0, 982.0, 989.0, 1001.0, 1013.0, 1024.0, 1028.0, 1016.0, 1012.0, 1007.0, 1015.0, 1018.0, 1013.0, 1022.0, 1040.0, 1032.0, 1023.0, 1056.0, 1045.0, 1044.0, 1051.0, 1063.0, 1063.0, 1086.0, 1090.0, 1080.0, 1098.0, 1089.0, 1102.0, 1107.0, 1104.0, 1111.0, 1104.0, 1105.0, 1110.0, 1102.0, 1102.0, 1100.0, 1106.0, 1106.0, 1110.0, 1113.0, 1116.0, 1111.0, 1123.0, 1124.0, 1123.0, 1122.0, 1123.0, 1123.0, 1106.0, 1104.0, 1107.0, 1103.0, 1107.0, 1109.0, 1111.0, 1107.0, 1133.0, 1126.0, 1141.0, 1138.0, 1139.0, 1140.0, 1129.0, 1127.0, 1126.0, 1137.0, 1133.0, 1163.0, 1160.0, 1189.0, 1190.0, 1182.0, 1198.0, 1198.0, 1217.0, 1224.0, 1244.0, 1239.0, 1272.0, 1271.0, 1271.0, 1274.0, 1282.0, 1285.0, 1285.0, 1276.0, 1280.0, 1281.0, 1288.0, 1290.0, 1314.0, 1299.0, 1296.0, 1307.0, 1321.0, 1326.0, 1331.0, 1324.0, 1325.0, 1333.0, 1341.0, 1345.0, 1372.0, 1382.0, 1386.0, 1389.0, 1388.0, 1410.0, 1406.0, 1412.0, 1408.0, 1417.0, 1411.0, 1422.0, 1416.0, 1441.0, 1441.0, 1414.0, 1430.0, 1431.0, 1423.0, 1439.0, 1450.0, 1481.0, 1481.0, 1481.0, 1480.0, 1473.0, 1461.0, 1474.0, 1481.0, 1484.0, 1488.0, 1487.0, 1473.0, 1459.0, 1479.0, 1479.0, 1469.0, 1486.0, 1494.0, 1493.0, 1489.0, 1515.0, 1506.0, 1512.0, 1508.0, 1545.0, 1529.0, 1535.0, 1507.0, 1502.0, 1502.0, 1495.0, 1500.0, 1512.0, 1519.0, 1525.0, 1520.0, 1520.0, 1523.0, 1513.0, 1518.0, 1523.0, 1526.0, 1526.0, 1533.0, 1536.0, 1536.0, 1542.0, 1542.0, 1525.0, 1526.0, 1536.0, 1535.0, 1541.0, 1546.0, 1551.0, 1545.0, 1561.0, 1561.0, 1557.0, 1565.0, 1571.0, 1561.0, 1554.0, 1559.0, 1564.0, 1572.0, 1567.0, 1575.0, 1575.0, 1575.0, 1572.0, 1576.0, 1569.0, 1578.0, 1581.0, 1579.0, 1584.0, 1579.0, 1589.0, 1584.0, 1580.0, 1584.0, 1582.0, 1582.0, 1590.0, 1590.0, 1592.0, 1588.0, 1588.0, 1592.0, 1589.0, 1597.0, 1588.0, 1589.0, 1593.0, 1596.0, 1589.0, 1589.0, 1591.0, 1591.0, 1592.0, 1594.0, 1595.0, 1597.0, 1595.0, 1595.0, 1596.0, 1600.0, 1582.0, 1587.0, 1576.0, 1588.0, 1600.0, 1593.0, 1591.0, 1593.0, 1578.0, 1603.0, 1604.0, 1603.0, 1602.0, 1604.0, 1607.0, 1607.0, 1610.0, 1613.0, 1602.0, 1600.0, 1592.0, 1550.0, 1574.0, 1560.0, 1612.0, 1612.0, 1613.0, 1608.0, 1606.0, 1599.0, 1605.0, 1614.0, 1615.0, 1616.0, 1616.0, 1625.0, 1619.0, 1621.0, 1616.0, 1618.0, 1620.0, 1628.0, 1636.0, 1648.0, 1645.0, 1651.0, 1639.0, 1640.0, 1648.0, 1636.0, 1657.0, 1664.0, 1666.0, 1658.0, 1663.0, 1649.0, 1674.0, 1665.0, 1671.0, 1688.0, 1662.0, 1654.0, 1684.0, 1674.0, 1672.0, 1670.0, 1681.0, 1681.0, 1675.0, 1692.0, 1692.0, 1690.0, 1690.0, 1688.0, 1690.0, 1699.0, 1700.0, 1701.0, 1710.0, 1716.0, 1718.0, 1730.0, 1711.0, 1704.0, 1706.0, 1710.0, 1714.0, 1712.0, 1711.0, 1692.0, 1692.0, 1712.0, 1723.0, 1717.0, 1718.0, 1711.0, 1712.0, 1698.0, 1698.0, 1711.0, 1716.0, 1698.0, 1703.0, 1720.0, 1706.0, 1718.0, 1741.0, 1730.0, 1714.0, 1732.0, 1741.0, 1713.0, 1713.0, 1724.0, 1724.0, 1719.0, 1717.0, 1727.0, 1706.0, 1710.0, 1710.0, 1717.0, 1735.0, 1735.0, 1742.0, 1735.0, 1735.0, 1746.0, 1731.0, 1723.0, 1728.0, 1734.0, 1733.0, 1744.0, 1756.0, 1729.0, 1721.0, 1700.0, 1710.0, 1700.0, 1710.0, 1717.0, 1716.0, 1714.0, 1732.0, 1731.0, 1731.0, 1741.0, 1714.0, 1717.0, 1695.0, 1716.0, 1719.0, 1707.0, 1721.0, 1724.0, 1736.0, 1703.0, 1706.0, 1734.0, 1714.0, 1726.0, 1699.0, 1717.0, 1729.0, 1707.0, 1706.0, 1696.0, 1690.0, 1693.0, 1691.0, 1688.0, 1694.0, 1694.0, 1694.0, 1683.0, 1672.0, 1679.0, 1686.0, 1693.0, 1699.0, 1695.0, 1674.0, 1680.0, 1683.0, 1682.0, 1671.0, 1682.0, 1676.0, 1676.0, 1678.0, 1680.0, 1678.0, 1685.0, 1675.0, 1670.0, 1677.0, 1678.0, 1674.0, 1675.0, 1661.0, 1667.0, 1667.0, 1679.0, 1676.0, 1665.0, 1664.0, 1671.0, 1668.0, 1660.0, 1647.0, 1636.0, 1636.0, 1629.0, 1625.0, 1650.0, 1643.0, 1642.0, 1619.0, 1634.0, 1621.0, 1631.0, 1628.0, 1608.0, 1594.0, 1612.0, 1593.0, 1592.0, 1592.0, 1610.0, 1610.0, 1610.0, 1610.0, 1598.0, 1589.0, 1589.0, 1588.0, 1583.0, 1583.0, 1570.0, 1584.0, 1562.0, 1566.0, 1569.0, 1583.0, 1592.0, 1531.0, 1528.0, 1543.0, 1556.0, 1539.0, 1522.0, 1518.0, 1514.0, 1516.0, 1517.0, 1514.0, 1508.0, 1488.0, 1507.0, 1505.0, 1496.0, 1514.0, 1490.0, 1490.0, 1475.0, 1475.0, 1489.0, 1474.0, 1468.0, 1466.0, 1471.0, 1443.0, 1441.0, 1456.0, 1460.0, 1447.0, 1437.0, 1443.0, 1443.0, 1440.0, 1428.0, 1429.0, 1429.0, 1429.0, 1403.0, 1416.0, 1432.0, 1429.0, 1418.0, 1429.0, 1429.0, 1429.0, 1405.0, 1406.0, 1416.0, 1406.0, 1406.0, 1416.0, 1408.0, 1397.0, 1394.0, 1385.0, 1391.0, 1357.0, 1355.0, 1369.0, 1354.0, 1362.0, 1368.0, 1367.0, 1363.0, 1359.0, 1352.0, 1366.0, 1366.0, 1366.0, 1366.0, 1364.0, 1339.0, 1339.0, 1352.0, 1346.0, 1333.0, 1330.0, 1334.0, 1334.0, 1336.0, 1338.0, 1329.0, 1332.0, 1332.0, 1312.0, 1312.0, 1330.0, 1319.0, 1315.0, 1315.0, 1307.0, 1304.0, 1298.0, 1333.0, 1328.0, 1330.0, 1313.0, 1319.0, 1310.0, 1310.0, 1335.0, 1337.0, 1327.0, 1301.0, 1330.0, 1302.0, 1329.0, 1329.0, 1303.0, 1303.0, 1301.0, 1305.0, 1312.0, 1313.0, 1310.0, 1322.0, 1317.0, 1330.0, 1309.0, 1323.0, 1323.0, 1334.0, 1327.0, 1301.0, 1309.0, 1324.0, 1318.0, 1309.0, 1255.0, 1280.0, 1237.0, 1334.0, 1350.0, 1348.0, 1321.0, 1332.0, 1339.0, 1339.0, 1355.0, 1348.0, 1340.0, 1340.0, 1343.0, 1343.0, 1339.0, 1349.0, 1343.0, 1358.0, 1370.0, 1370.0, 1359.0, 1363.0, 1368.0, 1371.0, 1370.0, 1382.0, 1380.0, 1382.0, 1384.0, 1391.0, 1387.0, 1382.0, 1384.0, 1386.0, 1388.0, 1385.0, 1387.0, 1396.0, 1391.0, 1386.0, 1382.0, 1408.0, 1406.0, 1406.0, 1423.0, 1423.0, 1423.0, 1426.0, 1421.0, 1426.0, 1418.0, 1410.0, 1414.0, 1423.0, 1428.0, 1426.0, 1426.0, 1426.0, 1427.0, 1424.0, 1435.0, 1431.0, 1431.0, 1426.0, 1433.0, 1433.0, 1435.0, 1428.0, 1443.0, 1450.0, 1440.0, 1441.0, 1442.0, 1461.0, 1437.0, 1437.0, 1456.0, 1456.0, 1450.0, 1485.0, 1492.0, 1480.0, 1483.0, 1494.0, 1476.0, 1484.0, 1489.0, 1489.0, 1476.0, 1504.0, 1472.0, 1495.0, 1485.0, 1493.0, 1483.0, 1483.0, 1479.0, 1477.0, 1477.0, 1465.0, 1475.0, 1480.0, 1480.0, 1474.0, 1489.0, 1475.0, 1472.0, 1477.0, 1470.0, 1465.0, 1466.0]