header: 
  seq: 1313
  stamp: 
    secs: 1548820789
    nsecs: 977668965
  frame_id: "base_link"
angle_min: -2.35619449615
angle_max: 2.35619449615
angle_increment: 0.00436332309619
time_increment: 1.73611151695e-05
scan_time: 0.0250000003725
range_min: 0.019999999553
range_max: 30.0
ranges: [0.367000013589859, 0.37700000405311584, 0.39500001072883606, 0.3869999945163727, 0.3880000114440918, 0.3930000066757202, 0.3930000066757202, 0.39100000262260437, 0.38600000739097595, 0.3880000114440918, 0.3930000066757202, 0.39500001072883606, 0.3959999978542328, 0.38499999046325684, 0.3790000081062317, 0.3659999966621399, 0.3569999933242798, 0.35199999809265137, 0.29600000381469727, 0.3269999921321869, 0.30799999833106995, 0.37700000405311584, 0.3790000081062317, 0.38100001215934753, 0.38199999928474426, 0.38999998569488525, 0.38199999928474426, 0.37400001287460327, 0.38199999928474426, 0.3659999966621399, 0.38499999046325684, 0.3840000033378601, 0.38499999046325684, 0.39500001072883606, 0.4059999883174896, 0.4050000011920929, 0.3959999978542328, 0.3959999978542328, 0.39500001072883606, 0.3930000066757202, 0.39100000262260437, 0.39100000262260437, 0.3869999945163727, 0.38499999046325684, 0.3869999945163727, 0.3930000066757202, 0.39500001072883606, 0.39500001072883606, 0.3919999897480011, 0.38999998569488525, 0.38600000739097595, 0.3840000033378601, 0.39399999380111694, 0.39399999380111694, 0.3930000066757202, 0.3889999985694885, 0.3930000066757202, 0.3959999978542328, 0.3959999978542328, 0.3880000114440918, 0.3880000114440918, 0.39399999380111694, 0.39399999380111694, 0.3970000147819519, 0.3970000147819519, 0.3840000033378601, 0.3840000033378601, 0.3919999897480011, 0.39100000262260437, 0.39100000262260437, 0.3930000066757202, 0.3959999978542328, 0.39500001072883606, 0.40700000524520874, 0.40299999713897705, 0.4090000092983246, 0.40700000524520874, 0.40299999713897705, 0.3959999978542328, 0.3959999978542328, 0.3959999978542328, 0.39399999380111694, 0.39399999380111694, 0.3959999978542328, 0.4050000011920929, 0.4050000011920929, 0.39899998903274536, 0.39899998903274536, 0.39899998903274536, 0.4000000059604645, 0.4020000100135803, 0.4050000011920929, 0.4059999883174896, 0.40400001406669617, 0.4050000011920929, 0.40299999713897705, 0.40700000524520874, 0.41100001335144043, 0.40799999237060547, 0.40700000524520874, 0.4059999883174896, 0.40700000524520874, 0.40700000524520874, 0.40799999237060547, 0.40400001406669617, 0.40299999713897705, 0.40299999713897705, 0.40799999237060547, 0.41200000047683716, 0.4169999957084656, 0.4129999876022339, 0.4129999876022339, 0.41100001335144043, 0.41100001335144043, 0.41100001335144043, 0.4169999957084656, 0.41499999165534973, 0.4129999876022339, 0.41100001335144043, 0.41600000858306885, 0.4090000092983246, 0.4169999957084656, 0.4189999997615814, 0.421999990940094, 0.42899999022483826, 0.4230000078678131, 0.4180000126361847, 0.42399999499320984, 0.42899999022483826, 0.4300000071525574, 0.42899999022483826, 0.42899999022483826, 0.42800000309944153, 0.42800000309944153, 0.43299999833106995, 0.43700000643730164, 0.43700000643730164, 0.4350000023841858, 0.43799999356269836, 0.43700000643730164, 0.4390000104904175, 0.4399999976158142, 0.4399999976158142, 0.4359999895095825, 0.4339999854564667, 0.4359999895095825, 0.44200000166893005, 0.4410000145435333, 0.44600000977516174, 0.44699999690055847, 0.4449999928474426, 0.4399999976158142, 0.44200000166893005, 0.44200000166893005, 0.4440000057220459, 0.4410000145435333, 0.4390000104904175, 0.4440000057220459, 0.4480000138282776, 0.44699999690055847, 0.4440000057220459, 0.44699999690055847, 0.44699999690055847, 0.45100000500679016, 0.45500001311302185, 0.4560000002384186, 0.45500001311302185, 0.453000009059906, 0.45899999141693115, 0.45899999141693115, 0.4580000042915344, 0.46000000834465027, 0.4620000123977661, 0.4650000035762787, 0.4620000123977661, 0.4620000123977661, 0.4650000035762787, 0.46399998664855957, 0.4620000123977661, 0.46299999952316284, 0.4650000035762787, 0.4659999907016754, 0.4659999907016754, 0.4659999907016754, 0.46299999952316284, 0.46799999475479126, 0.4729999899864197, 0.4740000069141388, 0.47699999809265137, 0.4830000102519989, 0.4860000014305115, 0.48399999737739563, 0.4819999933242798, 0.48399999737739563, 0.4869999885559082, 0.48899999260902405, 0.49399998784065247, 0.4950000047683716, 0.48899999260902405, 0.49900001287460327, 0.492000013589859, 0.5, 0.5009999871253967, 0.5070000290870667, 0.5109999775886536, 0.5109999775886536, 0.5080000162124634, 0.5149999856948853, 0.5170000195503235, 0.5189999938011169, 0.5220000147819519, 0.5220000147819519, 0.527999997138977, 0.5239999890327454, 0.5289999842643738, 0.5339999794960022, 0.5379999876022339, 0.5379999876022339, 0.5339999794960022, 0.5360000133514404, 0.546999990940094, 0.5529999732971191, 0.5479999780654907, 0.5519999861717224, 0.5540000200271606, 0.5590000152587891, 0.5590000152587891, 0.5590000152587891, 0.5609999895095825, 0.5609999895095825, 0.5669999718666077, 0.578000009059906, 0.5799999833106995, 0.5759999752044678, 0.578000009059906, 0.5889999866485596, 0.597000002861023, 0.5950000286102295, 0.5950000286102295, 0.5989999771118164, 0.6039999723434448, 0.6110000014305115, 0.6179999709129333, 0.6190000176429749, 0.6190000176429749, 0.6209999918937683, 0.625, 0.6290000081062317, 0.6299999952316284, 0.640999972820282, 0.640999972820282, 0.6420000195503235, 0.6399999856948853, 0.6430000066757202, 0.6489999890327454, 0.6549999713897705, 0.6639999747276306, 0.6650000214576721, 0.6629999876022339, 0.6660000085830688, 0.6759999990463257, 0.6859999895095825, 0.6890000104904175, 0.6919999718666077, 0.6930000185966492, 0.6970000267028809, 0.7039999961853027, 0.7120000123977661, 0.7149999737739563, 0.7179999947547913, 0.7269999980926514, 0.7390000224113464, 0.7400000095367432, 0.7409999966621399, 0.7490000128746033, 0.7519999742507935, 0.7649999856948853, 0.7710000276565552, 0.777999997138977, 0.7829999923706055, 0.7860000133514404, 0.7900000214576721, 0.7940000295639038, 0.7990000247955322, 0.8009999990463257, 0.8069999814033508, 0.8140000104904175, 0.8299999833106995, 0.8360000252723694, 0.8420000076293945, 0.8529999852180481, 0.8529999852180481, 0.8619999885559082, 0.8690000176429749, 0.8840000033378601, 0.8899999856948853, 0.8949999809265137, 0.8949999809265137, 0.8980000019073486, 0.9039999842643738, 0.9210000038146973, 0.9269999861717224, 0.9369999766349792, 0.9480000138282776, 0.9580000042915344, 0.968999981880188, 0.9800000190734863, 0.9869999885559082, 1.0, 1.0130000114440918, 1.0290000438690186, 1.0379999876022339, 1.0470000505447388, 1.055999994277954, 1.0709999799728394, 1.0759999752044678, 1.090999960899353, 1.1050000190734863, 1.121000051498413, 1.1319999694824219, 1.1490000486373901, 1.159999966621399, 1.190999984741211, 1.1979999542236328, 1.2139999866485596, 1.225000023841858, 1.24399995803833, 1.2619999647140503, 1.2649999856948853, 1.2979999780654907, 1.312999963760376, 1.3279999494552612, 1.347000002861023, 1.3769999742507935, 1.3969999551773071, 1.4179999828338623, 1.5010000467300415, 1.6629999876022339, 2.4730000495910645, 2.4769999980926514, 2.4719998836517334, 2.4730000495910645, 2.4749999046325684, 2.4639999866485596, 2.4649999141693115, 2.4619998931884766, 2.4600000381469727, 2.4619998931884766, 2.4609999656677246, 2.4549999237060547, 2.444999933242798, 2.444999933242798, 2.446000099182129, 2.438999891281128, 2.434999942779541, 2.434999942779541, 2.438999891281128, 2.440000057220459, 2.434000015258789, 2.430000066757202, 2.427000045776367, 2.4260001182556152, 2.4260001182556152, 2.430000066757202, 2.430000066757202, 2.4240000247955322, 2.4210000038146973, 2.4230000972747803, 2.4149999618530273, 2.4140000343322754, 2.4159998893737793, 2.4179999828338623, 2.4100000858306885, 2.4089999198913574, 2.4059998989105225, 2.4000000953674316, 2.4010000228881836, 2.4010000228881836, 2.3940000534057617, 2.390000104904175, 2.38700008392334, 2.381999969482422, 2.381999969482422, 2.380000114440918, 2.378000020980835, 2.375999927520752, 2.369999885559082, 2.367000102996826, 2.3589999675750732, 2.3550000190734863, 2.3580000400543213, 2.3580000400543213, 2.3450000286102295, 2.3399999141693115, 2.3320000171661377, 2.3259999752044678, 2.3259999752044678, 2.319000005722046, 2.315000057220459, 2.315000057220459, 2.309999942779541, 2.302000045776367, 2.2950000762939453, 2.2920000553131104, 2.2829999923706055, 2.2820000648498535, 2.2720000743865967, 2.26200008392334, 2.259000062942505, 2.25600004196167, 2.246000051498413, 2.246999979019165, 2.240999937057495, 2.239000082015991, 2.2290000915527344, 2.2149999141693115, 2.2100000381469727, 2.2049999237060547, 2.194000005722046, 2.187000036239624, 2.187000036239624, 2.183000087738037, 2.1700000762939453, 2.1679999828338623, 2.1610000133514404, 2.1419999599456787, 2.134999990463257, 2.131999969482422, 2.11899995803833, 2.119999885559082, 2.1110000610351562, 2.1040000915527344, 2.0969998836517334, 2.0889999866485596, 2.0869998931884766, 2.069999933242798, 2.066999912261963, 2.055999994277954, 2.0429999828338623, 2.0369999408721924, 2.0350000858306885, 2.0269999504089355, 2.015000104904175, 2.002000093460083, 1.9910000562667847, 1.9809999465942383, 1.9809999465942383, 1.9570000171661377, 1.9479999542236328, 1.940999984741211, 1.9299999475479126, 1.9220000505447388, 1.9160000085830688, 1.9019999504089355, 1.8860000371932983, 1.871000051498413, 1.8630000352859497, 1.847000002861023, 1.8270000219345093, 1.819000005722046, 1.805999994277954, 1.7910000085830688, 1.774999976158142, 1.7680000066757202, 1.7519999742507935, 1.7300000190734863, 1.7209999561309814, 1.7100000381469727, 1.6950000524520874, 1.6649999618530273, 1.659999966621399, 1.6349999904632568, 1.6139999628067017, 1.6009999513626099, 1.5700000524520874, 1.5579999685287476, 1.527999997138977, 1.5149999856948853, 1.4930000305175781, 1.4769999980926514, 1.4700000286102295, 1.4479999542236328, 1.4359999895095825, 1.4119999408721924, 1.3949999809265137, 1.38100004196167, 1.3630000352859497, 1.3550000190734863, 1.3339999914169312, 1.3279999494552612, 1.312999963760376, 1.2960000038146973, 1.281999945640564, 1.2740000486373901, 1.2610000371932983, 1.2480000257492065, 1.2309999465942383, 1.225000023841858, 1.2050000429153442, 1.194000005722046, 1.1759999990463257, 1.1710000038146973, 1.1579999923706055, 1.1440000534057617, 1.1399999856948853, 1.1239999532699585, 1.11899995803833, 1.097000002861023, 1.0959999561309814, 1.090000033378601, 1.0800000429153442, 1.062000036239624, 1.0549999475479126, 1.0509999990463257, 1.0460000038146973, 1.0379999876022339, 1.0269999504089355, 1.0169999599456787, 1.0049999952316284, 0.9950000047683716, 0.9850000143051147, 0.9700000286102295, 0.9660000205039978, 0.9629999995231628, 0.953000009059906, 0.9490000009536743, 0.9430000185966492, 0.9409999847412109, 0.9330000281333923, 0.9279999732971191, 0.9240000247955322, 0.9190000295639038, 0.9129999876022339, 0.9089999794960022, 0.9039999842643738, 0.9020000100135803, 0.8960000276565552, 0.8830000162124634, 0.8820000290870667, 0.878000020980835, 0.8679999709129333, 0.8650000095367432, 0.8650000095367432, 0.8600000143051147, 0.8529999852180481, 0.8479999899864197, 0.843999981880188, 0.8479999899864197, 0.8399999737739563, 0.8330000042915344, 0.8339999914169312, 0.8320000171661377, 0.824999988079071, 0.8209999799728394, 0.8149999976158142, 0.8130000233650208, 0.7950000166893005, 0.7950000166893005, 0.7940000295639038, 0.7900000214576721, 0.7870000004768372, 0.7850000262260437, 0.7820000052452087, 0.7789999842643738, 0.7739999890327454, 0.7710000276565552, 0.7680000066757202, 0.7670000195503235, 0.7649999856948853, 0.7540000081062317, 0.7549999952316284, 0.746999979019165, 0.7350000143051147, 0.7319999933242798, 0.7310000061988831, 0.7149999737739563, 0.7129999995231628, 0.7129999995231628, 0.7129999995231628, 0.7110000252723694, 0.7110000252723694, 0.7089999914169312, 0.7049999833106995, 0.7049999833106995, 0.699999988079071, 0.703000009059906, 0.6970000267028809, 0.6909999847412109, 0.6869999766349792, 0.6850000023841858, 0.6819999814033508, 0.6830000281333923, 0.675000011920929, 0.675000011920929, 0.675000011920929, 0.6769999861717224, 0.6740000247955322, 0.6710000038146973, 0.6679999828338623, 0.6669999957084656, 0.6669999957084656, 0.6620000004768372, 0.6620000004768372, 0.6539999842643738, 0.6539999842643738, 0.6539999842643738, 0.6520000100135803, 0.6510000228881836, 0.6399999856948853, 0.6389999985694885, 0.6389999985694885, 0.6389999985694885, 0.6389999985694885, 0.6389999985694885, 0.6320000290870667, 0.6359999775886536, 0.6359999775886536, 0.628000020980835, 0.6240000128746033, 0.6209999918937683, 0.6209999918937683, 0.6209999918937683, 0.6209999918937683, 0.6179999709129333, 0.6129999756813049, 0.6079999804496765, 0.6129999756813049, 0.6140000224113464, 0.5960000157356262, 0.5979999899864197, 0.6000000238418579, 0.5989999771118164, 0.5989999771118164, 0.6000000238418579, 0.5950000286102295, 0.593999981880188, 0.5910000205039978, 0.5920000076293945, 0.5910000205039978, 0.5899999737739563, 0.5879999995231628, 0.5889999866485596, 0.5820000171661377, 0.5730000138282776, 0.5740000009536743, 0.5770000219345093, 0.5789999961853027, 0.5799999833106995, 0.5809999704360962, 0.5799999833106995, 0.574999988079071, 0.5699999928474426, 0.5740000009536743, 0.5799999833106995, 0.578000009059906, 0.5720000267028809, 0.5669999718666077, 0.5669999718666077, 0.5669999718666077, 0.5680000185966492, 0.5690000057220459, 0.5640000104904175, 0.5649999976158142, 0.5630000233650208, 0.5640000104904175, 0.5600000023841858, 0.5590000152587891, 0.5550000071525574, 0.5559999942779541, 0.5590000152587891, 0.5580000281333923, 0.5590000152587891, 0.5590000152587891, 0.5550000071525574, 0.5540000200271606, 0.5540000200271606, 0.5540000200271606, 0.550000011920929, 0.550000011920929, 0.546999990940094, 0.5410000085830688, 0.5400000214576721, 0.5410000085830688, 0.546999990940094, 0.5490000247955322, 0.5490000247955322, 0.5429999828338623, 0.5379999876022339, 0.5360000133514404, 0.531000018119812, 0.5360000133514404, 0.5400000214576721, 0.5360000133514404, 0.531000018119812, 0.5320000052452087, 0.531000018119812, 0.5299999713897705, 0.5299999713897705, 0.531000018119812, 0.5320000052452087, 0.5320000052452087, 0.527999997138977, 0.5249999761581421, 0.5239999890327454, 0.5379999876022339, 0.5320000052452087, 0.527999997138977, 0.5210000276565552, 0.5289999842643738, 0.5320000052452087, 0.5270000100135803, 0.5230000019073486, 0.5220000147819519, 0.5230000019073486, 0.5260000228881836, 0.5289999842643738, 0.5270000100135803, 0.5210000276565552, 0.5249999761581421, 0.5270000100135803, 0.5220000147819519, 0.5199999809265137, 0.5199999809265137, 0.5199999809265137, 0.515999972820282, 0.5239999890327454, 0.5239999890327454, 0.5199999809265137, 0.5170000195503235, 0.5139999985694885, 0.5049999952316284, 0.5049999952316284, 0.5099999904632568, 0.5149999856948853, 0.5239999890327454, 0.5220000147819519, 0.5199999809265137, 0.5139999985694885, 0.5130000114440918, 0.5130000114440918, 0.5130000114440918, 0.5130000114440918, 0.5130000114440918, 0.5120000243186951, 0.5090000033378601, 0.5139999985694885, 0.5180000066757202, 0.515999972820282, 0.5120000243186951, 0.5139999985694885, 0.5170000195503235, 0.5220000147819519, 0.515999972820282, 0.5059999823570251, 0.5090000033378601, 0.5109999775886536, 0.5149999856948853, 0.5139999985694885, 0.5130000114440918, 0.5120000243186951, 0.5149999856948853, 0.5120000243186951, 0.5120000243186951, 0.5130000114440918, 0.5149999856948853, 0.5120000243186951, 0.5130000114440918, 0.5120000243186951, 0.515999972820282, 0.5149999856948853, 0.515999972820282, 0.5099999904632568, 0.5120000243186951, 0.5139999985694885, 0.5189999938011169, 0.5180000066757202, 0.5180000066757202, 0.5170000195503235, 0.5180000066757202, 0.5230000019073486, 0.5210000276565552, 0.5149999856948853, 0.5139999985694885, 0.515999972820282, 0.5199999809265137, 0.5220000147819519, 0.5180000066757202, 0.5180000066757202, 0.5210000276565552, 0.5180000066757202, 0.5170000195503235, 0.5210000276565552, 0.5249999761581421, 0.5270000100135803, 0.5249999761581421, 0.5220000147819519, 0.5189999938011169, 0.5210000276565552, 0.5220000147819519, 0.5210000276565552, 0.5189999938011169, 0.5170000195503235, 0.5170000195503235, 0.5180000066757202, 0.5220000147819519, 0.5249999761581421, 0.5289999842643738, 0.5249999761581421, 0.5239999890327454, 0.5260000228881836, 0.5270000100135803, 0.5320000052452087, 0.5320000052452087, 0.531000018119812, 0.531000018119812, 0.527999997138977, 0.527999997138977, 0.527999997138977, 0.5289999842643738, 0.5289999842643738, 0.5350000262260437, 0.5339999794960022, 0.5379999876022339, 0.5370000004768372, 0.5400000214576721, 0.5410000085830688, 0.5410000085830688, 0.5429999828338623, 0.5410000085830688, 0.5410000085830688, 0.5379999876022339, 0.5370000004768372, 0.5389999747276306, 0.5419999957084656, 0.5450000166893005, 0.550000011920929, 0.5540000200271606, 0.5550000071525574, 0.5460000038146973, 0.5440000295639038, 0.5509999990463257, 0.5529999732971191, 0.5529999732971191, 0.5590000152587891, 0.5600000023841858, 0.5590000152587891, 0.5580000281333923, 0.5559999942779541, 0.5609999895095825, 0.5580000281333923, 0.5609999895095825, 0.5699999928474426, 0.5680000185966492, 0.5649999976158142, 0.5669999718666077, 0.5699999928474426, 0.5699999928474426, 0.5699999928474426, 0.5720000267028809, 0.5730000138282776, 0.5699999928474426, 0.5699999928474426, 0.5730000138282776, 0.5759999752044678, 0.574999988079071, 0.5730000138282776, 0.5740000009536743, 0.5830000042915344, 0.5830000042915344, 0.5830000042915344, 0.5849999785423279, 0.5899999737739563, 0.5830000042915344, 0.5809999704360962, 0.5789999961853027, 0.5830000042915344, 0.5820000171661377, 0.5839999914169312, 0.5889999866485596, 0.5889999866485596, 0.5889999866485596, 0.5910000205039978, 0.593999981880188, 0.5960000157356262, 0.5989999771118164, 0.6000000238418579, 0.6010000109672546, 0.6000000238418579, 0.6000000238418579, 0.6010000109672546, 0.6010000109672546, 0.6000000238418579, 0.609000027179718, 0.609000027179718, 0.609000027179718, 0.6140000224113464, 0.6150000095367432, 0.6159999966621399, 0.609000027179718, 0.6069999933242798, 0.6159999966621399, 0.6159999966621399, 0.6169999837875366, 0.6179999709129333, 0.6200000047683716, 0.6240000128746033, 0.621999979019165, 0.6209999918937683, 0.6200000047683716, 0.628000020980835, 0.6259999871253967, 0.6299999952316284, 0.6320000290870667, 0.621999979019165, 0.625, 0.6309999823570251, 0.6309999823570251, 0.628000020980835, 0.6320000290870667, 0.6320000290870667, 0.6389999985694885, 0.640999972820282, 0.640999972820282, 0.6420000195503235, 0.6420000195503235, 0.640999972820282, 0.6430000066757202, 0.6430000066757202, 0.6449999809265137, 0.6470000147819519, 0.6499999761581421, 0.6499999761581421, 0.6439999938011169, 0.6460000276565552, 0.6539999842643738, 0.6510000228881836, 0.6480000019073486, 0.652999997138977, 0.6589999794960022, 0.6549999713897705, 0.6589999794960022, 0.6660000085830688, 0.6660000085830688, 0.6639999747276306, 0.6639999747276306, 0.6690000295639038, 0.6690000295639038, 0.6690000295639038, 0.6660000085830688, 0.6660000085830688, 0.6660000085830688, 0.6729999780654907, 0.6790000200271606, 0.6790000200271606, 0.6790000200271606, 0.6819999814033508, 0.6800000071525574, 0.6809999942779541, 0.6800000071525574, 0.6809999942779541, 0.6859999895095825, 0.6869999766349792, 0.6890000104904175, 0.6890000104904175, 0.6990000009536743, 0.6949999928474426, 0.7009999752044678, 0.7020000219345093, 0.7039999961853027, 0.7009999752044678, 0.7059999704360962, 0.7070000171661377, 0.7129999995231628, 0.7070000171661377, 0.7080000042915344, 0.7080000042915344, 0.7120000123977661, 0.7160000205039978, 0.7120000123977661, 0.7129999995231628, 0.7160000205039978, 0.7160000205039978, 0.7210000157356262, 0.7310000061988831, 0.7269999980926514, 0.7269999980926514, 0.7260000109672546, 0.7289999723434448, 0.7319999933242798, 0.7350000143051147, 0.734000027179718, 0.7310000061988831, 0.7350000143051147, 0.7379999756813049, 0.7450000047683716, 0.7429999709129333, 0.7459999918937683, 0.7540000081062317, 0.7559999823570251, 0.7540000081062317, 0.7549999952316284, 0.7549999952316284, 0.7559999823570251, 0.7570000290870667, 0.7580000162124634, 0.7609999775886536, 0.765999972820282, 0.7680000066757202, 0.7689999938011169, 0.7680000066757202, 0.7699999809265137, 0.7710000276565552, 0.7720000147819519, 0.7670000195503235, 0.7670000195503235, 0.7639999985694885, 0.7749999761581421, 0.7749999761581421, 0.7739999890327454, 0.7739999890327454, 0.7760000228881836, 0.7770000100135803, 0.777999997138977, 0.777999997138977, 0.777999997138977, 0.7760000228881836, 0.7799999713897705, 0.781000018119812, 0.7900000214576721, 0.7870000004768372, 0.7829999923706055, 0.7820000052452087, 0.7770000100135803, 0.7760000228881836, 0.7820000052452087, 0.796999990940094, 0.8019999861717224, 0.7950000166893005, 0.7950000166893005, 0.7960000038146973, 0.8009999990463257, 0.8029999732971191, 0.8019999861717224, 0.7990000247955322, 0.800000011920929, 0.800000011920929, 0.7979999780654907, 0.7990000247955322, 0.8009999990463257, 0.8040000200271606, 0.796999990940094, 0.7990000247955322, 0.7979999780654907, 0.796999990940094, 0.7950000166893005, 0.7950000166893005, 0.7960000038146973, 0.7990000247955322, 0.800000011920929, 0.8069999814033508, 0.8190000057220459, 0.8149999976158142, 0.8180000185966492, 0.8220000267028809, 0.8220000267028809, 0.828000009059906, 0.8349999785423279, 0.8379999995231628, 0.8399999737739563, 0.8510000109672546, 0.8529999852180481, 0.8529999852180481, 0.8479999899864197, 0.8479999899864197, 0.8479999899864197, 0.8519999980926514, 0.8529999852180481, 0.8650000095367432, 0.8659999966621399, 0.8659999966621399, 0.8610000014305115]
intensities: [1114.0, 1211.0, 1363.0, 1372.0, 1467.0, 1590.0, 1610.0, 1669.0, 1673.0, 1699.0, 1710.0, 1707.0, 1691.0, 1597.0, 1521.0, 1235.0, 1128.0, 1087.0, 876.0, 953.0, 870.0, 1019.0, 1038.0, 1061.0, 1059.0, 1061.0, 1067.0, 1078.0, 1253.0, 1218.0, 1473.0, 1628.0, 1658.0, 1715.0, 1789.0, 1813.0, 1832.0, 1832.0, 1829.0, 1823.0, 1829.0, 1829.0, 1837.0, 1815.0, 1831.0, 1805.0, 1798.0, 1795.0, 1806.0, 1803.0, 1806.0, 1794.0, 1779.0, 1779.0, 1759.0, 1779.0, 1776.0, 1764.0, 1764.0, 1721.0, 1721.0, 1745.0, 1740.0, 1736.0, 1736.0, 1687.0, 1687.0, 1735.0, 1720.0, 1696.0, 1693.0, 1703.0, 1691.0, 1714.0, 1690.0, 1695.0, 1702.0, 1695.0, 1686.0, 1674.0, 1674.0, 1676.0, 1632.0, 1648.0, 1673.0, 1673.0, 1633.0, 1649.0, 1631.0, 1615.0, 1592.0, 1586.0, 1569.0, 1581.0, 1576.0, 1575.0, 1576.0, 1572.0, 1549.0, 1563.0, 1548.0, 1545.0, 1532.0, 1544.0, 1535.0, 1513.0, 1513.0, 1512.0, 1512.0, 1499.0, 1526.0, 1526.0, 1519.0, 1511.0, 1509.0, 1508.0, 1505.0, 1502.0, 1489.0, 1493.0, 1470.0, 1508.0, 1472.0, 1473.0, 1451.0, 1453.0, 1455.0, 1424.0, 1416.0, 1417.0, 1422.0, 1408.0, 1394.0, 1389.0, 1392.0, 1399.0, 1399.0, 1366.0, 1369.0, 1351.0, 1360.0, 1356.0, 1352.0, 1327.0, 1327.0, 1310.0, 1315.0, 1296.0, 1311.0, 1292.0, 1257.0, 1261.0, 1261.0, 1261.0, 1275.0, 1251.0, 1253.0, 1242.0, 1245.0, 1231.0, 1231.0, 1226.0, 1226.0, 1226.0, 1226.0, 1223.0, 1218.0, 1215.0, 1210.0, 1205.0, 1185.0, 1195.0, 1185.0, 1186.0, 1171.0, 1171.0, 1163.0, 1163.0, 1159.0, 1154.0, 1152.0, 1138.0, 1138.0, 1140.0, 1121.0, 1143.0, 1131.0, 1136.0, 1129.0, 1109.0, 1132.0, 1115.0, 1117.0, 1136.0, 1134.0, 1123.0, 1134.0, 1135.0, 1136.0, 1148.0, 1106.0, 1133.0, 1134.0, 1124.0, 1140.0, 1134.0, 1138.0, 1151.0, 1146.0, 1141.0, 1138.0, 1124.0, 1119.0, 1128.0, 1118.0, 1111.0, 1114.0, 1117.0, 1121.0, 1125.0, 1119.0, 1133.0, 1108.0, 1111.0, 1104.0, 1098.0, 1093.0, 1099.0, 1107.0, 1107.0, 1101.0, 1104.0, 1114.0, 1096.0, 1100.0, 1116.0, 1110.0, 1104.0, 1119.0, 1125.0, 1113.0, 1112.0, 1110.0, 1116.0, 1113.0, 1109.0, 1103.0, 1105.0, 1093.0, 1103.0, 1103.0, 1112.0, 1092.0, 1096.0, 1096.0, 1101.0, 1104.0, 1105.0, 1092.0, 1100.0, 1101.0, 1106.0, 1096.0, 1098.0, 1095.0, 1081.0, 1081.0, 1082.0, 1073.0, 1076.0, 1074.0, 1061.0, 1058.0, 1057.0, 1060.0, 1057.0, 1065.0, 1068.0, 1080.0, 1076.0, 1056.0, 1048.0, 1045.0, 1062.0, 1052.0, 1054.0, 1055.0, 1044.0, 1048.0, 1045.0, 1043.0, 1040.0, 1037.0, 1038.0, 1025.0, 1028.0, 1022.0, 1021.0, 1018.0, 1017.0, 1008.0, 1008.0, 1021.0, 1003.0, 996.0, 990.0, 984.0, 979.0, 990.0, 990.0, 976.0, 981.0, 985.0, 979.0, 996.0, 966.0, 967.0, 969.0, 964.0, 958.0, 957.0, 957.0, 954.0, 958.0, 947.0, 946.0, 944.0, 950.0, 936.0, 929.0, 945.0, 938.0, 946.0, 994.0, 1048.0, 1141.0, 1388.0, 1359.0, 983.0, 980.0, 980.0, 983.0, 992.0, 978.0, 987.0, 988.0, 994.0, 1000.0, 994.0, 997.0, 993.0, 1004.0, 1006.0, 990.0, 999.0, 999.0, 1006.0, 1013.0, 1005.0, 1007.0, 997.0, 996.0, 995.0, 1011.0, 1015.0, 1000.0, 1012.0, 1009.0, 1000.0, 1008.0, 1008.0, 1005.0, 992.0, 1012.0, 1019.0, 1009.0, 1009.0, 1010.0, 1008.0, 1010.0, 1007.0, 993.0, 1011.0, 1009.0, 1018.0, 1019.0, 1014.0, 1011.0, 1011.0, 1005.0, 1019.0, 1020.0, 1015.0, 1015.0, 1015.0, 1011.0, 1021.0, 1013.0, 1010.0, 1017.0, 1015.0, 1017.0, 1015.0, 1030.0, 1013.0, 1015.0, 1009.0, 1004.0, 998.0, 992.0, 994.0, 1008.0, 1006.0, 994.0, 990.0, 989.0, 987.0, 999.0, 988.0, 1001.0, 1031.0, 1013.0, 999.0, 1001.0, 1004.0, 1006.0, 1008.0, 1013.0, 1012.0, 1019.0, 1018.0, 1022.0, 1024.0, 1022.0, 1034.0, 1036.0, 1042.0, 1039.0, 1039.0, 1055.0, 1049.0, 1055.0, 1061.0, 1055.0, 1040.0, 1044.0, 1048.0, 1049.0, 1041.0, 1041.0, 1040.0, 1034.0, 1042.0, 1042.0, 1038.0, 1040.0, 1037.0, 1038.0, 1032.0, 1044.0, 1038.0, 1038.0, 1037.0, 1051.0, 1035.0, 1031.0, 1026.0, 1027.0, 1032.0, 1038.0, 1042.0, 1035.0, 1039.0, 1030.0, 1037.0, 1045.0, 1023.0, 1018.0, 1024.0, 1036.0, 1057.0, 1103.0, 1098.0, 1095.0, 1087.0, 1094.0, 1088.0, 1088.0, 1094.0, 1096.0, 1106.0, 1114.0, 1104.0, 1117.0, 1106.0, 1116.0, 1125.0, 1105.0, 1112.0, 1111.0, 1108.0, 1118.0, 1114.0, 1102.0, 1113.0, 1110.0, 1105.0, 1112.0, 1124.0, 1136.0, 1130.0, 1131.0, 1131.0, 1152.0, 1216.0, 1181.0, 1206.0, 1175.0, 1172.0, 1154.0, 1145.0, 1136.0, 1132.0, 1137.0, 1139.0, 1136.0, 1152.0, 1158.0, 1177.0, 1172.0, 1186.0, 1198.0, 1214.0, 1223.0, 1232.0, 1222.0, 1234.0, 1243.0, 1247.0, 1259.0, 1274.0, 1285.0, 1309.0, 1314.0, 1318.0, 1320.0, 1320.0, 1336.0, 1325.0, 1342.0, 1349.0, 1359.0, 1371.0, 1388.0, 1409.0, 1402.0, 1394.0, 1401.0, 1404.0, 1456.0, 1448.0, 1440.0, 1430.0, 1432.0, 1417.0, 1414.0, 1453.0, 1445.0, 1462.0, 1485.0, 1500.0, 1484.0, 1502.0, 1512.0, 1510.0, 1513.0, 1508.0, 1521.0, 1524.0, 1523.0, 1537.0, 1515.0, 1524.0, 1546.0, 1543.0, 1558.0, 1555.0, 1554.0, 1551.0, 1549.0, 1551.0, 1577.0, 1577.0, 1585.0, 1588.0, 1587.0, 1574.0, 1567.0, 1556.0, 1550.0, 1550.0, 1554.0, 1570.0, 1620.0, 1620.0, 1618.0, 1616.0, 1616.0, 1601.0, 1604.0, 1612.0, 1613.0, 1613.0, 1613.0, 1605.0, 1643.0, 1643.0, 1632.0, 1639.0, 1650.0, 1643.0, 1643.0, 1641.0, 1649.0, 1657.0, 1646.0, 1662.0, 1679.0, 1688.0, 1688.0, 1688.0, 1687.0, 1687.0, 1688.0, 1690.0, 1686.0, 1704.0, 1697.0, 1690.0, 1692.0, 1693.0, 1708.0, 1717.0, 1708.0, 1709.0, 1720.0, 1724.0, 1719.0, 1735.0, 1729.0, 1722.0, 1737.0, 1736.0, 1744.0, 1744.0, 1749.0, 1758.0, 1751.0, 1756.0, 1761.0, 1769.0, 1778.0, 1775.0, 1775.0, 1780.0, 1780.0, 1774.0, 1778.0, 1783.0, 1799.0, 1791.0, 1795.0, 1792.0, 1806.0, 1801.0, 1776.0, 1776.0, 1775.0, 1796.0, 1796.0, 1787.0, 1798.0, 1800.0, 1806.0, 1803.0, 1812.0, 1791.0, 1816.0, 1819.0, 1808.0, 1819.0, 1798.0, 1823.0, 1829.0, 1815.0, 1824.0, 1806.0, 1801.0, 1841.0, 1827.0, 1821.0, 1823.0, 1824.0, 1827.0, 1840.0, 1831.0, 1834.0, 1837.0, 1830.0, 1819.0, 1885.0, 1901.0, 1895.0, 1882.0, 1868.0, 1867.0, 1881.0, 1896.0, 1895.0, 1895.0, 1893.0, 1903.0, 1903.0, 1897.0, 1895.0, 1862.0, 1873.0, 1873.0, 1859.0, 1878.0, 1883.0, 1883.0, 1880.0, 1884.0, 1872.0, 1863.0, 1861.0, 1838.0, 1827.0, 1813.0, 1818.0, 1823.0, 1853.0, 1821.0, 1828.0, 1821.0, 1801.0, 1806.0, 1800.0, 1814.0, 1812.0, 1790.0, 1800.0, 1812.0, 1810.0, 1805.0, 1797.0, 1782.0, 1750.0, 1733.0, 1751.0, 1732.0, 1739.0, 1753.0, 1745.0, 1756.0, 1754.0, 1743.0, 1728.0, 1732.0, 1724.0, 1727.0, 1726.0, 1732.0, 1737.0, 1738.0, 1746.0, 1735.0, 1729.0, 1694.0, 1709.0, 1704.0, 1684.0, 1699.0, 1689.0, 1690.0, 1692.0, 1692.0, 1686.0, 1684.0, 1684.0, 1696.0, 1678.0, 1681.0, 1685.0, 1673.0, 1657.0, 1639.0, 1638.0, 1641.0, 1641.0, 1649.0, 1634.0, 1609.0, 1614.0, 1608.0, 1627.0, 1604.0, 1599.0, 1595.0, 1587.0, 1604.0, 1604.0, 1579.0, 1558.0, 1587.0, 1591.0, 1596.0, 1597.0, 1597.0, 1596.0, 1590.0, 1585.0, 1587.0, 1561.0, 1540.0, 1542.0, 1547.0, 1536.0, 1551.0, 1504.0, 1516.0, 1524.0, 1512.0, 1520.0, 1518.0, 1500.0, 1487.0, 1510.0, 1513.0, 1468.0, 1492.0, 1472.0, 1480.0, 1470.0, 1454.0, 1447.0, 1456.0, 1455.0, 1452.0, 1447.0, 1443.0, 1444.0, 1451.0, 1443.0, 1445.0, 1442.0, 1443.0, 1431.0, 1420.0, 1427.0, 1427.0, 1429.0, 1431.0, 1413.0, 1424.0, 1431.0, 1436.0, 1425.0, 1425.0, 1415.0, 1418.0, 1395.0, 1390.0, 1381.0, 1368.0, 1369.0, 1375.0, 1366.0, 1373.0, 1373.0, 1377.0, 1354.0, 1358.0, 1354.0, 1345.0, 1340.0, 1331.0, 1331.0, 1333.0, 1336.0, 1331.0, 1335.0, 1335.0, 1332.0, 1327.0, 1331.0, 1337.0, 1324.0, 1326.0, 1337.0, 1329.0, 1306.0, 1309.0, 1304.0, 1317.0, 1307.0, 1302.0, 1296.0, 1298.0, 1288.0, 1311.0, 1314.0, 1295.0, 1298.0, 1292.0, 1284.0, 1270.0, 1271.0, 1269.0, 1278.0, 1258.0, 1262.0, 1266.0, 1266.0, 1260.0, 1274.0, 1278.0, 1260.0, 1260.0, 1254.0, 1264.0, 1255.0, 1263.0, 1252.0, 1240.0, 1238.0, 1255.0, 1250.0, 1245.0, 1250.0, 1256.0, 1256.0, 1259.0, 1259.0, 1257.0, 1257.0, 1277.0, 1275.0, 1275.0, 1239.0, 1259.0, 1241.0, 1248.0, 1248.0, 1271.0, 1260.0, 1254.0, 1235.0, 1233.0, 1255.0, 1250.0, 1272.0, 1250.0, 1246.0, 1234.0, 1262.0, 1248.0, 1265.0, 1257.0, 1279.0, 1268.0, 1263.0, 1269.0, 1271.0, 1270.0, 1265.0, 1273.0, 1270.0, 1268.0, 1257.0, 1257.0, 1279.0, 1281.0, 1284.0, 1281.0, 1276.0, 1281.0, 1281.0, 1288.0, 1279.0, 1278.0, 1289.0, 1300.0, 1290.0, 1288.0, 1294.0, 1310.0, 1298.0, 1291.0, 1300.0, 1297.0, 1302.0, 1295.0, 1293.0, 1301.0, 1297.0, 1293.0, 1297.0, 1308.0, 1308.0, 1307.0, 1318.0, 1320.0, 1316.0, 1316.0, 1346.0, 1346.0, 1330.0, 1326.0, 1326.0, 1335.0, 1334.0, 1303.0, 1315.0, 1316.0, 1334.0, 1330.0, 1346.0, 1337.0, 1351.0, 1348.0, 1344.0, 1349.0, 1342.0, 1345.0, 1346.0, 1341.0, 1341.0, 1348.0, 1349.0, 1349.0, 1346.0, 1352.0, 1358.0, 1363.0, 1376.0, 1383.0, 1357.0, 1355.0, 1360.0, 1356.0, 1376.0, 1380.0, 1378.0, 1372.0, 1396.0, 1390.0, 1395.0, 1381.0, 1390.0, 1382.0, 1381.0, 1406.0, 1406.0, 1396.0, 1400.0, 1379.0, 1381.0, 1378.0, 1392.0, 1381.0, 1382.0, 1382.0, 1377.0, 1378.0, 1382.0, 1389.0, 1383.0, 1381.0, 1404.0]