header: 
  seq: 1914
  stamp: 
    secs: 1548820805
    nsecs:  33392395
  frame_id: "base_link"
angle_min: -2.35619449615
angle_max: 2.35619449615
angle_increment: 0.00436332309619
time_increment: 1.73611151695e-05
scan_time: 0.0250000003725
range_min: 0.019999999553
range_max: 30.0
ranges: [0.30000001192092896, 0.2939999997615814, 0.2919999957084656, 0.2919999957084656, 0.29499998688697815, 0.2980000078678131, 0.3019999861717224, 0.30300000309944153, 0.3070000112056732, 0.3050000071525574, 0.29499998688697815, 0.296999990940094, 0.2980000078678131, 0.3050000071525574, 0.2930000126361847, 0.27900001406669617, 0.27900001406669617, 0.2759999930858612, 0.25999999046325684, 0.24799999594688416, 0.2709999978542328, 0.2809999883174896, 0.27300000190734863, 0.2879999876022339, 0.29499998688697815, 0.29600000381469727, 0.2800000011920929, 0.27799999713897705, 0.29100000858306885, 0.2750000059604645, 0.2939999997615814, 0.28600001335144043, 0.2849999964237213, 0.28600001335144043, 0.2840000092983246, 0.2840000092983246, 0.28600001335144043, 0.28600001335144043, 0.2879999876022339, 0.28700000047683716, 0.2800000011920929, 0.27799999713897705, 0.2840000092983246, 0.2849999964237213, 0.29100000858306885, 0.2849999964237213, 0.27900001406669617, 0.2759999930858612, 0.2750000059604645, 0.2770000100135803, 0.28299999237060547, 0.2750000059604645, 0.27900001406669617, 0.2759999930858612, 0.2770000100135803, 0.27900001406669617, 0.27900001406669617, 0.2709999978542328, 0.2709999978542328, 0.2709999978542328, 0.2720000147819519, 0.26899999380111694, 0.26899999380111694, 0.2680000066757202, 0.26499998569488525, 0.2639999985694885, 0.26600000262260437, 0.26899999380111694, 0.2630000114440918, 0.26100000739097595, 0.26100000739097595, 0.2639999985694885, 0.2639999985694885, 0.2680000066757202, 0.2770000100135803, 0.2669999897480011, 0.2669999897480011, 0.2680000066757202, 0.2680000066757202, 0.26899999380111694, 0.26600000262260437, 0.25999999046325684, 0.25999999046325684, 0.26499998569488525, 0.26600000262260437, 0.26600000262260437, 0.26100000739097595, 0.26499998569488525, 0.26899999380111694, 0.25999999046325684, 0.257999986410141, 0.25699999928474426, 0.257999986410141, 0.25999999046325684, 0.2590000033378601, 0.25200000405311584, 0.2540000081062317, 0.25699999928474426, 0.257999986410141, 0.25699999928474426, 0.257999986410141, 0.2540000081062317, 0.257999986410141, 0.2549999952316284, 0.25600001215934753, 0.25600001215934753, 0.257999986410141, 0.257999986410141, 0.257999986410141, 0.24799999594688416, 0.24799999594688416, 0.25699999928474426, 0.257999986410141, 0.25600001215934753, 0.2529999911785126, 0.2529999911785126, 0.2529999911785126, 0.2590000033378601, 0.25600001215934753, 0.25099998712539673, 0.24699999392032623, 0.24899999797344208, 0.24899999797344208, 0.25200000405311584, 0.2540000081062317, 0.2540000081062317, 0.2549999952316284, 0.257999986410141, 0.2529999911785126, 0.24699999392032623, 0.24799999594688416, 0.2540000081062317, 0.25600001215934753, 0.2549999952316284, 0.24500000476837158, 0.24500000476837158, 0.25099998712539673, 0.25099998712539673, 0.25099998712539673, 0.24799999594688416, 0.24400000274181366, 0.24899999797344208, 0.2590000033378601, 0.25200000405311584, 0.24500000476837158, 0.25699999928474426, 0.25600001215934753, 0.25200000405311584, 0.24799999594688416, 0.24400000274181366, 0.24699999392032623, 0.24899999797344208, 0.25200000405311584, 0.2529999911785126, 0.2529999911785126, 0.2549999952316284, 0.25, 0.24400000274181366, 0.24500000476837158, 0.25099998712539673, 0.25099998712539673, 0.2409999966621399, 0.23800000548362732, 0.24899999797344208, 0.25099998712539673, 0.24899999797344208, 0.2540000081062317, 0.2540000081062317, 0.25099998712539673, 0.24300000071525574, 0.24199999868869781, 0.24699999392032623, 0.2549999952316284, 0.25600001215934753, 0.25099998712539673, 0.24699999392032623, 0.24899999797344208, 0.2529999911785126, 0.2529999911785126, 0.25099998712539673, 0.24699999392032623, 0.2460000067949295, 0.2460000067949295, 0.25, 0.24799999594688416, 0.2460000067949295, 0.2460000067949295, 0.24500000476837158, 0.24400000274181366, 0.24400000274181366, 0.24699999392032623, 0.24699999392032623, 0.24799999594688416, 0.24300000071525574, 0.2409999966621399, 0.2409999966621399, 0.23800000548362732, 0.23600000143051147, 0.23800000548362732, 0.24400000274181366, 0.23399999737739563, 0.2370000034570694, 0.23999999463558197, 0.24500000476837158, 0.24199999868869781, 0.2409999966621399, 0.23899999260902405, 0.2460000067949295, 0.2460000067949295, 0.23899999260902405, 0.2370000034570694, 0.23999999463558197, 0.24300000071525574, 0.2409999966621399, 0.23800000548362732, 0.24300000071525574, 0.24799999594688416, 0.24699999392032623, 0.25099998712539673, 0.25200000405311584, 0.25200000405311584, 0.2549999952316284, 0.25200000405311584, 0.25, 0.2460000067949295, 0.24799999594688416, 0.25200000405311584, 0.2619999945163727, 0.2540000081062317, 0.25, 0.2549999952316284, 0.25099998712539673, 0.24799999594688416, 0.25, 0.257999986410141, 0.2630000114440918, 0.26499998569488525, 0.25600001215934753, 0.2549999952316284, 0.25699999928474426, 0.257999986410141, 0.257999986410141, 0.257999986410141, 0.257999986410141, 0.2669999897480011, 0.2680000066757202, 0.25999999046325684, 0.25999999046325684, 0.2639999985694885, 0.27300000190734863, 0.26899999380111694, 0.2630000114440918, 0.26100000739097595, 0.26600000262260437, 0.26600000262260437, 0.26100000739097595, 0.2590000033378601, 0.2619999945163727, 0.26499998569488525, 0.26899999380111694, 0.26499998569488525, 0.2639999985694885, 0.26100000739097595, 0.26600000262260437, 0.26600000262260437, 0.26100000739097595, 0.2680000066757202, 0.2759999930858612, 0.2720000147819519, 0.2709999978542328, 0.27300000190734863, 0.2759999930858612, 0.2759999930858612, 0.2759999930858612, 0.27799999713897705, 0.27000001072883606, 0.2709999978542328, 0.2840000092983246, 0.2879999876022339, 0.27399998903274536, 0.2720000147819519, 0.27900001406669617, 0.2800000011920929, 0.2840000092983246, 0.289000004529953, 0.289000004529953, 0.2840000092983246, 0.2840000092983246, 0.28299999237060547, 0.28200000524520874, 0.28200000524520874, 0.28299999237060547, 0.289000004529953, 0.2919999957084656, 0.29100000858306885, 0.2919999957084656, 0.29100000858306885, 0.29499998688697815, 0.2980000078678131, 0.30399999022483826, 0.31200000643730164, 0.3089999854564667, 0.3070000112056732, 0.3070000112056732, 0.3070000112056732, 0.3059999942779541, 0.3070000112056732, 0.3070000112056732, 0.3089999854564667, 0.31200000643730164, 0.3179999887943268, 0.32199999690055847, 0.32899999618530273, 0.3140000104904175, 0.3160000145435333, 0.3160000145435333, 0.3179999887943268, 0.3230000138282776, 0.3179999887943268, 0.32100000977516174, 0.3199999928474426, 0.32100000977516174, 0.3160000145435333, 0.32199999690055847, 0.328000009059906, 0.3330000042915344, 0.33500000834465027, 0.33399999141693115, 0.33399999141693115, 0.3330000042915344, 0.3330000042915344, 0.3400000035762787, 0.34299999475479126, 0.3440000116825104, 0.3479999899864197, 0.3499999940395355, 0.3490000069141388, 0.3490000069141388, 0.3499999940395355, 0.3490000069141388, 0.35100001096725464, 0.3479999899864197, 0.3490000069141388, 0.3540000021457672, 0.36899998784065247, 0.37299999594688416, 0.37299999594688416, 0.36899998784065247, 0.36800000071525574, 0.36800000071525574, 0.36500000953674316, 0.37299999594688416, 0.37700000405311584, 0.38100001215934753, 0.38499999046325684, 0.38199999928474426, 0.3840000033378601, 0.3919999897480011, 0.3880000114440918, 0.3919999897480011, 0.39399999380111694, 0.39399999380111694, 0.39899998903274536, 0.39800000190734863, 0.40700000524520874, 0.41200000047683716, 0.41200000047683716, 0.4169999957084656, 0.421999990940094, 0.4259999990463257, 0.4300000071525574, 0.4300000071525574, 0.4350000023841858, 0.4339999854564667, 0.4350000023841858, 0.4350000023841858, 0.4320000112056732, 0.4480000138282776, 0.4519999921321869, 0.4519999921321869, 0.44699999690055847, 0.453000009059906, 0.45899999141693115, 0.47200000286102295, 0.47200000286102295, 0.4740000069141388, 0.4740000069141388, 0.4740000069141388, 0.4779999852180481, 0.4830000102519989, 0.4860000014305115, 0.4860000014305115, 0.4950000047683716, 0.49799999594688416, 0.5019999742507935, 0.5099999904632568, 0.5099999904632568, 0.5099999904632568, 0.5230000019073486, 0.5299999713897705, 0.5239999890327454, 0.5289999842643738, 0.5289999842643738, 0.5339999794960022, 0.5339999794960022, 0.5360000133514404, 0.5389999747276306, 0.5519999861717224, 0.5519999861717224, 0.5519999861717224, 0.5609999895095825, 0.5669999718666077, 0.5740000009536743, 0.5809999704360962, 0.5860000252723694, 0.5849999785423279, 0.5929999947547913, 0.6000000238418579, 0.6079999804496765, 0.609000027179718, 0.6140000224113464, 0.6230000257492065, 0.6320000290870667, 0.6359999775886536, 0.6420000195503235, 0.6489999890327454, 0.6589999794960022, 0.6759999990463257, 0.6759999990463257, 0.6940000057220459, 0.6949999928474426, 0.7009999752044678, 0.7129999995231628, 0.7239999771118164, 0.7319999933242798, 0.7450000047683716, 0.7509999871253967, 0.7549999952316284, 0.7670000195503235, 0.7879999876022339, 0.7979999780654907, 0.8059999942779541, 0.8059999942779541, 0.8299999833106995, 0.8489999771118164, 0.8619999885559082, 0.871999979019165, 0.8899999856948853, 0.9070000052452087, 0.9369999766349792, 0.9399999976158142, 0.9430000185966492, 0.968999981880188, 1.0579999685287476, 1.1929999589920044, 1.5260000228881836, 1.7239999771118164, 1.9709999561309814, 1.9930000305175781, 2.000999927520752, 1.9989999532699585, 2.0, 2.0, 2.003999948501587, 2.00600004196167, 2.006999969482422, 1.996999979019165, 1.9889999628067017, 1.9950000047683716, 1.9919999837875366, 1.9869999885559082, 1.9880000352859497, 1.9889999628067017, 1.9819999933242798, 1.9800000190734863, 1.9769999980926514, 1.972000002861023, 1.972000002861023, 1.975000023841858, 1.9759999513626099, 1.9759999513626099, 1.9819999933242798, 1.9850000143051147, 1.9819999933242798, 1.9730000495910645, 1.9730000495910645, 1.9739999771118164, 1.9739999771118164, 1.975000023841858, 1.9730000495910645, 1.965999960899353, 1.9670000076293945, 1.9670000076293945, 1.9620000123977661, 1.9600000381469727, 1.9600000381469727, 1.9579999446868896, 1.9559999704360962, 1.9500000476837158, 1.944000005722046, 1.9429999589920044, 1.9479999542236328, 1.9509999752044678, 1.944000005722046, 1.940999984741211, 1.9420000314712524, 1.944000005722046, 1.9329999685287476, 1.9320000410079956, 1.9329999685287476, 1.9290000200271606, 1.9279999732971191, 1.9279999732971191, 1.9259999990463257, 1.9229999780654907, 1.9220000505447388, 1.9199999570846558, 1.9149999618530273, 1.9110000133514404, 1.9110000133514404, 1.9049999713897705, 1.9010000228881836, 1.8980000019073486, 1.9010000228881836, 1.8980000019073486, 1.8899999856948853, 1.8869999647140503, 1.8869999647140503, 1.8830000162124634, 1.88100004196167, 1.878999948501587, 1.878999948501587, 1.8739999532699585, 1.8739999532699585, 1.8680000305175781, 1.8550000190734863, 1.847000002861023, 1.8519999980926514, 1.8489999771118164, 1.8459999561309814, 1.8389999866485596, 1.8389999866485596, 1.8370000123977661, 1.8350000381469727, 1.8289999961853027, 1.809999942779541, 1.8109999895095825, 1.815999984741211, 1.805999994277954, 1.7999999523162842, 1.7970000505447388, 1.7869999408721924, 1.7869999408721924, 1.784999966621399, 1.7799999713897705, 1.7710000276565552, 1.7710000276565552, 1.7640000581741333, 1.7510000467300415, 1.746999979019165, 1.7489999532699585, 1.7430000305175781, 1.7339999675750732, 1.725000023841858, 1.7259999513626099, 1.7280000448226929, 1.7259999513626099, 1.718999981880188, 1.7029999494552612, 1.6950000524520874, 1.694000005722046, 1.6970000267028809, 1.6859999895095825, 1.6799999475479126, 1.6790000200271606, 1.6720000505447388, 1.6670000553131104, 1.6649999618530273, 1.659000039100647, 1.6549999713897705, 1.6410000324249268, 1.6399999856948853, 1.6319999694824219, 1.6239999532699585, 1.61899995803833, 1.6169999837875366, 1.6019999980926514, 1.6009999513626099, 1.6009999513626099, 1.5920000076293945, 1.5870000123977661, 1.5779999494552612, 1.5640000104904175, 1.559999942779541, 1.5549999475479126, 1.5490000247955322, 1.5369999408721924, 1.5379999876022339, 1.534999966621399, 1.5230000019073486, 1.5199999809265137, 1.5169999599456787, 1.5019999742507935, 1.5010000467300415, 1.5, 1.4900000095367432, 1.4780000448226929, 1.4670000076293945, 1.4600000381469727, 1.4559999704360962, 1.4479999542236328, 1.437999963760376, 1.4329999685287476, 1.4320000410079956, 1.4240000247955322, 1.4129999876022339, 1.4019999504089355, 1.3949999809265137, 1.3899999856948853, 1.3760000467300415, 1.3730000257492065, 1.371999979019165, 1.3559999465942383, 1.3530000448226929, 1.340000033378601, 1.3339999914169312, 1.3289999961853027, 1.3209999799728394, 1.3049999475479126, 1.2970000505447388, 1.2890000343322754, 1.2860000133514404, 1.2719999551773071, 1.2599999904632568, 1.2580000162124634, 1.253999948501587, 1.25, 1.2339999675750732, 1.2289999723434448, 1.2209999561309814, 1.215999960899353, 1.2029999494552612, 1.194000005722046, 1.1829999685287476, 1.1740000247955322, 1.159000039100647, 1.1540000438690186, 1.152999997138977, 1.1390000581741333, 1.1319999694824219, 1.1269999742507935, 1.121999979019165, 1.1139999628067017, 1.1130000352859497, 1.1109999418258667, 1.1019999980926514, 1.093000054359436, 1.0920000076293945, 1.0829999446868896, 1.0750000476837158, 1.0729999542236328, 1.0579999685287476, 1.055999994277954, 1.0540000200271606, 1.0449999570846558, 1.034999966621399, 1.034999966621399, 1.034000039100647, 1.0290000438690186, 1.0199999809265137, 1.0149999856948853, 1.00600004196167, 1.003999948501587, 0.9990000128746033, 0.9919999837875366, 0.9850000143051147, 0.9819999933242798, 0.9779999852180481, 0.9750000238418579, 0.9700000286102295, 0.9670000076293945, 0.9620000123977661, 0.9430000185966492, 0.9459999799728394, 0.9490000009536743, 0.9430000185966492, 0.9419999718666077, 0.9409999847412109, 0.9369999766349792, 0.9259999990463257, 0.9229999780654907, 0.9210000038146973, 0.9200000166893005, 0.9110000133514404, 0.9110000133514404, 0.9020000100135803, 0.8970000147819519, 0.8920000195503235, 0.8889999985694885, 0.8830000162124634, 0.8809999823570251, 0.8809999823570251, 0.8809999823570251, 0.8740000128746033, 0.8740000128746033, 0.8679999709129333, 0.8659999966621399, 0.8619999885559082, 0.8629999756813049, 0.8529999852180481, 0.8479999899864197, 0.8500000238418579, 0.8479999899864197, 0.847000002861023, 0.8429999947547913, 0.8379999995231628, 0.8370000123977661, 0.8349999785423279, 0.828000009059906, 0.828000009059906, 0.8259999752044678, 0.8240000009536743, 0.8209999799728394, 0.8169999718666077, 0.8149999976158142, 0.8140000104904175, 0.8140000104904175, 0.8090000152587891, 0.8050000071525574, 0.800000011920929, 0.7940000295639038, 0.7960000038146973, 0.796999990940094, 0.7950000166893005, 0.7910000085830688, 0.7829999923706055, 0.7829999923706055, 0.7860000133514404, 0.781000018119812, 0.7770000100135803, 0.7699999809265137, 0.7689999938011169, 0.7670000195503235, 0.7639999985694885, 0.7620000243186951, 0.7649999856948853, 0.7649999856948853, 0.7609999775886536, 0.7620000243186951, 0.7559999823570251, 0.7540000081062317, 0.7509999871253967, 0.7480000257492065, 0.746999979019165, 0.7459999918937683, 0.7419999837875366, 0.7429999709129333, 0.7480000257492065, 0.7480000257492065, 0.75, 0.7419999837875366, 0.734000027179718, 0.7310000061988831, 0.7319999933242798, 0.7319999933242798, 0.7310000061988831, 0.7269999980926514, 0.7250000238418579, 0.7239999771118164, 0.7239999771118164, 0.7229999899864197, 0.7210000157356262, 0.7210000157356262, 0.7170000076293945, 0.7170000076293945, 0.7179999947547913, 0.7160000205039978, 0.7129999995231628, 0.7120000123977661, 0.7120000123977661, 0.7129999995231628, 0.7049999833106995, 0.6990000009536743, 0.7070000171661377, 0.7070000171661377, 0.703000009059906, 0.699999988079071, 0.699999988079071, 0.703000009059906, 0.7059999704360962, 0.7059999704360962, 0.6990000009536743, 0.6949999928474426, 0.6959999799728394, 0.6930000185966492, 0.6930000185966492, 0.6880000233650208, 0.6880000233650208, 0.6890000104904175, 0.6890000104904175, 0.6859999895095825, 0.6909999847412109, 0.6880000233650208, 0.6880000233650208, 0.6880000233650208, 0.6890000104904175, 0.6890000104904175, 0.6830000281333923, 0.6809999942779541, 0.6809999942779541, 0.6850000023841858, 0.6869999766349792, 0.6890000104904175, 0.6869999766349792, 0.6819999814033508, 0.6800000071525574, 0.6800000071525574, 0.6800000071525574, 0.6790000200271606, 0.6790000200271606, 0.6779999732971191, 0.675000011920929, 0.6700000166893005, 0.671999990940094, 0.6740000247955322, 0.6740000247955322, 0.6740000247955322, 0.6740000247955322, 0.6740000247955322, 0.6740000247955322, 0.6729999780654907, 0.6710000038146973, 0.671999990940094, 0.6769999861717224, 0.6740000247955322, 0.6700000166893005, 0.6629999876022339, 0.6610000133514404, 0.6610000133514404, 0.6620000004768372, 0.6620000004768372, 0.6620000004768372, 0.6620000004768372, 0.6639999747276306, 0.6639999747276306, 0.6639999747276306, 0.6660000085830688, 0.6669999957084656, 0.6690000295639038, 0.6690000295639038, 0.6669999957084656, 0.6660000085830688, 0.6690000295639038, 0.6710000038146973, 0.6690000295639038, 0.6679999828338623, 0.6610000133514404, 0.6620000004768372, 0.6639999747276306, 0.6639999747276306, 0.6639999747276306, 0.6639999747276306, 0.6679999828338623, 0.6679999828338623, 0.6660000085830688, 0.6650000214576721, 0.6650000214576721, 0.6629999876022339, 0.6629999876022339, 0.6669999957084656, 0.6660000085830688, 0.6650000214576721, 0.6629999876022339, 0.6629999876022339, 0.6620000004768372, 0.6589999794960022, 0.6589999794960022, 0.6610000133514404, 0.6629999876022339, 0.6629999876022339, 0.6650000214576721, 0.6650000214576721, 0.6650000214576721, 0.6650000214576721, 0.6650000214576721, 0.6669999957084656, 0.6700000166893005, 0.6660000085830688, 0.6669999957084656, 0.6650000214576721, 0.6650000214576721, 0.6650000214576721, 0.6669999957084656, 0.6700000166893005, 0.6679999828338623, 0.6669999957084656, 0.6679999828338623, 0.6700000166893005, 0.6700000166893005, 0.671999990940094, 0.6740000247955322, 0.6729999780654907, 0.6710000038146973, 0.6679999828338623, 0.6690000295639038, 0.675000011920929, 0.6740000247955322, 0.6759999990463257, 0.675000011920929, 0.6740000247955322, 0.6650000214576721, 0.6660000085830688, 0.6679999828338623, 0.675000011920929, 0.6790000200271606, 0.6700000166893005, 0.6669999957084656, 0.6729999780654907, 0.6790000200271606, 0.6790000200271606, 0.6779999732971191, 0.6790000200271606, 0.6790000200271606, 0.6819999814033508, 0.6840000152587891, 0.6840000152587891, 0.6850000023841858, 0.6830000281333923, 0.6840000152587891, 0.6790000200271606, 0.6809999942779541, 0.6819999814033508, 0.6819999814033508, 0.6890000104904175, 0.6890000104904175, 0.6859999895095825, 0.6859999895095825, 0.6859999895095825, 0.6850000023841858, 0.6869999766349792, 0.6869999766349792, 0.6869999766349792, 0.6869999766349792, 0.6899999976158142, 0.6899999976158142, 0.6940000057220459, 0.6959999799728394, 0.6959999799728394, 0.6940000057220459, 0.6930000185966492, 0.6930000185966492, 0.6919999718666077, 0.6949999928474426, 0.6949999928474426, 0.6980000138282776, 0.7009999752044678, 0.7009999752044678, 0.6990000009536743, 0.6990000009536743, 0.7039999961853027, 0.7120000123977661, 0.7149999737739563, 0.7129999995231628, 0.7139999866485596, 0.7149999737739563, 0.7110000252723694, 0.7129999995231628, 0.722000002861023, 0.7239999771118164, 0.7250000238418579, 0.722000002861023, 0.7239999771118164, 0.7229999899864197, 0.7250000238418579, 0.7250000238418579, 0.7319999933242798, 0.7300000190734863, 0.7329999804496765, 0.7310000061988831, 0.7329999804496765, 0.7300000190734863, 0.734000027179718, 0.7379999756813049, 0.7390000224113464, 0.7419999837875366, 0.7450000047683716, 0.746999979019165, 0.7480000257492065, 0.75, 0.7519999742507935, 0.7519999742507935, 0.7559999823570251, 0.7559999823570251, 0.7620000243186951, 0.7649999856948853, 0.7639999985694885, 0.7639999985694885, 0.7639999985694885, 0.7670000195503235, 0.7689999938011169, 0.7710000276565552, 0.7789999842643738, 0.7829999923706055, 0.7860000133514404, 0.7850000262260437, 0.7839999794960022, 0.7889999747276306, 0.7990000247955322, 0.800000011920929, 0.7990000247955322, 0.8019999861717224, 0.8009999990463257, 0.7929999828338623, 0.7960000038146973, 0.8040000200271606, 0.800000011920929, 0.8050000071525574, 0.8130000233650208, 0.8109999895095825, 0.8069999814033508, 0.8100000023841858, 0.8109999895095825, 0.8100000023841858, 0.8109999895095825, 0.8119999766349792, 0.8100000023841858, 0.8130000233650208, 0.8220000267028809, 0.8180000185966492, 0.8209999799728394, 0.8240000009536743, 0.8230000138282776, 0.8199999928474426, 0.828000009059906, 0.8289999961853027, 0.8399999737739563, 0.8370000123977661, 0.8429999947547913, 0.8500000238418579, 0.8500000238418579, 0.8489999771118164, 0.8510000109672546, 0.8519999980926514, 0.8539999723434448, 0.8700000047683716, 0.8759999871253967, 0.8769999742507935, 0.8769999742507935, 0.8769999742507935, 0.8730000257492065, 0.8730000257492065, 0.875, 0.875, 0.875, 0.8790000081062317, 0.8870000243186951, 0.8849999904632568, 0.8830000162124634, 0.8920000195503235, 0.8960000276565552, 0.8999999761581421, 0.8999999761581421, 0.8980000019073486, 0.9089999794960022, 0.921999990940094, 0.9330000281333923, 0.9330000281333923, 0.9369999766349792, 0.9490000009536743, 0.9509999752044678, 0.9520000219345093, 0.9520000219345093, 0.9539999961853027, 0.9679999947547913, 0.9679999947547913, 0.972000002861023, 0.9739999771118164, 0.9750000238418579, 0.9779999852180481, 0.9800000190734863, 0.9779999852180481]
intensities: [1082.0, 1124.0, 1118.0, 1235.0, 1292.0, 1332.0, 1373.0, 1377.0, 1374.0, 1369.0, 1365.0, 1369.0, 1374.0, 1351.0, 1245.0, 1072.0, 1072.0, 982.0, 886.0, 840.0, 893.0, 956.0, 935.0, 978.0, 1001.0, 1047.0, 1037.0, 1106.0, 1265.0, 1171.0, 1319.0, 1342.0, 1358.0, 1387.0, 1395.0, 1397.0, 1400.0, 1400.0, 1399.0, 1379.0, 1376.0, 1378.0, 1385.0, 1378.0, 1367.0, 1363.0, 1364.0, 1357.0, 1353.0, 1356.0, 1351.0, 1341.0, 1354.0, 1353.0, 1352.0, 1376.0, 1376.0, 1353.0, 1353.0, 1366.0, 1352.0, 1345.0, 1352.0, 1337.0, 1345.0, 1346.0, 1346.0, 1345.0, 1326.0, 1326.0, 1345.0, 1338.0, 1324.0, 1332.0, 1359.0, 1318.0, 1321.0, 1311.0, 1311.0, 1314.0, 1314.0, 1313.0, 1313.0, 1311.0, 1313.0, 1322.0, 1305.0, 1313.0, 1316.0, 1322.0, 1302.0, 1293.0, 1302.0, 1307.0, 1311.0, 1309.0, 1299.0, 1293.0, 1294.0, 1292.0, 1298.0, 1290.0, 1303.0, 1297.0, 1306.0, 1306.0, 1293.0, 1274.0, 1298.0, 1319.0, 1319.0, 1300.0, 1298.0, 1296.0, 1293.0, 1298.0, 1293.0, 1316.0, 1309.0, 1295.0, 1311.0, 1309.0, 1309.0, 1311.0, 1305.0, 1305.0, 1307.0, 1304.0, 1300.0, 1285.0, 1284.0, 1301.0, 1279.0, 1291.0, 1297.0, 1297.0, 1294.0, 1294.0, 1299.0, 1302.0, 1306.0, 1294.0, 1288.0, 1289.0, 1290.0, 1288.0, 1283.0, 1276.0, 1280.0, 1285.0, 1279.0, 1274.0, 1278.0, 1276.0, 1276.0, 1280.0, 1288.0, 1293.0, 1293.0, 1286.0, 1286.0, 1291.0, 1290.0, 1276.0, 1269.0, 1275.0, 1289.0, 1276.0, 1277.0, 1268.0, 1271.0, 1270.0, 1277.0, 1284.0, 1277.0, 1270.0, 1269.0, 1264.0, 1261.0, 1253.0, 1245.0, 1242.0, 1242.0, 1233.0, 1235.0, 1235.0, 1233.0, 1220.0, 1211.0, 1202.0, 1198.0, 1187.0, 1182.0, 1173.0, 1186.0, 1179.0, 1170.0, 1155.0, 1153.0, 1147.0, 1152.0, 1149.0, 1141.0, 1141.0, 1144.0, 1135.0, 1126.0, 1128.0, 1130.0, 1128.0, 1118.0, 1127.0, 1111.0, 1102.0, 1118.0, 1127.0, 1125.0, 1121.0, 1113.0, 1113.0, 1123.0, 1133.0, 1129.0, 1125.0, 1116.0, 1113.0, 1111.0, 1135.0, 1125.0, 1097.0, 1130.0, 1108.0, 1125.0, 1122.0, 1118.0, 1103.0, 1117.0, 1122.0, 1123.0, 1127.0, 1127.0, 1120.0, 1128.0, 1130.0, 1139.0, 1130.0, 1121.0, 1121.0, 1132.0, 1127.0, 1129.0, 1117.0, 1104.0, 1097.0, 1104.0, 1101.0, 1095.0, 1100.0, 1098.0, 1098.0, 1073.0, 1099.0, 1104.0, 1076.0, 1076.0, 1097.0, 1103.0, 1110.0, 1094.0, 1098.0, 1101.0, 1074.0, 1074.0, 1060.0, 1074.0, 1080.0, 1063.0, 1108.0, 1104.0, 1102.0, 1095.0, 1107.0, 1097.0, 1104.0, 1098.0, 1099.0, 1101.0, 1105.0, 1098.0, 1096.0, 1096.0, 1100.0, 1116.0, 1120.0, 1111.0, 1121.0, 1117.0, 1112.0, 1102.0, 1103.0, 1124.0, 1126.0, 1129.0, 1128.0, 1127.0, 1127.0, 1123.0, 1119.0, 1128.0, 1128.0, 1136.0, 1135.0, 1122.0, 1105.0, 1115.0, 1115.0, 1116.0, 1119.0, 1097.0, 1119.0, 1112.0, 1116.0, 1121.0, 1132.0, 1131.0, 1134.0, 1140.0, 1140.0, 1142.0, 1153.0, 1143.0, 1149.0, 1152.0, 1160.0, 1168.0, 1168.0, 1160.0, 1163.0, 1168.0, 1165.0, 1151.0, 1166.0, 1170.0, 1178.0, 1170.0, 1169.0, 1174.0, 1188.0, 1186.0, 1199.0, 1202.0, 1208.0, 1198.0, 1185.0, 1203.0, 1188.0, 1191.0, 1207.0, 1194.0, 1217.0, 1221.0, 1221.0, 1240.0, 1250.0, 1244.0, 1243.0, 1244.0, 1242.0, 1240.0, 1241.0, 1239.0, 1239.0, 1260.0, 1255.0, 1231.0, 1231.0, 1232.0, 1236.0, 1239.0, 1239.0, 1247.0, 1267.0, 1284.0, 1267.0, 1267.0, 1278.0, 1253.0, 1253.0, 1260.0, 1256.0, 1248.0, 1248.0, 1271.0, 1263.0, 1235.0, 1220.0, 1225.0, 1234.0, 1246.0, 1249.0, 1240.0, 1234.0, 1211.0, 1223.0, 1203.0, 1195.0, 1186.0, 1180.0, 1141.0, 1141.0, 1143.0, 1148.0, 1164.0, 1163.0, 1166.0, 1164.0, 1157.0, 1128.0, 1131.0, 1130.0, 1150.0, 1123.0, 1132.0, 1135.0, 1131.0, 1136.0, 1132.0, 1115.0, 1117.0, 1123.0, 1124.0, 1127.0, 1108.0, 1112.0, 1112.0, 1114.0, 1101.0, 1095.0, 1089.0, 1109.0, 1096.0, 1091.0, 1091.0, 1106.0, 1099.0, 1090.0, 1103.0, 1103.0, 1109.0, 1260.0, 1277.0, 1279.0, 1473.0, 1489.0, 1483.0, 1321.0, 1215.0, 1115.0, 1118.0, 1112.0, 1101.0, 1108.0, 1116.0, 1118.0, 1126.0, 1098.0, 1119.0, 1106.0, 1111.0, 1100.0, 1099.0, 1108.0, 1120.0, 1097.0, 1106.0, 1118.0, 1089.0, 1089.0, 1100.0, 1106.0, 1106.0, 1123.0, 1133.0, 1123.0, 1102.0, 1106.0, 1116.0, 1105.0, 1115.0, 1119.0, 1110.0, 1120.0, 1120.0, 1105.0, 1102.0, 1116.0, 1105.0, 1113.0, 1104.0, 1095.0, 1090.0, 1111.0, 1116.0, 1095.0, 1094.0, 1097.0, 1121.0, 1097.0, 1104.0, 1109.0, 1105.0, 1100.0, 1100.0, 1110.0, 1105.0, 1110.0, 1116.0, 1110.0, 1111.0, 1124.0, 1108.0, 1116.0, 1116.0, 1117.0, 1115.0, 1116.0, 1122.0, 1124.0, 1125.0, 1117.0, 1122.0, 1122.0, 1120.0, 1120.0, 1123.0, 1112.0, 1101.0, 1105.0, 1111.0, 1113.0, 1131.0, 1131.0, 1116.0, 1109.0, 1113.0, 1115.0, 1124.0, 1115.0, 1118.0, 1119.0, 1114.0, 1120.0, 1110.0, 1114.0, 1122.0, 1122.0, 1123.0, 1113.0, 1111.0, 1119.0, 1113.0, 1116.0, 1110.0, 1109.0, 1108.0, 1111.0, 1110.0, 1110.0, 1109.0, 1100.0, 1097.0, 1118.0, 1109.0, 1111.0, 1112.0, 1111.0, 1115.0, 1115.0, 1105.0, 1108.0, 1117.0, 1116.0, 1120.0, 1101.0, 1092.0, 1110.0, 1103.0, 1114.0, 1115.0, 1106.0, 1107.0, 1097.0, 1098.0, 1098.0, 1106.0, 1108.0, 1083.0, 1112.0, 1103.0, 1121.0, 1113.0, 1116.0, 1088.0, 1094.0, 1088.0, 1097.0, 1112.0, 1103.0, 1107.0, 1111.0, 1120.0, 1107.0, 1111.0, 1116.0, 1135.0, 1111.0, 1103.0, 1110.0, 1116.0, 1095.0, 1101.0, 1108.0, 1088.0, 1095.0, 1097.0, 1100.0, 1108.0, 1105.0, 1106.0, 1112.0, 1117.0, 1120.0, 1128.0, 1131.0, 1131.0, 1115.0, 1137.0, 1137.0, 1136.0, 1126.0, 1121.0, 1154.0, 1143.0, 1145.0, 1128.0, 1124.0, 1116.0, 1146.0, 1156.0, 1170.0, 1163.0, 1190.0, 1187.0, 1201.0, 1202.0, 1205.0, 1205.0, 1213.0, 1217.0, 1223.0, 1221.0, 1206.0, 1201.0, 1213.0, 1238.0, 1229.0, 1235.0, 1233.0, 1249.0, 1240.0, 1267.0, 1261.0, 1275.0, 1267.0, 1259.0, 1261.0, 1280.0, 1278.0, 1282.0, 1282.0, 1308.0, 1298.0, 1284.0, 1310.0, 1336.0, 1321.0, 1314.0, 1319.0, 1340.0, 1341.0, 1346.0, 1357.0, 1374.0, 1375.0, 1375.0, 1365.0, 1392.0, 1371.0, 1368.0, 1339.0, 1381.0, 1381.0, 1387.0, 1390.0, 1421.0, 1404.0, 1414.0, 1421.0, 1440.0, 1432.0, 1429.0, 1446.0, 1445.0, 1454.0, 1465.0, 1460.0, 1454.0, 1455.0, 1484.0, 1496.0, 1500.0, 1517.0, 1525.0, 1515.0, 1513.0, 1500.0, 1542.0, 1515.0, 1508.0, 1495.0, 1487.0, 1485.0, 1487.0, 1475.0, 1493.0, 1511.0, 1505.0, 1509.0, 1504.0, 1497.0, 1489.0, 1505.0, 1506.0, 1508.0, 1499.0, 1508.0, 1508.0, 1529.0, 1551.0, 1543.0, 1542.0, 1533.0, 1539.0, 1514.0, 1527.0, 1541.0, 1549.0, 1544.0, 1544.0, 1559.0, 1560.0, 1563.0, 1567.0, 1558.0, 1554.0, 1556.0, 1546.0, 1546.0, 1570.0, 1559.0, 1558.0, 1557.0, 1557.0, 1582.0, 1582.0, 1542.0, 1560.0, 1568.0, 1574.0, 1574.0, 1589.0, 1590.0, 1606.0, 1605.0, 1605.0, 1596.0, 1583.0, 1581.0, 1588.0, 1590.0, 1591.0, 1604.0, 1576.0, 1587.0, 1605.0, 1605.0, 1600.0, 1600.0, 1616.0, 1603.0, 1585.0, 1600.0, 1572.0, 1572.0, 1596.0, 1575.0, 1567.0, 1563.0, 1574.0, 1574.0, 1568.0, 1569.0, 1569.0, 1563.0, 1561.0, 1564.0, 1564.0, 1565.0, 1559.0, 1539.0, 1545.0, 1553.0, 1593.0, 1583.0, 1573.0, 1575.0, 1565.0, 1560.0, 1573.0, 1573.0, 1556.0, 1553.0, 1566.0, 1558.0, 1560.0, 1562.0, 1542.0, 1551.0, 1536.0, 1540.0, 1543.0, 1543.0, 1541.0, 1539.0, 1543.0, 1543.0, 1519.0, 1518.0, 1522.0, 1509.0, 1504.0, 1522.0, 1497.0, 1473.0, 1487.0, 1472.0, 1489.0, 1489.0, 1463.0, 1489.0, 1483.0, 1488.0, 1467.0, 1460.0, 1466.0, 1462.0, 1468.0, 1470.0, 1455.0, 1436.0, 1443.0, 1457.0, 1451.0, 1451.0, 1447.0, 1429.0, 1429.0, 1426.0, 1422.0, 1422.0, 1406.0, 1406.0, 1406.0, 1403.0, 1400.0, 1400.0, 1413.0, 1400.0, 1400.0, 1402.0, 1401.0, 1406.0, 1399.0, 1399.0, 1398.0, 1396.0, 1398.0, 1395.0, 1395.0, 1392.0, 1392.0, 1373.0, 1397.0, 1382.0, 1382.0, 1380.0, 1368.0, 1372.0, 1369.0, 1370.0, 1357.0, 1355.0, 1364.0, 1347.0, 1344.0, 1350.0, 1342.0, 1334.0, 1348.0, 1348.0, 1339.0, 1335.0, 1335.0, 1326.0, 1326.0, 1326.0, 1311.0, 1311.0, 1317.0, 1317.0, 1302.0, 1304.0, 1304.0, 1325.0, 1325.0, 1302.0, 1298.0, 1295.0, 1288.0, 1311.0, 1311.0, 1311.0, 1306.0, 1290.0, 1291.0, 1305.0, 1267.0, 1274.0, 1299.0, 1297.0, 1272.0, 1269.0, 1266.0, 1262.0, 1271.0, 1260.0, 1260.0, 1268.0, 1268.0, 1255.0, 1266.0, 1278.0, 1266.0, 1266.0, 1275.0, 1244.0, 1255.0, 1249.0, 1264.0, 1274.0, 1252.0, 1270.0, 1262.0, 1269.0, 1273.0, 1248.0, 1236.0, 1252.0, 1246.0, 1245.0, 1232.0, 1242.0, 1257.0, 1262.0, 1249.0, 1262.0, 1245.0, 1250.0, 1246.0, 1238.0, 1247.0, 1242.0, 1242.0, 1262.0, 1250.0, 1249.0, 1249.0, 1249.0, 1249.0, 1247.0, 1237.0, 1254.0, 1262.0, 1261.0, 1267.0, 1263.0, 1275.0, 1280.0, 1285.0, 1275.0, 1280.0, 1277.0, 1294.0, 1283.0, 1298.0, 1272.0, 1278.0, 1280.0, 1283.0, 1265.0, 1276.0, 1267.0, 1289.0, 1270.0, 1234.0, 1217.0, 1221.0, 1225.0, 1225.0, 1229.0, 1228.0, 1235.0, 1228.0, 1246.0, 1238.0, 1257.0, 1235.0, 1242.0, 1242.0, 1230.0, 1222.0, 1213.0, 1213.0, 1219.0, 1242.0, 1250.0, 1212.0, 1212.0, 1231.0, 1259.0, 1275.0, 1256.0, 1256.0, 1276.0, 1267.0, 1264.0, 1273.0, 1288.0, 1298.0, 1297.0, 1296.0, 1294.0, 1267.0, 1266.0, 1260.0, 1282.0, 1268.0, 1269.0, 1267.0, 1266.0, 1277.0, 1273.0, 1267.0, 1266.0, 1266.0, 1265.0, 1260.0, 1265.0, 1266.0, 1269.0, 1268.0]