header: 
  seq: 1338
  stamp: 
    secs: 1548820790
    nsecs: 605041505
  frame_id: "base_link"
angle_min: -2.35619449615
angle_max: 2.35619449615
angle_increment: 0.00436332309619
time_increment: 1.73611151695e-05
scan_time: 0.0250000003725
range_min: 0.019999999553
range_max: 30.0
ranges: [0.4560000002384186, 0.4569999873638153, 0.4560000002384186, 0.453000009059906, 0.4580000042915344, 0.46799999475479126, 0.47099998593330383, 0.4659999907016754, 0.4650000035762787, 0.4659999907016754, 0.46700000762939453, 0.4659999907016754, 0.4580000042915344, 0.4569999873638153, 0.45500001311302185, 0.4339999854564667, 0.40700000524520874, 0.3569999933242798, 0.27799999713897705, 0.26899999380111694, 0.37400001287460327, 0.4189999997615814, 0.44200000166893005, 0.4449999928474426, 0.44699999690055847, 0.44200000166893005, 0.4490000009536743, 0.4580000042915344, 0.4480000138282776, 0.4569999873638153, 0.4429999887943268, 0.4449999928474426, 0.44999998807907104, 0.4519999921321869, 0.44699999690055847, 0.44699999690055847, 0.4490000009536743, 0.44699999690055847, 0.44600000977516174, 0.44600000977516174, 0.4480000138282776, 0.4480000138282776, 0.4429999887943268, 0.44699999690055847, 0.4429999887943268, 0.4410000145435333, 0.44200000166893005, 0.43299999833106995, 0.43299999833106995, 0.4399999976158142, 0.4399999976158142, 0.43799999356269836, 0.4350000023841858, 0.43799999356269836, 0.4410000145435333, 0.44200000166893005, 0.45100000500679016, 0.4429999887943268, 0.4390000104904175, 0.42899999022483826, 0.42899999022483826, 0.4300000071525574, 0.43299999833106995, 0.4320000112056732, 0.42500001192092896, 0.43299999833106995, 0.43799999356269836, 0.4390000104904175, 0.43700000643730164, 0.43700000643730164, 0.4269999861717224, 0.4269999861717224, 0.4339999854564667, 0.43700000643730164, 0.43700000643730164, 0.43299999833106995, 0.4300000071525574, 0.43299999833106995, 0.43299999833106995, 0.4359999895095825, 0.4350000023841858, 0.42800000309944153, 0.42399999499320984, 0.42500001192092896, 0.42500001192092896, 0.42500001192092896, 0.421999990940094, 0.4189999997615814, 0.42100000381469727, 0.42399999499320984, 0.42800000309944153, 0.421999990940094, 0.42100000381469727, 0.42100000381469727, 0.4230000078678131, 0.42500001192092896, 0.4230000078678131, 0.4230000078678131, 0.42399999499320984, 0.4230000078678131, 0.42399999499320984, 0.41999998688697815, 0.41999998688697815, 0.41999998688697815, 0.4169999957084656, 0.414000004529953, 0.41499999165534973, 0.414000004529953, 0.41600000858306885, 0.41600000858306885, 0.41600000858306885, 0.4180000126361847, 0.4169999957084656, 0.41600000858306885, 0.41600000858306885, 0.4169999957084656, 0.41600000858306885, 0.4169999957084656, 0.4259999990463257, 0.4269999861717224, 0.4169999957084656, 0.41100001335144043, 0.41100001335144043, 0.41200000047683716, 0.41600000858306885, 0.4189999997615814, 0.4189999997615814, 0.4189999997615814, 0.4180000126361847, 0.4189999997615814, 0.4169999957084656, 0.4180000126361847, 0.4189999997615814, 0.4180000126361847, 0.414000004529953, 0.4129999876022339, 0.41499999165534973, 0.4180000126361847, 0.4180000126361847, 0.42399999499320984, 0.4180000126361847, 0.41499999165534973, 0.4189999997615814, 0.421999990940094, 0.41999998688697815, 0.41999998688697815, 0.4169999957084656, 0.4189999997615814, 0.41999998688697815, 0.41999998688697815, 0.421999990940094, 0.421999990940094, 0.4189999997615814, 0.4189999997615814, 0.4180000126361847, 0.4180000126361847, 0.42399999499320984, 0.42399999499320984, 0.4300000071525574, 0.42500001192092896, 0.42800000309944153, 0.4320000112056732, 0.4300000071525574, 0.42500001192092896, 0.42500001192092896, 0.4259999990463257, 0.4259999990463257, 0.42500001192092896, 0.4230000078678131, 0.4230000078678131, 0.4320000112056732, 0.4320000112056732, 0.4300000071525574, 0.43299999833106995, 0.4320000112056732, 0.4269999861717224, 0.4269999861717224, 0.42800000309944153, 0.4269999861717224, 0.42899999022483826, 0.42899999022483826, 0.4269999861717224, 0.4230000078678131, 0.4230000078678131, 0.4300000071525574, 0.4359999895095825, 0.4269999861717224, 0.42399999499320984, 0.42899999022483826, 0.4390000104904175, 0.4320000112056732, 0.4309999942779541, 0.4309999942779541, 0.4230000078678131, 0.42100000381469727, 0.4259999990463257, 0.4399999976158142, 0.4390000104904175, 0.4320000112056732, 0.4269999861717224, 0.4269999861717224, 0.43700000643730164, 0.43700000643730164, 0.4339999854564667, 0.4309999942779541, 0.4339999854564667, 0.4359999895095825, 0.4320000112056732, 0.4359999895095825, 0.43299999833106995, 0.4309999942779541, 0.4339999854564667, 0.4359999895095825, 0.43700000643730164, 0.4399999976158142, 0.4390000104904175, 0.4399999976158142, 0.4410000145435333, 0.44600000977516174, 0.44699999690055847, 0.44600000977516174, 0.4449999928474426, 0.44200000166893005, 0.4429999887943268, 0.44200000166893005, 0.44699999690055847, 0.4519999921321869, 0.4490000009536743, 0.4449999928474426, 0.4449999928474426, 0.44600000977516174, 0.4490000009536743, 0.453000009059906, 0.45500001311302185, 0.44999998807907104, 0.44999998807907104, 0.4519999921321869, 0.45500001311302185, 0.45399999618530273, 0.4519999921321869, 0.4560000002384186, 0.4580000042915344, 0.4580000042915344, 0.4560000002384186, 0.4560000002384186, 0.460999995470047, 0.46000000834465027, 0.460999995470047, 0.4650000035762787, 0.4699999988079071, 0.4779999852180481, 0.46799999475479126, 0.46799999475479126, 0.4779999852180481, 0.4749999940395355, 0.4729999899864197, 0.4729999899864197, 0.47600001096725464, 0.48100000619888306, 0.4790000021457672, 0.47699999809265137, 0.48399999737739563, 0.492000013589859, 0.492000013589859, 0.4860000014305115, 0.48500001430511475, 0.49300000071525574, 0.4950000047683716, 0.49399998784065247, 0.4970000088214874, 0.5, 0.5040000081062317, 0.5, 0.49300000071525574, 0.5009999871253967, 0.5149999856948853, 0.5139999985694885, 0.5090000033378601, 0.5090000033378601, 0.5139999985694885, 0.5170000195503235, 0.5199999809265137, 0.5199999809265137, 0.5199999809265137, 0.5189999938011169, 0.5180000066757202, 0.515999972820282, 0.5170000195503235, 0.5220000147819519, 0.5239999890327454, 0.5299999713897705, 0.5289999842643738, 0.5360000133514404, 0.5370000004768372, 0.5379999876022339, 0.5460000038146973, 0.5460000038146973, 0.5450000166893005, 0.5440000295639038, 0.5479999780654907, 0.5580000281333923, 0.5580000281333923, 0.5590000152587891, 0.5600000023841858, 0.5649999976158142, 0.5550000071525574, 0.5569999814033508, 0.5630000233650208, 0.5659999847412109, 0.5720000267028809, 0.5759999752044678, 0.5759999752044678, 0.5789999961853027, 0.5830000042915344, 0.5910000205039978, 0.5920000076293945, 0.5960000157356262, 0.6000000238418579, 0.5989999771118164, 0.6010000109672546, 0.6039999723434448, 0.6079999804496765, 0.609000027179718, 0.6129999756813049, 0.6150000095367432, 0.6200000047683716, 0.625, 0.6240000128746033, 0.621999979019165, 0.6240000128746033, 0.6299999952316284, 0.6299999952316284, 0.6309999823570251, 0.6399999856948853, 0.6420000195503235, 0.6460000276565552, 0.6520000100135803, 0.656000018119812, 0.6629999876022339, 0.6620000004768372, 0.6629999876022339, 0.6669999957084656, 0.6710000038146973, 0.6779999732971191, 0.6819999814033508, 0.6890000104904175, 0.6959999799728394, 0.6959999799728394, 0.7020000219345093, 0.7020000219345093, 0.7039999961853027, 0.7089999914169312, 0.7200000286102295, 0.7229999899864197, 0.7200000286102295, 0.722000002861023, 0.7329999804496765, 0.746999979019165, 0.7519999742507935, 0.75, 0.7580000162124634, 0.7620000243186951, 0.7710000276565552, 0.7820000052452087, 0.7850000262260437, 0.7879999876022339, 0.7960000038146973, 0.7979999780654907, 0.8069999814033508, 0.8180000185966492, 0.8220000267028809, 0.8209999799728394, 0.8330000042915344, 0.8389999866485596, 0.8510000109672546, 0.8510000109672546, 0.8510000109672546, 0.8579999804496765, 0.8740000128746033, 0.8790000081062317, 0.8820000290870667, 0.8949999809265137, 0.9049999713897705, 0.9290000200271606, 0.9309999942779541, 0.9340000152587891, 0.9409999847412109, 0.9440000057220459, 0.9539999961853027, 0.972000002861023, 0.9700000286102295, 0.9860000014305115, 1.003999948501587, 1.0180000066757202, 1.034000039100647, 1.0360000133514404, 1.0460000038146973, 1.0549999475479126, 1.059999942779541, 1.0759999752044678, 1.0809999704360962, 1.1069999933242798, 1.184999942779541, 1.2300000190734863, 1.4980000257492065, 2.1470000743865967, 2.1559998989105225, 2.1630001068115234, 2.1649999618530273, 2.1679999828338623, 2.1689999103546143, 2.1600000858306885, 2.1579999923706055, 2.1579999923706055, 2.1589999198913574, 2.1530001163482666, 2.1470000743865967, 2.1449999809265137, 2.1429998874664307, 2.134999990463257, 2.130000114440918, 2.134000062942505, 2.134000062942505, 2.135999917984009, 2.119999885559082, 2.121999979019165, 2.125999927520752, 2.13100004196167, 2.125999927520752, 2.11899995803833, 2.114000082015991, 2.114000082015991, 2.109999895095825, 2.109999895095825, 2.109999895095825, 2.111999988555908, 2.114000082015991, 2.1089999675750732, 2.1080000400543213, 2.1050000190734863, 2.1050000190734863, 2.0969998836517334, 2.0950000286102295, 2.0880000591278076, 2.0889999866485596, 2.0889999866485596, 2.0869998931884766, 2.0859999656677246, 2.0889999866485596, 2.0929999351501465, 2.0859999656677246, 2.075000047683716, 2.072999954223633, 2.065999984741211, 2.065999984741211, 2.071000099182129, 2.0759999752044678, 2.069999933242798, 2.052000045776367, 2.049999952316284, 2.0490000247955322, 2.058000087738037, 2.058000087738037, 2.0420000553131104, 2.0490000247955322, 2.0409998893737793, 2.0309998989105225, 2.0329999923706055, 2.0329999923706055, 2.0299999713897705, 2.0290000438690186, 2.0169999599456787, 2.0139999389648438, 2.010999917984009, 2.003999948501587, 2.00600004196167, 2.009000062942505, 2.005000114440918, 2.000999927520752, 1.99399995803833, 1.9859999418258667, 1.9859999418258667, 1.9839999675750732, 1.9839999675750732, 1.9759999513626099, 1.9670000076293945, 1.965000033378601, 1.9639999866485596, 1.9589999914169312, 1.9559999704360962, 1.9490000009536743, 1.940999984741211, 1.9329999685287476, 1.934000015258789, 1.9329999685287476, 1.9290000200271606, 1.9240000247955322, 1.9140000343322754, 1.902999997138977, 1.899999976158142, 1.899999976158142, 1.8910000324249268, 1.8869999647140503, 1.8869999647140503, 1.8830000162124634, 1.878000020980835, 1.8730000257492065, 1.871000051498413, 1.8580000400543213, 1.8550000190734863, 1.8459999561309814, 1.8359999656677246, 1.8309999704360962, 1.8339999914169312, 1.8359999656677246, 1.819000005722046, 1.8079999685287476, 1.8070000410079956, 1.8020000457763672, 1.8020000457763672, 1.7960000038146973, 1.777999997138977, 1.7799999713897705, 1.7730000019073486, 1.7599999904632568, 1.753000020980835, 1.7419999837875366, 1.7389999628067017, 1.7350000143051147, 1.7319999933242798, 1.715000033378601, 1.7089999914169312, 1.7009999752044678, 1.6950000524520874, 1.6890000104904175, 1.6779999732971191, 1.6679999828338623, 1.6619999408721924, 1.659000039100647, 1.6579999923706055, 1.649999976158142, 1.6390000581741333, 1.6380000114440918, 1.6119999885559082, 1.6089999675750732, 1.6009999513626099, 1.5889999866485596, 1.5800000429153442, 1.5709999799728394, 1.565000057220459, 1.5570000410079956, 1.5470000505447388, 1.5399999618530273, 1.534999966621399, 1.524999976158142, 1.5180000066757202, 1.5049999952316284, 1.5, 1.4839999675750732, 1.4780000448226929, 1.465000033378601, 1.4539999961853027, 1.4500000476837158, 1.440999984741211, 1.430999994277954, 1.4259999990463257, 1.4170000553131104, 1.399999976158142, 1.3849999904632568, 1.378999948501587, 1.3639999628067017, 1.3489999771118164, 1.3450000286102295, 1.3350000381469727, 1.3140000104904175, 1.3020000457763672, 1.2960000038146973, 1.284000039100647, 1.2769999504089355, 1.2599999904632568, 1.2510000467300415, 1.2289999723434448, 1.2209999561309814, 1.2120000123977661, 1.1990000009536743, 1.187999963760376, 1.1729999780654907, 1.1619999408721924, 1.1469999551773071, 1.13100004196167, 1.1069999933242798, 1.1039999723434448, 1.1019999980926514, 1.0839999914169312, 1.0800000429153442, 1.0709999799728394, 1.055999994277954, 1.0440000295639038, 1.0369999408721924, 1.031999945640564, 1.0269999504089355, 1.0149999856948853, 1.0019999742507935, 1.0019999742507935, 0.9850000143051147, 0.9750000238418579, 0.972000002861023, 0.9660000205039978, 0.9649999737739563, 0.9559999704360962, 0.9419999718666077, 0.9380000233650208, 0.9319999814033508, 0.9210000038146973, 0.9129999876022339, 0.9129999876022339, 0.9100000262260437, 0.902999997138977, 0.8989999890327454, 0.8970000147819519, 0.8920000195503235, 0.8799999952316284, 0.8769999742507935, 0.871999979019165, 0.8669999837875366, 0.8619999885559082, 0.8579999804496765, 0.8560000061988831, 0.8500000238418579, 0.8450000286102295, 0.8389999866485596, 0.8360000252723694, 0.824999988079071, 0.8230000138282776, 0.8220000267028809, 0.8190000057220459, 0.8180000185966492, 0.8140000104904175, 0.8109999895095825, 0.8029999732971191, 0.796999990940094, 0.7870000004768372, 0.7839999794960022, 0.7799999713897705, 0.7749999761581421, 0.7720000147819519, 0.765999972820282, 0.7620000243186951, 0.7580000162124634, 0.7540000081062317, 0.7459999918937683, 0.7409999966621399, 0.7419999837875366, 0.7419999837875366, 0.7409999966621399, 0.7260000109672546, 0.7250000238418579, 0.7279999852180481, 0.7250000238418579, 0.7239999771118164, 0.7229999899864197, 0.7139999866485596, 0.7080000042915344, 0.7020000219345093, 0.7009999752044678, 0.703000009059906, 0.7020000219345093, 0.7009999752044678, 0.6980000138282776, 0.6919999718666077, 0.6819999814033508, 0.6809999942779541, 0.6809999942779541, 0.6819999814033508, 0.6729999780654907, 0.6729999780654907, 0.6679999828338623, 0.6620000004768372, 0.6660000085830688, 0.6700000166893005, 0.6539999842643738, 0.6549999713897705, 0.652999997138977, 0.6489999890327454, 0.6510000228881836, 0.6510000228881836, 0.6460000276565552, 0.640999972820282, 0.640999972820282, 0.6380000114440918, 0.6330000162124634, 0.6330000162124634, 0.6299999952316284, 0.6269999742507935, 0.621999979019165, 0.621999979019165, 0.621999979019165, 0.6150000095367432, 0.6140000224113464, 0.6119999885559082, 0.6119999885559082, 0.6100000143051147, 0.6079999804496765, 0.6019999980926514, 0.6050000190734863, 0.6010000109672546, 0.5950000286102295, 0.5920000076293945, 0.5920000076293945, 0.593999981880188, 0.5929999947547913, 0.5849999785423279, 0.5839999914169312, 0.5839999914169312, 0.578000009059906, 0.5770000219345093, 0.5789999961853027, 0.5809999704360962, 0.5809999704360962, 0.578000009059906, 0.5759999752044678, 0.574999988079071, 0.5730000138282776, 0.5680000185966492, 0.5659999847412109, 0.5659999847412109, 0.5669999718666077, 0.5669999718666077, 0.5659999847412109, 0.5659999847412109, 0.5619999766349792, 0.5630000233650208, 0.5569999814033508, 0.5519999861717224, 0.5519999861717224, 0.5479999780654907, 0.546999990940094, 0.5440000295639038, 0.5429999828338623, 0.5400000214576721, 0.546999990940094, 0.546999990940094, 0.5460000038146973, 0.5419999957084656, 0.5419999957084656, 0.5379999876022339, 0.5350000262260437, 0.5320000052452087, 0.531000018119812, 0.5320000052452087, 0.5329999923706055, 0.5339999794960022, 0.5339999794960022, 0.5339999794960022, 0.5370000004768372, 0.5350000262260437, 0.5339999794960022, 0.5329999923706055, 0.5329999923706055, 0.527999997138977, 0.5270000100135803, 0.5260000228881836, 0.5260000228881836, 0.5230000019073486, 0.5249999761581421, 0.5249999761581421, 0.527999997138977, 0.5299999713897705, 0.5299999713897705, 0.5239999890327454, 0.5180000066757202, 0.5220000147819519, 0.5210000276565552, 0.5170000195503235, 0.5170000195503235, 0.5149999856948853, 0.5180000066757202, 0.5139999985694885, 0.5379999876022339, 0.5099999904632568, 0.5059999823570251, 0.5070000290870667, 0.5080000162124634, 0.5080000162124634, 0.5090000033378601, 0.5049999952316284, 0.5009999871253967, 0.5080000162124634, 0.5080000162124634, 0.5019999742507935, 0.503000020980835, 0.5099999904632568, 0.5099999904632568, 0.5019999742507935, 0.4950000047683716, 0.4950000047683716, 0.49900001287460327, 0.49799999594688416, 0.5019999742507935, 0.5009999871253967, 0.5019999742507935, 0.49799999594688416, 0.4959999918937683, 0.49399998784065247, 0.49300000071525574, 0.49000000953674316, 0.49300000071525574, 0.4970000088214874, 0.503000020980835, 0.5070000290870667, 0.5040000081062317, 0.5009999871253967, 0.5009999871253967, 0.4970000088214874, 0.5009999871253967, 0.5009999871253967, 0.49799999594688416, 0.49399998784065247, 0.49399998784065247, 0.49399998784065247, 0.492000013589859, 0.4909999966621399, 0.49000000953674316, 0.4959999918937683, 0.4970000088214874, 0.4950000047683716, 0.49300000071525574, 0.49000000953674316, 0.49000000953674316, 0.4909999966621399, 0.4950000047683716, 0.49000000953674316, 0.49000000953674316, 0.48899999260902405, 0.4950000047683716, 0.49000000953674316, 0.49300000071525574, 0.48899999260902405, 0.4950000047683716, 0.49000000953674316, 0.49300000071525574, 0.49399998784065247, 0.49300000071525574, 0.49399998784065247, 0.4959999918937683, 0.4959999918937683, 0.49000000953674316, 0.48899999260902405, 0.4880000054836273, 0.4909999966621399, 0.49000000953674316, 0.4950000047683716, 0.4909999966621399, 0.49399998784065247, 0.49300000071525574, 0.49300000071525574, 0.49799999594688416, 0.49000000953674316, 0.49000000953674316, 0.49300000071525574, 0.49799999594688416, 0.4869999885559082, 0.49000000953674316, 0.4970000088214874, 0.49900001287460327, 0.4970000088214874, 0.49799999594688416, 0.4970000088214874, 0.4970000088214874, 0.4970000088214874, 0.4959999918937683, 0.4950000047683716, 0.49799999594688416, 0.4959999918937683, 0.4880000054836273, 0.4959999918937683, 0.49900001287460327, 0.49799999594688416, 0.49799999594688416, 0.4959999918937683, 0.49300000071525574, 0.49300000071525574, 0.4950000047683716, 0.4970000088214874, 0.4950000047683716, 0.49399998784065247, 0.4950000047683716, 0.49799999594688416, 0.49799999594688416, 0.4970000088214874, 0.5019999742507935, 0.4970000088214874, 0.5009999871253967, 0.4970000088214874, 0.5009999871253967, 0.503000020980835, 0.5049999952316284, 0.5040000081062317, 0.5009999871253967, 0.4950000047683716, 0.5040000081062317, 0.5080000162124634, 0.5090000033378601, 0.5070000290870667, 0.5070000290870667, 0.5090000033378601, 0.5109999775886536, 0.5130000114440918, 0.5090000033378601, 0.5080000162124634, 0.5070000290870667, 0.5059999823570251, 0.5059999823570251, 0.5059999823570251, 0.5130000114440918, 0.5170000195503235, 0.5139999985694885, 0.5130000114440918, 0.515999972820282, 0.5180000066757202, 0.515999972820282, 0.5139999985694885, 0.5139999985694885, 0.5139999985694885, 0.5120000243186951, 0.5120000243186951, 0.5180000066757202, 0.515999972820282, 0.515999972820282, 0.5149999856948853, 0.5109999775886536, 0.5090000033378601, 0.5170000195503235, 0.5189999938011169, 0.5170000195503235, 0.515999972820282, 0.5139999985694885, 0.5170000195503235, 0.5199999809265137, 0.5220000147819519, 0.5230000019073486, 0.5239999890327454, 0.5239999890327454, 0.5220000147819519, 0.5249999761581421, 0.5230000019073486, 0.527999997138977, 0.5289999842643738, 0.5289999842643738, 0.5320000052452087, 0.5389999747276306, 0.5350000262260437, 0.5299999713897705, 0.5350000262260437, 0.5460000038146973, 0.546999990940094, 0.5450000166893005, 0.5450000166893005, 0.5460000038146973, 0.5429999828338623, 0.5379999876022339, 0.5379999876022339, 0.5410000085830688, 0.5460000038146973, 0.5490000247955322, 0.5540000200271606, 0.546999990940094, 0.546999990940094, 0.546999990940094, 0.5590000152587891, 0.5590000152587891, 0.5619999766349792, 0.5609999895095825, 0.5600000023841858, 0.5649999976158142, 0.5709999799728394, 0.5669999718666077, 0.5630000233650208, 0.5690000057220459, 0.5699999928474426, 0.5799999833106995, 0.5820000171661377, 0.5860000252723694, 0.5820000171661377, 0.578000009059906, 0.5759999752044678, 0.5770000219345093, 0.5870000123977661, 0.5989999771118164, 0.5920000076293945, 0.5899999737739563, 0.5899999737739563, 0.6029999852180481, 0.6060000061988831, 0.6060000061988831, 0.6060000061988831, 0.6060000061988831, 0.6060000061988831, 0.6159999966621399, 0.6159999966621399, 0.6079999804496765, 0.6169999837875366, 0.6179999709129333, 0.621999979019165, 0.6200000047683716, 0.6259999871253967, 0.621999979019165, 0.621999979019165, 0.6299999952316284, 0.6299999952316284, 0.6309999823570251, 0.6320000290870667, 0.6330000162124634, 0.6340000033378601, 0.6370000243186951, 0.640999972820282, 0.6420000195503235, 0.6439999938011169, 0.6399999856948853, 0.6420000195503235, 0.640999972820282, 0.6380000114440918, 0.6439999938011169, 0.6460000276565552, 0.6480000019073486, 0.6449999809265137, 0.6539999842643738, 0.6579999923706055, 0.6629999876022339, 0.6610000133514404, 0.6610000133514404, 0.6579999923706055, 0.6650000214576721, 0.671999990940094, 0.6669999957084656, 0.671999990940094, 0.6700000166893005, 0.6790000200271606, 0.6830000281333923, 0.6830000281333923, 0.6919999718666077, 0.6959999799728394, 0.6949999928474426, 0.6970000267028809, 0.7059999704360962, 0.7120000123977661, 0.7160000205039978, 0.7160000205039978, 0.7080000042915344, 0.7089999914169312, 0.7110000252723694, 0.7089999914169312, 0.7120000123977661, 0.7210000157356262, 0.7200000286102295, 0.7149999737739563, 0.7099999785423279, 0.7149999737739563, 0.7269999980926514, 0.734000027179718, 0.7369999885559082, 0.7440000176429749, 0.75, 0.7509999871253967, 0.7570000290870667, 0.7649999856948853, 0.7720000147819519, 0.7799999713897705, 0.7829999923706055, 0.7829999923706055, 0.7860000133514404, 0.7889999747276306, 0.7910000085830688, 0.7879999876022339, 0.7820000052452087, 0.7950000166893005, 0.8069999814033508, 0.8090000152587891, 0.8080000281333923, 0.8080000281333923, 0.8100000023841858]
intensities: [1092.0, 1112.0, 1161.0, 1179.0, 1246.0, 1343.0, 1461.0, 1457.0, 1507.0, 1505.0, 1524.0, 1536.0, 1531.0, 1477.0, 1424.0, 1233.0, 1114.0, 988.0, 819.0, 800.0, 957.0, 1026.0, 1072.0, 1085.0, 1083.0, 1046.0, 1059.0, 1091.0, 1050.0, 1162.0, 1223.0, 1331.0, 1381.0, 1474.0, 1593.0, 1621.0, 1639.0, 1648.0, 1677.0, 1667.0, 1684.0, 1706.0, 1724.0, 1721.0, 1718.0, 1727.0, 1723.0, 1734.0, 1736.0, 1739.0, 1739.0, 1716.0, 1733.0, 1721.0, 1729.0, 1717.0, 1705.0, 1732.0, 1707.0, 1696.0, 1696.0, 1712.0, 1712.0, 1723.0, 1696.0, 1698.0, 1691.0, 1698.0, 1672.0, 1719.0, 1723.0, 1719.0, 1716.0, 1715.0, 1710.0, 1686.0, 1700.0, 1695.0, 1693.0, 1701.0, 1684.0, 1682.0, 1683.0, 1683.0, 1679.0, 1696.0, 1673.0, 1678.0, 1666.0, 1651.0, 1664.0, 1662.0, 1660.0, 1656.0, 1656.0, 1667.0, 1671.0, 1673.0, 1646.0, 1656.0, 1646.0, 1655.0, 1624.0, 1624.0, 1636.0, 1653.0, 1647.0, 1655.0, 1643.0, 1643.0, 1643.0, 1645.0, 1638.0, 1637.0, 1637.0, 1638.0, 1646.0, 1619.0, 1628.0, 1655.0, 1607.0, 1586.0, 1586.0, 1580.0, 1592.0, 1577.0, 1577.0, 1577.0, 1572.0, 1571.0, 1567.0, 1546.0, 1561.0, 1548.0, 1561.0, 1546.0, 1521.0, 1508.0, 1508.0, 1512.0, 1516.0, 1517.0, 1504.0, 1497.0, 1497.0, 1481.0, 1482.0, 1466.0, 1476.0, 1476.0, 1462.0, 1457.0, 1445.0, 1432.0, 1425.0, 1409.0, 1412.0, 1401.0, 1403.0, 1378.0, 1390.0, 1402.0, 1365.0, 1344.0, 1344.0, 1361.0, 1345.0, 1347.0, 1332.0, 1331.0, 1293.0, 1298.0, 1308.0, 1304.0, 1307.0, 1286.0, 1281.0, 1287.0, 1286.0, 1287.0, 1287.0, 1278.0, 1257.0, 1250.0, 1236.0, 1236.0, 1236.0, 1235.0, 1235.0, 1226.0, 1227.0, 1228.0, 1230.0, 1217.0, 1211.0, 1209.0, 1205.0, 1195.0, 1195.0, 1200.0, 1198.0, 1203.0, 1192.0, 1186.0, 1181.0, 1186.0, 1181.0, 1175.0, 1183.0, 1172.0, 1174.0, 1178.0, 1158.0, 1162.0, 1165.0, 1163.0, 1165.0, 1154.0, 1154.0, 1153.0, 1154.0, 1148.0, 1134.0, 1141.0, 1138.0, 1141.0, 1142.0, 1130.0, 1131.0, 1136.0, 1142.0, 1136.0, 1137.0, 1134.0, 1133.0, 1124.0, 1123.0, 1128.0, 1127.0, 1132.0, 1137.0, 1138.0, 1136.0, 1123.0, 1123.0, 1131.0, 1126.0, 1125.0, 1116.0, 1114.0, 1159.0, 1106.0, 1106.0, 1159.0, 1143.0, 1128.0, 1128.0, 1134.0, 1137.0, 1137.0, 1137.0, 1144.0, 1146.0, 1138.0, 1150.0, 1145.0, 1130.0, 1122.0, 1117.0, 1152.0, 1164.0, 1152.0, 1140.0, 1102.0, 1125.0, 1149.0, 1144.0, 1150.0, 1150.0, 1142.0, 1117.0, 1125.0, 1121.0, 1121.0, 1132.0, 1136.0, 1132.0, 1133.0, 1128.0, 1124.0, 1129.0, 1135.0, 1138.0, 1141.0, 1145.0, 1134.0, 1134.0, 1137.0, 1128.0, 1140.0, 1138.0, 1138.0, 1144.0, 1138.0, 1129.0, 1141.0, 1139.0, 1139.0, 1140.0, 1147.0, 1141.0, 1141.0, 1145.0, 1144.0, 1152.0, 1152.0, 1159.0, 1150.0, 1140.0, 1141.0, 1138.0, 1152.0, 1138.0, 1140.0, 1153.0, 1151.0, 1150.0, 1148.0, 1147.0, 1145.0, 1143.0, 1143.0, 1145.0, 1152.0, 1149.0, 1141.0, 1157.0, 1137.0, 1133.0, 1131.0, 1131.0, 1132.0, 1135.0, 1133.0, 1125.0, 1129.0, 1136.0, 1136.0, 1113.0, 1113.0, 1116.0, 1115.0, 1122.0, 1125.0, 1104.0, 1116.0, 1119.0, 1128.0, 1120.0, 1103.0, 1121.0, 1121.0, 1109.0, 1121.0, 1131.0, 1123.0, 1136.0, 1134.0, 1139.0, 1138.0, 1138.0, 1118.0, 1129.0, 1120.0, 1115.0, 1115.0, 1094.0, 1097.0, 1111.0, 1097.0, 1104.0, 1115.0, 1112.0, 1107.0, 1113.0, 1119.0, 1104.0, 1104.0, 1100.0, 1118.0, 1099.0, 1079.0, 1103.0, 1116.0, 1131.0, 1119.0, 1111.0, 1114.0, 1136.0, 1174.0, 1164.0, 1194.0, 1418.0, 1447.0, 1315.0, 1030.0, 1044.0, 1027.0, 1014.0, 1015.0, 1020.0, 1017.0, 1019.0, 1019.0, 1021.0, 1022.0, 1022.0, 1022.0, 1021.0, 1031.0, 1029.0, 1028.0, 1030.0, 1029.0, 1038.0, 1039.0, 1035.0, 1044.0, 1055.0, 1067.0, 1059.0, 1063.0, 1063.0, 1070.0, 1078.0, 1073.0, 1082.0, 1101.0, 1096.0, 1086.0, 1086.0, 1092.0, 1083.0, 1068.0, 1086.0, 1086.0, 1084.0, 1075.0, 1082.0, 1090.0, 1085.0, 1085.0, 1088.0, 1084.0, 1084.0, 1086.0, 1098.0, 1085.0, 1085.0, 1084.0, 1091.0, 1093.0, 1093.0, 1102.0, 1094.0, 1100.0, 1096.0, 1106.0, 1102.0, 1094.0, 1103.0, 1090.0, 1092.0, 1104.0, 1082.0, 1090.0, 1098.0, 1093.0, 1095.0, 1086.0, 1090.0, 1100.0, 1089.0, 1096.0, 1095.0, 1092.0, 1091.0, 1107.0, 1091.0, 1101.0, 1103.0, 1095.0, 1105.0, 1114.0, 1105.0, 1101.0, 1104.0, 1105.0, 1109.0, 1108.0, 1110.0, 1114.0, 1118.0, 1118.0, 1104.0, 1107.0, 1118.0, 1112.0, 1109.0, 1106.0, 1107.0, 1113.0, 1115.0, 1113.0, 1117.0, 1116.0, 1112.0, 1110.0, 1112.0, 1113.0, 1120.0, 1115.0, 1131.0, 1117.0, 1103.0, 1121.0, 1096.0, 1108.0, 1119.0, 1100.0, 1096.0, 1106.0, 1114.0, 1119.0, 1099.0, 1107.0, 1107.0, 1112.0, 1118.0, 1114.0, 1116.0, 1109.0, 1107.0, 1107.0, 1125.0, 1121.0, 1105.0, 1115.0, 1102.0, 1108.0, 1117.0, 1098.0, 1105.0, 1116.0, 1104.0, 1117.0, 1112.0, 1113.0, 1101.0, 1118.0, 1106.0, 1102.0, 1109.0, 1119.0, 1109.0, 1093.0, 1102.0, 1109.0, 1094.0, 1096.0, 1110.0, 1100.0, 1098.0, 1101.0, 1106.0, 1102.0, 1106.0, 1111.0, 1125.0, 1106.0, 1123.0, 1103.0, 1106.0, 1121.0, 1110.0, 1104.0, 1095.0, 1132.0, 1104.0, 1096.0, 1121.0, 1125.0, 1130.0, 1136.0, 1126.0, 1140.0, 1134.0, 1115.0, 1125.0, 1132.0, 1126.0, 1129.0, 1112.0, 1112.0, 1125.0, 1130.0, 1146.0, 1161.0, 1155.0, 1149.0, 1149.0, 1161.0, 1169.0, 1187.0, 1197.0, 1197.0, 1198.0, 1216.0, 1214.0, 1220.0, 1238.0, 1247.0, 1246.0, 1272.0, 1275.0, 1279.0, 1269.0, 1285.0, 1296.0, 1302.0, 1310.0, 1311.0, 1315.0, 1330.0, 1337.0, 1331.0, 1331.0, 1338.0, 1350.0, 1349.0, 1357.0, 1371.0, 1366.0, 1382.0, 1372.0, 1383.0, 1433.0, 1440.0, 1452.0, 1464.0, 1496.0, 1488.0, 1485.0, 1469.0, 1457.0, 1454.0, 1450.0, 1443.0, 1430.0, 1452.0, 1459.0, 1456.0, 1465.0, 1472.0, 1469.0, 1465.0, 1467.0, 1474.0, 1478.0, 1488.0, 1504.0, 1519.0, 1519.0, 1524.0, 1525.0, 1529.0, 1542.0, 1527.0, 1528.0, 1529.0, 1549.0, 1558.0, 1558.0, 1563.0, 1563.0, 1563.0, 1575.0, 1570.0, 1570.0, 1581.0, 1591.0, 1591.0, 1574.0, 1594.0, 1591.0, 1591.0, 1586.0, 1589.0, 1616.0, 1607.0, 1629.0, 1622.0, 1629.0, 1654.0, 1658.0, 1651.0, 1648.0, 1660.0, 1660.0, 1679.0, 1691.0, 1689.0, 1693.0, 1693.0, 1690.0, 1687.0, 1692.0, 1691.0, 1691.0, 1697.0, 1697.0, 1699.0, 1704.0, 1700.0, 1703.0, 1703.0, 1704.0, 1704.0, 1703.0, 1703.0, 1705.0, 1704.0, 1706.0, 1700.0, 1694.0, 1694.0, 1684.0, 1689.0, 1703.0, 1701.0, 1693.0, 1675.0, 1692.0, 1681.0, 1681.0, 1700.0, 1682.0, 1683.0, 1685.0, 1693.0, 1705.0, 1717.0, 1712.0, 1712.0, 1715.0, 1717.0, 1717.0, 1704.0, 1691.0, 1721.0, 1723.0, 1721.0, 1722.0, 1716.0, 1713.0, 1698.0, 1714.0, 1709.0, 1709.0, 1715.0, 1720.0, 1699.0, 1711.0, 1720.0, 1720.0, 1680.0, 1662.0, 1672.0, 1687.0, 1673.0, 1652.0, 1654.0, 1650.0, 1652.0, 1656.0, 1661.0, 1663.0, 1662.0, 1662.0, 1645.0, 1660.0, 1673.0, 1670.0, 1655.0, 1609.0, 1620.0, 1642.0, 1639.0, 1639.0, 1627.0, 1617.0, 1624.0, 1637.0, 1639.0, 1630.0, 1627.0, 1608.0, 1612.0, 1582.0, 1612.0, 1607.0, 1609.0, 1609.0, 1621.0, 1618.0, 1618.0, 1622.0, 1623.0, 1613.0, 1611.0, 1605.0, 1623.0, 1613.0, 1608.0, 1614.0, 1615.0, 1613.0, 1602.0, 1589.0, 1593.0, 1597.0, 1547.0, 1547.0, 1542.0, 1530.0, 1556.0, 1550.0, 1552.0, 1546.0, 1548.0, 1530.0, 1508.0, 1505.0, 1528.0, 1521.0, 1525.0, 1507.0, 1512.0, 1511.0, 1491.0, 1485.0, 1495.0, 1488.0, 1491.0, 1484.0, 1478.0, 1479.0, 1473.0, 1473.0, 1478.0, 1473.0, 1475.0, 1457.0, 1453.0, 1456.0, 1447.0, 1457.0, 1435.0, 1445.0, 1438.0, 1441.0, 1430.0, 1410.0, 1408.0, 1398.0, 1424.0, 1394.0, 1399.0, 1391.0, 1395.0, 1378.0, 1377.0, 1371.0, 1366.0, 1365.0, 1395.0, 1348.0, 1345.0, 1345.0, 1360.0, 1343.0, 1351.0, 1341.0, 1340.0, 1333.0, 1329.0, 1322.0, 1342.0, 1333.0, 1304.0, 1318.0, 1317.0, 1326.0, 1290.0, 1290.0, 1299.0, 1308.0, 1313.0, 1284.0, 1307.0, 1301.0, 1294.0, 1293.0, 1283.0, 1297.0, 1287.0, 1284.0, 1286.0, 1273.0, 1275.0, 1261.0, 1267.0, 1250.0, 1250.0, 1259.0, 1259.0, 1257.0, 1254.0, 1254.0, 1248.0, 1224.0, 1217.0, 1229.0, 1232.0, 1223.0, 1228.0, 1216.0, 1220.0, 1209.0, 1213.0, 1202.0, 1209.0, 1211.0, 1207.0, 1210.0, 1208.0, 1199.0, 1209.0, 1202.0, 1198.0, 1191.0, 1192.0, 1202.0, 1195.0, 1191.0, 1186.0, 1188.0, 1190.0, 1196.0, 1191.0, 1188.0, 1188.0, 1187.0, 1190.0, 1185.0, 1181.0, 1204.0, 1204.0, 1186.0, 1194.0, 1189.0, 1192.0, 1184.0, 1194.0, 1192.0, 1201.0, 1202.0, 1204.0, 1225.0, 1197.0, 1223.0, 1195.0, 1202.0, 1220.0, 1223.0, 1210.0, 1210.0, 1236.0, 1229.0, 1237.0, 1225.0, 1225.0, 1255.0, 1244.0, 1244.0, 1244.0, 1244.0, 1244.0, 1276.0, 1276.0, 1254.0, 1266.0, 1272.0, 1282.0, 1268.0, 1262.0, 1252.0, 1238.0, 1255.0, 1255.0, 1267.0, 1273.0, 1274.0, 1280.0, 1300.0, 1290.0, 1265.0, 1256.0, 1252.0, 1231.0, 1225.0, 1216.0, 1233.0, 1209.0, 1210.0, 1203.0, 1230.0, 1255.0, 1258.0, 1253.0, 1253.0, 1245.0, 1255.0, 1251.0, 1237.0, 1248.0, 1228.0, 1235.0, 1222.0, 1222.0, 1245.0, 1245.0, 1235.0, 1238.0, 1237.0, 1248.0, 1266.0, 1271.0, 1275.0, 1279.0, 1298.0, 1300.0, 1300.0, 1288.0, 1307.0, 1307.0, 1322.0, 1316.0, 1323.0, 1309.0, 1321.0, 1316.0, 1304.0, 1293.0, 1314.0, 1298.0, 1310.0, 1302.0, 1300.0, 1300.0, 1313.0, 1312.0, 1302.0, 1314.0, 1310.0, 1315.0, 1318.0, 1310.0, 1298.0, 1302.0, 1306.0]