header: 
  seq: 1724
  stamp: 
    secs: 1548820800
    nsecs: 271792316
  frame_id: "base_link"
angle_min: -2.35619449615
angle_max: 2.35619449615
angle_increment: 0.00436332309619
time_increment: 1.73611151695e-05
scan_time: 0.0250000003725
range_min: 0.019999999553
range_max: 30.0
ranges: [0.2980000078678131, 0.29899999499320984, 0.3199999928474426, 0.3199999928474426, 0.32600000500679016, 0.3269999921321869, 0.3199999928474426, 0.3199999928474426, 0.3179999887943268, 0.3109999895095825, 0.3109999895095825, 0.3199999928474426, 0.3199999928474426, 0.31700000166893005, 0.3050000071525574, 0.30000001192092896, 0.29100000858306885, 0.2800000011920929, 0.2680000066757202, 0.2549999952316284, 0.28200000524520874, 0.29899999499320984, 0.29899999499320984, 0.30799999833106995, 0.3140000104904175, 0.3109999895095825, 0.3109999895095825, 0.3070000112056732, 0.3160000145435333, 0.31700000166893005, 0.3149999976158142, 0.3149999976158142, 0.3160000145435333, 0.3230000138282776, 0.3230000138282776, 0.3199999928474426, 0.3179999887943268, 0.3149999976158142, 0.3149999976158142, 0.3179999887943268, 0.3240000009536743, 0.3230000138282776, 0.32100000977516174, 0.3140000104904175, 0.3190000057220459, 0.3160000145435333, 0.31200000643730164, 0.3140000104904175, 0.3149999976158142, 0.3179999887943268, 0.3269999921321869, 0.3269999921321869, 0.3149999976158142, 0.3149999976158142, 0.32600000500679016, 0.3269999921321869, 0.3230000138282776, 0.3230000138282776, 0.3230000138282776, 0.32600000500679016, 0.32600000500679016, 0.33000001311302185, 0.33000001311302185, 0.3310000002384186, 0.3310000002384186, 0.3310000002384186, 0.3310000002384186, 0.33000001311302185, 0.33000001311302185, 0.34200000762939453, 0.33899998664855957, 0.3370000123977661, 0.3370000123977661, 0.3370000123977661, 0.3370000123977661, 0.3370000123977661, 0.3370000123977661, 0.34200000762939453, 0.35100001096725464, 0.3479999899864197, 0.34599998593330383, 0.34700000286102295, 0.34700000286102295, 0.3499999940395355, 0.35199999809265137, 0.35600000619888306, 0.35899999737739563, 0.35899999737739563, 0.3580000102519989, 0.3580000102519989, 0.3610000014305115, 0.35899999737739563, 0.36000001430511475, 0.35899999737739563, 0.35899999737739563, 0.3580000102519989, 0.36399999260902405, 0.36800000071525574, 0.3700000047683716, 0.367000013589859, 0.3659999966621399, 0.36500000953674316, 0.36500000953674316, 0.3659999966621399, 0.3700000047683716, 0.37400001287460327, 0.3790000081062317, 0.3779999911785126, 0.37299999594688416, 0.375, 0.37299999594688416, 0.375, 0.3779999911785126, 0.3779999911785126, 0.3779999911785126, 0.38100001215934753, 0.38600000739097595, 0.3869999945163727, 0.3869999945163727, 0.382999986410141, 0.382999986410141, 0.3880000114440918, 0.3919999897480011, 0.3880000114440918, 0.3880000114440918, 0.3880000114440918, 0.39500001072883606, 0.3959999978542328, 0.39399999380111694, 0.3959999978542328, 0.39399999380111694, 0.39800000190734863, 0.4000000059604645, 0.3959999978542328, 0.40299999713897705, 0.40700000524520874, 0.40799999237060547, 0.41200000047683716, 0.4099999964237213, 0.4169999957084656, 0.4169999957084656, 0.4180000126361847, 0.41999998688697815, 0.42100000381469727, 0.4189999997615814, 0.4230000078678131, 0.42500001192092896, 0.4320000112056732, 0.4300000071525574, 0.43700000643730164, 0.43700000643730164, 0.43700000643730164, 0.44699999690055847, 0.4490000009536743, 0.4519999921321869, 0.4519999921321869, 0.44600000977516174, 0.4449999928474426, 0.4449999928474426, 0.4429999887943268, 0.44699999690055847, 0.4449999928474426, 0.45399999618530273, 0.460999995470047, 0.4729999899864197, 0.47200000286102295, 0.4749999940395355, 0.48100000619888306, 0.4819999933242798, 0.4819999933242798, 0.48399999737739563, 0.48399999737739563, 0.4880000054836273, 0.4880000054836273, 0.4950000047683716, 0.4959999918937683, 0.5040000081062317, 0.5080000162124634, 0.5109999775886536, 0.5099999904632568, 0.5099999904632568, 0.5189999938011169, 0.5230000019073486, 0.5230000019073486, 0.5230000019073486, 0.5320000052452087, 0.5370000004768372, 0.5419999957084656, 0.5429999828338623, 0.5450000166893005, 0.5450000166893005, 0.5550000071525574, 0.5649999976158142, 0.5649999976158142, 0.5699999928474426, 0.5709999799728394, 0.5820000171661377, 0.5860000252723694, 0.5860000252723694, 0.5920000076293945, 0.597000002861023, 0.6029999852180481, 0.6060000061988831, 0.621999979019165, 0.6230000257492065, 0.6230000257492065, 0.628000020980835, 0.6309999823570251, 0.640999972820282, 0.6520000100135803, 0.6600000262260437, 0.6539999842643738, 0.6600000262260437, 0.6669999957084656, 0.6729999780654907, 0.6880000233650208, 0.6859999895095825, 0.6899999976158142, 0.6980000138282776, 0.7070000171661377, 0.7170000076293945, 0.7250000238418579, 0.7289999723434448, 0.7419999837875366, 0.746999979019165, 0.7519999742507935, 0.7599999904632568, 0.7730000019073486, 0.7850000262260437, 0.7919999957084656, 0.7960000038146973, 0.8100000023841858, 0.8130000233650208, 0.8220000267028809, 0.8320000171661377, 0.843999981880188, 0.847000002861023, 0.8659999966621399, 0.8809999823570251, 0.8870000243186951, 0.8930000066757202, 0.902999997138977, 0.9100000262260437, 0.9290000200271606, 0.9520000219345093, 0.9610000252723694, 0.9779999852180481, 0.9879999756813049, 0.9950000047683716, 1.0180000066757202, 1.0269999504089355, 1.0379999876022339, 1.0570000410079956, 1.0720000267028809, 1.1019999980926514, 1.1089999675750732, 1.1410000324249268, 1.156999945640564, 1.184000015258789, 1.1959999799728394, 1.218999981880188, 1.2450000047683716, 1.2569999694824219, 1.2899999618530273, 1.315000057220459, 1.3359999656677246, 1.3730000257492065, 1.4229999780654907, 1.434999942779541, 1.5540000200271606, 1.7089999914169312, 2.5230000019073486, 2.5220000743865967, 2.5179998874664307, 2.5179998874664307, 2.5179998874664307, 2.5230000019073486, 2.51200008392334, 2.509000062942505, 2.5139999389648438, 2.5139999389648438, 2.506999969482422, 2.505000114440918, 2.502000093460083, 2.502000093460083, 2.496999979019165, 2.496000051498413, 2.496000051498413, 2.496000051498413, 2.496000051498413, 2.490000009536743, 2.49399995803833, 2.486999988555908, 2.484999895095825, 2.484999895095825, 2.4860000610351562, 2.489000082015991, 2.4820001125335693, 2.4749999046325684, 2.4739999771118164, 2.4679999351501465, 2.4639999866485596, 2.4639999866485596, 2.4639999866485596, 2.4590001106262207, 2.4579999446868896, 2.4579999446868896, 2.4579999446868896, 2.4539999961853027, 2.447000026702881, 2.443000078201294, 2.443000078201294, 2.440000057220459, 2.433000087738037, 2.430000066757202, 2.430999994277954, 2.430999994277954, 2.4149999618530273, 2.4149999618530273, 2.4149999618530273, 2.4140000343322754, 2.4140000343322754, 2.3980000019073486, 2.3949999809265137, 2.3910000324249268, 2.388000011444092, 2.374000072479248, 2.377000093460083, 2.36899995803833, 2.36299991607666, 2.3580000400543213, 2.3519999980926514, 2.3489999771118164, 2.3440001010894775, 2.3399999141693115, 2.3310000896453857, 2.319000005722046, 2.312999963760376, 2.305000066757202, 2.3010001182556152, 2.2909998893737793, 2.2909998893737793, 2.2839999198913574, 2.2720000743865967, 2.265000104904175, 2.257999897003174, 2.25, 2.249000072479248, 2.2339999675750732, 2.2230000495910645, 2.2200000286102295, 2.2179999351501465, 2.2070000171661377, 2.197999954223633, 2.190999984741211, 2.187999963760376, 2.180000066757202, 2.1679999828338623, 2.1610000133514404, 2.1500000953674316, 2.1440000534057617, 2.134000062942505, 2.127000093460083, 2.119999885559082, 2.1089999675750732, 2.0999999046325684, 2.0989999771118164, 2.0899999141693115, 2.0820000171661377, 2.068000078201294, 2.052000045776367, 2.0460000038146973, 2.0320000648498535, 2.0250000953674316, 2.010999917984009, 1.9989999532699585, 1.9880000352859497, 1.9739999771118164, 1.968999981880188, 1.9579999446868896, 1.9459999799728394, 1.934999942779541, 1.9170000553131104, 1.899999976158142, 1.8830000162124634, 1.8739999532699585, 1.8569999933242798, 1.8480000495910645, 1.8320000171661377, 1.819000005722046, 1.7990000247955322, 1.781999945640564, 1.7760000228881836, 1.7489999532699585, 1.7339999675750732, 1.715000033378601, 1.690000057220459, 1.6670000553131104, 1.6519999504089355, 1.6330000162124634, 1.6039999723434448, 1.590000033378601, 1.5750000476837158, 1.5509999990463257, 1.5399999618530273, 1.5260000228881836, 1.5119999647140503, 1.5, 1.4910000562667847, 1.4850000143051147, 1.4609999656677246, 1.4509999752044678, 1.434999942779541, 1.4190000295639038, 1.3990000486373901, 1.3910000324249268, 1.378999948501587, 1.3650000095367432, 1.350000023841858, 1.3380000591278076, 1.3339999914169312, 1.3240000009536743, 1.309999942779541, 1.2970000505447388, 1.284000039100647, 1.274999976158142, 1.2569999694824219, 1.2480000257492065, 1.2419999837875366, 1.2339999675750732, 1.2230000495910645, 1.2139999866485596, 1.1990000009536743, 1.1890000104904175, 1.1710000038146973, 1.1690000295639038, 1.1619999408721924, 1.1519999504089355, 1.1399999856948853, 1.13100004196167, 1.121999979019165, 1.1200000047683716, 1.1039999723434448, 1.1009999513626099, 1.0980000495910645, 1.0920000076293945, 1.0740000009536743, 1.0679999589920044, 1.0640000104904175, 1.0640000104904175, 1.065000057220459, 1.0529999732971191, 1.0470000505447388, 1.0329999923706055, 1.0260000228881836, 1.0210000276565552, 1.0130000114440918, 1.0099999904632568, 1.00600004196167, 0.9950000047683716, 0.9919999837875366, 0.984000027179718, 0.9779999852180481, 0.9700000286102295, 0.9700000286102295, 0.9639999866485596, 0.9599999785423279, 0.9580000042915344, 0.9490000009536743, 0.9459999799728394, 0.9419999718666077, 0.9350000023841858, 0.9300000071525574, 0.9210000038146973, 0.9200000166893005, 0.9169999957084656, 0.9150000214576721, 0.9100000262260437, 0.9039999842643738, 0.8980000019073486, 0.8939999938011169, 0.8920000195503235, 0.8889999985694885, 0.8820000290870667, 0.878000020980835, 0.8730000257492065, 0.8740000128746033, 0.8740000128746033, 0.871999979019165, 0.8709999918937683, 0.859000027179718, 0.8560000061988831, 0.8550000190734863, 0.8519999980926514, 0.8500000238418579, 0.8420000076293945, 0.8410000205039978, 0.8330000042915344, 0.8270000219345093, 0.8270000219345093, 0.8349999785423279, 0.8259999752044678, 0.8169999718666077, 0.8090000152587891, 0.8080000281333923, 0.8080000281333923, 0.8040000200271606, 0.800000011920929, 0.7979999780654907, 0.7979999780654907, 0.7900000214576721, 0.7829999923706055, 0.781000018119812, 0.7820000052452087, 0.7789999842643738, 0.7789999842643738, 0.7770000100135803, 0.7720000147819519, 0.7689999938011169, 0.7620000243186951, 0.7590000033378601, 0.7590000033378601, 0.7620000243186951, 0.7580000162124634, 0.7540000081062317, 0.7509999871253967, 0.7440000176429749, 0.7429999709129333, 0.7480000257492065, 0.7450000047683716, 0.7379999756813049, 0.7289999723434448, 0.7269999980926514, 0.7250000238418579, 0.734000027179718, 0.7260000109672546, 0.7279999852180481, 0.7200000286102295, 0.718999981880188, 0.7170000076293945, 0.7179999947547913, 0.7170000076293945, 0.7139999866485596, 0.7099999785423279, 0.7089999914169312, 0.7049999833106995, 0.7049999833106995, 0.7049999833106995, 0.7009999752044678, 0.703000009059906, 0.7020000219345093, 0.6919999718666077, 0.6899999976158142, 0.6890000104904175, 0.6890000104904175, 0.6859999895095825, 0.6850000023841858, 0.6819999814033508, 0.6819999814033508, 0.6809999942779541, 0.6819999814033508, 0.6790000200271606, 0.6759999990463257, 0.6779999732971191, 0.6859999895095825, 0.6779999732971191, 0.671999990940094, 0.6679999828338623, 0.6690000295639038, 0.6700000166893005, 0.6679999828338623, 0.6679999828338623, 0.6679999828338623, 0.6679999828338623, 0.6690000295639038, 0.6660000085830688, 0.6650000214576721, 0.6660000085830688, 0.6570000052452087, 0.6539999842643738, 0.6520000100135803, 0.6499999761581421, 0.6489999890327454, 0.6489999890327454, 0.6480000019073486, 0.6480000019073486, 0.6520000100135803, 0.6510000228881836, 0.6420000195503235, 0.6430000066757202, 0.6439999938011169, 0.6439999938011169, 0.6420000195503235, 0.6420000195503235, 0.6439999938011169, 0.6439999938011169, 0.6399999856948853, 0.6380000114440918, 0.6380000114440918, 0.6349999904632568, 0.6340000033378601, 0.6320000290870667, 0.6449999809265137, 0.6449999809265137, 0.640999972820282, 0.6340000033378601, 0.6349999904632568, 0.6349999904632568, 0.6349999904632568, 0.6309999823570251, 0.6349999904632568, 0.6389999985694885, 0.6349999904632568, 0.6299999952316284, 0.628000020980835, 0.6269999742507935, 0.6230000257492065, 0.6240000128746033, 0.621999979019165, 0.6209999918937683, 0.6209999918937683, 0.628000020980835, 0.621999979019165, 0.621999979019165, 0.6200000047683716, 0.6209999918937683, 0.6200000047683716, 0.6240000128746033, 0.6200000047683716, 0.6190000176429749, 0.6209999918937683, 0.6190000176429749, 0.6240000128746033, 0.6230000257492065, 0.6240000128746033, 0.6159999966621399, 0.6179999709129333, 0.6169999837875366, 0.6150000095367432, 0.6140000224113464, 0.609000027179718, 0.609000027179718, 0.6140000224113464, 0.6190000176429749, 0.6200000047683716, 0.609000027179718, 0.6069999933242798, 0.6069999933242798, 0.6079999804496765, 0.6060000061988831, 0.6069999933242798, 0.6140000224113464, 0.6140000224113464, 0.6140000224113464, 0.6100000143051147, 0.6150000095367432, 0.6159999966621399, 0.6140000224113464, 0.6110000014305115, 0.6050000190734863, 0.6069999933242798, 0.6069999933242798, 0.6069999933242798, 0.6100000143051147, 0.6110000014305115, 0.609000027179718, 0.6079999804496765, 0.6100000143051147, 0.6110000014305115, 0.6110000014305115, 0.6069999933242798, 0.6050000190734863, 0.6079999804496765, 0.6079999804496765, 0.6110000014305115, 0.6129999756813049, 0.6140000224113464, 0.6100000143051147, 0.6060000061988831, 0.6050000190734863, 0.6060000061988831, 0.5989999771118164, 0.6069999933242798, 0.6100000143051147, 0.6110000014305115, 0.6110000014305115, 0.609000027179718, 0.609000027179718, 0.6069999933242798, 0.6100000143051147, 0.609000027179718, 0.6159999966621399, 0.6159999966621399, 0.6159999966621399, 0.6169999837875366, 0.6179999709129333, 0.6159999966621399, 0.6140000224113464, 0.6190000176429749, 0.6159999966621399, 0.6159999966621399, 0.6179999709129333, 0.6119999885559082, 0.6159999966621399, 0.6119999885559082, 0.6129999756813049, 0.6129999756813049, 0.6129999756813049, 0.6140000224113464, 0.6169999837875366, 0.6200000047683716, 0.6200000047683716, 0.6179999709129333, 0.6179999709129333, 0.6179999709129333, 0.6169999837875366, 0.6140000224113464, 0.6150000095367432, 0.621999979019165, 0.6230000257492065, 0.6230000257492065, 0.621999979019165, 0.6150000095367432, 0.6129999756813049, 0.6119999885559082, 0.6190000176429749, 0.6200000047683716, 0.6209999918937683, 0.6200000047683716, 0.6200000047683716, 0.6230000257492065, 0.625, 0.6230000257492065, 0.6259999871253967, 0.6259999871253967, 0.625, 0.6209999918937683, 0.6230000257492065, 0.628000020980835, 0.628000020980835, 0.6240000128746033, 0.6230000257492065, 0.6259999871253967, 0.6259999871253967, 0.621999979019165, 0.625, 0.625, 0.6290000081062317, 0.6340000033378601, 0.6370000243186951, 0.6349999904632568, 0.6330000162124634, 0.6340000033378601, 0.6340000033378601, 0.6349999904632568, 0.6389999985694885, 0.6380000114440918, 0.6389999985694885, 0.6320000290870667, 0.6320000290870667, 0.640999972820282, 0.640999972820282, 0.640999972820282, 0.6430000066757202, 0.6460000276565552, 0.6480000019073486, 0.6499999761581421, 0.6539999842643738, 0.6579999923706055, 0.6449999809265137, 0.6449999809265137, 0.6460000276565552, 0.6460000276565552, 0.6460000276565552, 0.6489999890327454, 0.6480000019073486, 0.6449999809265137, 0.6449999809265137, 0.6449999809265137, 0.6489999890327454, 0.6499999761581421, 0.6480000019073486, 0.6480000019073486, 0.6499999761581421, 0.6579999923706055, 0.6570000052452087, 0.6520000100135803, 0.6510000228881836, 0.6539999842643738, 0.6589999794960022, 0.6639999747276306, 0.6639999747276306, 0.6620000004768372, 0.6610000133514404, 0.6589999794960022, 0.6620000004768372, 0.6660000085830688, 0.6669999957084656, 0.6629999876022339, 0.6620000004768372, 0.6579999923706055, 0.6579999923706055, 0.6660000085830688, 0.675000011920929, 0.6660000085830688, 0.6700000166893005, 0.6679999828338623, 0.6650000214576721, 0.6660000085830688, 0.6650000214576721, 0.6650000214576721, 0.6650000214576721, 0.6710000038146973, 0.6710000038146973, 0.6710000038146973, 0.6740000247955322, 0.675000011920929, 0.675000011920929, 0.6769999861717224, 0.6769999861717224, 0.6769999861717224, 0.6779999732971191, 0.6769999861717224, 0.6769999861717224, 0.6790000200271606, 0.6790000200271606, 0.6850000023841858, 0.6850000023841858, 0.6859999895095825, 0.6840000152587891, 0.6830000281333923, 0.6830000281333923, 0.6869999766349792, 0.6840000152587891, 0.6840000152587891, 0.6859999895095825, 0.6909999847412109, 0.6949999928474426, 0.6949999928474426, 0.6949999928474426, 0.6980000138282776, 0.6959999799728394, 0.6940000057220459, 0.6919999718666077, 0.6930000185966492, 0.6949999928474426, 0.7009999752044678, 0.7080000042915344, 0.7039999961853027, 0.7020000219345093, 0.6990000009536743, 0.7039999961853027, 0.7049999833106995, 0.7080000042915344, 0.7039999961853027, 0.703000009059906, 0.703000009059906, 0.7059999704360962, 0.7059999704360962, 0.7089999914169312, 0.7129999995231628, 0.7139999866485596, 0.7179999947547913, 0.7139999866485596, 0.7110000252723694, 0.7110000252723694, 0.7110000252723694, 0.7149999737739563, 0.7200000286102295, 0.7210000157356262, 0.722000002861023, 0.7229999899864197, 0.722000002861023, 0.7210000157356262, 0.7229999899864197, 0.7250000238418579, 0.7279999852180481, 0.7279999852180481, 0.7279999852180481, 0.7300000190734863, 0.7319999933242798, 0.7329999804496765, 0.7350000143051147, 0.7369999885559082, 0.7390000224113464, 0.7390000224113464, 0.7429999709129333, 0.7429999709129333, 0.7450000047683716, 0.7450000047683716, 0.7429999709129333, 0.7440000176429749, 0.7429999709129333, 0.7409999966621399, 0.7509999871253967, 0.7519999742507935, 0.7519999742507935, 0.7490000128746033, 0.7519999742507935, 0.7490000128746033, 0.7459999918937683, 0.7509999871253967, 0.7509999871253967, 0.75, 0.7509999871253967, 0.75, 0.75, 0.7559999823570251, 0.7609999775886536, 0.7630000114440918, 0.7570000290870667, 0.7590000033378601, 0.7580000162124634, 0.7599999904632568, 0.7599999904632568, 0.7609999775886536, 0.7680000066757202, 0.7699999809265137, 0.7699999809265137, 0.7720000147819519, 0.7730000019073486, 0.7739999890327454, 0.7680000066757202, 0.7630000114440918, 0.7720000147819519, 0.7720000147819519, 0.7710000276565552, 0.7799999713897705, 0.7820000052452087, 0.7760000228881836, 0.7770000100135803, 0.7799999713897705, 0.7829999923706055, 0.7850000262260437, 0.7820000052452087, 0.7799999713897705, 0.7820000052452087, 0.781000018119812, 0.7870000004768372, 0.7910000085830688, 0.7919999957084656, 0.7940000295639038, 0.7940000295639038, 0.796999990940094, 0.800000011920929, 0.7940000295639038, 0.7990000247955322, 0.8029999732971191, 0.8019999861717224, 0.8009999990463257, 0.8029999732971191, 0.8040000200271606, 0.8040000200271606, 0.8069999814033508, 0.8100000023841858, 0.8130000233650208, 0.8069999814033508, 0.8069999814033508, 0.8059999942779541, 0.8080000281333923, 0.8119999766349792, 0.8199999928474426, 0.8220000267028809, 0.8230000138282776, 0.8209999799728394, 0.8230000138282776, 0.8259999752044678, 0.824999988079071, 0.8230000138282776, 0.828000009059906, 0.8339999914169312, 0.8339999914169312, 0.8360000252723694, 0.8360000252723694, 0.8330000042915344, 0.8339999914169312, 0.8370000123977661, 0.8410000205039978, 0.8399999737739563, 0.8389999866485596, 0.8429999947547913, 0.8420000076293945, 0.8370000123977661, 0.8389999866485596, 0.8410000205039978, 0.8429999947547913, 0.843999981880188, 0.8420000076293945, 0.8429999947547913, 0.8460000157356262, 0.8560000061988831, 0.8579999804496765, 0.8519999980926514, 0.8519999980926514, 0.8500000238418579, 0.8500000238418579, 0.8529999852180481, 0.8610000014305115, 0.8600000143051147, 0.8600000143051147, 0.8659999966621399, 0.8659999966621399, 0.8669999837875366, 0.8709999918937683, 0.871999979019165, 0.8709999918937683, 0.8709999918937683, 0.8709999918937683, 0.8709999918937683, 0.8690000176429749, 0.8669999837875366, 0.875, 0.871999979019165, 0.8700000047683716, 0.8600000143051147, 0.8569999933242798, 0.8659999966621399, 0.8740000128746033, 0.8740000128746033, 0.8730000257492065, 0.8740000128746033, 0.8740000128746033, 0.8730000257492065, 0.8709999918937683, 0.8690000176429749, 0.8769999742507935, 0.8859999775886536, 0.8769999742507935, 0.8690000176429749, 0.8709999918937683, 0.8730000257492065, 0.8730000257492065, 0.8730000257492065, 0.871999979019165, 0.871999979019165, 0.875, 0.8920000195503235, 0.8980000019073486, 0.8889999985694885, 0.8889999985694885, 0.8870000243186951, 0.8849999904632568, 0.8859999775886536, 0.8880000114440918, 0.8870000243186951, 0.8880000114440918, 0.8880000114440918, 0.8899999856948853, 0.890999972820282, 0.8899999856948853, 0.8849999904632568, 0.8849999904632568, 0.8809999823570251, 0.8790000081062317, 0.8790000081062317, 0.8799999952316284, 0.8820000290870667, 0.8799999952316284, 0.8799999952316284, 0.8790000081062317, 0.8740000128746033, 0.8840000033378601, 0.8889999985694885, 0.8920000195503235, 0.8960000276565552, 0.8999999761581421, 0.8999999761581421, 0.9079999923706055, 0.9070000052452087, 0.9129999876022339, 0.9179999828338623, 0.9200000166893005, 0.9179999828338623, 0.9169999957084656, 0.9179999828338623, 0.9300000071525574, 0.9340000152587891, 0.9309999942779541, 0.9269999861717224, 0.9259999990463257, 0.9340000152587891]
intensities: [1112.0, 1140.0, 1341.0, 1341.0, 1452.0, 1506.0, 1548.0, 1563.0, 1561.0, 1565.0, 1565.0, 1555.0, 1555.0, 1489.0, 1298.0, 1251.0, 1177.0, 1034.0, 877.0, 821.0, 894.0, 998.0, 998.0, 1024.0, 1033.0, 1040.0, 1092.0, 1162.0, 1341.0, 1420.0, 1514.0, 1613.0, 1600.0, 1629.0, 1621.0, 1642.0, 1654.0, 1650.0, 1652.0, 1647.0, 1648.0, 1635.0, 1614.0, 1592.0, 1609.0, 1600.0, 1570.0, 1561.0, 1573.0, 1561.0, 1557.0, 1547.0, 1547.0, 1547.0, 1557.0, 1547.0, 1548.0, 1547.0, 1546.0, 1542.0, 1521.0, 1521.0, 1515.0, 1510.0, 1503.0, 1514.0, 1516.0, 1485.0, 1478.0, 1501.0, 1490.0, 1484.0, 1490.0, 1494.0, 1488.0, 1492.0, 1478.0, 1473.0, 1486.0, 1461.0, 1458.0, 1449.0, 1452.0, 1440.0, 1440.0, 1453.0, 1458.0, 1458.0, 1419.0, 1419.0, 1423.0, 1423.0, 1410.0, 1423.0, 1423.0, 1410.0, 1393.0, 1398.0, 1400.0, 1403.0, 1384.0, 1373.0, 1373.0, 1366.0, 1386.0, 1359.0, 1401.0, 1381.0, 1353.0, 1348.0, 1349.0, 1353.0, 1338.0, 1338.0, 1342.0, 1327.0, 1332.0, 1329.0, 1332.0, 1284.0, 1283.0, 1291.0, 1291.0, 1258.0, 1258.0, 1261.0, 1251.0, 1250.0, 1252.0, 1233.0, 1216.0, 1232.0, 1225.0, 1236.0, 1228.0, 1227.0, 1223.0, 1221.0, 1203.0, 1206.0, 1200.0, 1196.0, 1194.0, 1186.0, 1188.0, 1203.0, 1196.0, 1195.0, 1191.0, 1167.0, 1172.0, 1172.0, 1177.0, 1176.0, 1178.0, 1178.0, 1163.0, 1152.0, 1152.0, 1132.0, 1131.0, 1126.0, 1131.0, 1144.0, 1133.0, 1128.0, 1132.0, 1126.0, 1127.0, 1126.0, 1136.0, 1124.0, 1131.0, 1131.0, 1152.0, 1111.0, 1130.0, 1145.0, 1158.0, 1117.0, 1117.0, 1125.0, 1132.0, 1132.0, 1105.0, 1116.0, 1111.0, 1112.0, 1095.0, 1090.0, 1090.0, 1094.0, 1104.0, 1095.0, 1112.0, 1107.0, 1117.0, 1110.0, 1110.0, 1093.0, 1121.0, 1105.0, 1101.0, 1123.0, 1110.0, 1103.0, 1109.0, 1112.0, 1114.0, 1123.0, 1133.0, 1114.0, 1120.0, 1104.0, 1121.0, 1118.0, 1118.0, 1116.0, 1112.0, 1109.0, 1107.0, 1113.0, 1101.0, 1095.0, 1090.0, 1099.0, 1091.0, 1079.0, 1078.0, 1072.0, 1072.0, 1093.0, 1084.0, 1060.0, 1071.0, 1042.0, 1025.0, 1030.0, 1031.0, 1028.0, 1025.0, 1034.0, 1017.0, 1010.0, 1000.0, 987.0, 983.0, 987.0, 980.0, 1004.0, 1004.0, 1010.0, 985.0, 991.0, 984.0, 987.0, 965.0, 937.0, 925.0, 914.0, 937.0, 960.0, 949.0, 931.0, 908.0, 907.0, 924.0, 950.0, 972.0, 1278.0, 1301.0, 963.0, 967.0, 967.0, 967.0, 967.0, 987.0, 959.0, 949.0, 974.0, 972.0, 969.0, 966.0, 958.0, 976.0, 981.0, 975.0, 973.0, 972.0, 977.0, 965.0, 981.0, 984.0, 978.0, 978.0, 976.0, 980.0, 974.0, 961.0, 968.0, 971.0, 973.0, 975.0, 975.0, 966.0, 965.0, 965.0, 965.0, 973.0, 971.0, 967.0, 968.0, 971.0, 976.0, 979.0, 983.0, 981.0, 966.0, 969.0, 969.0, 981.0, 984.0, 966.0, 970.0, 971.0, 974.0, 954.0, 971.0, 967.0, 965.0, 966.0, 971.0, 975.0, 969.0, 969.0, 970.0, 968.0, 975.0, 968.0, 974.0, 968.0, 978.0, 965.0, 960.0, 971.0, 969.0, 966.0, 974.0, 968.0, 972.0, 963.0, 980.0, 974.0, 973.0, 977.0, 979.0, 984.0, 983.0, 987.0, 992.0, 997.0, 995.0, 998.0, 1003.0, 1013.0, 1009.0, 1010.0, 995.0, 997.0, 995.0, 1002.0, 1002.0, 999.0, 1011.0, 1001.0, 994.0, 996.0, 986.0, 994.0, 986.0, 996.0, 990.0, 990.0, 981.0, 995.0, 997.0, 995.0, 991.0, 990.0, 984.0, 988.0, 986.0, 986.0, 989.0, 985.0, 974.0, 985.0, 977.0, 975.0, 986.0, 997.0, 1007.0, 1006.0, 1004.0, 1017.0, 1006.0, 1015.0, 1014.0, 1013.0, 1027.0, 1025.0, 1031.0, 1040.0, 1029.0, 1035.0, 1050.0, 1045.0, 1046.0, 1050.0, 1067.0, 1068.0, 1083.0, 1076.0, 1089.0, 1083.0, 1105.0, 1099.0, 1106.0, 1103.0, 1113.0, 1120.0, 1109.0, 1087.0, 1118.0, 1100.0, 1104.0, 1111.0, 1132.0, 1125.0, 1150.0, 1132.0, 1141.0, 1118.0, 1120.0, 1119.0, 1139.0, 1146.0, 1142.0, 1154.0, 1162.0, 1165.0, 1173.0, 1188.0, 1193.0, 1192.0, 1203.0, 1209.0, 1224.0, 1210.0, 1231.0, 1254.0, 1255.0, 1264.0, 1264.0, 1264.0, 1277.0, 1283.0, 1303.0, 1298.0, 1298.0, 1322.0, 1321.0, 1336.0, 1318.0, 1339.0, 1336.0, 1346.0, 1362.0, 1364.0, 1359.0, 1353.0, 1367.0, 1373.0, 1374.0, 1384.0, 1392.0, 1398.0, 1398.0, 1418.0, 1418.0, 1424.0, 1427.0, 1429.0, 1421.0, 1421.0, 1426.0, 1427.0, 1431.0, 1455.0, 1452.0, 1469.0, 1464.0, 1467.0, 1461.0, 1455.0, 1455.0, 1468.0, 1468.0, 1472.0, 1472.0, 1490.0, 1486.0, 1476.0, 1495.0, 1505.0, 1503.0, 1497.0, 1501.0, 1517.0, 1512.0, 1538.0, 1529.0, 1517.0, 1515.0, 1518.0, 1521.0, 1533.0, 1538.0, 1540.0, 1541.0, 1549.0, 1542.0, 1544.0, 1573.0, 1561.0, 1589.0, 1591.0, 1578.0, 1581.0, 1570.0, 1610.0, 1585.0, 1598.0, 1601.0, 1607.0, 1618.0, 1618.0, 1618.0, 1634.0, 1635.0, 1638.0, 1647.0, 1649.0, 1646.0, 1646.0, 1649.0, 1657.0, 1657.0, 1657.0, 1655.0, 1677.0, 1680.0, 1659.0, 1667.0, 1691.0, 1673.0, 1690.0, 1682.0, 1681.0, 1659.0, 1699.0, 1699.0, 1711.0, 1701.0, 1708.0, 1699.0, 1699.0, 1708.0, 1696.0, 1709.0, 1736.0, 1701.0, 1688.0, 1692.0, 1710.0, 1703.0, 1704.0, 1706.0, 1722.0, 1723.0, 1725.0, 1722.0, 1734.0, 1742.0, 1734.0, 1734.0, 1727.0, 1720.0, 1720.0, 1737.0, 1751.0, 1721.0, 1743.0, 1742.0, 1742.0, 1752.0, 1774.0, 1774.0, 1769.0, 1772.0, 1776.0, 1778.0, 1792.0, 1786.0, 1788.0, 1780.0, 1789.0, 1784.0, 1780.0, 1794.0, 1794.0, 1788.0, 1800.0, 1801.0, 1821.0, 1847.0, 1838.0, 1862.0, 1839.0, 1865.0, 1855.0, 1846.0, 1845.0, 1825.0, 1852.0, 1824.0, 1855.0, 1860.0, 1864.0, 1860.0, 1867.0, 1875.0, 1847.0, 1842.0, 1867.0, 1844.0, 1862.0, 1851.0, 1872.0, 1883.0, 1874.0, 1889.0, 1872.0, 1882.0, 1880.0, 1888.0, 1874.0, 1859.0, 1851.0, 1879.0, 1881.0, 1881.0, 1879.0, 1876.0, 1869.0, 1864.0, 1846.0, 1868.0, 1878.0, 1878.0, 1872.0, 1884.0, 1877.0, 1877.0, 1861.0, 1839.0, 1848.0, 1860.0, 1855.0, 1843.0, 1850.0, 1836.0, 1862.0, 1845.0, 1835.0, 1852.0, 1846.0, 1846.0, 1840.0, 1823.0, 1828.0, 1833.0, 1824.0, 1820.0, 1813.0, 1806.0, 1844.0, 1843.0, 1826.0, 1806.0, 1806.0, 1806.0, 1828.0, 1818.0, 1804.0, 1814.0, 1830.0, 1830.0, 1833.0, 1821.0, 1823.0, 1823.0, 1823.0, 1823.0, 1825.0, 1809.0, 1820.0, 1809.0, 1798.0, 1821.0, 1821.0, 1786.0, 1784.0, 1780.0, 1784.0, 1798.0, 1789.0, 1775.0, 1762.0, 1762.0, 1767.0, 1783.0, 1776.0, 1754.0, 1754.0, 1748.0, 1767.0, 1760.0, 1764.0, 1761.0, 1753.0, 1747.0, 1749.0, 1749.0, 1734.0, 1732.0, 1734.0, 1728.0, 1745.0, 1726.0, 1730.0, 1737.0, 1748.0, 1754.0, 1739.0, 1729.0, 1713.0, 1725.0, 1723.0, 1709.0, 1708.0, 1711.0, 1705.0, 1705.0, 1711.0, 1708.0, 1686.0, 1689.0, 1684.0, 1674.0, 1674.0, 1675.0, 1681.0, 1681.0, 1675.0, 1675.0, 1669.0, 1670.0, 1669.0, 1669.0, 1668.0, 1667.0, 1656.0, 1649.0, 1633.0, 1647.0, 1659.0, 1659.0, 1665.0, 1659.0, 1663.0, 1650.0, 1645.0, 1663.0, 1644.0, 1626.0, 1618.0, 1624.0, 1616.0, 1610.0, 1604.0, 1622.0, 1606.0, 1613.0, 1618.0, 1615.0, 1601.0, 1587.0, 1584.0, 1590.0, 1590.0, 1581.0, 1585.0, 1572.0, 1590.0, 1573.0, 1570.0, 1569.0, 1573.0, 1564.0, 1555.0, 1553.0, 1544.0, 1536.0, 1549.0, 1549.0, 1531.0, 1539.0, 1543.0, 1540.0, 1520.0, 1520.0, 1502.0, 1516.0, 1516.0, 1496.0, 1503.0, 1478.0, 1476.0, 1474.0, 1481.0, 1477.0, 1461.0, 1457.0, 1450.0, 1458.0, 1442.0, 1456.0, 1454.0, 1459.0, 1456.0, 1438.0, 1446.0, 1446.0, 1441.0, 1430.0, 1429.0, 1428.0, 1428.0, 1424.0, 1411.0, 1410.0, 1412.0, 1394.0, 1391.0, 1407.0, 1406.0, 1402.0, 1398.0, 1386.0, 1379.0, 1380.0, 1381.0, 1374.0, 1381.0, 1389.0, 1372.0, 1371.0, 1372.0, 1371.0, 1369.0, 1370.0, 1365.0, 1367.0, 1369.0, 1367.0, 1359.0, 1357.0, 1353.0, 1357.0, 1354.0, 1362.0, 1347.0, 1363.0, 1358.0, 1349.0, 1349.0, 1321.0, 1333.0, 1340.0, 1312.0, 1355.0, 1355.0, 1340.0, 1328.0, 1312.0, 1312.0, 1317.0, 1322.0, 1325.0, 1309.0, 1319.0, 1312.0, 1310.0, 1315.0, 1315.0, 1303.0, 1295.0, 1295.0, 1297.0, 1297.0, 1303.0, 1307.0, 1288.0, 1304.0, 1304.0, 1293.0, 1288.0, 1281.0, 1277.0, 1288.0, 1294.0, 1271.0, 1272.0, 1272.0, 1296.0, 1296.0, 1287.0, 1295.0, 1294.0, 1294.0, 1294.0, 1294.0, 1280.0, 1288.0, 1271.0, 1288.0, 1298.0, 1291.0, 1282.0, 1283.0, 1279.0, 1279.0, 1271.0, 1251.0, 1274.0, 1274.0, 1274.0, 1265.0, 1283.0, 1273.0, 1273.0, 1263.0, 1283.0, 1253.0, 1255.0, 1273.0, 1271.0, 1267.0, 1285.0, 1292.0, 1292.0, 1298.0, 1298.0, 1276.0, 1278.0, 1285.0, 1297.0, 1297.0, 1298.0, 1285.0, 1273.0, 1293.0, 1280.0, 1285.0, 1282.0, 1293.0, 1290.0, 1289.0, 1290.0, 1305.0, 1303.0, 1299.0, 1299.0, 1278.0, 1278.0, 1283.0, 1303.0, 1308.0, 1314.0, 1305.0, 1305.0, 1306.0, 1292.0, 1289.0, 1300.0, 1307.0, 1309.0, 1307.0, 1307.0, 1309.0, 1307.0, 1306.0, 1309.0, 1310.0, 1309.0, 1315.0, 1319.0, 1337.0, 1330.0, 1332.0, 1326.0, 1324.0, 1325.0, 1324.0, 1326.0, 1329.0, 1345.0, 1350.0, 1339.0, 1328.0, 1324.0, 1324.0, 1320.0, 1320.0, 1329.0, 1336.0, 1348.0, 1329.0, 1329.0, 1340.0, 1352.0, 1354.0, 1355.0, 1354.0, 1360.0, 1358.0, 1356.0, 1350.0, 1356.0, 1374.0, 1390.0, 1379.0, 1387.0, 1386.0, 1386.0, 1386.0, 1396.0, 1396.0, 1400.0, 1395.0, 1401.0, 1393.0, 1399.0, 1396.0, 1403.0, 1383.0, 1396.0, 1394.0, 1395.0, 1394.0, 1394.0, 1394.0, 1418.0, 1407.0, 1415.0, 1402.0, 1422.0, 1415.0, 1410.0, 1408.0]