header: 
  seq: 1767
  stamp: 
    secs: 1548820801
    nsecs: 349223765
  frame_id: "base_link"
angle_min: -2.35619449615
angle_max: 2.35619449615
angle_increment: 0.00436332309619
time_increment: 1.73611151695e-05
scan_time: 0.0250000003725
range_min: 0.019999999553
range_max: 30.0
ranges: [0.4819999933242798, 0.47600001096725464, 0.47999998927116394, 0.492000013589859, 0.47699999809265137, 0.492000013589859, 0.4860000014305115, 0.49300000071525574, 0.492000013589859, 0.49399998784065247, 0.4909999966621399, 0.49000000953674316, 0.49000000953674316, 0.49000000953674316, 0.47699999809265137, 0.4429999887943268, 0.41100001335144043, 0.3490000069141388, 0.3490000069141388, 0.3330000042915344, 0.38499999046325684, 0.4269999861717224, 0.4480000138282776, 0.4699999988079071, 0.4749999940395355, 0.4790000021457672, 0.47699999809265137, 0.4869999885559082, 0.47699999809265137, 0.47099998593330383, 0.4729999899864197, 0.4860000014305115, 0.48899999260902405, 0.48399999737739563, 0.48399999737739563, 0.4909999966621399, 0.492000013589859, 0.48500001430511475, 0.49399998784065247, 0.4880000054836273, 0.47699999809265137, 0.47699999809265137, 0.47699999809265137, 0.4869999885559082, 0.4880000054836273, 0.48500001430511475, 0.47600001096725464, 0.47200000286102295, 0.4749999940395355, 0.47699999809265137, 0.47600001096725464, 0.47600001096725464, 0.47600001096725464, 0.4819999933242798, 0.4830000102519989, 0.48100000619888306, 0.48100000619888306, 0.4790000021457672, 0.47699999809265137, 0.47699999809265137, 0.4779999852180481, 0.4779999852180481, 0.47200000286102295, 0.4729999899864197, 0.4729999899864197, 0.4749999940395355, 0.48100000619888306, 0.4749999940395355, 0.47200000286102295, 0.47600001096725464, 0.4740000069141388, 0.47699999809265137, 0.47699999809265137, 0.47699999809265137, 0.47699999809265137, 0.4749999940395355, 0.4749999940395355, 0.4740000069141388, 0.4749999940395355, 0.47600001096725464, 0.4749999940395355, 0.4740000069141388, 0.4729999899864197, 0.4749999940395355, 0.4749999940395355, 0.4749999940395355, 0.47600001096725464, 0.4779999852180481, 0.4749999940395355, 0.4729999899864197, 0.4699999988079071, 0.46700000762939453, 0.46299999952316284, 0.4650000035762787, 0.4650000035762787, 0.47699999809265137, 0.47699999809265137, 0.4729999899864197, 0.4699999988079071, 0.4699999988079071, 0.47200000286102295, 0.47200000286102295, 0.4699999988079071, 0.4699999988079071, 0.4729999899864197, 0.47099998593330383, 0.4699999988079071, 0.4699999988079071, 0.4699999988079071, 0.4690000116825104, 0.4690000116825104, 0.4690000116825104, 0.4690000116825104, 0.47200000286102295, 0.47600001096725464, 0.4749999940395355, 0.46799999475479126, 0.47600001096725464, 0.47200000286102295, 0.47200000286102295, 0.4699999988079071, 0.46799999475479126, 0.4699999988079071, 0.47200000286102295, 0.4729999899864197, 0.4740000069141388, 0.4740000069141388, 0.4740000069141388, 0.4740000069141388, 0.4729999899864197, 0.4729999899864197, 0.47200000286102295, 0.4740000069141388, 0.4740000069141388, 0.47200000286102295, 0.4690000116825104, 0.4699999988079071, 0.47099998593330383, 0.4740000069141388, 0.47600001096725464, 0.47600001096725464, 0.47600001096725464, 0.47600001096725464, 0.47999998927116394, 0.48500001430511475, 0.48399999737739563, 0.4830000102519989, 0.47999998927116394, 0.48100000619888306, 0.4790000021457672, 0.4819999933242798, 0.4740000069141388, 0.47999998927116394, 0.48100000619888306, 0.4819999933242798, 0.48100000619888306, 0.4790000021457672, 0.47699999809265137, 0.4740000069141388, 0.47699999809265137, 0.47999998927116394, 0.4819999933242798, 0.48399999737739563, 0.4860000014305115, 0.4860000014305115, 0.48399999737739563, 0.4830000102519989, 0.4830000102519989, 0.48100000619888306, 0.4830000102519989, 0.48399999737739563, 0.4869999885559082, 0.4869999885559082, 0.4869999885559082, 0.48899999260902405, 0.492000013589859, 0.48399999737739563, 0.4830000102519989, 0.48399999737739563, 0.48399999737739563, 0.4880000054836273, 0.4860000014305115, 0.4880000054836273, 0.4880000054836273, 0.4880000054836273, 0.48500001430511475, 0.48399999737739563, 0.48399999737739563, 0.48500001430511475, 0.4880000054836273, 0.48500001430511475, 0.4860000014305115, 0.4869999885559082, 0.49000000953674316, 0.49300000071525574, 0.4950000047683716, 0.49399998784065247, 0.49399998784065247, 0.49900001287460327, 0.5040000081062317, 0.5019999742507935, 0.4970000088214874, 0.4970000088214874, 0.5, 0.49900001287460327, 0.49799999594688416, 0.5019999742507935, 0.5019999742507935, 0.5019999742507935, 0.5009999871253967, 0.503000020980835, 0.5040000081062317, 0.5049999952316284, 0.5049999952316284, 0.5059999823570251, 0.5099999904632568, 0.5120000243186951, 0.5139999985694885, 0.5139999985694885, 0.5130000114440918, 0.5170000195503235, 0.515999972820282, 0.5189999938011169, 0.5199999809265137, 0.5199999809265137, 0.515999972820282, 0.5230000019073486, 0.5260000228881836, 0.5260000228881836, 0.5210000276565552, 0.5220000147819519, 0.5289999842643738, 0.5289999842643738, 0.527999997138977, 0.5289999842643738, 0.5329999923706055, 0.5329999923706055, 0.5289999842643738, 0.5289999842643738, 0.5320000052452087, 0.5329999923706055, 0.5339999794960022, 0.5360000133514404, 0.5370000004768372, 0.5389999747276306, 0.5460000038146973, 0.5479999780654907, 0.5479999780654907, 0.5479999780654907, 0.5460000038146973, 0.5460000038146973, 0.5519999861717224, 0.5550000071525574, 0.5590000152587891, 0.5590000152587891, 0.5619999766349792, 0.5640000104904175, 0.5649999976158142, 0.5730000138282776, 0.5730000138282776, 0.5740000009536743, 0.5720000267028809, 0.5770000219345093, 0.5849999785423279, 0.5870000123977661, 0.5860000252723694, 0.5889999866485596, 0.5889999866485596, 0.5899999737739563, 0.5920000076293945, 0.5929999947547913, 0.5960000157356262, 0.6000000238418579, 0.5989999771118164, 0.5989999771118164, 0.6029999852180481, 0.6050000190734863, 0.6129999756813049, 0.6129999756813049, 0.6150000095367432, 0.6179999709129333, 0.6179999709129333, 0.6179999709129333, 0.625, 0.625, 0.6169999837875366, 0.6209999918937683, 0.6349999904632568, 0.6399999856948853, 0.640999972820282, 0.6430000066757202, 0.6430000066757202, 0.6439999938011169, 0.6439999938011169, 0.6610000133514404, 0.6610000133514404, 0.6620000004768372, 0.6600000262260437, 0.6639999747276306, 0.6669999957084656, 0.6700000166893005, 0.6710000038146973, 0.6740000247955322, 0.6769999861717224, 0.6850000023841858, 0.6850000023841858, 0.6890000104904175, 0.6940000057220459, 0.6959999799728394, 0.7020000219345093, 0.7070000171661377, 0.7110000252723694, 0.7139999866485596, 0.7170000076293945, 0.7239999771118164, 0.7279999852180481, 0.7279999852180481, 0.7319999933242798, 0.7369999885559082, 0.7400000095367432, 0.7440000176429749, 0.7559999823570251, 0.7549999952316284, 0.7559999823570251, 0.7580000162124634, 0.7620000243186951, 0.7699999809265137, 0.7770000100135803, 0.7950000166893005, 0.7950000166893005, 0.7960000038146973, 0.8050000071525574, 0.8059999942779541, 0.8059999942779541, 0.8119999766349792, 0.8199999928474426, 0.828000009059906, 0.8299999833106995, 0.8330000042915344, 0.8349999785423279, 0.847000002861023, 0.8510000109672546, 0.8539999723434448, 0.8600000143051147, 0.8709999918937683, 0.8740000128746033, 0.8830000162124634, 0.8920000195503235, 0.8930000066757202, 0.8989999890327454, 0.9079999923706055, 0.9150000214576721, 0.9259999990463257, 0.9330000281333923, 0.9390000104904175, 0.9490000009536743, 0.9520000219345093, 0.9610000252723694, 0.9789999723434448, 1.003999948501587, 1.0529999732971191, 1.1380000114440918, 1.2829999923706055, 2.138000011444092, 2.138000011444092, 2.13700008392334, 2.134000062942505, 2.128999948501587, 2.121999979019165, 2.115999937057495, 2.1089999675750732, 2.1089999675750732, 2.1080000400543213, 2.1059999465942383, 2.1010000705718994, 2.0980000495910645, 2.0940001010894775, 2.0940001010894775, 2.0940001010894775, 2.0840001106262207, 2.0759999752044678, 2.0759999752044678, 2.075000047683716, 2.0739998817443848, 2.062000036239624, 2.061000108718872, 2.052999973297119, 2.0460000038146973, 2.0409998893737793, 2.0409998893737793, 2.0390000343322754, 2.0390000343322754, 2.0390000343322754, 2.0399999618530273, 2.0230000019073486, 2.0190000534057617, 2.0169999599456787, 2.0179998874664307, 2.0169999599456787, 2.006999969482422, 2.005000114440918, 2.007999897003174, 2.00600004196167, 2.005000114440918, 2.0, 1.99399995803833, 1.9950000047683716, 1.996000051498413, 1.9910000562667847, 1.9850000143051147, 1.9839999675750732, 1.9850000143051147, 1.9839999675750732, 1.9839999675750732, 1.9839999675750732, 1.9839999675750732, 1.9789999723434448, 1.9709999561309814, 1.9709999561309814, 1.968000054359436, 1.9639999866485596, 1.9639999866485596, 1.9609999656677246, 1.9539999961853027, 1.9500000476837158, 1.9459999799728394, 1.9490000009536743, 1.9509999752044678, 1.9529999494552612, 1.944000005722046, 1.934000015258789, 1.934000015258789, 1.9329999685287476, 1.937000036239624, 1.9270000457763672, 1.9229999780654907, 1.9179999828338623, 1.9129999876022339, 1.9129999876022339, 1.906999945640564, 1.9010000228881836, 1.8949999809265137, 1.8930000066757202, 1.8890000581741333, 1.8860000371932983, 1.8839999437332153, 1.8830000162124634, 1.8819999694824219, 1.8769999742507935, 1.871999979019165, 1.8630000352859497, 1.8569999933242798, 1.8519999980926514, 1.8530000448226929, 1.8519999980926514, 1.8509999513626099, 1.847000002861023, 1.8350000381469727, 1.8289999961853027, 1.8270000219345093, 1.8220000267028809, 1.819000005722046, 1.8179999589920044, 1.812000036239624, 1.809999942779541, 1.7999999523162842, 1.7940000295639038, 1.7860000133514404, 1.7829999923706055, 1.7769999504089355, 1.7710000276565552, 1.7640000581741333, 1.7610000371932983, 1.7619999647140503, 1.7580000162124634, 1.746000051498413, 1.7380000352859497, 1.7339999675750732, 1.7230000495910645, 1.7200000286102295, 1.7239999771118164, 1.7239999771118164, 1.7039999961853027, 1.7000000476837158, 1.6959999799728394, 1.6920000314712524, 1.680999994277954, 1.6740000247955322, 1.6690000295639038, 1.6610000133514404, 1.6610000133514404, 1.6549999713897705, 1.6440000534057617, 1.6399999856948853, 1.6319999694824219, 1.621999979019165, 1.621999979019165, 1.621999979019165, 1.6150000095367432, 1.6019999980926514, 1.593999981880188, 1.5889999866485596, 1.5770000219345093, 1.5729999542236328, 1.5579999685287476, 1.5520000457763672, 1.5520000457763672, 1.5470000505447388, 1.5369999408721924, 1.531999945640564, 1.5240000486373901, 1.5149999856948853, 1.5140000581741333, 1.5080000162124634, 1.4989999532699585, 1.496000051498413, 1.4859999418258667, 1.4700000286102295, 1.4670000076293945, 1.4509999752044678, 1.4550000429153442, 1.4529999494552612, 1.440999984741211, 1.4290000200271606, 1.4119999408721924, 1.409999966621399, 1.4079999923706055, 1.402999997138977, 1.3849999904632568, 1.3760000467300415, 1.3769999742507935, 1.3630000352859497, 1.350000023841858, 1.343999981880188, 1.340999960899353, 1.3329999446868896, 1.3179999589920044, 1.3070000410079956, 1.2979999780654907, 1.2899999618530273, 1.281000018119812, 1.2719999551773071, 1.2680000066757202, 1.2510000467300415, 1.2489999532699585, 1.2339999675750732, 1.225000023841858, 1.2200000286102295, 1.2089999914169312, 1.1979999542236328, 1.184000015258789, 1.1740000247955322, 1.152999997138977, 1.1510000228881836, 1.1360000371932983, 1.13100004196167, 1.1180000305175781, 1.0989999771118164, 1.090000033378601, 1.0750000476837158, 1.0729999542236328, 1.059999942779541, 1.0470000505447388, 1.031000018119812, 1.0190000534057617, 1.0130000114440918, 1.0010000467300415, 0.9829999804496765, 0.972000002861023, 0.9620000123977661, 0.9549999833106995, 0.9520000219345093, 0.9409999847412109, 0.9399999976158142, 0.9290000200271606, 0.925000011920929, 0.9169999957084656, 0.9070000052452087, 0.9020000100135803, 0.8980000019073486, 0.8930000066757202, 0.8859999775886536, 0.878000020980835, 0.8679999709129333, 0.8619999885559082, 0.8610000014305115, 0.847000002861023, 0.843999981880188, 0.8349999785423279, 0.8339999914169312, 0.8339999914169312, 0.8240000009536743, 0.8140000104904175, 0.8119999766349792, 0.8050000071525574, 0.8009999990463257, 0.796999990940094, 0.7870000004768372, 0.7820000052452087, 0.777999997138977, 0.7770000100135803, 0.7760000228881836, 0.7710000276565552, 0.7599999904632568, 0.7519999742507935, 0.7480000257492065, 0.7459999918937683, 0.7379999756813049, 0.7310000061988831, 0.7279999852180481, 0.7269999980926514, 0.722000002861023, 0.7179999947547913, 0.7149999737739563, 0.7089999914169312, 0.7059999704360962, 0.703000009059906, 0.6970000267028809, 0.6899999976158142, 0.6919999718666077, 0.6899999976158142, 0.6830000281333923, 0.6800000071525574, 0.6769999861717224, 0.675000011920929, 0.6700000166893005, 0.6679999828338623, 0.6679999828338623, 0.6589999794960022, 0.6510000228881836, 0.6539999842643738, 0.6549999713897705, 0.656000018119812, 0.6489999890327454, 0.6480000019073486, 0.6370000243186951, 0.6349999904632568, 0.6349999904632568, 0.6290000081062317, 0.6269999742507935, 0.6259999871253967, 0.6200000047683716, 0.6190000176429749, 0.6150000095367432, 0.609000027179718, 0.6019999980926514, 0.6060000061988831, 0.6069999933242798, 0.6069999933242798, 0.6019999980926514, 0.5950000286102295, 0.593999981880188, 0.5920000076293945, 0.5889999866485596, 0.5870000123977661, 0.5830000042915344, 0.5799999833106995, 0.5770000219345093, 0.5740000009536743, 0.5690000057220459, 0.5690000057220459, 0.5690000057220459, 0.5690000057220459, 0.5699999928474426, 0.5740000009536743, 0.5640000104904175, 0.5600000023841858, 0.5569999814033508, 0.5540000200271606, 0.5580000281333923, 0.5580000281333923, 0.5609999895095825, 0.5619999766349792, 0.5550000071525574, 0.5479999780654907, 0.5479999780654907, 0.5440000295639038, 0.5440000295639038, 0.5400000214576721, 0.5410000085830688, 0.5379999876022339, 0.5370000004768372, 0.5329999923706055, 0.5249999761581421, 0.5270000100135803, 0.5220000147819519, 0.5249999761581421, 0.5189999938011169, 0.5220000147819519, 0.5180000066757202, 0.5120000243186951, 0.5120000243186951, 0.5139999985694885, 0.5180000066757202, 0.515999972820282, 0.5120000243186951, 0.5080000162124634, 0.5059999823570251, 0.5059999823570251, 0.49900001287460327, 0.4950000047683716, 0.4909999966621399, 0.4970000088214874, 0.5019999742507935, 0.5070000290870667, 0.5, 0.49300000071525574, 0.492000013589859, 0.492000013589859, 0.492000013589859, 0.492000013589859, 0.492000013589859, 0.48399999737739563, 0.48399999737739563, 0.48399999737739563, 0.48399999737739563, 0.4819999933242798, 0.4880000054836273, 0.4880000054836273, 0.47999998927116394, 0.4790000021457672, 0.4790000021457672, 0.47999998927116394, 0.4779999852180481, 0.47699999809265137, 0.4790000021457672, 0.47999998927116394, 0.4779999852180481, 0.47600001096725464, 0.4779999852180481, 0.4779999852180481, 0.47200000286102295, 0.4659999907016754, 0.46799999475479126, 0.47099998593330383, 0.46799999475479126, 0.4690000116825104, 0.46799999475479126, 0.4699999988079071, 0.46799999475479126, 0.4659999907016754, 0.4650000035762787, 0.46299999952316284, 0.460999995470047, 0.4620000123977661, 0.4620000123977661, 0.46399998664855957, 0.460999995470047, 0.4580000042915344, 0.46399998664855957, 0.4569999873638153, 0.453000009059906, 0.4519999921321869, 0.45100000500679016, 0.45100000500679016, 0.4519999921321869, 0.4569999873638153, 0.44999998807907104, 0.44999998807907104, 0.4519999921321869, 0.45399999618530273, 0.4490000009536743, 0.4490000009536743, 0.4480000138282776, 0.44699999690055847, 0.44600000977516174, 0.4490000009536743, 0.4519999921321869, 0.4519999921321869, 0.45399999618530273, 0.453000009059906, 0.4490000009536743, 0.4490000009536743, 0.4440000057220459, 0.43700000643730164, 0.4399999976158142, 0.44600000977516174, 0.44600000977516174, 0.44999998807907104, 0.44999998807907104, 0.4480000138282776, 0.4399999976158142, 0.43700000643730164, 0.4399999976158142, 0.4429999887943268, 0.44600000977516174, 0.4350000023841858, 0.43299999833106995, 0.4309999942779541, 0.42899999022483826, 0.4300000071525574, 0.43299999833106995, 0.4359999895095825, 0.4350000023841858, 0.4350000023841858, 0.4350000023841858, 0.4350000023841858, 0.4410000145435333, 0.44600000977516174, 0.44200000166893005, 0.4309999942779541, 0.4350000023841858, 0.4350000023841858, 0.4300000071525574, 0.42800000309944153, 0.42899999022483826, 0.4339999854564667, 0.43299999833106995, 0.4320000112056732, 0.4320000112056732, 0.4320000112056732, 0.4230000078678131, 0.42399999499320984, 0.4300000071525574, 0.42899999022483826, 0.42899999022483826, 0.42899999022483826, 0.4350000023841858, 0.4350000023841858, 0.42899999022483826, 0.42500001192092896, 0.4269999861717224, 0.4269999861717224, 0.4320000112056732, 0.4300000071525574, 0.42899999022483826, 0.4339999854564667, 0.4309999942779541, 0.4309999942779541, 0.4339999854564667, 0.4350000023841858, 0.4339999854564667, 0.43299999833106995, 0.42800000309944153, 0.42800000309944153, 0.4320000112056732, 0.4339999854564667, 0.43299999833106995, 0.43299999833106995, 0.43299999833106995, 0.43299999833106995, 0.4350000023841858, 0.4359999895095825, 0.4359999895095825, 0.4269999861717224, 0.42899999022483826, 0.4309999942779541, 0.44200000166893005, 0.4390000104904175, 0.4320000112056732, 0.4390000104904175, 0.4440000057220459, 0.44600000977516174, 0.44600000977516174, 0.44699999690055847, 0.4480000138282776, 0.45100000500679016, 0.4449999928474426, 0.4449999928474426, 0.44699999690055847, 0.4429999887943268, 0.4399999976158142, 0.4399999976158142, 0.44200000166893005, 0.4440000057220459, 0.4440000057220459, 0.4410000145435333, 0.4399999976158142, 0.4429999887943268, 0.4440000057220459, 0.44600000977516174, 0.4490000009536743, 0.4429999887943268, 0.44200000166893005, 0.44200000166893005, 0.44200000166893005, 0.4440000057220459, 0.4440000057220459, 0.44699999690055847, 0.44699999690055847, 0.44200000166893005, 0.4440000057220459, 0.44200000166893005, 0.44200000166893005, 0.44200000166893005, 0.4449999928474426, 0.44699999690055847, 0.4490000009536743, 0.4490000009536743, 0.44699999690055847, 0.44699999690055847, 0.44999998807907104, 0.4490000009536743, 0.45500001311302185, 0.45100000500679016, 0.45100000500679016, 0.45100000500679016, 0.44999998807907104, 0.44999998807907104, 0.4519999921321869, 0.4490000009536743, 0.4480000138282776, 0.4480000138282776, 0.44999998807907104, 0.4490000009536743, 0.45100000500679016, 0.4560000002384186, 0.4560000002384186, 0.45500001311302185, 0.4569999873638153, 0.4569999873638153, 0.45100000500679016, 0.45399999618530273, 0.460999995470047, 0.460999995470047, 0.46399998664855957, 0.4659999907016754, 0.4659999907016754, 0.46399998664855957, 0.4659999907016754, 0.4699999988079071, 0.4699999988079071, 0.46399998664855957, 0.4659999907016754, 0.46399998664855957, 0.4650000035762787, 0.4699999988079071, 0.4729999899864197, 0.46700000762939453, 0.46700000762939453, 0.46700000762939453, 0.4690000116825104, 0.4699999988079071, 0.47200000286102295, 0.4729999899864197, 0.47699999809265137, 0.4729999899864197, 0.4729999899864197, 0.4729999899864197, 0.48100000619888306, 0.4819999933242798, 0.48100000619888306, 0.47999998927116394, 0.47999998927116394, 0.4790000021457672, 0.48399999737739563, 0.49000000953674316, 0.48899999260902405, 0.4819999933242798, 0.4869999885559082, 0.48399999737739563, 0.4869999885559082, 0.492000013589859, 0.49399998784065247, 0.4909999966621399, 0.4909999966621399, 0.49000000953674316, 0.4909999966621399, 0.4909999966621399, 0.49399998784065247, 0.5, 0.5049999952316284, 0.5059999823570251, 0.5070000290870667, 0.5049999952316284, 0.5070000290870667, 0.5099999904632568, 0.5139999985694885, 0.5130000114440918, 0.515999972820282, 0.5210000276565552, 0.5210000276565552, 0.5239999890327454, 0.5260000228881836, 0.5239999890327454, 0.5199999809265137, 0.5210000276565552, 0.5239999890327454, 0.5289999842643738, 0.5270000100135803, 0.5320000052452087, 0.5410000085830688, 0.5419999957084656, 0.5419999957084656, 0.5440000295639038, 0.5429999828338623, 0.5460000038146973, 0.5569999814033508, 0.5569999814033508, 0.5559999942779541, 0.5529999732971191, 0.5529999732971191, 0.5550000071525574, 0.5630000233650208, 0.5649999976158142, 0.5649999976158142, 0.5649999976158142, 0.5659999847412109, 0.5669999718666077, 0.5730000138282776, 0.5740000009536743, 0.5799999833106995, 0.5870000123977661, 0.5870000123977661, 0.5879999995231628, 0.5879999995231628, 0.5920000076293945, 0.593999981880188, 0.593999981880188, 0.5950000286102295, 0.597000002861023, 0.6029999852180481, 0.6060000061988831, 0.6019999980926514, 0.6140000224113464, 0.6079999804496765, 0.6029999852180481, 0.6029999852180481, 0.6159999966621399, 0.6140000224113464, 0.6259999871253967, 0.625, 0.6230000257492065, 0.6179999709129333, 0.621999979019165, 0.6330000162124634, 0.6330000162124634, 0.6359999775886536, 0.6439999938011169, 0.640999972820282, 0.6399999856948853, 0.6420000195503235, 0.6470000147819519, 0.6489999890327454, 0.652999997138977, 0.6570000052452087, 0.6620000004768372, 0.6679999828338623, 0.6690000295639038, 0.6650000214576721, 0.6650000214576721, 0.6729999780654907, 0.6740000247955322, 0.6740000247955322, 0.6869999766349792, 0.6869999766349792, 0.6970000267028809, 0.6970000267028809, 0.7009999752044678, 0.7089999914169312, 0.7089999914169312, 0.7149999737739563, 0.7099999785423279, 0.722000002861023, 0.7179999947547913, 0.7210000157356262, 0.7200000286102295, 0.7200000286102295, 0.7279999852180481, 0.7509999871253967, 0.7559999823570251, 0.75, 0.7519999742507935, 0.75, 0.7630000114440918, 0.7680000066757202, 0.7739999890327454, 0.7879999876022339, 0.7879999876022339, 0.7919999957084656, 0.796999990940094, 0.8059999942779541, 0.8130000233650208, 0.8069999814033508, 0.8119999766349792, 0.8199999928474426, 0.8230000138282776, 0.8420000076293945, 0.8420000076293945, 0.8479999899864197, 0.8510000109672546]
intensities: [1140.0, 1126.0, 1154.0, 1233.0, 1234.0, 1424.0, 1371.0, 1509.0, 1532.0, 1533.0, 1539.0, 1555.0, 1564.0, 1564.0, 1439.0, 1242.0, 1153.0, 924.0, 924.0, 878.0, 954.0, 1055.0, 1076.0, 1122.0, 1112.0, 1105.0, 1078.0, 1091.0, 1056.0, 1113.0, 1203.0, 1332.0, 1439.0, 1506.0, 1535.0, 1617.0, 1653.0, 1703.0, 1690.0, 1717.0, 1725.0, 1737.0, 1737.0, 1747.0, 1750.0, 1745.0, 1767.0, 1767.0, 1778.0, 1755.0, 1754.0, 1764.0, 1768.0, 1754.0, 1756.0, 1749.0, 1747.0, 1759.0, 1765.0, 1742.0, 1757.0, 1749.0, 1743.0, 1745.0, 1742.0, 1742.0, 1734.0, 1731.0, 1735.0, 1729.0, 1742.0, 1734.0, 1734.0, 1726.0, 1717.0, 1725.0, 1729.0, 1723.0, 1711.0, 1708.0, 1711.0, 1708.0, 1702.0, 1726.0, 1733.0, 1724.0, 1675.0, 1696.0, 1704.0, 1666.0, 1635.0, 1670.0, 1663.0, 1671.0, 1676.0, 1658.0, 1645.0, 1633.0, 1625.0, 1634.0, 1631.0, 1616.0, 1619.0, 1610.0, 1643.0, 1630.0, 1630.0, 1613.0, 1600.0, 1600.0, 1603.0, 1603.0, 1600.0, 1578.0, 1571.0, 1577.0, 1587.0, 1575.0, 1551.0, 1556.0, 1555.0, 1549.0, 1554.0, 1561.0, 1544.0, 1518.0, 1518.0, 1528.0, 1528.0, 1494.0, 1494.0, 1501.0, 1487.0, 1487.0, 1491.0, 1494.0, 1488.0, 1482.0, 1477.0, 1473.0, 1477.0, 1472.0, 1472.0, 1464.0, 1453.0, 1453.0, 1441.0, 1420.0, 1430.0, 1411.0, 1415.0, 1417.0, 1397.0, 1382.0, 1379.0, 1379.0, 1388.0, 1368.0, 1356.0, 1343.0, 1359.0, 1364.0, 1357.0, 1355.0, 1355.0, 1342.0, 1326.0, 1326.0, 1309.0, 1298.0, 1303.0, 1308.0, 1308.0, 1301.0, 1303.0, 1295.0, 1292.0, 1303.0, 1291.0, 1284.0, 1279.0, 1269.0, 1258.0, 1259.0, 1259.0, 1247.0, 1255.0, 1255.0, 1240.0, 1241.0, 1230.0, 1225.0, 1223.0, 1214.0, 1210.0, 1208.0, 1220.0, 1226.0, 1213.0, 1213.0, 1212.0, 1208.0, 1208.0, 1219.0, 1213.0, 1208.0, 1206.0, 1205.0, 1205.0, 1205.0, 1205.0, 1208.0, 1205.0, 1203.0, 1201.0, 1202.0, 1198.0, 1199.0, 1199.0, 1184.0, 1185.0, 1191.0, 1196.0, 1168.0, 1168.0, 1165.0, 1166.0, 1168.0, 1168.0, 1148.0, 1152.0, 1171.0, 1163.0, 1157.0, 1156.0, 1147.0, 1147.0, 1143.0, 1139.0, 1142.0, 1141.0, 1135.0, 1137.0, 1136.0, 1142.0, 1141.0, 1135.0, 1134.0, 1134.0, 1127.0, 1125.0, 1132.0, 1135.0, 1145.0, 1145.0, 1136.0, 1129.0, 1133.0, 1135.0, 1135.0, 1139.0, 1130.0, 1144.0, 1153.0, 1166.0, 1138.0, 1127.0, 1127.0, 1130.0, 1124.0, 1133.0, 1140.0, 1145.0, 1138.0, 1131.0, 1134.0, 1132.0, 1148.0, 1127.0, 1140.0, 1150.0, 1148.0, 1148.0, 1146.0, 1147.0, 1140.0, 1144.0, 1139.0, 1137.0, 1140.0, 1139.0, 1138.0, 1136.0, 1136.0, 1127.0, 1127.0, 1131.0, 1132.0, 1142.0, 1129.0, 1123.0, 1124.0, 1130.0, 1124.0, 1119.0, 1119.0, 1135.0, 1128.0, 1126.0, 1122.0, 1127.0, 1114.0, 1117.0, 1120.0, 1121.0, 1132.0, 1121.0, 1108.0, 1107.0, 1123.0, 1121.0, 1115.0, 1105.0, 1112.0, 1120.0, 1128.0, 1134.0, 1131.0, 1174.0, 1141.0, 1134.0, 1129.0, 1116.0, 1116.0, 1109.0, 1117.0, 1114.0, 1103.0, 1121.0, 1119.0, 1099.0, 1098.0, 1103.0, 1083.0, 1094.0, 1099.0, 1098.0, 1104.0, 1098.0, 1107.0, 1102.0, 1113.0, 1105.0, 1096.0, 1088.0, 1095.0, 1092.0, 1109.0, 1113.0, 1090.0, 1300.0, 1450.0, 1396.0, 1008.0, 1008.0, 1021.0, 1009.0, 1012.0, 1012.0, 1018.0, 1023.0, 1023.0, 1033.0, 1032.0, 1025.0, 1027.0, 1026.0, 1040.0, 1040.0, 1030.0, 1039.0, 1036.0, 1040.0, 1038.0, 1046.0, 1051.0, 1050.0, 1044.0, 1049.0, 1049.0, 1059.0, 1061.0, 1061.0, 1063.0, 1064.0, 1065.0, 1063.0, 1065.0, 1071.0, 1078.0, 1070.0, 1081.0, 1074.0, 1067.0, 1068.0, 1068.0, 1069.0, 1052.0, 1051.0, 1056.0, 1069.0, 1068.0, 1059.0, 1059.0, 1062.0, 1050.0, 1060.0, 1063.0, 1079.0, 1068.0, 1061.0, 1061.0, 1072.0, 1077.0, 1082.0, 1077.0, 1075.0, 1074.0, 1084.0, 1076.0, 1095.0, 1096.0, 1099.0, 1099.0, 1100.0, 1103.0, 1105.0, 1105.0, 1115.0, 1110.0, 1110.0, 1113.0, 1114.0, 1111.0, 1109.0, 1110.0, 1121.0, 1109.0, 1122.0, 1115.0, 1121.0, 1131.0, 1100.0, 1116.0, 1101.0, 1115.0, 1108.0, 1095.0, 1105.0, 1124.0, 1108.0, 1105.0, 1110.0, 1124.0, 1116.0, 1112.0, 1112.0, 1101.0, 1113.0, 1111.0, 1092.0, 1124.0, 1120.0, 1125.0, 1121.0, 1117.0, 1116.0, 1118.0, 1108.0, 1107.0, 1111.0, 1115.0, 1124.0, 1122.0, 1118.0, 1109.0, 1106.0, 1098.0, 1124.0, 1104.0, 1111.0, 1122.0, 1113.0, 1106.0, 1113.0, 1117.0, 1104.0, 1106.0, 1117.0, 1116.0, 1122.0, 1116.0, 1110.0, 1115.0, 1103.0, 1101.0, 1100.0, 1099.0, 1103.0, 1103.0, 1101.0, 1105.0, 1100.0, 1089.0, 1084.0, 1095.0, 1096.0, 1087.0, 1101.0, 1099.0, 1134.0, 1118.0, 1090.0, 1106.0, 1091.0, 1097.0, 1102.0, 1084.0, 1102.0, 1086.0, 1108.0, 1094.0, 1099.0, 1096.0, 1095.0, 1111.0, 1105.0, 1106.0, 1106.0, 1118.0, 1106.0, 1096.0, 1111.0, 1097.0, 1112.0, 1106.0, 1097.0, 1101.0, 1109.0, 1115.0, 1096.0, 1116.0, 1089.0, 1119.0, 1101.0, 1141.0, 1119.0, 1117.0, 1134.0, 1132.0, 1135.0, 1122.0, 1136.0, 1122.0, 1114.0, 1113.0, 1113.0, 1116.0, 1118.0, 1139.0, 1125.0, 1113.0, 1157.0, 1164.0, 1173.0, 1161.0, 1157.0, 1151.0, 1175.0, 1166.0, 1181.0, 1186.0, 1202.0, 1201.0, 1210.0, 1224.0, 1242.0, 1278.0, 1268.0, 1270.0, 1292.0, 1274.0, 1256.0, 1278.0, 1299.0, 1306.0, 1308.0, 1318.0, 1320.0, 1321.0, 1351.0, 1351.0, 1353.0, 1358.0, 1369.0, 1369.0, 1364.0, 1370.0, 1369.0, 1370.0, 1375.0, 1387.0, 1395.0, 1397.0, 1418.0, 1420.0, 1419.0, 1444.0, 1450.0, 1446.0, 1429.0, 1453.0, 1455.0, 1447.0, 1442.0, 1436.0, 1461.0, 1461.0, 1469.0, 1493.0, 1496.0, 1492.0, 1500.0, 1505.0, 1507.0, 1488.0, 1503.0, 1518.0, 1534.0, 1542.0, 1535.0, 1532.0, 1524.0, 1548.0, 1544.0, 1532.0, 1544.0, 1556.0, 1556.0, 1553.0, 1551.0, 1563.0, 1575.0, 1586.0, 1576.0, 1608.0, 1608.0, 1606.0, 1589.0, 1614.0, 1614.0, 1652.0, 1652.0, 1660.0, 1678.0, 1664.0, 1675.0, 1673.0, 1664.0, 1670.0, 1670.0, 1690.0, 1689.0, 1694.0, 1695.0, 1695.0, 1712.0, 1712.0, 1674.0, 1693.0, 1703.0, 1702.0, 1722.0, 1720.0, 1720.0, 1720.0, 1720.0, 1713.0, 1713.0, 1706.0, 1712.0, 1712.0, 1711.0, 1695.0, 1704.0, 1722.0, 1723.0, 1714.0, 1729.0, 1729.0, 1717.0, 1705.0, 1733.0, 1724.0, 1731.0, 1741.0, 1727.0, 1723.0, 1723.0, 1735.0, 1735.0, 1734.0, 1738.0, 1738.0, 1738.0, 1738.0, 1740.0, 1748.0, 1748.0, 1751.0, 1753.0, 1760.0, 1768.0, 1754.0, 1741.0, 1742.0, 1745.0, 1749.0, 1745.0, 1753.0, 1750.0, 1752.0, 1744.0, 1739.0, 1746.0, 1743.0, 1747.0, 1744.0, 1742.0, 1742.0, 1747.0, 1747.0, 1731.0, 1739.0, 1730.0, 1705.0, 1726.0, 1728.0, 1736.0, 1729.0, 1719.0, 1702.0, 1708.0, 1722.0, 1722.0, 1719.0, 1720.0, 1721.0, 1716.0, 1723.0, 1719.0, 1700.0, 1692.0, 1692.0, 1688.0, 1682.0, 1683.0, 1684.0, 1680.0, 1675.0, 1675.0, 1701.0, 1686.0, 1678.0, 1673.0, 1658.0, 1682.0, 1654.0, 1646.0, 1646.0, 1665.0, 1667.0, 1653.0, 1647.0, 1658.0, 1645.0, 1629.0, 1657.0, 1657.0, 1640.0, 1644.0, 1645.0, 1640.0, 1633.0, 1633.0, 1625.0, 1611.0, 1629.0, 1627.0, 1609.0, 1595.0, 1590.0, 1590.0, 1587.0, 1593.0, 1618.0, 1603.0, 1589.0, 1592.0, 1575.0, 1575.0, 1595.0, 1602.0, 1612.0, 1598.0, 1588.0, 1592.0, 1606.0, 1606.0, 1606.0, 1596.0, 1588.0, 1582.0, 1570.0, 1564.0, 1535.0, 1517.0, 1526.0, 1539.0, 1551.0, 1555.0, 1551.0, 1520.0, 1514.0, 1514.0, 1519.0, 1513.0, 1501.0, 1506.0, 1504.0, 1504.0, 1516.0, 1536.0, 1504.0, 1509.0, 1515.0, 1513.0, 1497.0, 1492.0, 1485.0, 1473.0, 1483.0, 1466.0, 1466.0, 1470.0, 1469.0, 1474.0, 1432.0, 1432.0, 1460.0, 1420.0, 1425.0, 1431.0, 1422.0, 1409.0, 1409.0, 1413.0, 1399.0, 1407.0, 1392.0, 1362.0, 1346.0, 1357.0, 1370.0, 1370.0, 1360.0, 1351.0, 1351.0, 1329.0, 1331.0, 1341.0, 1344.0, 1305.0, 1305.0, 1310.0, 1304.0, 1301.0, 1301.0, 1301.0, 1291.0, 1276.0, 1277.0, 1276.0, 1283.0, 1265.0, 1254.0, 1254.0, 1247.0, 1241.0, 1246.0, 1241.0, 1246.0, 1239.0, 1241.0, 1237.0, 1238.0, 1237.0, 1231.0, 1230.0, 1226.0, 1226.0, 1226.0, 1223.0, 1221.0, 1221.0, 1221.0, 1221.0, 1221.0, 1221.0, 1221.0, 1219.0, 1219.0, 1179.0, 1194.0, 1180.0, 1184.0, 1182.0, 1201.0, 1172.0, 1183.0, 1181.0, 1183.0, 1183.0, 1184.0, 1185.0, 1175.0, 1172.0, 1154.0, 1154.0, 1164.0, 1166.0, 1159.0, 1152.0, 1158.0, 1161.0, 1151.0, 1142.0, 1142.0, 1148.0, 1141.0, 1138.0, 1140.0, 1152.0, 1146.0, 1144.0, 1144.0, 1157.0, 1134.0, 1133.0, 1131.0, 1146.0, 1138.0, 1147.0, 1151.0, 1149.0, 1149.0, 1127.0, 1136.0, 1135.0, 1145.0, 1154.0, 1159.0, 1172.0, 1165.0, 1160.0, 1161.0, 1163.0, 1153.0, 1152.0, 1143.0, 1158.0, 1160.0, 1167.0, 1162.0, 1173.0, 1166.0, 1175.0, 1178.0, 1178.0, 1180.0, 1177.0, 1175.0, 1174.0, 1171.0, 1174.0, 1175.0, 1175.0, 1165.0, 1173.0, 1170.0, 1174.0, 1166.0, 1165.0, 1166.0, 1173.0, 1177.0, 1182.0, 1166.0, 1166.0, 1159.0, 1161.0, 1159.0, 1158.0, 1163.0, 1154.0, 1156.0, 1159.0, 1169.0, 1162.0, 1171.0, 1212.0, 1194.0, 1198.0, 1170.0, 1183.0, 1195.0, 1195.0, 1187.0, 1203.0, 1190.0, 1178.0, 1186.0, 1217.0, 1214.0, 1204.0, 1207.0, 1189.0, 1178.0, 1179.0, 1151.0, 1151.0, 1151.0, 1150.0, 1150.0, 1213.0, 1213.0, 1265.0, 1261.0, 1224.0, 1220.0, 1217.0, 1215.0, 1215.0, 1229.0, 1244.0, 1250.0, 1252.0, 1242.0, 1250.0, 1219.0, 1198.0, 1209.0, 1196.0, 1166.0, 1177.0, 1165.0, 1164.0, 1186.0, 1159.0, 1162.0, 1173.0, 1191.0, 1212.0, 1206.0, 1196.0, 1185.0, 1194.0, 1195.0, 1176.0, 1185.0, 1194.0]