header: 
  seq: 2581
  stamp: 
    secs: 1548820821
    nsecs: 740268093
  frame_id: "base_link"
angle_min: -2.35619449615
angle_max: 2.35619449615
angle_increment: 0.00436332309619
time_increment: 1.73611151695e-05
scan_time: 0.0250000003725
range_min: 0.019999999553
range_max: 30.0
ranges: [0.5199999809265137, 0.5410000085830688, 0.5559999942779541, 0.5619999766349792, 0.5619999766349792, 0.5770000219345093, 0.578000009059906, 0.5709999799728394, 0.5590000152587891, 0.5519999861717224, 0.5450000166893005, 0.5389999747276306, 0.531000018119812, 0.5289999842643738, 0.4860000014305115, 0.4390000104904175, 0.35499998927116394, 0.2409999966621399, 0.26600000262260437, 0.26899999380111694, 0.3919999897480011, 0.44600000977516174, 0.47099998593330383, 0.4790000021457672, 0.4819999933242798, 0.49000000953674316, 0.4880000054836273, 0.47699999809265137, 0.46299999952316284, 0.46000000834465027, 0.46000000834465027, 0.45500001311302185, 0.4480000138282776, 0.4410000145435333, 0.43299999833106995, 0.43700000643730164, 0.4309999942779541, 0.4309999942779541, 0.4259999990463257, 0.421999990940094, 0.4169999957084656, 0.4180000126361847, 0.4189999997615814, 0.4169999957084656, 0.40799999237060547, 0.40700000524520874, 0.4009999930858612, 0.39800000190734863, 0.3959999978542328, 0.3930000066757202, 0.3889999985694885, 0.3919999897480011, 0.3840000033378601, 0.3790000081062317, 0.3799999952316284, 0.3799999952316284, 0.3779999911785126, 0.3720000088214874, 0.36500000953674316, 0.3630000054836273, 0.3630000054836273, 0.3619999885559082, 0.3610000014305115, 0.3580000102519989, 0.35199999809265137, 0.3540000021457672, 0.35100001096725464, 0.35100001096725464, 0.3529999852180481, 0.3540000021457672, 0.35199999809265137, 0.3490000069141388, 0.33899998664855957, 0.33500000834465027, 0.33799999952316284, 0.335999995470047, 0.335999995470047, 0.3310000002384186, 0.328000009059906, 0.3240000009536743, 0.32100000977516174, 0.32100000977516174, 0.3179999887943268, 0.31700000166893005, 0.31200000643730164, 0.31299999356269836, 0.3070000112056732, 0.3059999942779541, 0.3059999942779541, 0.3059999942779541, 0.3070000112056732, 0.3019999861717224, 0.296999990940094, 0.3009999990463257, 0.30300000309944153, 0.30300000309944153, 0.29899999499320984, 0.296999990940094, 0.296999990940094, 0.30000001192092896, 0.3019999861717224, 0.3019999861717224, 0.28700000047683716, 0.29100000858306885, 0.29600000381469727, 0.2939999997615814, 0.2939999997615814, 0.29100000858306885, 0.2939999997615814, 0.2879999876022339, 0.289000004529953, 0.28999999165534973, 0.28999999165534973, 0.28700000047683716, 0.28700000047683716, 0.2849999964237213, 0.28999999165534973, 0.28600001335144043, 0.28600001335144043, 0.28600001335144043, 0.28600001335144043, 0.2919999957084656, 0.289000004529953, 0.28600001335144043, 0.2840000092983246, 0.28600001335144043, 0.28299999237060547, 0.2800000011920929, 0.2770000100135803, 0.2770000100135803, 0.27900001406669617, 0.27900001406669617, 0.2800000011920929, 0.27900001406669617, 0.2809999883174896, 0.2809999883174896, 0.27799999713897705, 0.2840000092983246, 0.28200000524520874, 0.28200000524520874, 0.2800000011920929, 0.2800000011920929, 0.27900001406669617, 0.2800000011920929, 0.27799999713897705, 0.2770000100135803, 0.2770000100135803, 0.2750000059604645, 0.2809999883174896, 0.28200000524520874, 0.2770000100135803, 0.27399998903274536, 0.2809999883174896, 0.28299999237060547, 0.27900001406669617, 0.27900001406669617, 0.28200000524520874, 0.2849999964237213, 0.27900001406669617, 0.2750000059604645, 0.27799999713897705, 0.2770000100135803, 0.2770000100135803, 0.27799999713897705, 0.2770000100135803, 0.27399998903274536, 0.27300000190734863, 0.2709999978542328, 0.2709999978542328, 0.2709999978542328, 0.2720000147819519, 0.27300000190734863, 0.27399998903274536, 0.27399998903274536, 0.2709999978542328, 0.26600000262260437, 0.26499998569488525, 0.2759999930858612, 0.27799999713897705, 0.2720000147819519, 0.27900001406669617, 0.2849999964237213, 0.2770000100135803, 0.2770000100135803, 0.2770000100135803, 0.2770000100135803, 0.27900001406669617, 0.28200000524520874, 0.2840000092983246, 0.28700000047683716, 0.27900001406669617, 0.29100000858306885, 0.2809999883174896, 0.2879999876022339, 0.29100000858306885, 0.28700000047683716, 0.2809999883174896, 0.2800000011920929, 0.2919999957084656, 0.2919999957084656, 0.2879999876022339, 0.3019999861717224, 0.29899999499320984, 0.29899999499320984, 0.3019999861717224, 0.3100000023841858, 0.3070000112056732, 0.30399999022483826, 0.3089999854564667, 0.3160000145435333, 0.3190000057220459, 0.3179999887943268, 0.32100000977516174, 0.32499998807907104, 0.32899999618530273, 0.3330000042915344, 0.335999995470047, 0.33399999141693115, 0.33799999952316284, 0.33500000834465027, 0.3370000123977661, 0.3449999988079071, 0.3479999899864197, 0.3499999940395355, 0.3490000069141388, 0.3490000069141388, 0.3529999852180481, 0.3619999885559082, 0.3630000054836273, 0.38199999928474426, 0.382999986410141, 0.39100000262260437, 0.40700000524520874, 0.40700000524520874, 0.40799999237060547, 0.4169999957084656, 0.42500001192092896, 0.4269999861717224, 0.4390000104904175, 0.44600000977516174, 0.45899999141693115, 0.4690000116825104, 0.47099998593330383, 0.48100000619888306, 0.4830000102519989, 0.49000000953674316, 0.5059999823570251, 0.5189999938011169, 0.5360000133514404, 0.5490000247955322, 0.5600000023841858, 0.5799999833106995, 0.5899999737739563, 0.5979999899864197, 0.6179999709129333, 0.6330000162124634, 0.6510000228881836, 0.6769999861717224, 0.6990000009536743, 0.7139999866485596, 0.7319999933242798, 0.7509999871253967, 0.7900000214576721, 0.8069999814033508, 0.8479999899864197, 0.8669999837875366, 0.906000018119812, 0.9369999766349792, 0.9879999756813049, 1.024999976158142, 1.0829999446868896, 1.1729999780654907, 1.3279999494552612, 2.234999895095825, 2.246999979019165, 2.246000051498413, 2.246000051498413, 2.246999979019165, 2.243000030517578, 2.240999937057495, 2.2320001125335693, 2.2239999771118164, 2.2239999771118164, 2.2239999771118164, 2.2170000076293945, 2.2139999866485596, 2.2090001106262207, 2.2079999446868896, 2.2060000896453857, 2.197999954223633, 2.196000099182129, 2.190000057220459, 2.194999933242798, 2.1989998817443848, 2.187999963760376, 2.184999942779541, 2.183000087738037, 2.1740000247955322, 2.1710000038146973, 2.1670000553131104, 2.1619999408721924, 2.1600000858306885, 2.1589999198913574, 2.1549999713897705, 2.1519999504089355, 2.1480000019073486, 2.1449999809265137, 2.1410000324249268, 2.138000011444092, 2.138000011444092, 2.135999917984009, 2.135999917984009, 2.13100004196167, 2.127000093460083, 2.125999927520752, 2.122999906539917, 2.117000102996826, 2.117000102996826, 2.11899995803833, 2.115000009536743, 2.1080000400543213, 2.1040000915527344, 2.0980000495910645, 2.0980000495910645, 2.1019999980926514, 2.0999999046325684, 2.0999999046325684, 2.0950000286102295, 2.0940001010894775, 2.0920000076293945, 2.0889999866485596, 2.0889999866485596, 2.0889999866485596, 2.0799999237060547, 2.065999984741211, 2.062000036239624, 2.059000015258789, 2.052000045776367, 2.0490000247955322, 2.0490000247955322, 2.0420000553131104, 2.0399999618530273, 2.0380001068115234, 2.0339999198913574, 2.0290000438690186, 2.0199999809265137, 2.01200008392334, 2.01200008392334, 2.009000062942505, 2.002000093460083, 1.9989999532699585, 1.9910000562667847, 1.9869999885559082, 1.9780000448226929, 1.9800000190734863, 1.972000002861023, 1.9709999561309814, 1.965999960899353, 1.9620000123977661, 1.9520000219345093, 1.9529999494552612, 1.9450000524520874, 1.944000005722046, 1.9329999685287476, 1.9240000247955322, 1.9129999876022339, 1.9119999408721924, 1.8990000486373901, 1.8980000019073486, 1.8969999551773071, 1.8839999437332153, 1.8819999694824219, 1.8769999742507935, 1.8669999837875366, 1.8630000352859497, 1.8519999980926514, 1.8459999561309814, 1.8380000591278076, 1.8359999656677246, 1.8259999752044678, 1.8140000104904175, 1.8140000104904175, 1.809999942779541, 1.8020000457763672, 1.7899999618530273, 1.7860000133514404, 1.781000018119812, 1.7769999504089355, 1.7630000114440918, 1.7619999647140503, 1.746999979019165, 1.7389999628067017, 1.7300000190734863, 1.7100000381469727, 1.7039999961853027, 1.6950000524520874, 1.684999942779541, 1.6790000200271606, 1.6820000410079956, 1.6710000038146973, 1.656999945640564, 1.6469999551773071, 1.6369999647140503, 1.628000020980835, 1.6150000095367432, 1.6119999885559082, 1.6059999465942383, 1.5959999561309814, 1.5870000123977661, 1.5809999704360962, 1.5640000104904175, 1.5470000505447388, 1.5410000085830688, 1.534999966621399, 1.5269999504089355, 1.5089999437332153, 1.4980000257492065, 1.49399995803833, 1.4859999418258667, 1.4730000495910645, 1.465000033378601, 1.4490000009536743, 1.440000057220459, 1.434000015258789, 1.4229999780654907, 1.4110000133514404, 1.399999976158142, 1.3960000276565552, 1.3839999437332153, 1.3739999532699585, 1.3639999628067017, 1.3550000190734863, 1.3480000495910645, 1.340000033378601, 1.3329999446868896, 1.3279999494552612, 1.305999994277954, 1.2999999523162842, 1.2949999570846558, 1.2869999408721924, 1.281999945640564, 1.2690000534057617, 1.2649999856948853, 1.2640000581741333, 1.2569999694824219, 1.2400000095367432, 1.2410000562667847, 1.2330000400543213, 1.2289999723434448, 1.218999981880188, 1.215999960899353, 1.2059999704360962, 1.1979999542236328, 1.1890000104904175, 1.1890000104904175, 1.187999963760376, 1.1770000457763672, 1.1699999570846558, 1.1649999618530273, 1.1619999408721924, 1.152999997138977, 1.1460000276565552, 1.1440000534057617, 1.1360000371932983, 1.128999948501587, 1.1239999532699585, 1.121000051498413, 1.1180000305175781, 1.1109999418258667, 1.1030000448226929, 1.100000023841858, 1.097000002861023, 1.097000002861023, 1.0870000123977661, 1.0859999656677246, 1.0809999704360962, 1.0750000476837158, 1.0740000009536743, 1.0740000009536743, 1.0679999589920044, 1.062000036239624, 1.062000036239624, 1.0540000200271606, 1.0529999732971191, 1.0429999828338623, 1.0420000553131104, 1.0440000295639038, 1.0429999828338623, 1.0429999828338623, 1.0219999551773071, 1.0199999809265137, 1.0190000534057617, 1.0119999647140503, 1.0080000162124634, 1.0010000467300415, 1.0, 0.9940000176429749, 0.9940000176429749, 0.9879999756813049, 0.9810000061988831, 0.9850000143051147, 0.9789999723434448, 0.9769999980926514, 0.9739999771118164, 0.9739999771118164, 0.9750000238418579, 0.9710000157356262, 0.9649999737739563, 0.9649999737739563, 0.9649999737739563, 0.9610000252723694, 0.9549999833106995, 0.949999988079071, 0.9490000009536743, 0.9470000267028809, 0.9459999799728394, 0.9409999847412109, 0.9380000233650208, 0.9440000057220459, 0.9390000104904175, 0.9300000071525574, 0.9340000152587891, 0.9399999976158142, 0.9369999766349792, 0.9259999990463257, 0.9229999780654907, 0.9169999957084656, 0.9200000166893005, 0.9190000295639038, 0.9169999957084656, 0.9100000262260437, 0.9070000052452087, 0.9039999842643738, 0.9039999842643738, 0.8999999761581421, 0.8949999809265137, 0.8920000195503235, 0.890999972820282, 0.8870000243186951, 0.8840000033378601, 0.8840000033378601, 0.8820000290870667, 0.8809999823570251, 0.8769999742507935, 0.8820000290870667, 0.8820000290870667, 0.8769999742507935, 0.8769999742507935, 0.8769999742507935, 0.8759999871253967, 0.8790000081062317, 0.8740000128746033, 0.871999979019165, 0.8700000047683716, 0.8679999709129333, 0.8640000224113464, 0.8600000143051147, 0.8560000061988831, 0.8569999933242798, 0.8569999933242798, 0.8569999933242798, 0.8529999852180481, 0.8510000109672546, 0.8510000109672546, 0.8489999771118164, 0.843999981880188, 0.8429999947547913, 0.8399999737739563, 0.8420000076293945, 0.8429999947547913, 0.8420000076293945, 0.8389999866485596, 0.8389999866485596, 0.8420000076293945, 0.8379999995231628, 0.8339999914169312, 0.8320000171661377, 0.8299999833106995, 0.8270000219345093, 0.8270000219345093, 0.8270000219345093, 0.824999988079071, 0.8199999928474426, 0.8230000138282776, 0.8230000138282776, 0.8199999928474426, 0.8180000185966492, 0.8159999847412109, 0.8159999847412109, 0.8130000233650208, 0.8119999766349792, 0.8149999976158142, 0.8199999928474426, 0.8199999928474426, 0.8190000057220459, 0.8119999766349792, 0.8080000281333923, 0.8080000281333923, 0.8119999766349792, 0.8069999814033508, 0.8059999942779541, 0.8109999895095825, 0.8109999895095825, 0.8080000281333923, 0.8059999942779541, 0.8050000071525574, 0.8050000071525574, 0.8059999942779541, 0.8059999942779541, 0.8040000200271606, 0.8009999990463257, 0.8009999990463257, 0.8059999942779541, 0.8069999814033508, 0.8080000281333923, 0.8080000281333923, 0.8080000281333923, 0.8050000071525574, 0.7990000247955322, 0.8009999990463257, 0.796999990940094, 0.796999990940094, 0.7940000295639038, 0.7990000247955322, 0.8050000071525574, 0.7929999828338623, 0.7860000133514404, 0.7910000085830688, 0.7910000085830688, 0.7879999876022339, 0.7900000214576721, 0.7919999957084656, 0.7900000214576721, 0.7860000133514404, 0.7850000262260437, 0.781000018119812, 0.7799999713897705, 0.7829999923706055, 0.7860000133514404, 0.7860000133514404, 0.7860000133514404, 0.7839999794960022, 0.781000018119812, 0.7860000133514404, 0.7850000262260437, 0.7820000052452087, 0.7789999842643738, 0.7789999842643738, 0.777999997138977, 0.777999997138977, 0.7839999794960022, 0.7749999761581421, 0.777999997138977, 0.7689999938011169, 0.7720000147819519, 0.7699999809265137, 0.7710000276565552, 0.7699999809265137, 0.7710000276565552, 0.7710000276565552, 0.7689999938011169, 0.7670000195503235, 0.765999972820282, 0.7599999904632568, 0.7580000162124634, 0.7580000162124634, 0.7580000162124634, 0.7580000162124634, 0.7590000033378601, 0.7580000162124634, 0.7649999856948853, 0.765999972820282, 0.7649999856948853, 0.7649999856948853, 0.7580000162124634, 0.7580000162124634, 0.7580000162124634, 0.7670000195503235, 0.7590000033378601, 0.7599999904632568, 0.7590000033378601, 0.7559999823570251, 0.7540000081062317, 0.7480000257492065, 0.7540000081062317, 0.7519999742507935, 0.7509999871253967, 0.7459999918937683, 0.7480000257492065, 0.746999979019165, 0.7450000047683716, 0.7459999918937683, 0.7459999918937683, 0.7459999918937683, 0.7459999918937683, 0.7490000128746033, 0.7490000128746033, 0.746999979019165, 0.7369999885559082, 0.7369999885559082, 0.7409999966621399, 0.7409999966621399, 0.7429999709129333, 0.7379999756813049, 0.7369999885559082, 0.7369999885559082, 0.7360000014305115, 0.7369999885559082, 0.7369999885559082, 0.7429999709129333, 0.7429999709129333, 0.7390000224113464, 0.7319999933242798, 0.7250000238418579, 0.7289999723434448, 0.7319999933242798, 0.734000027179718, 0.7369999885559082, 0.7319999933242798, 0.7260000109672546, 0.7260000109672546, 0.7260000109672546, 0.7250000238418579, 0.7289999723434448, 0.7260000109672546, 0.7300000190734863, 0.7260000109672546, 0.7239999771118164, 0.7250000238418579, 0.7260000109672546, 0.7260000109672546, 0.7250000238418579, 0.7229999899864197, 0.7210000157356262, 0.7200000286102295, 0.722000002861023, 0.722000002861023, 0.7239999771118164, 0.7239999771118164, 0.7139999866485596, 0.7179999947547913, 0.722000002861023, 0.7200000286102295, 0.718999981880188, 0.7160000205039978, 0.7179999947547913, 0.7149999737739563, 0.7120000123977661, 0.7099999785423279, 0.7149999737739563, 0.718999981880188, 0.7139999866485596, 0.7110000252723694, 0.7139999866485596, 0.7139999866485596, 0.7160000205039978, 0.7149999737739563, 0.7139999866485596, 0.7129999995231628, 0.7120000123977661, 0.7070000171661377, 0.7049999833106995, 0.7039999961853027, 0.7080000042915344, 0.7080000042915344, 0.7080000042915344, 0.7139999866485596, 0.7089999914169312, 0.7080000042915344, 0.7070000171661377, 0.7049999833106995, 0.7089999914169312, 0.7139999866485596, 0.7129999995231628, 0.7049999833106995, 0.7009999752044678, 0.7009999752044678, 0.7009999752044678, 0.7039999961853027, 0.699999988079071, 0.7039999961853027, 0.7070000171661377, 0.7039999961853027, 0.7049999833106995, 0.7070000171661377, 0.7049999833106995, 0.7039999961853027, 0.7039999961853027, 0.7009999752044678, 0.699999988079071, 0.699999988079071, 0.699999988079071, 0.7039999961853027, 0.699999988079071, 0.699999988079071, 0.7009999752044678, 0.699999988079071, 0.7009999752044678, 0.6990000009536743, 0.6949999928474426, 0.6970000267028809, 0.6990000009536743, 0.7009999752044678, 0.703000009059906, 0.7099999785423279, 0.7009999752044678, 0.6959999799728394, 0.6940000057220459, 0.6909999847412109, 0.6949999928474426, 0.6970000267028809, 0.7020000219345093, 0.6959999799728394, 0.6970000267028809, 0.6940000057220459, 0.6940000057220459, 0.6959999799728394, 0.6959999799728394, 0.6919999718666077, 0.6919999718666077, 0.6880000233650208, 0.6919999718666077, 0.6949999928474426, 0.6949999928474426, 0.6919999718666077, 0.6919999718666077, 0.6949999928474426, 0.6940000057220459, 0.7020000219345093, 0.7020000219345093, 0.6959999799728394, 0.6919999718666077, 0.6899999976158142, 0.6949999928474426, 0.6930000185966492, 0.6949999928474426, 0.6980000138282776, 0.6980000138282776, 0.6959999799728394, 0.6949999928474426, 0.6949999928474426, 0.6949999928474426, 0.6949999928474426, 0.6940000057220459, 0.6980000138282776, 0.703000009059906, 0.7009999752044678, 0.6980000138282776, 0.6980000138282776, 0.6980000138282776, 0.6959999799728394, 0.6930000185966492, 0.6949999928474426, 0.6970000267028809, 0.6970000267028809, 0.6970000267028809, 0.6970000267028809, 0.6970000267028809, 0.6940000057220459, 0.6909999847412109, 0.6909999847412109, 0.6959999799728394, 0.6970000267028809, 0.6959999799728394, 0.6919999718666077, 0.6890000104904175, 0.6890000104904175, 0.6909999847412109, 0.6890000104904175, 0.6949999928474426, 0.6959999799728394, 0.6959999799728394, 0.6949999928474426, 0.6949999928474426, 0.6890000104904175, 0.6959999799728394, 0.6940000057220459, 0.6940000057220459, 0.6949999928474426, 0.6990000009536743, 0.6990000009536743, 0.6919999718666077, 0.6909999847412109, 0.6919999718666077, 0.6970000267028809, 0.6970000267028809, 0.6930000185966492, 0.6890000104904175, 0.6869999766349792, 0.6869999766349792, 0.6959999799728394, 0.6959999799728394, 0.6919999718666077, 0.6919999718666077, 0.6919999718666077, 0.6930000185966492, 0.6940000057220459, 0.6940000057220459, 0.699999988079071, 0.6919999718666077, 0.6919999718666077, 0.6919999718666077, 0.6859999895095825, 0.6890000104904175, 0.6930000185966492, 0.6940000057220459, 0.6909999847412109, 0.6880000233650208, 0.6880000233650208, 0.6949999928474426, 0.6949999928474426, 0.6940000057220459, 0.6940000057220459, 0.6949999928474426, 0.6930000185966492, 0.6909999847412109, 0.6919999718666077, 0.6980000138282776, 0.6959999799728394, 0.6930000185966492, 0.6909999847412109, 0.6899999976158142, 0.6899999976158142, 0.6899999976158142, 0.6909999847412109, 0.6890000104904175, 0.6899999976158142, 0.6899999976158142, 0.6899999976158142, 0.6940000057220459, 0.6990000009536743, 0.6949999928474426, 0.6919999718666077, 0.6869999766349792, 0.6919999718666077, 0.6940000057220459, 0.6919999718666077, 0.6880000233650208, 0.6880000233650208, 0.6899999976158142, 0.6909999847412109, 0.6949999928474426, 0.6949999928474426, 0.6899999976158142, 0.6899999976158142, 0.6909999847412109, 0.6949999928474426, 0.6959999799728394, 0.6959999799728394, 0.6930000185966492, 0.6930000185966492, 0.6940000057220459, 0.6909999847412109, 0.6869999766349792, 0.6859999895095825, 0.6859999895095825, 0.6930000185966492, 0.6930000185966492, 0.6959999799728394, 0.6940000057220459, 0.6940000057220459, 0.6940000057220459, 0.6980000138282776, 0.6970000267028809, 0.7009999752044678, 0.6980000138282776, 0.7009999752044678, 0.699999988079071, 0.7020000219345093, 0.703000009059906, 0.6940000057220459, 0.6919999718666077, 0.6909999847412109, 0.6980000138282776, 0.7059999704360962, 0.7039999961853027, 0.699999988079071, 0.6980000138282776, 0.6980000138282776, 0.6980000138282776, 0.7009999752044678, 0.7039999961853027, 0.7039999961853027, 0.7039999961853027, 0.7049999833106995, 0.703000009059906, 0.703000009059906, 0.7070000171661377, 0.7009999752044678, 0.7020000219345093, 0.7020000219345093, 0.7059999704360962, 0.7059999704360962, 0.7009999752044678, 0.7059999704360962, 0.7080000042915344, 0.7099999785423279, 0.7099999785423279, 0.7099999785423279, 0.7080000042915344, 0.7020000219345093, 0.7059999704360962, 0.7070000171661377, 0.7080000042915344, 0.7059999704360962, 0.7089999914169312, 0.7139999866485596, 0.7110000252723694, 0.7089999914169312, 0.7110000252723694, 0.7129999995231628, 0.7120000123977661, 0.7080000042915344, 0.7070000171661377, 0.7070000171661377, 0.7009999752044678, 0.699999988079071, 0.6970000267028809, 0.6970000267028809, 0.7059999704360962, 0.7059999704360962, 0.7059999704360962, 0.6919999718666077, 0.6919999718666077, 0.6990000009536743, 0.7020000219345093, 0.7020000219345093, 0.6890000104904175, 0.6890000104904175, 0.6919999718666077, 0.6880000233650208, 0.6859999895095825, 0.6859999895095825, 0.6940000057220459, 0.6790000200271606, 0.6790000200271606, 0.6959999799728394, 0.6970000267028809, 0.6970000267028809, 0.6970000267028809, 0.6909999847412109, 0.6919999718666077, 0.6940000057220459, 0.6970000267028809, 0.6970000267028809, 0.6970000267028809, 0.6980000138282776, 0.6980000138282776, 0.6930000185966492, 0.6899999976158142, 0.6909999847412109, 0.6909999847412109, 0.6880000233650208, 0.6859999895095825, 0.6819999814033508, 0.675000011920929, 0.675000011920929, 0.675000011920929, 0.6830000281333923, 0.6790000200271606, 0.6819999814033508, 0.6819999814033508, 0.6840000152587891, 0.6869999766349792, 0.6949999928474426, 0.6949999928474426, 0.6919999718666077, 0.6970000267028809, 0.6980000138282776, 0.6980000138282776, 0.7039999961853027, 0.7080000042915344, 0.7059999704360962, 0.7080000042915344, 0.7059999704360962, 0.699999988079071, 0.7039999961853027, 0.7080000042915344, 0.7059999704360962, 0.7020000219345093, 0.7009999752044678]
intensities: [914.0, 932.0, 954.0, 971.0, 971.0, 1043.0, 1045.0, 1066.0, 1088.0, 1093.0, 1115.0, 1113.0, 1116.0, 1128.0, 1058.0, 1042.0, 947.0, 734.0, 767.0, 757.0, 913.0, 967.0, 959.0, 966.0, 957.0, 952.0, 929.0, 931.0, 952.0, 1001.0, 1074.0, 1092.0, 1100.0, 1134.0, 1124.0, 1146.0, 1183.0, 1183.0, 1205.0, 1207.0, 1202.0, 1220.0, 1217.0, 1212.0, 1224.0, 1223.0, 1235.0, 1232.0, 1234.0, 1241.0, 1233.0, 1250.0, 1234.0, 1235.0, 1232.0, 1232.0, 1218.0, 1220.0, 1219.0, 1213.0, 1213.0, 1226.0, 1229.0, 1215.0, 1193.0, 1219.0, 1200.0, 1203.0, 1215.0, 1215.0, 1206.0, 1203.0, 1160.0, 1168.0, 1178.0, 1182.0, 1182.0, 1162.0, 1152.0, 1158.0, 1155.0, 1148.0, 1156.0, 1206.0, 1206.0, 1242.0, 1229.0, 1238.0, 1274.0, 1278.0, 1285.0, 1279.0, 1290.0, 1292.0, 1294.0, 1293.0, 1287.0, 1292.0, 1258.0, 1273.0, 1285.0, 1285.0, 1272.0, 1282.0, 1278.0, 1271.0, 1285.0, 1289.0, 1299.0, 1300.0, 1292.0, 1286.0, 1280.0, 1294.0, 1290.0, 1281.0, 1297.0, 1302.0, 1302.0, 1300.0, 1300.0, 1294.0, 1275.0, 1291.0, 1281.0, 1296.0, 1285.0, 1305.0, 1287.0, 1291.0, 1296.0, 1292.0, 1289.0, 1296.0, 1299.0, 1299.0, 1294.0, 1286.0, 1278.0, 1281.0, 1278.0, 1288.0, 1302.0, 1280.0, 1272.0, 1280.0, 1281.0, 1270.0, 1272.0, 1270.0, 1257.0, 1248.0, 1259.0, 1254.0, 1247.0, 1242.0, 1241.0, 1239.0, 1234.0, 1233.0, 1237.0, 1230.0, 1217.0, 1221.0, 1221.0, 1215.0, 1211.0, 1204.0, 1204.0, 1191.0, 1176.0, 1163.0, 1168.0, 1168.0, 1161.0, 1147.0, 1156.0, 1149.0, 1158.0, 1132.0, 1140.0, 1148.0, 1115.0, 1120.0, 1099.0, 1120.0, 1131.0, 1131.0, 1104.0, 1134.0, 1127.0, 1165.0, 1116.0, 1109.0, 1130.0, 1116.0, 1086.0, 1081.0, 1107.0, 1107.0, 1083.0, 1092.0, 1092.0, 1092.0, 1095.0, 1111.0, 1103.0, 1087.0, 1089.0, 1092.0, 1102.0, 1092.0, 1099.0, 1095.0, 1093.0, 1088.0, 1076.0, 1075.0, 1083.0, 1058.0, 1062.0, 1056.0, 1045.0, 1047.0, 1036.0, 1036.0, 1035.0, 1048.0, 1039.0, 1031.0, 1018.0, 1018.0, 1028.0, 1027.0, 1026.0, 1014.0, 1040.0, 1032.0, 1026.0, 1032.0, 1027.0, 1019.0, 1014.0, 1018.0, 1012.0, 1029.0, 1015.0, 1010.0, 1013.0, 1023.0, 1017.0, 1027.0, 1030.0, 1026.0, 1029.0, 1025.0, 1008.0, 1003.0, 1003.0, 987.0, 993.0, 999.0, 989.0, 987.0, 998.0, 996.0, 1005.0, 1000.0, 977.0, 976.0, 1002.0, 1127.0, 1371.0, 975.0, 973.0, 979.0, 988.0, 991.0, 985.0, 993.0, 980.0, 979.0, 973.0, 967.0, 988.0, 993.0, 981.0, 985.0, 993.0, 990.0, 1002.0, 980.0, 993.0, 997.0, 993.0, 994.0, 997.0, 998.0, 993.0, 997.0, 998.0, 996.0, 996.0, 994.0, 1001.0, 1005.0, 1003.0, 1001.0, 1001.0, 1001.0, 1004.0, 1012.0, 1010.0, 1008.0, 1020.0, 1019.0, 1009.0, 1009.0, 1013.0, 1015.0, 1009.0, 1011.0, 1021.0, 1021.0, 1019.0, 1020.0, 1022.0, 1019.0, 1020.0, 1021.0, 1010.0, 1023.0, 1025.0, 1014.0, 1030.0, 1018.0, 1017.0, 1028.0, 1016.0, 1016.0, 1026.0, 1028.0, 1030.0, 1024.0, 1019.0, 1023.0, 1026.0, 1026.0, 1026.0, 1030.0, 1028.0, 1021.0, 1028.0, 1024.0, 1035.0, 1011.0, 1033.0, 1025.0, 1032.0, 1033.0, 1038.0, 1024.0, 1026.0, 1031.0, 1030.0, 1025.0, 1046.0, 1038.0, 1038.0, 1036.0, 1036.0, 1036.0, 1030.0, 1029.0, 1048.0, 1048.0, 1037.0, 1044.0, 1042.0, 1048.0, 1053.0, 1052.0, 1042.0, 1038.0, 1050.0, 1037.0, 1050.0, 1055.0, 1043.0, 1066.0, 1055.0, 1051.0, 1050.0, 1048.0, 1044.0, 1059.0, 1065.0, 1054.0, 1062.0, 1051.0, 1046.0, 1042.0, 1039.0, 1040.0, 1021.0, 1027.0, 1036.0, 1032.0, 1026.0, 1027.0, 1019.0, 1020.0, 1024.0, 1013.0, 1018.0, 1026.0, 1027.0, 1028.0, 1037.0, 1048.0, 1045.0, 1061.0, 1060.0, 1058.0, 1065.0, 1070.0, 1080.0, 1086.0, 1081.0, 1104.0, 1090.0, 1095.0, 1099.0, 1103.0, 1100.0, 1102.0, 1104.0, 1109.0, 1109.0, 1117.0, 1114.0, 1119.0, 1122.0, 1121.0, 1127.0, 1125.0, 1138.0, 1142.0, 1140.0, 1133.0, 1149.0, 1138.0, 1133.0, 1134.0, 1123.0, 1155.0, 1163.0, 1164.0, 1158.0, 1172.0, 1180.0, 1181.0, 1185.0, 1191.0, 1201.0, 1194.0, 1216.0, 1217.0, 1216.0, 1225.0, 1221.0, 1224.0, 1243.0, 1238.0, 1246.0, 1248.0, 1255.0, 1270.0, 1270.0, 1275.0, 1262.0, 1282.0, 1279.0, 1292.0, 1276.0, 1269.0, 1297.0, 1298.0, 1298.0, 1304.0, 1317.0, 1318.0, 1313.0, 1329.0, 1326.0, 1327.0, 1348.0, 1343.0, 1362.0, 1346.0, 1354.0, 1354.0, 1370.0, 1360.0, 1360.0, 1368.0, 1368.0, 1362.0, 1388.0, 1399.0, 1379.0, 1385.0, 1391.0, 1386.0, 1410.0, 1404.0, 1403.0, 1389.0, 1418.0, 1430.0, 1426.0, 1425.0, 1427.0, 1423.0, 1426.0, 1432.0, 1426.0, 1427.0, 1440.0, 1451.0, 1446.0, 1443.0, 1457.0, 1458.0, 1471.0, 1472.0, 1461.0, 1464.0, 1481.0, 1480.0, 1493.0, 1470.0, 1478.0, 1502.0, 1500.0, 1482.0, 1501.0, 1507.0, 1509.0, 1514.0, 1521.0, 1525.0, 1525.0, 1535.0, 1533.0, 1532.0, 1538.0, 1545.0, 1555.0, 1550.0, 1550.0, 1572.0, 1573.0, 1558.0, 1566.0, 1573.0, 1564.0, 1571.0, 1564.0, 1582.0, 1581.0, 1582.0, 1585.0, 1590.0, 1593.0, 1586.0, 1584.0, 1585.0, 1595.0, 1605.0, 1605.0, 1590.0, 1589.0, 1593.0, 1593.0, 1598.0, 1601.0, 1594.0, 1595.0, 1601.0, 1609.0, 1595.0, 1600.0, 1604.0, 1604.0, 1602.0, 1598.0, 1598.0, 1607.0, 1604.0, 1599.0, 1596.0, 1596.0, 1598.0, 1601.0, 1599.0, 1601.0, 1604.0, 1604.0, 1600.0, 1626.0, 1622.0, 1613.0, 1618.0, 1629.0, 1631.0, 1628.0, 1623.0, 1627.0, 1638.0, 1631.0, 1612.0, 1611.0, 1614.0, 1619.0, 1633.0, 1649.0, 1618.0, 1618.0, 1635.0, 1638.0, 1628.0, 1645.0, 1644.0, 1634.0, 1640.0, 1637.0, 1642.0, 1648.0, 1648.0, 1647.0, 1644.0, 1649.0, 1665.0, 1642.0, 1670.0, 1682.0, 1669.0, 1663.0, 1663.0, 1659.0, 1665.0, 1677.0, 1670.0, 1686.0, 1660.0, 1673.0, 1660.0, 1668.0, 1668.0, 1679.0, 1686.0, 1680.0, 1669.0, 1666.0, 1677.0, 1677.0, 1685.0, 1695.0, 1685.0, 1704.0, 1687.0, 1684.0, 1701.0, 1682.0, 1680.0, 1678.0, 1697.0, 1701.0, 1704.0, 1697.0, 1692.0, 1691.0, 1704.0, 1692.0, 1670.0, 1690.0, 1697.0, 1679.0, 1690.0, 1703.0, 1709.0, 1691.0, 1702.0, 1693.0, 1696.0, 1697.0, 1704.0, 1678.0, 1678.0, 1693.0, 1702.0, 1697.0, 1712.0, 1707.0, 1714.0, 1708.0, 1711.0, 1711.0, 1707.0, 1718.0, 1715.0, 1713.0, 1706.0, 1711.0, 1710.0, 1711.0, 1717.0, 1724.0, 1720.0, 1716.0, 1710.0, 1705.0, 1714.0, 1704.0, 1703.0, 1710.0, 1717.0, 1701.0, 1714.0, 1714.0, 1716.0, 1716.0, 1717.0, 1694.0, 1688.0, 1691.0, 1705.0, 1686.0, 1677.0, 1677.0, 1677.0, 1667.0, 1672.0, 1680.0, 1663.0, 1668.0, 1684.0, 1682.0, 1661.0, 1696.0, 1708.0, 1705.0, 1671.0, 1686.0, 1691.0, 1710.0, 1687.0, 1666.0, 1671.0, 1659.0, 1665.0, 1663.0, 1665.0, 1675.0, 1674.0, 1677.0, 1663.0, 1675.0, 1652.0, 1664.0, 1694.0, 1672.0, 1686.0, 1656.0, 1643.0, 1643.0, 1656.0, 1655.0, 1650.0, 1643.0, 1638.0, 1639.0, 1643.0, 1647.0, 1645.0, 1647.0, 1640.0, 1642.0, 1643.0, 1644.0, 1644.0, 1642.0, 1634.0, 1634.0, 1638.0, 1628.0, 1645.0, 1643.0, 1617.0, 1617.0, 1626.0, 1633.0, 1620.0, 1625.0, 1612.0, 1601.0, 1606.0, 1615.0, 1606.0, 1605.0, 1608.0, 1598.0, 1606.0, 1598.0, 1609.0, 1596.0, 1600.0, 1600.0, 1600.0, 1596.0, 1565.0, 1578.0, 1580.0, 1569.0, 1569.0, 1557.0, 1559.0, 1581.0, 1585.0, 1572.0, 1572.0, 1561.0, 1537.0, 1546.0, 1548.0, 1536.0, 1530.0, 1532.0, 1540.0, 1536.0, 1532.0, 1520.0, 1513.0, 1511.0, 1492.0, 1514.0, 1499.0, 1497.0, 1502.0, 1490.0, 1492.0, 1485.0, 1458.0, 1471.0, 1484.0, 1481.0, 1478.0, 1488.0, 1474.0, 1474.0, 1462.0, 1469.0, 1438.0, 1471.0, 1476.0, 1468.0, 1436.0, 1441.0, 1441.0, 1439.0, 1435.0, 1430.0, 1429.0, 1425.0, 1434.0, 1411.0, 1411.0, 1407.0, 1400.0, 1400.0, 1397.0, 1403.0, 1406.0, 1403.0, 1407.0, 1396.0, 1403.0, 1396.0, 1402.0, 1391.0, 1387.0, 1391.0, 1384.0, 1378.0, 1379.0, 1379.0, 1386.0, 1387.0, 1386.0, 1386.0, 1371.0, 1376.0, 1373.0, 1376.0, 1381.0, 1364.0, 1369.0, 1374.0, 1372.0, 1369.0, 1363.0, 1361.0, 1366.0, 1367.0, 1362.0, 1357.0, 1361.0, 1337.0, 1347.0, 1358.0, 1347.0, 1347.0, 1352.0, 1355.0, 1353.0, 1350.0, 1349.0, 1338.0, 1335.0, 1336.0, 1345.0, 1355.0, 1316.0, 1335.0, 1332.0, 1338.0, 1336.0, 1334.0, 1350.0, 1324.0, 1341.0, 1338.0, 1328.0, 1328.0, 1350.0, 1335.0, 1333.0, 1333.0, 1314.0, 1322.0, 1331.0, 1328.0, 1320.0, 1319.0, 1319.0, 1329.0, 1322.0, 1324.0, 1324.0, 1315.0, 1315.0, 1323.0, 1325.0, 1324.0, 1326.0, 1336.0, 1332.0, 1335.0, 1347.0, 1333.0, 1339.0, 1336.0, 1344.0, 1340.0, 1338.0, 1334.0, 1335.0, 1352.0, 1362.0, 1359.0, 1347.0, 1361.0, 1359.0, 1374.0, 1344.0, 1344.0, 1357.0, 1364.0, 1380.0, 1380.0, 1375.0, 1375.0, 1378.0, 1376.0, 1380.0, 1380.0, 1376.0, 1380.0, 1380.0, 1370.0, 1364.0, 1364.0, 1366.0, 1358.0, 1371.0, 1379.0, 1376.0, 1380.0, 1384.0, 1388.0, 1394.0, 1385.0, 1381.0, 1391.0, 1400.0, 1400.0, 1403.0, 1403.0, 1429.0, 1432.0, 1439.0, 1427.0, 1427.0, 1455.0, 1447.0, 1443.0, 1437.0, 1446.0, 1463.0, 1462.0, 1474.0, 1472.0, 1457.0, 1475.0, 1481.0, 1455.0, 1449.0, 1464.0, 1473.0, 1448.0, 1494.0, 1492.0, 1489.0, 1486.0, 1486.0, 1512.0, 1507.0, 1507.0, 1498.0, 1516.0, 1516.0, 1525.0, 1534.0, 1534.0, 1539.0, 1539.0, 1533.0, 1562.0, 1526.0, 1529.0, 1534.0, 1519.0, 1527.0, 1524.0, 1519.0, 1531.0, 1528.0, 1504.0, 1526.0, 1542.0, 1540.0, 1548.0, 1539.0, 1554.0, 1536.0, 1547.0, 1533.0, 1529.0, 1546.0, 1545.0]