header: 
  seq: 2368
  stamp: 
    secs: 1548820816
    nsecs: 406121446
  frame_id: "base_link"
angle_min: -2.35619449615
angle_max: 2.35619449615
angle_increment: 0.00436332309619
time_increment: 1.73611151695e-05
scan_time: 0.0250000003725
range_min: 0.019999999553
range_max: 30.0
ranges: [0.3709999918937683, 0.35600000619888306, 0.3569999933242798, 0.382999986410141, 0.38999998569488525, 0.39399999380111694, 0.3889999985694885, 0.3869999945163727, 0.3799999952316284, 0.37700000405311584, 0.37700000405311584, 0.3779999911785126, 0.3709999918937683, 0.37400001287460327, 0.3619999885559082, 0.33500000834465027, 0.34200000762939453, 0.3059999942779541, 0.29499998688697815, 0.2800000011920929, 0.296999990940094, 0.3490000069141388, 0.35100001096725464, 0.35499998927116394, 0.3610000014305115, 0.3610000014305115, 0.3580000102519989, 0.35499998927116394, 0.3479999899864197, 0.3610000014305115, 0.36500000953674316, 0.3610000014305115, 0.36000001430511475, 0.3619999885559082, 0.3619999885559082, 0.3569999933242798, 0.36000001430511475, 0.36000001430511475, 0.36000001430511475, 0.35499998927116394, 0.36399999260902405, 0.3569999933242798, 0.35199999809265137, 0.3490000069141388, 0.3479999899864197, 0.3479999899864197, 0.3490000069141388, 0.35499998927116394, 0.3619999885559082, 0.3529999852180481, 0.3499999940395355, 0.3479999899864197, 0.3449999988079071, 0.34200000762939453, 0.3449999988079071, 0.3499999940395355, 0.35100001096725464, 0.34200000762939453, 0.34299999475479126, 0.33799999952316284, 0.3409999907016754, 0.33500000834465027, 0.3370000123977661, 0.33799999952316284, 0.3400000035762787, 0.3330000042915344, 0.3330000042915344, 0.3400000035762787, 0.33899998664855957, 0.3330000042915344, 0.3330000042915344, 0.3370000123977661, 0.3370000123977661, 0.32899999618530273, 0.3310000002384186, 0.3319999873638153, 0.3319999873638153, 0.33899998664855957, 0.33000001311302185, 0.33000001311302185, 0.32899999618530273, 0.3319999873638153, 0.335999995470047, 0.3310000002384186, 0.32600000500679016, 0.33000001311302185, 0.3319999873638153, 0.3319999873638153, 0.32899999618530273, 0.328000009059906, 0.328000009059906, 0.32899999618530273, 0.33399999141693115, 0.3240000009536743, 0.32199999690055847, 0.3230000138282776, 0.3230000138282776, 0.32199999690055847, 0.32199999690055847, 0.3230000138282776, 0.3190000057220459, 0.3149999976158142, 0.3179999887943268, 0.328000009059906, 0.328000009059906, 0.3230000138282776, 0.31299999356269836, 0.32199999690055847, 0.328000009059906, 0.328000009059906, 0.328000009059906, 0.32499998807907104, 0.3230000138282776, 0.3199999928474426, 0.3199999928474426, 0.3179999887943268, 0.3179999887943268, 0.3199999928474426, 0.32100000977516174, 0.32100000977516174, 0.31299999356269836, 0.3109999895095825, 0.3089999854564667, 0.3160000145435333, 0.3179999887943268, 0.3149999976158142, 0.3140000104904175, 0.31299999356269836, 0.31299999356269836, 0.3140000104904175, 0.31299999356269836, 0.3070000112056732, 0.3109999895095825, 0.3109999895095825, 0.31299999356269836, 0.3149999976158142, 0.3160000145435333, 0.3160000145435333, 0.31200000643730164, 0.3140000104904175, 0.3100000023841858, 0.31200000643730164, 0.3109999895095825, 0.30399999022483826, 0.30300000309944153, 0.3149999976158142, 0.3109999895095825, 0.3019999861717224, 0.3070000112056732, 0.31200000643730164, 0.30799999833106995, 0.30799999833106995, 0.3070000112056732, 0.2980000078678131, 0.3050000071525574, 0.3140000104904175, 0.30799999833106995, 0.30799999833106995, 0.3059999942779541, 0.3059999942779541, 0.30399999022483826, 0.296999990940094, 0.2980000078678131, 0.3070000112056732, 0.31200000643730164, 0.31200000643730164, 0.3089999854564667, 0.30300000309944153, 0.30000001192092896, 0.3019999861717224, 0.3009999990463257, 0.3019999861717224, 0.296999990940094, 0.30000001192092896, 0.30799999833106995, 0.3109999895095825, 0.3050000071525574, 0.3070000112056732, 0.3100000023841858, 0.3100000023841858, 0.3070000112056732, 0.3059999942779541, 0.3050000071525574, 0.30399999022483826, 0.30399999022483826, 0.3009999990463257, 0.3019999861717224, 0.30000001192092896, 0.2939999997615814, 0.3009999990463257, 0.30399999022483826, 0.30000001192092896, 0.3019999861717224, 0.30399999022483826, 0.3050000071525574, 0.296999990940094, 0.296999990940094, 0.296999990940094, 0.296999990940094, 0.3050000071525574, 0.3059999942779541, 0.3070000112056732, 0.30000001192092896, 0.29899999499320984, 0.30000001192092896, 0.30399999022483826, 0.2980000078678131, 0.3059999942779541, 0.3070000112056732, 0.30399999022483826, 0.30300000309944153, 0.3009999990463257, 0.30399999022483826, 0.30399999022483826, 0.3059999942779541, 0.3019999861717224, 0.30799999833106995, 0.3149999976158142, 0.3199999928474426, 0.3140000104904175, 0.3050000071525574, 0.30300000309944153, 0.30399999022483826, 0.30399999022483826, 0.3100000023841858, 0.3160000145435333, 0.3149999976158142, 0.3109999895095825, 0.3100000023841858, 0.31299999356269836, 0.3149999976158142, 0.31700000166893005, 0.31700000166893005, 0.3160000145435333, 0.3179999887943268, 0.3190000057220459, 0.3179999887943268, 0.3199999928474426, 0.3199999928474426, 0.32600000500679016, 0.3240000009536743, 0.3199999928474426, 0.3179999887943268, 0.32199999690055847, 0.32100000977516174, 0.3269999921321869, 0.32100000977516174, 0.32199999690055847, 0.31700000166893005, 0.3310000002384186, 0.32899999618530273, 0.335999995470047, 0.3240000009536743, 0.3330000042915344, 0.33799999952316284, 0.33799999952316284, 0.33399999141693115, 0.3240000009536743, 0.3230000138282776, 0.328000009059906, 0.3319999873638153, 0.33500000834465027, 0.3440000116825104, 0.33399999141693115, 0.3319999873638153, 0.3310000002384186, 0.335999995470047, 0.335999995470047, 0.33899998664855957, 0.3400000035762787, 0.34200000762939453, 0.3449999988079071, 0.3400000035762787, 0.3490000069141388, 0.34299999475479126, 0.34599998593330383, 0.3400000035762787, 0.3409999907016754, 0.34200000762939453, 0.34299999475479126, 0.3409999907016754, 0.33899998664855957, 0.34200000762939453, 0.35100001096725464, 0.35600000619888306, 0.3479999899864197, 0.35100001096725464, 0.3540000021457672, 0.35499998927116394, 0.3569999933242798, 0.3569999933242798, 0.3569999933242798, 0.35899999737739563, 0.36000001430511475, 0.3659999966621399, 0.367000013589859, 0.367000013589859, 0.36399999260902405, 0.3580000102519989, 0.3569999933242798, 0.3610000014305115, 0.37400001287460327, 0.37400001287460327, 0.36800000071525574, 0.36800000071525574, 0.367000013589859, 0.37700000405311584, 0.3790000081062317, 0.375, 0.37599998712539673, 0.38100001215934753, 0.3930000066757202, 0.3959999978542328, 0.3889999985694885, 0.3889999985694885, 0.38600000739097595, 0.3869999945163727, 0.38600000739097595, 0.3889999985694885, 0.39899998903274536, 0.39899998903274536, 0.39800000190734863, 0.39800000190734863, 0.39899998903274536, 0.3959999978542328, 0.39899998903274536, 0.4059999883174896, 0.40700000524520874, 0.414000004529953, 0.41200000047683716, 0.41600000858306885, 0.4189999997615814, 0.421999990940094, 0.42500001192092896, 0.4259999990463257, 0.43299999833106995, 0.4300000071525574, 0.4259999990463257, 0.4309999942779541, 0.4359999895095825, 0.4390000104904175, 0.4440000057220459, 0.4429999887943268, 0.44200000166893005, 0.4440000057220459, 0.4410000145435333, 0.4399999976158142, 0.4480000138282776, 0.45399999618530273, 0.453000009059906, 0.45399999618530273, 0.453000009059906, 0.453000009059906, 0.4580000042915344, 0.47200000286102295, 0.4779999852180481, 0.4779999852180481, 0.47600001096725464, 0.4749999940395355, 0.4790000021457672, 0.4790000021457672, 0.4830000102519989, 0.4970000088214874, 0.4959999918937683, 0.49000000953674316, 0.492000013589859, 0.49900001287460327, 0.5009999871253967, 0.5059999823570251, 0.5139999985694885, 0.5180000066757202, 0.5189999938011169, 0.5180000066757202, 0.5149999856948853, 0.5189999938011169, 0.5270000100135803, 0.5320000052452087, 0.527999997138977, 0.531000018119812, 0.5299999713897705, 0.5450000166893005, 0.6029999852180481, 0.6589999794960022, 0.7670000195503235, 1.7389999628067017, 1.7389999628067017, 1.7350000143051147, 1.7300000190734863, 1.7280000448226929, 1.7300000190734863, 1.7200000286102295, 1.715000033378601, 1.715000033378601, 1.7130000591278076, 1.7039999961853027, 1.7020000219345093, 1.6979999542236328, 1.694000005722046, 1.690999984741211, 1.680999994277954, 1.6790000200271606, 1.6710000038146973, 1.659000039100647, 1.6579999923706055, 1.6579999923706055, 1.656999945640564, 1.6490000486373901, 1.6419999599456787, 1.6419999599456787, 1.6419999599456787, 1.6390000581741333, 1.6339999437332153, 1.6339999437332153, 1.6339999437332153, 1.6299999952316284, 1.6200000047683716, 1.628999948501587, 1.6180000305175781, 1.6119999885559082, 1.6069999933242798, 1.597000002861023, 1.593000054359436, 1.5859999656677246, 1.5820000171661377, 1.5820000171661377, 1.5820000171661377, 1.5779999494552612, 1.5740000009536743, 1.5709999799728394, 1.5729999542236328, 1.5579999685287476, 1.5579999685287476, 1.5529999732971191, 1.5490000247955322, 1.5470000505447388, 1.5479999780654907, 1.5420000553131104, 1.531000018119812, 1.5329999923706055, 1.531999945640564, 1.5329999923706055, 1.527999997138977, 1.5299999713897705, 1.5269999504089355, 1.5210000276565552, 1.5169999599456787, 1.5149999856948853, 1.5149999856948853, 1.5160000324249268, 1.5169999599456787, 1.5130000114440918, 1.5140000581741333, 1.5099999904632568, 1.5080000162124634, 1.50600004196167, 1.503000020980835, 1.5010000467300415, 1.5, 1.5010000467300415, 1.496000051498413, 1.496000051498413, 1.496000051498413, 1.49399995803833, 1.4950000047683716, 1.4889999628067017, 1.4869999885559082, 1.4859999418258667, 1.4919999837875366, 1.4869999885559082, 1.4869999885559082, 1.4800000190734863, 1.4800000190734863, 1.4809999465942383, 1.4880000352859497, 1.4889999628067017, 1.4780000448226929, 1.472000002861023, 1.4759999513626099, 1.4730000495910645, 1.4739999771118164, 1.4630000591278076, 1.4670000076293945, 1.4600000381469727, 1.4579999446868896, 1.4609999656677246, 1.465000033378601, 1.4600000381469727, 1.4520000219345093, 1.4509999752044678, 1.4509999752044678, 1.4520000219345093, 1.4529999494552612, 1.4539999961853027, 1.4529999494552612, 1.4509999752044678, 1.4520000219345093, 1.4420000314712524, 1.4420000314712524, 1.4359999895095825, 1.4359999895095825, 1.4279999732971191, 1.4259999990463257, 1.4249999523162842, 1.4229999780654907, 1.4210000038146973, 1.4170000553131104, 1.4259999990463257, 1.4240000247955322, 1.4199999570846558, 1.4149999618530273, 1.409999966621399, 1.409999966621399, 1.409999966621399, 1.3969999551773071, 1.3969999551773071, 1.3990000486373901, 1.4010000228881836, 1.4010000228881836, 1.3990000486373901, 1.3969999551773071, 1.3849999904632568, 1.3839999437332153, 1.3849999904632568, 1.3760000467300415, 1.3739999532699585, 1.3739999532699585, 1.375, 1.3739999532699585, 1.3639999628067017, 1.3609999418258667, 1.3680000305175781, 1.3660000562667847, 1.3650000095367432, 1.3660000562667847, 1.3519999980926514, 1.347000002861023, 1.3450000286102295, 1.3420000076293945, 1.343000054359436, 1.3380000591278076, 1.3380000591278076, 1.3359999656677246, 1.3300000429153442, 1.3279999494552612, 1.3279999494552612, 1.3300000429153442, 1.3220000267028809, 1.3179999589920044, 1.3200000524520874, 1.315000057220459, 1.312999963760376, 1.3040000200271606, 1.2999999523162842, 1.2960000038146973, 1.2960000038146973, 1.2960000038146973, 1.2929999828338623, 1.2879999876022339, 1.2869999408721924, 1.2869999408721924, 1.281999945640564, 1.2740000486373901, 1.2710000276565552, 1.2710000276565552, 1.2710000276565552, 1.2640000581741333, 1.2640000581741333, 1.2649999856948853, 1.2660000324249268, 1.2549999952316284, 1.2450000047683716, 1.2450000047683716, 1.2450000047683716, 1.2450000047683716, 1.2369999885559082, 1.2359999418258667, 1.2309999465942383, 1.225000023841858, 1.2209999561309814, 1.222000002861023, 1.222000002861023, 1.2200000286102295, 1.2139999866485596, 1.2100000381469727, 1.2079999446868896, 1.2079999446868896, 1.1990000009536743, 1.1950000524520874, 1.1929999589920044, 1.1890000104904175, 1.187999963760376, 1.1859999895095825, 1.1820000410079956, 1.1720000505447388, 1.1660000085830688, 1.1670000553131104, 1.1540000438690186, 1.1549999713897705, 1.1549999713897705, 1.156999945640564, 1.156999945640564, 1.1519999504089355, 1.1460000276565552, 1.1410000324249268, 1.1339999437332153, 1.1349999904632568, 1.1360000371932983, 1.13100004196167, 1.13100004196167, 1.1319999694824219, 1.1169999837875366, 1.1139999628067017, 1.1139999628067017, 1.1019999980926514, 1.097000002861023, 1.0950000286102295, 1.093999981880188, 1.0920000076293945, 1.0920000076293945, 1.090000033378601, 1.0839999914169312, 1.0820000171661377, 1.0789999961853027, 1.0779999494552612, 1.0740000009536743, 1.065000057220459, 1.062000036239624, 1.0579999685287476, 1.0549999475479126, 1.0549999475479126, 1.0520000457763672, 1.0490000247955322, 1.0440000295639038, 1.0420000553131104, 1.034000039100647, 1.0329999923706055, 1.0119999647140503, 1.0119999647140503, 1.0140000581741333, 1.0110000371932983, 1.00600004196167, 1.0049999952316284, 0.9980000257492065, 0.9940000176429749, 0.9950000047683716, 0.9929999709129333, 1.0010000467300415, 0.9950000047683716, 0.9860000014305115, 0.9810000061988831, 0.9760000109672546, 0.972000002861023, 0.9700000286102295, 0.9599999785423279, 0.9580000042915344, 0.9549999833106995, 0.953000009059906, 0.9490000009536743, 0.9470000267028809, 0.9449999928474426, 0.9449999928474426, 0.9390000104904175, 0.9399999976158142, 0.925000011920929, 0.9179999828338623, 0.9179999828338623, 0.9179999828338623, 0.9150000214576721, 0.9169999957084656, 0.9150000214576721, 0.9070000052452087, 0.906000018119812, 0.8920000195503235, 0.8920000195503235, 0.8889999985694885, 0.890999972820282, 0.8820000290870667, 0.8790000081062317, 0.8709999918937683, 0.8709999918937683, 0.871999979019165, 0.871999979019165, 0.8640000224113464, 0.8640000224113464, 0.859000027179718, 0.8510000109672546, 0.8420000076293945, 0.8379999995231628, 0.8399999737739563, 0.8399999737739563, 0.8349999785423279, 0.8309999704360962, 0.8259999752044678, 0.8199999928474426, 0.8209999799728394, 0.8109999895095825, 0.8109999895095825, 0.7990000247955322, 0.7990000247955322, 0.7940000295639038, 0.796999990940094, 0.7990000247955322, 0.7979999780654907, 0.7910000085830688, 0.7860000133514404, 0.7820000052452087, 0.781000018119812, 0.781000018119812, 0.765999972820282, 0.7689999938011169, 0.7680000066757202, 0.7639999985694885, 0.7580000162124634, 0.7540000081062317, 0.7519999742507935, 0.7540000081062317, 0.7509999871253967, 0.746999979019165, 0.7419999837875366, 0.7429999709129333, 0.7319999933242798, 0.7289999723434448, 0.7289999723434448, 0.7289999723434448, 0.7289999723434448, 0.7200000286102295, 0.7129999995231628, 0.7120000123977661, 0.7110000252723694, 0.7089999914169312, 0.7179999947547913, 0.7059999704360962, 0.6990000009536743, 0.6919999718666077, 0.6919999718666077, 0.6949999928474426, 0.699999988079071, 0.6940000057220459, 0.6899999976158142, 0.6890000104904175, 0.6850000023841858, 0.6830000281333923, 0.6830000281333923, 0.6850000023841858, 0.6809999942779541, 0.6759999990463257, 0.675000011920929, 0.6729999780654907, 0.6729999780654907, 0.6859999895095825, 0.6869999766349792, 0.6869999766349792, 0.6809999942779541, 0.6710000038146973, 0.6700000166893005, 0.6669999957084656, 0.6620000004768372, 0.6639999747276306, 0.6629999876022339, 0.6610000133514404, 0.6589999794960022, 0.6589999794960022, 0.6549999713897705, 0.6520000100135803, 0.6539999842643738, 0.6539999842643738, 0.6489999890327454, 0.6460000276565552, 0.6420000195503235, 0.6389999985694885, 0.6399999856948853, 0.6489999890327454, 0.6539999842643738, 0.6470000147819519, 0.6480000019073486, 0.6399999856948853, 0.6399999856948853, 0.6380000114440918, 0.6340000033378601, 0.6309999823570251, 0.6320000290870667, 0.6340000033378601, 0.6309999823570251, 0.6320000290870667, 0.6320000290870667, 0.6309999823570251, 0.6299999952316284, 0.6269999742507935, 0.6269999742507935, 0.6290000081062317, 0.6320000290870667, 0.6349999904632568, 0.6320000290870667, 0.625, 0.621999979019165, 0.621999979019165, 0.625, 0.625, 0.6209999918937683, 0.6230000257492065, 0.6209999918937683, 0.621999979019165, 0.6150000095367432, 0.6079999804496765, 0.6119999885559082, 0.6119999885559082, 0.6129999756813049, 0.6110000014305115, 0.6100000143051147, 0.6100000143051147, 0.609000027179718, 0.6060000061988831, 0.6029999852180481, 0.5989999771118164, 0.6019999980926514, 0.6029999852180481, 0.6019999980926514, 0.5989999771118164, 0.609000027179718, 0.6079999804496765, 0.6050000190734863, 0.597000002861023, 0.5989999771118164, 0.6010000109672546, 0.6010000109672546, 0.5960000157356262, 0.5960000157356262, 0.5879999995231628, 0.5910000205039978, 0.5950000286102295, 0.5960000157356262, 0.5960000157356262, 0.5879999995231628, 0.5879999995231628, 0.5879999995231628, 0.5870000123977661, 0.5809999704360962, 0.5870000123977661, 0.5910000205039978, 0.5929999947547913, 0.5910000205039978, 0.5899999737739563, 0.5879999995231628, 0.5870000123977661, 0.5839999914169312, 0.5820000171661377, 0.5830000042915344, 0.5889999866485596, 0.5910000205039978, 0.5920000076293945, 0.5889999866485596, 0.5870000123977661, 0.5879999995231628, 0.5950000286102295, 0.5860000252723694, 0.5809999704360962, 0.5889999866485596, 0.597000002861023, 0.5889999866485596, 0.5870000123977661, 0.5860000252723694, 0.5839999914169312, 0.5839999914169312, 0.5870000123977661, 0.5929999947547913, 0.5849999785423279, 0.5839999914169312, 0.5879999995231628, 0.5879999995231628, 0.5870000123977661, 0.5849999785423279, 0.5820000171661377, 0.5789999961853027, 0.5789999961853027, 0.5789999961853027, 0.5849999785423279, 0.5849999785423279, 0.5879999995231628, 0.5849999785423279, 0.5839999914169312, 0.5820000171661377, 0.5820000171661377, 0.5799999833106995, 0.5849999785423279, 0.5870000123977661, 0.5849999785423279, 0.5839999914169312, 0.5860000252723694, 0.5889999866485596, 0.5899999737739563, 0.5920000076293945, 0.5870000123977661, 0.5799999833106995, 0.5789999961853027, 0.5799999833106995, 0.5849999785423279, 0.5889999866485596, 0.5920000076293945, 0.5920000076293945, 0.5889999866485596, 0.5849999785423279, 0.5849999785423279, 0.5889999866485596, 0.5899999737739563, 0.5889999866485596, 0.5879999995231628, 0.597000002861023, 0.597000002861023, 0.5929999947547913, 0.5910000205039978, 0.5929999947547913, 0.5929999947547913, 0.5879999995231628, 0.5889999866485596, 0.5920000076293945, 0.5979999899864197, 0.5960000157356262, 0.593999981880188, 0.5920000076293945, 0.5950000286102295, 0.5979999899864197, 0.5950000286102295, 0.5910000205039978, 0.5889999866485596, 0.5889999866485596, 0.5960000157356262, 0.5920000076293945, 0.5950000286102295, 0.5960000157356262, 0.5960000157356262, 0.597000002861023, 0.5989999771118164, 0.6039999723434448, 0.6000000238418579, 0.6000000238418579, 0.5989999771118164, 0.6019999980926514, 0.6050000190734863, 0.609000027179718, 0.6019999980926514, 0.6050000190734863, 0.6150000095367432, 0.6200000047683716, 0.6169999837875366, 0.6119999885559082, 0.6129999756813049, 0.6110000014305115, 0.6150000095367432, 0.6140000224113464, 0.6150000095367432, 0.6119999885559082, 0.6200000047683716, 0.6200000047683716, 0.6190000176429749, 0.6190000176429749, 0.621999979019165, 0.621999979019165, 0.6240000128746033, 0.6230000257492065, 0.6240000128746033, 0.6209999918937683, 0.6179999709129333, 0.6240000128746033, 0.6320000290870667, 0.6320000290870667, 0.6309999823570251, 0.6399999856948853, 0.6399999856948853, 0.6399999856948853, 0.640999972820282, 0.640999972820282, 0.6420000195503235, 0.6430000066757202, 0.6420000195503235, 0.6420000195503235, 0.6380000114440918, 0.6399999856948853, 0.6510000228881836, 0.6510000228881836, 0.6449999809265137, 0.6449999809265137, 0.6480000019073486, 0.6520000100135803, 0.6549999713897705, 0.6549999713897705, 0.6520000100135803, 0.6570000052452087, 0.6579999923706055, 0.6650000214576721, 0.6620000004768372, 0.6620000004768372, 0.6650000214576721, 0.675000011920929, 0.6779999732971191, 0.671999990940094, 0.6690000295639038, 0.671999990940094, 0.6740000247955322, 0.6729999780654907, 0.6729999780654907, 0.6790000200271606, 0.6869999766349792, 0.6859999895095825, 0.6809999942779541, 0.6790000200271606, 0.6830000281333923, 0.6919999718666077, 0.6949999928474426, 0.6930000185966492, 0.6880000233650208, 0.6890000104904175, 0.6909999847412109, 0.6990000009536743, 0.6940000057220459, 0.6949999928474426, 0.6990000009536743, 0.6990000009536743, 0.7039999961853027, 0.7049999833106995, 0.699999988079071, 0.6959999799728394, 0.6980000138282776, 0.703000009059906, 0.6990000009536743, 0.7059999704360962, 0.703000009059906, 0.7080000042915344, 0.7110000252723694, 0.7149999737739563, 0.7099999785423279, 0.7120000123977661, 0.718999981880188, 0.718999981880188, 0.7139999866485596, 0.7200000286102295, 0.7239999771118164, 0.7239999771118164, 0.7310000061988831, 0.7379999756813049, 0.7379999756813049, 0.7379999756813049, 0.7390000224113464, 0.7429999709129333, 0.7480000257492065, 0.7490000128746033, 0.7490000128746033, 0.7509999871253967, 0.7540000081062317, 0.7519999742507935, 0.7519999742507935, 0.7559999823570251, 0.7559999823570251, 0.7509999871253967, 0.7480000257492065, 0.7480000257492065, 0.7570000290870667, 0.7570000290870667, 0.7570000290870667, 0.7680000066757202, 0.7820000052452087, 0.7799999713897705, 0.7789999842643738, 0.777999997138977, 0.8009999990463257, 0.8159999847412109, 0.8090000152587891, 0.8140000104904175, 0.8169999718666077, 0.8199999928474426, 0.8309999704360962, 0.8330000042915344, 0.8489999771118164, 0.8510000109672546, 0.8489999771118164, 0.8500000238418579, 0.8550000190734863, 0.8550000190734863, 0.8550000190734863, 0.8569999933242798, 0.8629999756813049, 0.8629999756813049]
intensities: [1110.0, 1100.0, 1106.0, 1290.0, 1358.0, 1449.0, 1473.0, 1512.0, 1526.0, 1546.0, 1546.0, 1568.0, 1531.0, 1514.0, 1326.0, 1091.0, 1126.0, 929.0, 871.0, 828.0, 842.0, 978.0, 999.0, 1001.0, 1014.0, 1014.0, 1053.0, 1073.0, 1145.0, 1320.0, 1409.0, 1487.0, 1517.0, 1571.0, 1587.0, 1582.0, 1605.0, 1605.0, 1594.0, 1584.0, 1611.0, 1588.0, 1608.0, 1578.0, 1591.0, 1591.0, 1594.0, 1557.0, 1557.0, 1555.0, 1547.0, 1567.0, 1549.0, 1541.0, 1542.0, 1543.0, 1554.0, 1536.0, 1536.0, 1541.0, 1541.0, 1540.0, 1543.0, 1537.0, 1526.0, 1540.0, 1539.0, 1516.0, 1526.0, 1532.0, 1519.0, 1505.0, 1505.0, 1504.0, 1506.0, 1479.0, 1479.0, 1489.0, 1490.0, 1500.0, 1487.0, 1469.0, 1459.0, 1474.0, 1471.0, 1472.0, 1463.0, 1463.0, 1457.0, 1450.0, 1450.0, 1444.0, 1431.0, 1441.0, 1455.0, 1440.0, 1425.0, 1430.0, 1424.0, 1413.0, 1415.0, 1419.0, 1424.0, 1400.0, 1436.0, 1432.0, 1402.0, 1417.0, 1418.0, 1418.0, 1423.0, 1396.0, 1402.0, 1393.0, 1393.0, 1398.0, 1401.0, 1394.0, 1397.0, 1397.0, 1382.0, 1380.0, 1365.0, 1359.0, 1355.0, 1349.0, 1344.0, 1340.0, 1340.0, 1348.0, 1345.0, 1324.0, 1315.0, 1320.0, 1315.0, 1321.0, 1332.0, 1332.0, 1307.0, 1320.0, 1310.0, 1318.0, 1316.0, 1305.0, 1300.0, 1314.0, 1300.0, 1292.0, 1291.0, 1289.0, 1290.0, 1270.0, 1291.0, 1247.0, 1285.0, 1274.0, 1267.0, 1267.0, 1257.0, 1252.0, 1249.0, 1238.0, 1244.0, 1253.0, 1271.0, 1271.0, 1265.0, 1254.0, 1249.0, 1249.0, 1240.0, 1250.0, 1254.0, 1251.0, 1251.0, 1248.0, 1248.0, 1244.0, 1242.0, 1242.0, 1234.0, 1235.0, 1235.0, 1235.0, 1235.0, 1215.0, 1220.0, 1214.0, 1181.0, 1183.0, 1194.0, 1173.0, 1170.0, 1167.0, 1163.0, 1165.0, 1156.0, 1156.0, 1156.0, 1158.0, 1165.0, 1166.0, 1149.0, 1142.0, 1150.0, 1151.0, 1146.0, 1143.0, 1131.0, 1146.0, 1139.0, 1131.0, 1146.0, 1146.0, 1146.0, 1139.0, 1142.0, 1138.0, 1121.0, 1125.0, 1129.0, 1134.0, 1125.0, 1103.0, 1127.0, 1135.0, 1120.0, 1120.0, 1113.0, 1107.0, 1118.0, 1130.0, 1118.0, 1112.0, 1128.0, 1122.0, 1106.0, 1108.0, 1108.0, 1144.0, 1139.0, 1126.0, 1120.0, 1130.0, 1111.0, 1122.0, 1111.0, 1145.0, 1153.0, 1139.0, 1130.0, 1146.0, 1129.0, 1156.0, 1159.0, 1159.0, 1138.0, 1147.0, 1130.0, 1135.0, 1138.0, 1138.0, 1139.0, 1129.0, 1129.0, 1125.0, 1142.0, 1142.0, 1128.0, 1126.0, 1135.0, 1140.0, 1127.0, 1137.0, 1127.0, 1137.0, 1127.0, 1136.0, 1117.0, 1099.0, 1133.0, 1131.0, 1135.0, 1131.0, 1133.0, 1126.0, 1137.0, 1152.0, 1150.0, 1158.0, 1158.0, 1143.0, 1138.0, 1147.0, 1149.0, 1152.0, 1152.0, 1168.0, 1161.0, 1161.0, 1159.0, 1177.0, 1177.0, 1182.0, 1186.0, 1177.0, 1193.0, 1200.0, 1187.0, 1190.0, 1203.0, 1214.0, 1222.0, 1223.0, 1229.0, 1223.0, 1224.0, 1231.0, 1231.0, 1236.0, 1236.0, 1226.0, 1230.0, 1237.0, 1246.0, 1248.0, 1241.0, 1247.0, 1245.0, 1241.0, 1239.0, 1251.0, 1241.0, 1243.0, 1241.0, 1254.0, 1254.0, 1255.0, 1258.0, 1263.0, 1269.0, 1253.0, 1265.0, 1249.0, 1262.0, 1249.0, 1248.0, 1271.0, 1284.0, 1286.0, 1280.0, 1276.0, 1276.0, 1311.0, 1304.0, 1325.0, 1325.0, 1308.0, 1308.0, 1317.0, 1315.0, 1311.0, 1342.0, 1341.0, 1330.0, 1334.0, 1329.0, 1340.0, 1339.0, 1354.0, 1351.0, 1314.0, 1308.0, 1276.0, 1216.0, 1213.0, 1200.0, 1175.0, 1168.0, 1126.0, 1142.0, 1416.0, 1516.0, 1526.0, 1096.0, 1096.0, 1095.0, 1089.0, 1097.0, 1111.0, 1087.0, 1096.0, 1096.0, 1093.0, 1113.0, 1120.0, 1120.0, 1113.0, 1124.0, 1101.0, 1116.0, 1109.0, 1129.0, 1123.0, 1119.0, 1105.0, 1106.0, 1107.0, 1109.0, 1105.0, 1105.0, 1094.0, 1097.0, 1104.0, 1128.0, 1079.0, 1105.0, 1105.0, 1100.0, 1113.0, 1108.0, 1122.0, 1108.0, 1103.0, 1103.0, 1117.0, 1122.0, 1099.0, 1120.0, 1115.0, 1096.0, 1118.0, 1117.0, 1135.0, 1129.0, 1127.0, 1137.0, 1151.0, 1166.0, 1162.0, 1155.0, 1151.0, 1144.0, 1124.0, 1131.0, 1120.0, 1133.0, 1126.0, 1120.0, 1135.0, 1128.0, 1131.0, 1122.0, 1137.0, 1127.0, 1122.0, 1125.0, 1118.0, 1133.0, 1126.0, 1155.0, 1154.0, 1139.0, 1149.0, 1163.0, 1168.0, 1151.0, 1144.0, 1165.0, 1176.0, 1150.0, 1156.0, 1155.0, 1163.0, 1169.0, 1169.0, 1180.0, 1178.0, 1175.0, 1169.0, 1165.0, 1166.0, 1162.0, 1159.0, 1153.0, 1175.0, 1169.0, 1164.0, 1152.0, 1157.0, 1169.0, 1169.0, 1171.0, 1164.0, 1170.0, 1175.0, 1165.0, 1165.0, 1172.0, 1172.0, 1140.0, 1149.0, 1158.0, 1165.0, 1165.0, 1163.0, 1162.0, 1168.0, 1166.0, 1152.0, 1171.0, 1171.0, 1169.0, 1175.0, 1175.0, 1168.0, 1162.0, 1162.0, 1161.0, 1170.0, 1170.0, 1160.0, 1170.0, 1174.0, 1164.0, 1148.0, 1158.0, 1169.0, 1167.0, 1170.0, 1176.0, 1171.0, 1165.0, 1172.0, 1171.0, 1165.0, 1168.0, 1158.0, 1165.0, 1180.0, 1183.0, 1184.0, 1181.0, 1184.0, 1184.0, 1181.0, 1185.0, 1177.0, 1191.0, 1186.0, 1192.0, 1188.0, 1194.0, 1199.0, 1205.0, 1205.0, 1209.0, 1212.0, 1214.0, 1211.0, 1203.0, 1204.0, 1210.0, 1203.0, 1203.0, 1210.0, 1210.0, 1215.0, 1208.0, 1207.0, 1227.0, 1215.0, 1215.0, 1215.0, 1225.0, 1222.0, 1219.0, 1227.0, 1220.0, 1241.0, 1241.0, 1242.0, 1235.0, 1233.0, 1226.0, 1229.0, 1221.0, 1229.0, 1233.0, 1230.0, 1233.0, 1229.0, 1225.0, 1209.0, 1222.0, 1242.0, 1243.0, 1253.0, 1254.0, 1252.0, 1256.0, 1251.0, 1249.0, 1252.0, 1238.0, 1254.0, 1258.0, 1265.0, 1265.0, 1274.0, 1266.0, 1271.0, 1271.0, 1261.0, 1277.0, 1266.0, 1281.0, 1284.0, 1283.0, 1286.0, 1283.0, 1277.0, 1284.0, 1283.0, 1280.0, 1277.0, 1293.0, 1288.0, 1297.0, 1309.0, 1313.0, 1298.0, 1299.0, 1315.0, 1300.0, 1324.0, 1316.0, 1312.0, 1308.0, 1320.0, 1322.0, 1311.0, 1302.0, 1316.0, 1325.0, 1319.0, 1337.0, 1325.0, 1329.0, 1329.0, 1333.0, 1334.0, 1334.0, 1326.0, 1333.0, 1348.0, 1335.0, 1334.0, 1342.0, 1348.0, 1358.0, 1346.0, 1357.0, 1363.0, 1359.0, 1359.0, 1362.0, 1363.0, 1374.0, 1365.0, 1373.0, 1369.0, 1386.0, 1388.0, 1391.0, 1387.0, 1389.0, 1402.0, 1411.0, 1402.0, 1393.0, 1403.0, 1406.0, 1406.0, 1419.0, 1417.0, 1414.0, 1414.0, 1428.0, 1433.0, 1422.0, 1424.0, 1420.0, 1426.0, 1431.0, 1444.0, 1441.0, 1434.0, 1438.0, 1433.0, 1458.0, 1449.0, 1465.0, 1476.0, 1466.0, 1462.0, 1456.0, 1440.0, 1478.0, 1482.0, 1503.0, 1497.0, 1502.0, 1498.0, 1496.0, 1506.0, 1500.0, 1515.0, 1535.0, 1531.0, 1528.0, 1524.0, 1532.0, 1532.0, 1528.0, 1547.0, 1562.0, 1533.0, 1552.0, 1557.0, 1538.0, 1543.0, 1539.0, 1557.0, 1565.0, 1547.0, 1562.0, 1553.0, 1545.0, 1569.0, 1561.0, 1582.0, 1582.0, 1569.0, 1580.0, 1579.0, 1592.0, 1576.0, 1576.0, 1587.0, 1588.0, 1578.0, 1584.0, 1587.0, 1589.0, 1598.0, 1594.0, 1615.0, 1634.0, 1609.0, 1585.0, 1605.0, 1608.0, 1598.0, 1596.0, 1600.0, 1612.0, 1620.0, 1621.0, 1619.0, 1619.0, 1609.0, 1597.0, 1599.0, 1620.0, 1603.0, 1617.0, 1612.0, 1611.0, 1591.0, 1592.0, 1604.0, 1605.0, 1610.0, 1594.0, 1608.0, 1612.0, 1609.0, 1626.0, 1617.0, 1594.0, 1634.0, 1621.0, 1616.0, 1618.0, 1613.0, 1606.0, 1596.0, 1604.0, 1610.0, 1602.0, 1608.0, 1610.0, 1626.0, 1612.0, 1612.0, 1605.0, 1601.0, 1583.0, 1574.0, 1577.0, 1585.0, 1580.0, 1570.0, 1573.0, 1584.0, 1591.0, 1593.0, 1593.0, 1590.0, 1591.0, 1600.0, 1602.0, 1601.0, 1601.0, 1582.0, 1576.0, 1587.0, 1588.0, 1573.0, 1576.0, 1576.0, 1572.0, 1567.0, 1567.0, 1561.0, 1552.0, 1549.0, 1541.0, 1543.0, 1536.0, 1530.0, 1531.0, 1526.0, 1513.0, 1515.0, 1518.0, 1525.0, 1530.0, 1529.0, 1518.0, 1513.0, 1507.0, 1490.0, 1487.0, 1484.0, 1472.0, 1460.0, 1492.0, 1490.0, 1476.0, 1469.0, 1469.0, 1475.0, 1468.0, 1469.0, 1445.0, 1434.0, 1450.0, 1447.0, 1454.0, 1454.0, 1432.0, 1432.0, 1429.0, 1451.0, 1451.0, 1434.0, 1412.0, 1415.0, 1433.0, 1434.0, 1435.0, 1434.0, 1423.0, 1414.0, 1420.0, 1408.0, 1431.0, 1430.0, 1433.0, 1425.0, 1390.0, 1396.0, 1393.0, 1392.0, 1397.0, 1369.0, 1369.0, 1370.0, 1364.0, 1381.0, 1366.0, 1353.0, 1354.0, 1349.0, 1351.0, 1357.0, 1347.0, 1332.0, 1351.0, 1345.0, 1339.0, 1344.0, 1332.0, 1313.0, 1329.0, 1336.0, 1313.0, 1320.0, 1317.0, 1317.0, 1322.0, 1308.0, 1308.0, 1297.0, 1295.0, 1292.0, 1297.0, 1301.0, 1303.0, 1295.0, 1275.0, 1286.0, 1309.0, 1300.0, 1295.0, 1289.0, 1287.0, 1273.0, 1285.0, 1270.0, 1271.0, 1273.0, 1273.0, 1283.0, 1267.0, 1276.0, 1265.0, 1271.0, 1265.0, 1281.0, 1265.0, 1270.0, 1270.0, 1261.0, 1261.0, 1271.0, 1269.0, 1278.0, 1278.0, 1273.0, 1261.0, 1273.0, 1273.0, 1263.0, 1280.0, 1275.0, 1270.0, 1291.0, 1291.0, 1293.0, 1279.0, 1280.0, 1280.0, 1277.0, 1285.0, 1304.0, 1304.0, 1292.0, 1288.0, 1284.0, 1284.0, 1292.0, 1287.0, 1286.0, 1273.0, 1269.0, 1284.0, 1295.0, 1284.0, 1284.0, 1291.0, 1297.0, 1280.0, 1279.0, 1275.0, 1275.0, 1284.0, 1293.0, 1283.0, 1293.0, 1285.0, 1268.0, 1282.0, 1280.0, 1282.0, 1277.0, 1261.0, 1259.0, 1276.0, 1279.0, 1309.0, 1284.0, 1278.0, 1291.0, 1284.0, 1279.0, 1270.0, 1264.0, 1270.0, 1251.0, 1255.0, 1247.0, 1266.0, 1262.0, 1258.0, 1258.0, 1259.0, 1274.0, 1271.0, 1263.0, 1250.0, 1246.0, 1251.0, 1254.0, 1253.0, 1246.0, 1240.0, 1241.0, 1241.0, 1229.0, 1235.0, 1248.0, 1256.0, 1256.0, 1236.0, 1237.0, 1260.0, 1260.0, 1243.0, 1266.0, 1254.0, 1268.0, 1259.0, 1247.0, 1247.0, 1257.0, 1257.0, 1264.0, 1269.0, 1278.0, 1269.0, 1277.0, 1258.0, 1240.0, 1230.0, 1228.0, 1236.0, 1213.0, 1203.0, 1214.0, 1199.0, 1190.0, 1180.0, 1179.0, 1176.0, 1182.0, 1179.0, 1184.0, 1182.0]