header: 
  seq: 2450
  stamp: 
    secs: 1548820818
    nsecs: 459706209
  frame_id: "base_link"
angle_min: -2.35619449615
angle_max: 2.35619449615
angle_increment: 0.00436332309619
time_increment: 1.73611151695e-05
scan_time: 0.0250000003725
range_min: 0.019999999553
range_max: 30.0
ranges: [0.3720000088214874, 0.3659999966621399, 0.3919999897480011, 0.3970000147819519, 0.38600000739097595, 0.3869999945163727, 0.3919999897480011, 0.39500001072883606, 0.38999998569488525, 0.38600000739097595, 0.3880000114440918, 0.3930000066757202, 0.382999986410141, 0.37700000405311584, 0.3709999918937683, 0.34599998593330383, 0.35100001096725464, 0.335999995470047, 0.3059999942779541, 0.3199999928474426, 0.335999995470047, 0.36399999260902405, 0.382999986410141, 0.3840000033378601, 0.3840000033378601, 0.3799999952316284, 0.3799999952316284, 0.37599998712539673, 0.38600000739097595, 0.3919999897480011, 0.4000000059604645, 0.39399999380111694, 0.3889999985694885, 0.39399999380111694, 0.3869999945163727, 0.3930000066757202, 0.39399999380111694, 0.3959999978542328, 0.39500001072883606, 0.39500001072883606, 0.40299999713897705, 0.3959999978542328, 0.3959999978542328, 0.3959999978542328, 0.3959999978542328, 0.3959999978542328, 0.39500001072883606, 0.3959999978542328, 0.3959999978542328, 0.39500001072883606, 0.4000000059604645, 0.3970000147819519, 0.3970000147819519, 0.39399999380111694, 0.39899998903274536, 0.4009999930858612, 0.40299999713897705, 0.40400001406669617, 0.4050000011920929, 0.4050000011920929, 0.40700000524520874, 0.4059999883174896, 0.4059999883174896, 0.4059999883174896, 0.40799999237060547, 0.4090000092983246, 0.39899998903274536, 0.4009999930858612, 0.4090000092983246, 0.41100001335144043, 0.41100001335144043, 0.41100001335144043, 0.40700000524520874, 0.4180000126361847, 0.421999990940094, 0.421999990940094, 0.41999998688697815, 0.41499999165534973, 0.41100001335144043, 0.414000004529953, 0.4099999964237213, 0.4099999964237213, 0.4169999957084656, 0.4259999990463257, 0.42100000381469727, 0.42100000381469727, 0.4189999997615814, 0.4269999861717224, 0.4320000112056732, 0.43299999833106995, 0.43299999833106995, 0.4339999854564667, 0.4339999854564667, 0.4339999854564667, 0.4339999854564667, 0.44200000166893005, 0.44200000166893005, 0.44200000166893005, 0.4480000138282776, 0.4480000138282776, 0.44600000977516174, 0.44200000166893005, 0.4440000057220459, 0.44600000977516174, 0.4440000057220459, 0.4440000057220459, 0.44600000977516174, 0.45100000500679016, 0.45399999618530273, 0.4569999873638153, 0.44999998807907104, 0.44999998807907104, 0.4580000042915344, 0.4569999873638153, 0.4560000002384186, 0.4560000002384186, 0.4560000002384186, 0.45899999141693115, 0.46799999475479126, 0.4699999988079071, 0.4740000069141388, 0.4740000069141388, 0.4740000069141388, 0.47099998593330383, 0.460999995470047, 0.4620000123977661, 0.46799999475479126, 0.4729999899864197, 0.47200000286102295, 0.47600001096725464, 0.47999998927116394, 0.4779999852180481, 0.4779999852180481, 0.4779999852180481, 0.48399999737739563, 0.48399999737739563, 0.4880000054836273, 0.49000000953674316, 0.49300000071525574, 0.49000000953674316, 0.4880000054836273, 0.4830000102519989, 0.4830000102519989, 0.4830000102519989, 0.48899999260902405, 0.49399998784065247, 0.49900001287460327, 0.49900001287460327, 0.4970000088214874, 0.4950000047683716, 0.4950000047683716, 0.5, 0.5, 0.49900001287460327, 0.49799999594688416, 0.503000020980835, 0.5080000162124634, 0.5059999823570251, 0.5049999952316284, 0.5040000081062317, 0.5070000290870667, 0.515999972820282, 0.5199999809265137, 0.5260000228881836, 0.5270000100135803, 0.5270000100135803, 0.5249999761581421, 0.531000018119812, 0.5329999923706055, 0.5289999842643738, 0.5299999713897705, 0.5249999761581421, 0.5270000100135803, 0.531000018119812, 0.5320000052452087, 0.5569999814033508, 0.5559999942779541, 0.5550000071525574, 0.5540000200271606, 0.5559999942779541, 0.5569999814033508, 0.5609999895095825, 0.5709999799728394, 0.5709999799728394, 0.5730000138282776, 0.5759999752044678, 0.5799999833106995, 0.5809999704360962, 0.5870000123977661, 0.5899999737739563, 0.5989999771118164, 0.5979999899864197, 0.5979999899864197, 0.597000002861023, 0.6039999723434448, 0.609000027179718, 0.621999979019165, 0.6179999709129333, 0.621999979019165, 0.625, 0.6299999952316284, 0.6290000081062317, 0.6240000128746033, 0.628000020980835, 0.6359999775886536, 0.6430000066757202, 0.6480000019073486, 0.6520000100135803, 0.6539999842643738, 0.656000018119812, 0.656000018119812, 0.6679999828338623, 0.6740000247955322, 0.6830000281333923, 0.6890000104904175, 0.6990000009536743, 0.6980000138282776, 0.6990000009536743, 0.7089999914169312, 0.7129999995231628, 0.7200000286102295, 0.7229999899864197, 0.7250000238418579, 0.7310000061988831, 0.7289999723434448, 0.7400000095367432, 0.7480000257492065, 0.7459999918937683, 0.7459999918937683, 0.7559999823570251, 0.7699999809265137, 0.777999997138977, 0.781000018119812, 0.7839999794960022, 0.7900000214576721, 0.7990000247955322, 0.8040000200271606, 0.8090000152587891, 0.8180000185966492, 0.8289999961853027, 0.8330000042915344, 0.8399999737739563, 0.8389999866485596, 0.8479999899864197, 0.8560000061988831, 0.8640000224113464, 0.8669999837875366, 0.878000020980835, 0.8820000290870667, 0.8980000019073486, 0.8999999761581421, 0.9120000004768372, 0.9279999732971191, 0.9300000071525574, 0.9300000071525574, 0.9430000185966492, 0.9539999961853027, 0.9710000157356262, 0.9789999723434448, 0.9829999804496765, 1.0, 1.0080000162124634, 1.0130000114440918, 1.0379999876022339, 1.0429999828338623, 1.0540000200271606, 1.0640000104904175, 1.0800000429153442, 1.0870000123977661, 1.097000002861023, 1.1100000143051147, 1.1180000305175781, 1.1369999647140503, 1.1519999504089355, 1.1720000505447388, 1.1829999685287476, 1.2029999494552612, 1.2170000076293945, 1.2300000190734863, 1.246000051498413, 1.2660000324249268, 1.2799999713897705, 1.305999994277954, 1.3259999752044678, 1.3420000076293945, 1.350000023841858, 1.375, 1.4010000228881836, 1.4149999618530273, 1.4390000104904175, 1.4700000286102295, 1.4700000286102295, 1.5429999828338623, 1.6360000371932983, 2.552000045776367, 2.5759999752044678, 2.5739998817443848, 2.569000005722046, 2.563999891281128, 2.558000087738037, 2.562000036239624, 2.555000066757202, 2.559999942779541, 2.552999973297119, 2.549999952316284, 2.549999952316284, 2.5460000038146973, 2.5460000038146973, 2.5390000343322754, 2.5390000343322754, 2.5339999198913574, 2.5329999923706055, 2.5339999198913574, 2.5360000133514404, 2.5260000228881836, 2.5309998989105225, 2.5290000438690186, 2.5360000133514404, 2.5269999504089355, 2.5269999504089355, 2.5230000019073486, 2.5230000019073486, 2.5160000324249268, 2.509999990463257, 2.506999969482422, 2.509000062942505, 2.507999897003174, 2.509000062942505, 2.513000011444092, 2.513000011444092, 2.500999927520752, 2.490999937057495, 2.490000009536743, 2.499000072479248, 2.49399995803833, 2.4790000915527344, 2.4749999046325684, 2.4719998836517334, 2.4730000495910645, 2.4670000076293945, 2.4749999046325684, 2.4619998931884766, 2.4609999656677246, 2.4509999752044678, 2.444999933242798, 2.4519999027252197, 2.444000005722046, 2.427999973297119, 2.4200000762939453, 2.4140000343322754, 2.4089999198913574, 2.4070000648498535, 2.4089999198913574, 2.4079999923706055, 2.4070000648498535, 2.3980000019073486, 2.3910000324249268, 2.375999927520752, 2.377000093460083, 2.375999927520752, 2.377000093460083, 2.368000030517578, 2.3580000400543213, 2.3450000286102295, 2.3389999866485596, 2.3350000381469727, 2.3320000171661377, 2.325000047683716, 2.312000036239624, 2.2960000038146973, 2.2960000038146973, 2.2890000343322754, 2.2820000648498535, 2.2760000228881836, 2.2760000228881836, 2.259999990463257, 2.24399995803833, 2.240999937057495, 2.242000102996826, 2.2330000400543213, 2.2130000591278076, 2.2109999656677246, 2.1989998817443848, 2.193000078201294, 2.187999963760376, 2.177000045776367, 2.1640000343322754, 2.1530001163482666, 2.1519999504089355, 2.132999897003174, 2.128000020980835, 2.121000051498413, 2.11899995803833, 2.114000082015991, 2.0950000286102295, 2.0910000801086426, 2.0789999961853027, 2.069999933242798, 2.053999900817871, 2.0510001182556152, 2.0329999923706055, 2.009999990463257, 1.9889999628067017, 1.9859999418258667, 1.9859999418258667, 1.9759999513626099, 1.9609999656677246, 1.9390000104904175, 1.9229999780654907, 1.9179999828338623, 1.8919999599456787, 1.878999948501587, 1.8660000562667847, 1.8530000448226929, 1.840999960899353, 1.819000005722046, 1.8009999990463257, 1.784000039100647, 1.7589999437332153, 1.7410000562667847, 1.7130000591278076, 1.7070000171661377, 1.6859999895095825, 1.6469999551773071, 1.6339999437332153, 1.628000020980835, 1.5839999914169312, 1.5720000267028809, 1.5490000247955322, 1.534000039100647, 1.5160000324249268, 1.4900000095367432, 1.4670000076293945, 1.4539999961853027, 1.4420000314712524, 1.4220000505447388, 1.3980000019073486, 1.3910000324249268, 1.3860000371932983, 1.3589999675750732, 1.3450000286102295, 1.3279999494552612, 1.309999942779541, 1.3040000200271606, 1.2949999570846558, 1.2860000133514404, 1.2769999504089355, 1.2699999809265137, 1.2510000467300415, 1.2280000448226929, 1.2130000591278076, 1.2050000429153442, 1.1959999799728394, 1.187000036239624, 1.1619999408721924, 1.1549999713897705, 1.1380000114440918, 1.128999948501587, 1.1169999837875366, 1.1139999628067017, 1.1030000448226929, 1.090999960899353, 1.0829999446868896, 1.0670000314712524, 1.0640000104904175, 1.0499999523162842, 1.0529999732971191, 1.034000039100647, 1.024999976158142, 1.0149999856948853, 1.0110000371932983, 1.0019999742507935, 0.9850000143051147, 0.9779999852180481, 0.9760000109672546, 0.9710000157356262, 0.9670000076293945, 0.9570000171661377, 0.949999988079071, 0.9380000233650208, 0.9359999895095825, 0.9279999732971191, 0.921999990940094, 0.9229999780654907, 0.9129999876022339, 0.9070000052452087, 0.902999997138977, 0.9010000228881836, 0.8949999809265137, 0.8859999775886536, 0.8799999952316284, 0.8799999952316284, 0.8700000047683716, 0.8700000047683716, 0.8610000014305115, 0.8629999756813049, 0.8610000014305115, 0.8560000061988831, 0.847000002861023, 0.847000002861023, 0.8399999737739563, 0.8360000252723694, 0.8309999704360962, 0.8309999704360962, 0.8320000171661377, 0.8159999847412109, 0.8109999895095825, 0.8040000200271606, 0.8040000200271606, 0.8059999942779541, 0.796999990940094, 0.7879999876022339, 0.7889999747276306, 0.7870000004768372, 0.7829999923706055, 0.7799999713897705, 0.7670000195503235, 0.7670000195503235, 0.7609999775886536, 0.7609999775886536, 0.7630000114440918, 0.7519999742507935, 0.7490000128746033, 0.7450000047683716, 0.7480000257492065, 0.7429999709129333, 0.7360000014305115, 0.7300000190734863, 0.7279999852180481, 0.722000002861023, 0.7120000123977661, 0.7139999866485596, 0.7170000076293945, 0.7200000286102295, 0.7170000076293945, 0.7080000042915344, 0.7110000252723694, 0.7049999833106995, 0.699999988079071, 0.6990000009536743, 0.699999988079071, 0.6949999928474426, 0.6840000152587891, 0.6790000200271606, 0.6779999732971191, 0.6779999732971191, 0.6769999861717224, 0.6779999732971191, 0.6729999780654907, 0.6700000166893005, 0.6660000085830688, 0.6639999747276306, 0.6610000133514404, 0.6610000133514404, 0.652999997138977, 0.652999997138977, 0.6510000228881836, 0.6439999938011169, 0.6420000195503235, 0.6420000195503235, 0.640999972820282, 0.6380000114440918, 0.6359999775886536, 0.6370000243186951, 0.6370000243186951, 0.628000020980835, 0.6299999952316284, 0.6320000290870667, 0.6240000128746033, 0.6230000257492065, 0.625, 0.6190000176429749, 0.6169999837875366, 0.6140000224113464, 0.6169999837875366, 0.6100000143051147, 0.6110000014305115, 0.6060000061988831, 0.6039999723434448, 0.6029999852180481, 0.5979999899864197, 0.6069999933242798, 0.6000000238418579, 0.6000000238418579, 0.597000002861023, 0.5950000286102295, 0.5929999947547913, 0.5979999899864197, 0.6000000238418579, 0.5989999771118164, 0.5849999785423279, 0.5799999833106995, 0.5849999785423279, 0.5820000171661377, 0.5789999961853027, 0.5820000171661377, 0.5759999752044678, 0.5809999704360962, 0.578000009059906, 0.5759999752044678, 0.5709999799728394, 0.5709999799728394, 0.5690000057220459, 0.5659999847412109, 0.5630000233650208, 0.5630000233650208, 0.5669999718666077, 0.5669999718666077, 0.5630000233650208, 0.5590000152587891, 0.5590000152587891, 0.5609999895095825, 0.5609999895095825, 0.5550000071525574, 0.5540000200271606, 0.5529999732971191, 0.5580000281333923, 0.5590000152587891, 0.5630000233650208, 0.5590000152587891, 0.5590000152587891, 0.546999990940094, 0.5419999957084656, 0.5429999828338623, 0.546999990940094, 0.5509999990463257, 0.5490000247955322, 0.5429999828338623, 0.5410000085830688, 0.5410000085830688, 0.5410000085830688, 0.5410000085830688, 0.5460000038146973, 0.5460000038146973, 0.5460000038146973, 0.5379999876022339, 0.5379999876022339, 0.5370000004768372, 0.5419999957084656, 0.5460000038146973, 0.5460000038146973, 0.5389999747276306, 0.5320000052452087, 0.5320000052452087, 0.5379999876022339, 0.5379999876022339, 0.5339999794960022, 0.527999997138977, 0.5339999794960022, 0.531000018119812, 0.531000018119812, 0.527999997138977, 0.5289999842643738, 0.5289999842643738, 0.5249999761581421, 0.5170000195503235, 0.5220000147819519, 0.5230000019073486, 0.5239999890327454, 0.5270000100135803, 0.5329999923706055, 0.531000018119812, 0.5289999842643738, 0.5260000228881836, 0.5220000147819519, 0.5289999842643738, 0.527999997138977, 0.5289999842643738, 0.5230000019073486, 0.5239999890327454, 0.5239999890327454, 0.5230000019073486, 0.5230000019073486, 0.5199999809265137, 0.5189999938011169, 0.5210000276565552, 0.5210000276565552, 0.5220000147819519, 0.5239999890327454, 0.5239999890327454, 0.5139999985694885, 0.5199999809265137, 0.5210000276565552, 0.5230000019073486, 0.5230000019073486, 0.5220000147819519, 0.5189999938011169, 0.5189999938011169, 0.515999972820282, 0.5180000066757202, 0.5220000147819519, 0.5170000195503235, 0.515999972820282, 0.5130000114440918, 0.5189999938011169, 0.515999972820282, 0.5239999890327454, 0.5180000066757202, 0.5099999904632568, 0.5099999904632568, 0.5059999823570251, 0.5099999904632568, 0.5099999904632568, 0.5099999904632568, 0.5059999823570251, 0.5019999742507935, 0.5059999823570251, 0.5099999904632568, 0.5099999904632568, 0.5099999904632568, 0.5070000290870667, 0.5090000033378601, 0.5080000162124634, 0.5099999904632568, 0.5099999904632568, 0.5099999904632568, 0.5099999904632568, 0.5099999904632568, 0.5090000033378601, 0.5090000033378601, 0.5090000033378601, 0.515999972820282, 0.5230000019073486, 0.5199999809265137, 0.5180000066757202, 0.5130000114440918, 0.5099999904632568, 0.5059999823570251, 0.5099999904632568, 0.5099999904632568, 0.5099999904632568, 0.5120000243186951, 0.5120000243186951, 0.5210000276565552, 0.5199999809265137, 0.5199999809265137, 0.5199999809265137, 0.5120000243186951, 0.5149999856948853, 0.5149999856948853, 0.5149999856948853, 0.5180000066757202, 0.5210000276565552, 0.5180000066757202, 0.5149999856948853, 0.5199999809265137, 0.5270000100135803, 0.5289999842643738, 0.5109999775886536, 0.5199999809265137, 0.5199999809265137, 0.5180000066757202, 0.5170000195503235, 0.5249999761581421, 0.5260000228881836, 0.5260000228881836, 0.5260000228881836, 0.5270000100135803, 0.5270000100135803, 0.5180000066757202, 0.527999997138977, 0.5320000052452087, 0.5270000100135803, 0.5239999890327454, 0.5220000147819519, 0.5299999713897705, 0.5299999713897705, 0.5320000052452087, 0.5370000004768372, 0.5370000004768372, 0.5339999794960022, 0.5360000133514404, 0.531000018119812, 0.5360000133514404, 0.5389999747276306, 0.5370000004768372, 0.5339999794960022, 0.5329999923706055, 0.5320000052452087, 0.531000018119812, 0.5299999713897705, 0.5350000262260437, 0.5370000004768372, 0.5360000133514404, 0.5379999876022339, 0.5460000038146973, 0.5460000038146973, 0.5460000038146973, 0.5410000085830688, 0.5429999828338623, 0.5450000166893005, 0.5419999957084656, 0.5419999957084656, 0.5450000166893005, 0.546999990940094, 0.546999990940094, 0.546999990940094, 0.546999990940094, 0.5490000247955322, 0.546999990940094, 0.5490000247955322, 0.5479999780654907, 0.5479999780654907, 0.5490000247955322, 0.5509999990463257, 0.5580000281333923, 0.5580000281333923, 0.5590000152587891, 0.5559999942779541, 0.5540000200271606, 0.5590000152587891, 0.5669999718666077, 0.5630000233650208, 0.5569999814033508, 0.5559999942779541, 0.5540000200271606, 0.5509999990463257, 0.5529999732971191, 0.5550000071525574, 0.5559999942779541, 0.5590000152587891, 0.5609999895095825, 0.5630000233650208, 0.5619999766349792, 0.5550000071525574, 0.5590000152587891, 0.5640000104904175, 0.5640000104904175, 0.5640000104904175, 0.5699999928474426, 0.5699999928474426, 0.574999988079071, 0.5669999718666077, 0.5720000267028809, 0.5720000267028809, 0.5720000267028809, 0.5680000185966492, 0.5709999799728394, 0.578000009059906, 0.5839999914169312, 0.5839999914169312, 0.5839999914169312, 0.5839999914169312, 0.5849999785423279, 0.5849999785423279, 0.5839999914169312, 0.5839999914169312, 0.5839999914169312, 0.5920000076293945, 0.5950000286102295, 0.5839999914169312, 0.5799999833106995, 0.5839999914169312, 0.5879999995231628, 0.593999981880188, 0.5929999947547913, 0.5849999785423279, 0.5889999866485596, 0.5960000157356262, 0.6019999980926514, 0.597000002861023, 0.597000002861023, 0.5889999866485596, 0.5899999737739563, 0.593999981880188, 0.5979999899864197, 0.5979999899864197, 0.6019999980926514, 0.6019999980926514, 0.597000002861023, 0.6039999723434448, 0.6119999885559082, 0.6129999756813049, 0.6110000014305115, 0.6100000143051147, 0.6119999885559082, 0.6110000014305115, 0.6129999756813049, 0.6150000095367432, 0.6119999885559082, 0.6169999837875366, 0.6169999837875366, 0.6179999709129333, 0.6169999837875366, 0.6169999837875366, 0.6200000047683716, 0.6200000047683716, 0.6230000257492065, 0.6230000257492065, 0.621999979019165, 0.6230000257492065, 0.6230000257492065, 0.6299999952316284, 0.6259999871253967, 0.6269999742507935, 0.6389999985694885, 0.6259999871253967, 0.6269999742507935, 0.6269999742507935, 0.6290000081062317, 0.6370000243186951, 0.6380000114440918, 0.6370000243186951, 0.6389999985694885, 0.6420000195503235, 0.640999972820282, 0.640999972820282, 0.6370000243186951, 0.6370000243186951, 0.6389999985694885, 0.640999972820282, 0.6389999985694885, 0.6399999856948853, 0.6399999856948853, 0.6420000195503235, 0.6480000019073486, 0.6480000019073486, 0.6510000228881836, 0.6579999923706055, 0.6610000133514404, 0.6570000052452087, 0.6570000052452087, 0.6589999794960022, 0.6570000052452087, 0.652999997138977, 0.6520000100135803, 0.6549999713897705, 0.656000018119812, 0.6600000262260437, 0.656000018119812, 0.6589999794960022, 0.6589999794960022, 0.6620000004768372, 0.6620000004768372, 0.6650000214576721, 0.6700000166893005, 0.6729999780654907, 0.6800000071525574, 0.6830000281333923, 0.6650000214576721, 0.6679999828338623, 0.6729999780654907, 0.6729999780654907, 0.6729999780654907, 0.6759999990463257, 0.6819999814033508, 0.6819999814033508, 0.6790000200271606, 0.6769999861717224, 0.6809999942779541, 0.6830000281333923, 0.6840000152587891, 0.6890000104904175, 0.6940000057220459, 0.6949999928474426, 0.6980000138282776, 0.6980000138282776, 0.6970000267028809, 0.6949999928474426, 0.6949999928474426, 0.699999988079071, 0.6899999976158142, 0.7020000219345093, 0.699999988079071, 0.7039999961853027, 0.7039999961853027, 0.703000009059906, 0.7039999961853027, 0.7039999961853027, 0.7070000171661377, 0.7210000157356262, 0.7210000157356262, 0.7210000157356262, 0.7210000157356262, 0.722000002861023, 0.7300000190734863, 0.7319999933242798, 0.7260000109672546, 0.7300000190734863, 0.7250000238418579, 0.7319999933242798, 0.7329999804496765, 0.734000027179718, 0.7310000061988831, 0.7310000061988831, 0.7390000224113464, 0.746999979019165, 0.7459999918937683, 0.7419999837875366, 0.7429999709129333, 0.7450000047683716, 0.75, 0.7570000290870667, 0.7630000114440918, 0.7630000114440918, 0.7580000162124634, 0.7549999952316284, 0.7559999823570251, 0.7549999952316284, 0.7549999952316284, 0.7630000114440918, 0.7639999985694885, 0.7670000195503235, 0.7749999761581421, 0.7739999890327454, 0.7749999761581421, 0.7710000276565552, 0.7710000276565552, 0.7749999761581421, 0.781000018119812, 0.7829999923706055, 0.7620000243186951, 0.7720000147819519, 0.7710000276565552, 0.7710000276565552, 0.7739999890327454, 0.7730000019073486, 0.7749999761581421, 0.7850000262260437, 0.7850000262260437, 0.7799999713897705, 0.777999997138977, 0.7839999794960022, 0.7839999794960022, 0.781000018119812, 0.781000018119812, 0.781000018119812, 0.7839999794960022, 0.7879999876022339, 0.7870000004768372, 0.7870000004768372, 0.7929999828338623, 0.7940000295639038, 0.7919999957084656, 0.7900000214576721, 0.7900000214576721, 0.7919999957084656, 0.7990000247955322, 0.7990000247955322, 0.7979999780654907, 0.7990000247955322, 0.8009999990463257, 0.8090000152587891, 0.7879999876022339, 0.7960000038146973, 0.8069999814033508, 0.8100000023841858, 0.8090000152587891, 0.8140000104904175, 0.8090000152587891, 0.8059999942779541, 0.7990000247955322, 0.8059999942779541, 0.8040000200271606, 0.796999990940094, 0.796999990940094, 0.7889999747276306, 0.8040000200271606, 0.8050000071525574, 0.8140000104904175, 0.8180000185966492, 0.8059999942779541, 0.8109999895095825, 0.8149999976158142, 0.8199999928474426, 0.8320000171661377, 0.8339999914169312, 0.8370000123977661, 0.8450000286102295, 0.847000002861023, 0.8479999899864197, 0.8500000238418579, 0.847000002861023, 0.8479999899864197, 0.847000002861023, 0.8460000157356262, 0.8489999771118164, 0.8569999933242798, 0.8579999804496765, 0.8610000014305115, 0.8569999933242798]
intensities: [1102.0, 1129.0, 1332.0, 1394.0, 1470.0, 1503.0, 1651.0, 1702.0, 1719.0, 1736.0, 1745.0, 1766.0, 1650.0, 1461.0, 1330.0, 1134.0, 1161.0, 1001.0, 882.0, 915.0, 956.0, 1005.0, 1051.0, 1050.0, 1054.0, 1039.0, 1067.0, 1114.0, 1224.0, 1305.0, 1507.0, 1522.0, 1548.0, 1687.0, 1658.0, 1762.0, 1769.0, 1777.0, 1777.0, 1765.0, 1777.0, 1774.0, 1777.0, 1776.0, 1776.0, 1776.0, 1770.0, 1772.0, 1772.0, 1744.0, 1731.0, 1736.0, 1716.0, 1706.0, 1700.0, 1690.0, 1695.0, 1704.0, 1700.0, 1700.0, 1670.0, 1663.0, 1660.0, 1660.0, 1650.0, 1652.0, 1648.0, 1643.0, 1639.0, 1641.0, 1605.0, 1611.0, 1602.0, 1620.0, 1588.0, 1588.0, 1601.0, 1597.0, 1584.0, 1591.0, 1591.0, 1593.0, 1563.0, 1562.0, 1570.0, 1544.0, 1550.0, 1545.0, 1539.0, 1550.0, 1550.0, 1514.0, 1503.0, 1502.0, 1497.0, 1497.0, 1494.0, 1495.0, 1503.0, 1494.0, 1494.0, 1489.0, 1476.0, 1485.0, 1478.0, 1481.0, 1448.0, 1465.0, 1463.0, 1462.0, 1453.0, 1442.0, 1437.0, 1434.0, 1431.0, 1410.0, 1410.0, 1416.0, 1402.0, 1409.0, 1408.0, 1387.0, 1387.0, 1374.0, 1352.0, 1358.0, 1365.0, 1365.0, 1337.0, 1343.0, 1340.0, 1325.0, 1325.0, 1307.0, 1295.0, 1295.0, 1310.0, 1315.0, 1282.0, 1276.0, 1271.0, 1259.0, 1259.0, 1255.0, 1243.0, 1245.0, 1246.0, 1246.0, 1232.0, 1215.0, 1209.0, 1202.0, 1202.0, 1202.0, 1197.0, 1188.0, 1179.0, 1174.0, 1173.0, 1169.0, 1156.0, 1155.0, 1153.0, 1149.0, 1138.0, 1143.0, 1138.0, 1124.0, 1128.0, 1114.0, 1129.0, 1113.0, 1120.0, 1116.0, 1111.0, 1138.0, 1140.0, 1143.0, 1134.0, 1133.0, 1135.0, 1131.0, 1121.0, 1126.0, 1112.0, 1108.0, 1111.0, 1110.0, 1115.0, 1108.0, 1090.0, 1115.0, 1106.0, 1094.0, 1102.0, 1113.0, 1122.0, 1105.0, 1122.0, 1105.0, 1118.0, 1111.0, 1111.0, 1108.0, 1114.0, 1103.0, 1113.0, 1122.0, 1130.0, 1107.0, 1105.0, 1119.0, 1110.0, 1107.0, 1093.0, 1104.0, 1098.0, 1100.0, 1093.0, 1103.0, 1090.0, 1096.0, 1099.0, 1098.0, 1078.0, 1095.0, 1086.0, 1080.0, 1071.0, 1076.0, 1070.0, 1079.0, 1066.0, 1058.0, 1058.0, 1061.0, 1041.0, 1045.0, 1035.0, 1028.0, 1028.0, 1044.0, 1022.0, 1027.0, 1021.0, 1012.0, 1004.0, 1002.0, 987.0, 997.0, 990.0, 988.0, 985.0, 996.0, 996.0, 990.0, 996.0, 976.0, 977.0, 975.0, 974.0, 967.0, 964.0, 970.0, 961.0, 948.0, 943.0, 945.0, 937.0, 933.0, 938.0, 940.0, 952.0, 939.0, 929.0, 923.0, 923.0, 914.0, 905.0, 911.0, 920.0, 907.0, 900.0, 902.0, 892.0, 897.0, 883.0, 895.0, 902.0, 911.0, 950.0, 950.0, 1171.0, 1396.0, 982.0, 974.0, 973.0, 970.0, 964.0, 970.0, 970.0, 959.0, 970.0, 976.0, 965.0, 965.0, 968.0, 973.0, 957.0, 971.0, 971.0, 965.0, 979.0, 979.0, 969.0, 976.0, 973.0, 982.0, 970.0, 967.0, 965.0, 965.0, 981.0, 976.0, 979.0, 983.0, 983.0, 975.0, 982.0, 982.0, 978.0, 972.0, 974.0, 981.0, 988.0, 987.0, 980.0, 975.0, 979.0, 981.0, 986.0, 979.0, 975.0, 979.0, 978.0, 986.0, 981.0, 990.0, 982.0, 998.0, 979.0, 974.0, 975.0, 982.0, 978.0, 987.0, 980.0, 963.0, 979.0, 978.0, 990.0, 988.0, 991.0, 983.0, 993.0, 992.0, 982.0, 992.0, 996.0, 996.0, 999.0, 990.0, 996.0, 998.0, 998.0, 999.0, 998.0, 1004.0, 1006.0, 1003.0, 991.0, 993.0, 997.0, 1000.0, 1001.0, 994.0, 993.0, 1002.0, 1009.0, 1004.0, 1006.0, 1010.0, 1017.0, 1006.0, 1018.0, 1003.0, 1014.0, 1009.0, 1004.0, 1019.0, 1013.0, 1004.0, 995.0, 997.0, 999.0, 996.0, 984.0, 993.0, 984.0, 970.0, 983.0, 980.0, 992.0, 967.0, 962.0, 964.0, 950.0, 953.0, 938.0, 939.0, 945.0, 977.0, 978.0, 959.0, 956.0, 962.0, 971.0, 983.0, 1000.0, 1008.0, 1015.0, 1017.0, 1026.0, 1041.0, 1039.0, 1035.0, 1056.0, 1058.0, 1075.0, 1056.0, 1065.0, 1060.0, 1084.0, 1097.0, 1100.0, 1104.0, 1098.0, 1099.0, 1105.0, 1109.0, 1105.0, 1117.0, 1111.0, 1112.0, 1117.0, 1105.0, 1100.0, 1125.0, 1123.0, 1135.0, 1142.0, 1121.0, 1123.0, 1113.0, 1135.0, 1109.0, 1140.0, 1145.0, 1135.0, 1121.0, 1143.0, 1120.0, 1130.0, 1128.0, 1139.0, 1145.0, 1160.0, 1139.0, 1165.0, 1161.0, 1166.0, 1191.0, 1204.0, 1211.0, 1243.0, 1246.0, 1248.0, 1289.0, 1274.0, 1292.0, 1290.0, 1301.0, 1293.0, 1301.0, 1311.0, 1324.0, 1333.0, 1331.0, 1329.0, 1323.0, 1323.0, 1345.0, 1331.0, 1331.0, 1374.0, 1384.0, 1393.0, 1387.0, 1387.0, 1388.0, 1431.0, 1429.0, 1437.0, 1429.0, 1429.0, 1440.0, 1442.0, 1442.0, 1488.0, 1488.0, 1475.0, 1446.0, 1452.0, 1455.0, 1458.0, 1455.0, 1459.0, 1464.0, 1464.0, 1466.0, 1487.0, 1494.0, 1498.0, 1495.0, 1519.0, 1518.0, 1526.0, 1505.0, 1520.0, 1527.0, 1536.0, 1539.0, 1554.0, 1550.0, 1553.0, 1553.0, 1583.0, 1558.0, 1565.0, 1594.0, 1601.0, 1596.0, 1613.0, 1620.0, 1619.0, 1619.0, 1634.0, 1622.0, 1628.0, 1626.0, 1642.0, 1651.0, 1656.0, 1655.0, 1655.0, 1656.0, 1665.0, 1675.0, 1669.0, 1661.0, 1662.0, 1681.0, 1685.0, 1678.0, 1672.0, 1674.0, 1685.0, 1682.0, 1699.0, 1693.0, 1692.0, 1688.0, 1688.0, 1688.0, 1689.0, 1690.0, 1691.0, 1693.0, 1702.0, 1708.0, 1706.0, 1699.0, 1712.0, 1697.0, 1702.0, 1709.0, 1700.0, 1700.0, 1699.0, 1702.0, 1703.0, 1703.0, 1704.0, 1710.0, 1719.0, 1724.0, 1718.0, 1718.0, 1706.0, 1703.0, 1706.0, 1710.0, 1723.0, 1722.0, 1738.0, 1737.0, 1745.0, 1758.0, 1753.0, 1742.0, 1742.0, 1749.0, 1738.0, 1747.0, 1746.0, 1756.0, 1751.0, 1739.0, 1745.0, 1745.0, 1771.0, 1771.0, 1775.0, 1781.0, 1790.0, 1803.0, 1803.0, 1777.0, 1790.0, 1796.0, 1796.0, 1800.0, 1809.0, 1806.0, 1819.0, 1811.0, 1829.0, 1816.0, 1835.0, 1824.0, 1828.0, 1847.0, 1845.0, 1845.0, 1845.0, 1835.0, 1869.0, 1848.0, 1833.0, 1848.0, 1866.0, 1856.0, 1863.0, 1871.0, 1863.0, 1866.0, 1843.0, 1831.0, 1866.0, 1865.0, 1871.0, 1882.0, 1883.0, 1863.0, 1835.0, 1841.0, 1841.0, 1837.0, 1834.0, 1866.0, 1859.0, 1869.0, 1862.0, 1866.0, 1866.0, 1864.0, 1876.0, 1876.0, 1871.0, 1857.0, 1863.0, 1858.0, 1842.0, 1859.0, 1863.0, 1879.0, 1868.0, 1857.0, 1856.0, 1849.0, 1864.0, 1860.0, 1860.0, 1860.0, 1872.0, 1846.0, 1869.0, 1868.0, 1874.0, 1877.0, 1870.0, 1870.0, 1862.0, 1835.0, 1855.0, 1849.0, 1852.0, 1866.0, 1882.0, 1887.0, 1887.0, 1891.0, 1898.0, 1873.0, 1874.0, 1839.0, 1863.0, 1864.0, 1849.0, 1849.0, 1845.0, 1845.0, 1842.0, 1828.0, 1817.0, 1827.0, 1809.0, 1797.0, 1797.0, 1760.0, 1723.0, 1778.0, 1834.0, 1803.0, 1814.0, 1805.0, 1792.0, 1799.0, 1778.0, 1798.0, 1805.0, 1752.0, 1763.0, 1791.0, 1772.0, 1762.0, 1753.0, 1759.0, 1769.0, 1781.0, 1761.0, 1761.0, 1737.0, 1767.0, 1759.0, 1731.0, 1731.0, 1744.0, 1744.0, 1744.0, 1744.0, 1719.0, 1719.0, 1707.0, 1708.0, 1717.0, 1718.0, 1719.0, 1710.0, 1703.0, 1699.0, 1703.0, 1714.0, 1713.0, 1709.0, 1702.0, 1694.0, 1694.0, 1689.0, 1688.0, 1688.0, 1684.0, 1687.0, 1671.0, 1670.0, 1668.0, 1673.0, 1665.0, 1657.0, 1655.0, 1648.0, 1630.0, 1629.0, 1628.0, 1624.0, 1618.0, 1605.0, 1615.0, 1615.0, 1615.0, 1608.0, 1603.0, 1597.0, 1595.0, 1599.0, 1592.0, 1587.0, 1597.0, 1608.0, 1595.0, 1583.0, 1576.0, 1571.0, 1570.0, 1564.0, 1560.0, 1563.0, 1563.0, 1563.0, 1560.0, 1562.0, 1556.0, 1567.0, 1530.0, 1530.0, 1528.0, 1557.0, 1507.0, 1494.0, 1482.0, 1482.0, 1490.0, 1492.0, 1497.0, 1499.0, 1474.0, 1482.0, 1486.0, 1480.0, 1453.0, 1459.0, 1453.0, 1454.0, 1448.0, 1437.0, 1442.0, 1438.0, 1438.0, 1443.0, 1440.0, 1430.0, 1430.0, 1427.0, 1418.0, 1407.0, 1416.0, 1416.0, 1410.0, 1395.0, 1400.0, 1398.0, 1398.0, 1387.0, 1386.0, 1378.0, 1382.0, 1378.0, 1377.0, 1379.0, 1379.0, 1364.0, 1351.0, 1357.0, 1359.0, 1357.0, 1350.0, 1360.0, 1386.0, 1373.0, 1338.0, 1333.0, 1328.0, 1347.0, 1337.0, 1332.0, 1328.0, 1322.0, 1312.0, 1314.0, 1309.0, 1317.0, 1299.0, 1302.0, 1301.0, 1311.0, 1320.0, 1319.0, 1312.0, 1309.0, 1302.0, 1315.0, 1289.0, 1297.0, 1297.0, 1296.0, 1305.0, 1311.0, 1314.0, 1296.0, 1292.0, 1282.0, 1282.0, 1277.0, 1283.0, 1276.0, 1270.0, 1279.0, 1276.0, 1259.0, 1256.0, 1291.0, 1291.0, 1273.0, 1266.0, 1266.0, 1266.0, 1266.0, 1263.0, 1266.0, 1266.0, 1275.0, 1263.0, 1263.0, 1248.0, 1257.0, 1275.0, 1276.0, 1272.0, 1261.0, 1255.0, 1254.0, 1257.0, 1273.0, 1271.0, 1261.0, 1269.0, 1259.0, 1249.0, 1240.0, 1240.0, 1260.0, 1260.0, 1289.0, 1269.0, 1251.0, 1264.0, 1257.0, 1257.0, 1250.0, 1246.0, 1268.0, 1268.0, 1263.0, 1263.0, 1263.0, 1293.0, 1280.0, 1261.0, 1277.0, 1276.0, 1277.0, 1281.0, 1282.0, 1267.0, 1267.0, 1284.0, 1279.0, 1282.0, 1297.0, 1294.0, 1291.0, 1294.0, 1296.0, 1287.0, 1287.0, 1279.0, 1302.0, 1309.0, 1301.0, 1282.0, 1300.0, 1291.0, 1291.0, 1316.0, 1302.0, 1321.0, 1302.0, 1311.0, 1295.0, 1284.0, 1295.0, 1303.0, 1317.0, 1308.0, 1303.0, 1307.0, 1321.0, 1322.0, 1319.0, 1319.0, 1322.0, 1330.0, 1327.0, 1327.0, 1323.0, 1323.0, 1323.0, 1334.0, 1345.0, 1321.0, 1321.0, 1328.0, 1338.0, 1341.0, 1333.0, 1337.0, 1342.0, 1345.0, 1345.0, 1338.0, 1350.0, 1347.0, 1352.0, 1353.0, 1352.0, 1363.0, 1358.0, 1346.0, 1348.0, 1347.0, 1377.0, 1370.0, 1374.0, 1379.0, 1383.0, 1383.0, 1400.0, 1381.0, 1375.0, 1397.0, 1391.0, 1382.0, 1402.0, 1388.0, 1402.0, 1355.0, 1376.0, 1379.0, 1385.0, 1392.0, 1399.0, 1397.0, 1395.0, 1391.0, 1397.0, 1394.0, 1381.0, 1411.0, 1409.0, 1395.0, 1401.0]