header: 
  seq: 2150
  stamp: 
    secs: 1548820810
    nsecs: 943799487
  frame_id: "base_link"
angle_min: -2.35619449615
angle_max: 2.35619449615
angle_increment: 0.00436332309619
time_increment: 1.73611151695e-05
scan_time: 0.0250000003725
range_min: 0.019999999553
range_max: 30.0
ranges: [0.4300000071525574, 0.42899999022483826, 0.4300000071525574, 0.42800000309944153, 0.4339999854564667, 0.4399999976158142, 0.44699999690055847, 0.4309999942779541, 0.4309999942779541, 0.43299999833106995, 0.4350000023841858, 0.4350000023841858, 0.4300000071525574, 0.4269999861717224, 0.4180000126361847, 0.3889999985694885, 0.3790000081062317, 0.36500000953674316, 0.31200000643730164, 0.3400000035762787, 0.32100000977516174, 0.39399999380111694, 0.41200000047683716, 0.41200000047683716, 0.4129999876022339, 0.4180000126361847, 0.4189999997615814, 0.4169999957084656, 0.4099999964237213, 0.4180000126361847, 0.421999990940094, 0.42399999499320984, 0.41999998688697815, 0.41999998688697815, 0.41999998688697815, 0.4180000126361847, 0.4169999957084656, 0.4189999997615814, 0.41999998688697815, 0.421999990940094, 0.4169999957084656, 0.41999998688697815, 0.421999990940094, 0.42100000381469727, 0.42100000381469727, 0.4269999861717224, 0.42899999022483826, 0.42399999499320984, 0.421999990940094, 0.421999990940094, 0.4269999861717224, 0.42399999499320984, 0.42399999499320984, 0.4230000078678131, 0.4269999861717224, 0.42100000381469727, 0.41600000858306885, 0.4180000126361847, 0.42100000381469727, 0.41999998688697815, 0.41600000858306885, 0.4180000126361847, 0.41999998688697815, 0.41999998688697815, 0.42100000381469727, 0.4180000126361847, 0.41499999165534973, 0.41600000858306885, 0.4169999957084656, 0.4169999957084656, 0.42100000381469727, 0.4189999997615814, 0.42100000381469727, 0.421999990940094, 0.4230000078678131, 0.421999990940094, 0.421999990940094, 0.41999998688697815, 0.41999998688697815, 0.42100000381469727, 0.42500001192092896, 0.42500001192092896, 0.4180000126361847, 0.41999998688697815, 0.4230000078678131, 0.41999998688697815, 0.4180000126361847, 0.4230000078678131, 0.42399999499320984, 0.421999990940094, 0.42399999499320984, 0.4180000126361847, 0.4169999957084656, 0.41200000047683716, 0.414000004529953, 0.414000004529953, 0.421999990940094, 0.4230000078678131, 0.42100000381469727, 0.42100000381469727, 0.42399999499320984, 0.42399999499320984, 0.4230000078678131, 0.421999990940094, 0.4180000126361847, 0.42399999499320984, 0.421999990940094, 0.41999998688697815, 0.41999998688697815, 0.4269999861717224, 0.4309999942779541, 0.42899999022483826, 0.4309999942779541, 0.4269999861717224, 0.42500001192092896, 0.4230000078678131, 0.4230000078678131, 0.4230000078678131, 0.42100000381469727, 0.42800000309944153, 0.42399999499320984, 0.421999990940094, 0.4169999957084656, 0.4169999957084656, 0.4169999957084656, 0.42500001192092896, 0.4300000071525574, 0.4339999854564667, 0.4350000023841858, 0.4309999942779541, 0.4309999942779541, 0.4309999942779541, 0.4309999942779541, 0.4359999895095825, 0.4390000104904175, 0.4410000145435333, 0.4429999887943268, 0.4440000057220459, 0.4440000057220459, 0.4390000104904175, 0.43799999356269836, 0.4399999976158142, 0.4390000104904175, 0.4390000104904175, 0.4399999976158142, 0.4410000145435333, 0.4440000057220459, 0.4449999928474426, 0.4440000057220459, 0.4429999887943268, 0.44600000977516174, 0.44699999690055847, 0.4440000057220459, 0.4480000138282776, 0.4480000138282776, 0.4440000057220459, 0.4410000145435333, 0.44200000166893005, 0.4429999887943268, 0.44200000166893005, 0.4399999976158142, 0.4399999976158142, 0.4480000138282776, 0.44600000977516174, 0.4440000057220459, 0.44699999690055847, 0.4449999928474426, 0.44999998807907104, 0.4480000138282776, 0.4480000138282776, 0.45500001311302185, 0.4490000009536743, 0.4449999928474426, 0.4440000057220459, 0.44600000977516174, 0.4449999928474426, 0.44699999690055847, 0.45399999618530273, 0.45100000500679016, 0.45100000500679016, 0.45100000500679016, 0.4519999921321869, 0.4519999921321869, 0.45399999618530273, 0.4569999873638153, 0.4569999873638153, 0.45399999618530273, 0.460999995470047, 0.45899999141693115, 0.4620000123977661, 0.460999995470047, 0.45899999141693115, 0.4569999873638153, 0.4699999988079071, 0.46799999475479126, 0.460999995470047, 0.45899999141693115, 0.46299999952316284, 0.46399998664855957, 0.4650000035762787, 0.46700000762939453, 0.4690000116825104, 0.47099998593330383, 0.4779999852180481, 0.47600001096725464, 0.4779999852180481, 0.4740000069141388, 0.47200000286102295, 0.4729999899864197, 0.47999998927116394, 0.48100000619888306, 0.47999998927116394, 0.47999998927116394, 0.4869999885559082, 0.4880000054836273, 0.4869999885559082, 0.4830000102519989, 0.49000000953674316, 0.492000013589859, 0.49300000071525574, 0.49399998784065247, 0.5, 0.5170000195503235, 0.5049999952316284, 0.5049999952316284, 0.5049999952316284, 0.5090000033378601, 0.5019999742507935, 0.5139999985694885, 0.5139999985694885, 0.5210000276565552, 0.5230000019073486, 0.5149999856948853, 0.5149999856948853, 0.5149999856948853, 0.5230000019073486, 0.5230000019073486, 0.5239999890327454, 0.531000018119812, 0.5329999923706055, 0.5339999794960022, 0.5289999842643738, 0.5339999794960022, 0.5379999876022339, 0.5379999876022339, 0.5389999747276306, 0.5419999957084656, 0.5440000295639038, 0.5519999861717224, 0.5479999780654907, 0.5490000247955322, 0.5569999814033508, 0.5580000281333923, 0.5580000281333923, 0.5649999976158142, 0.5690000057220459, 0.5709999799728394, 0.5740000009536743, 0.574999988079071, 0.5799999833106995, 0.5839999914169312, 0.5849999785423279, 0.5870000123977661, 0.5910000205039978, 0.5929999947547913, 0.5910000205039978, 0.5960000157356262, 0.6039999723434448, 0.6060000061988831, 0.5979999899864197, 0.6019999980926514, 0.6060000061988831, 0.6190000176429749, 0.6269999742507935, 0.628000020980835, 0.6240000128746033, 0.6290000081062317, 0.6309999823570251, 0.6359999775886536, 0.6320000290870667, 0.6309999823570251, 0.6380000114440918, 0.6389999985694885, 0.6460000276565552, 0.6549999713897705, 0.652999997138977, 0.6539999842643738, 0.6579999923706055, 0.6629999876022339, 0.6679999828338623, 0.6779999732971191, 0.6809999942779541, 0.6869999766349792, 0.6869999766349792, 0.6959999799728394, 0.6990000009536743, 0.703000009059906, 0.7070000171661377, 0.7129999995231628, 0.7149999737739563, 0.7149999737739563, 0.7200000286102295, 0.7300000190734863, 0.734000027179718, 0.734000027179718, 0.7400000095367432, 0.7440000176429749, 0.7490000128746033, 0.7639999985694885, 0.7670000195503235, 0.7689999938011169, 0.7749999761581421, 0.7839999794960022, 0.7850000262260437, 0.7990000247955322, 0.7979999780654907, 0.7979999780654907, 0.8090000152587891, 0.8130000233650208, 0.8140000104904175, 0.824999988079071, 0.8289999961853027, 0.8309999704360962, 0.8370000123977661, 0.8479999899864197, 0.8550000190734863, 0.8600000143051147, 0.8700000047683716, 0.875, 0.8790000081062317, 0.8939999938011169, 0.8949999809265137, 0.9010000228881836, 0.9200000166893005, 0.925000011920929, 0.9330000281333923, 0.9300000071525574, 0.9390000104904175, 0.9509999752044678, 0.9649999737739563, 0.968999981880188, 0.9869999885559082, 0.9919999837875366, 1.0089999437332153, 1.0190000534057617, 1.0329999923706055, 1.0399999618530273, 1.0369999408721924, 1.0579999685287476, 1.069000005722046, 1.0770000219345093, 1.0859999656677246, 1.0959999561309814, 1.1100000143051147, 1.1230000257492065, 1.1390000581741333, 1.1460000276565552, 1.1679999828338623, 1.1770000457763672, 1.190000057220459, 1.2070000171661377, 1.218000054359436, 1.2350000143051147, 1.2519999742507935, 1.2690000534057617, 1.2869999408721924, 1.309999942779541, 1.3250000476837158, 1.3459999561309814, 1.3550000190734863, 1.378000020980835, 1.3980000019073486, 1.4589999914169312, 1.475000023841858, 1.5820000171661377, 1.847000002861023, 2.51200008392334, 2.5139999389648438, 2.5190000534057617, 2.5190000534057617, 2.5209999084472656, 2.5199999809265137, 2.5220000743865967, 2.5190000534057617, 2.5230000019073486, 2.5280001163482666, 2.5260000228881836, 2.5190000534057617, 2.513000011444092, 2.5179998874664307, 2.5239999294281006, 2.5190000534057617, 2.5139999389648438, 2.513000011444092, 2.510999917984009, 2.506999969482422, 2.509000062942505, 2.503999948501587, 2.503999948501587, 2.509999990463257, 2.510999917984009, 2.509999990463257, 2.503000020980835, 2.496999979019165, 2.493000030517578, 2.496999979019165, 2.493000030517578, 2.494999885559082, 2.490000009536743, 2.4820001125335693, 2.4800000190734863, 2.4779999256134033, 2.4760000705718994, 2.4679999351501465, 2.4609999656677246, 2.4709999561309814, 2.4709999561309814, 2.4649999141693115, 2.4619998931884766, 2.4539999961853027, 2.447000026702881, 2.444000005722046, 2.450000047683716, 2.453000068664551, 2.444000005722046, 2.431999921798706, 2.4240000247955322, 2.4240000247955322, 2.4230000972747803, 2.4230000972747803, 2.4140000343322754, 2.4040000438690186, 2.4019999504089355, 2.3949999809265137, 2.3980000019073486, 2.38700008392334, 2.377000093460083, 2.377000093460083, 2.372999906539917, 2.36899995803833, 2.3589999675750732, 2.3510000705718994, 2.3450000286102295, 2.3399999141693115, 2.3340001106262207, 2.328000068664551, 2.328000068664551, 2.3239998817443848, 2.312999963760376, 2.303999900817871, 2.299999952316284, 2.308000087738037, 2.2860000133514404, 2.2760000228881836, 2.2679998874664307, 2.259999990463257, 2.259999990463257, 2.256999969482422, 2.246000051498413, 2.23799991607666, 2.2339999675750732, 2.2239999771118164, 2.2109999656677246, 2.2119998931884766, 2.197000026702881, 2.187999963760376, 2.181999921798706, 2.171999931335449, 2.1519999504089355, 2.1440000534057617, 2.128000020980835, 2.125, 2.125, 2.11299991607666, 2.1019999980926514, 2.0929999351501465, 2.0829999446868896, 2.078000068664551, 2.071000099182129, 2.056999921798706, 2.0399999618530273, 2.0360000133514404, 2.0260000228881836, 2.015000104904175, 2.00600004196167, 1.9859999418258667, 1.9789999723434448, 1.968000054359436, 1.9579999446868896, 1.934000015258789, 1.9220000505447388, 1.9149999618530273, 1.9019999504089355, 1.8839999437332153, 1.8589999675750732, 1.8459999561309814, 1.843000054359436, 1.8209999799728394, 1.7999999523162842, 1.7929999828338623, 1.777999997138977, 1.7589999437332153, 1.7350000143051147, 1.7139999866485596, 1.6859999895095825, 1.6770000457763672, 1.6510000228881836, 1.61899995803833, 1.6169999837875366, 1.6080000400543213, 1.5729999542236328, 1.5399999618530273, 1.5190000534057617, 1.5089999437332153, 1.5010000467300415, 1.4759999513626099, 1.4470000267028809, 1.430999994277954, 1.4129999876022339, 1.3940000534057617, 1.38100004196167, 1.371999979019165, 1.3459999561309814, 1.3389999866485596, 1.3229999542236328, 1.309999942779541, 1.2970000505447388, 1.2860000133514404, 1.2710000276565552, 1.2549999952316284, 1.2380000352859497, 1.2359999418258667, 1.2209999561309814, 1.2020000219345093, 1.1979999542236328, 1.184000015258789, 1.1720000505447388, 1.1480000019073486, 1.1419999599456787, 1.1299999952316284, 1.1139999628067017, 1.1069999933242798, 1.090999960899353, 1.0789999961853027, 1.0740000009536743, 1.0679999589920044, 1.055999994277954, 1.0540000200271606, 1.0470000505447388, 1.0329999923706055, 1.0210000276565552, 1.0119999647140503, 1.00600004196167, 0.984000027179718, 0.9760000109672546, 0.9710000157356262, 0.9629999995231628, 0.9570000171661377, 0.953000009059906, 0.9490000009536743, 0.9399999976158142, 0.9300000071525574, 0.9279999732971191, 0.9269999861717224, 0.9150000214576721, 0.9089999794960022, 0.8970000147819519, 0.8939999938011169, 0.890999972820282, 0.8870000243186951, 0.8849999904632568, 0.8830000162124634, 0.871999979019165, 0.8610000014305115, 0.8519999980926514, 0.8500000238418579, 0.8450000286102295, 0.8410000205039978, 0.8410000205039978, 0.8450000286102295, 0.8349999785423279, 0.8259999752044678, 0.8270000219345093, 0.8259999752044678, 0.8159999847412109, 0.8090000152587891, 0.796999990940094, 0.7979999780654907, 0.7979999780654907, 0.7990000247955322, 0.7820000052452087, 0.7829999923706055, 0.7789999842643738, 0.7720000147819519, 0.765999972820282, 0.7649999856948853, 0.7630000114440918, 0.7559999823570251, 0.7519999742507935, 0.7509999871253967, 0.7440000176429749, 0.7440000176429749, 0.7400000095367432, 0.7369999885559082, 0.7300000190734863, 0.7250000238418579, 0.722000002861023, 0.7170000076293945, 0.7170000076293945, 0.7099999785423279, 0.7080000042915344, 0.7080000042915344, 0.7009999752044678, 0.6980000138282776, 0.6940000057220459, 0.6919999718666077, 0.6909999847412109, 0.6880000233650208, 0.6859999895095825, 0.6859999895095825, 0.6800000071525574, 0.6769999861717224, 0.675000011920929, 0.6740000247955322, 0.6759999990463257, 0.6639999747276306, 0.6610000133514404, 0.6629999876022339, 0.6620000004768372, 0.6539999842643738, 0.6489999890327454, 0.6499999761581421, 0.6499999761581421, 0.6520000100135803, 0.6439999938011169, 0.640999972820282, 0.6420000195503235, 0.6389999985694885, 0.6340000033378601, 0.6299999952316284, 0.6259999871253967, 0.6269999742507935, 0.6259999871253967, 0.628000020980835, 0.6320000290870667, 0.628000020980835, 0.6230000257492065, 0.621999979019165, 0.6140000224113464, 0.609000027179718, 0.6069999933242798, 0.609000027179718, 0.6100000143051147, 0.6029999852180481, 0.6039999723434448, 0.5979999899864197, 0.597000002861023, 0.597000002861023, 0.593999981880188, 0.5860000252723694, 0.5860000252723694, 0.5899999737739563, 0.5899999737739563, 0.5910000205039978, 0.5910000205039978, 0.5820000171661377, 0.5789999961853027, 0.5770000219345093, 0.578000009059906, 0.5799999833106995, 0.5809999704360962, 0.5759999752044678, 0.5730000138282776, 0.5690000057220459, 0.5649999976158142, 0.5649999976158142, 0.5649999976158142, 0.5659999847412109, 0.5619999766349792, 0.5569999814033508, 0.5590000152587891, 0.5630000233650208, 0.5619999766349792, 0.5619999766349792, 0.550000011920929, 0.5559999942779541, 0.5559999942779541, 0.5509999990463257, 0.5490000247955322, 0.546999990940094, 0.5450000166893005, 0.5519999861717224, 0.5479999780654907, 0.5440000295639038, 0.5450000166893005, 0.5509999990463257, 0.5429999828338623, 0.5389999747276306, 0.5400000214576721, 0.5400000214576721, 0.5389999747276306, 0.5360000133514404, 0.5339999794960022, 0.5389999747276306, 0.5419999957084656, 0.5419999957084656, 0.5370000004768372, 0.5329999923706055, 0.531000018119812, 0.5289999842643738, 0.5329999923706055, 0.531000018119812, 0.5289999842643738, 0.5220000147819519, 0.5199999809265137, 0.5220000147819519, 0.5199999809265137, 0.5180000066757202, 0.5189999938011169, 0.5220000147819519, 0.5220000147819519, 0.515999972820282, 0.5139999985694885, 0.5109999775886536, 0.5120000243186951, 0.5180000066757202, 0.5189999938011169, 0.5139999985694885, 0.5139999985694885, 0.5109999775886536, 0.5109999775886536, 0.5180000066757202, 0.515999972820282, 0.5070000290870667, 0.5070000290870667, 0.503000020980835, 0.5040000081062317, 0.5059999823570251, 0.5049999952316284, 0.5059999823570251, 0.5049999952316284, 0.5080000162124634, 0.5080000162124634, 0.5099999904632568, 0.5070000290870667, 0.5040000081062317, 0.5009999871253967, 0.503000020980835, 0.5040000081062317, 0.5059999823570251, 0.5040000081062317, 0.49799999594688416, 0.49799999594688416, 0.5019999742507935, 0.5040000081062317, 0.5, 0.49399998784065247, 0.492000013589859, 0.49799999594688416, 0.5, 0.5, 0.5, 0.49799999594688416, 0.4959999918937683, 0.49900001287460327, 0.503000020980835, 0.4959999918937683, 0.4959999918937683, 0.4959999918937683, 0.4950000047683716, 0.4950000047683716, 0.49399998784065247, 0.49799999594688416, 0.5009999871253967, 0.4959999918937683, 0.49799999594688416, 0.49799999594688416, 0.4909999966621399, 0.49900001287460327, 0.5019999742507935, 0.4970000088214874, 0.49300000071525574, 0.4860000014305115, 0.4860000014305115, 0.49900001287460327, 0.5, 0.4950000047683716, 0.49399998784065247, 0.49300000071525574, 0.492000013589859, 0.492000013589859, 0.492000013589859, 0.49000000953674316, 0.492000013589859, 0.4909999966621399, 0.4909999966621399, 0.4909999966621399, 0.492000013589859, 0.49300000071525574, 0.49300000071525574, 0.4959999918937683, 0.48899999260902405, 0.4860000014305115, 0.4860000014305115, 0.49000000953674316, 0.49399998784065247, 0.4950000047683716, 0.4959999918937683, 0.4959999918937683, 0.49300000071525574, 0.5, 0.49900001287460327, 0.5, 0.4950000047683716, 0.4959999918937683, 0.49399998784065247, 0.49300000071525574, 0.49300000071525574, 0.49300000071525574, 0.49799999594688416, 0.49900001287460327, 0.49799999594688416, 0.4950000047683716, 0.49399998784065247, 0.49000000953674316, 0.49000000953674316, 0.492000013589859, 0.4959999918937683, 0.49300000071525574, 0.49300000071525574, 0.49399998784065247, 0.49799999594688416, 0.49799999594688416, 0.49900001287460327, 0.5, 0.5, 0.5009999871253967, 0.5009999871253967, 0.5009999871253967, 0.5009999871253967, 0.5009999871253967, 0.49900001287460327, 0.4970000088214874, 0.503000020980835, 0.503000020980835, 0.503000020980835, 0.5070000290870667, 0.5080000162124634, 0.5090000033378601, 0.5090000033378601, 0.5090000033378601, 0.5059999823570251, 0.503000020980835, 0.5049999952316284, 0.5080000162124634, 0.5080000162124634, 0.5099999904632568, 0.5139999985694885, 0.5149999856948853, 0.515999972820282, 0.5189999938011169, 0.5170000195503235, 0.5139999985694885, 0.5139999985694885, 0.5149999856948853, 0.5170000195503235, 0.5210000276565552, 0.5239999890327454, 0.5260000228881836, 0.5260000228881836, 0.5249999761581421, 0.5220000147819519, 0.5170000195503235, 0.5170000195503235, 0.5189999938011169, 0.5239999890327454, 0.5270000100135803, 0.527999997138977, 0.5260000228881836, 0.5270000100135803, 0.5289999842643738, 0.5320000052452087, 0.5350000262260437, 0.5320000052452087, 0.5329999923706055, 0.5270000100135803, 0.531000018119812, 0.5320000052452087, 0.5270000100135803, 0.5299999713897705, 0.5299999713897705, 0.5289999842643738, 0.5289999842643738, 0.5299999713897705, 0.531000018119812, 0.5419999957084656, 0.546999990940094, 0.5339999794960022, 0.5329999923706055, 0.5350000262260437, 0.5350000262260437, 0.5379999876022339, 0.5410000085830688, 0.5410000085830688, 0.5339999794960022, 0.5350000262260437, 0.5440000295639038, 0.5450000166893005, 0.5450000166893005, 0.5450000166893005, 0.5440000295639038, 0.5429999828338623, 0.5429999828338623, 0.5450000166893005, 0.546999990940094, 0.5490000247955322, 0.546999990940094, 0.5519999861717224, 0.5559999942779541, 0.5559999942779541, 0.5569999814033508, 0.5580000281333923, 0.5600000023841858, 0.5550000071525574, 0.5559999942779541, 0.5559999942779541, 0.5580000281333923, 0.5590000152587891, 0.5590000152587891, 0.5619999766349792, 0.5550000071525574, 0.5590000152587891, 0.5619999766349792, 0.5659999847412109, 0.5619999766349792, 0.5640000104904175, 0.5720000267028809, 0.5699999928474426, 0.578000009059906, 0.5860000252723694, 0.5820000171661377, 0.5799999833106995, 0.5860000252723694, 0.5899999737739563, 0.5860000252723694, 0.5799999833106995, 0.5830000042915344, 0.5809999704360962, 0.5820000171661377, 0.5889999866485596, 0.5920000076293945, 0.5950000286102295, 0.5910000205039978, 0.5889999866485596, 0.5899999737739563, 0.5899999737739563, 0.5899999737739563, 0.5920000076293945, 0.6039999723434448, 0.6069999933242798, 0.6029999852180481, 0.6069999933242798, 0.6019999980926514, 0.5989999771118164, 0.6039999723434448, 0.6169999837875366, 0.6150000095367432, 0.6140000224113464, 0.6150000095367432, 0.6209999918937683, 0.625, 0.6209999918937683, 0.6179999709129333, 0.6169999837875366, 0.6359999775886536, 0.6290000081062317, 0.628000020980835, 0.628000020980835, 0.6309999823570251, 0.6349999904632568, 0.6359999775886536, 0.6370000243186951, 0.6380000114440918, 0.6439999938011169, 0.6439999938011169, 0.6460000276565552, 0.6439999938011169, 0.6420000195503235, 0.6439999938011169, 0.6480000019073486, 0.6460000276565552, 0.6510000228881836, 0.6520000100135803, 0.6470000147819519, 0.6570000052452087, 0.6570000052452087, 0.6579999923706055, 0.656000018119812, 0.6579999923706055, 0.6710000038146973, 0.6669999957084656, 0.6660000085830688, 0.6629999876022339, 0.6690000295639038, 0.6700000166893005, 0.6700000166893005, 0.671999990940094, 0.671999990940094, 0.6790000200271606, 0.6759999990463257, 0.675000011920929, 0.6769999861717224, 0.675000011920929, 0.6779999732971191, 0.6759999990463257, 0.6790000200271606, 0.6779999732971191, 0.6819999814033508, 0.6790000200271606, 0.6819999814033508, 0.6859999895095825, 0.6869999766349792, 0.6869999766349792, 0.6919999718666077, 0.6930000185966492, 0.6919999718666077, 0.6919999718666077, 0.6830000281333923, 0.6840000152587891, 0.6840000152587891, 0.6819999814033508, 0.6819999814033508, 0.6880000233650208, 0.6869999766349792, 0.6899999976158142, 0.7009999752044678, 0.7089999914169312, 0.7099999785423279, 0.7089999914169312, 0.7089999914169312, 0.7059999704360962, 0.7080000042915344, 0.7129999995231628, 0.7120000123977661, 0.7070000171661377, 0.7099999785423279, 0.7120000123977661, 0.7160000205039978, 0.7160000205039978, 0.7179999947547913, 0.7120000123977661, 0.7120000123977661, 0.7170000076293945, 0.7229999899864197, 0.7200000286102295, 0.7149999737739563, 0.7059999704360962, 0.7070000171661377, 0.7080000042915344, 0.7099999785423279, 0.7239999771118164, 0.7059999704360962, 0.7409999966621399, 0.7450000047683716, 0.7459999918937683, 0.7490000128746033, 0.746999979019165, 0.7540000081062317, 0.7559999823570251, 0.7620000243186951, 0.7639999985694885, 0.7599999904632568, 0.7549999952316284, 0.7549999952316284, 0.7559999823570251, 0.7670000195503235, 0.7789999842643738, 0.777999997138977, 0.7760000228881836, 0.7770000100135803, 0.7760000228881836]
intensities: [1093.0, 1105.0, 1141.0, 1230.0, 1286.0, 1309.0, 1400.0, 1412.0, 1532.0, 1554.0, 1560.0, 1560.0, 1567.0, 1564.0, 1444.0, 1188.0, 1125.0, 1056.0, 886.0, 951.0, 861.0, 1012.0, 1046.0, 1046.0, 1058.0, 1063.0, 1068.0, 1089.0, 1117.0, 1256.0, 1381.0, 1485.0, 1525.0, 1655.0, 1655.0, 1731.0, 1763.0, 1778.0, 1786.0, 1794.0, 1809.0, 1833.0, 1851.0, 1834.0, 1834.0, 1832.0, 1836.0, 1837.0, 1852.0, 1855.0, 1829.0, 1834.0, 1844.0, 1841.0, 1832.0, 1829.0, 1811.0, 1828.0, 1834.0, 1817.0, 1804.0, 1801.0, 1808.0, 1797.0, 1822.0, 1792.0, 1784.0, 1794.0, 1793.0, 1800.0, 1786.0, 1797.0, 1789.0, 1767.0, 1771.0, 1788.0, 1788.0, 1801.0, 1790.0, 1777.0, 1769.0, 1766.0, 1783.0, 1784.0, 1786.0, 1776.0, 1734.0, 1750.0, 1758.0, 1758.0, 1728.0, 1727.0, 1724.0, 1700.0, 1715.0, 1713.0, 1695.0, 1711.0, 1698.0, 1689.0, 1682.0, 1682.0, 1685.0, 1678.0, 1669.0, 1668.0, 1653.0, 1642.0, 1622.0, 1618.0, 1618.0, 1602.0, 1613.0, 1610.0, 1613.0, 1603.0, 1593.0, 1577.0, 1572.0, 1566.0, 1563.0, 1553.0, 1542.0, 1541.0, 1548.0, 1532.0, 1519.0, 1505.0, 1508.0, 1505.0, 1499.0, 1501.0, 1501.0, 1456.0, 1488.0, 1452.0, 1445.0, 1437.0, 1437.0, 1428.0, 1413.0, 1416.0, 1418.0, 1418.0, 1411.0, 1405.0, 1381.0, 1377.0, 1356.0, 1348.0, 1355.0, 1326.0, 1351.0, 1344.0, 1344.0, 1316.0, 1300.0, 1307.0, 1291.0, 1278.0, 1266.0, 1266.0, 1281.0, 1269.0, 1268.0, 1273.0, 1261.0, 1264.0, 1250.0, 1248.0, 1233.0, 1231.0, 1232.0, 1228.0, 1229.0, 1208.0, 1216.0, 1211.0, 1211.0, 1211.0, 1204.0, 1208.0, 1212.0, 1198.0, 1187.0, 1187.0, 1189.0, 1176.0, 1164.0, 1172.0, 1173.0, 1161.0, 1150.0, 1176.0, 1170.0, 1137.0, 1124.0, 1141.0, 1140.0, 1141.0, 1142.0, 1142.0, 1127.0, 1147.0, 1136.0, 1133.0, 1136.0, 1129.0, 1130.0, 1145.0, 1127.0, 1117.0, 1119.0, 1133.0, 1125.0, 1120.0, 1119.0, 1118.0, 1125.0, 1117.0, 1124.0, 1126.0, 1158.0, 1131.0, 1131.0, 1127.0, 1133.0, 1124.0, 1141.0, 1141.0, 1133.0, 1131.0, 1125.0, 1128.0, 1128.0, 1115.0, 1115.0, 1115.0, 1127.0, 1104.0, 1131.0, 1110.0, 1120.0, 1116.0, 1116.0, 1116.0, 1114.0, 1102.0, 1125.0, 1110.0, 1104.0, 1091.0, 1096.0, 1094.0, 1117.0, 1099.0, 1103.0, 1122.0, 1113.0, 1100.0, 1096.0, 1115.0, 1113.0, 1112.0, 1111.0, 1102.0, 1107.0, 1116.0, 1110.0, 1098.0, 1104.0, 1105.0, 1107.0, 1120.0, 1111.0, 1106.0, 1112.0, 1105.0, 1097.0, 1099.0, 1097.0, 1097.0, 1099.0, 1119.0, 1113.0, 1098.0, 1087.0, 1110.0, 1097.0, 1111.0, 1104.0, 1108.0, 1105.0, 1105.0, 1116.0, 1114.0, 1114.0, 1112.0, 1118.0, 1118.0, 1118.0, 1106.0, 1107.0, 1110.0, 1110.0, 1109.0, 1104.0, 1102.0, 1104.0, 1112.0, 1097.0, 1097.0, 1111.0, 1113.0, 1099.0, 1095.0, 1087.0, 1110.0, 1088.0, 1089.0, 1091.0, 1100.0, 1092.0, 1084.0, 1079.0, 1066.0, 1079.0, 1101.0, 1093.0, 1084.0, 1092.0, 1078.0, 1066.0, 1066.0, 1072.0, 1080.0, 1061.0, 1049.0, 1052.0, 1075.0, 1057.0, 1043.0, 1048.0, 1032.0, 1049.0, 1043.0, 1046.0, 1033.0, 1037.0, 1030.0, 1021.0, 1021.0, 1009.0, 1032.0, 1026.0, 1015.0, 1014.0, 1010.0, 1017.0, 1006.0, 1003.0, 985.0, 988.0, 970.0, 985.0, 981.0, 992.0, 990.0, 986.0, 981.0, 967.0, 1006.0, 1337.0, 1251.0, 1445.0, 1301.0, 989.0, 991.0, 1005.0, 1006.0, 1009.0, 1000.0, 1014.0, 996.0, 1001.0, 1003.0, 1003.0, 1003.0, 998.0, 1003.0, 1010.0, 1010.0, 998.0, 1006.0, 1005.0, 1003.0, 1015.0, 1003.0, 1003.0, 1010.0, 1009.0, 1012.0, 1010.0, 1003.0, 1010.0, 1005.0, 997.0, 997.0, 985.0, 990.0, 986.0, 984.0, 980.0, 975.0, 967.0, 994.0, 994.0, 985.0, 985.0, 986.0, 976.0, 972.0, 978.0, 976.0, 981.0, 985.0, 982.0, 993.0, 989.0, 1004.0, 993.0, 1000.0, 1010.0, 1002.0, 1014.0, 1009.0, 1010.0, 1010.0, 1027.0, 1032.0, 1015.0, 1019.0, 1019.0, 1016.0, 1020.0, 1016.0, 1016.0, 1011.0, 1019.0, 1018.0, 1014.0, 1029.0, 1014.0, 1016.0, 1026.0, 1005.0, 1006.0, 1013.0, 1015.0, 1030.0, 1019.0, 1011.0, 1018.0, 1024.0, 1008.0, 1011.0, 1025.0, 1024.0, 1013.0, 1027.0, 1016.0, 1018.0, 1018.0, 1025.0, 1021.0, 1020.0, 1025.0, 1030.0, 1035.0, 1039.0, 1028.0, 1042.0, 1035.0, 1033.0, 1035.0, 1026.0, 1028.0, 1027.0, 1025.0, 1025.0, 1019.0, 1022.0, 1016.0, 1015.0, 1013.0, 1002.0, 1011.0, 1011.0, 1008.0, 1012.0, 1015.0, 996.0, 1000.0, 986.0, 1000.0, 1011.0, 1049.0, 1059.0, 1055.0, 1027.0, 1006.0, 1032.0, 1037.0, 1044.0, 1050.0, 1053.0, 1065.0, 1062.0, 1067.0, 1071.0, 1074.0, 1082.0, 1091.0, 1100.0, 1101.0, 1113.0, 1108.0, 1111.0, 1117.0, 1125.0, 1126.0, 1134.0, 1104.0, 1113.0, 1120.0, 1120.0, 1119.0, 1106.0, 1111.0, 1118.0, 1102.0, 1102.0, 1102.0, 1127.0, 1146.0, 1146.0, 1147.0, 1150.0, 1146.0, 1118.0, 1121.0, 1105.0, 1126.0, 1142.0, 1142.0, 1126.0, 1140.0, 1154.0, 1166.0, 1167.0, 1181.0, 1199.0, 1199.0, 1205.0, 1213.0, 1215.0, 1218.0, 1229.0, 1239.0, 1250.0, 1257.0, 1257.0, 1265.0, 1279.0, 1274.0, 1264.0, 1278.0, 1271.0, 1271.0, 1284.0, 1295.0, 1305.0, 1315.0, 1324.0, 1324.0, 1329.0, 1322.0, 1333.0, 1339.0, 1344.0, 1350.0, 1354.0, 1353.0, 1359.0, 1366.0, 1373.0, 1379.0, 1387.0, 1387.0, 1395.0, 1428.0, 1428.0, 1458.0, 1453.0, 1471.0, 1490.0, 1490.0, 1502.0, 1502.0, 1494.0, 1506.0, 1524.0, 1526.0, 1497.0, 1509.0, 1517.0, 1520.0, 1527.0, 1517.0, 1517.0, 1539.0, 1535.0, 1533.0, 1532.0, 1562.0, 1554.0, 1562.0, 1545.0, 1553.0, 1567.0, 1560.0, 1568.0, 1568.0, 1586.0, 1593.0, 1597.0, 1608.0, 1605.0, 1596.0, 1608.0, 1585.0, 1605.0, 1599.0, 1614.0, 1612.0, 1619.0, 1620.0, 1630.0, 1610.0, 1629.0, 1633.0, 1634.0, 1648.0, 1629.0, 1648.0, 1643.0, 1662.0, 1662.0, 1652.0, 1670.0, 1689.0, 1674.0, 1669.0, 1676.0, 1684.0, 1684.0, 1696.0, 1697.0, 1699.0, 1701.0, 1707.0, 1702.0, 1698.0, 1703.0, 1704.0, 1704.0, 1713.0, 1709.0, 1720.0, 1718.0, 1719.0, 1716.0, 1720.0, 1719.0, 1711.0, 1738.0, 1738.0, 1710.0, 1729.0, 1731.0, 1734.0, 1738.0, 1737.0, 1736.0, 1738.0, 1725.0, 1749.0, 1744.0, 1761.0, 1761.0, 1771.0, 1766.0, 1758.0, 1747.0, 1751.0, 1765.0, 1774.0, 1776.0, 1788.0, 1793.0, 1787.0, 1786.0, 1796.0, 1787.0, 1786.0, 1792.0, 1792.0, 1777.0, 1782.0, 1787.0, 1799.0, 1808.0, 1807.0, 1773.0, 1773.0, 1789.0, 1782.0, 1793.0, 1793.0, 1771.0, 1771.0, 1803.0, 1799.0, 1773.0, 1782.0, 1784.0, 1772.0, 1775.0, 1754.0, 1770.0, 1785.0, 1787.0, 1774.0, 1778.0, 1778.0, 1793.0, 1792.0, 1748.0, 1758.0, 1754.0, 1761.0, 1754.0, 1754.0, 1762.0, 1757.0, 1751.0, 1739.0, 1744.0, 1746.0, 1748.0, 1748.0, 1740.0, 1733.0, 1731.0, 1731.0, 1731.0, 1734.0, 1735.0, 1729.0, 1722.0, 1722.0, 1720.0, 1698.0, 1706.0, 1731.0, 1709.0, 1709.0, 1720.0, 1706.0, 1714.0, 1703.0, 1686.0, 1685.0, 1685.0, 1688.0, 1685.0, 1680.0, 1686.0, 1680.0, 1659.0, 1658.0, 1667.0, 1667.0, 1659.0, 1634.0, 1634.0, 1644.0, 1643.0, 1666.0, 1666.0, 1656.0, 1621.0, 1631.0, 1631.0, 1655.0, 1644.0, 1614.0, 1605.0, 1605.0, 1620.0, 1616.0, 1603.0, 1582.0, 1590.0, 1579.0, 1585.0, 1600.0, 1600.0, 1590.0, 1586.0, 1583.0, 1583.0, 1578.0, 1577.0, 1597.0, 1583.0, 1562.0, 1561.0, 1557.0, 1559.0, 1561.0, 1540.0, 1540.0, 1544.0, 1527.0, 1527.0, 1522.0, 1527.0, 1518.0, 1529.0, 1506.0, 1496.0, 1494.0, 1495.0, 1470.0, 1470.0, 1494.0, 1471.0, 1469.0, 1477.0, 1465.0, 1465.0, 1468.0, 1471.0, 1468.0, 1468.0, 1455.0, 1443.0, 1439.0, 1443.0, 1436.0, 1431.0, 1428.0, 1417.0, 1422.0, 1422.0, 1420.0, 1409.0, 1408.0, 1394.0, 1416.0, 1409.0, 1376.0, 1374.0, 1370.0, 1388.0, 1380.0, 1363.0, 1375.0, 1382.0, 1382.0, 1325.0, 1311.0, 1301.0, 1307.0, 1318.0, 1315.0, 1315.0, 1315.0, 1297.0, 1283.0, 1284.0, 1284.0, 1294.0, 1266.0, 1295.0, 1286.0, 1264.0, 1262.0, 1246.0, 1246.0, 1252.0, 1262.0, 1262.0, 1255.0, 1249.0, 1236.0, 1236.0, 1239.0, 1239.0, 1239.0, 1245.0, 1244.0, 1233.0, 1234.0, 1230.0, 1222.0, 1228.0, 1219.0, 1217.0, 1215.0, 1214.0, 1214.0, 1221.0, 1206.0, 1206.0, 1192.0, 1193.0, 1193.0, 1207.0, 1185.0, 1193.0, 1192.0, 1191.0, 1190.0, 1204.0, 1179.0, 1179.0, 1188.0, 1198.0, 1200.0, 1198.0, 1198.0, 1203.0, 1198.0, 1185.0, 1183.0, 1184.0, 1175.0, 1185.0, 1181.0, 1177.0, 1177.0, 1182.0, 1187.0, 1174.0, 1174.0, 1174.0, 1190.0, 1172.0, 1175.0, 1179.0, 1207.0, 1197.0, 1199.0, 1191.0, 1183.0, 1176.0, 1210.0, 1203.0, 1207.0, 1208.0, 1201.0, 1208.0, 1199.0, 1209.0, 1213.0, 1213.0, 1218.0, 1219.0, 1219.0, 1216.0, 1221.0, 1246.0, 1246.0, 1252.0, 1228.0, 1232.0, 1233.0, 1246.0, 1231.0, 1236.0, 1232.0, 1238.0, 1239.0, 1233.0, 1250.0, 1229.0, 1240.0, 1264.0, 1253.0, 1259.0, 1250.0, 1260.0, 1250.0, 1250.0, 1253.0, 1253.0, 1246.0, 1255.0, 1260.0, 1269.0, 1270.0, 1280.0, 1285.0, 1284.0, 1289.0, 1296.0, 1293.0, 1301.0, 1297.0, 1308.0, 1308.0, 1308.0, 1313.0, 1311.0, 1309.0, 1316.0, 1312.0, 1327.0, 1326.0, 1311.0, 1327.0, 1311.0, 1312.0, 1318.0, 1320.0, 1329.0, 1324.0, 1343.0, 1332.0, 1340.0, 1343.0, 1338.0, 1334.0, 1380.0, 1370.0, 1357.0, 1357.0, 1355.0, 1357.0, 1357.0, 1365.0, 1374.0, 1376.0, 1368.0, 1373.0, 1378.0, 1376.0, 1384.0, 1374.0, 1380.0, 1372.0, 1371.0, 1370.0, 1366.0, 1365.0, 1361.0, 1363.0, 1372.0, 1367.0, 1363.0, 1364.0, 1364.0, 1372.0, 1363.0, 1354.0, 1368.0, 1371.0, 1385.0, 1386.0]