header: 
  seq: 2006
  stamp: 
    secs: 1548820807
    nsecs: 339150461
  frame_id: "base_link"
angle_min: -2.35619449615
angle_max: 2.35619449615
angle_increment: 0.00436332309619
time_increment: 1.73611151695e-05
scan_time: 0.0250000003725
range_min: 0.019999999553
range_max: 30.0
ranges: [0.2980000078678131, 0.30000001192092896, 0.29100000858306885, 0.2809999883174896, 0.27799999713897705, 0.2840000092983246, 0.2849999964237213, 0.2879999876022339, 0.289000004529953, 0.29100000858306885, 0.28700000047683716, 0.2720000147819519, 0.27000001072883606, 0.27399998903274536, 0.2680000066757202, 0.26100000739097595, 0.2590000033378601, 0.2540000081062317, 0.20999999344348907, 0.23499999940395355, 0.2280000001192093, 0.2639999985694885, 0.2639999985694885, 0.2619999945163727, 0.26499998569488525, 0.2669999897480011, 0.2549999952316284, 0.2529999911785126, 0.25200000405311584, 0.2669999897480011, 0.2669999897480011, 0.2639999985694885, 0.2639999985694885, 0.2680000066757202, 0.26600000262260437, 0.26499998569488525, 0.2639999985694885, 0.2669999897480011, 0.26600000262260437, 0.2630000114440918, 0.2630000114440918, 0.25600001215934753, 0.25699999928474426, 0.2590000033378601, 0.2590000033378601, 0.2590000033378601, 0.2619999945163727, 0.26100000739097595, 0.25699999928474426, 0.2590000033378601, 0.2630000114440918, 0.2639999985694885, 0.25600001215934753, 0.2529999911785126, 0.2540000081062317, 0.2540000081062317, 0.25099998712539673, 0.25600001215934753, 0.25999999046325684, 0.26100000739097595, 0.26100000739097595, 0.25999999046325684, 0.2590000033378601, 0.257999986410141, 0.2639999985694885, 0.2680000066757202, 0.2590000033378601, 0.25099998712539673, 0.2540000081062317, 0.2540000081062317, 0.25, 0.24699999392032623, 0.24699999392032623, 0.25200000405311584, 0.2540000081062317, 0.2529999911785126, 0.25200000405311584, 0.2529999911785126, 0.25200000405311584, 0.2529999911785126, 0.25600001215934753, 0.257999986410141, 0.25600001215934753, 0.25600001215934753, 0.25600001215934753, 0.257999986410141, 0.26100000739097595, 0.26499998569488525, 0.2540000081062317, 0.2549999952316284, 0.25600001215934753, 0.2549999952316284, 0.25600001215934753, 0.25699999928474426, 0.257999986410141, 0.2590000033378601, 0.2590000033378601, 0.2590000033378601, 0.2590000033378601, 0.257999986410141, 0.25999999046325684, 0.25600001215934753, 0.257999986410141, 0.257999986410141, 0.257999986410141, 0.2590000033378601, 0.25699999928474426, 0.26100000739097595, 0.2590000033378601, 0.25699999928474426, 0.2549999952316284, 0.2549999952316284, 0.25600001215934753, 0.2619999945163727, 0.25699999928474426, 0.25600001215934753, 0.25600001215934753, 0.2549999952316284, 0.2549999952316284, 0.2590000033378601, 0.2549999952316284, 0.2549999952316284, 0.2549999952316284, 0.25600001215934753, 0.2549999952316284, 0.2540000081062317, 0.25600001215934753, 0.2590000033378601, 0.257999986410141, 0.2540000081062317, 0.2540000081062317, 0.2549999952316284, 0.25600001215934753, 0.25699999928474426, 0.2720000147819519, 0.2720000147819519, 0.26499998569488525, 0.2639999985694885, 0.26499998569488525, 0.26899999380111694, 0.2669999897480011, 0.2680000066757202, 0.2680000066757202, 0.27300000190734863, 0.27399998903274536, 0.2770000100135803, 0.27900001406669617, 0.28999999165534973, 0.289000004529953, 0.28700000047683716, 0.28600001335144043, 0.2879999876022339, 0.29499998688697815, 0.29499998688697815, 0.3019999861717224, 0.30399999022483826, 0.3149999976158142, 0.3149999976158142, 0.31700000166893005, 0.3199999928474426, 0.3199999928474426, 0.32199999690055847, 0.3319999873638153, 0.3370000123977661, 0.33500000834465027, 0.33899998664855957, 0.34299999475479126, 0.3440000116825104, 0.35199999809265137, 0.35199999809265137, 0.3529999852180481, 0.3580000102519989, 0.3580000102519989, 0.3610000014305115, 0.37400001287460327, 0.375, 0.37599998712539673, 0.3790000081062317, 0.37599998712539673, 0.3869999945163727, 0.3919999897480011, 0.39899998903274536, 0.4009999930858612, 0.4099999964237213, 0.41499999165534973, 0.41999998688697815, 0.4269999861717224, 0.42800000309944153, 0.4429999887943268, 0.4480000138282776, 0.4490000009536743, 0.45500001311302185, 0.46700000762939453, 0.46700000762939453, 0.47999998927116394, 0.48100000619888306, 0.48100000619888306, 0.49399998784065247, 0.5019999742507935, 0.5099999904632568, 0.515999972820282, 0.5210000276565552, 0.5410000085830688, 0.5529999732971191, 0.5630000233650208, 0.5669999718666077, 0.5770000219345093, 0.5870000123977661, 0.5989999771118164, 0.609000027179718, 0.6259999871253967, 0.6430000066757202, 0.6489999890327454, 0.6650000214576721, 0.6779999732971191, 0.7009999752044678, 0.7020000219345093, 0.7229999899864197, 0.7429999709129333, 0.7590000033378601, 0.7789999842643738, 0.7990000247955322, 0.8240000009536743, 0.8489999771118164, 0.8629999756813049, 0.8920000195503235, 0.9169999957084656, 0.9380000233650208, 0.9810000061988831, 1.0149999856948853, 1.062999963760376, 1.121000051498413, 1.2719999551773071, 1.6859999895095825, 2.2019999027252197, 2.2009999752044678, 2.2019999027252197, 2.197000026702881, 2.197000026702881, 2.197999954223633, 2.194000005722046, 2.183000087738037, 2.187000036239624, 2.187000036239624, 2.178999900817871, 2.1730000972747803, 2.1659998893737793, 2.1619999408721924, 2.1540000438690186, 2.1530001163482666, 2.1559998989105225, 2.1500000953674316, 2.1410000324249268, 2.138000011444092, 2.134000062942505, 2.128000020980835, 2.128000020980835, 2.125, 2.121000051498413, 2.114000082015991, 2.111999988555908, 2.11299991607666, 2.114000082015991, 2.109999895095825, 2.1089999675750732, 2.1050000190734863, 2.1010000705718994, 2.0980000495910645, 2.0969998836517334, 2.0959999561309814, 2.0899999141693115, 2.0889999866485596, 2.0899999141693115, 2.0910000801086426, 2.0840001106262207, 2.0820000171661377, 2.078000068664551, 2.0739998817443848, 2.063999891281128, 2.065000057220459, 2.065999984741211, 2.072000026702881, 2.069999933242798, 2.061000108718872, 2.049999952316284, 2.0490000247955322, 2.049999952316284, 2.0420000553131104, 2.0399999618530273, 2.0390000343322754, 2.0339999198913574, 2.0309998989105225, 2.0309998989105225, 2.0260000228881836, 2.0280001163482666, 2.0209999084472656, 2.0199999809265137, 2.0179998874664307, 2.01200008392334, 2.0, 1.9989999532699585, 1.9980000257492065, 1.9859999418258667, 1.9859999418258667, 1.99399995803833, 1.99399995803833, 1.9880000352859497, 1.9830000400543213, 1.965999960899353, 1.9620000123977661, 1.9570000171661377, 1.9579999446868896, 1.9520000219345093, 1.9479999542236328, 1.9500000476837158, 1.9390000104904175, 1.930999994277954, 1.9240000247955322, 1.9160000085830688, 1.9119999408721924, 1.9110000133514404, 1.909000039100647, 1.8960000276565552, 1.8940000534057617, 1.8919999599456787, 1.878000020980835, 1.871999979019165, 1.8680000305175781, 1.8680000305175781, 1.8680000305175781, 1.8580000400543213, 1.8519999980926514, 1.843999981880188, 1.843000054359436, 1.8359999656677246, 1.8359999656677246, 1.8140000104904175, 1.809999942779541, 1.809999942779541, 1.8109999895095825, 1.805999994277954, 1.7899999618530273, 1.781000018119812, 1.7710000276565552, 1.7569999694824219, 1.7549999952316284, 1.7489999532699585, 1.7489999532699585, 1.7410000562667847, 1.7309999465942383, 1.718000054359436, 1.7070000171661377, 1.7059999704360962, 1.7100000381469727, 1.7059999704360962, 1.6959999799728394, 1.684000015258789, 1.6759999990463257, 1.6619999408721924, 1.6629999876022339, 1.6460000276565552, 1.6390000581741333, 1.6360000371932983, 1.6339999437332153, 1.6080000400543213, 1.6050000190734863, 1.5989999771118164, 1.5950000286102295, 1.5859999656677246, 1.5729999542236328, 1.569000005722046, 1.5520000457763672, 1.5449999570846558, 1.5399999618530273, 1.5230000019073486, 1.5140000581741333, 1.5110000371932983, 1.503000020980835, 1.4950000047683716, 1.4869999885559082, 1.4769999980926514, 1.4709999561309814, 1.4670000076293945, 1.4589999914169312, 1.444000005722046, 1.4320000410079956, 1.4249999523162842, 1.4110000133514404, 1.3990000486373901, 1.3899999856948853, 1.3799999952316284, 1.36899995803833, 1.3589999675750732, 1.3489999771118164, 1.343000054359436, 1.3329999446868896, 1.3309999704360962, 1.319000005722046, 1.309000015258789, 1.3020000457763672, 1.2869999408721924, 1.281999945640564, 1.2730000019073486, 1.2660000324249268, 1.2549999952316284, 1.253000020980835, 1.2410000562667847, 1.2350000143051147, 1.2359999418258667, 1.2239999771118164, 1.218000054359436, 1.215999960899353, 1.2020000219345093, 1.1979999542236328, 1.1779999732971191, 1.1770000457763672, 1.1749999523162842, 1.1649999618530273, 1.156999945640564, 1.1549999713897705, 1.1490000486373901, 1.1360000371932983, 1.128000020980835, 1.125, 1.1160000562667847, 1.1139999628067017, 1.0989999771118164, 1.0959999561309814, 1.0920000076293945, 1.0920000076293945, 1.0920000076293945, 1.090999960899353, 1.0880000591278076, 1.0750000476837158, 1.0759999752044678, 1.0679999589920044, 1.0740000009536743, 1.065999984741211, 1.0700000524520874, 1.0520000457763672, 1.0429999828338623, 1.0369999408721924, 1.0369999408721924, 1.0369999408721924, 1.034000039100647, 1.034000039100647, 1.031000018119812, 1.0180000066757202, 1.0149999856948853, 0.9980000257492065, 0.9990000128746033, 0.9990000128746033, 1.0110000371932983, 1.00600004196167, 0.9919999837875366, 0.9860000014305115, 0.9779999852180481, 0.9810000061988831, 0.9750000238418579, 0.9760000109672546, 0.9769999980926514, 0.9710000157356262, 0.9700000286102295, 0.9670000076293945, 0.9549999833106995, 0.9490000009536743, 0.949999988079071, 0.9520000219345093, 0.9470000267028809, 0.9409999847412109, 0.9359999895095825, 0.9359999895095825, 0.9330000281333923, 0.9369999766349792, 0.9359999895095825, 0.9340000152587891, 0.9279999732971191, 0.9200000166893005, 0.9139999747276306, 0.9100000262260437, 0.9079999923706055, 0.9079999923706055, 0.9100000262260437, 0.9039999842643738, 0.902999997138977, 0.9010000228881836, 0.8980000019073486, 0.8930000066757202, 0.8899999856948853, 0.8849999904632568, 0.8849999904632568, 0.8849999904632568, 0.8840000033378601, 0.8769999742507935, 0.8759999871253967, 0.8730000257492065, 0.8730000257492065, 0.8740000128746033, 0.8740000128746033, 0.8730000257492065, 0.871999979019165, 0.8610000014305115, 0.8600000143051147, 0.8519999980926514, 0.8519999980926514, 0.8500000238418579, 0.8500000238418579, 0.8510000109672546, 0.8560000061988831, 0.8460000157356262, 0.847000002861023, 0.847000002861023, 0.8399999737739563, 0.8349999785423279, 0.8339999914169312, 0.8330000042915344, 0.8339999914169312, 0.8339999914169312, 0.8349999785423279, 0.8320000171661377, 0.8270000219345093, 0.824999988079071, 0.8230000138282776, 0.8230000138282776, 0.8230000138282776, 0.824999988079071, 0.8230000138282776, 0.8220000267028809, 0.8180000185966492, 0.8180000185966492, 0.8180000185966492, 0.8119999766349792, 0.8100000023841858, 0.8080000281333923, 0.8080000281333923, 0.8080000281333923, 0.8050000071525574, 0.800000011920929, 0.800000011920929, 0.8029999732971191, 0.8069999814033508, 0.8040000200271606, 0.7979999780654907, 0.7940000295639038, 0.7919999957084656, 0.7929999828338623, 0.7919999957084656, 0.7940000295639038, 0.796999990940094, 0.7979999780654907, 0.7940000295639038, 0.7860000133514404, 0.7860000133514404, 0.7860000133514404, 0.7889999747276306, 0.7860000133514404, 0.7829999923706055, 0.781000018119812, 0.7789999842643738, 0.7799999713897705, 0.7799999713897705, 0.7789999842643738, 0.7799999713897705, 0.777999997138977, 0.7770000100135803, 0.7739999890327454, 0.7739999890327454, 0.7720000147819519, 0.7730000019073486, 0.765999972820282, 0.7670000195503235, 0.7649999856948853, 0.7710000276565552, 0.7730000019073486, 0.765999972820282, 0.7620000243186951, 0.7699999809265137, 0.7699999809265137, 0.7710000276565552, 0.7720000147819519, 0.7710000276565552, 0.765999972820282, 0.7599999904632568, 0.7599999904632568, 0.7609999775886536, 0.7609999775886536, 0.7630000114440918, 0.7670000195503235, 0.7680000066757202, 0.7670000195503235, 0.7649999856948853, 0.7580000162124634, 0.7540000081062317, 0.7519999742507935, 0.7549999952316284, 0.7540000081062317, 0.7549999952316284, 0.7559999823570251, 0.7639999985694885, 0.7580000162124634, 0.7549999952316284, 0.7540000081062317, 0.7559999823570251, 0.7580000162124634, 0.7609999775886536, 0.7599999904632568, 0.7590000033378601, 0.7590000033378601, 0.7559999823570251, 0.753000020980835, 0.753000020980835, 0.7570000290870667, 0.7509999871253967, 0.7509999871253967, 0.7490000128746033, 0.753000020980835, 0.7509999871253967, 0.7509999871253967, 0.7509999871253967, 0.7549999952316284, 0.7549999952316284, 0.7509999871253967, 0.753000020980835, 0.7490000128746033, 0.7490000128746033, 0.75, 0.7519999742507935, 0.75, 0.7459999918937683, 0.7459999918937683, 0.7459999918937683, 0.7459999918937683, 0.7480000257492065, 0.746999979019165, 0.746999979019165, 0.7409999966621399, 0.7429999709129333, 0.7459999918937683, 0.7459999918937683, 0.7440000176429749, 0.7480000257492065, 0.7440000176429749, 0.7440000176429749, 0.7409999966621399, 0.7379999756813049, 0.7409999966621399, 0.7429999709129333, 0.7429999709129333, 0.7369999885559082, 0.7369999885559082, 0.7379999756813049, 0.7419999837875366, 0.7429999709129333, 0.7409999966621399, 0.7369999885559082, 0.7369999885559082, 0.7379999756813049, 0.7440000176429749, 0.7369999885559082, 0.7350000143051147, 0.7440000176429749, 0.7440000176429749, 0.7390000224113464, 0.7429999709129333, 0.7350000143051147, 0.7360000014305115, 0.734000027179718, 0.7319999933242798, 0.7329999804496765, 0.7310000061988831, 0.7319999933242798, 0.7319999933242798, 0.7319999933242798, 0.7319999933242798, 0.7319999933242798, 0.7310000061988831, 0.7310000061988831, 0.7289999723434448, 0.7260000109672546, 0.7329999804496765, 0.734000027179718, 0.734000027179718, 0.7300000190734863, 0.7329999804496765, 0.7300000190734863, 0.7229999899864197, 0.7229999899864197, 0.7289999723434448, 0.7310000061988831, 0.7289999723434448, 0.7289999723434448, 0.7250000238418579, 0.7289999723434448, 0.7260000109672546, 0.7269999980926514, 0.7269999980926514, 0.7260000109672546, 0.7260000109672546, 0.7210000157356262, 0.7210000157356262, 0.722000002861023, 0.722000002861023, 0.722000002861023, 0.722000002861023, 0.722000002861023, 0.7200000286102295, 0.718999981880188, 0.7229999899864197, 0.7229999899864197, 0.722000002861023, 0.718999981880188, 0.7179999947547913, 0.718999981880188, 0.7179999947547913, 0.7129999995231628, 0.7179999947547913, 0.7170000076293945, 0.7160000205039978, 0.7210000157356262, 0.7210000157356262, 0.722000002861023, 0.7250000238418579, 0.7200000286102295, 0.718999981880188, 0.718999981880188, 0.7179999947547913, 0.7179999947547913, 0.7179999947547913, 0.7179999947547913, 0.718999981880188, 0.718999981880188, 0.7139999866485596, 0.7099999785423279, 0.7160000205039978, 0.7120000123977661, 0.7120000123977661, 0.7070000171661377, 0.7120000123977661, 0.7120000123977661, 0.7179999947547913, 0.7179999947547913, 0.7139999866485596, 0.7110000252723694, 0.7110000252723694, 0.7120000123977661, 0.7089999914169312, 0.7099999785423279, 0.7099999785423279, 0.7099999785423279, 0.7139999866485596, 0.718999981880188, 0.7129999995231628, 0.7049999833106995, 0.7080000042915344, 0.7129999995231628, 0.7120000123977661, 0.7129999995231628, 0.7129999995231628, 0.7070000171661377, 0.7070000171661377, 0.7099999785423279, 0.7149999737739563, 0.7200000286102295, 0.7149999737739563, 0.7120000123977661, 0.7129999995231628, 0.7170000076293945, 0.7160000205039978, 0.7170000076293945, 0.718999981880188, 0.718999981880188, 0.7089999914169312, 0.7110000252723694, 0.7149999737739563, 0.7160000205039978, 0.7160000205039978, 0.7160000205039978, 0.7170000076293945, 0.7149999737739563, 0.7089999914169312, 0.7120000123977661, 0.7099999785423279, 0.7099999785423279, 0.7089999914169312, 0.7080000042915344, 0.7170000076293945, 0.7210000157356262, 0.7200000286102295, 0.7210000157356262, 0.7210000157356262, 0.7120000123977661, 0.7099999785423279, 0.7099999785423279, 0.7080000042915344, 0.7089999914169312, 0.7139999866485596, 0.7139999866485596, 0.7110000252723694, 0.7149999737739563, 0.7170000076293945, 0.7149999737739563, 0.7129999995231628, 0.7139999866485596, 0.7149999737739563, 0.7200000286102295, 0.7210000157356262, 0.7179999947547913, 0.7160000205039978, 0.7160000205039978, 0.7160000205039978, 0.7149999737739563, 0.7170000076293945, 0.7200000286102295, 0.7149999737739563, 0.7129999995231628, 0.7129999995231628, 0.7239999771118164, 0.7200000286102295, 0.7120000123977661, 0.7120000123977661, 0.7080000042915344, 0.7089999914169312, 0.7139999866485596, 0.7160000205039978, 0.7160000205039978, 0.7269999980926514, 0.718999981880188, 0.7160000205039978, 0.7160000205039978, 0.718999981880188, 0.7179999947547913, 0.718999981880188, 0.7160000205039978, 0.7149999737739563, 0.7160000205039978, 0.7170000076293945, 0.7200000286102295, 0.7139999866485596, 0.7139999866485596, 0.7139999866485596, 0.7179999947547913, 0.7269999980926514, 0.7250000238418579, 0.7239999771118164, 0.7239999771118164, 0.7250000238418579, 0.7239999771118164, 0.7239999771118164, 0.7260000109672546, 0.7260000109672546, 0.7279999852180481, 0.7250000238418579, 0.7229999899864197, 0.718999981880188, 0.7200000286102295, 0.7229999899864197, 0.7250000238418579, 0.7250000238418579, 0.7319999933242798, 0.7279999852180481, 0.7260000109672546, 0.718999981880188, 0.7210000157356262, 0.7229999899864197, 0.7289999723434448, 0.7289999723434448, 0.7300000190734863, 0.7329999804496765, 0.7350000143051147, 0.7379999756813049, 0.7289999723434448, 0.7210000157356262, 0.7239999771118164, 0.7269999980926514, 0.7289999723434448, 0.7289999723434448, 0.7300000190734863, 0.7379999756813049, 0.7400000095367432, 0.7419999837875366, 0.7369999885559082, 0.7350000143051147, 0.7329999804496765, 0.7369999885559082, 0.7369999885559082, 0.7360000014305115, 0.7300000190734863, 0.7300000190734863, 0.7329999804496765, 0.7289999723434448, 0.7310000061988831, 0.7289999723434448, 0.7279999852180481, 0.7310000061988831, 0.7409999966621399, 0.734000027179718, 0.7300000190734863, 0.734000027179718, 0.7390000224113464, 0.7409999966621399, 0.7379999756813049, 0.7379999756813049, 0.734000027179718, 0.7360000014305115, 0.7409999966621399, 0.7409999966621399, 0.7409999966621399, 0.7409999966621399, 0.7379999756813049, 0.7360000014305115, 0.7329999804496765, 0.7360000014305115, 0.7429999709129333, 0.7509999871253967, 0.7490000128746033, 0.7360000014305115, 0.7369999885559082, 0.7409999966621399, 0.7480000257492065, 0.7509999871253967, 0.7490000128746033, 0.7459999918937683, 0.7480000257492065, 0.7490000128746033, 0.7490000128746033, 0.746999979019165, 0.7440000176429749, 0.7459999918937683, 0.7480000257492065, 0.7480000257492065, 0.7540000081062317, 0.753000020980835, 0.7480000257492065, 0.7459999918937683, 0.7400000095367432, 0.7400000095367432, 0.746999979019165, 0.7490000128746033, 0.753000020980835, 0.7540000081062317, 0.7519999742507935, 0.7490000128746033, 0.7519999742507935, 0.7630000114440918, 0.7559999823570251, 0.7590000033378601, 0.7609999775886536, 0.7570000290870667, 0.7570000290870667, 0.7540000081062317, 0.7590000033378601, 0.7609999775886536, 0.7580000162124634, 0.7559999823570251, 0.7549999952316284, 0.7559999823570251, 0.7590000033378601, 0.7559999823570251, 0.7549999952316284, 0.7570000290870667, 0.7680000066757202, 0.7620000243186951, 0.7570000290870667, 0.7590000033378601, 0.7609999775886536, 0.7590000033378601, 0.7609999775886536, 0.7620000243186951, 0.7649999856948853, 0.7639999985694885, 0.765999972820282, 0.7670000195503235, 0.7689999938011169, 0.7760000228881836, 0.7739999890327454, 0.7699999809265137, 0.7699999809265137, 0.7680000066757202, 0.7710000276565552, 0.7699999809265137, 0.7670000195503235, 0.7689999938011169, 0.7749999761581421, 0.7720000147819519, 0.7749999761581421, 0.7739999890327454, 0.7739999890327454, 0.7730000019073486, 0.7730000019073486, 0.7689999938011169, 0.7739999890327454, 0.7739999890327454, 0.7760000228881836, 0.7749999761581421, 0.7749999761581421, 0.7900000214576721, 0.7910000085830688, 0.777999997138977, 0.7689999938011169, 0.7680000066757202, 0.7730000019073486, 0.7770000100135803, 0.7820000052452087, 0.781000018119812, 0.781000018119812, 0.7870000004768372, 0.7879999876022339, 0.7879999876022339, 0.7820000052452087, 0.7829999923706055, 0.7799999713897705, 0.7789999842643738, 0.7760000228881836, 0.7789999842643738, 0.7789999842643738, 0.7799999713897705, 0.7789999842643738, 0.7770000100135803, 0.7749999761581421, 0.777999997138977, 0.7789999842643738, 0.777999997138977, 0.7749999761581421, 0.7710000276565552, 0.7699999809265137, 0.7710000276565552, 0.7730000019073486, 0.7770000100135803, 0.7799999713897705, 0.7639999985694885, 0.7670000195503235, 0.7710000276565552, 0.7710000276565552, 0.7689999938011169, 0.7680000066757202, 0.7710000276565552, 0.7739999890327454, 0.7749999761581421, 0.7789999842643738, 0.7789999842643738, 0.7789999842643738, 0.7770000100135803, 0.7749999761581421, 0.7749999761581421, 0.7789999842643738, 0.7789999842643738, 0.7770000100135803, 0.781000018119812, 0.7760000228881836, 0.7680000066757202, 0.7630000114440918, 0.7670000195503235, 0.7720000147819519, 0.7699999809265137, 0.7760000228881836, 0.7739999890327454, 0.7730000019073486, 0.7680000066757202, 0.7720000147819519, 0.7760000228881836, 0.7789999842643738, 0.7710000276565552, 0.7749999761581421, 0.7799999713897705, 0.7870000004768372, 0.7900000214576721, 0.7910000085830688, 0.7960000038146973, 0.8009999990463257, 0.8029999732971191, 0.8050000071525574, 0.8019999861717224, 0.8050000071525574, 0.8009999990463257, 0.8019999861717224, 0.8149999976158142, 0.8169999718666077, 0.8169999718666077, 0.8180000185966492, 0.8159999847412109, 0.8100000023841858]
intensities: [1039.0, 1106.0, 1097.0, 1140.0, 1148.0, 1196.0, 1215.0, 1251.0, 1260.0, 1258.0, 1246.0, 1234.0, 1239.0, 1187.0, 1129.0, 1086.0, 1062.0, 963.0, 784.0, 832.0, 825.0, 949.0, 962.0, 996.0, 1009.0, 1026.0, 1079.0, 1094.0, 1115.0, 1240.0, 1302.0, 1322.0, 1322.0, 1361.0, 1364.0, 1369.0, 1363.0, 1403.0, 1385.0, 1350.0, 1373.0, 1365.0, 1373.0, 1382.0, 1377.0, 1377.0, 1392.0, 1373.0, 1377.0, 1377.0, 1385.0, 1392.0, 1373.0, 1389.0, 1401.0, 1401.0, 1379.0, 1380.0, 1381.0, 1376.0, 1379.0, 1364.0, 1377.0, 1389.0, 1394.0, 1369.0, 1378.0, 1388.0, 1401.0, 1394.0, 1377.0, 1364.0, 1364.0, 1387.0, 1383.0, 1373.0, 1367.0, 1367.0, 1370.0, 1364.0, 1361.0, 1374.0, 1360.0, 1373.0, 1373.0, 1375.0, 1339.0, 1353.0, 1320.0, 1321.0, 1314.0, 1329.0, 1314.0, 1314.0, 1311.0, 1311.0, 1311.0, 1314.0, 1314.0, 1300.0, 1288.0, 1284.0, 1278.0, 1268.0, 1268.0, 1259.0, 1263.0, 1271.0, 1258.0, 1242.0, 1236.0, 1230.0, 1234.0, 1234.0, 1242.0, 1242.0, 1236.0, 1230.0, 1211.0, 1216.0, 1203.0, 1203.0, 1167.0, 1166.0, 1158.0, 1151.0, 1155.0, 1162.0, 1152.0, 1129.0, 1129.0, 1129.0, 1137.0, 1127.0, 1153.0, 1153.0, 1134.0, 1126.0, 1119.0, 1135.0, 1131.0, 1141.0, 1141.0, 1136.0, 1136.0, 1130.0, 1111.0, 1120.0, 1105.0, 1086.0, 1082.0, 1093.0, 1097.0, 1098.0, 1125.0, 1107.0, 1103.0, 1093.0, 1083.0, 1088.0, 1099.0, 1094.0, 1108.0, 1115.0, 1120.0, 1109.0, 1099.0, 1076.0, 1094.0, 1094.0, 1096.0, 1082.0, 1082.0, 1089.0, 1082.0, 1084.0, 1092.0, 1105.0, 1085.0, 1097.0, 1074.0, 1070.0, 1063.0, 1060.0, 1065.0, 1049.0, 1070.0, 1057.0, 1073.0, 1062.0, 1060.0, 1067.0, 1064.0, 1064.0, 1064.0, 1045.0, 1045.0, 1062.0, 1056.0, 1069.0, 1073.0, 1071.0, 1067.0, 1075.0, 1067.0, 1071.0, 1065.0, 1052.0, 1049.0, 1044.0, 1042.0, 1030.0, 1038.0, 1041.0, 1031.0, 1044.0, 1028.0, 1033.0, 1029.0, 1032.0, 1000.0, 1019.0, 1040.0, 1044.0, 1036.0, 1025.0, 1012.0, 1000.0, 990.0, 1009.0, 1052.0, 1124.0, 1355.0, 1208.0, 977.0, 987.0, 987.0, 974.0, 974.0, 980.0, 982.0, 978.0, 980.0, 980.0, 989.0, 984.0, 990.0, 990.0, 996.0, 996.0, 997.0, 999.0, 998.0, 998.0, 1000.0, 1003.0, 1003.0, 1006.0, 1008.0, 1007.0, 1011.0, 1011.0, 1011.0, 1012.0, 1017.0, 1014.0, 1013.0, 1014.0, 1020.0, 1016.0, 1022.0, 1024.0, 1012.0, 1015.0, 1014.0, 1032.0, 1026.0, 1021.0, 1019.0, 1023.0, 1021.0, 1026.0, 1019.0, 1023.0, 1016.0, 1021.0, 1031.0, 1017.0, 1022.0, 1021.0, 1016.0, 1023.0, 1009.0, 1021.0, 1016.0, 1015.0, 1025.0, 1034.0, 1021.0, 1021.0, 1019.0, 1015.0, 1014.0, 1014.0, 1031.0, 1031.0, 1000.0, 1006.0, 1013.0, 1011.0, 1011.0, 1018.0, 1024.0, 1017.0, 1016.0, 1011.0, 1020.0, 1014.0, 1009.0, 1002.0, 997.0, 1023.0, 1012.0, 1017.0, 1026.0, 1017.0, 1020.0, 1023.0, 1025.0, 1025.0, 1028.0, 1020.0, 1016.0, 1020.0, 1017.0, 1022.0, 1020.0, 1017.0, 1017.0, 1021.0, 1023.0, 1010.0, 1020.0, 1027.0, 1005.0, 1022.0, 1037.0, 1034.0, 1024.0, 1032.0, 1023.0, 1021.0, 1023.0, 1029.0, 1029.0, 1027.0, 1027.0, 1036.0, 1024.0, 1042.0, 1024.0, 1036.0, 1034.0, 1033.0, 1034.0, 1038.0, 1039.0, 1033.0, 1039.0, 1044.0, 1048.0, 1033.0, 1038.0, 1039.0, 1032.0, 1032.0, 1036.0, 1036.0, 1035.0, 1053.0, 1038.0, 1045.0, 1044.0, 1046.0, 1053.0, 1058.0, 1061.0, 1076.0, 1070.0, 1078.0, 1072.0, 1084.0, 1092.0, 1095.0, 1103.0, 1099.0, 1103.0, 1105.0, 1116.0, 1111.0, 1120.0, 1112.0, 1106.0, 1106.0, 1104.0, 1103.0, 1109.0, 1106.0, 1109.0, 1122.0, 1116.0, 1115.0, 1112.0, 1143.0, 1096.0, 1094.0, 1106.0, 1106.0, 1108.0, 1124.0, 1137.0, 1137.0, 1132.0, 1137.0, 1132.0, 1128.0, 1112.0, 1117.0, 1129.0, 1143.0, 1149.0, 1178.0, 1181.0, 1185.0, 1203.0, 1195.0, 1231.0, 1221.0, 1251.0, 1254.0, 1244.0, 1247.0, 1258.0, 1276.0, 1270.0, 1286.0, 1285.0, 1274.0, 1276.0, 1295.0, 1304.0, 1304.0, 1312.0, 1308.0, 1310.0, 1332.0, 1320.0, 1337.0, 1338.0, 1339.0, 1355.0, 1359.0, 1375.0, 1370.0, 1376.0, 1393.0, 1397.0, 1404.0, 1402.0, 1395.0, 1405.0, 1405.0, 1399.0, 1413.0, 1446.0, 1444.0, 1423.0, 1431.0, 1437.0, 1444.0, 1456.0, 1456.0, 1457.0, 1461.0, 1460.0, 1457.0, 1462.0, 1471.0, 1462.0, 1483.0, 1483.0, 1483.0, 1476.0, 1491.0, 1491.0, 1494.0, 1494.0, 1495.0, 1519.0, 1491.0, 1512.0, 1514.0, 1516.0, 1531.0, 1531.0, 1522.0, 1532.0, 1533.0, 1519.0, 1534.0, 1533.0, 1521.0, 1536.0, 1539.0, 1550.0, 1552.0, 1551.0, 1551.0, 1560.0, 1561.0, 1561.0, 1567.0, 1574.0, 1574.0, 1579.0, 1585.0, 1589.0, 1578.0, 1587.0, 1586.0, 1596.0, 1599.0, 1599.0, 1590.0, 1590.0, 1594.0, 1600.0, 1599.0, 1599.0, 1601.0, 1604.0, 1607.0, 1609.0, 1603.0, 1602.0, 1621.0, 1624.0, 1636.0, 1644.0, 1639.0, 1629.0, 1662.0, 1662.0, 1654.0, 1648.0, 1651.0, 1659.0, 1666.0, 1653.0, 1669.0, 1674.0, 1677.0, 1686.0, 1692.0, 1676.0, 1671.0, 1676.0, 1692.0, 1709.0, 1701.0, 1711.0, 1716.0, 1725.0, 1724.0, 1704.0, 1698.0, 1693.0, 1693.0, 1694.0, 1700.0, 1696.0, 1692.0, 1675.0, 1666.0, 1655.0, 1655.0, 1654.0, 1671.0, 1675.0, 1668.0, 1676.0, 1665.0, 1663.0, 1669.0, 1662.0, 1656.0, 1652.0, 1634.0, 1646.0, 1669.0, 1671.0, 1675.0, 1667.0, 1657.0, 1658.0, 1677.0, 1687.0, 1687.0, 1676.0, 1684.0, 1684.0, 1696.0, 1687.0, 1687.0, 1673.0, 1671.0, 1679.0, 1676.0, 1676.0, 1669.0, 1669.0, 1690.0, 1688.0, 1699.0, 1688.0, 1689.0, 1675.0, 1679.0, 1688.0, 1691.0, 1686.0, 1691.0, 1711.0, 1715.0, 1709.0, 1706.0, 1699.0, 1693.0, 1696.0, 1696.0, 1711.0, 1705.0, 1717.0, 1710.0, 1703.0, 1708.0, 1725.0, 1725.0, 1711.0, 1705.0, 1700.0, 1700.0, 1708.0, 1707.0, 1707.0, 1716.0, 1715.0, 1707.0, 1715.0, 1716.0, 1718.0, 1718.0, 1712.0, 1714.0, 1725.0, 1741.0, 1729.0, 1720.0, 1733.0, 1727.0, 1724.0, 1713.0, 1723.0, 1730.0, 1734.0, 1728.0, 1752.0, 1752.0, 1741.0, 1738.0, 1736.0, 1728.0, 1730.0, 1740.0, 1736.0, 1733.0, 1728.0, 1733.0, 1734.0, 1745.0, 1745.0, 1748.0, 1741.0, 1736.0, 1727.0, 1736.0, 1735.0, 1730.0, 1720.0, 1752.0, 1740.0, 1740.0, 1742.0, 1739.0, 1740.0, 1742.0, 1744.0, 1747.0, 1747.0, 1735.0, 1735.0, 1733.0, 1732.0, 1731.0, 1732.0, 1730.0, 1700.0, 1735.0, 1725.0, 1725.0, 1732.0, 1739.0, 1738.0, 1734.0, 1726.0, 1721.0, 1732.0, 1732.0, 1732.0, 1717.0, 1726.0, 1719.0, 1712.0, 1688.0, 1690.0, 1690.0, 1726.0, 1689.0, 1689.0, 1708.0, 1701.0, 1691.0, 1705.0, 1705.0, 1679.0, 1694.0, 1703.0, 1707.0, 1711.0, 1701.0, 1698.0, 1699.0, 1703.0, 1684.0, 1687.0, 1679.0, 1694.0, 1694.0, 1699.0, 1699.0, 1688.0, 1707.0, 1695.0, 1696.0, 1683.0, 1699.0, 1686.0, 1684.0, 1685.0, 1674.0, 1667.0, 1678.0, 1674.0, 1665.0, 1678.0, 1665.0, 1655.0, 1646.0, 1651.0, 1650.0, 1650.0, 1651.0, 1651.0, 1643.0, 1661.0, 1659.0, 1656.0, 1637.0, 1641.0, 1641.0, 1638.0, 1639.0, 1639.0, 1638.0, 1638.0, 1621.0, 1629.0, 1637.0, 1637.0, 1637.0, 1638.0, 1607.0, 1628.0, 1606.0, 1606.0, 1607.0, 1602.0, 1573.0, 1597.0, 1593.0, 1590.0, 1599.0, 1589.0, 1588.0, 1593.0, 1593.0, 1588.0, 1579.0, 1581.0, 1580.0, 1577.0, 1585.0, 1582.0, 1579.0, 1585.0, 1581.0, 1579.0, 1572.0, 1565.0, 1559.0, 1553.0, 1548.0, 1542.0, 1542.0, 1545.0, 1546.0, 1550.0, 1526.0, 1533.0, 1524.0, 1515.0, 1523.0, 1492.0, 1495.0, 1500.0, 1485.0, 1459.0, 1459.0, 1481.0, 1481.0, 1482.0, 1486.0, 1476.0, 1483.0, 1477.0, 1476.0, 1490.0, 1490.0, 1463.0, 1474.0, 1468.0, 1450.0, 1450.0, 1450.0, 1441.0, 1447.0, 1443.0, 1444.0, 1436.0, 1424.0, 1432.0, 1433.0, 1420.0, 1401.0, 1441.0, 1441.0, 1432.0, 1401.0, 1396.0, 1401.0, 1398.0, 1396.0, 1395.0, 1398.0, 1398.0, 1384.0, 1384.0, 1375.0, 1385.0, 1372.0, 1368.0, 1381.0, 1393.0, 1380.0, 1367.0, 1363.0, 1375.0, 1372.0, 1368.0, 1367.0, 1374.0, 1370.0, 1369.0, 1370.0, 1367.0, 1367.0, 1367.0, 1367.0, 1367.0, 1365.0, 1369.0, 1365.0, 1358.0, 1365.0, 1357.0, 1340.0, 1371.0, 1359.0, 1349.0, 1364.0, 1344.0, 1341.0, 1341.0, 1349.0, 1330.0, 1330.0, 1353.0, 1342.0, 1336.0, 1341.0, 1354.0, 1344.0, 1330.0, 1314.0, 1324.0, 1332.0, 1312.0, 1312.0, 1320.0, 1317.0, 1320.0, 1332.0, 1320.0, 1306.0, 1302.0, 1311.0, 1311.0, 1310.0, 1310.0, 1316.0, 1309.0, 1312.0, 1310.0, 1318.0, 1311.0, 1309.0, 1317.0, 1316.0, 1313.0, 1303.0, 1332.0, 1328.0, 1324.0, 1325.0, 1319.0, 1315.0, 1329.0, 1328.0, 1341.0, 1331.0, 1334.0, 1335.0, 1339.0, 1346.0, 1328.0, 1330.0, 1330.0, 1332.0, 1340.0, 1343.0, 1332.0, 1343.0, 1348.0, 1351.0, 1343.0, 1335.0, 1335.0, 1351.0, 1350.0, 1351.0, 1340.0, 1332.0, 1325.0, 1337.0, 1345.0, 1351.0, 1354.0, 1360.0, 1356.0, 1352.0, 1357.0, 1366.0, 1354.0, 1346.0, 1346.0, 1346.0, 1357.0, 1357.0, 1364.0, 1368.0, 1368.0, 1364.0, 1362.0, 1401.0, 1401.0, 1405.0, 1394.0, 1403.0, 1415.0, 1403.0, 1397.0, 1396.0, 1421.0, 1406.0, 1411.0, 1411.0, 1407.0, 1414.0, 1414.0, 1413.0, 1412.0, 1427.0, 1427.0, 1409.0, 1410.0, 1407.0, 1392.0, 1399.0, 1416.0, 1416.0, 1420.0, 1432.0, 1437.0, 1429.0, 1431.0, 1431.0, 1433.0, 1439.0, 1430.0, 1441.0, 1432.0, 1464.0, 1465.0, 1468.0, 1453.0, 1462.0, 1456.0, 1453.0, 1460.0, 1468.0, 1474.0, 1472.0, 1471.0, 1470.0, 1465.0, 1463.0, 1452.0, 1462.0, 1460.0, 1463.0, 1455.0, 1451.0, 1449.0, 1447.0, 1452.0, 1447.0, 1455.0, 1455.0, 1464.0, 1468.0, 1436.0]