header: 
  seq: 2594
  stamp: 
    secs: 1548820822
    nsecs:  65257485
  frame_id: "base_link"
angle_min: -2.35619449615
angle_max: 2.35619449615
angle_increment: 0.00436332309619
time_increment: 1.73611151695e-05
scan_time: 0.0250000003725
range_min: 0.019999999553
range_max: 30.0
ranges: [0.46700000762939453, 0.46700000762939453, 0.4950000047683716, 0.49399998784065247, 0.4659999907016754, 0.4620000123977661, 0.4519999921321869, 0.4490000009536743, 0.4309999942779541, 0.41600000858306885, 0.40799999237060547, 0.3869999945163727, 0.37400001287460327, 0.35899999737739563, 0.335999995470047, 0.31700000166893005, 0.296999990940094, 0.25099998712539673, 0.22300000488758087, 0.23999999463558197, 0.257999986410141, 0.2930000126361847, 0.2939999997615814, 0.3019999861717224, 0.30399999022483826, 0.3089999854564667, 0.3070000112056732, 0.30399999022483826, 0.289000004529953, 0.289000004529953, 0.30000001192092896, 0.29100000858306885, 0.2930000126361847, 0.2930000126361847, 0.2919999957084656, 0.29600000381469727, 0.30000001192092896, 0.2980000078678131, 0.28700000047683716, 0.28700000047683716, 0.28700000047683716, 0.28299999237060547, 0.2849999964237213, 0.28299999237060547, 0.28200000524520874, 0.2750000059604645, 0.2809999883174896, 0.2919999957084656, 0.2939999997615814, 0.289000004529953, 0.2770000100135803, 0.2750000059604645, 0.27900001406669617, 0.2849999964237213, 0.2840000092983246, 0.2770000100135803, 0.2759999930858612, 0.2759999930858612, 0.27399998903274536, 0.27399998903274536, 0.2750000059604645, 0.2750000059604645, 0.2770000100135803, 0.28200000524520874, 0.27799999713897705, 0.26899999380111694, 0.2709999978542328, 0.27300000190734863, 0.27300000190734863, 0.26499998569488525, 0.27000001072883606, 0.2669999897480011, 0.2770000100135803, 0.2720000147819519, 0.26600000262260437, 0.2639999985694885, 0.2639999985694885, 0.2630000114440918, 0.26499998569488525, 0.2720000147819519, 0.2720000147819519, 0.2669999897480011, 0.26499998569488525, 0.2639999985694885, 0.26600000262260437, 0.2669999897480011, 0.2669999897480011, 0.2669999897480011, 0.26600000262260437, 0.2709999978542328, 0.27000001072883606, 0.2720000147819519, 0.2720000147819519, 0.27000001072883606, 0.26499998569488525, 0.2630000114440918, 0.26600000262260437, 0.2630000114440918, 0.257999986410141, 0.25600001215934753, 0.2619999945163727, 0.2590000033378601, 0.2750000059604645, 0.2750000059604645, 0.2709999978542328, 0.2709999978542328, 0.2709999978542328, 0.2680000066757202, 0.257999986410141, 0.25600001215934753, 0.2619999945163727, 0.2639999985694885, 0.2709999978542328, 0.2709999978542328, 0.27000001072883606, 0.2680000066757202, 0.25999999046325684, 0.26499998569488525, 0.26499998569488525, 0.26499998569488525, 0.2709999978542328, 0.2709999978542328, 0.2680000066757202, 0.26899999380111694, 0.26899999380111694, 0.2669999897480011, 0.26600000262260437, 0.2630000114440918, 0.26600000262260437, 0.26600000262260437, 0.26499998569488525, 0.2639999985694885, 0.2639999985694885, 0.2709999978542328, 0.27000001072883606, 0.27000001072883606, 0.2669999897480011, 0.2720000147819519, 0.27300000190734863, 0.2709999978542328, 0.2680000066757202, 0.26899999380111694, 0.27000001072883606, 0.27900001406669617, 0.27900001406669617, 0.26899999380111694, 0.26899999380111694, 0.27399998903274536, 0.27300000190734863, 0.2750000059604645, 0.27300000190734863, 0.2720000147819519, 0.27399998903274536, 0.2759999930858612, 0.2759999930858612, 0.2759999930858612, 0.27300000190734863, 0.2770000100135803, 0.2770000100135803, 0.28200000524520874, 0.2879999876022339, 0.28700000047683716, 0.2919999957084656, 0.2930000126361847, 0.2930000126361847, 0.296999990940094, 0.2930000126361847, 0.29600000381469727, 0.30399999022483826, 0.30399999022483826, 0.3050000071525574, 0.3070000112056732, 0.3070000112056732, 0.3070000112056732, 0.3089999854564667, 0.3089999854564667, 0.31299999356269836, 0.31700000166893005, 0.3160000145435333, 0.3160000145435333, 0.31299999356269836, 0.32100000977516174, 0.32100000977516174, 0.3269999921321869, 0.3330000042915344, 0.3330000042915344, 0.328000009059906, 0.3319999873638153, 0.33500000834465027, 0.33899998664855957, 0.335999995470047, 0.33399999141693115, 0.33899998664855957, 0.3449999988079071, 0.3479999899864197, 0.3490000069141388, 0.3490000069141388, 0.3479999899864197, 0.3580000102519989, 0.3610000014305115, 0.36000001430511475, 0.36399999260902405, 0.3720000088214874, 0.3700000047683716, 0.36800000071525574, 0.375, 0.38100001215934753, 0.3840000033378601, 0.3889999985694885, 0.3840000033378601, 0.38600000739097595, 0.3880000114440918, 0.39399999380111694, 0.39800000190734863, 0.4009999930858612, 0.40400001406669617, 0.4059999883174896, 0.4169999957084656, 0.421999990940094, 0.4230000078678131, 0.421999990940094, 0.421999990940094, 0.4269999861717224, 0.4309999942779541, 0.43700000643730164, 0.4339999854564667, 0.4410000145435333, 0.4429999887943268, 0.45100000500679016, 0.4519999921321869, 0.4490000009536743, 0.4620000123977661, 0.4620000123977661, 0.46299999952316284, 0.46700000762939453, 0.47600001096725464, 0.47999998927116394, 0.48500001430511475, 0.4860000014305115, 0.49900001287460327, 0.5009999871253967, 0.5040000081062317, 0.5040000081062317, 0.5130000114440918, 0.5170000195503235, 0.5210000276565552, 0.5239999890327454, 0.5320000052452087, 0.5339999794960022, 0.5379999876022339, 0.5450000166893005, 0.5550000071525574, 0.5600000023841858, 0.5640000104904175, 0.5709999799728394, 0.5770000219345093, 0.5899999737739563, 0.5920000076293945, 0.593999981880188, 0.6019999980926514, 0.6140000224113464, 0.6299999952316284, 0.6269999742507935, 0.6320000290870667, 0.6380000114440918, 0.6480000019073486, 0.6629999876022339, 0.6729999780654907, 0.6769999861717224, 0.6859999895095825, 0.6959999799728394, 0.7059999704360962, 0.7250000238418579, 0.7310000061988831, 0.7369999885559082, 0.746999979019165, 0.7599999904632568, 0.7739999890327454, 0.7900000214576721, 0.8019999861717224, 0.8100000023841858, 0.8190000057220459, 0.8289999961853027, 0.8460000157356262, 0.8629999756813049, 0.8870000243186951, 0.890999972820282, 0.9070000052452087, 0.9200000166893005, 0.9539999961853027, 0.9559999704360962, 0.9909999966621399, 1.0269999504089355, 1.0870000123977661, 1.1720000505447388, 1.4950000047683716, 2.191999912261963, 2.190000057220459, 2.180999994277954, 2.1760001182556152, 2.171999931335449, 2.1630001068115234, 2.1579999923706055, 2.1549999713897705, 2.1440000534057617, 2.1429998874664307, 2.13700008392334, 2.128999948501587, 2.128000020980835, 2.121999979019165, 2.121000051498413, 2.115999937057495, 2.111999988555908, 2.1070001125335693, 2.1029999256134033, 2.1010000705718994, 2.0999999046325684, 2.0950000286102295, 2.0889999866485596, 2.0859999656677246, 2.0889999866485596, 2.0880000591278076, 2.0840001106262207, 2.078000068664551, 2.068000078201294, 2.061000108718872, 2.052000045776367, 2.049999952316284, 2.052999973297119, 2.0490000247955322, 2.052000045776367, 2.0420000553131104, 2.0390000343322754, 2.0329999923706055, 2.0320000648498535, 2.0320000648498535, 2.0250000953674316, 2.0280001163482666, 2.0230000019073486, 2.0160000324249268, 2.009000062942505, 2.009999990463257, 2.010999917984009, 2.010999917984009, 2.009000062942505, 2.003000020980835, 1.9919999837875366, 1.9889999628067017, 1.9889999628067017, 1.9809999465942383, 1.9759999513626099, 1.972000002861023, 1.9769999980926514, 1.9780000448226929, 1.9769999980926514, 1.9700000286102295, 1.9700000286102295, 1.965000033378601, 1.9600000381469727, 1.9539999961853027, 1.9470000267028809, 1.944000005722046, 1.940000057220459, 1.940000057220459, 1.934999942779541, 1.9290000200271606, 1.9329999685287476, 1.9299999475479126, 1.9259999990463257, 1.9240000247955322, 1.9160000085830688, 1.9140000343322754, 1.909000039100647, 1.9010000228881836, 1.8969999551773071, 1.8969999551773071, 1.8930000066757202, 1.8899999856948853, 1.8860000371932983, 1.8799999952316284, 1.8769999742507935, 1.8700000047683716, 1.8680000305175781, 1.8639999628067017, 1.8580000400543213, 1.8459999561309814, 1.840000033378601, 1.840000033378601, 1.8380000591278076, 1.8389999866485596, 1.8240000009536743, 1.8209999799728394, 1.815999984741211, 1.809000015258789, 1.809000015258789, 1.8009999990463257, 1.7970000505447388, 1.7899999618530273, 1.781000018119812, 1.781999945640564, 1.781000018119812, 1.7730000019073486, 1.7569999694824219, 1.746999979019165, 1.7480000257492065, 1.74399995803833, 1.7389999628067017, 1.7300000190734863, 1.7269999980926514, 1.7209999561309814, 1.7120000123977661, 1.7100000381469727, 1.7050000429153442, 1.6970000267028809, 1.687999963760376, 1.6820000410079956, 1.6720000505447388, 1.6690000295639038, 1.6640000343322754, 1.6579999923706055, 1.649999976158142, 1.6440000534057617, 1.6440000534057617, 1.6369999647140503, 1.6260000467300415, 1.61899995803833, 1.6130000352859497, 1.6089999675750732, 1.6019999980926514, 1.590999960899353, 1.5779999494552612, 1.5709999799728394, 1.5720000267028809, 1.5520000457763672, 1.5440000295639038, 1.5390000343322754, 1.5369999408721924, 1.5219999551773071, 1.5169999599456787, 1.5119999647140503, 1.50600004196167, 1.503999948501587, 1.496999979019165, 1.4830000400543213, 1.4700000286102295, 1.4609999656677246, 1.4600000381469727, 1.4490000009536743, 1.4429999589920044, 1.440000057220459, 1.4229999780654907, 1.4140000343322754, 1.4079999923706055, 1.4049999713897705, 1.3880000114440918, 1.3830000162124634, 1.3760000467300415, 1.3669999837875366, 1.3580000400543213, 1.340000033378601, 1.3359999656677246, 1.3229999542236328, 1.309999942779541, 1.2999999523162842, 1.284000039100647, 1.281000018119812, 1.2740000486373901, 1.2669999599456787, 1.2519999742507935, 1.25, 1.2410000562667847, 1.2280000448226929, 1.215999960899353, 1.2070000171661377, 1.2020000219345093, 1.1970000267028809, 1.190999984741211, 1.1790000200271606, 1.1720000505447388, 1.1679999828338623, 1.149999976158142, 1.1430000066757202, 1.1380000114440918, 1.1330000162124634, 1.1239999532699585, 1.1230000257492065, 1.1169999837875366, 1.1100000143051147, 1.1009999513626099, 1.0980000495910645, 1.0920000076293945, 1.0850000381469727, 1.0740000009536743, 1.069000005722046, 1.065999984741211, 1.0609999895095825, 1.0499999523162842, 1.0449999570846558, 1.0460000038146973, 1.0429999828338623, 1.0410000085830688, 1.0410000085830688, 1.0269999504089355, 1.0240000486373901, 1.0149999856948853, 1.0099999904632568, 1.003999948501587, 1.0019999742507935, 1.0010000467300415, 0.9890000224113464, 0.9879999756813049, 0.9779999852180481, 0.9760000109672546, 0.972000002861023, 0.9739999771118164, 0.9679999947547913, 0.9649999737739563, 0.9649999737739563, 0.9570000171661377, 0.953000009059906, 0.949999988079071, 0.9480000138282776, 0.9449999928474426, 0.9359999895095825, 0.9369999766349792, 0.9319999814033508, 0.9290000200271606, 0.925000011920929, 0.9169999957084656, 0.9190000295639038, 0.9150000214576721, 0.9070000052452087, 0.902999997138977, 0.8970000147819519, 0.8939999938011169, 0.8930000066757202, 0.890999972820282, 0.8920000195503235, 0.8830000162124634, 0.8849999904632568, 0.8859999775886536, 0.878000020980835, 0.878000020980835, 0.8740000128746033, 0.8709999918937683, 0.8679999709129333, 0.8659999966621399, 0.8600000143051147, 0.8600000143051147, 0.8510000109672546, 0.8489999771118164, 0.8489999771118164, 0.8500000238418579, 0.8479999899864197, 0.8489999771118164, 0.847000002861023, 0.8420000076293945, 0.8360000252723694, 0.8330000042915344, 0.8330000042915344, 0.8309999704360962, 0.8289999961853027, 0.8220000267028809, 0.824999988079071, 0.8190000057220459, 0.8169999718666077, 0.8059999942779541, 0.796999990940094, 0.796999990940094, 0.800000011920929, 0.8059999942779541, 0.8029999732971191, 0.7919999957084656, 0.7919999957084656, 0.8019999861717224, 0.8029999732971191, 0.7960000038146973, 0.7900000214576721, 0.7839999794960022, 0.7829999923706055, 0.781000018119812, 0.7720000147819519, 0.7710000276565552, 0.7760000228881836, 0.7760000228881836, 0.7689999938011169, 0.7639999985694885, 0.7630000114440918, 0.7649999856948853, 0.7649999856948853, 0.7670000195503235, 0.7599999904632568, 0.7549999952316284, 0.7559999823570251, 0.7559999823570251, 0.7580000162124634, 0.7590000033378601, 0.7570000290870667, 0.7480000257492065, 0.7429999709129333, 0.7409999966621399, 0.7429999709129333, 0.7429999709129333, 0.7429999709129333, 0.7419999837875366, 0.7400000095367432, 0.734000027179718, 0.734000027179718, 0.7369999885559082, 0.7379999756813049, 0.7329999804496765, 0.7319999933242798, 0.7279999852180481, 0.7279999852180481, 0.7300000190734863, 0.7279999852180481, 0.7260000109672546, 0.7250000238418579, 0.7229999899864197, 0.718999981880188, 0.7170000076293945, 0.7179999947547913, 0.7210000157356262, 0.7200000286102295, 0.7149999737739563, 0.7080000042915344, 0.7110000252723694, 0.7160000205039978, 0.7129999995231628, 0.7110000252723694, 0.7170000076293945, 0.718999981880188, 0.7160000205039978, 0.7139999866485596, 0.7099999785423279, 0.7120000123977661, 0.7070000171661377, 0.7070000171661377, 0.7089999914169312, 0.7080000042915344, 0.703000009059906, 0.699999988079071, 0.703000009059906, 0.7070000171661377, 0.7049999833106995, 0.7049999833106995, 0.7039999961853027, 0.7020000219345093, 0.703000009059906, 0.703000009059906, 0.699999988079071, 0.6959999799728394, 0.6970000267028809, 0.699999988079071, 0.703000009059906, 0.699999988079071, 0.6970000267028809, 0.6970000267028809, 0.6959999799728394, 0.6970000267028809, 0.6990000009536743, 0.6959999799728394, 0.6959999799728394, 0.6930000185966492, 0.6859999895095825, 0.6830000281333923, 0.6880000233650208, 0.6880000233650208, 0.6840000152587891, 0.6869999766349792, 0.6899999976158142, 0.6909999847412109, 0.6919999718666077, 0.6880000233650208, 0.6859999895095825, 0.6869999766349792, 0.6880000233650208, 0.6880000233650208, 0.6869999766349792, 0.6869999766349792, 0.6880000233650208, 0.6890000104904175, 0.6909999847412109, 0.6869999766349792, 0.6859999895095825, 0.6890000104904175, 0.6899999976158142, 0.6919999718666077, 0.6919999718666077, 0.6919999718666077, 0.6890000104904175, 0.6859999895095825, 0.6869999766349792, 0.6869999766349792, 0.6869999766349792, 0.6869999766349792, 0.6869999766349792, 0.6869999766349792, 0.6869999766349792, 0.6869999766349792, 0.6880000233650208, 0.6919999718666077, 0.6940000057220459, 0.6930000185966492, 0.6880000233650208, 0.6869999766349792, 0.6859999895095825, 0.6850000023841858, 0.6819999814033508, 0.6819999814033508, 0.6800000071525574, 0.6840000152587891, 0.6850000023841858, 0.6869999766349792, 0.6850000023841858, 0.6850000023841858, 0.6850000023841858, 0.6859999895095825, 0.6850000023841858, 0.6850000023841858, 0.6809999942779541, 0.6790000200271606, 0.6830000281333923, 0.6869999766349792, 0.6859999895095825, 0.6819999814033508, 0.6840000152587891, 0.6819999814033508, 0.6779999732971191, 0.6779999732971191, 0.6830000281333923, 0.6819999814033508, 0.6899999976158142, 0.6809999942779541, 0.6840000152587891, 0.6840000152587891, 0.6840000152587891, 0.6850000023841858, 0.6840000152587891, 0.6809999942779541, 0.6800000071525574, 0.6790000200271606, 0.6819999814033508, 0.6850000023841858, 0.6850000023841858, 0.6859999895095825, 0.6869999766349792, 0.6880000233650208, 0.6880000233650208, 0.6880000233650208, 0.6800000071525574, 0.6800000071525574, 0.6819999814033508, 0.6909999847412109, 0.6890000104904175, 0.6830000281333923, 0.6859999895095825, 0.6859999895095825, 0.6850000023841858, 0.6880000233650208, 0.6880000233650208, 0.6859999895095825, 0.6859999895095825, 0.6819999814033508, 0.6819999814033508, 0.6840000152587891, 0.6869999766349792, 0.6890000104904175, 0.6869999766349792, 0.6859999895095825, 0.6850000023841858, 0.6850000023841858, 0.6859999895095825, 0.6840000152587891, 0.6850000023841858, 0.6859999895095825, 0.6850000023841858, 0.6840000152587891, 0.6859999895095825, 0.6899999976158142, 0.6909999847412109, 0.6899999976158142, 0.6880000233650208, 0.6919999718666077, 0.6940000057220459, 0.6970000267028809, 0.6959999799728394, 0.6850000023841858, 0.6869999766349792, 0.6919999718666077, 0.6899999976158142, 0.6899999976158142, 0.6899999976158142, 0.6899999976158142, 0.6909999847412109, 0.6899999976158142, 0.6859999895095825, 0.6819999814033508, 0.6880000233650208, 0.6890000104904175, 0.6880000233650208, 0.6919999718666077, 0.6890000104904175, 0.6840000152587891, 0.6850000023841858, 0.6930000185966492, 0.6940000057220459, 0.6949999928474426, 0.6980000138282776, 0.699999988079071, 0.6990000009536743, 0.699999988079071, 0.6970000267028809, 0.6859999895095825, 0.6930000185966492, 0.6930000185966492, 0.699999988079071, 0.703000009059906, 0.6970000267028809, 0.6919999718666077, 0.6980000138282776, 0.6970000267028809, 0.6930000185966492, 0.6930000185966492, 0.6940000057220459, 0.6970000267028809, 0.703000009059906, 0.7009999752044678, 0.7009999752044678, 0.6980000138282776, 0.6980000138282776, 0.7009999752044678, 0.7009999752044678, 0.699999988079071, 0.6990000009536743, 0.6990000009536743, 0.6980000138282776, 0.6980000138282776, 0.6990000009536743, 0.7009999752044678, 0.699999988079071, 0.703000009059906, 0.7059999704360962, 0.7059999704360962, 0.7039999961853027, 0.7009999752044678, 0.699999988079071, 0.6980000138282776, 0.6970000267028809, 0.6970000267028809, 0.6980000138282776, 0.703000009059906, 0.7070000171661377, 0.7070000171661377, 0.7059999704360962, 0.7049999833106995, 0.7049999833106995, 0.7099999785423279, 0.7099999785423279, 0.7139999866485596, 0.7110000252723694, 0.7059999704360962, 0.7129999995231628, 0.7129999995231628, 0.7179999947547913, 0.7179999947547913, 0.7149999737739563, 0.7139999866485596, 0.7160000205039978, 0.7170000076293945, 0.7170000076293945, 0.7129999995231628, 0.7160000205039978, 0.7160000205039978, 0.7160000205039978, 0.7149999737739563, 0.7149999737739563, 0.718999981880188, 0.7139999866485596, 0.7149999737739563, 0.7149999737739563, 0.7149999737739563, 0.7139999866485596, 0.7160000205039978, 0.718999981880188, 0.7179999947547913, 0.718999981880188, 0.7170000076293945, 0.7170000076293945, 0.7210000157356262, 0.7250000238418579, 0.718999981880188, 0.7139999866485596, 0.718999981880188, 0.7260000109672546, 0.7239999771118164, 0.7250000238418579, 0.7210000157356262, 0.7260000109672546, 0.7250000238418579, 0.7250000238418579, 0.7250000238418579, 0.7250000238418579, 0.7239999771118164, 0.7250000238418579, 0.7250000238418579, 0.7269999980926514, 0.734000027179718, 0.7379999756813049, 0.7269999980926514, 0.7229999899864197, 0.7250000238418579, 0.7250000238418579, 0.7289999723434448, 0.734000027179718, 0.7329999804496765, 0.7329999804496765, 0.734000027179718, 0.7329999804496765, 0.7329999804496765, 0.734000027179718, 0.7360000014305115, 0.7310000061988831, 0.7279999852180481, 0.734000027179718, 0.7409999966621399, 0.7409999966621399, 0.7379999756813049, 0.7409999966621399, 0.7409999966621399, 0.7419999837875366, 0.7419999837875366, 0.7390000224113464, 0.7419999837875366, 0.7379999756813049, 0.7429999709129333, 0.7409999966621399, 0.7400000095367432, 0.7400000095367432, 0.7419999837875366, 0.7429999709129333, 0.7419999837875366, 0.7440000176429749, 0.7429999709129333, 0.7480000257492065, 0.7440000176429749, 0.7480000257492065, 0.7459999918937683, 0.746999979019165, 0.7490000128746033, 0.7480000257492065, 0.7480000257492065, 0.75, 0.7509999871253967, 0.7540000081062317, 0.7570000290870667, 0.7559999823570251, 0.7570000290870667, 0.7559999823570251, 0.7620000243186951, 0.7609999775886536, 0.7639999985694885, 0.765999972820282, 0.765999972820282, 0.7639999985694885, 0.7620000243186951, 0.7670000195503235, 0.7670000195503235, 0.7649999856948853, 0.7649999856948853, 0.7649999856948853, 0.7670000195503235, 0.7670000195503235, 0.7649999856948853, 0.765999972820282, 0.7689999938011169, 0.7770000100135803, 0.7749999761581421, 0.7710000276565552, 0.7680000066757202, 0.7680000066757202, 0.7670000195503235, 0.7689999938011169, 0.7749999761581421, 0.777999997138977, 0.7820000052452087, 0.7789999842643738, 0.777999997138977, 0.7770000100135803, 0.777999997138977, 0.7850000262260437, 0.7870000004768372, 0.7870000004768372, 0.7850000262260437, 0.781000018119812, 0.7839999794960022, 0.7860000133514404, 0.7870000004768372, 0.7889999747276306, 0.7879999876022339, 0.7879999876022339, 0.7910000085830688, 0.7960000038146973, 0.7950000166893005, 0.7929999828338623, 0.7919999957084656, 0.7919999957084656, 0.7929999828338623, 0.7950000166893005, 0.7940000295639038, 0.7950000166893005, 0.7929999828338623, 0.7889999747276306, 0.7879999876022339, 0.7900000214576721, 0.7870000004768372, 0.7860000133514404, 0.7879999876022339, 0.7879999876022339, 0.7889999747276306, 0.7900000214576721, 0.7850000262260437, 0.7870000004768372, 0.7900000214576721, 0.7900000214576721, 0.7870000004768372, 0.7860000133514404, 0.7839999794960022, 0.7900000214576721, 0.7799999713897705, 0.7820000052452087, 0.7770000100135803, 0.7870000004768372, 0.7860000133514404, 0.7870000004768372, 0.7860000133514404, 0.7900000214576721, 0.7879999876022339, 0.7879999876022339, 0.7850000262260437, 0.7929999828338623, 0.7919999957084656, 0.796999990940094, 0.7940000295639038, 0.7919999957084656, 0.796999990940094, 0.796999990940094, 0.7870000004768372, 0.7879999876022339, 0.7929999828338623, 0.7900000214576721, 0.7760000228881836, 0.7760000228881836, 0.7739999890327454, 0.7680000066757202, 0.7570000290870667, 0.7570000290870667, 0.7639999985694885, 0.7760000228881836, 0.7820000052452087, 0.7820000052452087, 0.7820000052452087, 0.7860000133514404, 0.7860000133514404, 0.7850000262260437, 0.7919999957084656, 0.796999990940094, 0.796999990940094, 0.796999990940094, 0.8009999990463257, 0.8029999732971191, 0.7990000247955322, 0.7960000038146973, 0.8069999814033508, 0.8109999895095825, 0.8080000281333923, 0.8119999766349792, 0.8090000152587891, 0.8040000200271606, 0.8040000200271606, 0.8040000200271606]
intensities: [838.0, 838.0, 912.0, 918.0, 935.0, 963.0, 992.0, 1032.0, 1093.0, 1105.0, 1121.0, 1106.0, 1091.0, 1068.0, 1036.0, 992.0, 938.0, 824.0, 748.0, 770.0, 807.0, 881.0, 902.0, 924.0, 942.0, 970.0, 1018.0, 1056.0, 1105.0, 1154.0, 1265.0, 1275.0, 1291.0, 1291.0, 1316.0, 1321.0, 1329.0, 1333.0, 1325.0, 1325.0, 1345.0, 1339.0, 1365.0, 1341.0, 1332.0, 1311.0, 1325.0, 1363.0, 1347.0, 1349.0, 1339.0, 1350.0, 1352.0, 1368.0, 1357.0, 1352.0, 1354.0, 1361.0, 1364.0, 1373.0, 1367.0, 1351.0, 1339.0, 1347.0, 1340.0, 1352.0, 1355.0, 1365.0, 1365.0, 1348.0, 1368.0, 1371.0, 1377.0, 1382.0, 1370.0, 1376.0, 1376.0, 1372.0, 1360.0, 1379.0, 1372.0, 1370.0, 1359.0, 1370.0, 1348.0, 1337.0, 1338.0, 1337.0, 1354.0, 1341.0, 1328.0, 1351.0, 1351.0, 1343.0, 1333.0, 1335.0, 1334.0, 1329.0, 1338.0, 1339.0, 1328.0, 1330.0, 1343.0, 1343.0, 1334.0, 1334.0, 1329.0, 1318.0, 1313.0, 1313.0, 1310.0, 1310.0, 1309.0, 1301.0, 1293.0, 1283.0, 1284.0, 1284.0, 1279.0, 1279.0, 1283.0, 1277.0, 1269.0, 1271.0, 1271.0, 1253.0, 1242.0, 1243.0, 1238.0, 1238.0, 1231.0, 1233.0, 1233.0, 1221.0, 1220.0, 1230.0, 1206.0, 1184.0, 1184.0, 1176.0, 1171.0, 1172.0, 1162.0, 1167.0, 1167.0, 1135.0, 1135.0, 1153.0, 1153.0, 1153.0, 1133.0, 1129.0, 1124.0, 1121.0, 1121.0, 1121.0, 1107.0, 1115.0, 1115.0, 1123.0, 1121.0, 1116.0, 1135.0, 1117.0, 1134.0, 1146.0, 1118.0, 1125.0, 1121.0, 1121.0, 1111.0, 1114.0, 1112.0, 1111.0, 1103.0, 1097.0, 1100.0, 1103.0, 1098.0, 1098.0, 1085.0, 1095.0, 1096.0, 1111.0, 1100.0, 1100.0, 1094.0, 1102.0, 1094.0, 1099.0, 1091.0, 1083.0, 1088.0, 1096.0, 1103.0, 1095.0, 1095.0, 1086.0, 1116.0, 1134.0, 1117.0, 1102.0, 1103.0, 1103.0, 1110.0, 1117.0, 1104.0, 1112.0, 1108.0, 1093.0, 1099.0, 1105.0, 1100.0, 1089.0, 1106.0, 1112.0, 1096.0, 1107.0, 1107.0, 1110.0, 1111.0, 1111.0, 1106.0, 1098.0, 1109.0, 1096.0, 1108.0, 1095.0, 1102.0, 1102.0, 1091.0, 1093.0, 1094.0, 1099.0, 1108.0, 1110.0, 1113.0, 1117.0, 1092.0, 1087.0, 1100.0, 1114.0, 1094.0, 1103.0, 1102.0, 1092.0, 1097.0, 1098.0, 1093.0, 1078.0, 1078.0, 1077.0, 1063.0, 1064.0, 1060.0, 1065.0, 1057.0, 1062.0, 1066.0, 1056.0, 1059.0, 1080.0, 1064.0, 1068.0, 1065.0, 1065.0, 1076.0, 1059.0, 1074.0, 1045.0, 1037.0, 1050.0, 1056.0, 1050.0, 1063.0, 1066.0, 1068.0, 1063.0, 1064.0, 1069.0, 1060.0, 1058.0, 1052.0, 1044.0, 1033.0, 1024.0, 1021.0, 1015.0, 1009.0, 1013.0, 1001.0, 1003.0, 1006.0, 1154.0, 1412.0, 1295.0, 977.0, 980.0, 981.0, 985.0, 992.0, 987.0, 989.0, 995.0, 994.0, 1003.0, 999.0, 997.0, 1006.0, 1003.0, 1010.0, 1009.0, 1012.0, 1015.0, 1001.0, 1015.0, 1020.0, 1015.0, 1020.0, 1013.0, 1024.0, 1024.0, 1027.0, 1021.0, 1021.0, 1022.0, 1018.0, 1016.0, 1016.0, 1014.0, 1035.0, 1023.0, 1033.0, 1027.0, 1041.0, 1038.0, 1033.0, 1052.0, 1044.0, 1045.0, 1048.0, 1052.0, 1046.0, 1043.0, 1048.0, 1043.0, 1036.0, 1047.0, 1045.0, 1047.0, 1065.0, 1048.0, 1052.0, 1051.0, 1052.0, 1055.0, 1056.0, 1053.0, 1051.0, 1046.0, 1051.0, 1052.0, 1048.0, 1048.0, 1056.0, 1046.0, 1068.0, 1063.0, 1058.0, 1064.0, 1065.0, 1074.0, 1057.0, 1064.0, 1068.0, 1067.0, 1064.0, 1061.0, 1055.0, 1070.0, 1068.0, 1064.0, 1066.0, 1066.0, 1067.0, 1068.0, 1074.0, 1074.0, 1071.0, 1083.0, 1072.0, 1060.0, 1071.0, 1068.0, 1077.0, 1071.0, 1074.0, 1081.0, 1077.0, 1091.0, 1092.0, 1075.0, 1090.0, 1071.0, 1076.0, 1072.0, 1081.0, 1060.0, 1056.0, 1064.0, 1046.0, 1049.0, 1070.0, 1048.0, 1067.0, 1051.0, 1058.0, 1054.0, 1056.0, 1060.0, 1077.0, 1065.0, 1065.0, 1057.0, 1063.0, 1078.0, 1073.0, 1055.0, 1081.0, 1085.0, 1095.0, 1090.0, 1098.0, 1088.0, 1100.0, 1093.0, 1119.0, 1100.0, 1108.0, 1087.0, 1103.0, 1099.0, 1095.0, 1116.0, 1116.0, 1110.0, 1107.0, 1107.0, 1106.0, 1118.0, 1114.0, 1092.0, 1103.0, 1110.0, 1113.0, 1111.0, 1095.0, 1099.0, 1105.0, 1107.0, 1099.0, 1110.0, 1100.0, 1104.0, 1112.0, 1115.0, 1106.0, 1104.0, 1099.0, 1115.0, 1104.0, 1137.0, 1129.0, 1136.0, 1138.0, 1141.0, 1150.0, 1129.0, 1127.0, 1138.0, 1143.0, 1156.0, 1146.0, 1150.0, 1151.0, 1160.0, 1172.0, 1172.0, 1167.0, 1172.0, 1171.0, 1176.0, 1170.0, 1181.0, 1187.0, 1207.0, 1218.0, 1221.0, 1226.0, 1237.0, 1248.0, 1248.0, 1249.0, 1269.0, 1253.0, 1248.0, 1266.0, 1285.0, 1274.0, 1277.0, 1287.0, 1271.0, 1276.0, 1291.0, 1284.0, 1287.0, 1295.0, 1309.0, 1305.0, 1336.0, 1329.0, 1331.0, 1323.0, 1314.0, 1337.0, 1341.0, 1347.0, 1340.0, 1351.0, 1370.0, 1357.0, 1364.0, 1369.0, 1364.0, 1363.0, 1378.0, 1380.0, 1394.0, 1383.0, 1385.0, 1395.0, 1412.0, 1412.0, 1424.0, 1434.0, 1424.0, 1432.0, 1451.0, 1451.0, 1452.0, 1452.0, 1446.0, 1473.0, 1455.0, 1467.0, 1478.0, 1479.0, 1492.0, 1510.0, 1505.0, 1495.0, 1489.0, 1524.0, 1508.0, 1530.0, 1519.0, 1531.0, 1546.0, 1548.0, 1541.0, 1547.0, 1540.0, 1534.0, 1547.0, 1557.0, 1552.0, 1555.0, 1559.0, 1568.0, 1572.0, 1570.0, 1584.0, 1578.0, 1586.0, 1585.0, 1571.0, 1576.0, 1581.0, 1590.0, 1590.0, 1583.0, 1603.0, 1577.0, 1607.0, 1587.0, 1580.0, 1555.0, 1571.0, 1591.0, 1591.0, 1626.0, 1625.0, 1625.0, 1625.0, 1629.0, 1625.0, 1634.0, 1634.0, 1634.0, 1633.0, 1632.0, 1630.0, 1633.0, 1645.0, 1666.0, 1658.0, 1660.0, 1657.0, 1666.0, 1667.0, 1672.0, 1659.0, 1648.0, 1648.0, 1661.0, 1678.0, 1676.0, 1686.0, 1684.0, 1683.0, 1700.0, 1697.0, 1696.0, 1711.0, 1699.0, 1728.0, 1721.0, 1717.0, 1722.0, 1728.0, 1731.0, 1720.0, 1719.0, 1721.0, 1715.0, 1722.0, 1735.0, 1748.0, 1759.0, 1748.0, 1749.0, 1750.0, 1766.0, 1775.0, 1792.0, 1794.0, 1797.0, 1788.0, 1779.0, 1786.0, 1787.0, 1784.0, 1769.0, 1767.0, 1780.0, 1760.0, 1750.0, 1750.0, 1777.0, 1796.0, 1815.0, 1831.0, 1845.0, 1841.0, 1834.0, 1826.0, 1814.0, 1819.0, 1748.0, 1748.0, 1766.0, 1784.0, 1780.0, 1759.0, 1772.0, 1778.0, 1781.0, 1785.0, 1782.0, 1791.0, 1778.0, 1767.0, 1770.0, 1791.0, 1788.0, 1792.0, 1792.0, 1791.0, 1789.0, 1794.0, 1789.0, 1793.0, 1798.0, 1779.0, 1801.0, 1796.0, 1811.0, 1810.0, 1812.0, 1809.0, 1803.0, 1777.0, 1782.0, 1788.0, 1779.0, 1779.0, 1781.0, 1781.0, 1769.0, 1765.0, 1760.0, 1758.0, 1755.0, 1749.0, 1741.0, 1731.0, 1761.0, 1764.0, 1777.0, 1790.0, 1781.0, 1756.0, 1742.0, 1780.0, 1781.0, 1780.0, 1774.0, 1769.0, 1783.0, 1784.0, 1770.0, 1776.0, 1771.0, 1751.0, 1751.0, 1751.0, 1749.0, 1719.0, 1722.0, 1722.0, 1718.0, 1718.0, 1714.0, 1737.0, 1723.0, 1723.0, 1720.0, 1720.0, 1706.0, 1713.0, 1709.0, 1715.0, 1715.0, 1700.0, 1699.0, 1680.0, 1704.0, 1679.0, 1679.0, 1665.0, 1652.0, 1662.0, 1681.0, 1676.0, 1677.0, 1674.0, 1671.0, 1657.0, 1657.0, 1661.0, 1665.0, 1662.0, 1667.0, 1659.0, 1649.0, 1649.0, 1648.0, 1650.0, 1652.0, 1650.0, 1651.0, 1648.0, 1648.0, 1648.0, 1643.0, 1648.0, 1641.0, 1633.0, 1641.0, 1643.0, 1648.0, 1637.0, 1627.0, 1624.0, 1622.0, 1629.0, 1618.0, 1616.0, 1604.0, 1611.0, 1600.0, 1613.0, 1600.0, 1584.0, 1579.0, 1577.0, 1582.0, 1586.0, 1579.0, 1577.0, 1588.0, 1592.0, 1586.0, 1575.0, 1590.0, 1601.0, 1572.0, 1579.0, 1572.0, 1578.0, 1549.0, 1535.0, 1542.0, 1549.0, 1545.0, 1526.0, 1557.0, 1532.0, 1505.0, 1511.0, 1518.0, 1512.0, 1503.0, 1503.0, 1483.0, 1490.0, 1499.0, 1490.0, 1482.0, 1482.0, 1466.0, 1470.0, 1461.0, 1461.0, 1462.0, 1474.0, 1474.0, 1444.0, 1455.0, 1463.0, 1461.0, 1451.0, 1435.0, 1435.0, 1446.0, 1437.0, 1431.0, 1434.0, 1437.0, 1414.0, 1414.0, 1412.0, 1416.0, 1402.0, 1412.0, 1389.0, 1389.0, 1405.0, 1414.0, 1404.0, 1406.0, 1393.0, 1385.0, 1389.0, 1389.0, 1391.0, 1376.0, 1373.0, 1373.0, 1381.0, 1377.0, 1382.0, 1375.0, 1383.0, 1386.0, 1376.0, 1372.0, 1373.0, 1370.0, 1366.0, 1363.0, 1366.0, 1373.0, 1360.0, 1375.0, 1373.0, 1372.0, 1368.0, 1368.0, 1371.0, 1352.0, 1359.0, 1359.0, 1353.0, 1358.0, 1344.0, 1344.0, 1354.0, 1349.0, 1345.0, 1342.0, 1340.0, 1335.0, 1328.0, 1325.0, 1337.0, 1337.0, 1340.0, 1358.0, 1358.0, 1339.0, 1324.0, 1329.0, 1306.0, 1320.0, 1321.0, 1321.0, 1334.0, 1334.0, 1321.0, 1314.0, 1310.0, 1323.0, 1312.0, 1327.0, 1321.0, 1326.0, 1308.0, 1285.0, 1291.0, 1311.0, 1319.0, 1314.0, 1316.0, 1318.0, 1319.0, 1311.0, 1313.0, 1311.0, 1309.0, 1330.0, 1320.0, 1335.0, 1324.0, 1320.0, 1312.0, 1313.0, 1313.0, 1316.0, 1329.0, 1321.0, 1313.0, 1327.0, 1324.0, 1322.0, 1322.0, 1336.0, 1319.0, 1317.0, 1332.0, 1332.0, 1330.0, 1330.0, 1337.0, 1349.0, 1342.0, 1330.0, 1339.0, 1346.0, 1351.0, 1341.0, 1346.0, 1346.0, 1330.0, 1335.0, 1339.0, 1343.0, 1345.0, 1345.0, 1344.0, 1346.0, 1345.0, 1347.0, 1344.0, 1349.0, 1350.0, 1350.0, 1357.0, 1342.0, 1352.0, 1351.0, 1362.0, 1359.0, 1365.0, 1371.0, 1368.0, 1363.0, 1374.0, 1357.0, 1373.0, 1358.0, 1378.0, 1376.0, 1372.0, 1372.0, 1368.0, 1377.0, 1376.0, 1381.0, 1401.0, 1403.0, 1375.0, 1411.0, 1398.0, 1409.0, 1402.0, 1416.0, 1393.0, 1393.0, 1422.0, 1427.0, 1419.0, 1420.0, 1416.0, 1428.0, 1418.0, 1422.0, 1430.0, 1434.0, 1427.0, 1428.0, 1442.0, 1445.0, 1485.0, 1476.0, 1490.0, 1490.0, 1483.0, 1471.0, 1470.0, 1469.0, 1471.0, 1499.0, 1499.0, 1486.0, 1471.0, 1483.0, 1491.0, 1491.0, 1487.0, 1491.0, 1486.0, 1479.0, 1486.0, 1494.0, 1493.0, 1501.0, 1504.0, 1500.0, 1499.0, 1513.0]