header: 
  seq: 2350
  stamp: 
    secs: 1548820815
    nsecs: 956008874
  frame_id: "base_link"
angle_min: -2.35619449615
angle_max: 2.35619449615
angle_increment: 0.00436332309619
time_increment: 1.73611151695e-05
scan_time: 0.0250000003725
range_min: 0.019999999553
range_max: 30.0
ranges: [0.33799999952316284, 0.3319999873638153, 0.3319999873638153, 0.3370000123977661, 0.34299999475479126, 0.35600000619888306, 0.35600000619888306, 0.3449999988079071, 0.33799999952316284, 0.3400000035762787, 0.3479999899864197, 0.3479999899864197, 0.3449999988079071, 0.3409999907016754, 0.3479999899864197, 0.3310000002384186, 0.32600000500679016, 0.2980000078678131, 0.2590000033378601, 0.2370000034570694, 0.28999999165534973, 0.3179999887943268, 0.32899999618530273, 0.32499998807907104, 0.328000009059906, 0.3179999887943268, 0.3240000009536743, 0.3190000057220459, 0.32499998807907104, 0.328000009059906, 0.3310000002384186, 0.3269999921321869, 0.32499998807907104, 0.3319999873638153, 0.3330000042915344, 0.32600000500679016, 0.3230000138282776, 0.328000009059906, 0.33000001311302185, 0.3269999921321869, 0.32499998807907104, 0.3240000009536743, 0.32199999690055847, 0.3190000057220459, 0.31700000166893005, 0.31700000166893005, 0.3160000145435333, 0.3160000145435333, 0.3160000145435333, 0.3149999976158142, 0.30799999833106995, 0.30399999022483826, 0.30799999833106995, 0.3160000145435333, 0.3109999895095825, 0.3089999854564667, 0.31200000643730164, 0.3109999895095825, 0.3160000145435333, 0.31299999356269836, 0.3100000023841858, 0.3070000112056732, 0.3109999895095825, 0.31299999356269836, 0.3100000023841858, 0.3089999854564667, 0.3109999895095825, 0.30799999833106995, 0.3109999895095825, 0.31299999356269836, 0.31299999356269836, 0.31200000643730164, 0.3050000071525574, 0.3059999942779541, 0.3070000112056732, 0.3050000071525574, 0.30399999022483826, 0.30399999022483826, 0.3050000071525574, 0.3070000112056732, 0.3089999854564667, 0.30000001192092896, 0.3050000071525574, 0.3050000071525574, 0.30399999022483826, 0.2980000078678131, 0.2980000078678131, 0.3009999990463257, 0.3009999990463257, 0.30000001192092896, 0.3050000071525574, 0.3070000112056732, 0.3070000112056732, 0.3050000071525574, 0.3019999861717224, 0.3009999990463257, 0.29499998688697815, 0.29499998688697815, 0.29499998688697815, 0.296999990940094, 0.3019999861717224, 0.3050000071525574, 0.3050000071525574, 0.3019999861717224, 0.296999990940094, 0.29600000381469727, 0.2930000126361847, 0.29499998688697815, 0.2930000126361847, 0.29499998688697815, 0.2930000126361847, 0.2919999957084656, 0.2939999997615814, 0.29499998688697815, 0.29600000381469727, 0.29499998688697815, 0.2980000078678131, 0.2980000078678131, 0.2980000078678131, 0.30300000309944153, 0.296999990940094, 0.29499998688697815, 0.29499998688697815, 0.29499998688697815, 0.2879999876022339, 0.2840000092983246, 0.28200000524520874, 0.29100000858306885, 0.29100000858306885, 0.29100000858306885, 0.2930000126361847, 0.2919999957084656, 0.28700000047683716, 0.28700000047683716, 0.2879999876022339, 0.2879999876022339, 0.28999999165534973, 0.2919999957084656, 0.2930000126361847, 0.2939999997615814, 0.29100000858306885, 0.2840000092983246, 0.28200000524520874, 0.2800000011920929, 0.28200000524520874, 0.289000004529953, 0.2840000092983246, 0.28700000047683716, 0.28999999165534973, 0.28999999165534973, 0.29100000858306885, 0.28999999165534973, 0.28600001335144043, 0.28600001335144043, 0.2809999883174896, 0.27900001406669617, 0.2849999964237213, 0.28600001335144043, 0.28600001335144043, 0.2879999876022339, 0.289000004529953, 0.28999999165534973, 0.28700000047683716, 0.28600001335144043, 0.28600001335144043, 0.28600001335144043, 0.2849999964237213, 0.28200000524520874, 0.28200000524520874, 0.2840000092983246, 0.2800000011920929, 0.28999999165534973, 0.2879999876022339, 0.28700000047683716, 0.2849999964237213, 0.28700000047683716, 0.28299999237060547, 0.28200000524520874, 0.2840000092983246, 0.2840000092983246, 0.2809999883174896, 0.28200000524520874, 0.2879999876022339, 0.2879999876022339, 0.2849999964237213, 0.2800000011920929, 0.2770000100135803, 0.2770000100135803, 0.2759999930858612, 0.2759999930858612, 0.2800000011920929, 0.2840000092983246, 0.2809999883174896, 0.2809999883174896, 0.2809999883174896, 0.2809999883174896, 0.28299999237060547, 0.2840000092983246, 0.27900001406669617, 0.27900001406669617, 0.2800000011920929, 0.2770000100135803, 0.27799999713897705, 0.28200000524520874, 0.28700000047683716, 0.2800000011920929, 0.2770000100135803, 0.2750000059604645, 0.2770000100135803, 0.2809999883174896, 0.28200000524520874, 0.28299999237060547, 0.28600001335144043, 0.28299999237060547, 0.28200000524520874, 0.2809999883174896, 0.27399998903274536, 0.2800000011920929, 0.2840000092983246, 0.2919999957084656, 0.29100000858306885, 0.2919999957084656, 0.2930000126361847, 0.2849999964237213, 0.289000004529953, 0.2849999964237213, 0.296999990940094, 0.2939999997615814, 0.30000001192092896, 0.29899999499320984, 0.29899999499320984, 0.29899999499320984, 0.30399999022483826, 0.30000001192092896, 0.2939999997615814, 0.2930000126361847, 0.3070000112056732, 0.3070000112056732, 0.30399999022483826, 0.3059999942779541, 0.29600000381469727, 0.296999990940094, 0.3009999990463257, 0.30000001192092896, 0.29899999499320984, 0.30300000309944153, 0.30300000309944153, 0.30300000309944153, 0.3050000071525574, 0.3089999854564667, 0.30799999833106995, 0.3059999942779541, 0.3109999895095825, 0.32100000977516174, 0.3190000057220459, 0.3140000104904175, 0.3140000104904175, 0.3149999976158142, 0.3160000145435333, 0.3179999887943268, 0.3179999887943268, 0.3199999928474426, 0.32100000977516174, 0.32100000977516174, 0.32199999690055847, 0.32199999690055847, 0.32100000977516174, 0.3269999921321869, 0.3269999921321869, 0.3269999921321869, 0.32100000977516174, 0.31700000166893005, 0.328000009059906, 0.328000009059906, 0.328000009059906, 0.32899999618530273, 0.32499998807907104, 0.32899999618530273, 0.33399999141693115, 0.3319999873638153, 0.33399999141693115, 0.3319999873638153, 0.335999995470047, 0.33500000834465027, 0.3269999921321869, 0.3330000042915344, 0.33500000834465027, 0.33399999141693115, 0.3400000035762787, 0.3400000035762787, 0.33899998664855957, 0.33899998664855957, 0.34700000286102295, 0.3479999899864197, 0.34700000286102295, 0.34700000286102295, 0.3529999852180481, 0.35199999809265137, 0.3499999940395355, 0.35199999809265137, 0.35199999809265137, 0.35100001096725464, 0.3540000021457672, 0.3540000021457672, 0.3569999933242798, 0.35899999737739563, 0.35899999737739563, 0.3610000014305115, 0.3630000054836273, 0.36500000953674316, 0.367000013589859, 0.36800000071525574, 0.36800000071525574, 0.3619999885559082, 0.367000013589859, 0.3779999911785126, 0.3799999952316284, 0.37700000405311584, 0.37299999594688416, 0.3779999911785126, 0.3779999911785126, 0.3799999952316284, 0.382999986410141, 0.382999986410141, 0.38499999046325684, 0.38600000739097595, 0.3919999897480011, 0.3919999897480011, 0.39100000262260437, 0.3919999897480011, 0.3930000066757202, 0.39800000190734863, 0.4020000100135803, 0.40299999713897705, 0.4090000092983246, 0.41200000047683716, 0.41100001335144043, 0.41200000047683716, 0.42100000381469727, 0.42500001192092896, 0.4269999861717224, 0.4269999861717224, 0.4269999861717224, 0.42800000309944153, 0.4269999861717224, 0.4269999861717224, 0.4350000023841858, 0.4359999895095825, 0.4390000104904175, 0.4390000104904175, 0.43799999356269836, 0.4440000057220459, 0.4490000009536743, 0.4519999921321869, 0.4569999873638153, 0.45500001311302185, 0.46299999952316284, 0.4659999907016754, 0.4659999907016754, 0.4659999907016754, 0.4729999899864197, 0.47699999809265137, 0.48100000619888306, 0.48100000619888306, 0.48500001430511475, 0.48899999260902405, 0.49000000953674316, 0.49300000071525574, 0.4970000088214874, 0.4959999918937683, 0.5049999952316284, 0.5040000081062317, 0.5059999823570251, 0.5099999904632568, 0.5139999985694885, 0.5170000195503235, 0.5220000147819519, 0.5270000100135803, 0.5299999713897705, 0.5360000133514404, 0.5400000214576721, 0.5450000166893005, 0.5460000038146973, 0.5529999732971191, 0.5550000071525574, 0.5550000071525574, 0.5580000281333923, 0.5630000233650208, 0.5690000057220459, 0.5709999799728394, 0.574999988079071, 0.578000009059906, 0.5820000171661377, 0.5820000171661377, 0.5920000076293945, 0.6029999852180481, 0.6060000061988831, 0.6079999804496765, 0.6169999837875366, 0.6209999918937683, 0.6290000081062317, 0.6269999742507935, 0.6269999742507935, 0.640999972820282, 0.6480000019073486, 0.6570000052452087, 0.6570000052452087, 0.6489999890327454, 0.6520000100135803, 0.6539999842643738, 0.6639999747276306, 0.6759999990463257, 0.6800000071525574, 0.6800000071525574, 0.703000009059906, 0.7260000109672546, 0.7630000114440918, 0.8090000152587891, 0.8830000162124634, 1.0549999475479126, 1.1089999675750732, 1.121999979019165, 1.3209999799728394, 1.7869999408721924, 1.8209999799728394, 1.8270000219345093, 1.812000036239624, 1.8140000104904175, 1.8109999895095825, 1.8109999895095825, 1.805999994277954, 1.805999994277954, 1.8040000200271606, 1.7979999780654907, 1.7940000295639038, 1.7960000038146973, 1.781999945640564, 1.7790000438690186, 1.7740000486373901, 1.7710000276565552, 1.777999997138977, 1.7799999713897705, 1.7719999551773071, 1.7630000114440918, 1.7569999694824219, 1.7569999694824219, 1.7610000371932983, 1.7589999437332153, 1.7569999694824219, 1.753000020980835, 1.7510000467300415, 1.7489999532699585, 1.7450000047683716, 1.7389999628067017, 1.7369999885559082, 1.7330000400543213, 1.7319999933242798, 1.7359999418258667, 1.7359999418258667, 1.7309999465942383, 1.7289999723434448, 1.7280000448226929, 1.7259999513626099, 1.718000054359436, 1.7239999771118164, 1.7280000448226929, 1.722000002861023, 1.7200000286102295, 1.7200000286102295, 1.715999960899353, 1.7139999866485596, 1.7139999866485596, 1.715000033378601, 1.7170000076293945, 1.7139999866485596, 1.7109999656677246, 1.7100000381469727, 1.7079999446868896, 1.7079999446868896, 1.7039999961853027, 1.7020000219345093, 1.7039999961853027, 1.6979999542236328, 1.694000005722046, 1.694000005722046, 1.7020000219345093, 1.6920000314712524, 1.687000036239624, 1.687000036239624, 1.680999994277954, 1.6799999475479126, 1.6799999475479126, 1.6759999990463257, 1.6729999780654907, 1.6749999523162842, 1.6729999780654907, 1.6690000295639038, 1.6710000038146973, 1.6629999876022339, 1.659999966621399, 1.652999997138977, 1.6549999713897705, 1.6540000438690186, 1.6549999713897705, 1.6549999713897705, 1.6480000019073486, 1.6480000019073486, 1.6419999599456787, 1.6410000324249268, 1.6380000114440918, 1.6360000371932983, 1.628000020980835, 1.6230000257492065, 1.6260000467300415, 1.621999979019165, 1.6239999532699585, 1.6180000305175781, 1.6150000095367432, 1.6139999628067017, 1.6139999628067017, 1.6100000143051147, 1.6059999465942383, 1.597000002861023, 1.597000002861023, 1.593999981880188, 1.590000033378601, 1.5829999446868896, 1.5809999704360962, 1.5740000009536743, 1.5720000267028809, 1.559999942779541, 1.5609999895095825, 1.559999942779541, 1.565000057220459, 1.5609999895095825, 1.5609999895095825, 1.5499999523162842, 1.5499999523162842, 1.5479999780654907, 1.5399999618530273, 1.5369999408721924, 1.531000018119812, 1.5290000438690186, 1.5269999504089355, 1.524999976158142, 1.5230000019073486, 1.5219999551773071, 1.5160000324249268, 1.5069999694824219, 1.50600004196167, 1.50600004196167, 1.5019999742507935, 1.5, 1.4930000305175781, 1.4930000305175781, 1.4880000352859497, 1.4800000190734863, 1.4800000190734863, 1.475000023841858, 1.472000002861023, 1.4630000591278076, 1.4579999446868896, 1.4520000219345093, 1.4520000219345093, 1.4490000009536743, 1.4500000476837158, 1.437000036239624, 1.4299999475479126, 1.4229999780654907, 1.4199999570846558, 1.4179999828338623, 1.4179999828338623, 1.4079999923706055, 1.399999976158142, 1.4040000438690186, 1.3960000276565552, 1.3940000534057617, 1.3890000581741333, 1.38100004196167, 1.378999948501587, 1.3849999904632568, 1.3700000047683716, 1.3639999628067017, 1.3550000190734863, 1.3519999980926514, 1.350000023841858, 1.347000002861023, 1.343999981880188, 1.3380000591278076, 1.3250000476837158, 1.3270000219345093, 1.3259999752044678, 1.3209999799728394, 1.315999984741211, 1.309999942779541, 1.2920000553131104, 1.2879999876022339, 1.2860000133514404, 1.281000018119812, 1.281999945640564, 1.2760000228881836, 1.2719999551773071, 1.2669999599456787, 1.2680000066757202, 1.2580000162124634, 1.25600004196167, 1.24399995803833, 1.2380000352859497, 1.2400000095367432, 1.2330000400543213, 1.2280000448226929, 1.225000023841858, 1.2230000495910645, 1.2109999656677246, 1.2070000171661377, 1.1990000009536743, 1.2000000476837158, 1.1929999589920044, 1.1799999475479126, 1.1770000457763672, 1.1770000457763672, 1.1729999780654907, 1.1610000133514404, 1.156000018119812, 1.156000018119812, 1.1540000438690186, 1.1449999809265137, 1.1330000162124634, 1.128999948501587, 1.128999948501587, 1.1239999532699585, 1.1200000047683716, 1.1150000095367432, 1.1089999675750732, 1.1039999723434448, 1.0889999866485596, 1.0829999446868896, 1.0800000429153442, 1.0759999752044678, 1.0720000267028809, 1.0709999799728394, 1.059999942779541, 1.0540000200271606, 1.0490000247955322, 1.0509999990463257, 1.0470000505447388, 1.027999997138977, 1.0269999504089355, 1.027999997138977, 1.0169999599456787, 1.0119999647140503, 1.0010000467300415, 0.9940000176429749, 0.9890000224113464, 0.9769999980926514, 0.9710000157356262, 0.9710000157356262, 0.9729999899864197, 0.9670000076293945, 0.9610000252723694, 0.9509999752044678, 0.9470000267028809, 0.9430000185966492, 0.9380000233650208, 0.9309999942779541, 0.9269999861717224, 0.9259999990463257, 0.9190000295639038, 0.9190000295639038, 0.9129999876022339, 0.9120000004768372, 0.9120000004768372, 0.9049999713897705, 0.8920000195503235, 0.8930000066757202, 0.8930000066757202, 0.8880000114440918, 0.8870000243186951, 0.8709999918937683, 0.8690000176429749, 0.8709999918937683, 0.8659999966621399, 0.8640000224113464, 0.8529999852180481, 0.843999981880188, 0.8450000286102295, 0.8450000286102295, 0.8450000286102295, 0.8450000286102295, 0.843999981880188, 0.8420000076293945, 0.843999981880188, 0.8289999961853027, 0.824999988079071, 0.824999988079071, 0.8259999752044678, 0.8080000281333923, 0.8050000071525574, 0.8029999732971191, 0.8009999990463257, 0.7929999828338623, 0.7910000085830688, 0.7960000038146973, 0.8009999990463257, 0.7919999957084656, 0.7889999747276306, 0.7829999923706055, 0.7829999923706055, 0.781000018119812, 0.7749999761581421, 0.7710000276565552, 0.7680000066757202, 0.7630000114440918, 0.7590000033378601, 0.7459999918937683, 0.7459999918937683, 0.7480000257492065, 0.7419999837875366, 0.7409999966621399, 0.7419999837875366, 0.7440000176429749, 0.7409999966621399, 0.734000027179718, 0.734000027179718, 0.7319999933242798, 0.7269999980926514, 0.722000002861023, 0.718999981880188, 0.7210000157356262, 0.722000002861023, 0.7239999771118164, 0.7200000286102295, 0.7149999737739563, 0.7139999866485596, 0.7120000123977661, 0.7059999704360962, 0.703000009059906, 0.699999988079071, 0.703000009059906, 0.7039999961853027, 0.7070000171661377, 0.6959999799728394, 0.699999988079071, 0.699999988079071, 0.6970000267028809, 0.6949999928474426, 0.6919999718666077, 0.6880000233650208, 0.6880000233650208, 0.6880000233650208, 0.6769999861717224, 0.6740000247955322, 0.6740000247955322, 0.6740000247955322, 0.675000011920929, 0.6740000247955322, 0.6740000247955322, 0.6740000247955322, 0.6740000247955322, 0.6740000247955322, 0.671999990940094, 0.6710000038146973, 0.6710000038146973, 0.6679999828338623, 0.6650000214576721, 0.6639999747276306, 0.6620000004768372, 0.6579999923706055, 0.6610000133514404, 0.6610000133514404, 0.6610000133514404, 0.6579999923706055, 0.6570000052452087, 0.6510000228881836, 0.6520000100135803, 0.6579999923706055, 0.6629999876022339, 0.6600000262260437, 0.652999997138977, 0.6510000228881836, 0.6510000228881836, 0.6510000228881836, 0.6510000228881836, 0.6480000019073486, 0.6489999890327454, 0.6460000276565552, 0.6399999856948853, 0.6320000290870667, 0.6299999952316284, 0.6349999904632568, 0.6420000195503235, 0.6359999775886536, 0.6349999904632568, 0.6349999904632568, 0.6359999775886536, 0.6389999985694885, 0.6389999985694885, 0.640999972820282, 0.6389999985694885, 0.6380000114440918, 0.6330000162124634, 0.6299999952316284, 0.6299999952316284, 0.6240000128746033, 0.621999979019165, 0.6240000128746033, 0.6259999871253967, 0.6190000176429749, 0.6190000176429749, 0.6240000128746033, 0.6290000081062317, 0.6320000290870667, 0.6259999871253967, 0.625, 0.621999979019165, 0.6179999709129333, 0.6179999709129333, 0.6190000176429749, 0.6150000095367432, 0.6179999709129333, 0.6190000176429749, 0.6190000176429749, 0.6129999756813049, 0.6129999756813049, 0.6110000014305115, 0.6100000143051147, 0.6100000143051147, 0.6100000143051147, 0.6100000143051147, 0.6119999885559082, 0.6150000095367432, 0.6110000014305115, 0.6100000143051147, 0.609000027179718, 0.609000027179718, 0.6129999756813049, 0.6129999756813049, 0.6110000014305115, 0.6100000143051147, 0.609000027179718, 0.609000027179718, 0.609000027179718, 0.6150000095367432, 0.6150000095367432, 0.6129999756813049, 0.609000027179718, 0.6000000238418579, 0.6050000190734863, 0.6050000190734863, 0.6100000143051147, 0.6100000143051147, 0.6119999885559082, 0.6140000224113464, 0.6119999885559082, 0.6119999885559082, 0.6119999885559082, 0.6060000061988831, 0.6010000109672546, 0.6019999980926514, 0.6050000190734863, 0.6119999885559082, 0.6150000095367432, 0.6150000095367432, 0.6119999885559082, 0.6019999980926514, 0.6050000190734863, 0.6069999933242798, 0.6069999933242798, 0.6140000224113464, 0.6159999966621399, 0.6079999804496765, 0.6069999933242798, 0.6060000061988831, 0.6110000014305115, 0.6140000224113464, 0.6069999933242798, 0.6060000061988831, 0.6150000095367432, 0.6179999709129333, 0.6119999885559082, 0.6069999933242798, 0.6069999933242798, 0.6129999756813049, 0.6190000176429749, 0.6190000176429749, 0.6179999709129333, 0.6179999709129333, 0.6159999966621399, 0.6179999709129333, 0.6159999966621399, 0.6159999966621399, 0.6159999966621399, 0.6190000176429749, 0.6209999918937683, 0.6200000047683716, 0.6159999966621399, 0.6190000176429749, 0.6190000176429749, 0.6179999709129333, 0.6150000095367432, 0.6200000047683716, 0.6140000224113464, 0.6140000224113464, 0.6110000014305115, 0.6119999885559082, 0.6179999709129333, 0.6200000047683716, 0.6259999871253967, 0.6230000257492065, 0.621999979019165, 0.621999979019165, 0.6230000257492065, 0.625, 0.6259999871253967, 0.621999979019165, 0.6230000257492065, 0.6299999952316284, 0.6290000081062317, 0.6299999952316284, 0.6299999952316284, 0.6309999823570251, 0.6209999918937683, 0.6259999871253967, 0.6240000128746033, 0.625, 0.6299999952316284, 0.6370000243186951, 0.6359999775886536, 0.6290000081062317, 0.6269999742507935, 0.6259999871253967, 0.6320000290870667, 0.6340000033378601, 0.6320000290870667, 0.6320000290870667, 0.6330000162124634, 0.6370000243186951, 0.6449999809265137, 0.6380000114440918, 0.6449999809265137, 0.6439999938011169, 0.6380000114440918, 0.6340000033378601, 0.6340000033378601, 0.6380000114440918, 0.640999972820282, 0.6439999938011169, 0.6430000066757202, 0.6430000066757202, 0.6439999938011169, 0.6489999890327454, 0.6610000133514404, 0.6499999761581421, 0.6510000228881836, 0.6489999890327454, 0.6489999890327454, 0.6510000228881836, 0.6489999890327454, 0.6510000228881836, 0.652999997138977, 0.6579999923706055, 0.6589999794960022, 0.6579999923706055, 0.6579999923706055, 0.6629999876022339, 0.6660000085830688, 0.6679999828338623, 0.6669999957084656, 0.6690000295639038, 0.6690000295639038, 0.6779999732971191, 0.6790000200271606, 0.6790000200271606, 0.6759999990463257, 0.6759999990463257, 0.6779999732971191, 0.6830000281333923, 0.6850000023841858, 0.6840000152587891, 0.6840000152587891, 0.6859999895095825, 0.6869999766349792, 0.6880000233650208, 0.6869999766349792, 0.6919999718666077, 0.6930000185966492, 0.7009999752044678, 0.6980000138282776, 0.7020000219345093, 0.7020000219345093, 0.7089999914169312, 0.7089999914169312, 0.7080000042915344, 0.7070000171661377, 0.7160000205039978, 0.7160000205039978, 0.7139999866485596, 0.7099999785423279, 0.7149999737739563, 0.722000002861023, 0.722000002861023, 0.7210000157356262, 0.7260000109672546, 0.7329999804496765, 0.7350000143051147, 0.7350000143051147, 0.7360000014305115, 0.7369999885559082, 0.7379999756813049, 0.7440000176429749, 0.7369999885559082, 0.7319999933242798, 0.7289999723434448, 0.7369999885559082, 0.7419999837875366, 0.7419999837875366, 0.7419999837875366, 0.75, 0.753000020980835, 0.7599999904632568, 0.7540000081062317, 0.753000020980835, 0.753000020980835, 0.7549999952316284, 0.7609999775886536, 0.7590000033378601, 0.7580000162124634, 0.7590000033378601, 0.7599999904632568, 0.7620000243186951, 0.7639999985694885, 0.7620000243186951, 0.7670000195503235, 0.7710000276565552, 0.7710000276565552, 0.7799999713897705, 0.7799999713897705, 0.7789999842643738, 0.7879999876022339, 0.7870000004768372, 0.7879999876022339, 0.7900000214576721, 0.7990000247955322, 0.7979999780654907, 0.8050000071525574, 0.8109999895095825, 0.8180000185966492, 0.8190000057220459, 0.8180000185966492, 0.828000009059906, 0.8220000267028809, 0.8199999928474426, 0.8190000057220459, 0.8180000185966492, 0.8220000267028809, 0.8180000185966492, 0.8159999847412109, 0.8140000104904175, 0.8149999976158142, 0.8289999961853027, 0.8429999947547913, 0.8479999899864197, 0.8460000157356262, 0.8569999933242798, 0.8619999885559082, 0.875, 0.8820000290870667, 0.8870000243186951, 0.8980000019073486, 0.9120000004768372, 0.9110000133514404, 0.9110000133514404, 0.9100000262260437, 0.9190000295639038, 0.9240000247955322, 0.9330000281333923, 0.9470000267028809, 0.9509999752044678, 0.9520000219345093, 0.9549999833106995, 0.9639999866485596]
intensities: [1091.0, 1080.0, 1161.0, 1273.0, 1321.0, 1430.0, 1430.0, 1516.0, 1517.0, 1512.0, 1537.0, 1537.0, 1509.0, 1343.0, 1419.0, 1213.0, 1146.0, 958.0, 829.0, 776.0, 885.0, 950.0, 1009.0, 1007.0, 1021.0, 1009.0, 1077.0, 1107.0, 1199.0, 1323.0, 1403.0, 1531.0, 1534.0, 1555.0, 1571.0, 1562.0, 1588.0, 1574.0, 1574.0, 1565.0, 1555.0, 1556.0, 1553.0, 1551.0, 1552.0, 1554.0, 1551.0, 1545.0, 1540.0, 1543.0, 1546.0, 1546.0, 1533.0, 1534.0, 1525.0, 1539.0, 1539.0, 1533.0, 1518.0, 1538.0, 1525.0, 1516.0, 1516.0, 1513.0, 1524.0, 1506.0, 1507.0, 1497.0, 1507.0, 1524.0, 1507.0, 1477.0, 1480.0, 1484.0, 1489.0, 1488.0, 1475.0, 1475.0, 1474.0, 1475.0, 1477.0, 1449.0, 1467.0, 1470.0, 1463.0, 1468.0, 1432.0, 1433.0, 1433.0, 1439.0, 1458.0, 1424.0, 1441.0, 1441.0, 1409.0, 1413.0, 1406.0, 1398.0, 1398.0, 1396.0, 1409.0, 1402.0, 1402.0, 1398.0, 1385.0, 1374.0, 1362.0, 1374.0, 1381.0, 1384.0, 1382.0, 1352.0, 1356.0, 1361.0, 1368.0, 1364.0, 1358.0, 1360.0, 1351.0, 1342.0, 1309.0, 1329.0, 1324.0, 1324.0, 1327.0, 1316.0, 1307.0, 1333.0, 1313.0, 1312.0, 1313.0, 1307.0, 1302.0, 1281.0, 1301.0, 1301.0, 1301.0, 1301.0, 1296.0, 1300.0, 1300.0, 1300.0, 1300.0, 1285.0, 1290.0, 1297.0, 1274.0, 1280.0, 1286.0, 1281.0, 1280.0, 1267.0, 1268.0, 1265.0, 1261.0, 1269.0, 1242.0, 1248.0, 1254.0, 1252.0, 1235.0, 1250.0, 1241.0, 1248.0, 1246.0, 1243.0, 1242.0, 1235.0, 1235.0, 1230.0, 1246.0, 1236.0, 1226.0, 1219.0, 1233.0, 1234.0, 1223.0, 1214.0, 1212.0, 1213.0, 1212.0, 1218.0, 1201.0, 1189.0, 1189.0, 1191.0, 1170.0, 1170.0, 1167.0, 1167.0, 1182.0, 1182.0, 1167.0, 1167.0, 1142.0, 1142.0, 1157.0, 1159.0, 1128.0, 1128.0, 1141.0, 1144.0, 1155.0, 1162.0, 1159.0, 1133.0, 1124.0, 1113.0, 1126.0, 1121.0, 1125.0, 1126.0, 1155.0, 1144.0, 1134.0, 1128.0, 1104.0, 1121.0, 1125.0, 1123.0, 1114.0, 1116.0, 1124.0, 1120.0, 1136.0, 1120.0, 1113.0, 1127.0, 1115.0, 1118.0, 1115.0, 1115.0, 1131.0, 1115.0, 1133.0, 1121.0, 1146.0, 1146.0, 1142.0, 1144.0, 1123.0, 1124.0, 1128.0, 1127.0, 1126.0, 1136.0, 1127.0, 1127.0, 1134.0, 1151.0, 1127.0, 1115.0, 1125.0, 1154.0, 1142.0, 1118.0, 1118.0, 1118.0, 1107.0, 1121.0, 1121.0, 1114.0, 1132.0, 1110.0, 1116.0, 1117.0, 1113.0, 1127.0, 1127.0, 1132.0, 1099.0, 1103.0, 1113.0, 1113.0, 1119.0, 1121.0, 1090.0, 1096.0, 1144.0, 1130.0, 1141.0, 1112.0, 1120.0, 1107.0, 1102.0, 1138.0, 1128.0, 1125.0, 1129.0, 1129.0, 1125.0, 1122.0, 1140.0, 1144.0, 1146.0, 1151.0, 1159.0, 1165.0, 1165.0, 1172.0, 1172.0, 1175.0, 1179.0, 1154.0, 1184.0, 1186.0, 1186.0, 1204.0, 1211.0, 1218.0, 1203.0, 1225.0, 1225.0, 1182.0, 1192.0, 1206.0, 1202.0, 1199.0, 1193.0, 1214.0, 1214.0, 1229.0, 1213.0, 1202.0, 1214.0, 1212.0, 1231.0, 1231.0, 1249.0, 1249.0, 1249.0, 1230.0, 1247.0, 1245.0, 1245.0, 1246.0, 1246.0, 1246.0, 1241.0, 1239.0, 1240.0, 1240.0, 1240.0, 1242.0, 1237.0, 1236.0, 1231.0, 1224.0, 1234.0, 1231.0, 1229.0, 1234.0, 1240.0, 1233.0, 1241.0, 1226.0, 1243.0, 1242.0, 1269.0, 1269.0, 1257.0, 1253.0, 1266.0, 1266.0, 1275.0, 1274.0, 1285.0, 1264.0, 1284.0, 1265.0, 1303.0, 1286.0, 1291.0, 1299.0, 1313.0, 1318.0, 1317.0, 1307.0, 1321.0, 1334.0, 1329.0, 1322.0, 1319.0, 1326.0, 1324.0, 1314.0, 1284.0, 1280.0, 1277.0, 1255.0, 1266.0, 1243.0, 1248.0, 1240.0, 1255.0, 1251.0, 1252.0, 1246.0, 1239.0, 1232.0, 1242.0, 1232.0, 1232.0, 1254.0, 1257.0, 1237.0, 1214.0, 1156.0, 1142.0, 1142.0, 1129.0, 1128.0, 1133.0, 1129.0, 1118.0, 1217.0, 1273.0, 1471.0, 1512.0, 1409.0, 1398.0, 1415.0, 1310.0, 1102.0, 1109.0, 1090.0, 1102.0, 1106.0, 1098.0, 1095.0, 1100.0, 1118.0, 1141.0, 1117.0, 1119.0, 1118.0, 1119.0, 1119.0, 1093.0, 1112.0, 1123.0, 1118.0, 1108.0, 1110.0, 1108.0, 1108.0, 1115.0, 1108.0, 1105.0, 1120.0, 1132.0, 1113.0, 1101.0, 1109.0, 1106.0, 1102.0, 1099.0, 1111.0, 1111.0, 1101.0, 1107.0, 1110.0, 1112.0, 1103.0, 1119.0, 1131.0, 1131.0, 1126.0, 1125.0, 1132.0, 1129.0, 1128.0, 1131.0, 1131.0, 1137.0, 1150.0, 1158.0, 1143.0, 1128.0, 1126.0, 1128.0, 1126.0, 1129.0, 1130.0, 1130.0, 1111.0, 1118.0, 1119.0, 1119.0, 1115.0, 1127.0, 1127.0, 1127.0, 1127.0, 1111.0, 1112.0, 1120.0, 1126.0, 1129.0, 1132.0, 1136.0, 1141.0, 1134.0, 1122.0, 1122.0, 1139.0, 1139.0, 1124.0, 1115.0, 1122.0, 1133.0, 1120.0, 1140.0, 1129.0, 1106.0, 1117.0, 1139.0, 1141.0, 1146.0, 1149.0, 1150.0, 1140.0, 1106.0, 1132.0, 1142.0, 1145.0, 1139.0, 1143.0, 1129.0, 1141.0, 1135.0, 1140.0, 1134.0, 1147.0, 1121.0, 1139.0, 1144.0, 1144.0, 1135.0, 1135.0, 1142.0, 1133.0, 1131.0, 1138.0, 1142.0, 1146.0, 1152.0, 1143.0, 1127.0, 1133.0, 1136.0, 1137.0, 1135.0, 1123.0, 1126.0, 1134.0, 1138.0, 1138.0, 1132.0, 1127.0, 1135.0, 1144.0, 1116.0, 1121.0, 1133.0, 1140.0, 1126.0, 1116.0, 1116.0, 1124.0, 1134.0, 1134.0, 1126.0, 1122.0, 1130.0, 1143.0, 1133.0, 1136.0, 1104.0, 1097.0, 1121.0, 1127.0, 1119.0, 1115.0, 1120.0, 1116.0, 1116.0, 1122.0, 1130.0, 1112.0, 1123.0, 1119.0, 1119.0, 1126.0, 1113.0, 1113.0, 1119.0, 1126.0, 1120.0, 1126.0, 1128.0, 1129.0, 1130.0, 1135.0, 1142.0, 1150.0, 1141.0, 1140.0, 1168.0, 1149.0, 1151.0, 1147.0, 1150.0, 1151.0, 1153.0, 1159.0, 1161.0, 1159.0, 1164.0, 1168.0, 1170.0, 1169.0, 1173.0, 1159.0, 1161.0, 1172.0, 1174.0, 1185.0, 1191.0, 1191.0, 1190.0, 1192.0, 1188.0, 1195.0, 1201.0, 1204.0, 1211.0, 1211.0, 1194.0, 1200.0, 1210.0, 1219.0, 1225.0, 1225.0, 1227.0, 1225.0, 1217.0, 1222.0, 1227.0, 1220.0, 1225.0, 1225.0, 1219.0, 1229.0, 1235.0, 1253.0, 1258.0, 1263.0, 1268.0, 1270.0, 1273.0, 1277.0, 1277.0, 1278.0, 1291.0, 1304.0, 1309.0, 1322.0, 1317.0, 1336.0, 1357.0, 1357.0, 1351.0, 1341.0, 1348.0, 1350.0, 1365.0, 1362.0, 1370.0, 1377.0, 1385.0, 1362.0, 1372.0, 1373.0, 1391.0, 1393.0, 1393.0, 1391.0, 1405.0, 1410.0, 1407.0, 1424.0, 1410.0, 1424.0, 1422.0, 1420.0, 1437.0, 1453.0, 1453.0, 1454.0, 1453.0, 1466.0, 1466.0, 1466.0, 1487.0, 1464.0, 1505.0, 1475.0, 1476.0, 1490.0, 1512.0, 1514.0, 1520.0, 1508.0, 1520.0, 1520.0, 1541.0, 1531.0, 1515.0, 1529.0, 1544.0, 1541.0, 1560.0, 1558.0, 1567.0, 1576.0, 1578.0, 1549.0, 1552.0, 1562.0, 1563.0, 1565.0, 1568.0, 1566.0, 1575.0, 1561.0, 1576.0, 1577.0, 1584.0, 1592.0, 1608.0, 1584.0, 1595.0, 1591.0, 1592.0, 1604.0, 1614.0, 1590.0, 1583.0, 1587.0, 1603.0, 1596.0, 1627.0, 1627.0, 1609.0, 1627.0, 1601.0, 1611.0, 1608.0, 1608.0, 1611.0, 1608.0, 1616.0, 1616.0, 1620.0, 1629.0, 1630.0, 1603.0, 1606.0, 1614.0, 1616.0, 1618.0, 1611.0, 1600.0, 1620.0, 1611.0, 1602.0, 1621.0, 1633.0, 1610.0, 1612.0, 1612.0, 1607.0, 1613.0, 1605.0, 1607.0, 1621.0, 1616.0, 1631.0, 1597.0, 1620.0, 1618.0, 1615.0, 1614.0, 1622.0, 1624.0, 1624.0, 1616.0, 1608.0, 1597.0, 1606.0, 1608.0, 1608.0, 1618.0, 1627.0, 1608.0, 1598.0, 1597.0, 1596.0, 1598.0, 1601.0, 1591.0, 1594.0, 1594.0, 1608.0, 1600.0, 1603.0, 1605.0, 1588.0, 1593.0, 1586.0, 1593.0, 1580.0, 1574.0, 1578.0, 1575.0, 1574.0, 1567.0, 1561.0, 1594.0, 1597.0, 1583.0, 1570.0, 1544.0, 1544.0, 1557.0, 1567.0, 1534.0, 1519.0, 1539.0, 1527.0, 1527.0, 1515.0, 1511.0, 1515.0, 1508.0, 1524.0, 1520.0, 1513.0, 1516.0, 1513.0, 1515.0, 1475.0, 1486.0, 1511.0, 1504.0, 1493.0, 1472.0, 1474.0, 1465.0, 1464.0, 1456.0, 1456.0, 1451.0, 1466.0, 1458.0, 1450.0, 1450.0, 1428.0, 1467.0, 1448.0, 1436.0, 1429.0, 1422.0, 1422.0, 1425.0, 1429.0, 1420.0, 1415.0, 1406.0, 1402.0, 1403.0, 1409.0, 1426.0, 1426.0, 1413.0, 1413.0, 1399.0, 1388.0, 1392.0, 1396.0, 1396.0, 1382.0, 1394.0, 1378.0, 1403.0, 1363.0, 1370.0, 1359.0, 1370.0, 1379.0, 1365.0, 1347.0, 1365.0, 1347.0, 1358.0, 1347.0, 1348.0, 1360.0, 1353.0, 1327.0, 1330.0, 1334.0, 1331.0, 1318.0, 1321.0, 1325.0, 1321.0, 1319.0, 1322.0, 1323.0, 1297.0, 1314.0, 1326.0, 1337.0, 1300.0, 1291.0, 1305.0, 1308.0, 1315.0, 1280.0, 1269.0, 1285.0, 1287.0, 1287.0, 1292.0, 1296.0, 1292.0, 1276.0, 1289.0, 1281.0, 1277.0, 1274.0, 1269.0, 1262.0, 1261.0, 1263.0, 1254.0, 1271.0, 1237.0, 1246.0, 1259.0, 1249.0, 1260.0, 1256.0, 1252.0, 1234.0, 1224.0, 1239.0, 1240.0, 1235.0, 1241.0, 1245.0, 1245.0, 1249.0, 1247.0, 1235.0, 1235.0, 1233.0, 1238.0, 1244.0, 1254.0, 1251.0, 1243.0, 1243.0, 1253.0, 1265.0, 1259.0, 1261.0, 1238.0, 1238.0, 1246.0, 1232.0, 1251.0, 1235.0, 1242.0, 1248.0, 1245.0, 1249.0, 1249.0, 1259.0, 1259.0, 1273.0, 1261.0, 1261.0, 1261.0, 1257.0, 1247.0, 1271.0, 1248.0, 1252.0, 1237.0, 1237.0, 1237.0, 1231.0, 1231.0, 1220.0, 1206.0, 1216.0, 1236.0, 1226.0, 1221.0, 1208.0, 1238.0, 1245.0, 1243.0, 1247.0, 1233.0, 1229.0, 1236.0, 1227.0, 1229.0, 1231.0, 1220.0, 1226.0, 1215.0, 1205.0, 1213.0, 1224.0, 1227.0, 1228.0, 1219.0, 1190.0, 1201.0, 1201.0, 1211.0, 1211.0, 1208.0, 1218.0, 1221.0, 1222.0, 1216.0, 1222.0, 1206.0, 1206.0, 1211.0, 1213.0, 1219.0, 1208.0, 1228.0, 1228.0, 1228.0, 1219.0, 1211.0, 1205.0, 1174.0, 1192.0, 1210.0, 1199.0, 1194.0, 1194.0, 1197.0, 1212.0, 1196.0, 1204.0, 1203.0, 1190.0, 1198.0, 1190.0, 1186.0, 1171.0, 1182.0, 1169.0, 1164.0, 1154.0, 1156.0, 1163.0, 1167.0, 1172.0, 1206.0, 1178.0]