header: 
  seq: 1441
  stamp: 
    secs: 1548820793
    nsecs: 183218389
  frame_id: "base_link"
angle_min: -2.35619449615
angle_max: 2.35619449615
angle_increment: 0.00436332309619
time_increment: 1.73611151695e-05
scan_time: 0.0250000003725
range_min: 0.019999999553
range_max: 30.0
ranges: [0.27900001406669617, 0.2770000100135803, 0.2669999897480011, 0.257999986410141, 0.2590000033378601, 0.25699999928474426, 0.2549999952316284, 0.24899999797344208, 0.25, 0.25699999928474426, 0.2590000033378601, 0.2540000081062317, 0.23999999463558197, 0.23999999463558197, 0.25, 0.25699999928474426, 0.257999986410141, 0.23800000548362732, 0.2150000035762787, 0.20000000298023224, 0.23499999940395355, 0.24699999392032623, 0.24400000274181366, 0.24500000476837158, 0.24500000476837158, 0.24500000476837158, 0.23600000143051147, 0.2370000034570694, 0.23100000619888306, 0.23499999940395355, 0.23899999260902405, 0.23999999463558197, 0.24400000274181366, 0.23999999463558197, 0.23999999463558197, 0.23999999463558197, 0.24400000274181366, 0.24300000071525574, 0.24300000071525574, 0.23999999463558197, 0.23499999940395355, 0.2329999953508377, 0.23399999737739563, 0.23600000143051147, 0.23600000143051147, 0.23800000548362732, 0.2370000034570694, 0.24300000071525574, 0.24400000274181366, 0.23999999463558197, 0.23399999737739563, 0.2329999953508377, 0.2329999953508377, 0.23899999260902405, 0.2409999966621399, 0.2370000034570694, 0.23600000143051147, 0.23100000619888306, 0.23100000619888306, 0.23000000417232513, 0.23000000417232513, 0.23199999332427979, 0.23199999332427979, 0.2329999953508377, 0.23100000619888306, 0.23899999260902405, 0.23499999940395355, 0.23899999260902405, 0.23800000548362732, 0.23899999260902405, 0.23899999260902405, 0.23800000548362732, 0.23399999737739563, 0.23600000143051147, 0.23600000143051147, 0.2409999966621399, 0.23000000417232513, 0.23000000417232513, 0.2290000021457672, 0.2290000021457672, 0.23100000619888306, 0.23100000619888306, 0.2329999953508377, 0.23199999332427979, 0.23100000619888306, 0.22599999606609344, 0.23100000619888306, 0.23100000619888306, 0.23000000417232513, 0.23800000548362732, 0.23999999463558197, 0.22100000083446503, 0.21899999678134918, 0.22699999809265137, 0.23399999737739563, 0.23399999737739563, 0.23499999940395355, 0.2370000034570694, 0.23199999332427979, 0.2280000001192093, 0.22599999606609344, 0.22499999403953552, 0.2290000021457672, 0.2329999953508377, 0.2329999953508377, 0.2280000001192093, 0.22499999403953552, 0.2280000001192093, 0.23000000417232513, 0.22499999403953552, 0.22499999403953552, 0.22699999809265137, 0.2290000021457672, 0.2240000069141388, 0.22300000488758087, 0.22499999403953552, 0.22699999809265137, 0.2290000021457672, 0.2240000069141388, 0.2280000001192093, 0.22699999809265137, 0.22300000488758087, 0.22499999403953552, 0.22200000286102295, 0.2280000001192093, 0.2280000001192093, 0.2290000021457672, 0.23899999260902405, 0.23899999260902405, 0.2329999953508377, 0.2290000021457672, 0.2290000021457672, 0.2280000001192093, 0.23000000417232513, 0.23100000619888306, 0.2329999953508377, 0.2329999953508377, 0.23100000619888306, 0.23499999940395355, 0.23800000548362732, 0.23899999260902405, 0.23999999463558197, 0.23100000619888306, 0.23000000417232513, 0.23000000417232513, 0.23999999463558197, 0.23999999463558197, 0.23999999463558197, 0.24300000071525574, 0.23800000548362732, 0.23899999260902405, 0.24699999392032623, 0.25699999928474426, 0.2590000033378601, 0.2590000033378601, 0.25600001215934753, 0.25600001215934753, 0.2549999952316284, 0.25200000405311584, 0.25699999928474426, 0.2619999945163727, 0.2639999985694885, 0.2750000059604645, 0.27000001072883606, 0.2669999897480011, 0.2669999897480011, 0.26600000262260437, 0.27000001072883606, 0.2750000059604645, 0.27799999713897705, 0.27900001406669617, 0.28600001335144043, 0.2849999964237213, 0.2849999964237213, 0.2879999876022339, 0.2919999957084656, 0.2919999957084656, 0.3009999990463257, 0.30399999022483826, 0.3070000112056732, 0.3059999942779541, 0.3050000071525574, 0.3149999976158142, 0.31700000166893005, 0.3160000145435333, 0.31200000643730164, 0.31700000166893005, 0.3160000145435333, 0.3230000138282776, 0.33399999141693115, 0.33899998664855957, 0.3400000035762787, 0.34299999475479126, 0.3400000035762787, 0.3400000035762787, 0.3400000035762787, 0.34599998593330383, 0.35600000619888306, 0.35600000619888306, 0.35600000619888306, 0.3540000021457672, 0.35499998927116394, 0.3580000102519989, 0.3619999885559082, 0.36899998784065247, 0.37400001287460327, 0.3799999952316284, 0.3840000033378601, 0.39500001072883606, 0.4000000059604645, 0.4050000011920929, 0.40799999237060547, 0.41499999165534973, 0.414000004529953, 0.4180000126361847, 0.41999998688697815, 0.42399999499320984, 0.42399999499320984, 0.43700000643730164, 0.44200000166893005, 0.44200000166893005, 0.4410000145435333, 0.44200000166893005, 0.4490000009536743, 0.4580000042915344, 0.4580000042915344, 0.47200000286102295, 0.48100000619888306, 0.48399999737739563, 0.49300000071525574, 0.5019999742507935, 0.5090000033378601, 0.5109999775886536, 0.5199999809265137, 0.5289999842643738, 0.5339999794960022, 0.546999990940094, 0.5509999990463257, 0.5580000281333923, 0.5669999718666077, 0.5759999752044678, 0.5799999833106995, 0.5920000076293945, 0.5989999771118164, 0.609000027179718, 0.6140000224113464, 0.628000020980835, 0.6359999775886536, 0.6520000100135803, 0.6620000004768372, 0.6800000071525574, 0.6949999928474426, 0.7070000171661377, 0.7170000076293945, 0.734000027179718, 0.7440000176429749, 0.7609999775886536, 0.7799999713897705, 0.8019999861717224, 0.8149999976158142, 0.8399999737739563, 0.8569999933242798, 0.8809999823570251, 0.8899999856948853, 0.9169999957084656, 0.9380000233650208, 0.9660000205039978, 1.0080000162124634, 1.0570000410079956, 1.1820000410079956, 1.468000054359436, 2.1589999198913574, 2.1549999713897705, 2.1540000438690186, 2.1489999294281006, 2.1389999389648438, 2.138000011444092, 2.1389999389648438, 2.134999990463257, 2.130000114440918, 2.121999979019165, 2.119999885559082, 2.119999885559082, 2.11299991607666, 2.109999895095825, 2.1070001125335693, 2.1110000610351562, 2.1010000705718994, 2.0999999046325684, 2.0940001010894775, 2.0920000076293945, 2.0910000801086426, 2.0940001010894775, 2.0940001010894775, 2.0789999961853027, 2.0739998817443848, 2.069999933242798, 2.062999963760376, 2.059000015258789, 2.059999942779541, 2.058000087738037, 2.052000045776367, 2.046999931335449, 2.046999931335449, 2.0420000553131104, 2.0409998893737793, 2.0390000343322754, 2.0369999408721924, 2.0390000343322754, 2.0360000133514404, 2.0260000228881836, 2.0199999809265137, 2.0190000534057617, 2.0269999504089355, 2.0209999084472656, 2.0239999294281006, 2.009999990463257, 2.003000020980835, 2.003999948501587, 2.000999927520752, 2.000999927520752, 1.9980000257492065, 1.9950000047683716, 1.9950000047683716, 1.9950000047683716, 1.9919999837875366, 1.9880000352859497, 1.9859999418258667, 1.9830000400543213, 1.9839999675750732, 1.9839999675750732, 1.9670000076293945, 1.9609999656677246, 1.9579999446868896, 1.9579999446868896, 1.9570000171661377, 1.9459999799728394, 1.9420000314712524, 1.940999984741211, 1.9390000104904175, 1.937999963760376, 1.9329999685287476, 1.9299999475479126, 1.9290000200271606, 1.9199999570846558, 1.9129999876022339, 1.9140000343322754, 1.9190000295639038, 1.9149999618530273, 1.906000018119812, 1.8949999809265137, 1.8919999599456787, 1.8919999599456787, 1.8839999437332153, 1.875, 1.8769999742507935, 1.871000051498413, 1.8680000305175781, 1.8639999628067017, 1.8619999885559082, 1.8559999465942383, 1.8539999723434448, 1.847000002861023, 1.8389999866485596, 1.8359999656677246, 1.8350000381469727, 1.8300000429153442, 1.812000036239624, 1.8109999895095825, 1.8020000457763672, 1.8020000457763672, 1.7910000085830688, 1.7910000085830688, 1.7910000085830688, 1.774999976158142, 1.7740000486373901, 1.7680000066757202, 1.7680000066757202, 1.7619999647140503, 1.753000020980835, 1.746000051498413, 1.7410000562667847, 1.7359999418258667, 1.7350000143051147, 1.7289999723434448, 1.7289999723434448, 1.715999960899353, 1.7000000476837158, 1.694000005722046, 1.6970000267028809, 1.6920000314712524, 1.6790000200271606, 1.6770000457763672, 1.6699999570846558, 1.659999966621399, 1.6490000486373901, 1.6419999599456787, 1.6369999647140503, 1.6230000257492065, 1.6230000257492065, 1.621000051498413, 1.6139999628067017, 1.6009999513626099, 1.5980000495910645, 1.5729999542236328, 1.565999984741211, 1.559999942779541, 1.5570000410079956, 1.5520000457763672, 1.5440000295639038, 1.534999966621399, 1.5230000019073486, 1.5119999647140503, 1.503999948501587, 1.5049999952316284, 1.4930000305175781, 1.49399995803833, 1.4869999885559082, 1.4809999465942383, 1.4639999866485596, 1.4589999914169312, 1.4550000429153442, 1.4390000104904175, 1.430999994277954, 1.4270000457763672, 1.4240000247955322, 1.3980000019073486, 1.3940000534057617, 1.3890000581741333, 1.3769999742507935, 1.3700000047683716, 1.3639999628067017, 1.3559999465942383, 1.3459999561309814, 1.3380000591278076, 1.3250000476837158, 1.312000036239624, 1.2999999523162842, 1.2869999408721924, 1.281000018119812, 1.274999976158142, 1.2680000066757202, 1.2660000324249268, 1.253000020980835, 1.2430000305175781, 1.2419999837875366, 1.2400000095367432, 1.2400000095367432, 1.2269999980926514, 1.215999960899353, 1.2000000476837158, 1.1920000314712524, 1.184000015258789, 1.1770000457763672, 1.1699999570846558, 1.159999966621399, 1.1540000438690186, 1.149999976158142, 1.1410000324249268, 1.1380000114440918, 1.13100004196167, 1.121000051498413, 1.1169999837875366, 1.1160000562667847, 1.1200000047683716, 1.1119999885559082, 1.0980000495910645, 1.093999981880188, 1.0880000591278076, 1.0850000381469727, 1.0770000219345093, 1.0759999752044678, 1.0750000476837158, 1.0750000476837158, 1.0670000314712524, 1.0509999990463257, 1.0499999523162842, 1.0470000505447388, 1.0460000038146973, 1.0360000133514404, 1.0360000133514404, 1.031999945640564, 1.027999997138977, 1.024999976158142, 1.0110000371932983, 1.0, 1.0010000467300415, 0.9990000128746033, 1.0, 0.996999979019165, 0.9919999837875366, 0.9909999966621399, 0.9879999756813049, 0.9769999980926514, 0.9739999771118164, 0.9739999771118164, 0.9710000157356262, 0.9639999866485596, 0.9599999785423279, 0.9509999752044678, 0.9509999752044678, 0.9580000042915344, 0.9559999704360962, 0.9480000138282776, 0.9470000267028809, 0.9440000057220459, 0.9399999976158142, 0.9399999976158142, 0.9350000023841858, 0.9350000023841858, 0.9340000152587891, 0.9179999828338623, 0.9110000133514404, 0.9079999923706055, 0.9089999794960022, 0.9089999794960022, 0.906000018119812, 0.9010000228881836, 0.8999999761581421, 0.8980000019073486, 0.8989999890327454, 0.8939999938011169, 0.890999972820282, 0.8880000114440918, 0.8820000290870667, 0.8820000290870667, 0.8820000290870667, 0.8759999871253967, 0.8759999871253967, 0.8740000128746033, 0.8679999709129333, 0.8690000176429749, 0.8700000047683716, 0.8650000095367432, 0.8579999804496765, 0.8579999804496765, 0.8569999933242798, 0.8569999933242798, 0.8569999933242798, 0.8610000014305115, 0.8550000190734863, 0.8489999771118164, 0.8460000157356262, 0.8500000238418579, 0.847000002861023, 0.8410000205039978, 0.8349999785423279, 0.8309999704360962, 0.8360000252723694, 0.8330000042915344, 0.8360000252723694, 0.8240000009536743, 0.8230000138282776, 0.8259999752044678, 0.8299999833106995, 0.824999988079071, 0.8169999718666077, 0.8130000233650208, 0.8159999847412109, 0.8090000152587891, 0.8059999942779541, 0.8059999942779541, 0.8090000152587891, 0.8050000071525574, 0.8019999861717224, 0.8019999861717224, 0.800000011920929, 0.7979999780654907, 0.7979999780654907, 0.7979999780654907, 0.7940000295639038, 0.7929999828338623, 0.7929999828338623, 0.7929999828338623, 0.7929999828338623, 0.7910000085830688, 0.7850000262260437, 0.781000018119812, 0.7839999794960022, 0.7839999794960022, 0.7839999794960022, 0.781000018119812, 0.7789999842643738, 0.777999997138977, 0.7760000228881836, 0.7770000100135803, 0.7770000100135803, 0.777999997138977, 0.777999997138977, 0.7649999856948853, 0.7680000066757202, 0.7720000147819519, 0.7720000147819519, 0.7770000100135803, 0.765999972820282, 0.7620000243186951, 0.7580000162124634, 0.7620000243186951, 0.7630000114440918, 0.7599999904632568, 0.7609999775886536, 0.7590000033378601, 0.7559999823570251, 0.7590000033378601, 0.7590000033378601, 0.753000020980835, 0.7559999823570251, 0.7519999742507935, 0.7509999871253967, 0.7559999823570251, 0.7559999823570251, 0.746999979019165, 0.7480000257492065, 0.75, 0.75, 0.746999979019165, 0.7440000176429749, 0.7419999837875366, 0.7429999709129333, 0.746999979019165, 0.746999979019165, 0.7509999871253967, 0.7580000162124634, 0.746999979019165, 0.746999979019165, 0.7480000257492065, 0.7450000047683716, 0.7450000047683716, 0.7429999709129333, 0.7450000047683716, 0.7419999837875366, 0.7440000176429749, 0.7419999837875366, 0.7400000095367432, 0.7429999709129333, 0.7429999709129333, 0.7400000095367432, 0.7400000095367432, 0.7379999756813049, 0.7379999756813049, 0.7419999837875366, 0.7440000176429749, 0.7450000047683716, 0.7440000176429749, 0.7429999709129333, 0.7450000047683716, 0.7509999871253967, 0.7480000257492065, 0.7459999918937683, 0.7450000047683716, 0.7429999709129333, 0.7390000224113464, 0.7369999885559082, 0.7440000176429749, 0.7409999966621399, 0.7379999756813049, 0.7390000224113464, 0.7419999837875366, 0.7409999966621399, 0.7409999966621399, 0.7400000095367432, 0.7400000095367432, 0.7390000224113464, 0.7409999966621399, 0.7419999837875366, 0.7419999837875366, 0.7419999837875366, 0.7440000176429749, 0.7360000014305115, 0.7289999723434448, 0.7300000190734863, 0.7390000224113464, 0.7350000143051147, 0.7329999804496765, 0.7310000061988831, 0.7350000143051147, 0.7360000014305115, 0.7400000095367432, 0.7440000176429749, 0.7440000176429749, 0.7279999852180481, 0.7300000190734863, 0.7300000190734863, 0.734000027179718, 0.7360000014305115, 0.7369999885559082, 0.7369999885559082, 0.7419999837875366, 0.7329999804496765, 0.7329999804496765, 0.7329999804496765, 0.7289999723434448, 0.7319999933242798, 0.7360000014305115, 0.7400000095367432, 0.7350000143051147, 0.7310000061988831, 0.7289999723434448, 0.7300000190734863, 0.7329999804496765, 0.7360000014305115, 0.734000027179718, 0.7300000190734863, 0.7279999852180481, 0.7289999723434448, 0.7269999980926514, 0.7260000109672546, 0.7289999723434448, 0.7269999980926514, 0.7279999852180481, 0.7279999852180481, 0.7269999980926514, 0.7269999980926514, 0.7269999980926514, 0.7279999852180481, 0.7269999980926514, 0.7350000143051147, 0.734000027179718, 0.7329999804496765, 0.7300000190734863, 0.7260000109672546, 0.7200000286102295, 0.7210000157356262, 0.7239999771118164, 0.7289999723434448, 0.7269999980926514, 0.7250000238418579, 0.7250000238418579, 0.7229999899864197, 0.7260000109672546, 0.7269999980926514, 0.7279999852180481, 0.7269999980926514, 0.7269999980926514, 0.7269999980926514, 0.7239999771118164, 0.7279999852180481, 0.7279999852180481, 0.7279999852180481, 0.7300000190734863, 0.7300000190734863, 0.7300000190734863, 0.7250000238418579, 0.7260000109672546, 0.7279999852180481, 0.7260000109672546, 0.7250000238418579, 0.7200000286102295, 0.7200000286102295, 0.7260000109672546, 0.7310000061988831, 0.7310000061988831, 0.7289999723434448, 0.7260000109672546, 0.7260000109672546, 0.7329999804496765, 0.7329999804496765, 0.7300000190734863, 0.7260000109672546, 0.7260000109672546, 0.7300000190734863, 0.7300000190734863, 0.7260000109672546, 0.7289999723434448, 0.7369999885559082, 0.734000027179718, 0.7260000109672546, 0.7239999771118164, 0.7250000238418579, 0.7279999852180481, 0.7369999885559082, 0.7319999933242798, 0.7279999852180481, 0.7319999933242798, 0.7390000224113464, 0.7379999756813049, 0.734000027179718, 0.7319999933242798, 0.7319999933242798, 0.7310000061988831, 0.7390000224113464, 0.734000027179718, 0.7379999756813049, 0.7350000143051147, 0.7269999980926514, 0.7369999885559082, 0.7419999837875366, 0.7409999966621399, 0.7390000224113464, 0.7390000224113464, 0.7409999966621399, 0.7400000095367432, 0.7329999804496765, 0.7329999804496765, 0.7329999804496765, 0.7350000143051147, 0.7360000014305115, 0.7350000143051147, 0.7300000190734863, 0.7329999804496765, 0.734000027179718, 0.734000027179718, 0.734000027179718, 0.7360000014305115, 0.7379999756813049, 0.7429999709129333, 0.746999979019165, 0.746999979019165, 0.7329999804496765, 0.7319999933242798, 0.7360000014305115, 0.7429999709129333, 0.7480000257492065, 0.7450000047683716, 0.7429999709129333, 0.7400000095367432, 0.7400000095367432, 0.7379999756813049, 0.7360000014305115, 0.7350000143051147, 0.7450000047683716, 0.7440000176429749, 0.7459999918937683, 0.75, 0.7480000257492065, 0.7429999709129333, 0.7440000176429749, 0.7440000176429749, 0.7440000176429749, 0.7429999709129333, 0.7379999756813049, 0.7450000047683716, 0.7450000047683716, 0.7450000047683716, 0.7429999709129333, 0.7490000128746033, 0.7490000128746033, 0.746999979019165, 0.7450000047683716, 0.7429999709129333, 0.7429999709129333, 0.7419999837875366, 0.746999979019165, 0.7490000128746033, 0.7570000290870667, 0.7570000290870667, 0.7429999709129333, 0.7429999709129333, 0.7570000290870667, 0.7620000243186951, 0.7620000243186951, 0.7540000081062317, 0.7540000081062317, 0.753000020980835, 0.7459999918937683, 0.75, 0.7440000176429749, 0.746999979019165, 0.7570000290870667, 0.7570000290870667, 0.7559999823570251, 0.7559999823570251, 0.7540000081062317, 0.753000020980835, 0.7509999871253967, 0.75, 0.753000020980835, 0.7509999871253967, 0.7509999871253967, 0.7549999952316284, 0.7590000033378601, 0.7609999775886536, 0.7620000243186951, 0.7649999856948853, 0.7590000033378601, 0.7580000162124634, 0.7570000290870667, 0.7590000033378601, 0.7570000290870667, 0.7559999823570251, 0.753000020980835, 0.7559999823570251, 0.7649999856948853, 0.765999972820282, 0.7710000276565552, 0.7670000195503235, 0.7639999985694885, 0.7639999985694885, 0.7630000114440918, 0.7699999809265137, 0.7760000228881836, 0.7630000114440918, 0.7630000114440918, 0.7689999938011169, 0.7699999809265137, 0.7649999856948853, 0.7730000019073486, 0.7739999890327454, 0.7720000147819519, 0.7680000066757202, 0.7689999938011169, 0.7710000276565552, 0.7710000276565552, 0.7730000019073486, 0.7720000147819519, 0.7730000019073486, 0.7749999761581421, 0.7749999761581421, 0.7739999890327454, 0.7760000228881836, 0.7760000228881836, 0.7689999938011169, 0.7689999938011169, 0.7739999890327454, 0.7770000100135803, 0.7720000147819519, 0.7689999938011169, 0.7680000066757202, 0.7760000228881836, 0.7730000019073486, 0.781000018119812, 0.7860000133514404, 0.781000018119812, 0.7760000228881836, 0.7749999761581421, 0.7749999761581421, 0.7739999890327454, 0.7749999761581421, 0.781000018119812, 0.7860000133514404, 0.7839999794960022, 0.7850000262260437, 0.7870000004768372, 0.7789999842643738, 0.7739999890327454, 0.7749999761581421, 0.7770000100135803, 0.7770000100135803, 0.7820000052452087, 0.7799999713897705, 0.7889999747276306, 0.7860000133514404, 0.7829999923706055, 0.7829999923706055, 0.7850000262260437, 0.7879999876022339, 0.7889999747276306, 0.7889999747276306, 0.7870000004768372, 0.7870000004768372, 0.7900000214576721, 0.7860000133514404, 0.7940000295639038, 0.7940000295639038, 0.7879999876022339, 0.7870000004768372, 0.7919999957084656, 0.7889999747276306, 0.7960000038146973, 0.7900000214576721, 0.7910000085830688, 0.7910000085830688, 0.7940000295639038, 0.7940000295639038, 0.7950000166893005, 0.796999990940094, 0.796999990940094, 0.7979999780654907, 0.800000011920929, 0.800000011920929, 0.7990000247955322, 0.8080000281333923, 0.8069999814033508, 0.8050000071525574, 0.8069999814033508, 0.8059999942779541, 0.8090000152587891, 0.8090000152587891, 0.8109999895095825, 0.8119999766349792, 0.8100000023841858, 0.8090000152587891, 0.8080000281333923, 0.8080000281333923, 0.8069999814033508, 0.8080000281333923, 0.8119999766349792, 0.8149999976158142, 0.8149999976158142, 0.8140000104904175, 0.8140000104904175, 0.8209999799728394, 0.8149999976158142, 0.8149999976158142, 0.8090000152587891, 0.8140000104904175, 0.8180000185966492, 0.8180000185966492, 0.8140000104904175, 0.8140000104904175, 0.8140000104904175, 0.8180000185966492, 0.8190000057220459, 0.8199999928474426, 0.8159999847412109, 0.8180000185966492, 0.8230000138282776, 0.828000009059906, 0.828000009059906, 0.8240000009536743, 0.8199999928474426, 0.8209999799728394, 0.8220000267028809, 0.8220000267028809, 0.8159999847412109, 0.8149999976158142, 0.8169999718666077, 0.8220000267028809, 0.8209999799728394, 0.8209999799728394, 0.8130000233650208, 0.8130000233650208, 0.8119999766349792, 0.8109999895095825, 0.8100000023841858, 0.8100000023841858, 0.8140000104904175, 0.8149999976158142, 0.8149999976158142, 0.8109999895095825, 0.7940000295639038, 0.8029999732971191, 0.8029999732971191, 0.8080000281333923, 0.7940000295639038, 0.8080000281333923, 0.8140000104904175, 0.8140000104904175, 0.8159999847412109, 0.8180000185966492, 0.8149999976158142, 0.8149999976158142, 0.8149999976158142, 0.8149999976158142, 0.8159999847412109, 0.8190000057220459, 0.8190000057220459, 0.8159999847412109, 0.8040000200271606, 0.8040000200271606, 0.8069999814033508, 0.8050000071525574, 0.8019999861717224, 0.796999990940094, 0.8019999861717224, 0.8029999732971191, 0.7910000085830688, 0.777999997138977, 0.7829999923706055, 0.7940000295639038, 0.7929999828338623, 0.7950000166893005, 0.7990000247955322, 0.8050000071525574, 0.8090000152587891, 0.8090000152587891, 0.8130000233650208, 0.8190000057220459, 0.828000009059906, 0.828000009059906, 0.8230000138282776, 0.8209999799728394, 0.8180000185966492, 0.8159999847412109, 0.8130000233650208, 0.8209999799728394, 0.8330000042915344, 0.8339999914169312, 0.8220000267028809, 0.824999988079071, 0.824999988079071]
intensities: [1038.0, 1063.0, 1094.0, 1090.0, 1104.0, 1135.0, 1128.0, 1125.0, 1130.0, 1135.0, 1130.0, 1126.0, 1108.0, 1108.0, 1109.0, 1094.0, 1053.0, 935.0, 796.0, 764.0, 847.0, 929.0, 963.0, 991.0, 1023.0, 1048.0, 1064.0, 1118.0, 1142.0, 1216.0, 1245.0, 1253.0, 1279.0, 1276.0, 1280.0, 1281.0, 1275.0, 1279.0, 1280.0, 1291.0, 1273.0, 1297.0, 1291.0, 1307.0, 1301.0, 1306.0, 1299.0, 1307.0, 1307.0, 1313.0, 1313.0, 1307.0, 1303.0, 1303.0, 1303.0, 1311.0, 1323.0, 1300.0, 1306.0, 1313.0, 1312.0, 1311.0, 1316.0, 1325.0, 1317.0, 1324.0, 1324.0, 1323.0, 1322.0, 1323.0, 1324.0, 1325.0, 1326.0, 1323.0, 1323.0, 1323.0, 1329.0, 1328.0, 1317.0, 1320.0, 1324.0, 1319.0, 1315.0, 1297.0, 1280.0, 1276.0, 1283.0, 1288.0, 1294.0, 1298.0, 1296.0, 1284.0, 1276.0, 1283.0, 1280.0, 1277.0, 1269.0, 1272.0, 1272.0, 1265.0, 1263.0, 1270.0, 1265.0, 1255.0, 1255.0, 1248.0, 1254.0, 1255.0, 1237.0, 1237.0, 1256.0, 1241.0, 1227.0, 1229.0, 1232.0, 1198.0, 1207.0, 1200.0, 1197.0, 1188.0, 1193.0, 1188.0, 1198.0, 1183.0, 1169.0, 1165.0, 1154.0, 1160.0, 1159.0, 1145.0, 1130.0, 1153.0, 1144.0, 1140.0, 1139.0, 1136.0, 1136.0, 1135.0, 1117.0, 1114.0, 1118.0, 1123.0, 1114.0, 1113.0, 1108.0, 1117.0, 1117.0, 1133.0, 1127.0, 1120.0, 1124.0, 1122.0, 1129.0, 1138.0, 1138.0, 1108.0, 1116.0, 1095.0, 1088.0, 1102.0, 1107.0, 1096.0, 1094.0, 1090.0, 1086.0, 1102.0, 1094.0, 1098.0, 1110.0, 1098.0, 1089.0, 1109.0, 1106.0, 1106.0, 1107.0, 1114.0, 1107.0, 1109.0, 1102.0, 1097.0, 1095.0, 1088.0, 1105.0, 1110.0, 1105.0, 1099.0, 1080.0, 1091.0, 1085.0, 1092.0, 1111.0, 1107.0, 1086.0, 1092.0, 1096.0, 1089.0, 1084.0, 1081.0, 1081.0, 1084.0, 1083.0, 1076.0, 1064.0, 1067.0, 1081.0, 1064.0, 1076.0, 1067.0, 1078.0, 1074.0, 1064.0, 1069.0, 1072.0, 1077.0, 1078.0, 1061.0, 1068.0, 1068.0, 1061.0, 1063.0, 1063.0, 1054.0, 1055.0, 1060.0, 1074.0, 1074.0, 1086.0, 1073.0, 1083.0, 1072.0, 1076.0, 1085.0, 1089.0, 1056.0, 1065.0, 1059.0, 1063.0, 1067.0, 1060.0, 1050.0, 1040.0, 1032.0, 1031.0, 1033.0, 1045.0, 1038.0, 1053.0, 1047.0, 1032.0, 1022.0, 1018.0, 1012.0, 1020.0, 1017.0, 1024.0, 1028.0, 1038.0, 1031.0, 1047.0, 1034.0, 1026.0, 1019.0, 1006.0, 998.0, 1006.0, 1003.0, 995.0, 1006.0, 1081.0, 1386.0, 1283.0, 989.0, 991.0, 991.0, 993.0, 995.0, 993.0, 1000.0, 1004.0, 1002.0, 1011.0, 1010.0, 1010.0, 1009.0, 1012.0, 1014.0, 1016.0, 1003.0, 1011.0, 1018.0, 1017.0, 1011.0, 1024.0, 1024.0, 1009.0, 1025.0, 1012.0, 1014.0, 1017.0, 1024.0, 1021.0, 1016.0, 1017.0, 1035.0, 1021.0, 1034.0, 1036.0, 1034.0, 1031.0, 1035.0, 1035.0, 1024.0, 1030.0, 1030.0, 1029.0, 1028.0, 1031.0, 1033.0, 1038.0, 1038.0, 1040.0, 1040.0, 1023.0, 1023.0, 1029.0, 1032.0, 1032.0, 1030.0, 1030.0, 1033.0, 1044.0, 1043.0, 1038.0, 1037.0, 1037.0, 1034.0, 1034.0, 1039.0, 1032.0, 1044.0, 1046.0, 1046.0, 1038.0, 1037.0, 1037.0, 1041.0, 1046.0, 1046.0, 1036.0, 1047.0, 1038.0, 1054.0, 1054.0, 1061.0, 1048.0, 1045.0, 1048.0, 1049.0, 1047.0, 1049.0, 1051.0, 1074.0, 1059.0, 1055.0, 1053.0, 1063.0, 1055.0, 1050.0, 1083.0, 1064.0, 1057.0, 1052.0, 1060.0, 1059.0, 1063.0, 1070.0, 1054.0, 1060.0, 1057.0, 1064.0, 1059.0, 1067.0, 1063.0, 1082.0, 1084.0, 1098.0, 1078.0, 1076.0, 1075.0, 1077.0, 1080.0, 1073.0, 1101.0, 1084.0, 1084.0, 1091.0, 1075.0, 1088.0, 1078.0, 1081.0, 1081.0, 1078.0, 1076.0, 1083.0, 1064.0, 1069.0, 1065.0, 1062.0, 1064.0, 1074.0, 1064.0, 1061.0, 1049.0, 1055.0, 1064.0, 1057.0, 1062.0, 1054.0, 1056.0, 1062.0, 1050.0, 1059.0, 1057.0, 1063.0, 1069.0, 1060.0, 1068.0, 1075.0, 1073.0, 1080.0, 1091.0, 1083.0, 1088.0, 1116.0, 1103.0, 1104.0, 1112.0, 1104.0, 1102.0, 1104.0, 1097.0, 1119.0, 1115.0, 1128.0, 1134.0, 1134.0, 1128.0, 1133.0, 1136.0, 1146.0, 1151.0, 1130.0, 1139.0, 1135.0, 1140.0, 1131.0, 1132.0, 1157.0, 1146.0, 1157.0, 1161.0, 1167.0, 1163.0, 1196.0, 1198.0, 1209.0, 1210.0, 1207.0, 1226.0, 1244.0, 1246.0, 1265.0, 1248.0, 1248.0, 1243.0, 1254.0, 1254.0, 1268.0, 1272.0, 1256.0, 1277.0, 1290.0, 1304.0, 1295.0, 1286.0, 1294.0, 1301.0, 1302.0, 1306.0, 1328.0, 1317.0, 1322.0, 1323.0, 1323.0, 1320.0, 1320.0, 1353.0, 1353.0, 1362.0, 1344.0, 1368.0, 1370.0, 1352.0, 1365.0, 1368.0, 1369.0, 1372.0, 1369.0, 1387.0, 1401.0, 1395.0, 1409.0, 1416.0, 1411.0, 1420.0, 1420.0, 1407.0, 1423.0, 1455.0, 1443.0, 1452.0, 1447.0, 1439.0, 1441.0, 1448.0, 1439.0, 1448.0, 1446.0, 1446.0, 1451.0, 1473.0, 1475.0, 1477.0, 1483.0, 1488.0, 1473.0, 1488.0, 1488.0, 1488.0, 1517.0, 1503.0, 1496.0, 1507.0, 1505.0, 1514.0, 1522.0, 1521.0, 1529.0, 1560.0, 1550.0, 1556.0, 1561.0, 1562.0, 1560.0, 1559.0, 1568.0, 1561.0, 1572.0, 1565.0, 1580.0, 1587.0, 1587.0, 1579.0, 1586.0, 1594.0, 1584.0, 1599.0, 1600.0, 1602.0, 1602.0, 1604.0, 1604.0, 1622.0, 1622.0, 1621.0, 1614.0, 1619.0, 1616.0, 1622.0, 1622.0, 1621.0, 1620.0, 1616.0, 1613.0, 1626.0, 1624.0, 1625.0, 1627.0, 1614.0, 1614.0, 1628.0, 1637.0, 1637.0, 1632.0, 1644.0, 1648.0, 1645.0, 1642.0, 1630.0, 1644.0, 1637.0, 1655.0, 1678.0, 1679.0, 1679.0, 1667.0, 1664.0, 1670.0, 1679.0, 1674.0, 1674.0, 1696.0, 1701.0, 1706.0, 1699.0, 1695.0, 1703.0, 1715.0, 1707.0, 1694.0, 1694.0, 1711.0, 1708.0, 1701.0, 1692.0, 1709.0, 1688.0, 1700.0, 1710.0, 1730.0, 1740.0, 1779.0, 1780.0, 1770.0, 1757.0, 1757.0, 1692.0, 1692.0, 1691.0, 1707.0, 1706.0, 1707.0, 1708.0, 1707.0, 1707.0, 1709.0, 1715.0, 1711.0, 1718.0, 1725.0, 1714.0, 1709.0, 1715.0, 1716.0, 1720.0, 1724.0, 1723.0, 1725.0, 1729.0, 1735.0, 1734.0, 1737.0, 1740.0, 1748.0, 1753.0, 1751.0, 1747.0, 1734.0, 1745.0, 1742.0, 1743.0, 1744.0, 1743.0, 1756.0, 1752.0, 1739.0, 1727.0, 1715.0, 1711.0, 1711.0, 1717.0, 1724.0, 1725.0, 1756.0, 1748.0, 1777.0, 1777.0, 1775.0, 1764.0, 1764.0, 1764.0, 1765.0, 1758.0, 1760.0, 1766.0, 1759.0, 1758.0, 1756.0, 1754.0, 1747.0, 1740.0, 1720.0, 1726.0, 1732.0, 1727.0, 1723.0, 1724.0, 1731.0, 1723.0, 1723.0, 1734.0, 1736.0, 1719.0, 1715.0, 1728.0, 1718.0, 1733.0, 1719.0, 1706.0, 1717.0, 1723.0, 1723.0, 1723.0, 1722.0, 1716.0, 1721.0, 1703.0, 1699.0, 1706.0, 1691.0, 1683.0, 1713.0, 1720.0, 1718.0, 1723.0, 1710.0, 1711.0, 1703.0, 1703.0, 1703.0, 1705.0, 1702.0, 1702.0, 1696.0, 1704.0, 1701.0, 1706.0, 1709.0, 1709.0, 1704.0, 1724.0, 1704.0, 1707.0, 1691.0, 1693.0, 1687.0, 1687.0, 1711.0, 1707.0, 1706.0, 1703.0, 1703.0, 1676.0, 1678.0, 1688.0, 1684.0, 1683.0, 1675.0, 1681.0, 1645.0, 1653.0, 1658.0, 1654.0, 1651.0, 1657.0, 1648.0, 1644.0, 1642.0, 1642.0, 1644.0, 1640.0, 1641.0, 1637.0, 1645.0, 1636.0, 1635.0, 1629.0, 1626.0, 1630.0, 1630.0, 1629.0, 1627.0, 1617.0, 1614.0, 1625.0, 1617.0, 1600.0, 1605.0, 1617.0, 1607.0, 1609.0, 1614.0, 1597.0, 1581.0, 1593.0, 1602.0, 1600.0, 1600.0, 1584.0, 1590.0, 1581.0, 1582.0, 1577.0, 1577.0, 1558.0, 1559.0, 1568.0, 1568.0, 1567.0, 1560.0, 1541.0, 1581.0, 1590.0, 1554.0, 1567.0, 1568.0, 1560.0, 1546.0, 1546.0, 1559.0, 1513.0, 1531.0, 1549.0, 1537.0, 1531.0, 1527.0, 1531.0, 1524.0, 1512.0, 1507.0, 1507.0, 1512.0, 1508.0, 1513.0, 1499.0, 1499.0, 1515.0, 1515.0, 1477.0, 1473.0, 1480.0, 1493.0, 1478.0, 1455.0, 1458.0, 1458.0, 1464.0, 1465.0, 1471.0, 1458.0, 1451.0, 1442.0, 1434.0, 1441.0, 1450.0, 1433.0, 1432.0, 1432.0, 1433.0, 1421.0, 1410.0, 1416.0, 1408.0, 1399.0, 1409.0, 1400.0, 1404.0, 1394.0, 1371.0, 1399.0, 1402.0, 1399.0, 1384.0, 1375.0, 1383.0, 1384.0, 1386.0, 1386.0, 1383.0, 1379.0, 1376.0, 1367.0, 1367.0, 1376.0, 1386.0, 1395.0, 1360.0, 1347.0, 1350.0, 1360.0, 1355.0, 1353.0, 1353.0, 1372.0, 1356.0, 1355.0, 1352.0, 1352.0, 1352.0, 1349.0, 1351.0, 1337.0, 1342.0, 1355.0, 1357.0, 1339.0, 1355.0, 1338.0, 1349.0, 1352.0, 1349.0, 1349.0, 1347.0, 1337.0, 1340.0, 1340.0, 1342.0, 1345.0, 1334.0, 1345.0, 1345.0, 1346.0, 1348.0, 1344.0, 1343.0, 1338.0, 1326.0, 1326.0, 1340.0, 1345.0, 1346.0, 1335.0, 1324.0, 1324.0, 1322.0, 1331.0, 1325.0, 1323.0, 1327.0, 1335.0, 1317.0, 1321.0, 1316.0, 1316.0, 1307.0, 1333.0, 1321.0, 1309.0, 1342.0, 1325.0, 1331.0, 1331.0, 1321.0, 1328.0, 1335.0, 1322.0, 1322.0, 1336.0, 1322.0, 1322.0, 1327.0, 1334.0, 1327.0, 1322.0, 1335.0, 1311.0, 1324.0, 1324.0, 1337.0, 1338.0, 1349.0, 1338.0, 1327.0, 1334.0, 1334.0, 1334.0, 1346.0, 1347.0, 1345.0, 1332.0, 1332.0, 1334.0, 1333.0, 1336.0, 1334.0, 1339.0, 1349.0, 1349.0, 1334.0, 1334.0, 1332.0, 1356.0, 1336.0, 1342.0, 1330.0, 1330.0, 1347.0, 1361.0, 1364.0, 1343.0, 1349.0, 1355.0, 1358.0, 1354.0, 1380.0, 1385.0, 1378.0, 1381.0, 1380.0, 1369.0, 1371.0, 1370.0, 1375.0, 1379.0, 1379.0, 1379.0, 1401.0, 1377.0, 1369.0, 1396.0, 1395.0, 1388.0, 1393.0, 1390.0, 1400.0, 1414.0, 1409.0, 1409.0, 1408.0, 1422.0, 1418.0, 1423.0, 1422.0, 1422.0, 1430.0, 1447.0, 1435.0, 1433.0, 1450.0, 1459.0, 1468.0, 1468.0, 1483.0, 1472.0, 1478.0, 1474.0, 1497.0, 1520.0, 1502.0, 1477.0, 1472.0, 1483.0, 1477.0, 1500.0, 1496.0, 1494.0, 1493.0, 1484.0, 1480.0, 1494.0, 1487.0, 1480.0, 1497.0, 1504.0, 1504.0, 1485.0, 1503.0, 1499.0, 1487.0, 1480.0, 1480.0]