header: 
  seq: 2009
  stamp: 
    secs: 1548820807
    nsecs: 414038547
  frame_id: "base_link"
angle_min: -2.35619449615
angle_max: 2.35619449615
angle_increment: 0.00436332309619
time_increment: 1.73611151695e-05
scan_time: 0.0250000003725
range_min: 0.019999999553
range_max: 30.0
ranges: [0.28299999237060547, 0.2800000011920929, 0.2759999930858612, 0.2809999883174896, 0.2770000100135803, 0.2759999930858612, 0.27900001406669617, 0.28200000524520874, 0.28200000524520874, 0.2669999897480011, 0.26600000262260437, 0.27000001072883606, 0.2759999930858612, 0.2750000059604645, 0.27399998903274536, 0.26100000739097595, 0.26100000739097595, 0.24500000476837158, 0.24899999797344208, 0.23800000548362732, 0.2639999985694885, 0.2549999952316284, 0.2709999978542328, 0.27000001072883606, 0.27000001072883606, 0.26899999380111694, 0.25999999046325684, 0.25, 0.24899999797344208, 0.2590000033378601, 0.2750000059604645, 0.27300000190734863, 0.2680000066757202, 0.26499998569488525, 0.2680000066757202, 0.2630000114440918, 0.2619999945163727, 0.2619999945163727, 0.2630000114440918, 0.2680000066757202, 0.26499998569488525, 0.26100000739097595, 0.25999999046325684, 0.2590000033378601, 0.2590000033378601, 0.2619999945163727, 0.2630000114440918, 0.2709999978542328, 0.2590000033378601, 0.2590000033378601, 0.2540000081062317, 0.257999986410141, 0.257999986410141, 0.26600000262260437, 0.26600000262260437, 0.26600000262260437, 0.2630000114440918, 0.25600001215934753, 0.25600001215934753, 0.25999999046325684, 0.25999999046325684, 0.25699999928474426, 0.257999986410141, 0.257999986410141, 0.2680000066757202, 0.2669999897480011, 0.26600000262260437, 0.2630000114440918, 0.26600000262260437, 0.2529999911785126, 0.24799999594688416, 0.2549999952316284, 0.257999986410141, 0.25999999046325684, 0.26499998569488525, 0.2630000114440918, 0.2630000114440918, 0.26499998569488525, 0.26499998569488525, 0.26100000739097595, 0.26100000739097595, 0.2590000033378601, 0.257999986410141, 0.25699999928474426, 0.25600001215934753, 0.2540000081062317, 0.257999986410141, 0.26100000739097595, 0.26100000739097595, 0.2619999945163727, 0.2590000033378601, 0.2669999897480011, 0.2669999897480011, 0.27000001072883606, 0.27000001072883606, 0.2709999978542328, 0.26899999380111694, 0.2680000066757202, 0.2669999897480011, 0.27799999713897705, 0.27799999713897705, 0.2720000147819519, 0.2619999945163727, 0.26600000262260437, 0.2639999985694885, 0.2619999945163727, 0.26100000739097595, 0.26899999380111694, 0.2709999978542328, 0.27300000190734863, 0.2709999978542328, 0.26499998569488525, 0.2630000114440918, 0.26499998569488525, 0.26600000262260437, 0.2669999897480011, 0.2709999978542328, 0.27399998903274536, 0.2720000147819519, 0.2709999978542328, 0.2750000059604645, 0.2800000011920929, 0.2770000100135803, 0.27300000190734863, 0.26600000262260437, 0.2759999930858612, 0.2759999930858612, 0.27399998903274536, 0.27399998903274536, 0.27799999713897705, 0.2800000011920929, 0.2770000100135803, 0.2759999930858612, 0.27799999713897705, 0.28999999165534973, 0.28999999165534973, 0.29499998688697815, 0.29499998688697815, 0.29499998688697815, 0.29899999499320984, 0.30399999022483826, 0.3050000071525574, 0.3070000112056732, 0.3019999861717224, 0.3109999895095825, 0.3140000104904175, 0.3179999887943268, 0.328000009059906, 0.33500000834465027, 0.33399999141693115, 0.328000009059906, 0.3330000042915344, 0.3370000123977661, 0.3319999873638153, 0.3269999921321869, 0.3400000035762787, 0.34200000762939453, 0.34200000762939453, 0.34599998593330383, 0.3529999852180481, 0.3529999852180481, 0.3529999852180481, 0.3610000014305115, 0.36800000071525574, 0.36899998784065247, 0.3700000047683716, 0.36800000071525574, 0.3709999918937683, 0.375, 0.38199999928474426, 0.3930000066757202, 0.3919999897480011, 0.3959999978542328, 0.40299999713897705, 0.41100001335144043, 0.41499999165534973, 0.4169999957084656, 0.4169999957084656, 0.41600000858306885, 0.41999998688697815, 0.4309999942779541, 0.4350000023841858, 0.4350000023841858, 0.4429999887943268, 0.44600000977516174, 0.453000009059906, 0.45500001311302185, 0.4699999988079071, 0.4699999988079071, 0.47600001096725464, 0.4740000069141388, 0.4819999933242798, 0.4860000014305115, 0.5, 0.503000020980835, 0.5090000033378601, 0.5109999775886536, 0.5230000019073486, 0.5289999842643738, 0.5329999923706055, 0.5350000262260437, 0.550000011920929, 0.5609999895095825, 0.5619999766349792, 0.5720000267028809, 0.5770000219345093, 0.5809999704360962, 0.5960000157356262, 0.6100000143051147, 0.621999979019165, 0.6299999952316284, 0.6439999938011169, 0.6470000147819519, 0.6489999890327454, 0.6679999828338623, 0.6869999766349792, 0.6940000057220459, 0.7070000171661377, 0.7149999737739563, 0.7289999723434448, 0.7490000128746033, 0.7739999890327454, 0.7900000214576721, 0.8009999990463257, 0.8130000233650208, 0.8360000252723694, 0.8510000109672546, 0.8679999709129333, 0.8849999904632568, 0.902999997138977, 0.9240000247955322, 0.9409999847412109, 0.9760000109672546, 1.0049999952316284, 1.0429999828338623, 1.090000033378601, 1.2050000429153442, 1.3919999599456787, 2.188999891281128, 2.191999912261963, 2.187999963760376, 2.187999963760376, 2.187999963760376, 2.187000036239624, 2.1760001182556152, 2.177000045776367, 2.180000066757202, 2.174999952316284, 2.1679999828338623, 2.1610000133514404, 2.1530001163482666, 2.1449999809265137, 2.1389999389648438, 2.138000011444092, 2.1449999809265137, 2.135999917984009, 2.125999927520752, 2.125999927520752, 2.122999906539917, 2.11299991607666, 2.114000082015991, 2.114000082015991, 2.114000082015991, 2.1040000915527344, 2.0989999771118164, 2.0980000495910645, 2.0920000076293945, 2.0899999141693115, 2.0880000591278076, 2.0880000591278076, 2.0889999866485596, 2.0850000381469727, 2.0850000381469727, 2.0829999446868896, 2.0769999027252197, 2.0769999027252197, 2.065000057220459, 2.065000057220459, 2.062999963760376, 2.063999891281128, 2.069000005722046, 2.065000057220459, 2.052000045776367, 2.049999952316284, 2.0439999103546143, 2.0399999618530273, 2.0380001068115234, 2.0369999408721924, 2.0360000133514404, 2.0320000648498535, 2.0290000438690186, 2.0199999809265137, 2.0250000953674316, 2.0269999504089355, 2.0209999084472656, 2.01200008392334, 2.0139999389648438, 2.009999990463257, 2.01200008392334, 2.00600004196167, 1.9900000095367432, 1.9919999837875366, 1.9900000095367432, 1.9880000352859497, 1.9889999628067017, 1.9850000143051147, 1.9819999933242798, 1.9700000286102295, 1.965999960899353, 1.965999960899353, 1.9609999656677246, 1.9609999656677246, 1.9509999752044678, 1.9479999542236328, 1.9490000009536743, 1.9450000524520874, 1.937999963760376, 1.934000015258789, 1.934000015258789, 1.9270000457763672, 1.9249999523162842, 1.909000039100647, 1.902999997138977, 1.902999997138977, 1.8969999551773071, 1.8919999599456787, 1.8880000114440918, 1.878000020980835, 1.8680000305175781, 1.8680000305175781, 1.8630000352859497, 1.8630000352859497, 1.8609999418258667, 1.8559999465942383, 1.8389999866485596, 1.8339999914169312, 1.8229999542236328, 1.8229999542236328, 1.8200000524520874, 1.8170000314712524, 1.812999963760376, 1.8070000410079956, 1.7979999780654907, 1.7869999408721924, 1.784999966621399, 1.7769999504089355, 1.7690000534057617, 1.7710000276565552, 1.7589999437332153, 1.7519999742507935, 1.7480000257492065, 1.7450000047683716, 1.7339999675750732, 1.7230000495910645, 1.7170000076293945, 1.7120000123977661, 1.7070000171661377, 1.6959999799728394, 1.690999984741211, 1.684999942779541, 1.684000015258789, 1.6759999990463257, 1.6679999828338623, 1.656000018119812, 1.6480000019073486, 1.6369999647140503, 1.6339999437332153, 1.6299999952316284, 1.6160000562667847, 1.6080000400543213, 1.6059999465942383, 1.600000023841858, 1.5880000591278076, 1.5740000009536743, 1.5709999799728394, 1.5529999732971191, 1.5479999780654907, 1.5449999570846558, 1.5399999618530273, 1.527999997138977, 1.5240000486373901, 1.5160000324249268, 1.5069999694824219, 1.4989999532699585, 1.4910000562667847, 1.4759999513626099, 1.4609999656677246, 1.4600000381469727, 1.4539999961853027, 1.4500000476837158, 1.4290000200271606, 1.4249999523162842, 1.4129999876022339, 1.4049999713897705, 1.3930000066757202, 1.3830000162124634, 1.3739999532699585, 1.3630000352859497, 1.3489999771118164, 1.343000054359436, 1.3339999914169312, 1.3289999961853027, 1.3250000476837158, 1.315999984741211, 1.3109999895095825, 1.2920000553131104, 1.2799999713897705, 1.2760000228881836, 1.2680000066757202, 1.2549999952316284, 1.2489999532699585, 1.2480000257492065, 1.2359999418258667, 1.2289999723434448, 1.2120000123977661, 1.2079999446868896, 1.2020000219345093, 1.194000005722046, 1.1890000104904175, 1.1770000457763672, 1.1690000295639038, 1.1619999408721924, 1.1540000438690186, 1.1490000486373901, 1.1419999599456787, 1.1369999647140503, 1.1299999952316284, 1.11899995803833, 1.1180000305175781, 1.1130000352859497, 1.100000023841858, 1.0889999866485596, 1.0859999656677246, 1.0829999446868896, 1.0809999704360962, 1.0759999752044678, 1.0740000009536743, 1.0829999446868896, 1.069000005722046, 1.0609999895095825, 1.0479999780654907, 1.0460000038146973, 1.0479999780654907, 1.0429999828338623, 1.0360000133514404, 1.0329999923706055, 1.031999945640564, 1.0260000228881836, 1.0180000066757202, 1.0149999856948853, 1.0130000114440918, 1.003000020980835, 0.9990000128746033, 0.9869999885559082, 0.9879999756813049, 0.984000027179718, 0.9819999933242798, 0.9819999933242798, 0.9819999933242798, 0.9639999866485596, 0.9639999866485596, 0.9670000076293945, 0.9660000205039978, 0.9599999785423279, 0.9549999833106995, 0.953000009059906, 0.9480000138282776, 0.9470000267028809, 0.9399999976158142, 0.9430000185966492, 0.9359999895095825, 0.9350000023841858, 0.9350000023841858, 0.9330000281333923, 0.9169999957084656, 0.9200000166893005, 0.9240000247955322, 0.9229999780654907, 0.9169999957084656, 0.9110000133514404, 0.906000018119812, 0.906000018119812, 0.8999999761581421, 0.8960000276565552, 0.8920000195503235, 0.8840000033378601, 0.8859999775886536, 0.8830000162124634, 0.8830000162124634, 0.8799999952316284, 0.8799999952316284, 0.8809999823570251, 0.875, 0.8679999709129333, 0.8629999756813049, 0.8579999804496765, 0.8569999933242798, 0.8610000014305115, 0.8560000061988831, 0.8519999980926514, 0.8519999980926514, 0.8519999980926514, 0.8529999852180481, 0.8510000109672546, 0.847000002861023, 0.8410000205039978, 0.8370000123977661, 0.8370000123977661, 0.8360000252723694, 0.8420000076293945, 0.8420000076293945, 0.8360000252723694, 0.8339999914169312, 0.8330000042915344, 0.8339999914169312, 0.8299999833106995, 0.8349999785423279, 0.8240000009536743, 0.8190000057220459, 0.8190000057220459, 0.8159999847412109, 0.8140000104904175, 0.8090000152587891, 0.8090000152587891, 0.8080000281333923, 0.8149999976158142, 0.8029999732971191, 0.8040000200271606, 0.8040000200271606, 0.8040000200271606, 0.800000011920929, 0.800000011920929, 0.796999990940094, 0.7950000166893005, 0.7960000038146973, 0.7929999828338623, 0.7910000085830688, 0.7919999957084656, 0.7919999957084656, 0.7910000085830688, 0.7910000085830688, 0.7870000004768372, 0.777999997138977, 0.777999997138977, 0.7829999923706055, 0.7829999923706055, 0.7699999809265137, 0.7670000195503235, 0.7670000195503235, 0.7680000066757202, 0.765999972820282, 0.7580000162124634, 0.7609999775886536, 0.7630000114440918, 0.7639999985694885, 0.7609999775886536, 0.7590000033378601, 0.7580000162124634, 0.7570000290870667, 0.7570000290870667, 0.7559999823570251, 0.7590000033378601, 0.7570000290870667, 0.7570000290870667, 0.7549999952316284, 0.7509999871253967, 0.7509999871253967, 0.7509999871253967, 0.7490000128746033, 0.7490000128746033, 0.746999979019165, 0.7440000176429749, 0.75, 0.7440000176429749, 0.7440000176429749, 0.7440000176429749, 0.7440000176429749, 0.7409999966621399, 0.7400000095367432, 0.734000027179718, 0.7319999933242798, 0.7369999885559082, 0.7369999885559082, 0.7379999756813049, 0.7360000014305115, 0.7329999804496765, 0.7300000190734863, 0.7329999804496765, 0.734000027179718, 0.7329999804496765, 0.7329999804496765, 0.7310000061988831, 0.7289999723434448, 0.7269999980926514, 0.7350000143051147, 0.7350000143051147, 0.7279999852180481, 0.7279999852180481, 0.7279999852180481, 0.7289999723434448, 0.7279999852180481, 0.7319999933242798, 0.7250000238418579, 0.7250000238418579, 0.7250000238418579, 0.734000027179718, 0.734000027179718, 0.7329999804496765, 0.7279999852180481, 0.7250000238418579, 0.7319999933242798, 0.7400000095367432, 0.7260000109672546, 0.7239999771118164, 0.7179999947547913, 0.7170000076293945, 0.722000002861023, 0.7269999980926514, 0.722000002861023, 0.7229999899864197, 0.7250000238418579, 0.7260000109672546, 0.7279999852180481, 0.7289999723434448, 0.7289999723434448, 0.7300000190734863, 0.7279999852180481, 0.7289999723434448, 0.7260000109672546, 0.7269999980926514, 0.722000002861023, 0.7229999899864197, 0.718999981880188, 0.7200000286102295, 0.718999981880188, 0.7210000157356262, 0.722000002861023, 0.7250000238418579, 0.7239999771118164, 0.7229999899864197, 0.7210000157356262, 0.718999981880188, 0.718999981880188, 0.7149999737739563, 0.7120000123977661, 0.7149999737739563, 0.7149999737739563, 0.7179999947547913, 0.7200000286102295, 0.7200000286102295, 0.722000002861023, 0.7229999899864197, 0.7229999899864197, 0.7250000238418579, 0.7229999899864197, 0.7179999947547913, 0.7179999947547913, 0.7210000157356262, 0.7110000252723694, 0.7110000252723694, 0.7120000123977661, 0.7200000286102295, 0.718999981880188, 0.718999981880188, 0.7120000123977661, 0.7149999737739563, 0.7149999737739563, 0.7149999737739563, 0.7139999866485596, 0.7129999995231628, 0.7110000252723694, 0.7160000205039978, 0.7160000205039978, 0.7120000123977661, 0.7129999995231628, 0.718999981880188, 0.7200000286102295, 0.7099999785423279, 0.7089999914169312, 0.7089999914169312, 0.7080000042915344, 0.7129999995231628, 0.7129999995231628, 0.7129999995231628, 0.7110000252723694, 0.7099999785423279, 0.7129999995231628, 0.7139999866485596, 0.7160000205039978, 0.7179999947547913, 0.718999981880188, 0.7200000286102295, 0.7099999785423279, 0.703000009059906, 0.7059999704360962, 0.7089999914169312, 0.7110000252723694, 0.7120000123977661, 0.7080000042915344, 0.7080000042915344, 0.7099999785423279, 0.7080000042915344, 0.7059999704360962, 0.7049999833106995, 0.7059999704360962, 0.7080000042915344, 0.7110000252723694, 0.7080000042915344, 0.7099999785423279, 0.7099999785423279, 0.7099999785423279, 0.7059999704360962, 0.7070000171661377, 0.7020000219345093, 0.7049999833106995, 0.7039999961853027, 0.7059999704360962, 0.703000009059906, 0.7020000219345093, 0.7039999961853027, 0.703000009059906, 0.7020000219345093, 0.7039999961853027, 0.7080000042915344, 0.7080000042915344, 0.7120000123977661, 0.7149999737739563, 0.7120000123977661, 0.7070000171661377, 0.7009999752044678, 0.7009999752044678, 0.7049999833106995, 0.7049999833106995, 0.7049999833106995, 0.7009999752044678, 0.7070000171661377, 0.7080000042915344, 0.7059999704360962, 0.7049999833106995, 0.7020000219345093, 0.7009999752044678, 0.703000009059906, 0.7059999704360962, 0.7049999833106995, 0.7049999833106995, 0.699999988079071, 0.6990000009536743, 0.6990000009536743, 0.7020000219345093, 0.6990000009536743, 0.7020000219345093, 0.7039999961853027, 0.7039999961853027, 0.7039999961853027, 0.703000009059906, 0.7080000042915344, 0.7080000042915344, 0.6980000138282776, 0.6980000138282776, 0.6970000267028809, 0.6990000009536743, 0.703000009059906, 0.7039999961853027, 0.7039999961853027, 0.7039999961853027, 0.7039999961853027, 0.7059999704360962, 0.7059999704360962, 0.7149999737739563, 0.7059999704360962, 0.7020000219345093, 0.7020000219345093, 0.7049999833106995, 0.7080000042915344, 0.7059999704360962, 0.7049999833106995, 0.7059999704360962, 0.7080000042915344, 0.7080000042915344, 0.7080000042915344, 0.7059999704360962, 0.7059999704360962, 0.7059999704360962, 0.7080000042915344, 0.7080000042915344, 0.7020000219345093, 0.7009999752044678, 0.7080000042915344, 0.7080000042915344, 0.7080000042915344, 0.699999988079071, 0.7080000042915344, 0.7070000171661377, 0.7049999833106995, 0.7009999752044678, 0.7020000219345093, 0.7020000219345093, 0.7059999704360962, 0.7099999785423279, 0.7080000042915344, 0.7099999785423279, 0.7110000252723694, 0.7099999785423279, 0.7070000171661377, 0.7070000171661377, 0.7129999995231628, 0.7110000252723694, 0.7089999914169312, 0.7089999914169312, 0.7089999914169312, 0.7120000123977661, 0.7129999995231628, 0.7129999995231628, 0.7129999995231628, 0.7129999995231628, 0.7129999995231628, 0.7129999995231628, 0.7149999737739563, 0.718999981880188, 0.7110000252723694, 0.7160000205039978, 0.7160000205039978, 0.7160000205039978, 0.7160000205039978, 0.7200000286102295, 0.7229999899864197, 0.7179999947547913, 0.7160000205039978, 0.7160000205039978, 0.7129999995231628, 0.7120000123977661, 0.7129999995231628, 0.7170000076293945, 0.7200000286102295, 0.7200000286102295, 0.7170000076293945, 0.7269999980926514, 0.7260000109672546, 0.7250000238418579, 0.7200000286102295, 0.7200000286102295, 0.722000002861023, 0.7239999771118164, 0.7229999899864197, 0.7210000157356262, 0.7229999899864197, 0.7229999899864197, 0.7229999899864197, 0.7229999899864197, 0.7269999980926514, 0.7329999804496765, 0.7210000157356262, 0.7210000157356262, 0.7269999980926514, 0.7260000109672546, 0.7229999899864197, 0.7250000238418579, 0.7260000109672546, 0.7260000109672546, 0.7329999804496765, 0.7310000061988831, 0.7310000061988831, 0.7300000190734863, 0.7300000190734863, 0.7300000190734863, 0.7289999723434448, 0.7310000061988831, 0.734000027179718, 0.7310000061988831, 0.7289999723434448, 0.7289999723434448, 0.7319999933242798, 0.734000027179718, 0.7289999723434448, 0.7310000061988831, 0.7300000190734863, 0.7350000143051147, 0.7369999885559082, 0.7429999709129333, 0.7329999804496765, 0.7329999804496765, 0.7329999804496765, 0.7329999804496765, 0.734000027179718, 0.7360000014305115, 0.7360000014305115, 0.734000027179718, 0.7400000095367432, 0.7450000047683716, 0.7419999837875366, 0.7390000224113464, 0.7390000224113464, 0.7350000143051147, 0.7419999837875366, 0.7419999837875366, 0.7409999966621399, 0.7429999709129333, 0.7440000176429749, 0.746999979019165, 0.7440000176429749, 0.7440000176429749, 0.7450000047683716, 0.746999979019165, 0.746999979019165, 0.7450000047683716, 0.7440000176429749, 0.7459999918937683, 0.7490000128746033, 0.746999979019165, 0.746999979019165, 0.746999979019165, 0.746999979019165, 0.7450000047683716, 0.746999979019165, 0.7490000128746033, 0.7540000081062317, 0.7540000081062317, 0.7580000162124634, 0.7519999742507935, 0.7519999742507935, 0.7480000257492065, 0.7509999871253967, 0.753000020980835, 0.7540000081062317, 0.7549999952316284, 0.7570000290870667, 0.7549999952316284, 0.753000020980835, 0.7509999871253967, 0.753000020980835, 0.7549999952316284, 0.7549999952316284, 0.7570000290870667, 0.7549999952316284, 0.7549999952316284, 0.7559999823570251, 0.7570000290870667, 0.7580000162124634, 0.7590000033378601, 0.7590000033378601, 0.7639999985694885, 0.765999972820282, 0.7680000066757202, 0.7680000066757202, 0.7680000066757202, 0.7680000066757202, 0.7680000066757202, 0.7689999938011169, 0.7699999809265137, 0.7670000195503235, 0.7670000195503235, 0.7699999809265137, 0.7720000147819519, 0.7720000147819519, 0.7720000147819519, 0.7720000147819519, 0.7720000147819519, 0.7720000147819519, 0.7680000066757202, 0.7680000066757202, 0.765999972820282, 0.7710000276565552, 0.7789999842643738, 0.777999997138977, 0.777999997138977, 0.777999997138977, 0.7789999842643738, 0.7820000052452087, 0.7839999794960022, 0.781000018119812, 0.781000018119812, 0.777999997138977, 0.7799999713897705, 0.7789999842643738, 0.777999997138977, 0.7770000100135803, 0.7770000100135803, 0.777999997138977, 0.7889999747276306, 0.7879999876022339, 0.7919999957084656, 0.7860000133514404, 0.7850000262260437, 0.7900000214576721, 0.7960000038146973, 0.7919999957084656, 0.7919999957084656, 0.7929999828338623, 0.800000011920929, 0.8019999861717224, 0.7990000247955322, 0.7929999828338623, 0.7900000214576721, 0.7919999957084656, 0.7979999780654907, 0.7960000038146973, 0.7929999828338623, 0.7960000038146973, 0.796999990940094, 0.7979999780654907, 0.7960000038146973, 0.7960000038146973, 0.7990000247955322, 0.800000011920929, 0.8009999990463257, 0.8019999861717224, 0.8090000152587891, 0.8040000200271606, 0.7960000038146973, 0.7990000247955322, 0.8019999861717224, 0.800000011920929, 0.7990000247955322, 0.796999990940094, 0.7950000166893005, 0.7900000214576721, 0.7910000085830688, 0.7929999828338623, 0.7919999957084656, 0.7900000214576721, 0.7960000038146973, 0.7979999780654907, 0.7979999780654907, 0.7950000166893005, 0.7929999828338623, 0.7929999828338623, 0.7929999828338623, 0.7910000085830688, 0.7879999876022339, 0.7879999876022339, 0.7929999828338623, 0.7860000133514404, 0.7860000133514404, 0.7879999876022339, 0.7910000085830688, 0.7900000214576721, 0.7929999828338623, 0.7929999828338623, 0.7960000038146973, 0.7979999780654907, 0.7990000247955322, 0.800000011920929, 0.8009999990463257, 0.800000011920929, 0.7979999780654907, 0.800000011920929, 0.8019999861717224, 0.800000011920929, 0.7979999780654907, 0.7979999780654907, 0.7979999780654907, 0.7820000052452087, 0.7870000004768372, 0.7850000262260437, 0.7910000085830688, 0.7789999842643738, 0.7770000100135803, 0.7770000100135803, 0.7799999713897705, 0.7829999923706055, 0.7820000052452087, 0.7820000052452087, 0.7979999780654907, 0.8009999990463257, 0.8029999732971191, 0.8029999732971191, 0.8069999814033508, 0.8100000023841858, 0.8149999976158142, 0.8159999847412109, 0.8119999766349792, 0.8130000233650208, 0.8119999766349792, 0.8130000233650208, 0.8130000233650208, 0.8159999847412109, 0.8289999961853027, 0.8299999833106995, 0.828000009059906, 0.8270000219345093, 0.828000009059906]
intensities: [1088.0, 1105.0, 1109.0, 1147.0, 1221.0, 1233.0, 1266.0, 1302.0, 1302.0, 1305.0, 1297.0, 1299.0, 1295.0, 1278.0, 1262.0, 1101.0, 1075.0, 938.0, 889.0, 823.0, 875.0, 936.0, 1017.0, 1020.0, 1020.0, 1068.0, 1066.0, 1132.0, 1201.0, 1266.0, 1369.0, 1368.0, 1378.0, 1386.0, 1388.0, 1397.0, 1399.0, 1423.0, 1409.0, 1419.0, 1415.0, 1414.0, 1404.0, 1396.0, 1396.0, 1397.0, 1403.0, 1435.0, 1415.0, 1424.0, 1417.0, 1418.0, 1420.0, 1436.0, 1433.0, 1433.0, 1441.0, 1437.0, 1442.0, 1433.0, 1429.0, 1427.0, 1421.0, 1421.0, 1434.0, 1423.0, 1409.0, 1397.0, 1403.0, 1393.0, 1396.0, 1380.0, 1382.0, 1380.0, 1382.0, 1380.0, 1380.0, 1383.0, 1382.0, 1354.0, 1357.0, 1346.0, 1329.0, 1337.0, 1320.0, 1332.0, 1325.0, 1323.0, 1323.0, 1318.0, 1318.0, 1310.0, 1311.0, 1309.0, 1308.0, 1307.0, 1290.0, 1287.0, 1274.0, 1296.0, 1283.0, 1272.0, 1269.0, 1256.0, 1250.0, 1238.0, 1230.0, 1247.0, 1238.0, 1240.0, 1244.0, 1244.0, 1244.0, 1233.0, 1215.0, 1206.0, 1222.0, 1212.0, 1187.0, 1182.0, 1164.0, 1159.0, 1162.0, 1161.0, 1156.0, 1143.0, 1132.0, 1113.0, 1104.0, 1121.0, 1133.0, 1131.0, 1127.0, 1102.0, 1133.0, 1128.0, 1142.0, 1142.0, 1133.0, 1122.0, 1120.0, 1131.0, 1142.0, 1114.0, 1135.0, 1087.0, 1097.0, 1110.0, 1113.0, 1110.0, 1090.0, 1099.0, 1094.0, 1082.0, 1071.0, 1082.0, 1090.0, 1090.0, 1090.0, 1103.0, 1114.0, 1100.0, 1087.0, 1099.0, 1105.0, 1082.0, 1092.0, 1083.0, 1091.0, 1099.0, 1124.0, 1112.0, 1116.0, 1101.0, 1112.0, 1114.0, 1107.0, 1098.0, 1092.0, 1099.0, 1110.0, 1104.0, 1093.0, 1093.0, 1095.0, 1113.0, 1092.0, 1099.0, 1099.0, 1089.0, 1077.0, 1081.0, 1080.0, 1090.0, 1088.0, 1093.0, 1107.0, 1089.0, 1090.0, 1097.0, 1097.0, 1095.0, 1091.0, 1085.0, 1078.0, 1084.0, 1084.0, 1069.0, 1043.0, 1054.0, 1047.0, 1055.0, 1061.0, 1055.0, 1071.0, 1057.0, 1050.0, 1051.0, 1032.0, 1042.0, 1048.0, 1038.0, 1043.0, 1059.0, 1055.0, 1051.0, 1048.0, 1040.0, 1025.0, 1021.0, 1006.0, 1001.0, 995.0, 1017.0, 1032.0, 1067.0, 1340.0, 1292.0, 965.0, 980.0, 974.0, 974.0, 974.0, 980.0, 977.0, 978.0, 980.0, 987.0, 987.0, 984.0, 989.0, 993.0, 995.0, 998.0, 995.0, 1000.0, 1003.0, 1003.0, 1001.0, 993.0, 1003.0, 1004.0, 1003.0, 1006.0, 1003.0, 1002.0, 1004.0, 1010.0, 1002.0, 1002.0, 1016.0, 1014.0, 1014.0, 1018.0, 1010.0, 1013.0, 1021.0, 1015.0, 1016.0, 1009.0, 1036.0, 1024.0, 1024.0, 1020.0, 1018.0, 1024.0, 1022.0, 1022.0, 1016.0, 1024.0, 1018.0, 1015.0, 1019.0, 1021.0, 1032.0, 1025.0, 1032.0, 1013.0, 1023.0, 1027.0, 1005.0, 1021.0, 1010.0, 1015.0, 1014.0, 1021.0, 1025.0, 1023.0, 1015.0, 1023.0, 1012.0, 1022.0, 1015.0, 1015.0, 1024.0, 1020.0, 1012.0, 1026.0, 1027.0, 1029.0, 1024.0, 1023.0, 1020.0, 1020.0, 1012.0, 1021.0, 1019.0, 1021.0, 1027.0, 1026.0, 1023.0, 1032.0, 1024.0, 1030.0, 1029.0, 1032.0, 1029.0, 1020.0, 1027.0, 1032.0, 1032.0, 1034.0, 1033.0, 1027.0, 1036.0, 1023.0, 1015.0, 1031.0, 1043.0, 1034.0, 1034.0, 1034.0, 1031.0, 1037.0, 1038.0, 1027.0, 1037.0, 1038.0, 1032.0, 1036.0, 1040.0, 1043.0, 1038.0, 1037.0, 1055.0, 1043.0, 1039.0, 1042.0, 1053.0, 1048.0, 1047.0, 1044.0, 1037.0, 1051.0, 1062.0, 1045.0, 1045.0, 1049.0, 1064.0, 1044.0, 1060.0, 1054.0, 1060.0, 1058.0, 1056.0, 1074.0, 1051.0, 1056.0, 1048.0, 1051.0, 1057.0, 1059.0, 1063.0, 1064.0, 1071.0, 1074.0, 1086.0, 1081.0, 1089.0, 1094.0, 1093.0, 1102.0, 1105.0, 1107.0, 1115.0, 1116.0, 1111.0, 1121.0, 1111.0, 1116.0, 1130.0, 1122.0, 1111.0, 1116.0, 1118.0, 1113.0, 1109.0, 1117.0, 1116.0, 1106.0, 1103.0, 1093.0, 1119.0, 1110.0, 1118.0, 1126.0, 1138.0, 1138.0, 1128.0, 1131.0, 1127.0, 1147.0, 1170.0, 1175.0, 1191.0, 1185.0, 1191.0, 1219.0, 1223.0, 1222.0, 1226.0, 1226.0, 1230.0, 1233.0, 1235.0, 1245.0, 1247.0, 1251.0, 1270.0, 1264.0, 1260.0, 1275.0, 1280.0, 1266.0, 1286.0, 1290.0, 1328.0, 1328.0, 1334.0, 1340.0, 1337.0, 1347.0, 1357.0, 1371.0, 1349.0, 1358.0, 1355.0, 1373.0, 1378.0, 1383.0, 1377.0, 1380.0, 1380.0, 1398.0, 1409.0, 1409.0, 1409.0, 1415.0, 1433.0, 1418.0, 1438.0, 1438.0, 1450.0, 1440.0, 1457.0, 1452.0, 1453.0, 1456.0, 1455.0, 1458.0, 1454.0, 1466.0, 1482.0, 1483.0, 1470.0, 1490.0, 1480.0, 1509.0, 1509.0, 1498.0, 1509.0, 1512.0, 1516.0, 1523.0, 1522.0, 1516.0, 1532.0, 1523.0, 1536.0, 1530.0, 1540.0, 1533.0, 1519.0, 1522.0, 1545.0, 1553.0, 1548.0, 1558.0, 1561.0, 1568.0, 1552.0, 1536.0, 1556.0, 1556.0, 1546.0, 1569.0, 1584.0, 1589.0, 1589.0, 1582.0, 1579.0, 1584.0, 1586.0, 1595.0, 1577.0, 1585.0, 1594.0, 1607.0, 1607.0, 1606.0, 1606.0, 1608.0, 1613.0, 1612.0, 1610.0, 1617.0, 1623.0, 1617.0, 1617.0, 1644.0, 1649.0, 1622.0, 1642.0, 1624.0, 1657.0, 1657.0, 1657.0, 1654.0, 1665.0, 1665.0, 1683.0, 1667.0, 1696.0, 1700.0, 1690.0, 1683.0, 1681.0, 1681.0, 1698.0, 1696.0, 1707.0, 1724.0, 1724.0, 1708.0, 1708.0, 1716.0, 1721.0, 1737.0, 1748.0, 1739.0, 1731.0, 1710.0, 1710.0, 1715.0, 1715.0, 1733.0, 1717.0, 1729.0, 1740.0, 1749.0, 1749.0, 1738.0, 1735.0, 1732.0, 1678.0, 1678.0, 1698.0, 1688.0, 1678.0, 1685.0, 1699.0, 1702.0, 1705.0, 1687.0, 1687.0, 1701.0, 1701.0, 1701.0, 1701.0, 1720.0, 1715.0, 1711.0, 1712.0, 1704.0, 1702.0, 1706.0, 1723.0, 1721.0, 1738.0, 1755.0, 1746.0, 1738.0, 1711.0, 1713.0, 1713.0, 1713.0, 1714.0, 1716.0, 1716.0, 1743.0, 1744.0, 1745.0, 1735.0, 1747.0, 1715.0, 1721.0, 1716.0, 1707.0, 1709.0, 1736.0, 1729.0, 1736.0, 1731.0, 1723.0, 1715.0, 1727.0, 1742.0, 1740.0, 1758.0, 1741.0, 1730.0, 1736.0, 1736.0, 1729.0, 1742.0, 1746.0, 1746.0, 1734.0, 1742.0, 1742.0, 1742.0, 1763.0, 1747.0, 1755.0, 1737.0, 1743.0, 1729.0, 1743.0, 1752.0, 1741.0, 1751.0, 1750.0, 1750.0, 1729.0, 1763.0, 1740.0, 1750.0, 1734.0, 1732.0, 1728.0, 1724.0, 1750.0, 1750.0, 1750.0, 1762.0, 1759.0, 1754.0, 1775.0, 1758.0, 1749.0, 1742.0, 1750.0, 1760.0, 1752.0, 1738.0, 1740.0, 1724.0, 1720.0, 1744.0, 1753.0, 1745.0, 1730.0, 1751.0, 1752.0, 1732.0, 1753.0, 1774.0, 1748.0, 1753.0, 1747.0, 1747.0, 1732.0, 1784.0, 1755.0, 1746.0, 1750.0, 1755.0, 1752.0, 1757.0, 1749.0, 1743.0, 1747.0, 1758.0, 1749.0, 1769.0, 1736.0, 1743.0, 1732.0, 1742.0, 1726.0, 1730.0, 1734.0, 1734.0, 1739.0, 1734.0, 1727.0, 1710.0, 1698.0, 1718.0, 1703.0, 1700.0, 1720.0, 1726.0, 1712.0, 1710.0, 1709.0, 1707.0, 1705.0, 1714.0, 1706.0, 1712.0, 1701.0, 1701.0, 1713.0, 1706.0, 1710.0, 1710.0, 1685.0, 1687.0, 1667.0, 1704.0, 1699.0, 1670.0, 1670.0, 1670.0, 1669.0, 1672.0, 1672.0, 1654.0, 1671.0, 1660.0, 1660.0, 1660.0, 1657.0, 1647.0, 1644.0, 1651.0, 1660.0, 1653.0, 1660.0, 1646.0, 1641.0, 1641.0, 1641.0, 1644.0, 1663.0, 1657.0, 1644.0, 1643.0, 1647.0, 1641.0, 1632.0, 1626.0, 1642.0, 1631.0, 1643.0, 1643.0, 1638.0, 1635.0, 1630.0, 1619.0, 1617.0, 1628.0, 1623.0, 1606.0, 1612.0, 1607.0, 1602.0, 1595.0, 1595.0, 1595.0, 1586.0, 1593.0, 1598.0, 1598.0, 1581.0, 1581.0, 1581.0, 1593.0, 1575.0, 1594.0, 1594.0, 1571.0, 1568.0, 1573.0, 1573.0, 1578.0, 1573.0, 1573.0, 1566.0, 1557.0, 1551.0, 1546.0, 1556.0, 1556.0, 1537.0, 1529.0, 1507.0, 1523.0, 1535.0, 1530.0, 1517.0, 1508.0, 1492.0, 1492.0, 1467.0, 1467.0, 1472.0, 1472.0, 1495.0, 1494.0, 1476.0, 1476.0, 1501.0, 1475.0, 1450.0, 1457.0, 1457.0, 1464.0, 1475.0, 1451.0, 1451.0, 1450.0, 1450.0, 1458.0, 1441.0, 1430.0, 1432.0, 1430.0, 1420.0, 1420.0, 1419.0, 1425.0, 1423.0, 1430.0, 1417.0, 1400.0, 1404.0, 1401.0, 1381.0, 1395.0, 1398.0, 1400.0, 1389.0, 1393.0, 1393.0, 1382.0, 1380.0, 1387.0, 1386.0, 1371.0, 1371.0, 1373.0, 1382.0, 1382.0, 1374.0, 1366.0, 1365.0, 1364.0, 1365.0, 1365.0, 1364.0, 1364.0, 1361.0, 1361.0, 1365.0, 1367.0, 1369.0, 1365.0, 1364.0, 1364.0, 1364.0, 1363.0, 1352.0, 1354.0, 1354.0, 1349.0, 1360.0, 1342.0, 1346.0, 1360.0, 1352.0, 1345.0, 1345.0, 1336.0, 1328.0, 1336.0, 1340.0, 1341.0, 1340.0, 1338.0, 1337.0, 1329.0, 1339.0, 1326.0, 1332.0, 1330.0, 1338.0, 1324.0, 1333.0, 1334.0, 1334.0, 1317.0, 1312.0, 1323.0, 1326.0, 1314.0, 1305.0, 1322.0, 1320.0, 1320.0, 1321.0, 1320.0, 1323.0, 1326.0, 1316.0, 1317.0, 1316.0, 1301.0, 1312.0, 1303.0, 1313.0, 1315.0, 1310.0, 1312.0, 1305.0, 1322.0, 1324.0, 1323.0, 1329.0, 1307.0, 1295.0, 1327.0, 1346.0, 1333.0, 1325.0, 1330.0, 1320.0, 1337.0, 1340.0, 1344.0, 1338.0, 1339.0, 1341.0, 1343.0, 1342.0, 1342.0, 1335.0, 1338.0, 1344.0, 1343.0, 1336.0, 1344.0, 1337.0, 1336.0, 1348.0, 1350.0, 1349.0, 1344.0, 1341.0, 1341.0, 1343.0, 1343.0, 1352.0, 1365.0, 1339.0, 1343.0, 1339.0, 1343.0, 1345.0, 1348.0, 1352.0, 1370.0, 1372.0, 1361.0, 1371.0, 1387.0, 1385.0, 1376.0, 1360.0, 1410.0, 1403.0, 1394.0, 1395.0, 1382.0, 1382.0, 1383.0, 1381.0, 1372.0, 1372.0, 1371.0, 1403.0, 1405.0, 1395.0, 1395.0, 1386.0, 1414.0, 1414.0, 1431.0, 1448.0, 1441.0, 1445.0, 1413.0, 1413.0, 1429.0, 1449.0, 1452.0, 1448.0, 1444.0, 1444.0, 1454.0, 1436.0, 1436.0, 1449.0, 1440.0, 1461.0, 1457.0, 1457.0, 1460.0, 1457.0, 1463.0, 1463.0, 1463.0, 1466.0, 1469.0, 1469.0, 1462.0, 1450.0, 1436.0, 1433.0, 1455.0, 1455.0, 1454.0, 1467.0, 1467.0, 1440.0, 1458.0, 1467.0, 1461.0, 1475.0, 1473.0]