header: 
  seq: 1749
  stamp: 
    secs: 1548820800
    nsecs: 898402078
  frame_id: "base_link"
angle_min: -2.35619449615
angle_max: 2.35619449615
angle_increment: 0.00436332309619
time_increment: 1.73611151695e-05
scan_time: 0.0250000003725
range_min: 0.019999999553
range_max: 30.0
ranges: [0.4169999957084656, 0.4189999997615814, 0.414000004529953, 0.42800000309944153, 0.4269999861717224, 0.4269999861717224, 0.42399999499320984, 0.42100000381469727, 0.4230000078678131, 0.4230000078678131, 0.42800000309944153, 0.42399999499320984, 0.421999990940094, 0.41999998688697815, 0.4189999997615814, 0.4189999997615814, 0.3919999897480011, 0.35899999737739563, 0.32499998807907104, 0.3160000145435333, 0.36000001430511475, 0.39800000190734863, 0.41200000047683716, 0.41600000858306885, 0.4230000078678131, 0.42800000309944153, 0.4339999854564667, 0.4230000078678131, 0.41200000047683716, 0.4359999895095825, 0.4269999861717224, 0.43299999833106995, 0.4259999990463257, 0.4269999861717224, 0.4359999895095825, 0.4359999895095825, 0.4300000071525574, 0.4300000071525574, 0.42800000309944153, 0.4230000078678131, 0.4230000078678131, 0.4259999990463257, 0.4350000023841858, 0.4300000071525574, 0.42800000309944153, 0.4259999990463257, 0.4269999861717224, 0.4269999861717224, 0.4320000112056732, 0.42800000309944153, 0.4320000112056732, 0.4320000112056732, 0.4320000112056732, 0.4320000112056732, 0.4320000112056732, 0.43799999356269836, 0.4300000071525574, 0.4339999854564667, 0.4339999854564667, 0.43299999833106995, 0.4320000112056732, 0.43700000643730164, 0.4429999887943268, 0.4410000145435333, 0.4410000145435333, 0.4399999976158142, 0.4359999895095825, 0.4399999976158142, 0.43700000643730164, 0.4359999895095825, 0.43799999356269836, 0.4359999895095825, 0.4359999895095825, 0.4399999976158142, 0.4440000057220459, 0.45100000500679016, 0.4480000138282776, 0.4399999976158142, 0.4410000145435333, 0.4429999887943268, 0.4449999928474426, 0.44600000977516174, 0.44699999690055847, 0.44600000977516174, 0.4490000009536743, 0.4490000009536743, 0.44999998807907104, 0.45100000500679016, 0.44600000977516174, 0.4569999873638153, 0.45100000500679016, 0.45100000500679016, 0.4519999921321869, 0.44999998807907104, 0.44999998807907104, 0.4560000002384186, 0.4560000002384186, 0.45399999618530273, 0.45500001311302185, 0.45500001311302185, 0.4560000002384186, 0.4580000042915344, 0.4620000123977661, 0.4650000035762787, 0.4650000035762787, 0.46299999952316284, 0.45399999618530273, 0.45500001311302185, 0.4569999873638153, 0.460999995470047, 0.4580000042915344, 0.4560000002384186, 0.4569999873638153, 0.4620000123977661, 0.460999995470047, 0.45899999141693115, 0.4620000123977661, 0.4650000035762787, 0.46700000762939453, 0.46700000762939453, 0.46799999475479126, 0.46799999475479126, 0.4650000035762787, 0.46799999475479126, 0.46799999475479126, 0.4690000116825104, 0.47099998593330383, 0.4790000021457672, 0.4790000021457672, 0.4819999933242798, 0.47999998927116394, 0.47999998927116394, 0.4749999940395355, 0.4749999940395355, 0.4749999940395355, 0.4819999933242798, 0.48500001430511475, 0.4819999933242798, 0.4819999933242798, 0.48399999737739563, 0.4819999933242798, 0.48100000619888306, 0.4830000102519989, 0.4860000014305115, 0.48399999737739563, 0.4819999933242798, 0.48399999737739563, 0.4860000014305115, 0.4869999885559082, 0.4950000047683716, 0.49000000953674316, 0.49000000953674316, 0.4909999966621399, 0.49000000953674316, 0.48899999260902405, 0.4950000047683716, 0.503000020980835, 0.49799999594688416, 0.4970000088214874, 0.4970000088214874, 0.49900001287460327, 0.503000020980835, 0.5040000081062317, 0.5049999952316284, 0.5090000033378601, 0.5070000290870667, 0.49799999594688416, 0.49799999594688416, 0.5019999742507935, 0.5070000290870667, 0.5080000162124634, 0.5099999904632568, 0.5099999904632568, 0.5120000243186951, 0.5170000195503235, 0.5170000195503235, 0.5120000243186951, 0.515999972820282, 0.5120000243186951, 0.5130000114440918, 0.5130000114440918, 0.5149999856948853, 0.5210000276565552, 0.5249999761581421, 0.5170000195503235, 0.5180000066757202, 0.5249999761581421, 0.5270000100135803, 0.5249999761581421, 0.5249999761581421, 0.5289999842643738, 0.527999997138977, 0.5270000100135803, 0.5350000262260437, 0.5389999747276306, 0.5370000004768372, 0.5350000262260437, 0.5350000262260437, 0.5339999794960022, 0.5360000133514404, 0.5370000004768372, 0.5379999876022339, 0.5460000038146973, 0.5490000247955322, 0.5529999732971191, 0.5529999732971191, 0.5580000281333923, 0.5619999766349792, 0.5609999895095825, 0.5649999976158142, 0.5720000267028809, 0.5759999752044678, 0.574999988079071, 0.5759999752044678, 0.5759999752044678, 0.5759999752044678, 0.5789999961853027, 0.5879999995231628, 0.5920000076293945, 0.5879999995231628, 0.5889999866485596, 0.5899999737739563, 0.5950000286102295, 0.6039999723434448, 0.6039999723434448, 0.6069999933242798, 0.6079999804496765, 0.6069999933242798, 0.6110000014305115, 0.6140000224113464, 0.6169999837875366, 0.6169999837875366, 0.6179999709129333, 0.6209999918937683, 0.6380000114440918, 0.6349999904632568, 0.6340000033378601, 0.6340000033378601, 0.6420000195503235, 0.640999972820282, 0.6380000114440918, 0.6399999856948853, 0.6499999761581421, 0.6510000228881836, 0.6499999761581421, 0.6579999923706055, 0.6669999957084656, 0.6669999957084656, 0.671999990940094, 0.6809999942779541, 0.6800000071525574, 0.6840000152587891, 0.6859999895095825, 0.6859999895095825, 0.6930000185966492, 0.6930000185966492, 0.7110000252723694, 0.7110000252723694, 0.7179999947547913, 0.7229999899864197, 0.7269999980926514, 0.7289999723434448, 0.7379999756813049, 0.7440000176429749, 0.746999979019165, 0.7549999952316284, 0.7559999823570251, 0.7559999823570251, 0.7630000114440918, 0.7710000276565552, 0.7749999761581421, 0.7850000262260437, 0.7900000214576721, 0.7940000295639038, 0.800000011920929, 0.8069999814033508, 0.8059999942779541, 0.8080000281333923, 0.8100000023841858, 0.8180000185966492, 0.8309999704360962, 0.8389999866485596, 0.8489999771118164, 0.8489999771118164, 0.8489999771118164, 0.8539999723434448, 0.8610000014305115, 0.875, 0.8889999985694885, 0.8899999856948853, 0.8949999809265137, 0.9039999842643738, 0.9079999923706055, 0.9120000004768372, 0.9139999747276306, 0.9150000214576721, 0.9269999861717224, 0.9449999928474426, 0.9520000219345093, 0.9570000171661377, 0.9679999947547913, 0.9819999933242798, 0.9940000176429749, 0.9940000176429749, 1.0119999647140503, 1.0149999856948853, 1.0329999923706055, 1.0440000295639038, 1.0499999523162842, 1.0700000524520874, 1.069000005722046, 1.0829999446868896, 1.0889999866485596, 1.1009999513626099, 1.1119999885559082, 1.13100004196167, 1.1440000534057617, 1.152999997138977, 1.1710000038146973, 1.1799999475479126, 1.2020000219345093, 1.2719999551773071, 1.3739999532699585, 1.5420000553131104, 2.302999973297119, 2.302000045776367, 2.305000066757202, 2.305000066757202, 2.305000066757202, 2.2980000972747803, 2.2839999198913574, 2.2839999198913574, 2.2829999923706055, 2.2760000228881836, 2.2769999504089355, 2.2769999504089355, 2.2769999504089355, 2.2679998874664307, 2.263000011444092, 2.256999969482422, 2.256999969482422, 2.25600004196167, 2.259000062942505, 2.252000093460083, 2.2360000610351562, 2.236999988555908, 2.2339999675750732, 2.2360000610351562, 2.2290000915527344, 2.2290000915527344, 2.2260000705718994, 2.2230000495910645, 2.2230000495910645, 2.2230000495910645, 2.2230000495910645, 2.2100000381469727, 2.2119998931884766, 2.2170000076293945, 2.2100000381469727, 2.2039999961853027, 2.2060000896453857, 2.2079999446868896, 2.2060000896453857, 2.2009999752044678, 2.200000047683716, 2.194999933242798, 2.197000026702881, 2.188999891281128, 2.190999984741211, 2.187000036239624, 2.184999942779541, 2.177000045776367, 2.1649999618530273, 2.180000066757202, 2.1710000038146973, 2.1670000553131104, 2.1610000133514404, 2.1670000553131104, 2.1589999198913574, 2.1449999809265137, 2.1449999809265137, 2.1419999599456787, 2.140000104904175, 2.140000104904175, 2.135999917984009, 2.131999969482422, 2.130000114440918, 2.130000114440918, 2.118000030517578, 2.1110000610351562, 2.1070001125335693, 2.1080000400543213, 2.0980000495910645, 2.1010000705718994, 2.1010000705718994, 2.0910000801086426, 2.0850000381469727, 2.0840001106262207, 2.0820000171661377, 2.0810000896453857, 2.072999954223633, 2.065999984741211, 2.059000015258789, 2.055999994277954, 2.055999994277954, 2.052000045776367, 2.0439999103546143, 2.0380001068115234, 2.0369999408721924, 2.0339999198913574, 2.0169999599456787, 2.009999990463257, 2.00600004196167, 2.003999948501587, 1.996000051498413, 1.99399995803833, 1.9830000400543213, 1.9809999465942383, 1.9769999980926514, 1.968999981880188, 1.9620000123977661, 1.9570000171661377, 1.9500000476837158, 1.944000005722046, 1.9359999895095825, 1.9270000457763672, 1.9259999990463257, 1.9170000553131104, 1.9110000133514404, 1.9019999504089355, 1.8949999809265137, 1.8839999437332153, 1.8760000467300415, 1.8669999837875366, 1.8630000352859497, 1.8609999418258667, 1.8530000448226929, 1.8359999656677246, 1.8300000429153442, 1.8259999752044678, 1.8220000267028809, 1.8049999475479126, 1.8009999990463257, 1.7899999618530273, 1.7829999923706055, 1.7790000438690186, 1.7660000324249268, 1.7619999647140503, 1.753000020980835, 1.7339999675750732, 1.7209999561309814, 1.7130000591278076, 1.7020000219345093, 1.6979999542236328, 1.690000057220459, 1.6729999780654907, 1.6660000085830688, 1.6629999876022339, 1.656999945640564, 1.6430000066757202, 1.628999948501587, 1.6180000305175781, 1.6039999723434448, 1.5859999656677246, 1.5779999494552612, 1.565999984741211, 1.5540000200271606, 1.5479999780654907, 1.531000018119812, 1.5180000066757202, 1.5119999647140503, 1.5080000162124634, 1.4950000047683716, 1.4730000495910645, 1.4570000171661377, 1.4490000009536743, 1.4420000314712524, 1.434999942779541, 1.4140000343322754, 1.3919999599456787, 1.371999979019165, 1.3619999885559082, 1.3459999561309814, 1.340000033378601, 1.3140000104904175, 1.2999999523162842, 1.2829999923706055, 1.2640000581741333, 1.25, 1.2410000562667847, 1.2230000495910645, 1.215000033378601, 1.2009999752044678, 1.1920000314712524, 1.1770000457763672, 1.1640000343322754, 1.1399999856948853, 1.1339999437332153, 1.1239999532699585, 1.1080000400543213, 1.1009999513626099, 1.0779999494552612, 1.0679999589920044, 1.0609999895095825, 1.0520000457763672, 1.0479999780654907, 1.0440000295639038, 1.031999945640564, 1.0149999856948853, 1.0099999904632568, 0.9929999709129333, 0.9769999980926514, 0.968999981880188, 0.9700000286102295, 0.9599999785423279, 0.9570000171661377, 0.9409999847412109, 0.9359999895095825, 0.9319999814033508, 0.9279999732971191, 0.9259999990463257, 0.9190000295639038, 0.906000018119812, 0.8970000147819519, 0.8870000243186951, 0.8880000114440918, 0.8799999952316284, 0.871999979019165, 0.859000027179718, 0.8519999980926514, 0.8489999771118164, 0.8489999771118164, 0.8450000286102295, 0.8360000252723694, 0.8360000252723694, 0.8360000252723694, 0.8389999866485596, 0.8289999961853027, 0.8190000057220459, 0.8069999814033508, 0.8059999942779541, 0.8009999990463257, 0.7929999828338623, 0.7889999747276306, 0.7870000004768372, 0.7839999794960022, 0.7850000262260437, 0.7850000262260437, 0.7710000276565552, 0.7580000162124634, 0.7509999871253967, 0.7509999871253967, 0.7559999823570251, 0.7559999823570251, 0.7480000257492065, 0.7390000224113464, 0.7379999756813049, 0.7310000061988831, 0.7279999852180481, 0.7260000109672546, 0.718999981880188, 0.7149999737739563, 0.7080000042915344, 0.699999988079071, 0.6959999799728394, 0.6930000185966492, 0.6919999718666077, 0.6899999976158142, 0.6899999976158142, 0.6790000200271606, 0.6729999780654907, 0.6769999861717224, 0.6800000071525574, 0.6729999780654907, 0.6710000038146973, 0.6700000166893005, 0.6729999780654907, 0.6650000214576721, 0.656000018119812, 0.656000018119812, 0.6549999713897705, 0.6520000100135803, 0.6510000228881836, 0.6380000114440918, 0.6309999823570251, 0.628000020980835, 0.628000020980835, 0.628000020980835, 0.6259999871253967, 0.6200000047683716, 0.6200000047683716, 0.628000020980835, 0.6290000081062317, 0.6259999871253967, 0.6159999966621399, 0.6110000014305115, 0.6110000014305115, 0.6100000143051147, 0.6050000190734863, 0.5979999899864197, 0.597000002861023, 0.597000002861023, 0.5960000157356262, 0.593999981880188, 0.5910000205039978, 0.5879999995231628, 0.5820000171661377, 0.5789999961853027, 0.5789999961853027, 0.5789999961853027, 0.5699999928474426, 0.5699999928474426, 0.574999988079071, 0.5770000219345093, 0.5740000009536743, 0.5690000057220459, 0.5630000233650208, 0.5649999976158142, 0.5630000233650208, 0.5720000267028809, 0.5690000057220459, 0.5619999766349792, 0.5609999895095825, 0.5600000023841858, 0.5590000152587891, 0.5550000071525574, 0.5509999990463257, 0.5479999780654907, 0.546999990940094, 0.5559999942779541, 0.5519999861717224, 0.546999990940094, 0.5419999957084656, 0.5460000038146973, 0.5460000038146973, 0.5460000038146973, 0.5360000133514404, 0.5260000228881836, 0.5270000100135803, 0.5299999713897705, 0.527999997138977, 0.527999997138977, 0.5270000100135803, 0.5270000100135803, 0.5270000100135803, 0.5260000228881836, 0.5199999809265137, 0.5220000147819519, 0.5289999842643738, 0.5249999761581421, 0.5230000019073486, 0.5170000195503235, 0.5130000114440918, 0.5149999856948853, 0.5139999985694885, 0.5099999904632568, 0.5090000033378601, 0.5099999904632568, 0.5149999856948853, 0.5149999856948853, 0.5080000162124634, 0.5059999823570251, 0.503000020980835, 0.49399998784065247, 0.4959999918937683, 0.5019999742507935, 0.5019999742507935, 0.503000020980835, 0.503000020980835, 0.5040000081062317, 0.5049999952316284, 0.503000020980835, 0.5009999871253967, 0.49900001287460327, 0.49900001287460327, 0.49900001287460327, 0.49900001287460327, 0.4959999918937683, 0.492000013589859, 0.4950000047683716, 0.5, 0.49900001287460327, 0.4880000054836273, 0.4860000014305115, 0.4830000102519989, 0.48500001430511475, 0.4880000054836273, 0.48399999737739563, 0.47999998927116394, 0.48399999737739563, 0.4880000054836273, 0.4819999933242798, 0.48100000619888306, 0.4830000102519989, 0.4860000014305115, 0.4869999885559082, 0.4860000014305115, 0.48399999737739563, 0.4869999885559082, 0.48100000619888306, 0.4790000021457672, 0.47999998927116394, 0.4869999885559082, 0.47600001096725464, 0.47600001096725464, 0.47600001096725464, 0.4790000021457672, 0.4819999933242798, 0.47699999809265137, 0.4740000069141388, 0.47099998593330383, 0.4740000069141388, 0.4749999940395355, 0.4690000116825104, 0.4690000116825104, 0.47099998593330383, 0.4729999899864197, 0.4729999899864197, 0.47200000286102295, 0.47200000286102295, 0.4729999899864197, 0.47200000286102295, 0.47200000286102295, 0.47099998593330383, 0.4690000116825104, 0.4690000116825104, 0.47099998593330383, 0.4729999899864197, 0.4729999899864197, 0.4690000116825104, 0.4690000116825104, 0.46700000762939453, 0.46299999952316284, 0.46299999952316284, 0.460999995470047, 0.4650000035762787, 0.460999995470047, 0.4690000116825104, 0.4690000116825104, 0.4659999907016754, 0.46299999952316284, 0.460999995470047, 0.46799999475479126, 0.4659999907016754, 0.4659999907016754, 0.4699999988079071, 0.4729999899864197, 0.4699999988079071, 0.4699999988079071, 0.46799999475479126, 0.46700000762939453, 0.46399998664855957, 0.46399998664855957, 0.4690000116825104, 0.46700000762939453, 0.46700000762939453, 0.4659999907016754, 0.46799999475479126, 0.46799999475479126, 0.4659999907016754, 0.4650000035762787, 0.45899999141693115, 0.460999995470047, 0.46000000834465027, 0.4690000116825104, 0.45899999141693115, 0.4699999988079071, 0.4699999988079071, 0.4659999907016754, 0.4620000123977661, 0.46299999952316284, 0.4659999907016754, 0.46299999952316284, 0.4650000035762787, 0.460999995470047, 0.46000000834465027, 0.45500001311302185, 0.45500001311302185, 0.46700000762939453, 0.4729999899864197, 0.4729999899864197, 0.4740000069141388, 0.4779999852180481, 0.4779999852180481, 0.4690000116825104, 0.46399998664855957, 0.46399998664855957, 0.4620000123977661, 0.4620000123977661, 0.4650000035762787, 0.46799999475479126, 0.46799999475479126, 0.4690000116825104, 0.46799999475479126, 0.4690000116825104, 0.46700000762939453, 0.47200000286102295, 0.47200000286102295, 0.47099998593330383, 0.46399998664855957, 0.46299999952316284, 0.46299999952316284, 0.4699999988079071, 0.46700000762939453, 0.4740000069141388, 0.4699999988079071, 0.47099998593330383, 0.4659999907016754, 0.4690000116825104, 0.47200000286102295, 0.47200000286102295, 0.46399998664855957, 0.45899999141693115, 0.4779999852180481, 0.4779999852180481, 0.47600001096725464, 0.4740000069141388, 0.4699999988079071, 0.4699999988079071, 0.47099998593330383, 0.47699999809265137, 0.4740000069141388, 0.4729999899864197, 0.4699999988079071, 0.47999998927116394, 0.4790000021457672, 0.4790000021457672, 0.4790000021457672, 0.4779999852180481, 0.4790000021457672, 0.48899999260902405, 0.492000013589859, 0.4869999885559082, 0.48100000619888306, 0.48100000619888306, 0.47999998927116394, 0.4819999933242798, 0.4869999885559082, 0.48899999260902405, 0.4880000054836273, 0.48899999260902405, 0.4909999966621399, 0.4909999966621399, 0.4909999966621399, 0.4909999966621399, 0.4950000047683716, 0.4959999918937683, 0.4959999918937683, 0.4950000047683716, 0.4909999966621399, 0.5019999742507935, 0.5019999742507935, 0.503000020980835, 0.4959999918937683, 0.5009999871253967, 0.49900001287460327, 0.49900001287460327, 0.5, 0.503000020980835, 0.5080000162124634, 0.5070000290870667, 0.5059999823570251, 0.5059999823570251, 0.5059999823570251, 0.5109999775886536, 0.5109999775886536, 0.5120000243186951, 0.5109999775886536, 0.5130000114440918, 0.5189999938011169, 0.5199999809265137, 0.5249999761581421, 0.5249999761581421, 0.5210000276565552, 0.5149999856948853, 0.5130000114440918, 0.5170000195503235, 0.5230000019073486, 0.5239999890327454, 0.5249999761581421, 0.5299999713897705, 0.5239999890327454, 0.5230000019073486, 0.5220000147819519, 0.5299999713897705, 0.5320000052452087, 0.5320000052452087, 0.5320000052452087, 0.5389999747276306, 0.5429999828338623, 0.5490000247955322, 0.5450000166893005, 0.5410000085830688, 0.5360000133514404, 0.5360000133514404, 0.5379999876022339, 0.5379999876022339, 0.5379999876022339, 0.5450000166893005, 0.5450000166893005, 0.5490000247955322, 0.5550000071525574, 0.5519999861717224, 0.550000011920929, 0.5609999895095825, 0.5619999766349792, 0.5609999895095825, 0.5590000152587891, 0.5580000281333923, 0.5619999766349792, 0.5619999766349792, 0.5649999976158142, 0.5709999799728394, 0.5669999718666077, 0.5659999847412109, 0.5699999928474426, 0.5830000042915344, 0.5830000042915344, 0.5849999785423279, 0.5950000286102295, 0.5879999995231628, 0.5910000205039978, 0.5910000205039978, 0.593999981880188, 0.5899999737739563, 0.597000002861023, 0.6039999723434448, 0.6129999756813049, 0.6209999918937683, 0.609000027179718, 0.6079999804496765, 0.6079999804496765, 0.6119999885559082, 0.6179999709129333, 0.6179999709129333, 0.6200000047683716, 0.621999979019165, 0.621999979019165, 0.621999979019165, 0.6230000257492065, 0.6240000128746033, 0.6320000290870667, 0.6320000290870667, 0.6389999985694885, 0.6380000114440918, 0.6399999856948853, 0.640999972820282, 0.6380000114440918, 0.6359999775886536, 0.6359999775886536, 0.6370000243186951, 0.6460000276565552, 0.6510000228881836, 0.6520000100135803, 0.6620000004768372, 0.6639999747276306, 0.6679999828338623, 0.6660000085830688, 0.6660000085830688, 0.6679999828338623, 0.6669999957084656, 0.6669999957084656, 0.6700000166893005, 0.6819999814033508, 0.6819999814033508, 0.6859999895095825, 0.6830000281333923, 0.6830000281333923, 0.6909999847412109, 0.6949999928474426, 0.6930000185966492, 0.6940000057220459, 0.6990000009536743, 0.703000009059906, 0.7049999833106995, 0.7099999785423279, 0.7149999737739563, 0.7149999737739563, 0.7200000286102295, 0.7239999771118164, 0.7260000109672546, 0.7300000190734863, 0.7329999804496765, 0.7329999804496765, 0.7400000095367432, 0.7409999966621399, 0.7379999756813049, 0.7390000224113464, 0.7429999709129333, 0.7480000257492065, 0.7480000257492065, 0.7519999742507935, 0.7549999952316284, 0.7580000162124634, 0.7649999856948853, 0.7710000276565552, 0.7710000276565552, 0.7710000276565552, 0.7730000019073486, 0.777999997138977, 0.7799999713897705, 0.7799999713897705, 0.7839999794960022, 0.7850000262260437, 0.7940000295639038, 0.800000011920929, 0.7979999780654907, 0.7979999780654907, 0.7990000247955322, 0.8009999990463257, 0.8059999942779541, 0.8140000104904175, 0.8140000104904175, 0.8069999814033508, 0.8109999895095825, 0.8149999976158142, 0.8240000009536743, 0.8180000185966492, 0.8159999847412109, 0.8190000057220459, 0.8270000219345093, 0.8270000219345093, 0.8299999833106995, 0.8309999704360962, 0.8360000252723694, 0.8339999914169312, 0.8360000252723694, 0.8360000252723694, 0.8349999785423279, 0.8270000219345093, 0.8299999833106995, 0.8349999785423279, 0.8410000205039978, 0.8500000238418579, 0.8370000123977661, 0.8410000205039978, 0.8539999723434448, 0.8619999885559082, 0.8650000095367432, 0.8650000095367432, 0.871999979019165, 0.8740000128746033, 0.875, 0.875, 0.8809999823570251, 0.8840000033378601, 0.8820000290870667, 0.8820000290870667, 0.8809999823570251, 0.878000020980835, 0.8790000081062317, 0.8790000081062317, 0.8840000033378601, 0.8889999985694885, 0.8809999823570251, 0.8759999871253967, 0.8759999871253967, 0.906000018119812, 0.9010000228881836, 0.890999972820282, 0.8880000114440918, 0.8880000114440918, 0.906000018119812, 0.9089999794960022, 0.9160000085830688, 0.9229999780654907, 0.9319999814033508, 0.9430000185966492, 0.9409999847412109, 0.9409999847412109, 0.9480000138282776, 0.9480000138282776, 0.9509999752044678, 0.9559999704360962, 0.9549999833106995, 0.9580000042915344, 0.9700000286102295, 0.9729999899864197, 0.9800000190734863, 0.9800000190734863, 0.9810000061988831]
intensities: [1163.0, 1204.0, 1207.0, 1368.0, 1492.0, 1492.0, 1654.0, 1662.0, 1706.0, 1706.0, 1734.0, 1745.0, 1709.0, 1673.0, 1592.0, 1430.0, 1172.0, 1036.0, 930.0, 872.0, 930.0, 1031.0, 1059.0, 1080.0, 1099.0, 1078.0, 1094.0, 1082.0, 1101.0, 1323.0, 1325.0, 1501.0, 1577.0, 1684.0, 1759.0, 1759.0, 1772.0, 1782.0, 1782.0, 1799.0, 1815.0, 1833.0, 1864.0, 1852.0, 1862.0, 1852.0, 1827.0, 1827.0, 1839.0, 1828.0, 1831.0, 1824.0, 1824.0, 1813.0, 1818.0, 1799.0, 1770.0, 1774.0, 1774.0, 1786.0, 1779.0, 1763.0, 1760.0, 1763.0, 1745.0, 1728.0, 1757.0, 1731.0, 1744.0, 1723.0, 1734.0, 1720.0, 1720.0, 1692.0, 1697.0, 1718.0, 1718.0, 1681.0, 1694.0, 1701.0, 1692.0, 1677.0, 1674.0, 1677.0, 1679.0, 1679.0, 1673.0, 1675.0, 1681.0, 1657.0, 1633.0, 1633.0, 1656.0, 1616.0, 1616.0, 1629.0, 1629.0, 1629.0, 1622.0, 1622.0, 1596.0, 1592.0, 1570.0, 1566.0, 1566.0, 1560.0, 1556.0, 1561.0, 1558.0, 1548.0, 1534.0, 1522.0, 1533.0, 1534.0, 1533.0, 1536.0, 1541.0, 1546.0, 1531.0, 1526.0, 1521.0, 1511.0, 1500.0, 1498.0, 1498.0, 1482.0, 1490.0, 1476.0, 1479.0, 1469.0, 1465.0, 1459.0, 1454.0, 1447.0, 1447.0, 1427.0, 1405.0, 1437.0, 1429.0, 1415.0, 1416.0, 1403.0, 1394.0, 1412.0, 1383.0, 1355.0, 1364.0, 1365.0, 1373.0, 1360.0, 1325.0, 1325.0, 1318.0, 1342.0, 1324.0, 1328.0, 1329.0, 1311.0, 1312.0, 1304.0, 1306.0, 1301.0, 1299.0, 1280.0, 1283.0, 1294.0, 1261.0, 1261.0, 1262.0, 1255.0, 1266.0, 1257.0, 1261.0, 1245.0, 1252.0, 1252.0, 1229.0, 1216.0, 1211.0, 1209.0, 1199.0, 1200.0, 1198.0, 1196.0, 1195.0, 1193.0, 1183.0, 1178.0, 1183.0, 1180.0, 1177.0, 1168.0, 1159.0, 1167.0, 1171.0, 1179.0, 1171.0, 1171.0, 1164.0, 1176.0, 1174.0, 1168.0, 1154.0, 1155.0, 1164.0, 1164.0, 1173.0, 1178.0, 1158.0, 1161.0, 1162.0, 1158.0, 1150.0, 1141.0, 1140.0, 1140.0, 1145.0, 1153.0, 1155.0, 1141.0, 1141.0, 1123.0, 1126.0, 1131.0, 1131.0, 1150.0, 1141.0, 1124.0, 1130.0, 1139.0, 1141.0, 1133.0, 1132.0, 1129.0, 1143.0, 1129.0, 1139.0, 1116.0, 1125.0, 1114.0, 1102.0, 1107.0, 1104.0, 1105.0, 1099.0, 1106.0, 1119.0, 1111.0, 1118.0, 1111.0, 1083.0, 1102.0, 1106.0, 1100.0, 1114.0, 1114.0, 1103.0, 1103.0, 1106.0, 1111.0, 1101.0, 1102.0, 1103.0, 1091.0, 1093.0, 1094.0, 1087.0, 1087.0, 1094.0, 1105.0, 1098.0, 1091.0, 1099.0, 1106.0, 1107.0, 1108.0, 1119.0, 1111.0, 1092.0, 1090.0, 1112.0, 1095.0, 1097.0, 1089.0, 1089.0, 1103.0, 1098.0, 1097.0, 1080.0, 1064.0, 1058.0, 1063.0, 1064.0, 1064.0, 1044.0, 1042.0, 1046.0, 1049.0, 1043.0, 1039.0, 1069.0, 1052.0, 1059.0, 1059.0, 1088.0, 1051.0, 1040.0, 1030.0, 1024.0, 1016.0, 994.0, 1003.0, 1004.0, 1006.0, 1011.0, 1013.0, 1006.0, 1002.0, 1024.0, 1018.0, 1031.0, 1168.0, 1393.0, 1302.0, 979.0, 978.0, 987.0, 987.0, 977.0, 989.0, 981.0, 987.0, 994.0, 989.0, 993.0, 993.0, 997.0, 992.0, 1002.0, 1001.0, 1007.0, 999.0, 1008.0, 993.0, 999.0, 1003.0, 1009.0, 1020.0, 998.0, 1005.0, 1008.0, 1009.0, 1013.0, 1009.0, 1013.0, 1001.0, 1009.0, 1020.0, 1019.0, 1015.0, 1013.0, 1018.0, 1021.0, 1023.0, 1027.0, 1018.0, 1026.0, 1028.0, 1037.0, 1010.0, 1037.0, 1035.0, 1021.0, 1038.0, 1022.0, 1027.0, 1030.0, 1032.0, 1030.0, 1019.0, 1019.0, 1025.0, 1035.0, 1035.0, 1031.0, 1037.0, 1028.0, 1028.0, 1030.0, 1033.0, 1041.0, 1035.0, 1030.0, 1033.0, 1033.0, 1038.0, 1026.0, 1027.0, 1032.0, 1047.0, 1042.0, 1043.0, 1039.0, 1043.0, 1042.0, 1043.0, 1037.0, 1038.0, 1038.0, 1035.0, 1031.0, 1025.0, 1024.0, 1021.0, 1018.0, 1028.0, 1019.0, 1029.0, 1039.0, 1036.0, 1038.0, 1027.0, 1033.0, 1041.0, 1033.0, 1033.0, 1038.0, 1045.0, 1043.0, 1037.0, 1060.0, 1054.0, 1053.0, 1055.0, 1065.0, 1074.0, 1085.0, 1093.0, 1076.0, 1079.0, 1088.0, 1073.0, 1094.0, 1095.0, 1071.0, 1093.0, 1075.0, 1088.0, 1085.0, 1072.0, 1088.0, 1087.0, 1073.0, 1071.0, 1080.0, 1075.0, 1078.0, 1093.0, 1087.0, 1056.0, 1069.0, 1080.0, 1077.0, 1062.0, 1075.0, 1073.0, 1075.0, 1080.0, 1079.0, 1079.0, 1072.0, 1068.0, 1079.0, 1079.0, 1077.0, 1087.0, 1065.0, 1075.0, 1070.0, 1086.0, 1077.0, 1085.0, 1088.0, 1088.0, 1096.0, 1090.0, 1105.0, 1119.0, 1107.0, 1111.0, 1114.0, 1120.0, 1117.0, 1122.0, 1115.0, 1123.0, 1110.0, 1114.0, 1116.0, 1097.0, 1117.0, 1099.0, 1105.0, 1119.0, 1117.0, 1117.0, 1144.0, 1124.0, 1123.0, 1130.0, 1122.0, 1141.0, 1142.0, 1154.0, 1133.0, 1157.0, 1144.0, 1163.0, 1186.0, 1178.0, 1183.0, 1211.0, 1187.0, 1211.0, 1201.0, 1226.0, 1228.0, 1231.0, 1233.0, 1268.0, 1268.0, 1268.0, 1258.0, 1290.0, 1294.0, 1294.0, 1305.0, 1306.0, 1313.0, 1322.0, 1317.0, 1332.0, 1332.0, 1333.0, 1346.0, 1356.0, 1366.0, 1366.0, 1390.0, 1406.0, 1405.0, 1405.0, 1434.0, 1434.0, 1425.0, 1436.0, 1470.0, 1449.0, 1451.0, 1466.0, 1478.0, 1489.0, 1489.0, 1461.0, 1479.0, 1500.0, 1504.0, 1510.0, 1515.0, 1521.0, 1530.0, 1530.0, 1531.0, 1524.0, 1522.0, 1536.0, 1519.0, 1537.0, 1568.0, 1568.0, 1555.0, 1564.0, 1563.0, 1565.0, 1605.0, 1593.0, 1593.0, 1598.0, 1595.0, 1593.0, 1593.0, 1612.0, 1602.0, 1611.0, 1608.0, 1610.0, 1601.0, 1594.0, 1611.0, 1591.0, 1630.0, 1629.0, 1630.0, 1637.0, 1658.0, 1646.0, 1647.0, 1655.0, 1657.0, 1657.0, 1672.0, 1672.0, 1657.0, 1680.0, 1701.0, 1688.0, 1682.0, 1677.0, 1682.0, 1695.0, 1701.0, 1686.0, 1693.0, 1698.0, 1695.0, 1711.0, 1711.0, 1708.0, 1704.0, 1716.0, 1708.0, 1707.0, 1714.0, 1718.0, 1712.0, 1713.0, 1708.0, 1709.0, 1717.0, 1723.0, 1722.0, 1722.0, 1718.0, 1723.0, 1723.0, 1731.0, 1749.0, 1740.0, 1728.0, 1748.0, 1757.0, 1751.0, 1752.0, 1755.0, 1751.0, 1736.0, 1744.0, 1745.0, 1766.0, 1766.0, 1756.0, 1764.0, 1770.0, 1756.0, 1785.0, 1782.0, 1766.0, 1790.0, 1790.0, 1786.0, 1799.0, 1803.0, 1790.0, 1800.0, 1796.0, 1796.0, 1803.0, 1812.0, 1800.0, 1796.0, 1805.0, 1807.0, 1792.0, 1784.0, 1805.0, 1798.0, 1822.0, 1794.0, 1805.0, 1803.0, 1810.0, 1798.0, 1814.0, 1815.0, 1829.0, 1832.0, 1828.0, 1822.0, 1846.0, 1829.0, 1836.0, 1821.0, 1846.0, 1821.0, 1821.0, 1821.0, 1828.0, 1842.0, 1853.0, 1854.0, 1859.0, 1849.0, 1846.0, 1841.0, 1841.0, 1853.0, 1849.0, 1830.0, 1831.0, 1831.0, 1850.0, 1836.0, 1836.0, 1852.0, 1837.0, 1837.0, 1818.0, 1847.0, 1847.0, 1828.0, 1845.0, 1841.0, 1856.0, 1844.0, 1854.0, 1856.0, 1858.0, 1858.0, 1825.0, 1832.0, 1826.0, 1829.0, 1823.0, 1813.0, 1813.0, 1825.0, 1824.0, 1813.0, 1813.0, 1819.0, 1804.0, 1806.0, 1807.0, 1829.0, 1839.0, 1812.0, 1795.0, 1782.0, 1782.0, 1786.0, 1811.0, 1795.0, 1814.0, 1816.0, 1805.0, 1828.0, 1807.0, 1809.0, 1803.0, 1797.0, 1784.0, 1781.0, 1792.0, 1790.0, 1784.0, 1753.0, 1750.0, 1746.0, 1747.0, 1735.0, 1729.0, 1733.0, 1732.0, 1732.0, 1734.0, 1733.0, 1726.0, 1729.0, 1729.0, 1745.0, 1742.0, 1701.0, 1692.0, 1682.0, 1672.0, 1674.0, 1685.0, 1672.0, 1675.0, 1655.0, 1629.0, 1629.0, 1646.0, 1648.0, 1640.0, 1632.0, 1608.0, 1604.0, 1600.0, 1603.0, 1599.0, 1584.0, 1570.0, 1572.0, 1572.0, 1581.0, 1591.0, 1553.0, 1559.0, 1556.0, 1544.0, 1556.0, 1535.0, 1544.0, 1549.0, 1526.0, 1537.0, 1531.0, 1528.0, 1507.0, 1501.0, 1492.0, 1493.0, 1477.0, 1477.0, 1484.0, 1479.0, 1477.0, 1474.0, 1475.0, 1467.0, 1457.0, 1441.0, 1457.0, 1416.0, 1432.0, 1426.0, 1423.0, 1398.0, 1396.0, 1404.0, 1404.0, 1399.0, 1392.0, 1411.0, 1403.0, 1409.0, 1389.0, 1375.0, 1384.0, 1372.0, 1358.0, 1358.0, 1356.0, 1360.0, 1353.0, 1351.0, 1335.0, 1319.0, 1333.0, 1328.0, 1302.0, 1295.0, 1304.0, 1292.0, 1296.0, 1282.0, 1282.0, 1281.0, 1298.0, 1279.0, 1276.0, 1272.0, 1265.0, 1275.0, 1258.0, 1258.0, 1265.0, 1276.0, 1274.0, 1258.0, 1256.0, 1258.0, 1247.0, 1247.0, 1224.0, 1211.0, 1211.0, 1240.0, 1227.0, 1231.0, 1233.0, 1226.0, 1219.0, 1235.0, 1220.0, 1215.0, 1220.0, 1215.0, 1204.0, 1204.0, 1199.0, 1208.0, 1202.0, 1197.0, 1183.0, 1201.0, 1192.0, 1213.0, 1225.0, 1200.0, 1194.0, 1194.0, 1202.0, 1201.0, 1195.0, 1200.0, 1193.0, 1200.0, 1199.0, 1200.0, 1175.0, 1168.0, 1193.0, 1193.0, 1192.0, 1191.0, 1172.0, 1164.0, 1153.0, 1155.0, 1159.0, 1156.0, 1155.0, 1149.0, 1146.0, 1143.0, 1141.0, 1142.0, 1142.0, 1143.0, 1140.0, 1137.0, 1137.0, 1143.0, 1154.0, 1171.0, 1156.0, 1156.0, 1165.0, 1158.0, 1158.0, 1150.0, 1153.0, 1155.0, 1147.0, 1152.0, 1152.0, 1152.0, 1167.0, 1159.0, 1167.0, 1160.0, 1172.0, 1172.0, 1188.0, 1190.0, 1190.0, 1176.0, 1170.0, 1180.0, 1186.0, 1178.0, 1178.0, 1181.0, 1195.0, 1202.0, 1201.0, 1198.0, 1204.0, 1204.0, 1212.0, 1197.0, 1184.0, 1192.0, 1188.0, 1185.0, 1185.0, 1179.0, 1181.0, 1168.0, 1163.0, 1158.0, 1162.0, 1182.0, 1178.0, 1182.0, 1199.0, 1193.0, 1200.0, 1198.0, 1211.0, 1211.0, 1234.0, 1230.0, 1231.0, 1236.0, 1222.0, 1239.0, 1217.0, 1235.0, 1229.0, 1229.0, 1231.0, 1226.0, 1220.0, 1225.0, 1236.0, 1241.0, 1234.0, 1229.0, 1232.0, 1226.0, 1238.0, 1252.0, 1239.0, 1246.0, 1240.0, 1235.0, 1229.0, 1254.0, 1227.0, 1238.0, 1238.0, 1256.0, 1265.0, 1260.0, 1260.0, 1260.0, 1239.0, 1248.0, 1257.0, 1278.0, 1287.0, 1282.0, 1286.0, 1286.0, 1295.0, 1290.0, 1284.0, 1283.0, 1283.0, 1290.0, 1285.0, 1281.0, 1284.0, 1279.0, 1273.0, 1268.0, 1268.0, 1250.0, 1250.0, 1259.0, 1268.0, 1263.0, 1267.0, 1270.0, 1265.0, 1272.0, 1266.0, 1263.0]