header: 
  seq: 1396
  stamp: 
    secs: 1548820792
    nsecs:  56620841
  frame_id: "base_link"
angle_min: -2.35619449615
angle_max: 2.35619449615
angle_increment: 0.00436332309619
time_increment: 1.73611151695e-05
scan_time: 0.0250000003725
range_min: 0.019999999553
range_max: 30.0
ranges: [0.45500001311302185, 0.4560000002384186, 0.46000000834465027, 0.4580000042915344, 0.46000000834465027, 0.45500001311302185, 0.4580000042915344, 0.46399998664855957, 0.47099998593330383, 0.46700000762939453, 0.46299999952316284, 0.45500001311302185, 0.4519999921321869, 0.4490000009536743, 0.4350000023841858, 0.4099999964237213, 0.3970000147819519, 0.3330000042915344, 0.25099998712539673, 0.2840000092983246, 0.34599998593330383, 0.39800000190734863, 0.41600000858306885, 0.42800000309944153, 0.4359999895095825, 0.4300000071525574, 0.4259999990463257, 0.43700000643730164, 0.42399999499320984, 0.4189999997615814, 0.4180000126361847, 0.4259999990463257, 0.421999990940094, 0.4230000078678131, 0.42800000309944153, 0.42800000309944153, 0.4300000071525574, 0.41600000858306885, 0.41600000858306885, 0.41600000858306885, 0.4099999964237213, 0.4050000011920929, 0.4090000092983246, 0.4090000092983246, 0.4090000092983246, 0.4099999964237213, 0.4050000011920929, 0.4009999930858612, 0.4009999930858612, 0.4020000100135803, 0.39800000190734863, 0.39800000190734863, 0.40400001406669617, 0.40400001406669617, 0.39800000190734863, 0.39800000190734863, 0.3970000147819519, 0.3970000147819519, 0.3930000066757202, 0.3930000066757202, 0.3919999897480011, 0.3889999985694885, 0.3880000114440918, 0.3889999985694885, 0.3889999985694885, 0.3869999945163727, 0.3869999945163727, 0.38499999046325684, 0.3840000033378601, 0.38499999046325684, 0.38499999046325684, 0.38499999046325684, 0.3790000081062317, 0.3790000081062317, 0.3790000081062317, 0.3779999911785126, 0.37599998712539673, 0.37599998712539673, 0.37400001287460327, 0.3720000088214874, 0.37299999594688416, 0.37400001287460327, 0.37599998712539673, 0.36899998784065247, 0.37299999594688416, 0.37700000405311584, 0.3779999911785126, 0.3700000047683716, 0.3659999966621399, 0.36899998784065247, 0.36899998784065247, 0.3610000014305115, 0.3630000054836273, 0.35899999737739563, 0.36500000953674316, 0.36500000953674316, 0.36399999260902405, 0.3610000014305115, 0.35899999737739563, 0.35600000619888306, 0.3529999852180481, 0.3540000021457672, 0.3540000021457672, 0.35499998927116394, 0.3569999933242798, 0.3610000014305115, 0.35899999737739563, 0.3569999933242798, 0.3540000021457672, 0.3529999852180481, 0.3529999852180481, 0.34599998593330383, 0.34599998593330383, 0.3440000116825104, 0.3479999899864197, 0.34700000286102295, 0.3479999899864197, 0.34599998593330383, 0.3409999907016754, 0.3400000035762787, 0.33799999952316284, 0.33500000834465027, 0.3370000123977661, 0.3370000123977661, 0.3370000123977661, 0.33799999952316284, 0.3370000123977661, 0.3370000123977661, 0.32899999618530273, 0.3269999921321869, 0.32600000500679016, 0.34200000762939453, 0.33899998664855957, 0.33399999141693115, 0.3319999873638153, 0.33000001311302185, 0.3269999921321869, 0.328000009059906, 0.328000009059906, 0.32600000500679016, 0.33000001311302185, 0.33000001311302185, 0.32600000500679016, 0.32600000500679016, 0.3269999921321869, 0.3240000009536743, 0.32499998807907104, 0.32199999690055847, 0.32100000977516174, 0.3199999928474426, 0.3199999928474426, 0.3149999976158142, 0.3190000057220459, 0.3230000138282776, 0.31700000166893005, 0.3140000104904175, 0.3100000023841858, 0.3109999895095825, 0.31200000643730164, 0.3199999928474426, 0.32600000500679016, 0.32199999690055847, 0.3140000104904175, 0.3109999895095825, 0.31200000643730164, 0.31299999356269836, 0.3109999895095825, 0.3109999895095825, 0.31200000643730164, 0.3179999887943268, 0.3089999854564667, 0.3089999854564667, 0.3050000071525574, 0.30399999022483826, 0.3059999942779541, 0.3089999854564667, 0.3089999854564667, 0.3059999942779541, 0.3100000023841858, 0.3109999895095825, 0.3109999895095825, 0.30399999022483826, 0.30300000309944153, 0.30300000309944153, 0.3100000023841858, 0.3089999854564667, 0.30799999833106995, 0.3070000112056732, 0.30799999833106995, 0.3070000112056732, 0.3100000023841858, 0.3100000023841858, 0.3070000112056732, 0.3050000071525574, 0.3050000071525574, 0.30399999022483826, 0.3019999861717224, 0.3100000023841858, 0.3089999854564667, 0.3059999942779541, 0.3050000071525574, 0.3059999942779541, 0.3059999942779541, 0.3089999854564667, 0.3109999895095825, 0.3050000071525574, 0.3059999942779541, 0.30000001192092896, 0.3009999990463257, 0.3019999861717224, 0.30000001192092896, 0.2980000078678131, 0.3100000023841858, 0.30799999833106995, 0.30000001192092896, 0.30799999833106995, 0.3050000071525574, 0.30300000309944153, 0.30399999022483826, 0.29899999499320984, 0.30000001192092896, 0.29600000381469727, 0.2930000126361847, 0.29899999499320984, 0.29899999499320984, 0.30000001192092896, 0.296999990940094, 0.2980000078678131, 0.296999990940094, 0.296999990940094, 0.3019999861717224, 0.30000001192092896, 0.296999990940094, 0.3019999861717224, 0.30799999833106995, 0.30399999022483826, 0.30399999022483826, 0.3059999942779541, 0.3050000071525574, 0.30399999022483826, 0.30399999022483826, 0.3059999942779541, 0.30399999022483826, 0.3050000071525574, 0.30399999022483826, 0.3050000071525574, 0.30300000309944153, 0.3019999861717224, 0.3109999895095825, 0.296999990940094, 0.2980000078678131, 0.30300000309944153, 0.30399999022483826, 0.2939999997615814, 0.30000001192092896, 0.3070000112056732, 0.3059999942779541, 0.3070000112056732, 0.3089999854564667, 0.3059999942779541, 0.30399999022483826, 0.30399999022483826, 0.3050000071525574, 0.30300000309944153, 0.3050000071525574, 0.30799999833106995, 0.30799999833106995, 0.31200000643730164, 0.31200000643730164, 0.3109999895095825, 0.3109999895095825, 0.31200000643730164, 0.3160000145435333, 0.3160000145435333, 0.3179999887943268, 0.3149999976158142, 0.30799999833106995, 0.3070000112056732, 0.3100000023841858, 0.3160000145435333, 0.31299999356269836, 0.3140000104904175, 0.31700000166893005, 0.3190000057220459, 0.3199999928474426, 0.3179999887943268, 0.3230000138282776, 0.3199999928474426, 0.32499998807907104, 0.32499998807907104, 0.328000009059906, 0.3310000002384186, 0.33000001311302185, 0.32499998807907104, 0.3310000002384186, 0.3310000002384186, 0.328000009059906, 0.32899999618530273, 0.3319999873638153, 0.3330000042915344, 0.3330000042915344, 0.33899998664855957, 0.33500000834465027, 0.33000001311302185, 0.33000001311302185, 0.3330000042915344, 0.335999995470047, 0.3400000035762787, 0.3400000035762787, 0.3409999907016754, 0.3440000116825104, 0.34299999475479126, 0.3440000116825104, 0.34599998593330383, 0.3440000116825104, 0.3479999899864197, 0.34200000762939453, 0.33799999952316284, 0.3440000116825104, 0.3490000069141388, 0.3479999899864197, 0.34700000286102295, 0.3490000069141388, 0.35600000619888306, 0.3569999933242798, 0.35499998927116394, 0.35199999809265137, 0.3540000021457672, 0.3569999933242798, 0.35899999737739563, 0.35899999737739563, 0.3580000102519989, 0.35600000619888306, 0.35600000619888306, 0.36500000953674316, 0.3659999966621399, 0.3630000054836273, 0.3619999885559082, 0.3630000054836273, 0.3700000047683716, 0.37299999594688416, 0.37400001287460327, 0.3720000088214874, 0.37400001287460327, 0.375, 0.37599998712539673, 0.36399999260902405, 0.375, 0.375, 0.3779999911785126, 0.3790000081062317, 0.38199999928474426, 0.3869999945163727, 0.3880000114440918, 0.38600000739097595, 0.3869999945163727, 0.3869999945163727, 0.3880000114440918, 0.3889999985694885, 0.39100000262260437, 0.39100000262260437, 0.3970000147819519, 0.39800000190734863, 0.3930000066757202, 0.3930000066757202, 0.3959999978542328, 0.3970000147819519, 0.39899998903274536, 0.39899998903274536, 0.39899998903274536, 0.4020000100135803, 0.40799999237060547, 0.4050000011920929, 0.4129999876022339, 0.414000004529953, 0.4129999876022339, 0.4180000126361847, 0.4259999990463257, 0.42899999022483826, 0.421999990940094, 0.4269999861717224, 0.4410000145435333, 0.44699999690055847, 0.47699999809265137, 0.5299999713897705, 0.6019999980926514, 0.8169999718666077, 1.7879999876022339, 1.7879999876022339, 1.7879999876022339, 1.774999976158142, 1.7690000534057617, 1.7569999694824219, 1.7519999742507935, 1.7450000047683716, 1.7369999885559082, 1.7350000143051147, 1.7269999980926514, 1.7269999980926514, 1.715000033378601, 1.7039999961853027, 1.6959999799728394, 1.690000057220459, 1.680999994277954, 1.6759999990463257, 1.6740000247955322, 1.6720000505447388, 1.659000039100647, 1.652999997138977, 1.6519999504089355, 1.6469999551773071, 1.6369999647140503, 1.6299999952316284, 1.621999979019165, 1.6169999837875366, 1.6109999418258667, 1.6119999885559082, 1.6030000448226929, 1.597000002861023, 1.590999960899353, 1.5870000123977661, 1.569000005722046, 1.5670000314712524, 1.562999963760376, 1.5640000104904175, 1.5570000410079956, 1.5470000505447388, 1.5429999828338623, 1.5420000553131104, 1.5410000085830688, 1.5390000343322754, 1.5149999856948853, 1.5140000581741333, 1.5149999856948853, 1.5130000114440918, 1.5049999952316284, 1.503000020980835, 1.5010000467300415, 1.5019999742507935, 1.49399995803833, 1.49399995803833, 1.4850000143051147, 1.4800000190734863, 1.4809999465942383, 1.4709999561309814, 1.468000054359436, 1.465000033378601, 1.4520000219345093, 1.4529999494552612, 1.4520000219345093, 1.4539999961853027, 1.437000036239624, 1.434999942779541, 1.4359999895095825, 1.434999942779541, 1.4320000410079956, 1.4229999780654907, 1.4240000247955322, 1.4199999570846558, 1.4149999618530273, 1.4149999618530273, 1.4129999876022339, 1.4110000133514404, 1.406000018119812, 1.4010000228881836, 1.402999997138977, 1.402999997138977, 1.3940000534057617, 1.3940000534057617, 1.3899999856948853, 1.3890000581741333, 1.3890000581741333, 1.3869999647140503, 1.378000020980835, 1.3730000257492065, 1.371999979019165, 1.3739999532699585, 1.3739999532699585, 1.371000051498413, 1.3669999837875366, 1.3669999837875366, 1.3650000095367432, 1.3609999418258667, 1.3609999418258667, 1.3589999675750732, 1.3589999675750732, 1.3589999675750732, 1.3609999418258667, 1.3600000143051147, 1.3480000495910645, 1.3420000076293945, 1.3420000076293945, 1.3420000076293945, 1.340999960899353, 1.340000033378601, 1.340000033378601, 1.340999960899353, 1.3420000076293945, 1.3329999446868896, 1.3320000171661377, 1.3270000219345093, 1.3270000219345093, 1.3270000219345093, 1.3250000476837158, 1.3240000009536743, 1.315999984741211, 1.3179999589920044, 1.315999984741211, 1.315999984741211, 1.3170000314712524, 1.3140000104904175, 1.315000057220459, 1.3140000104904175, 1.3109999895095825, 1.3140000104904175, 1.312999963760376, 1.312999963760376, 1.3049999475479126, 1.3020000457763672, 1.3079999685287476, 1.315999984741211, 1.312999963760376, 1.3049999475479126, 1.2999999523162842, 1.3009999990463257, 1.3020000457763672, 1.3020000457763672, 1.2960000038146973, 1.2899999618530273, 1.2899999618530273, 1.2910000085830688, 1.2929999828338623, 1.2899999618530273, 1.2879999876022339, 1.2869999408721924, 1.284999966621399, 1.2860000133514404, 1.2829999923706055, 1.284999966621399, 1.2829999923706055, 1.2829999923706055, 1.2799999713897705, 1.2730000019073486, 1.2710000276565552, 1.2699999809265137, 1.2699999809265137, 1.2669999599456787, 1.2619999647140503, 1.2599999904632568, 1.2599999904632568, 1.2589999437332153, 1.2569999694824219, 1.2569999694824219, 1.2569999694824219, 1.25600004196167, 1.25600004196167, 1.2569999694824219, 1.253000020980835, 1.2430000305175781, 1.2489999532699585, 1.2450000047683716, 1.2410000562667847, 1.2389999628067017, 1.2400000095367432, 1.2419999837875366, 1.2450000047683716, 1.2410000562667847, 1.2359999418258667, 1.218999981880188, 1.225000023841858, 1.2239999771118164, 1.225000023841858, 1.2200000286102295, 1.218999981880188, 1.215000033378601, 1.2130000591278076, 1.2070000171661377, 1.2109999656677246, 1.2050000429153442, 1.2029999494552612, 1.2029999494552612, 1.2020000219345093, 1.2050000429153442, 1.2050000429153442, 1.2000000476837158, 1.1959999799728394, 1.1890000104904175, 1.1829999685287476, 1.184000015258789, 1.1829999685287476, 1.190000057220459, 1.1829999685287476, 1.1779999732971191, 1.1759999990463257, 1.1710000038146973, 1.1649999618530273, 1.1619999408721924, 1.1640000343322754, 1.1579999923706055, 1.1510000228881836, 1.1510000228881836, 1.159000039100647, 1.1490000486373901, 1.1430000066757202, 1.1490000486373901, 1.1469999551773071, 1.1440000534057617, 1.1399999856948853, 1.1399999856948853, 1.1369999647140503, 1.1319999694824219, 1.1330000162124634, 1.1330000162124634, 1.128999948501587, 1.125, 1.11899995803833, 1.121999979019165, 1.125, 1.121000051498413, 1.11899995803833, 1.11899995803833, 1.1169999837875366, 1.1150000095367432, 1.1050000190734863, 1.0989999771118164, 1.100000023841858, 1.093999981880188, 1.1009999513626099, 1.093999981880188, 1.0959999561309814, 1.093000054359436, 1.093999981880188, 1.093999981880188, 1.0880000591278076, 1.0870000123977661, 1.0870000123977661, 1.0759999752044678, 1.0700000524520874, 1.0709999799728394, 1.0709999799728394, 1.0709999799728394, 1.0709999799728394, 1.069000005722046, 1.062999963760376, 1.0609999895095825, 1.059999942779541, 1.059000015258789, 1.055999994277954, 1.0499999523162842, 1.0460000038146973, 1.0479999780654907, 1.0470000505447388, 1.0499999523162842, 1.0420000553131104, 1.0369999408721924, 1.0369999408721924, 1.031000018119812, 1.031000018119812, 1.034000039100647, 1.0160000324249268, 1.0140000581741333, 1.0140000581741333, 1.0140000581741333, 1.0140000581741333, 0.9990000128746033, 1.0, 0.9990000128746033, 0.9990000128746033, 1.0, 1.0, 0.996999979019165, 0.9940000176429749, 0.9850000143051147, 0.984000027179718, 0.984000027179718, 0.9810000061988831, 0.9789999723434448, 0.9789999723434448, 0.9789999723434448, 0.968999981880188, 0.9649999737739563, 0.9599999785423279, 0.9639999866485596, 0.9670000076293945, 0.9629999995231628, 0.9589999914169312, 0.9549999833106995, 0.9539999961853027, 0.9539999961853027, 0.949999988079071, 0.9480000138282776, 0.9520000219345093, 0.9509999752044678, 0.9430000185966492, 0.9430000185966492, 0.9399999976158142, 0.9290000200271606, 0.921999990940094, 0.9240000247955322, 0.9179999828338623, 0.9179999828338623, 0.9120000004768372, 0.9110000133514404, 0.9100000262260437, 0.9110000133514404, 0.9110000133514404, 0.9020000100135803, 0.8970000147819519, 0.8949999809265137, 0.8930000066757202, 0.8930000066757202, 0.8930000066757202, 0.8939999938011169, 0.8949999809265137, 0.8939999938011169, 0.8930000066757202, 0.8840000033378601, 0.878000020980835, 0.878000020980835, 0.8730000257492065, 0.8659999966621399, 0.8679999709129333, 0.8690000176429749, 0.8650000095367432, 0.8619999885559082, 0.8610000014305115, 0.8539999723434448, 0.8529999852180481, 0.8519999980926514, 0.8500000238418579, 0.8500000238418579, 0.8479999899864197, 0.8429999947547913, 0.8389999866485596, 0.8389999866485596, 0.8389999866485596, 0.8339999914169312, 0.8360000252723694, 0.8360000252723694, 0.8299999833106995, 0.8289999961853027, 0.8270000219345093, 0.824999988079071, 0.828000009059906, 0.8180000185966492, 0.8180000185966492, 0.8149999976158142, 0.8119999766349792, 0.8109999895095825, 0.8140000104904175, 0.8059999942779541, 0.8040000200271606, 0.8029999732971191, 0.7919999957084656, 0.7929999828338623, 0.7950000166893005, 0.7929999828338623, 0.7900000214576721, 0.7870000004768372, 0.777999997138977, 0.777999997138977, 0.7789999842643738, 0.7720000147819519, 0.7710000276565552, 0.7710000276565552, 0.7730000019073486, 0.7710000276565552, 0.7620000243186951, 0.7620000243186951, 0.7649999856948853, 0.7630000114440918, 0.7599999904632568, 0.7540000081062317, 0.7540000081062317, 0.7519999742507935, 0.746999979019165, 0.7440000176429749, 0.7429999709129333, 0.7440000176429749, 0.7440000176429749, 0.7369999885559082, 0.7329999804496765, 0.7319999933242798, 0.7300000190734863, 0.7300000190734863, 0.7269999980926514, 0.7239999771118164, 0.7170000076293945, 0.7200000286102295, 0.7210000157356262, 0.7210000157356262, 0.7210000157356262, 0.7120000123977661, 0.7120000123977661, 0.7120000123977661, 0.7139999866485596, 0.7070000171661377, 0.7099999785423279, 0.7049999833106995, 0.6990000009536743, 0.6990000009536743, 0.6949999928474426, 0.6919999718666077, 0.6869999766349792, 0.6850000023841858, 0.6850000023841858, 0.6859999895095825, 0.6830000281333923, 0.6809999942779541, 0.6809999942779541, 0.6809999942779541, 0.6809999942779541, 0.6800000071525574, 0.6800000071525574, 0.671999990940094, 0.671999990940094, 0.6769999861717224, 0.6740000247955322, 0.6710000038146973, 0.671999990940094, 0.671999990940094, 0.671999990940094, 0.6660000085830688, 0.6620000004768372, 0.6629999876022339, 0.6669999957084656, 0.6639999747276306, 0.6579999923706055, 0.6589999794960022, 0.6539999842643738, 0.656000018119812, 0.6570000052452087, 0.6570000052452087, 0.6489999890327454, 0.6449999809265137, 0.6489999890327454, 0.6489999890327454, 0.6489999890327454, 0.6489999890327454, 0.6430000066757202, 0.640999972820282, 0.6370000243186951, 0.6349999904632568, 0.6380000114440918, 0.6399999856948853, 0.6399999856948853, 0.6359999775886536, 0.6449999809265137, 0.6330000162124634, 0.6389999985694885, 0.6340000033378601, 0.6330000162124634, 0.6330000162124634, 0.6320000290870667, 0.6290000081062317, 0.6259999871253967, 0.6299999952316284, 0.6299999952316284, 0.6299999952316284, 0.6269999742507935, 0.6259999871253967, 0.6230000257492065, 0.6209999918937683, 0.621999979019165, 0.625, 0.6240000128746033, 0.621999979019165, 0.6259999871253967, 0.6290000081062317, 0.6230000257492065, 0.6230000257492065, 0.6269999742507935, 0.621999979019165, 0.6140000224113464, 0.6169999837875366, 0.6169999837875366, 0.6159999966621399, 0.6169999837875366, 0.6140000224113464, 0.6169999837875366, 0.6140000224113464, 0.6129999756813049, 0.6119999885559082, 0.6100000143051147, 0.6100000143051147, 0.6079999804496765, 0.6060000061988831, 0.6069999933242798, 0.6100000143051147, 0.6190000176429749, 0.6150000095367432, 0.6119999885559082, 0.6119999885559082, 0.6129999756813049, 0.6079999804496765, 0.6010000109672546, 0.5989999771118164, 0.6060000061988831, 0.609000027179718, 0.6050000190734863, 0.6029999852180481, 0.609000027179718, 0.6119999885559082, 0.609000027179718, 0.6050000190734863, 0.6050000190734863, 0.6039999723434448, 0.6039999723434448, 0.6039999723434448, 0.6050000190734863, 0.6060000061988831, 0.6119999885559082, 0.6069999933242798, 0.6039999723434448, 0.597000002861023, 0.597000002861023, 0.6000000238418579, 0.6039999723434448, 0.6029999852180481, 0.6039999723434448, 0.6039999723434448, 0.6019999980926514, 0.6029999852180481, 0.5960000157356262, 0.597000002861023, 0.5989999771118164, 0.6010000109672546, 0.6000000238418579, 0.609000027179718, 0.6019999980926514, 0.6010000109672546, 0.6010000109672546, 0.6029999852180481, 0.6029999852180481, 0.6000000238418579, 0.5960000157356262, 0.5960000157356262, 0.5960000157356262, 0.5979999899864197, 0.593999981880188, 0.593999981880188, 0.6019999980926514, 0.6029999852180481, 0.6000000238418579, 0.6010000109672546, 0.6069999933242798, 0.6100000143051147, 0.5989999771118164, 0.6010000109672546, 0.6039999723434448, 0.6010000109672546, 0.5979999899864197, 0.5979999899864197, 0.6000000238418579, 0.6010000109672546, 0.6050000190734863, 0.6050000190734863, 0.6069999933242798, 0.6060000061988831, 0.6069999933242798, 0.609000027179718, 0.609000027179718, 0.609000027179718, 0.609000027179718, 0.609000027179718, 0.609000027179718, 0.6079999804496765, 0.6069999933242798, 0.6069999933242798, 0.6060000061988831, 0.609000027179718, 0.6100000143051147, 0.609000027179718, 0.6079999804496765, 0.6039999723434448, 0.6039999723434448, 0.6060000061988831, 0.6209999918937683, 0.6209999918937683, 0.6200000047683716, 0.6200000047683716, 0.6169999837875366, 0.6169999837875366, 0.6200000047683716, 0.6230000257492065, 0.6200000047683716, 0.6200000047683716, 0.6179999709129333, 0.621999979019165, 0.6169999837875366, 0.625, 0.6230000257492065, 0.625, 0.625, 0.6299999952316284, 0.6330000162124634, 0.6340000033378601, 0.6299999952316284, 0.6290000081062317, 0.6269999742507935, 0.6290000081062317, 0.6309999823570251, 0.6359999775886536, 0.6359999775886536, 0.6320000290870667, 0.628000020980835, 0.6290000081062317, 0.6299999952316284, 0.6449999809265137, 0.6349999904632568, 0.6359999775886536, 0.640999972820282, 0.640999972820282, 0.6380000114440918, 0.6370000243186951, 0.6389999985694885, 0.6420000195503235, 0.6340000033378601, 0.6340000033378601, 0.6340000033378601, 0.6380000114440918, 0.6449999809265137, 0.6449999809265137, 0.6420000195503235, 0.6460000276565552, 0.6460000276565552, 0.6489999890327454, 0.6489999890327454, 0.6439999938011169, 0.6389999985694885, 0.6389999985694885, 0.6430000066757202, 0.640999972820282, 0.640999972820282, 0.6449999809265137, 0.6489999890327454, 0.6489999890327454, 0.6489999890327454, 0.6460000276565552, 0.6539999842643738, 0.6539999842643738, 0.6549999713897705, 0.656000018119812, 0.656000018119812, 0.6499999761581421, 0.6480000019073486, 0.6610000133514404, 0.6620000004768372, 0.6579999923706055, 0.6549999713897705, 0.6549999713897705, 0.6549999713897705, 0.6549999713897705, 0.6610000133514404, 0.6629999876022339, 0.6610000133514404, 0.6570000052452087, 0.6570000052452087, 0.6660000085830688, 0.671999990940094, 0.6769999861717224, 0.6819999814033508, 0.6779999732971191, 0.6779999732971191, 0.6800000071525574, 0.6830000281333923, 0.6830000281333923, 0.6830000281333923, 0.6830000281333923, 0.6850000023841858, 0.6850000023841858, 0.6899999976158142, 0.6930000185966492, 0.6959999799728394, 0.6990000009536743, 0.699999988079071, 0.7089999914169312, 0.7129999995231628, 0.7110000252723694, 0.7089999914169312, 0.7070000171661377]
intensities: [1033.0, 1068.0, 1125.0, 1127.0, 1156.0, 1189.0, 1228.0, 1277.0, 1326.0, 1312.0, 1350.0, 1350.0, 1343.0, 1309.0, 1238.0, 1121.0, 1059.0, 902.0, 765.0, 813.0, 901.0, 972.0, 1003.0, 1005.0, 1029.0, 1004.0, 988.0, 1041.0, 1054.0, 1107.0, 1151.0, 1284.0, 1311.0, 1336.0, 1404.0, 1418.0, 1482.0, 1473.0, 1495.0, 1508.0, 1503.0, 1510.0, 1505.0, 1511.0, 1511.0, 1509.0, 1511.0, 1511.0, 1514.0, 1517.0, 1508.0, 1508.0, 1496.0, 1496.0, 1493.0, 1493.0, 1494.0, 1497.0, 1485.0, 1485.0, 1488.0, 1493.0, 1516.0, 1532.0, 1538.0, 1518.0, 1478.0, 1480.0, 1491.0, 1476.0, 1474.0, 1472.0, 1463.0, 1469.0, 1469.0, 1470.0, 1471.0, 1458.0, 1446.0, 1452.0, 1457.0, 1452.0, 1444.0, 1435.0, 1437.0, 1437.0, 1435.0, 1435.0, 1426.0, 1423.0, 1420.0, 1419.0, 1422.0, 1417.0, 1401.0, 1396.0, 1392.0, 1390.0, 1387.0, 1400.0, 1368.0, 1378.0, 1378.0, 1375.0, 1383.0, 1371.0, 1369.0, 1356.0, 1377.0, 1361.0, 1361.0, 1350.0, 1350.0, 1349.0, 1365.0, 1366.0, 1357.0, 1359.0, 1351.0, 1348.0, 1353.0, 1351.0, 1322.0, 1322.0, 1321.0, 1321.0, 1321.0, 1316.0, 1317.0, 1307.0, 1312.0, 1313.0, 1316.0, 1316.0, 1303.0, 1303.0, 1289.0, 1297.0, 1294.0, 1286.0, 1292.0, 1292.0, 1280.0, 1285.0, 1289.0, 1281.0, 1274.0, 1280.0, 1283.0, 1276.0, 1275.0, 1267.0, 1273.0, 1280.0, 1267.0, 1276.0, 1272.0, 1273.0, 1271.0, 1277.0, 1280.0, 1251.0, 1250.0, 1247.0, 1246.0, 1250.0, 1247.0, 1245.0, 1249.0, 1245.0, 1243.0, 1265.0, 1249.0, 1244.0, 1250.0, 1233.0, 1233.0, 1240.0, 1245.0, 1246.0, 1246.0, 1238.0, 1240.0, 1235.0, 1241.0, 1230.0, 1220.0, 1212.0, 1221.0, 1212.0, 1217.0, 1186.0, 1206.0, 1215.0, 1215.0, 1206.0, 1210.0, 1216.0, 1207.0, 1201.0, 1198.0, 1208.0, 1247.0, 1221.0, 1195.0, 1199.0, 1208.0, 1183.0, 1190.0, 1186.0, 1188.0, 1191.0, 1186.0, 1187.0, 1180.0, 1199.0, 1194.0, 1185.0, 1193.0, 1165.0, 1175.0, 1178.0, 1164.0, 1173.0, 1156.0, 1167.0, 1156.0, 1153.0, 1152.0, 1146.0, 1164.0, 1153.0, 1143.0, 1152.0, 1154.0, 1160.0, 1160.0, 1164.0, 1152.0, 1146.0, 1146.0, 1159.0, 1146.0, 1157.0, 1151.0, 1179.0, 1179.0, 1159.0, 1146.0, 1137.0, 1146.0, 1139.0, 1150.0, 1131.0, 1146.0, 1148.0, 1143.0, 1128.0, 1119.0, 1115.0, 1120.0, 1132.0, 1129.0, 1097.0, 1111.0, 1127.0, 1127.0, 1117.0, 1117.0, 1115.0, 1118.0, 1114.0, 1107.0, 1107.0, 1115.0, 1129.0, 1128.0, 1134.0, 1125.0, 1139.0, 1131.0, 1131.0, 1127.0, 1123.0, 1126.0, 1133.0, 1148.0, 1153.0, 1158.0, 1158.0, 1148.0, 1163.0, 1153.0, 1129.0, 1168.0, 1168.0, 1165.0, 1171.0, 1179.0, 1192.0, 1192.0, 1176.0, 1169.0, 1183.0, 1183.0, 1188.0, 1185.0, 1200.0, 1200.0, 1207.0, 1231.0, 1211.0, 1231.0, 1232.0, 1241.0, 1253.0, 1258.0, 1233.0, 1243.0, 1242.0, 1250.0, 1249.0, 1259.0, 1264.0, 1270.0, 1268.0, 1259.0, 1265.0, 1270.0, 1277.0, 1277.0, 1275.0, 1276.0, 1276.0, 1283.0, 1283.0, 1287.0, 1293.0, 1286.0, 1294.0, 1290.0, 1298.0, 1292.0, 1305.0, 1309.0, 1311.0, 1280.0, 1296.0, 1298.0, 1323.0, 1346.0, 1348.0, 1372.0, 1406.0, 1482.0, 1521.0, 1534.0, 1456.0, 1371.0, 1362.0, 1362.0, 1375.0, 1385.0, 1368.0, 1382.0, 1399.0, 1400.0, 1401.0, 1378.0, 1351.0, 1326.0, 1317.0, 1305.0, 1285.0, 1248.0, 1241.0, 1251.0, 1230.0, 1204.0, 1157.0, 1153.0, 1127.0, 1140.0, 1244.0, 1524.0, 1564.0, 1478.0, 1048.0, 1035.0, 1050.0, 1047.0, 1066.0, 1070.0, 1073.0, 1073.0, 1066.0, 1077.0, 1085.0, 1085.0, 1083.0, 1088.0, 1077.0, 1085.0, 1078.0, 1089.0, 1080.0, 1088.0, 1097.0, 1095.0, 1078.0, 1078.0, 1072.0, 1092.0, 1075.0, 1084.0, 1096.0, 1107.0, 1086.0, 1090.0, 1093.0, 1092.0, 1099.0, 1107.0, 1113.0, 1122.0, 1111.0, 1126.0, 1108.0, 1120.0, 1100.0, 1104.0, 1095.0, 1095.0, 1107.0, 1102.0, 1101.0, 1110.0, 1128.0, 1139.0, 1134.0, 1134.0, 1129.0, 1133.0, 1142.0, 1156.0, 1172.0, 1156.0, 1111.0, 1123.0, 1121.0, 1141.0, 1118.0, 1114.0, 1129.0, 1134.0, 1125.0, 1120.0, 1139.0, 1136.0, 1136.0, 1142.0, 1154.0, 1144.0, 1155.0, 1157.0, 1167.0, 1168.0, 1162.0, 1183.0, 1184.0, 1191.0, 1191.0, 1178.0, 1193.0, 1196.0, 1186.0, 1192.0, 1192.0, 1195.0, 1188.0, 1198.0, 1198.0, 1191.0, 1206.0, 1205.0, 1210.0, 1216.0, 1231.0, 1236.0, 1225.0, 1227.0, 1228.0, 1229.0, 1223.0, 1230.0, 1231.0, 1232.0, 1250.0, 1230.0, 1241.0, 1231.0, 1235.0, 1242.0, 1255.0, 1264.0, 1245.0, 1252.0, 1249.0, 1257.0, 1248.0, 1232.0, 1237.0, 1245.0, 1247.0, 1262.0, 1261.0, 1257.0, 1267.0, 1261.0, 1252.0, 1256.0, 1265.0, 1260.0, 1249.0, 1248.0, 1256.0, 1261.0, 1262.0, 1262.0, 1244.0, 1235.0, 1249.0, 1258.0, 1264.0, 1258.0, 1262.0, 1268.0, 1261.0, 1259.0, 1259.0, 1257.0, 1260.0, 1251.0, 1269.0, 1268.0, 1264.0, 1277.0, 1263.0, 1261.0, 1261.0, 1267.0, 1278.0, 1269.0, 1282.0, 1266.0, 1263.0, 1272.0, 1277.0, 1278.0, 1263.0, 1278.0, 1290.0, 1280.0, 1297.0, 1289.0, 1276.0, 1283.0, 1300.0, 1282.0, 1287.0, 1283.0, 1287.0, 1292.0, 1301.0, 1277.0, 1273.0, 1270.0, 1271.0, 1301.0, 1292.0, 1292.0, 1283.0, 1305.0, 1309.0, 1270.0, 1295.0, 1311.0, 1294.0, 1317.0, 1310.0, 1323.0, 1314.0, 1305.0, 1324.0, 1326.0, 1307.0, 1310.0, 1317.0, 1317.0, 1322.0, 1322.0, 1325.0, 1329.0, 1352.0, 1325.0, 1329.0, 1334.0, 1327.0, 1323.0, 1333.0, 1326.0, 1337.0, 1337.0, 1333.0, 1334.0, 1350.0, 1356.0, 1353.0, 1339.0, 1348.0, 1343.0, 1345.0, 1346.0, 1344.0, 1342.0, 1348.0, 1334.0, 1351.0, 1349.0, 1359.0, 1360.0, 1347.0, 1347.0, 1347.0, 1364.0, 1368.0, 1355.0, 1352.0, 1366.0, 1385.0, 1374.0, 1374.0, 1377.0, 1378.0, 1375.0, 1383.0, 1389.0, 1379.0, 1386.0, 1368.0, 1370.0, 1388.0, 1394.0, 1392.0, 1396.0, 1403.0, 1403.0, 1403.0, 1412.0, 1400.0, 1411.0, 1422.0, 1411.0, 1407.0, 1403.0, 1418.0, 1408.0, 1401.0, 1415.0, 1410.0, 1431.0, 1418.0, 1415.0, 1432.0, 1437.0, 1419.0, 1416.0, 1419.0, 1423.0, 1416.0, 1423.0, 1424.0, 1430.0, 1440.0, 1436.0, 1430.0, 1437.0, 1444.0, 1444.0, 1436.0, 1432.0, 1443.0, 1457.0, 1444.0, 1450.0, 1448.0, 1459.0, 1452.0, 1465.0, 1472.0, 1472.0, 1475.0, 1472.0, 1448.0, 1448.0, 1467.0, 1475.0, 1489.0, 1479.0, 1477.0, 1471.0, 1470.0, 1467.0, 1474.0, 1471.0, 1483.0, 1482.0, 1481.0, 1471.0, 1477.0, 1506.0, 1496.0, 1486.0, 1488.0, 1502.0, 1517.0, 1493.0, 1497.0, 1489.0, 1488.0, 1495.0, 1489.0, 1521.0, 1521.0, 1521.0, 1512.0, 1521.0, 1511.0, 1496.0, 1508.0, 1497.0, 1486.0, 1493.0, 1500.0, 1506.0, 1533.0, 1530.0, 1524.0, 1497.0, 1496.0, 1506.0, 1518.0, 1530.0, 1539.0, 1535.0, 1523.0, 1507.0, 1494.0, 1496.0, 1488.0, 1488.0, 1486.0, 1488.0, 1474.0, 1474.0, 1479.0, 1487.0, 1475.0, 1485.0, 1480.0, 1469.0, 1488.0, 1467.0, 1467.0, 1459.0, 1448.0, 1451.0, 1485.0, 1484.0, 1473.0, 1476.0, 1481.0, 1495.0, 1507.0, 1513.0, 1503.0, 1528.0, 1529.0, 1544.0, 1526.0, 1517.0, 1517.0, 1511.0, 1497.0, 1512.0, 1492.0, 1520.0, 1509.0, 1518.0, 1520.0, 1526.0, 1536.0, 1509.0, 1505.0, 1509.0, 1509.0, 1504.0, 1491.0, 1488.0, 1474.0, 1458.0, 1468.0, 1475.0, 1485.0, 1476.0, 1476.0, 1491.0, 1498.0, 1502.0, 1499.0, 1499.0, 1508.0, 1481.0, 1499.0, 1494.0, 1495.0, 1500.0, 1494.0, 1509.0, 1528.0, 1525.0, 1529.0, 1518.0, 1520.0, 1506.0, 1501.0, 1492.0, 1488.0, 1488.0, 1479.0, 1486.0, 1494.0, 1494.0, 1499.0, 1499.0, 1499.0, 1487.0, 1483.0, 1478.0, 1455.0, 1458.0, 1453.0, 1478.0, 1465.0, 1463.0, 1461.0, 1436.0, 1438.0, 1440.0, 1452.0, 1451.0, 1459.0, 1463.0, 1454.0, 1436.0, 1429.0, 1426.0, 1426.0, 1419.0, 1419.0, 1422.0, 1433.0, 1430.0, 1428.0, 1419.0, 1419.0, 1420.0, 1424.0, 1422.0, 1422.0, 1411.0, 1409.0, 1419.0, 1416.0, 1413.0, 1404.0, 1420.0, 1408.0, 1410.0, 1404.0, 1393.0, 1391.0, 1382.0, 1401.0, 1391.0, 1380.0, 1399.0, 1401.0, 1423.0, 1404.0, 1409.0, 1406.0, 1413.0, 1413.0, 1395.0, 1410.0, 1381.0, 1393.0, 1393.0, 1391.0, 1386.0, 1404.0, 1386.0, 1389.0, 1379.0, 1377.0, 1372.0, 1382.0, 1373.0, 1369.0, 1360.0, 1363.0, 1379.0, 1370.0, 1377.0, 1381.0, 1377.0, 1386.0, 1359.0, 1355.0, 1368.0, 1377.0, 1382.0, 1382.0, 1377.0, 1341.0, 1340.0, 1342.0, 1335.0, 1338.0, 1344.0, 1332.0, 1334.0, 1342.0, 1339.0, 1320.0, 1323.0, 1323.0, 1333.0, 1344.0, 1326.0, 1322.0, 1320.0, 1334.0, 1333.0, 1344.0, 1335.0, 1341.0, 1325.0, 1338.0, 1346.0, 1339.0, 1310.0, 1310.0, 1314.0, 1346.0, 1337.0, 1323.0, 1325.0, 1310.0, 1348.0, 1356.0, 1347.0, 1339.0, 1338.0, 1333.0, 1332.0, 1361.0, 1354.0, 1347.0, 1347.0, 1336.0, 1341.0, 1335.0, 1329.0, 1325.0, 1327.0, 1335.0, 1343.0, 1331.0, 1355.0, 1362.0, 1348.0, 1348.0, 1345.0, 1347.0, 1341.0, 1354.0, 1354.0, 1349.0, 1363.0, 1367.0, 1381.0, 1381.0, 1351.0, 1360.0, 1361.0, 1369.0, 1346.0, 1358.0, 1363.0, 1373.0, 1367.0, 1368.0, 1372.0, 1380.0, 1383.0, 1377.0, 1384.0, 1379.0, 1374.0, 1382.0, 1382.0, 1377.0, 1395.0, 1395.0, 1394.0, 1394.0, 1375.0, 1382.0, 1378.0, 1381.0, 1378.0, 1375.0, 1386.0, 1402.0, 1397.0, 1382.0, 1385.0, 1376.0, 1376.0, 1377.0, 1378.0, 1378.0, 1388.0, 1386.0, 1395.0, 1385.0, 1400.0, 1403.0, 1396.0, 1403.0, 1404.0, 1402.0, 1401.0, 1402.0, 1405.0, 1405.0, 1402.0, 1390.0, 1396.0, 1392.0, 1394.0, 1394.0, 1391.0, 1389.0, 1389.0, 1404.0, 1398.0, 1402.0, 1392.0, 1415.0, 1413.0, 1414.0, 1423.0, 1417.0, 1419.0, 1420.0, 1427.0, 1421.0, 1407.0]