header: 
  seq: 1459
  stamp: 
    secs: 1548820793
    nsecs: 634962822
  frame_id: "base_link"
angle_min: -2.35619449615
angle_max: 2.35619449615
angle_increment: 0.00436332309619
time_increment: 1.73611151695e-05
scan_time: 0.0250000003725
range_min: 0.019999999553
range_max: 30.0
ranges: [0.26899999380111694, 0.2639999985694885, 0.27300000190734863, 0.27900001406669617, 0.2849999964237213, 0.29100000858306885, 0.2919999957084656, 0.29100000858306885, 0.289000004529953, 0.28600001335144043, 0.2919999957084656, 0.2849999964237213, 0.2849999964237213, 0.27900001406669617, 0.2840000092983246, 0.2750000059604645, 0.2709999978542328, 0.2590000033378601, 0.25, 0.23499999940395355, 0.2680000066757202, 0.2720000147819519, 0.2750000059604645, 0.2720000147819519, 0.27000001072883606, 0.27900001406669617, 0.2709999978542328, 0.2770000100135803, 0.28299999237060547, 0.2879999876022339, 0.28999999165534973, 0.289000004529953, 0.2849999964237213, 0.2919999957084656, 0.2980000078678131, 0.2980000078678131, 0.28700000047683716, 0.28700000047683716, 0.2849999964237213, 0.2849999964237213, 0.2840000092983246, 0.28999999165534973, 0.2930000126361847, 0.2930000126361847, 0.29100000858306885, 0.29100000858306885, 0.2930000126361847, 0.29600000381469727, 0.2939999997615814, 0.2939999997615814, 0.2930000126361847, 0.2919999957084656, 0.29100000858306885, 0.2930000126361847, 0.296999990940094, 0.2939999997615814, 0.2930000126361847, 0.2919999957084656, 0.2930000126361847, 0.296999990940094, 0.296999990940094, 0.29499998688697815, 0.2919999957084656, 0.2930000126361847, 0.29600000381469727, 0.29899999499320984, 0.29899999499320984, 0.2939999997615814, 0.29899999499320984, 0.29899999499320984, 0.29899999499320984, 0.29899999499320984, 0.30000001192092896, 0.3009999990463257, 0.29899999499320984, 0.2980000078678131, 0.29899999499320984, 0.3019999861717224, 0.30300000309944153, 0.30300000309944153, 0.30000001192092896, 0.3019999861717224, 0.3019999861717224, 0.3100000023841858, 0.31200000643730164, 0.30799999833106995, 0.30300000309944153, 0.30399999022483826, 0.30300000309944153, 0.3050000071525574, 0.3089999854564667, 0.3059999942779541, 0.31200000643730164, 0.3100000023841858, 0.3100000023841858, 0.3070000112056732, 0.3089999854564667, 0.3100000023841858, 0.31200000643730164, 0.31700000166893005, 0.3179999887943268, 0.31700000166893005, 0.31700000166893005, 0.3160000145435333, 0.31700000166893005, 0.3179999887943268, 0.3160000145435333, 0.3160000145435333, 0.3149999976158142, 0.3149999976158142, 0.3190000057220459, 0.3149999976158142, 0.31200000643730164, 0.3190000057220459, 0.3269999921321869, 0.3240000009536743, 0.3199999928474426, 0.3190000057220459, 0.3199999928474426, 0.3160000145435333, 0.3179999887943268, 0.32100000977516174, 0.3199999928474426, 0.3230000138282776, 0.3190000057220459, 0.3199999928474426, 0.32600000500679016, 0.328000009059906, 0.32899999618530273, 0.3330000042915344, 0.33799999952316284, 0.33000001311302185, 0.33000001311302185, 0.33000001311302185, 0.3330000042915344, 0.33399999141693115, 0.335999995470047, 0.3409999907016754, 0.3449999988079071, 0.35199999809265137, 0.35199999809265137, 0.34700000286102295, 0.35199999809265137, 0.35199999809265137, 0.35199999809265137, 0.34700000286102295, 0.3479999899864197, 0.3490000069141388, 0.34700000286102295, 0.3449999988079071, 0.34599998593330383, 0.3479999899864197, 0.35100001096725464, 0.3479999899864197, 0.3440000116825104, 0.3440000116825104, 0.3449999988079071, 0.3449999988079071, 0.3449999988079071, 0.3490000069141388, 0.3529999852180481, 0.3479999899864197, 0.3569999933242798, 0.35499998927116394, 0.35899999737739563, 0.35600000619888306, 0.35499998927116394, 0.35199999809265137, 0.3540000021457672, 0.35499998927116394, 0.3580000102519989, 0.3580000102519989, 0.3580000102519989, 0.36000001430511475, 0.3619999885559082, 0.3619999885559082, 0.3700000047683716, 0.3700000047683716, 0.3659999966621399, 0.36800000071525574, 0.36899998784065247, 0.3720000088214874, 0.37299999594688416, 0.37400001287460327, 0.3779999911785126, 0.3799999952316284, 0.3799999952316284, 0.3799999952316284, 0.3880000114440918, 0.3919999897480011, 0.3880000114440918, 0.3880000114440918, 0.39800000190734863, 0.40700000524520874, 0.40700000524520874, 0.4020000100135803, 0.40700000524520874, 0.40799999237060547, 0.4090000092983246, 0.40799999237060547, 0.4099999964237213, 0.414000004529953, 0.4180000126361847, 0.4180000126361847, 0.4189999997615814, 0.41999998688697815, 0.42899999022483826, 0.42899999022483826, 0.43299999833106995, 0.42800000309944153, 0.42800000309944153, 0.4320000112056732, 0.4350000023841858, 0.43700000643730164, 0.4429999887943268, 0.4449999928474426, 0.4519999921321869, 0.4569999873638153, 0.45899999141693115, 0.4440000057220459, 0.44999998807907104, 0.45899999141693115, 0.460999995470047, 0.46700000762939453, 0.46700000762939453, 0.47699999809265137, 0.4790000021457672, 0.4790000021457672, 0.47999998927116394, 0.48399999737739563, 0.48500001430511475, 0.4909999966621399, 0.48899999260902405, 0.49799999594688416, 0.49900001287460327, 0.5059999823570251, 0.5080000162124634, 0.5080000162124634, 0.5080000162124634, 0.515999972820282, 0.5270000100135803, 0.527999997138977, 0.5329999923706055, 0.5370000004768372, 0.5389999747276306, 0.5389999747276306, 0.546999990940094, 0.546999990940094, 0.5580000281333923, 0.5690000057220459, 0.5669999718666077, 0.5709999799728394, 0.5690000057220459, 0.5720000267028809, 0.5830000042915344, 0.5899999737739563, 0.5950000286102295, 0.5929999947547913, 0.6039999723434448, 0.6119999885559082, 0.6119999885559082, 0.6150000095367432, 0.6190000176429749, 0.6299999952316284, 0.6290000081062317, 0.6460000276565552, 0.6430000066757202, 0.6449999809265137, 0.6510000228881836, 0.6579999923706055, 0.6690000295639038, 0.6729999780654907, 0.6729999780654907, 0.6850000023841858, 0.6899999976158142, 0.703000009059906, 0.7139999866485596, 0.7149999737739563, 0.7179999947547913, 0.722000002861023, 0.7260000109672546, 0.7540000081062317, 0.7580000162124634, 0.7590000033378601, 0.7730000019073486, 0.781000018119812, 0.7889999747276306, 0.8019999861717224, 0.8119999766349792, 0.8140000104904175, 0.8220000267028809, 0.8320000171661377, 0.8379999995231628, 0.8669999837875366, 0.8769999742507935, 0.9070000052452087, 1.0119999647140503, 1.1449999809265137, 2.1080000400543213, 2.1080000400543213, 2.1059999465942383, 2.0980000495910645, 2.0940001010894775, 2.0929999351501465, 2.0880000591278076, 2.0799999237060547, 2.0769999027252197, 2.072999954223633, 2.065000057220459, 2.053999900817871, 2.0420000553131104, 2.0309998989105225, 2.0309998989105225, 2.0309998989105225, 2.0230000019073486, 2.0160000324249268, 2.01200008392334, 2.01200008392334, 2.003000020980835, 1.9989999532699585, 1.9919999837875366, 1.9859999418258667, 1.9769999980926514, 1.9739999771118164, 1.972000002861023, 1.9700000286102295, 1.9550000429153442, 1.9509999752044678, 1.9500000476837158, 1.9459999799728394, 1.937999963760376, 1.9299999475479126, 1.9279999732971191, 1.9249999523162842, 1.9199999570846558, 1.9160000085830688, 1.9140000343322754, 1.9140000343322754, 1.909000039100647, 1.9019999504089355, 1.8960000276565552, 1.8890000581741333, 1.8880000114440918, 1.8799999952316284, 1.8769999742507935, 1.8760000467300415, 1.86899995803833, 1.8669999837875366, 1.8639999628067017, 1.8580000400543213, 1.8569999933242798, 1.8550000190734863, 1.8509999513626099, 1.843000054359436, 1.843000054359436, 1.840000033378601, 1.8389999866485596, 1.8329999446868896, 1.8259999752044678, 1.8240000009536743, 1.8229999542236328, 1.8229999542236328, 1.819000005722046, 1.815999984741211, 1.812000036239624, 1.812000036239624, 1.805999994277954, 1.8049999475479126, 1.7949999570846558, 1.7940000295639038, 1.7879999876022339, 1.784000039100647, 1.7829999923706055, 1.7829999923706055, 1.7760000228881836, 1.7719999551773071, 1.7690000534057617, 1.7680000066757202, 1.7710000276565552, 1.7669999599456787, 1.7610000371932983, 1.7589999437332153, 1.7510000467300415, 1.7480000257492065, 1.74399995803833, 1.7410000562667847, 1.7419999837875366, 1.7369999885559082, 1.7269999980926514, 1.722000002861023, 1.718999981880188, 1.7200000286102295, 1.7200000286102295, 1.7170000076293945, 1.7059999704360962, 1.7009999752044678, 1.6990000009536743, 1.694000005722046, 1.690000057220459, 1.687999963760376, 1.6859999895095825, 1.6829999685287476, 1.6770000457763672, 1.6710000038146973, 1.6720000505447388, 1.6729999780654907, 1.6619999408721924, 1.6549999713897705, 1.6540000438690186, 1.6519999504089355, 1.6519999504089355, 1.6540000438690186, 1.6549999713897705, 1.6390000581741333, 1.628000020980835, 1.625, 1.6169999837875366, 1.6089999675750732, 1.6089999675750732, 1.6109999418258667, 1.6069999933242798, 1.593999981880188, 1.5920000076293945, 1.5789999961853027, 1.5729999542236328, 1.5729999542236328, 1.5729999542236328, 1.559999942779541, 1.5540000200271606, 1.5470000505447388, 1.5460000038146973, 1.5449999570846558, 1.531000018119812, 1.5290000438690186, 1.5180000066757202, 1.5180000066757202, 1.5080000162124634, 1.5, 1.4980000257492065, 1.49399995803833, 1.4950000047683716, 1.4880000352859497, 1.4809999465942383, 1.4759999513626099, 1.4700000286102295, 1.468999981880188, 1.4589999914169312, 1.4570000171661377, 1.4450000524520874, 1.440999984741211, 1.430999994277954, 1.4210000038146973, 1.4199999570846558, 1.4160000085830688, 1.4049999713897705, 1.4049999713897705, 1.3969999551773071, 1.3919999599456787, 1.3899999856948853, 1.3739999532699585, 1.3730000257492065, 1.3739999532699585, 1.3600000143051147, 1.3589999675750732, 1.3539999723434448, 1.343999981880188, 1.3370000123977661, 1.3370000123977661, 1.3350000381469727, 1.3250000476837158, 1.3079999685287476, 1.3049999475479126, 1.3020000457763672, 1.2929999828338623, 1.2929999828338623, 1.281999945640564, 1.2769999504089355, 1.2619999647140503, 1.2610000371932983, 1.2610000371932983, 1.246999979019165, 1.2319999933242798, 1.2300000190734863, 1.2280000448226929, 1.2209999561309814, 1.2139999866485596, 1.2130000591278076, 1.1990000009536743, 1.1970000267028809, 1.1820000410079956, 1.1649999618530273, 1.1610000133514404, 1.1629999876022339, 1.1579999923706055, 1.149999976158142, 1.1299999952316284, 1.1169999837875366, 1.1169999837875366, 1.1100000143051147, 1.1019999980926514, 1.0870000123977661, 1.0800000429153442, 1.0679999589920044, 1.062999963760376, 1.055999994277954, 1.0540000200271606, 1.0549999475479126, 1.0460000038146973, 1.0420000553131104, 1.0329999923706055, 1.0329999923706055, 1.0199999809265137, 1.0149999856948853, 1.0099999904632568, 0.9990000128746033, 0.9919999837875366, 0.9879999756813049, 0.9879999756813049, 0.984000027179718, 0.9729999899864197, 0.972000002861023, 0.972000002861023, 0.9679999947547913, 0.9629999995231628, 0.949999988079071, 0.9459999799728394, 0.9430000185966492, 0.9409999847412109, 0.9350000023841858, 0.9309999942779541, 0.9279999732971191, 0.9229999780654907, 0.9160000085830688, 0.9120000004768372, 0.9020000100135803, 0.902999997138977, 0.9010000228881836, 0.8939999938011169, 0.8859999775886536, 0.8859999775886536, 0.8790000081062317, 0.8790000081062317, 0.878000020980835, 0.8709999918937683, 0.8709999918937683, 0.8640000224113464, 0.859000027179718, 0.8579999804496765, 0.8560000061988831, 0.8510000109672546, 0.8489999771118164, 0.8479999899864197, 0.8450000286102295, 0.8360000252723694, 0.8360000252723694, 0.8360000252723694, 0.8320000171661377, 0.8299999833106995, 0.8259999752044678, 0.8159999847412109, 0.8100000023841858, 0.8130000233650208, 0.8130000233650208, 0.8069999814033508, 0.8009999990463257, 0.7940000295639038, 0.7940000295639038, 0.796999990940094, 0.7910000085830688, 0.7829999923706055, 0.7789999842643738, 0.7760000228881836, 0.7730000019073486, 0.7710000276565552, 0.7710000276565552, 0.7710000276565552, 0.7710000276565552, 0.7580000162124634, 0.7620000243186951, 0.7559999823570251, 0.7549999952316284, 0.7549999952316284, 0.7549999952316284, 0.7480000257492065, 0.7429999709129333, 0.7400000095367432, 0.7369999885559082, 0.7319999933242798, 0.7379999756813049, 0.7379999756813049, 0.7369999885559082, 0.7329999804496765, 0.7239999771118164, 0.7210000157356262, 0.718999981880188, 0.722000002861023, 0.7170000076293945, 0.7170000076293945, 0.7139999866485596, 0.7009999752044678, 0.7009999752044678, 0.703000009059906, 0.7059999704360962, 0.7059999704360962, 0.7049999833106995, 0.699999988079071, 0.6970000267028809, 0.6959999799728394, 0.699999988079071, 0.6970000267028809, 0.7009999752044678, 0.6819999814033508, 0.6909999847412109, 0.6800000071525574, 0.6909999847412109, 0.6859999895095825, 0.6859999895095825, 0.6840000152587891, 0.6819999814033508, 0.6809999942779541, 0.6809999942779541, 0.6769999861717224, 0.6809999942779541, 0.6809999942779541, 0.6859999895095825, 0.6859999895095825, 0.6710000038146973, 0.6710000038146973, 0.6740000247955322, 0.6700000166893005, 0.6700000166893005, 0.6690000295639038, 0.6690000295639038, 0.6639999747276306, 0.6579999923706055, 0.6579999923706055, 0.6610000133514404, 0.6610000133514404, 0.6570000052452087, 0.652999997138977, 0.6510000228881836, 0.652999997138977, 0.6499999761581421, 0.6480000019073486, 0.6510000228881836, 0.6549999713897705, 0.6549999713897705, 0.6520000100135803, 0.6489999890327454, 0.6480000019073486, 0.6499999761581421, 0.6470000147819519, 0.6460000276565552, 0.6439999938011169, 0.6349999904632568, 0.6349999904632568, 0.6349999904632568, 0.6359999775886536, 0.6359999775886536, 0.6359999775886536, 0.6340000033378601, 0.6349999904632568, 0.6420000195503235, 0.6389999985694885, 0.6370000243186951, 0.6399999856948853, 0.640999972820282, 0.6399999856948853, 0.6349999904632568, 0.6320000290870667, 0.6320000290870667, 0.6309999823570251, 0.621999979019165, 0.6230000257492065, 0.621999979019165, 0.6290000081062317, 0.6269999742507935, 0.6290000081062317, 0.625, 0.6200000047683716, 0.6200000047683716, 0.6209999918937683, 0.6230000257492065, 0.621999979019165, 0.6200000047683716, 0.6179999709129333, 0.6209999918937683, 0.6209999918937683, 0.6269999742507935, 0.6269999742507935, 0.6269999742507935, 0.6240000128746033, 0.6200000047683716, 0.6200000047683716, 0.6190000176429749, 0.6230000257492065, 0.628000020980835, 0.6200000047683716, 0.6200000047683716, 0.6200000047683716, 0.6200000047683716, 0.6159999966621399, 0.6200000047683716, 0.6169999837875366, 0.6169999837875366, 0.621999979019165, 0.625, 0.6179999709129333, 0.609000027179718, 0.6110000014305115, 0.6129999756813049, 0.6119999885559082, 0.609000027179718, 0.6069999933242798, 0.6119999885559082, 0.6169999837875366, 0.6150000095367432, 0.6169999837875366, 0.6129999756813049, 0.6129999756813049, 0.6169999837875366, 0.6169999837875366, 0.6119999885559082, 0.6110000014305115, 0.6110000014305115, 0.6079999804496765, 0.6079999804496765, 0.6100000143051147, 0.6200000047683716, 0.6110000014305115, 0.6029999852180481, 0.6039999723434448, 0.6129999756813049, 0.6159999966621399, 0.6140000224113464, 0.6150000095367432, 0.6129999756813049, 0.609000027179718, 0.6069999933242798, 0.6060000061988831, 0.609000027179718, 0.6100000143051147, 0.6110000014305115, 0.6110000014305115, 0.6119999885559082, 0.6110000014305115, 0.6169999837875366, 0.6150000095367432, 0.6140000224113464, 0.6140000224113464, 0.6140000224113464, 0.6129999756813049, 0.6119999885559082, 0.6119999885559082, 0.6140000224113464, 0.6200000047683716, 0.6240000128746033, 0.6240000128746033, 0.6159999966621399, 0.6179999709129333, 0.6150000095367432, 0.6129999756813049, 0.6159999966621399, 0.6240000128746033, 0.6190000176429749, 0.6209999918937683, 0.6179999709129333, 0.6179999709129333, 0.6159999966621399, 0.6159999966621399, 0.6179999709129333, 0.625, 0.628000020980835, 0.6299999952316284, 0.628000020980835, 0.6269999742507935, 0.625, 0.6230000257492065, 0.625, 0.6290000081062317, 0.6380000114440918, 0.6389999985694885, 0.6349999904632568, 0.6340000033378601, 0.6299999952316284, 0.6320000290870667, 0.6309999823570251, 0.6309999823570251, 0.6320000290870667, 0.6370000243186951, 0.640999972820282, 0.640999972820282, 0.6420000195503235, 0.6480000019073486, 0.6489999890327454, 0.6430000066757202, 0.6370000243186951, 0.6399999856948853, 0.6449999809265137, 0.6499999761581421, 0.656000018119812, 0.6539999842643738, 0.6470000147819519, 0.6539999842643738, 0.6520000100135803, 0.6539999842643738, 0.6489999890327454, 0.6470000147819519, 0.6480000019073486, 0.6539999842643738, 0.6520000100135803, 0.6510000228881836, 0.6579999923706055, 0.6639999747276306, 0.6639999747276306, 0.6669999957084656, 0.6600000262260437, 0.6579999923706055, 0.6589999794960022, 0.6600000262260437, 0.656000018119812, 0.656000018119812, 0.6589999794960022, 0.6589999794960022, 0.6629999876022339, 0.6660000085830688, 0.6669999957084656, 0.6660000085830688, 0.6660000085830688, 0.6729999780654907, 0.6729999780654907, 0.6710000038146973, 0.6690000295639038, 0.6710000038146973, 0.6729999780654907, 0.6779999732971191, 0.6769999861717224, 0.6769999861717224, 0.6740000247955322, 0.6769999861717224, 0.6800000071525574, 0.6809999942779541, 0.6809999942779541, 0.6809999942779541, 0.6779999732971191, 0.6869999766349792, 0.6890000104904175, 0.6880000233650208, 0.6880000233650208, 0.6869999766349792, 0.6940000057220459, 0.699999988079071, 0.6980000138282776, 0.6970000267028809, 0.6970000267028809, 0.6970000267028809, 0.6970000267028809, 0.6970000267028809, 0.6919999718666077, 0.6959999799728394, 0.7070000171661377, 0.7099999785423279, 0.7049999833106995, 0.703000009059906, 0.7129999995231628, 0.7129999995231628, 0.7080000042915344, 0.7099999785423279, 0.7160000205039978, 0.7160000205039978, 0.7160000205039978, 0.7149999737739563, 0.7170000076293945, 0.7200000286102295, 0.7160000205039978, 0.7160000205039978, 0.7170000076293945, 0.7200000286102295, 0.7210000157356262, 0.718999981880188, 0.718999981880188, 0.7210000157356262, 0.7250000238418579, 0.7250000238418579, 0.7289999723434448, 0.7289999723434448, 0.7390000224113464, 0.734000027179718, 0.7300000190734863, 0.7300000190734863, 0.7279999852180481, 0.7379999756813049, 0.7379999756813049, 0.7369999885559082, 0.734000027179718, 0.7440000176429749, 0.7429999709129333, 0.7419999837875366, 0.7440000176429749, 0.7409999966621399, 0.7419999837875366, 0.7419999837875366, 0.7419999837875366, 0.7480000257492065, 0.753000020980835, 0.7509999871253967, 0.7509999871253967, 0.75, 0.753000020980835, 0.7509999871253967, 0.7580000162124634, 0.7580000162124634, 0.7620000243186951, 0.7580000162124634, 0.7580000162124634, 0.7590000033378601, 0.7730000019073486, 0.7749999761581421, 0.7720000147819519, 0.7689999938011169, 0.7649999856948853, 0.765999972820282, 0.7689999938011169, 0.7720000147819519, 0.7760000228881836, 0.7770000100135803, 0.7770000100135803, 0.7760000228881836, 0.777999997138977, 0.777999997138977, 0.777999997138977, 0.7839999794960022, 0.7919999957084656, 0.7839999794960022, 0.7860000133514404, 0.7850000262260437, 0.7850000262260437, 0.7870000004768372, 0.7879999876022339, 0.7879999876022339, 0.7940000295639038, 0.7940000295639038, 0.8019999861717224, 0.7929999828338623, 0.796999990940094, 0.7960000038146973, 0.7929999828338623, 0.7979999780654907, 0.8090000152587891, 0.8169999718666077, 0.8090000152587891, 0.8059999942779541, 0.8029999732971191, 0.8029999732971191, 0.8080000281333923, 0.8149999976158142, 0.8090000152587891, 0.8109999895095825, 0.8080000281333923, 0.8209999799728394, 0.8230000138282776, 0.8230000138282776, 0.8230000138282776, 0.8240000009536743, 0.8230000138282776, 0.8240000009536743, 0.8220000267028809, 0.8270000219345093, 0.828000009059906, 0.828000009059906, 0.8270000219345093, 0.8299999833106995, 0.8360000252723694, 0.8379999995231628, 0.8399999737739563, 0.8399999737739563, 0.8420000076293945, 0.843999981880188, 0.843999981880188, 0.8500000238418579, 0.8389999866485596, 0.8370000123977661, 0.8370000123977661, 0.8429999947547913, 0.847000002861023, 0.8560000061988831, 0.8550000190734863, 0.8569999933242798, 0.8569999933242798, 0.8600000143051147, 0.859000027179718, 0.8539999723434448, 0.8539999723434448, 0.8569999933242798, 0.8610000014305115, 0.8640000224113464, 0.8690000176429749, 0.8690000176429749, 0.8690000176429749, 0.8640000224113464, 0.8640000224113464, 0.8669999837875366, 0.8790000081062317, 0.878000020980835, 0.871999979019165, 0.8740000128746033, 0.8799999952316284, 0.8799999952316284, 0.8889999985694885, 0.8820000290870667, 0.8840000033378601, 0.8840000033378601, 0.8830000162124634, 0.8809999823570251, 0.8809999823570251, 0.8809999823570251, 0.8809999823570251, 0.8799999952316284, 0.8790000081062317, 0.878000020980835, 0.8820000290870667, 0.8849999904632568, 0.878000020980835, 0.878000020980835, 0.8840000033378601, 0.8949999809265137, 0.8849999904632568, 0.8859999775886536, 0.8889999985694885, 0.8889999985694885, 0.8870000243186951, 0.8870000243186951, 0.8870000243186951, 0.8899999856948853, 0.8899999856948853, 0.8899999856948853, 0.9020000100135803, 0.8960000276565552, 0.8930000066757202, 0.8920000195503235, 0.902999997138977, 0.9020000100135803, 0.8970000147819519, 0.9010000228881836, 0.8989999890327454, 0.9049999713897705, 0.902999997138977, 0.902999997138977, 0.902999997138977, 0.8999999761581421, 0.8970000147819519, 0.8930000066757202, 0.8999999761581421, 0.8999999761581421, 0.8870000243186951, 0.8870000243186951, 0.8859999775886536, 0.8889999985694885, 0.8960000276565552, 0.9139999747276306, 0.9169999957084656, 0.9010000228881836, 0.9010000228881836, 0.9049999713897705, 0.9049999713897705, 0.9049999713897705, 0.9079999923706055, 0.9229999780654907, 0.9319999814033508, 0.9330000281333923, 0.9330000281333923, 0.9309999942779541, 0.9350000023841858, 0.9350000023841858, 0.9350000023841858, 0.9369999766349792, 0.9509999752044678, 0.9539999961853027, 0.953000009059906, 0.9580000042915344, 0.949999988079071]
intensities: [1103.0, 1121.0, 1180.0, 1256.0, 1363.0, 1420.0, 1438.0, 1455.0, 1466.0, 1466.0, 1455.0, 1448.0, 1448.0, 1375.0, 1391.0, 1187.0, 1114.0, 1012.0, 868.0, 832.0, 912.0, 945.0, 1013.0, 1010.0, 1039.0, 1089.0, 1085.0, 1204.0, 1325.0, 1381.0, 1442.0, 1522.0, 1537.0, 1544.0, 1559.0, 1559.0, 1520.0, 1541.0, 1542.0, 1542.0, 1544.0, 1529.0, 1518.0, 1516.0, 1530.0, 1530.0, 1539.0, 1511.0, 1490.0, 1499.0, 1508.0, 1512.0, 1536.0, 1526.0, 1507.0, 1519.0, 1497.0, 1494.0, 1508.0, 1507.0, 1521.0, 1507.0, 1492.0, 1491.0, 1475.0, 1491.0, 1491.0, 1467.0, 1484.0, 1482.0, 1475.0, 1468.0, 1465.0, 1476.0, 1481.0, 1456.0, 1454.0, 1459.0, 1458.0, 1460.0, 1442.0, 1441.0, 1441.0, 1439.0, 1446.0, 1437.0, 1428.0, 1435.0, 1430.0, 1418.0, 1397.0, 1407.0, 1409.0, 1389.0, 1386.0, 1396.0, 1376.0, 1374.0, 1383.0, 1381.0, 1379.0, 1377.0, 1373.0, 1364.0, 1375.0, 1382.0, 1377.0, 1377.0, 1362.0, 1349.0, 1363.0, 1362.0, 1361.0, 1354.0, 1358.0, 1345.0, 1320.0, 1308.0, 1315.0, 1342.0, 1332.0, 1323.0, 1317.0, 1330.0, 1309.0, 1310.0, 1310.0, 1308.0, 1296.0, 1292.0, 1282.0, 1282.0, 1282.0, 1273.0, 1274.0, 1283.0, 1279.0, 1277.0, 1276.0, 1274.0, 1275.0, 1277.0, 1268.0, 1268.0, 1268.0, 1259.0, 1256.0, 1264.0, 1258.0, 1242.0, 1239.0, 1230.0, 1215.0, 1213.0, 1208.0, 1206.0, 1199.0, 1196.0, 1184.0, 1181.0, 1179.0, 1171.0, 1182.0, 1178.0, 1173.0, 1165.0, 1176.0, 1179.0, 1176.0, 1164.0, 1164.0, 1164.0, 1156.0, 1140.0, 1145.0, 1145.0, 1143.0, 1143.0, 1109.0, 1103.0, 1104.0, 1118.0, 1110.0, 1115.0, 1122.0, 1147.0, 1127.0, 1114.0, 1144.0, 1142.0, 1134.0, 1134.0, 1134.0, 1143.0, 1142.0, 1133.0, 1137.0, 1136.0, 1150.0, 1149.0, 1145.0, 1127.0, 1129.0, 1105.0, 1115.0, 1112.0, 1110.0, 1110.0, 1139.0, 1100.0, 1100.0, 1104.0, 1111.0, 1109.0, 1115.0, 1107.0, 1109.0, 1102.0, 1098.0, 1093.0, 1096.0, 1108.0, 1102.0, 1109.0, 1104.0, 1108.0, 1096.0, 1096.0, 1090.0, 1106.0, 1099.0, 1098.0, 1098.0, 1111.0, 1102.0, 1113.0, 1112.0, 1103.0, 1099.0, 1120.0, 1133.0, 1109.0, 1116.0, 1114.0, 1102.0, 1102.0, 1116.0, 1116.0, 1101.0, 1133.0, 1125.0, 1105.0, 1094.0, 1104.0, 1116.0, 1115.0, 1122.0, 1112.0, 1113.0, 1127.0, 1127.0, 1112.0, 1111.0, 1126.0, 1111.0, 1112.0, 1119.0, 1115.0, 1115.0, 1105.0, 1113.0, 1101.0, 1101.0, 1106.0, 1087.0, 1095.0, 1098.0, 1103.0, 1094.0, 1078.0, 1068.0, 1090.0, 1081.0, 1081.0, 1077.0, 1074.0, 1076.0, 1067.0, 1063.0, 1063.0, 1056.0, 1046.0, 1049.0, 1040.0, 1028.0, 1081.0, 1417.0, 1408.0, 1001.0, 1001.0, 1003.0, 1002.0, 994.0, 1007.0, 997.0, 991.0, 997.0, 1001.0, 999.0, 1004.0, 1006.0, 996.0, 1002.0, 1006.0, 1001.0, 1008.0, 1010.0, 1012.0, 1015.0, 1021.0, 1012.0, 1015.0, 1023.0, 1015.0, 1025.0, 1024.0, 1029.0, 1022.0, 1024.0, 1027.0, 1022.0, 1030.0, 1036.0, 1039.0, 1045.0, 1044.0, 1044.0, 1043.0, 1054.0, 1046.0, 1049.0, 1048.0, 1058.0, 1051.0, 1044.0, 1045.0, 1057.0, 1071.0, 1065.0, 1057.0, 1061.0, 1069.0, 1070.0, 1065.0, 1070.0, 1079.0, 1076.0, 1085.0, 1072.0, 1082.0, 1094.0, 1091.0, 1089.0, 1085.0, 1084.0, 1091.0, 1092.0, 1093.0, 1095.0, 1104.0, 1104.0, 1100.0, 1095.0, 1100.0, 1100.0, 1108.0, 1113.0, 1096.0, 1103.0, 1104.0, 1108.0, 1109.0, 1100.0, 1113.0, 1113.0, 1110.0, 1115.0, 1107.0, 1110.0, 1100.0, 1101.0, 1088.0, 1124.0, 1118.0, 1113.0, 1104.0, 1120.0, 1102.0, 1090.0, 1106.0, 1109.0, 1114.0, 1128.0, 1122.0, 1121.0, 1120.0, 1101.0, 1095.0, 1091.0, 1091.0, 1091.0, 1100.0, 1107.0, 1096.0, 1098.0, 1103.0, 1087.0, 1081.0, 1081.0, 1092.0, 1100.0, 1095.0, 1107.0, 1105.0, 1100.0, 1100.0, 1100.0, 1118.0, 1117.0, 1109.0, 1110.0, 1111.0, 1092.0, 1105.0, 1102.0, 1106.0, 1091.0, 1106.0, 1112.0, 1095.0, 1100.0, 1097.0, 1086.0, 1101.0, 1100.0, 1109.0, 1092.0, 1114.0, 1101.0, 1098.0, 1097.0, 1106.0, 1109.0, 1097.0, 1088.0, 1112.0, 1108.0, 1101.0, 1107.0, 1105.0, 1108.0, 1132.0, 1107.0, 1114.0, 1109.0, 1120.0, 1108.0, 1111.0, 1122.0, 1109.0, 1116.0, 1122.0, 1137.0, 1136.0, 1137.0, 1122.0, 1128.0, 1137.0, 1133.0, 1137.0, 1120.0, 1133.0, 1127.0, 1137.0, 1144.0, 1136.0, 1146.0, 1140.0, 1140.0, 1134.0, 1135.0, 1132.0, 1148.0, 1130.0, 1126.0, 1144.0, 1140.0, 1140.0, 1144.0, 1128.0, 1132.0, 1143.0, 1123.0, 1138.0, 1141.0, 1133.0, 1145.0, 1164.0, 1158.0, 1172.0, 1174.0, 1158.0, 1207.0, 1207.0, 1212.0, 1221.0, 1231.0, 1233.0, 1246.0, 1245.0, 1234.0, 1272.0, 1269.0, 1274.0, 1274.0, 1277.0, 1279.0, 1278.0, 1289.0, 1282.0, 1286.0, 1308.0, 1305.0, 1292.0, 1302.0, 1309.0, 1344.0, 1327.0, 1312.0, 1323.0, 1326.0, 1326.0, 1336.0, 1356.0, 1357.0, 1359.0, 1386.0, 1403.0, 1401.0, 1432.0, 1420.0, 1426.0, 1417.0, 1426.0, 1416.0, 1431.0, 1439.0, 1445.0, 1453.0, 1459.0, 1476.0, 1468.0, 1468.0, 1498.0, 1495.0, 1471.0, 1476.0, 1483.0, 1479.0, 1487.0, 1505.0, 1497.0, 1501.0, 1512.0, 1530.0, 1531.0, 1527.0, 1535.0, 1538.0, 1535.0, 1543.0, 1536.0, 1540.0, 1533.0, 1553.0, 1561.0, 1559.0, 1560.0, 1566.0, 1566.0, 1568.0, 1564.0, 1552.0, 1565.0, 1558.0, 1562.0, 1573.0, 1575.0, 1577.0, 1582.0, 1576.0, 1582.0, 1597.0, 1601.0, 1590.0, 1595.0, 1614.0, 1616.0, 1622.0, 1647.0, 1640.0, 1619.0, 1637.0, 1627.0, 1639.0, 1635.0, 1631.0, 1642.0, 1652.0, 1652.0, 1652.0, 1651.0, 1658.0, 1658.0, 1656.0, 1656.0, 1662.0, 1662.0, 1669.0, 1668.0, 1666.0, 1699.0, 1699.0, 1704.0, 1690.0, 1690.0, 1689.0, 1689.0, 1716.0, 1701.0, 1698.0, 1709.0, 1718.0, 1718.0, 1723.0, 1725.0, 1729.0, 1730.0, 1719.0, 1730.0, 1745.0, 1745.0, 1748.0, 1764.0, 1761.0, 1764.0, 1764.0, 1760.0, 1762.0, 1762.0, 1782.0, 1784.0, 1795.0, 1796.0, 1810.0, 1814.0, 1822.0, 1807.0, 1803.0, 1808.0, 1801.0, 1813.0, 1804.0, 1821.0, 1804.0, 1817.0, 1817.0, 1819.0, 1817.0, 1821.0, 1827.0, 1826.0, 1840.0, 1841.0, 1839.0, 1822.0, 1832.0, 1817.0, 1825.0, 1825.0, 1839.0, 1850.0, 1820.0, 1828.0, 1839.0, 1834.0, 1864.0, 1857.0, 1857.0, 1849.0, 1848.0, 1860.0, 1854.0, 1883.0, 1883.0, 1872.0, 1866.0, 1875.0, 1859.0, 1858.0, 1856.0, 1857.0, 1879.0, 1872.0, 1927.0, 1943.0, 1946.0, 1900.0, 1906.0, 1912.0, 1902.0, 1902.0, 1874.0, 1868.0, 1877.0, 1900.0, 1887.0, 1876.0, 1878.0, 1885.0, 1911.0, 1904.0, 1938.0, 1938.0, 1932.0, 1926.0, 1897.0, 1870.0, 1872.0, 1873.0, 1893.0, 1894.0, 1894.0, 1894.0, 1865.0, 1842.0, 1847.0, 1858.0, 1857.0, 1857.0, 1856.0, 1866.0, 1843.0, 1854.0, 1822.0, 1829.0, 1835.0, 1835.0, 1773.0, 1762.0, 1759.0, 1754.0, 1735.0, 1736.0, 1740.0, 1749.0, 1738.0, 1728.0, 1735.0, 1735.0, 1719.0, 1731.0, 1726.0, 1708.0, 1701.0, 1705.0, 1697.0, 1685.0, 1681.0, 1674.0, 1673.0, 1672.0, 1674.0, 1674.0, 1665.0, 1654.0, 1637.0, 1645.0, 1630.0, 1644.0, 1643.0, 1645.0, 1633.0, 1651.0, 1628.0, 1633.0, 1631.0, 1633.0, 1622.0, 1602.0, 1634.0, 1589.0, 1584.0, 1579.0, 1574.0, 1570.0, 1585.0, 1585.0, 1584.0, 1586.0, 1571.0, 1556.0, 1570.0, 1572.0, 1565.0, 1555.0, 1566.0, 1553.0, 1564.0, 1575.0, 1571.0, 1555.0, 1555.0, 1555.0, 1529.0, 1514.0, 1519.0, 1521.0, 1521.0, 1526.0, 1526.0, 1507.0, 1525.0, 1512.0, 1485.0, 1494.0, 1483.0, 1473.0, 1476.0, 1478.0, 1478.0, 1472.0, 1469.0, 1466.0, 1462.0, 1455.0, 1437.0, 1444.0, 1452.0, 1439.0, 1453.0, 1455.0, 1450.0, 1465.0, 1441.0, 1420.0, 1404.0, 1445.0, 1423.0, 1438.0, 1429.0, 1426.0, 1432.0, 1433.0, 1396.0, 1396.0, 1417.0, 1420.0, 1406.0, 1404.0, 1399.0, 1394.0, 1391.0, 1389.0, 1387.0, 1385.0, 1381.0, 1376.0, 1371.0, 1369.0, 1369.0, 1374.0, 1374.0, 1374.0, 1374.0, 1374.0, 1369.0, 1367.0, 1363.0, 1363.0, 1369.0, 1354.0, 1354.0, 1343.0, 1351.0, 1365.0, 1348.0, 1341.0, 1355.0, 1347.0, 1337.0, 1340.0, 1340.0, 1340.0, 1340.0, 1333.0, 1333.0, 1328.0, 1334.0, 1336.0, 1344.0, 1342.0, 1332.0, 1323.0, 1323.0, 1322.0, 1315.0, 1317.0, 1318.0, 1313.0, 1308.0, 1311.0, 1305.0, 1310.0, 1320.0, 1325.0, 1336.0, 1316.0, 1306.0, 1306.0, 1303.0, 1300.0, 1301.0, 1297.0, 1305.0, 1297.0, 1294.0, 1288.0, 1295.0, 1295.0, 1298.0, 1298.0, 1307.0, 1294.0, 1298.0, 1294.0, 1285.0, 1304.0, 1315.0, 1302.0, 1298.0, 1298.0, 1293.0, 1293.0, 1286.0, 1308.0, 1288.0, 1295.0, 1282.0, 1303.0, 1281.0, 1283.0, 1280.0, 1271.0, 1257.0, 1284.0, 1288.0, 1288.0, 1283.0, 1283.0, 1277.0, 1292.0, 1293.0, 1278.0, 1288.0, 1288.0, 1288.0, 1291.0, 1291.0, 1304.0, 1303.0, 1291.0, 1295.0, 1316.0, 1300.0, 1309.0, 1280.0, 1295.0, 1295.0, 1311.0, 1312.0, 1296.0, 1296.0, 1291.0, 1303.0, 1295.0, 1293.0, 1293.0, 1288.0, 1295.0, 1294.0, 1299.0, 1290.0, 1309.0, 1280.0, 1300.0, 1295.0, 1295.0, 1305.0, 1295.0, 1305.0, 1305.0, 1321.0, 1313.0, 1305.0, 1305.0, 1305.0, 1308.0, 1317.0, 1332.0, 1337.0, 1350.0, 1317.0, 1316.0, 1326.0, 1315.0, 1332.0, 1329.0, 1329.0, 1323.0, 1338.0, 1335.0, 1334.0, 1328.0, 1317.0, 1317.0, 1346.0, 1330.0, 1338.0, 1326.0, 1358.0, 1354.0, 1349.0, 1351.0, 1316.0, 1345.0, 1350.0, 1350.0, 1368.0, 1370.0, 1378.0, 1362.0, 1375.0, 1375.0, 1369.0, 1399.0, 1394.0, 1392.0, 1397.0, 1403.0, 1417.0, 1410.0, 1401.0, 1403.0, 1403.0, 1399.0, 1392.0, 1392.0, 1384.0, 1384.0, 1384.0, 1403.0, 1415.0, 1403.0, 1391.0, 1390.0, 1381.0, 1402.0, 1389.0, 1402.0, 1398.0]