header: 
  seq: 1885
  stamp: 
    secs: 1548820804
    nsecs: 306470384
  frame_id: "base_link"
angle_min: -2.35619449615
angle_max: 2.35619449615
angle_increment: 0.00436332309619
time_increment: 1.73611151695e-05
scan_time: 0.0250000003725
range_min: 0.019999999553
range_max: 30.0
ranges: [0.24300000071525574, 0.23899999260902405, 0.23800000548362732, 0.2409999966621399, 0.25999999046325684, 0.2590000033378601, 0.2590000033378601, 0.2590000033378601, 0.2549999952316284, 0.25200000405311584, 0.24899999797344208, 0.2460000067949295, 0.24300000071525574, 0.24500000476837158, 0.25, 0.2460000067949295, 0.2409999966621399, 0.22499999403953552, 0.23899999260902405, 0.23100000619888306, 0.22499999403953552, 0.23800000548362732, 0.2460000067949295, 0.2370000034570694, 0.24199999868869781, 0.23899999260902405, 0.25200000405311584, 0.24400000274181366, 0.2460000067949295, 0.24899999797344208, 0.24300000071525574, 0.24699999392032623, 0.24699999392032623, 0.24500000476837158, 0.2460000067949295, 0.25200000405311584, 0.25600001215934753, 0.25600001215934753, 0.24799999594688416, 0.25, 0.2540000081062317, 0.2549999952316284, 0.2540000081062317, 0.25, 0.25, 0.24899999797344208, 0.2529999911785126, 0.25, 0.2409999966621399, 0.24199999868869781, 0.24699999392032623, 0.24699999392032623, 0.24899999797344208, 0.2590000033378601, 0.25200000405311584, 0.24500000476837158, 0.24799999594688416, 0.25600001215934753, 0.2590000033378601, 0.2590000033378601, 0.25099998712539673, 0.2630000114440918, 0.25200000405311584, 0.25099998712539673, 0.25099998712539673, 0.24400000274181366, 0.24400000274181366, 0.24400000274181366, 0.24500000476837158, 0.24400000274181366, 0.24699999392032623, 0.2529999911785126, 0.25600001215934753, 0.25200000405311584, 0.25099998712539673, 0.25, 0.25, 0.24699999392032623, 0.24400000274181366, 0.24699999392032623, 0.25, 0.25200000405311584, 0.2460000067949295, 0.24699999392032623, 0.24400000274181366, 0.24400000274181366, 0.24400000274181366, 0.2549999952316284, 0.25999999046325684, 0.25999999046325684, 0.25099998712539673, 0.24799999594688416, 0.24500000476837158, 0.24500000476837158, 0.25099998712539673, 0.25699999928474426, 0.2590000033378601, 0.257999986410141, 0.257999986410141, 0.25699999928474426, 0.25600001215934753, 0.25, 0.25, 0.2590000033378601, 0.2590000033378601, 0.2540000081062317, 0.25, 0.2540000081062317, 0.2540000081062317, 0.2540000081062317, 0.24500000476837158, 0.24500000476837158, 0.24799999594688416, 0.24500000476837158, 0.24300000071525574, 0.24500000476837158, 0.25, 0.24699999392032623, 0.2460000067949295, 0.24899999797344208, 0.2540000081062317, 0.2540000081062317, 0.2529999911785126, 0.2529999911785126, 0.2549999952316284, 0.257999986410141, 0.257999986410141, 0.2540000081062317, 0.2529999911785126, 0.24699999392032623, 0.24300000071525574, 0.24699999392032623, 0.25, 0.2529999911785126, 0.2529999911785126, 0.2529999911785126, 0.2540000081062317, 0.2529999911785126, 0.25099998712539673, 0.25099998712539673, 0.25200000405311584, 0.2529999911785126, 0.24799999594688416, 0.24699999392032623, 0.2460000067949295, 0.24699999392032623, 0.2540000081062317, 0.2529999911785126, 0.2529999911785126, 0.2529999911785126, 0.257999986410141, 0.25600001215934753, 0.25, 0.25, 0.24899999797344208, 0.25, 0.25200000405311584, 0.25600001215934753, 0.2549999952316284, 0.24699999392032623, 0.24500000476837158, 0.25600001215934753, 0.25600001215934753, 0.25, 0.25200000405311584, 0.2540000081062317, 0.25999999046325684, 0.25600001215934753, 0.25600001215934753, 0.25600001215934753, 0.2630000114440918, 0.2639999985694885, 0.26600000262260437, 0.26100000739097595, 0.26100000739097595, 0.26100000739097595, 0.26600000262260437, 0.27000001072883606, 0.27000001072883606, 0.2639999985694885, 0.2709999978542328, 0.27300000190734863, 0.27300000190734863, 0.27000001072883606, 0.2750000059604645, 0.2750000059604645, 0.28200000524520874, 0.2809999883174896, 0.27900001406669617, 0.2809999883174896, 0.28200000524520874, 0.2809999883174896, 0.2809999883174896, 0.2849999964237213, 0.28700000047683716, 0.2809999883174896, 0.2809999883174896, 0.2800000011920929, 0.28600001335144043, 0.2849999964237213, 0.289000004529953, 0.2849999964237213, 0.2879999876022339, 0.28999999165534973, 0.296999990940094, 0.30300000309944153, 0.29600000381469727, 0.29899999499320984, 0.3009999990463257, 0.3009999990463257, 0.3019999861717224, 0.3050000071525574, 0.30399999022483826, 0.3050000071525574, 0.3009999990463257, 0.3009999990463257, 0.30399999022483826, 0.3070000112056732, 0.3190000057220459, 0.3149999976158142, 0.3149999976158142, 0.31299999356269836, 0.3140000104904175, 0.3140000104904175, 0.3269999921321869, 0.3230000138282776, 0.3240000009536743, 0.32499998807907104, 0.32100000977516174, 0.3179999887943268, 0.3240000009536743, 0.3319999873638153, 0.3269999921321869, 0.328000009059906, 0.328000009059906, 0.3269999921321869, 0.3310000002384186, 0.3310000002384186, 0.33399999141693115, 0.3370000123977661, 0.3370000123977661, 0.3370000123977661, 0.33899998664855957, 0.335999995470047, 0.33799999952316284, 0.3569999933242798, 0.35499998927116394, 0.35100001096725464, 0.35100001096725464, 0.35199999809265137, 0.3479999899864197, 0.3479999899864197, 0.3540000021457672, 0.3610000014305115, 0.36500000953674316, 0.3619999885559082, 0.3659999966621399, 0.36899998784065247, 0.3709999918937683, 0.37700000405311584, 0.37599998712539673, 0.38199999928474426, 0.38100001215934753, 0.382999986410141, 0.3799999952316284, 0.3799999952316284, 0.38499999046325684, 0.39399999380111694, 0.3959999978542328, 0.3970000147819519, 0.39800000190734863, 0.3970000147819519, 0.4020000100135803, 0.40400001406669617, 0.4059999883174896, 0.41499999165534973, 0.4129999876022339, 0.41200000047683716, 0.41100001335144043, 0.414000004529953, 0.41200000047683716, 0.4129999876022339, 0.4189999997615814, 0.42500001192092896, 0.4320000112056732, 0.4350000023841858, 0.43799999356269836, 0.4320000112056732, 0.4399999976158142, 0.4410000145435333, 0.4449999928474426, 0.44600000977516174, 0.45399999618530273, 0.45399999618530273, 0.4569999873638153, 0.4569999873638153, 0.460999995470047, 0.460999995470047, 0.4650000035762787, 0.47600001096725464, 0.4790000021457672, 0.4869999885559082, 0.49000000953674316, 0.4950000047683716, 0.49399998784065247, 0.49399998784065247, 0.49900001287460327, 0.49900001287460327, 0.5049999952316284, 0.5070000290870667, 0.5130000114440918, 0.5149999856948853, 0.5199999809265137, 0.527999997138977, 0.5350000262260437, 0.5379999876022339, 0.5389999747276306, 0.5400000214576721, 0.5580000281333923, 0.5600000023841858, 0.5600000023841858, 0.5690000057220459, 0.5669999718666077, 0.5730000138282776, 0.5799999833106995, 0.5839999914169312, 0.5950000286102295, 0.6019999980926514, 0.6019999980926514, 0.6110000014305115, 0.621999979019165, 0.6230000257492065, 0.6240000128746033, 0.6349999904632568, 0.6380000114440918, 0.6470000147819519, 0.652999997138977, 0.6589999794960022, 0.6729999780654907, 0.6790000200271606, 0.6869999766349792, 0.7020000219345093, 0.7070000171661377, 0.7099999785423279, 0.7170000076293945, 0.7300000190734863, 0.7450000047683716, 0.7540000081062317, 0.7639999985694885, 0.7710000276565552, 0.777999997138977, 0.7860000133514404, 0.7950000166893005, 0.8130000233650208, 0.8180000185966492, 0.8320000171661377, 0.8399999737739563, 0.8640000224113464, 0.8650000095367432, 0.8840000033378601, 0.9020000100135803, 0.9110000133514404, 0.9169999957084656, 0.9369999766349792, 0.9470000267028809, 0.9620000123977661, 0.9890000224113464, 0.9959999918937683, 1.0190000534057617, 1.0460000038146973, 1.0579999685287476, 1.0889999866485596, 1.1089999675750732, 1.11899995803833, 1.1540000438690186, 1.1710000038146973, 1.1890000104904175, 1.215999960899353, 1.2450000047683716, 1.281000018119812, 1.3220000267028809, 1.3669999837875366, 1.3969999551773071, 1.5410000085830688, 2.369999885559082, 2.384999990463257, 2.3919999599456787, 2.3919999599456787, 2.3929998874664307, 2.381999969482422, 2.384000062942505, 2.382999897003174, 2.382999897003174, 2.384999990463257, 2.388000011444092, 2.384999990463257, 2.374000072479248, 2.375, 2.378000020980835, 2.374000072479248, 2.372999906539917, 2.375999927520752, 2.378000020980835, 2.375999927520752, 2.374000072479248, 2.371000051498413, 2.368000030517578, 2.368000030517578, 2.365999937057495, 2.365000009536743, 2.365000009536743, 2.367000102996826, 2.372999906539917, 2.361999988555908, 2.3610000610351562, 2.359999895095825, 2.3589999675750732, 2.3499999046325684, 2.3440001010894775, 2.3429999351501465, 2.3420000076293945, 2.3350000381469727, 2.3369998931884766, 2.3410000801086426, 2.3350000381469727, 2.322000026702881, 2.315000057220459, 2.315999984741211, 2.313999891281128, 2.312999963760376, 2.305000066757202, 2.2990000247955322, 2.302999973297119, 2.2960000038146973, 2.2869999408721924, 2.2839999198913574, 2.2829999923706055, 2.2730000019073486, 2.2860000133514404, 2.2769999504089355, 2.2739999294281006, 2.2679998874664307, 2.26200008392334, 2.255000114440918, 2.255000114440918, 2.253000020980835, 2.239000082015991, 2.2320001125335693, 2.2279999256134033, 2.2279999256134033, 2.2260000705718994, 2.2200000286102295, 2.2130000591278076, 2.2070000171661377, 2.2060000896453857, 2.2009999752044678, 2.194000005722046, 2.191999912261963, 2.177999973297119, 2.178999900817871, 2.177999973297119, 2.1549999713897705, 2.1480000019073486, 2.1429998874664307, 2.138000011444092, 2.128000020980835, 2.125, 2.119999885559082, 2.111999988555908, 2.1040000915527344, 2.0959999561309814, 2.0880000591278076, 2.0889999866485596, 2.0880000591278076, 2.0850000381469727, 2.075000047683716, 2.056999921798706, 2.055999994277954, 2.052000045776367, 2.0420000553131104, 2.0260000228881836, 2.0230000019073486, 2.0179998874664307, 2.01200008392334, 2.007999897003174, 1.9980000257492065, 1.9830000400543213, 1.9830000400543213, 1.9809999465942383, 1.9630000591278076, 1.944000005722046, 1.9479999542236328, 1.9359999895095825, 1.9179999828338623, 1.9119999408721924, 1.909000039100647, 1.8960000276565552, 1.8799999952316284, 1.86899995803833, 1.8589999675750732, 1.8550000190734863, 1.847000002861023, 1.8389999866485596, 1.8289999961853027, 1.8140000104904175, 1.7970000505447388, 1.784000039100647, 1.7710000276565552, 1.7660000324249268, 1.7410000562667847, 1.7319999933242798, 1.7269999980926514, 1.7039999961853027, 1.6890000104904175, 1.6679999828338623, 1.6579999923706055, 1.6399999856948853, 1.6339999437332153, 1.621999979019165, 1.597000002861023, 1.5759999752044678, 1.5709999799728394, 1.555999994277954, 1.5379999876022339, 1.524999976158142, 1.5019999742507935, 1.5, 1.4900000095367432, 1.468000054359436, 1.4509999752044678, 1.437000036239624, 1.4320000410079956, 1.4190000295639038, 1.4179999828338623, 1.402999997138977, 1.3930000066757202, 1.3730000257492065, 1.3650000095367432, 1.3509999513626099, 1.343999981880188, 1.3289999961853027, 1.319000005722046, 1.312999963760376, 1.3049999475479126, 1.2890000343322754, 1.284999966621399, 1.2790000438690186, 1.2660000324249268, 1.2510000467300415, 1.2410000562667847, 1.2389999628067017, 1.2280000448226929, 1.2120000123977661, 1.2070000171661377, 1.2000000476837158, 1.187999963760376, 1.187000036239624, 1.1660000085830688, 1.1649999618530273, 1.1579999923706055, 1.1419999599456787, 1.1349999904632568, 1.1299999952316284, 1.1230000257492065, 1.1169999837875366, 1.1069999933242798, 1.0980000495910645, 1.1009999513626099, 1.0980000495910645, 1.0850000381469727, 1.0800000429153442, 1.0740000009536743, 1.0700000524520874, 1.0640000104904175, 1.0579999685287476, 1.0479999780654907, 1.0410000085830688, 1.0390000343322754, 1.0360000133514404, 1.027999997138977, 1.0210000276565552, 1.0149999856948853, 1.0069999694824219, 1.003000020980835, 0.9940000176429749, 0.9900000095367432, 0.9909999966621399, 0.9890000224113464, 0.9869999885559082, 0.9779999852180481, 0.9750000238418579, 0.968999981880188, 0.9629999995231628, 0.9490000009536743, 0.9470000267028809, 0.9430000185966492, 0.9380000233650208, 0.9399999976158142, 0.9409999847412109, 0.9390000104904175, 0.9350000023841858, 0.9309999942779541, 0.921999990940094, 0.9240000247955322, 0.921999990940094, 0.9179999828338623, 0.9079999923706055, 0.9049999713897705, 0.9049999713897705, 0.8970000147819519, 0.8920000195503235, 0.8939999938011169, 0.8960000276565552, 0.8830000162124634, 0.8809999823570251, 0.8830000162124634, 0.8740000128746033, 0.8640000224113464, 0.8669999837875366, 0.8740000128746033, 0.8679999709129333, 0.8569999933242798, 0.8569999933242798, 0.8550000190734863, 0.8550000190734863, 0.8519999980926514, 0.847000002861023, 0.8460000157356262, 0.8429999947547913, 0.8379999995231628, 0.8320000171661377, 0.8360000252723694, 0.8339999914169312, 0.828000009059906, 0.8190000057220459, 0.8149999976158142, 0.8159999847412109, 0.8159999847412109, 0.8119999766349792, 0.8080000281333923, 0.8069999814033508, 0.8069999814033508, 0.8069999814033508, 0.8059999942779541, 0.8029999732971191, 0.8019999861717224, 0.7950000166893005, 0.7839999794960022, 0.7850000262260437, 0.7829999923706055, 0.781000018119812, 0.7760000228881836, 0.7699999809265137, 0.7699999809265137, 0.7789999842643738, 0.777999997138977, 0.7710000276565552, 0.7689999938011169, 0.7630000114440918, 0.7599999904632568, 0.7649999856948853, 0.7680000066757202, 0.7670000195503235, 0.7590000033378601, 0.7519999742507935, 0.753000020980835, 0.7559999823570251, 0.7490000128746033, 0.7480000257492065, 0.7440000176429749, 0.7329999804496765, 0.7329999804496765, 0.7329999804496765, 0.7289999723434448, 0.7289999723434448, 0.7250000238418579, 0.7260000109672546, 0.7260000109672546, 0.7269999980926514, 0.7279999852180481, 0.7310000061988831, 0.7239999771118164, 0.7239999771118164, 0.7229999899864197, 0.7229999899864197, 0.7200000286102295, 0.7179999947547913, 0.7179999947547913, 0.7170000076293945, 0.7070000171661377, 0.7059999704360962, 0.7089999914169312, 0.7089999914169312, 0.7089999914169312, 0.7049999833106995, 0.7059999704360962, 0.7039999961853027, 0.7039999961853027, 0.7009999752044678, 0.6959999799728394, 0.6930000185966492, 0.6919999718666077, 0.6919999718666077, 0.6919999718666077, 0.6919999718666077, 0.6909999847412109, 0.6909999847412109, 0.6880000233650208, 0.6890000104904175, 0.6880000233650208, 0.6840000152587891, 0.6830000281333923, 0.6830000281333923, 0.6830000281333923, 0.6850000023841858, 0.6740000247955322, 0.6800000071525574, 0.6819999814033508, 0.6819999814033508, 0.6809999942779541, 0.6790000200271606, 0.6740000247955322, 0.6759999990463257, 0.6759999990463257, 0.6769999861717224, 0.6759999990463257, 0.675000011920929, 0.671999990940094, 0.6700000166893005, 0.6650000214576721, 0.6700000166893005, 0.675000011920929, 0.6759999990463257, 0.6759999990463257, 0.6769999861717224, 0.671999990940094, 0.6690000295639038, 0.6650000214576721, 0.6650000214576721, 0.6679999828338623, 0.671999990940094, 0.6650000214576721, 0.6650000214576721, 0.6660000085830688, 0.6660000085830688, 0.6660000085830688, 0.6639999747276306, 0.6669999957084656, 0.6669999957084656, 0.6679999828338623, 0.6660000085830688, 0.6620000004768372, 0.6589999794960022, 0.6579999923706055, 0.6629999876022339, 0.6650000214576721, 0.6650000214576721, 0.6690000295639038, 0.6620000004768372, 0.6650000214576721, 0.6669999957084656, 0.6690000295639038, 0.6660000085830688, 0.6629999876022339, 0.6610000133514404, 0.6660000085830688, 0.6669999957084656, 0.656000018119812, 0.656000018119812, 0.6570000052452087, 0.6579999923706055, 0.6600000262260437, 0.6600000262260437, 0.6660000085830688, 0.6629999876022339, 0.6600000262260437, 0.6610000133514404, 0.6610000133514404, 0.6620000004768372, 0.6610000133514404, 0.6600000262260437, 0.6570000052452087, 0.6610000133514404, 0.6629999876022339, 0.6629999876022339, 0.6629999876022339, 0.6629999876022339, 0.6690000295639038, 0.6729999780654907, 0.6629999876022339, 0.6549999713897705, 0.6589999794960022, 0.6650000214576721, 0.6650000214576721, 0.6629999876022339, 0.6600000262260437, 0.6620000004768372, 0.6629999876022339, 0.6620000004768372, 0.6660000085830688, 0.6620000004768372, 0.6629999876022339, 0.6610000133514404, 0.6650000214576721, 0.6650000214576721, 0.6650000214576721, 0.6650000214576721, 0.6600000262260437, 0.6589999794960022, 0.6650000214576721, 0.6679999828338623, 0.6740000247955322, 0.6769999861717224, 0.6660000085830688, 0.6629999876022339, 0.6660000085830688, 0.6660000085830688, 0.6650000214576721, 0.6650000214576721, 0.6700000166893005, 0.6700000166893005, 0.6710000038146973, 0.6729999780654907, 0.6790000200271606, 0.6830000281333923, 0.6729999780654907, 0.6729999780654907, 0.6710000038146973, 0.6669999957084656, 0.6700000166893005, 0.6729999780654907, 0.6800000071525574, 0.6809999942779541, 0.6769999861717224, 0.6800000071525574, 0.6830000281333923, 0.6830000281333923, 0.6819999814033508, 0.6840000152587891, 0.6819999814033508, 0.6819999814033508, 0.6850000023841858, 0.6890000104904175, 0.6840000152587891, 0.6819999814033508, 0.6869999766349792, 0.6890000104904175, 0.6859999895095825, 0.6859999895095825, 0.6919999718666077, 0.699999988079071, 0.7020000219345093, 0.6959999799728394, 0.6919999718666077, 0.699999988079071, 0.699999988079071, 0.699999988079071, 0.7020000219345093, 0.7049999833106995, 0.7080000042915344, 0.7080000042915344, 0.7080000042915344, 0.7039999961853027, 0.7080000042915344, 0.7080000042915344, 0.7080000042915344, 0.7080000042915344, 0.7110000252723694, 0.718999981880188, 0.7210000157356262, 0.718999981880188, 0.7170000076293945, 0.7170000076293945, 0.7179999947547913, 0.7229999899864197, 0.7250000238418579, 0.7260000109672546, 0.7269999980926514, 0.7239999771118164, 0.7239999771118164, 0.7250000238418579, 0.7260000109672546, 0.7250000238418579, 0.7250000238418579, 0.7260000109672546, 0.7350000143051147, 0.7350000143051147, 0.7350000143051147, 0.7260000109672546, 0.7260000109672546, 0.7269999980926514, 0.7279999852180481, 0.7260000109672546, 0.7329999804496765, 0.7400000095367432, 0.7419999837875366, 0.7429999709129333, 0.7440000176429749, 0.7450000047683716, 0.7480000257492065, 0.746999979019165, 0.7459999918937683, 0.746999979019165, 0.7540000081062317, 0.7549999952316284, 0.753000020980835, 0.7540000081062317, 0.7519999742507935, 0.753000020980835, 0.7519999742507935, 0.7540000081062317, 0.7570000290870667, 0.7599999904632568, 0.7630000114440918, 0.7630000114440918, 0.7570000290870667, 0.7570000290870667, 0.7599999904632568, 0.7639999985694885, 0.7670000195503235, 0.7649999856948853, 0.7630000114440918, 0.7720000147819519, 0.7710000276565552, 0.7739999890327454, 0.7749999761581421, 0.7720000147819519, 0.7720000147819519, 0.7710000276565552, 0.7760000228881836, 0.777999997138977, 0.777999997138977, 0.7829999923706055, 0.7870000004768372, 0.7839999794960022, 0.7820000052452087, 0.7870000004768372, 0.7870000004768372, 0.7870000004768372, 0.7900000214576721, 0.7919999957084656, 0.7900000214576721, 0.7889999747276306, 0.7900000214576721, 0.7910000085830688, 0.8019999861717224, 0.8059999942779541, 0.8050000071525574, 0.8040000200271606, 0.8080000281333923, 0.8059999942779541, 0.8100000023841858, 0.8100000023841858, 0.8119999766349792, 0.8109999895095825, 0.8109999895095825, 0.8119999766349792, 0.8130000233650208, 0.8140000104904175, 0.8119999766349792, 0.8140000104904175, 0.8149999976158142, 0.8169999718666077, 0.8230000138282776, 0.8259999752044678, 0.8259999752044678, 0.824999988079071, 0.8270000219345093, 0.8270000219345093, 0.8299999833106995, 0.8270000219345093, 0.8240000009536743, 0.8299999833106995, 0.8360000252723694, 0.8360000252723694, 0.8429999947547913, 0.8410000205039978, 0.8370000123977661, 0.8389999866485596, 0.8370000123977661, 0.8370000123977661, 0.843999981880188, 0.8429999947547913, 0.8429999947547913, 0.843999981880188, 0.843999981880188, 0.8479999899864197, 0.8539999723434448, 0.8560000061988831, 0.8550000190734863, 0.8579999804496765, 0.8600000143051147, 0.8569999933242798, 0.8569999933242798, 0.8579999804496765, 0.8600000143051147, 0.859000027179718, 0.859000027179718, 0.8600000143051147, 0.8709999918937683, 0.8690000176429749, 0.8700000047683716, 0.8690000176429749, 0.8709999918937683, 0.8709999918937683, 0.8709999918937683, 0.8730000257492065, 0.8759999871253967, 0.878000020980835, 0.878000020980835, 0.8759999871253967, 0.8809999823570251, 0.8799999952316284, 0.8799999952316284, 0.8759999871253967, 0.8740000128746033, 0.8740000128746033, 0.871999979019165, 0.8769999742507935, 0.8790000081062317, 0.8799999952316284, 0.8820000290870667, 0.8820000290870667, 0.878000020980835, 0.8840000033378601, 0.8849999904632568, 0.8880000114440918, 0.8849999904632568, 0.8820000290870667, 0.8799999952316284, 0.8799999952316284, 0.875, 0.8799999952316284, 0.8849999904632568, 0.8880000114440918, 0.8870000243186951, 0.8859999775886536, 0.890999972820282, 0.890999972820282, 0.8930000066757202, 0.890999972820282, 0.8939999938011169, 0.8880000114440918, 0.8870000243186951, 0.8880000114440918, 0.8949999809265137, 0.8970000147819519, 0.8970000147819519, 0.8949999809265137, 0.890999972820282, 0.8920000195503235, 0.8949999809265137, 0.8840000033378601, 0.8880000114440918, 0.890999972820282, 0.8870000243186951, 0.8820000290870667, 0.8820000290870667, 0.8889999985694885, 0.902999997138977, 0.9070000052452087, 0.8960000276565552, 0.8930000066757202, 0.902999997138977, 0.9179999828338623, 0.9210000038146973, 0.9210000038146973, 0.9240000247955322, 0.9240000247955322, 0.9309999942779541, 0.9350000023841858, 0.9330000281333923, 0.9240000247955322, 0.9309999942779541, 0.9390000104904175, 0.9459999799728394, 0.9459999799728394, 0.9390000104904175, 0.9399999976158142, 0.9459999799728394, 0.9480000138282776]
intensities: [1098.0, 1117.0, 1130.0, 1162.0, 1288.0, 1332.0, 1339.0, 1354.0, 1361.0, 1335.0, 1316.0, 1296.0, 1295.0, 1250.0, 1243.0, 1166.0, 1086.0, 920.0, 911.0, 872.0, 875.0, 948.0, 1017.0, 1000.0, 1055.0, 1046.0, 1156.0, 1193.0, 1279.0, 1334.0, 1319.0, 1349.0, 1401.0, 1389.0, 1401.0, 1400.0, 1391.0, 1393.0, 1391.0, 1384.0, 1392.0, 1403.0, 1401.0, 1394.0, 1394.0, 1396.0, 1400.0, 1396.0, 1404.0, 1400.0, 1400.0, 1400.0, 1394.0, 1387.0, 1390.0, 1390.0, 1380.0, 1384.0, 1387.0, 1382.0, 1376.0, 1347.0, 1378.0, 1375.0, 1375.0, 1339.0, 1352.0, 1367.0, 1387.0, 1378.0, 1367.0, 1370.0, 1380.0, 1373.0, 1360.0, 1347.0, 1347.0, 1353.0, 1352.0, 1347.0, 1330.0, 1332.0, 1327.0, 1319.0, 1354.0, 1325.0, 1325.0, 1325.0, 1331.0, 1325.0, 1320.0, 1320.0, 1316.0, 1316.0, 1314.0, 1315.0, 1314.0, 1311.0, 1311.0, 1299.0, 1293.0, 1285.0, 1285.0, 1301.0, 1314.0, 1290.0, 1294.0, 1288.0, 1286.0, 1271.0, 1275.0, 1278.0, 1278.0, 1271.0, 1284.0, 1274.0, 1279.0, 1256.0, 1248.0, 1258.0, 1262.0, 1244.0, 1240.0, 1240.0, 1241.0, 1251.0, 1251.0, 1232.0, 1240.0, 1217.0, 1198.0, 1205.0, 1213.0, 1213.0, 1213.0, 1217.0, 1198.0, 1194.0, 1180.0, 1180.0, 1166.0, 1195.0, 1184.0, 1188.0, 1184.0, 1188.0, 1180.0, 1178.0, 1173.0, 1171.0, 1170.0, 1169.0, 1157.0, 1155.0, 1148.0, 1146.0, 1138.0, 1145.0, 1138.0, 1130.0, 1153.0, 1134.0, 1141.0, 1130.0, 1130.0, 1114.0, 1114.0, 1095.0, 1095.0, 1112.0, 1121.0, 1120.0, 1127.0, 1110.0, 1110.0, 1123.0, 1118.0, 1143.0, 1143.0, 1124.0, 1140.0, 1130.0, 1130.0, 1129.0, 1118.0, 1099.0, 1107.0, 1117.0, 1092.0, 1105.0, 1110.0, 1099.0, 1099.0, 1111.0, 1125.0, 1095.0, 1102.0, 1102.0, 1099.0, 1078.0, 1085.0, 1092.0, 1105.0, 1086.0, 1094.0, 1104.0, 1088.0, 1101.0, 1092.0, 1092.0, 1100.0, 1087.0, 1072.0, 1090.0, 1087.0, 1087.0, 1083.0, 1084.0, 1107.0, 1083.0, 1083.0, 1100.0, 1102.0, 1102.0, 1119.0, 1122.0, 1118.0, 1115.0, 1098.0, 1084.0, 1092.0, 1103.0, 1101.0, 1106.0, 1103.0, 1091.0, 1088.0, 1096.0, 1112.0, 1110.0, 1110.0, 1102.0, 1097.0, 1099.0, 1111.0, 1114.0, 1104.0, 1098.0, 1098.0, 1108.0, 1103.0, 1103.0, 1093.0, 1093.0, 1106.0, 1098.0, 1099.0, 1095.0, 1091.0, 1100.0, 1101.0, 1124.0, 1118.0, 1112.0, 1093.0, 1093.0, 1099.0, 1088.0, 1084.0, 1093.0, 1092.0, 1092.0, 1098.0, 1086.0, 1088.0, 1083.0, 1073.0, 1075.0, 1077.0, 1099.0, 1093.0, 1097.0, 1105.0, 1096.0, 1103.0, 1105.0, 1109.0, 1111.0, 1109.0, 1111.0, 1112.0, 1111.0, 1111.0, 1111.0, 1107.0, 1102.0, 1109.0, 1120.0, 1112.0, 1109.0, 1098.0, 1098.0, 1100.0, 1103.0, 1104.0, 1104.0, 1090.0, 1090.0, 1106.0, 1093.0, 1100.0, 1105.0, 1099.0, 1109.0, 1108.0, 1104.0, 1102.0, 1095.0, 1108.0, 1097.0, 1091.0, 1122.0, 1101.0, 1100.0, 1108.0, 1110.0, 1113.0, 1110.0, 1093.0, 1098.0, 1080.0, 1078.0, 1082.0, 1088.0, 1068.0, 1071.0, 1081.0, 1076.0, 1100.0, 1082.0, 1065.0, 1071.0, 1056.0, 1056.0, 1058.0, 1052.0, 1049.0, 1045.0, 1066.0, 1044.0, 1041.0, 1043.0, 1045.0, 1045.0, 1048.0, 1047.0, 1044.0, 1026.0, 1022.0, 1031.0, 1020.0, 1022.0, 1011.0, 1003.0, 999.0, 990.0, 1005.0, 985.0, 982.0, 978.0, 963.0, 975.0, 971.0, 969.0, 962.0, 957.0, 950.0, 941.0, 971.0, 969.0, 1066.0, 1315.0, 1412.0, 1447.0, 1025.0, 1015.0, 1031.0, 1027.0, 1023.0, 1027.0, 1036.0, 1031.0, 1031.0, 1042.0, 1046.0, 1037.0, 1033.0, 1025.0, 1018.0, 1020.0, 1021.0, 1022.0, 1018.0, 1021.0, 1027.0, 1019.0, 1011.0, 1011.0, 1008.0, 1001.0, 1001.0, 1001.0, 1006.0, 1001.0, 1004.0, 1002.0, 999.0, 1008.0, 997.0, 996.0, 1009.0, 994.0, 1000.0, 1006.0, 1011.0, 1005.0, 1002.0, 1009.0, 1016.0, 1016.0, 1016.0, 1013.0, 1026.0, 1030.0, 1028.0, 1035.0, 1055.0, 1041.0, 1068.0, 1038.0, 1043.0, 1043.0, 1054.0, 1052.0, 1060.0, 1051.0, 1044.0, 1049.0, 1047.0, 1047.0, 1052.0, 1046.0, 1045.0, 1056.0, 1052.0, 1054.0, 1043.0, 1032.0, 1047.0, 1055.0, 1052.0, 1054.0, 1055.0, 1060.0, 1077.0, 1068.0, 1060.0, 1057.0, 1067.0, 1060.0, 1061.0, 1038.0, 1044.0, 1064.0, 1055.0, 1050.0, 1053.0, 1051.0, 1050.0, 1069.0, 1057.0, 1055.0, 1058.0, 1056.0, 1061.0, 1069.0, 1052.0, 1069.0, 1076.0, 1057.0, 1048.0, 1072.0, 1067.0, 1069.0, 1067.0, 1072.0, 1059.0, 1059.0, 1061.0, 1057.0, 1059.0, 1055.0, 1064.0, 1059.0, 1066.0, 1052.0, 1056.0, 1049.0, 1059.0, 1060.0, 1054.0, 1053.0, 1052.0, 1057.0, 1041.0, 1047.0, 1039.0, 1052.0, 1062.0, 1055.0, 1066.0, 1056.0, 1052.0, 1042.0, 1042.0, 1048.0, 1056.0, 1081.0, 1097.0, 1101.0, 1094.0, 1105.0, 1098.0, 1109.0, 1089.0, 1102.0, 1105.0, 1101.0, 1110.0, 1098.0, 1100.0, 1103.0, 1108.0, 1115.0, 1110.0, 1110.0, 1098.0, 1112.0, 1112.0, 1099.0, 1110.0, 1119.0, 1110.0, 1120.0, 1118.0, 1127.0, 1144.0, 1135.0, 1141.0, 1137.0, 1116.0, 1127.0, 1133.0, 1134.0, 1147.0, 1140.0, 1135.0, 1163.0, 1204.0, 1209.0, 1221.0, 1216.0, 1213.0, 1205.0, 1192.0, 1182.0, 1202.0, 1203.0, 1210.0, 1197.0, 1210.0, 1207.0, 1223.0, 1221.0, 1235.0, 1243.0, 1252.0, 1244.0, 1236.0, 1255.0, 1267.0, 1265.0, 1267.0, 1270.0, 1272.0, 1274.0, 1275.0, 1287.0, 1299.0, 1300.0, 1301.0, 1336.0, 1348.0, 1334.0, 1322.0, 1337.0, 1348.0, 1353.0, 1360.0, 1374.0, 1369.0, 1380.0, 1391.0, 1390.0, 1394.0, 1406.0, 1415.0, 1420.0, 1431.0, 1420.0, 1434.0, 1419.0, 1413.0, 1401.0, 1418.0, 1423.0, 1436.0, 1465.0, 1459.0, 1464.0, 1481.0, 1487.0, 1501.0, 1503.0, 1490.0, 1492.0, 1509.0, 1506.0, 1519.0, 1523.0, 1518.0, 1518.0, 1510.0, 1528.0, 1516.0, 1512.0, 1532.0, 1544.0, 1552.0, 1544.0, 1555.0, 1547.0, 1545.0, 1545.0, 1567.0, 1552.0, 1566.0, 1555.0, 1559.0, 1561.0, 1567.0, 1571.0, 1580.0, 1592.0, 1593.0, 1602.0, 1609.0, 1602.0, 1613.0, 1615.0, 1616.0, 1616.0, 1628.0, 1629.0, 1628.0, 1632.0, 1636.0, 1636.0, 1636.0, 1637.0, 1633.0, 1640.0, 1640.0, 1640.0, 1645.0, 1644.0, 1644.0, 1654.0, 1664.0, 1658.0, 1664.0, 1668.0, 1666.0, 1675.0, 1662.0, 1677.0, 1692.0, 1692.0, 1678.0, 1674.0, 1687.0, 1698.0, 1685.0, 1690.0, 1691.0, 1680.0, 1672.0, 1697.0, 1710.0, 1725.0, 1701.0, 1713.0, 1715.0, 1719.0, 1706.0, 1706.0, 1692.0, 1723.0, 1723.0, 1730.0, 1731.0, 1723.0, 1732.0, 1732.0, 1728.0, 1738.0, 1730.0, 1711.0, 1716.0, 1717.0, 1718.0, 1709.0, 1723.0, 1723.0, 1728.0, 1716.0, 1735.0, 1724.0, 1719.0, 1715.0, 1707.0, 1724.0, 1725.0, 1737.0, 1737.0, 1728.0, 1730.0, 1731.0, 1725.0, 1717.0, 1732.0, 1730.0, 1724.0, 1718.0, 1732.0, 1733.0, 1733.0, 1799.0, 1814.0, 1833.0, 1816.0, 1797.0, 1805.0, 1801.0, 1826.0, 1782.0, 1756.0, 1759.0, 1759.0, 1741.0, 1743.0, 1746.0, 1746.0, 1732.0, 1726.0, 1721.0, 1716.0, 1681.0, 1679.0, 1677.0, 1681.0, 1673.0, 1678.0, 1675.0, 1675.0, 1682.0, 1682.0, 1684.0, 1681.0, 1679.0, 1679.0, 1666.0, 1660.0, 1654.0, 1646.0, 1644.0, 1644.0, 1660.0, 1656.0, 1653.0, 1651.0, 1622.0, 1625.0, 1633.0, 1625.0, 1625.0, 1615.0, 1612.0, 1609.0, 1608.0, 1599.0, 1604.0, 1616.0, 1602.0, 1601.0, 1579.0, 1581.0, 1577.0, 1575.0, 1575.0, 1566.0, 1572.0, 1572.0, 1555.0, 1554.0, 1574.0, 1574.0, 1556.0, 1550.0, 1550.0, 1546.0, 1535.0, 1554.0, 1552.0, 1532.0, 1523.0, 1523.0, 1509.0, 1495.0, 1502.0, 1496.0, 1511.0, 1510.0, 1503.0, 1513.0, 1477.0, 1460.0, 1469.0, 1438.0, 1435.0, 1442.0, 1421.0, 1448.0, 1438.0, 1441.0, 1437.0, 1437.0, 1432.0, 1426.0, 1415.0, 1430.0, 1412.0, 1404.0, 1423.0, 1411.0, 1405.0, 1384.0, 1400.0, 1412.0, 1406.0, 1386.0, 1391.0, 1391.0, 1404.0, 1380.0, 1379.0, 1376.0, 1375.0, 1389.0, 1389.0, 1374.0, 1377.0, 1375.0, 1376.0, 1375.0, 1369.0, 1369.0, 1369.0, 1370.0, 1369.0, 1369.0, 1369.0, 1369.0, 1364.0, 1342.0, 1340.0, 1352.0, 1353.0, 1342.0, 1338.0, 1344.0, 1348.0, 1343.0, 1345.0, 1328.0, 1331.0, 1344.0, 1325.0, 1328.0, 1325.0, 1324.0, 1323.0, 1331.0, 1328.0, 1328.0, 1329.0, 1329.0, 1317.0, 1319.0, 1292.0, 1315.0, 1311.0, 1316.0, 1311.0, 1307.0, 1293.0, 1295.0, 1295.0, 1305.0, 1314.0, 1307.0, 1307.0, 1284.0, 1297.0, 1291.0, 1286.0, 1296.0, 1296.0, 1288.0, 1285.0, 1284.0, 1274.0, 1285.0, 1287.0, 1294.0, 1285.0, 1282.0, 1291.0, 1269.0, 1291.0, 1272.0, 1266.0, 1266.0, 1289.0, 1292.0, 1282.0, 1274.0, 1281.0, 1288.0, 1285.0, 1285.0, 1265.0, 1273.0, 1287.0, 1275.0, 1276.0, 1268.0, 1279.0, 1279.0, 1261.0, 1270.0, 1277.0, 1283.0, 1292.0, 1291.0, 1308.0, 1312.0, 1292.0, 1304.0, 1295.0, 1295.0, 1294.0, 1294.0, 1294.0, 1298.0, 1298.0, 1292.0, 1288.0, 1290.0, 1282.0, 1298.0, 1299.0, 1303.0, 1303.0, 1303.0, 1305.0, 1306.0, 1306.0, 1299.0, 1305.0, 1301.0, 1309.0, 1303.0, 1303.0, 1307.0, 1307.0, 1305.0, 1305.0, 1305.0, 1305.0, 1307.0, 1313.0, 1312.0, 1312.0, 1310.0, 1316.0, 1314.0, 1305.0, 1306.0, 1300.0, 1304.0, 1324.0, 1324.0, 1312.0, 1316.0, 1321.0, 1326.0, 1322.0, 1310.0, 1301.0, 1327.0, 1346.0, 1346.0, 1329.0, 1330.0, 1369.0, 1356.0, 1354.0, 1346.0, 1349.0, 1364.0, 1342.0, 1346.0, 1360.0, 1346.0, 1360.0, 1353.0, 1356.0, 1356.0, 1380.0, 1377.0, 1374.0, 1373.0, 1369.0, 1365.0, 1385.0, 1379.0, 1385.0, 1390.0, 1372.0, 1378.0, 1382.0, 1384.0, 1374.0, 1392.0, 1383.0, 1383.0, 1378.0, 1378.0, 1390.0, 1387.0, 1389.0, 1377.0, 1386.0, 1376.0, 1389.0, 1392.0, 1382.0, 1384.0, 1403.0, 1394.0]