header: 
  seq: 2104
  stamp: 
    secs: 1548820809
    nsecs: 792726217
  frame_id: "base_link"
angle_min: -2.35619449615
angle_max: 2.35619449615
angle_increment: 0.00436332309619
time_increment: 1.73611151695e-05
scan_time: 0.0250000003725
range_min: 0.019999999553
range_max: 30.0
ranges: [0.5180000066757202, 0.5320000052452087, 0.527999997138977, 0.5289999842643738, 0.5239999890327454, 0.5199999809265137, 0.5189999938011169, 0.515999972820282, 0.527999997138977, 0.531000018119812, 0.5350000262260437, 0.5339999794960022, 0.5270000100135803, 0.5199999809265137, 0.4909999966621399, 0.46700000762939453, 0.375, 0.367000013589859, 0.3409999907016754, 0.3330000042915344, 0.40400001406669617, 0.4449999928474426, 0.4970000088214874, 0.4959999918937683, 0.5059999823570251, 0.5070000290870667, 0.5070000290870667, 0.5009999871253967, 0.5009999871253967, 0.49900001287460327, 0.49300000071525574, 0.4950000047683716, 0.4970000088214874, 0.4959999918937683, 0.4950000047683716, 0.49300000071525574, 0.49300000071525574, 0.4880000054836273, 0.4830000102519989, 0.4830000102519989, 0.4819999933242798, 0.4819999933242798, 0.48100000619888306, 0.48100000619888306, 0.48100000619888306, 0.4740000069141388, 0.48100000619888306, 0.48399999737739563, 0.4690000116825104, 0.46799999475479126, 0.46700000762939453, 0.4690000116825104, 0.4690000116825104, 0.46799999475479126, 0.4659999907016754, 0.4659999907016754, 0.46700000762939453, 0.4659999907016754, 0.46700000762939453, 0.46000000834465027, 0.4560000002384186, 0.4560000002384186, 0.45899999141693115, 0.45899999141693115, 0.45500001311302185, 0.4580000042915344, 0.4569999873638153, 0.4569999873638153, 0.45100000500679016, 0.45100000500679016, 0.4519999921321869, 0.4560000002384186, 0.4560000002384186, 0.45500001311302185, 0.45399999618530273, 0.45100000500679016, 0.4480000138282776, 0.44699999690055847, 0.44699999690055847, 0.44699999690055847, 0.4440000057220459, 0.4440000057220459, 0.44600000977516174, 0.44600000977516174, 0.43799999356269836, 0.4339999854564667, 0.4339999854564667, 0.4300000071525574, 0.43299999833106995, 0.42800000309944153, 0.4259999990463257, 0.4259999990463257, 0.4259999990463257, 0.4259999990463257, 0.42500001192092896, 0.42399999499320984, 0.42399999499320984, 0.42399999499320984, 0.42399999499320984, 0.4230000078678131, 0.41999998688697815, 0.4189999997615814, 0.4169999957084656, 0.4169999957084656, 0.4169999957084656, 0.4129999876022339, 0.4129999876022339, 0.4129999876022339, 0.41499999165534973, 0.41499999165534973, 0.4129999876022339, 0.414000004529953, 0.4180000126361847, 0.4189999997615814, 0.41499999165534973, 0.41100001335144043, 0.41100001335144043, 0.41100001335144043, 0.40799999237060547, 0.41100001335144043, 0.40299999713897705, 0.4090000092983246, 0.4090000092983246, 0.4009999930858612, 0.40299999713897705, 0.4059999883174896, 0.40700000524520874, 0.4090000092983246, 0.40299999713897705, 0.40299999713897705, 0.40299999713897705, 0.4009999930858612, 0.4020000100135803, 0.40299999713897705, 0.4020000100135803, 0.4020000100135803, 0.4020000100135803, 0.4020000100135803, 0.40400001406669617, 0.4059999883174896, 0.4009999930858612, 0.3959999978542328, 0.39500001072883606, 0.39399999380111694, 0.3959999978542328, 0.3970000147819519, 0.39800000190734863, 0.4009999930858612, 0.4020000100135803, 0.4050000011920929, 0.4059999883174896, 0.40700000524520874, 0.4009999930858612, 0.39899998903274536, 0.39899998903274536, 0.40700000524520874, 0.4050000011920929, 0.4020000100135803, 0.4020000100135803, 0.4090000092983246, 0.40799999237060547, 0.39800000190734863, 0.3970000147819519, 0.3959999978542328, 0.39800000190734863, 0.40299999713897705, 0.39899998903274536, 0.39800000190734863, 0.39899998903274536, 0.3959999978542328, 0.3970000147819519, 0.4020000100135803, 0.40700000524520874, 0.40700000524520874, 0.40400001406669617, 0.40299999713897705, 0.40400001406669617, 0.40400001406669617, 0.4050000011920929, 0.4059999883174896, 0.4050000011920929, 0.40700000524520874, 0.40700000524520874, 0.40700000524520874, 0.41100001335144043, 0.41600000858306885, 0.4259999990463257, 0.4320000112056732, 0.42500001192092896, 0.4339999854564667, 0.4429999887943268, 0.44200000166893005, 0.43799999356269836, 0.43799999356269836, 0.4359999895095825, 0.44200000166893005, 0.4449999928474426, 0.4480000138282776, 0.4480000138282776, 0.4580000042915344, 0.46700000762939453, 0.4749999940395355, 0.4749999940395355, 0.4869999885559082, 0.49000000953674316, 0.4909999966621399, 0.4950000047683716, 0.5090000033378601, 0.5249999761581421, 0.5320000052452087, 0.5360000133514404, 0.5440000295639038, 0.5529999732971191, 0.5640000104904175, 0.5730000138282776, 0.5740000009536743, 0.5759999752044678, 0.6000000238418579, 0.6129999756813049, 0.6240000128746033, 0.6290000081062317, 0.6349999904632568, 0.6520000100135803, 0.6669999957084656, 0.6880000233650208, 0.6890000104904175, 0.7059999704360962, 0.7269999980926514, 0.7390000224113464, 0.7480000257492065, 0.7680000066757202, 0.7839999794960022, 0.7929999828338623, 0.8190000057220459, 0.8370000123977661, 0.8629999756813049, 0.8899999856948853, 0.9070000052452087, 0.9290000200271606, 0.9610000252723694, 0.9909999966621399, 1.031000018119812, 1.0609999895095825, 1.0809999704360962, 1.1239999532699585, 1.1710000038146973, 1.1959999799728394, 1.2410000562667847, 1.2920000553131104, 1.3519999980926514, 1.3990000486373901, 1.465000033378601, 1.534000039100647, 1.6019999980926514, 1.6649999618530273, 1.7890000343322754, 1.9190000295639038, 2.0940001010894775, 2.4679999351501465, 3.0309998989105225, 3.0329999923706055, 3.0350000858306885, 3.0380001068115234, 3.0350000858306885, 3.0320000648498535, 3.0309998989105225, 3.0299999713897705, 3.0230000019073486, 3.0280001163482666, 3.0230000019073486, 3.0239999294281006, 3.0239999294281006, 3.0190000534057617, 3.0199999809265137, 3.0139999389648438, 3.010999917984009, 3.0160000324249268, 3.010999917984009, 3.0169999599456787, 3.0169999599456787, 3.005000114440918, 2.990999937057495, 2.990999937057495, 2.990999937057495, 2.984999895095825, 2.9779999256134033, 2.9769999980926514, 2.9830000400543213, 2.9769999980926514, 2.9679999351501465, 2.9670000076293945, 2.9660000801086426, 2.9539999961853027, 2.946000099182129, 2.940999984741211, 2.934999942779541, 2.931999921798706, 2.9240000247955322, 2.9179999828338623, 2.9179999828338623, 2.9040000438690186, 2.9040000438690186, 2.8959999084472656, 2.890000104904175, 2.88700008392334, 2.881999969482422, 2.874000072479248, 2.8570001125335693, 2.8480000495910645, 2.8440001010894775, 2.8450000286102295, 2.8320000171661377, 2.8259999752044678, 2.8259999752044678, 2.7939999103546143, 2.7939999103546143, 2.7799999713897705, 2.7809998989105225, 2.7699999809265137, 2.753999948501587, 2.743000030517578, 2.7290000915527344, 2.7209999561309814, 2.7179999351501465, 2.6989998817443848, 2.6989998817443848, 2.683000087738037, 2.6670000553131104, 2.6559998989105225, 2.640000104904175, 2.635999917984009, 2.621000051498413, 2.6110000610351562, 2.5899999141693115, 2.575000047683716, 2.563999891281128, 2.5490000247955322, 2.5350000858306885, 2.5220000743865967, 2.499000072479248, 2.4800000190734863, 2.4760000705718994, 2.453000068664551, 2.431999921798706, 2.4089999198913574, 2.3970000743865967, 2.384999990463257, 2.359999895095825, 2.322999954223633, 2.2990000247955322, 2.2720000743865967, 2.256999969482422, 2.2320001125335693, 2.2090001106262207, 2.190000057220459, 2.1510000228881836, 2.128000020980835, 2.0989999771118164, 2.0759999752044678, 2.0510001182556152, 2.0309998989105225, 2.0190000534057617, 1.996999979019165, 1.968999981880188, 1.9470000267028809, 1.9229999780654907, 1.909000039100647, 1.8839999437332153, 1.875, 1.8580000400543213, 1.8300000429153442, 1.8209999799728394, 1.809999942779541, 1.784000039100647, 1.7619999647140503, 1.746999979019165, 1.7350000143051147, 1.718999981880188, 1.7009999752044678, 1.687000036239624, 1.6690000295639038, 1.656999945640564, 1.649999976158142, 1.628999948501587, 1.6089999675750732, 1.5989999771118164, 1.5920000076293945, 1.5789999961853027, 1.5670000314712524, 1.5470000505447388, 1.524999976158142, 1.5149999856948853, 1.5049999952316284, 1.496000051498413, 1.4900000095367432, 1.475000023841858, 1.4730000495910645, 1.4490000009536743, 1.4459999799728394, 1.4390000104904175, 1.4320000410079956, 1.4110000133514404, 1.4019999504089355, 1.399999976158142, 1.3940000534057617, 1.3760000467300415, 1.375, 1.3669999837875366, 1.3509999513626099, 1.340000033378601, 1.3309999704360962, 1.3229999542236328, 1.312999963760376, 1.3009999990463257, 1.2929999828338623, 1.2890000343322754, 1.281999945640564, 1.2790000438690186, 1.2699999809265137, 1.2580000162124634, 1.25600004196167, 1.2489999532699585, 1.2389999628067017, 1.2230000495910645, 1.215000033378601, 1.2100000381469727, 1.2089999914169312, 1.2009999752044678, 1.1920000314712524, 1.180999994277954, 1.1770000457763672, 1.1799999475479126, 1.1720000505447388, 1.1519999504089355, 1.1490000486373901, 1.1430000066757202, 1.1360000371932983, 1.1390000581741333, 1.1339999437332153, 1.1330000162124634, 1.1260000467300415, 1.1119999885559082, 1.1050000190734863, 1.0980000495910645, 1.0950000286102295, 1.0950000286102295, 1.0920000076293945, 1.0829999446868896, 1.0770000219345093, 1.0709999799728394, 1.0740000009536743, 1.0720000267028809, 1.062000036239624, 1.0570000410079956, 1.055999994277954, 1.0470000505447388, 1.0449999570846558, 1.0410000085830688, 1.0379999876022339, 1.0379999876022339, 1.034000039100647, 1.0260000228881836, 1.0190000534057617, 1.0119999647140503, 1.0080000162124634, 1.0080000162124634, 1.0010000467300415, 0.9980000257492065, 0.9919999837875366, 0.9890000224113464, 0.9900000095367432, 0.9890000224113464, 0.9890000224113464, 0.9779999852180481, 0.972000002861023, 0.9660000205039978, 0.972000002861023, 0.9620000123977661, 0.9649999737739563, 0.9580000042915344, 0.9580000042915344, 0.9539999961853027, 0.9549999833106995, 0.9480000138282776, 0.9459999799728394, 0.9449999928474426, 0.9449999928474426, 0.9430000185966492, 0.9380000233650208, 0.9319999814033508, 0.9290000200271606, 0.9259999990463257, 0.9259999990463257, 0.9210000038146973, 0.9169999957084656, 0.9100000262260437, 0.9110000133514404, 0.9079999923706055, 0.902999997138977, 0.906000018119812, 0.906000018119812, 0.8949999809265137, 0.8930000066757202, 0.8960000276565552, 0.9010000228881836, 0.8939999938011169, 0.8889999985694885, 0.8849999904632568, 0.875, 0.875, 0.8769999742507935, 0.875, 0.8690000176429749, 0.8690000176429749, 0.8700000047683716, 0.8669999837875366, 0.8700000047683716, 0.8659999966621399, 0.8569999933242798, 0.8510000109672546, 0.8510000109672546, 0.8529999852180481, 0.8539999723434448, 0.8560000061988831, 0.8560000061988831, 0.8529999852180481, 0.8450000286102295, 0.8450000286102295, 0.8460000157356262, 0.8460000157356262, 0.8460000157356262, 0.8450000286102295, 0.8450000286102295, 0.8379999995231628, 0.8349999785423279, 0.8240000009536743, 0.8230000138282776, 0.824999988079071, 0.8309999704360962, 0.8230000138282776, 0.8230000138282776, 0.8190000057220459, 0.8119999766349792, 0.8100000023841858, 0.8090000152587891, 0.8090000152587891, 0.8090000152587891, 0.8040000200271606, 0.800000011920929, 0.7979999780654907, 0.800000011920929, 0.800000011920929, 0.7910000085830688, 0.7929999828338623, 0.7940000295639038, 0.7929999828338623, 0.7929999828338623, 0.7900000214576721, 0.7799999713897705, 0.7799999713897705, 0.7799999713897705, 0.7799999713897705, 0.777999997138977, 0.7799999713897705, 0.7820000052452087, 0.7789999842643738, 0.7730000019073486, 0.7710000276565552, 0.7720000147819519, 0.7760000228881836, 0.7760000228881836, 0.7680000066757202, 0.765999972820282, 0.765999972820282, 0.7649999856948853, 0.7590000033378601, 0.7549999952316284, 0.7549999952316284, 0.7549999952316284, 0.753000020980835, 0.7480000257492065, 0.7450000047683716, 0.7480000257492065, 0.7480000257492065, 0.7459999918937683, 0.7459999918937683, 0.7450000047683716, 0.7369999885559082, 0.7360000014305115, 0.7429999709129333, 0.7419999837875366, 0.7390000224113464, 0.7360000014305115, 0.734000027179718, 0.7329999804496765, 0.7260000109672546, 0.7239999771118164, 0.7239999771118164, 0.7210000157356262, 0.7210000157356262, 0.7239999771118164, 0.7269999980926514, 0.7269999980926514, 0.7239999771118164, 0.7170000076293945, 0.7139999866485596, 0.7099999785423279, 0.7080000042915344, 0.7089999914169312, 0.703000009059906, 0.7039999961853027, 0.7039999961853027, 0.7059999704360962, 0.7059999704360962, 0.6970000267028809, 0.7020000219345093, 0.6970000267028809, 0.6949999928474426, 0.6970000267028809, 0.6919999718666077, 0.6930000185966492, 0.6869999766349792, 0.6850000023841858, 0.6890000104904175, 0.6890000104904175, 0.6890000104904175, 0.6909999847412109, 0.6909999847412109, 0.6890000104904175, 0.6850000023841858, 0.6809999942779541, 0.6809999942779541, 0.6819999814033508, 0.6800000071525574, 0.6779999732971191, 0.6759999990463257, 0.6779999732971191, 0.6779999732971191, 0.671999990940094, 0.6690000295639038, 0.6679999828338623, 0.6679999828338623, 0.675000011920929, 0.675000011920929, 0.6729999780654907, 0.6620000004768372, 0.6639999747276306, 0.6620000004768372, 0.6600000262260437, 0.656000018119812, 0.6589999794960022, 0.6589999794960022, 0.6620000004768372, 0.6480000019073486, 0.6439999938011169, 0.6510000228881836, 0.6549999713897705, 0.6510000228881836, 0.6439999938011169, 0.6480000019073486, 0.6520000100135803, 0.6510000228881836, 0.640999972820282, 0.6370000243186951, 0.6399999856948853, 0.6359999775886536, 0.6380000114440918, 0.640999972820282, 0.640999972820282, 0.6359999775886536, 0.6359999775886536, 0.6309999823570251, 0.6320000290870667, 0.6309999823570251, 0.6340000033378601, 0.6340000033378601, 0.6320000290870667, 0.6340000033378601, 0.625, 0.6190000176429749, 0.6190000176429749, 0.6140000224113464, 0.6150000095367432, 0.6169999837875366, 0.6169999837875366, 0.6169999837875366, 0.6209999918937683, 0.6209999918937683, 0.6209999918937683, 0.6169999837875366, 0.6169999837875366, 0.6159999966621399, 0.6110000014305115, 0.6140000224113464, 0.6140000224113464, 0.6150000095367432, 0.6150000095367432, 0.6110000014305115, 0.609000027179718, 0.6000000238418579, 0.6039999723434448, 0.6010000109672546, 0.6029999852180481, 0.6029999852180481, 0.5979999899864197, 0.5950000286102295, 0.5960000157356262, 0.5950000286102295, 0.5950000286102295, 0.5910000205039978, 0.5889999866485596, 0.5849999785423279, 0.5849999785423279, 0.5839999914169312, 0.5860000252723694, 0.5920000076293945, 0.5879999995231628, 0.578000009059906, 0.578000009059906, 0.5820000171661377, 0.5799999833106995, 0.5789999961853027, 0.5799999833106995, 0.5809999704360962, 0.5839999914169312, 0.5809999704360962, 0.5740000009536743, 0.5759999752044678, 0.5690000057220459, 0.5690000057220459, 0.5699999928474426, 0.5680000185966492, 0.5720000267028809, 0.5730000138282776, 0.5740000009536743, 0.5680000185966492, 0.5630000233650208, 0.5630000233650208, 0.5659999847412109, 0.5730000138282776, 0.574999988079071, 0.5740000009536743, 0.5709999799728394, 0.5659999847412109, 0.5659999847412109, 0.5619999766349792, 0.5600000023841858, 0.5550000071525574, 0.5529999732971191, 0.5609999895095825, 0.5659999847412109, 0.5619999766349792, 0.5600000023841858, 0.5609999895095825, 0.5600000023841858, 0.5509999990463257, 0.5559999942779541, 0.5580000281333923, 0.5600000023841858, 0.5590000152587891, 0.5509999990463257, 0.5529999732971191, 0.5550000071525574, 0.5509999990463257, 0.5479999780654907, 0.5490000247955322, 0.5540000200271606, 0.550000011920929, 0.5519999861717224, 0.5509999990463257, 0.546999990940094, 0.5410000085830688, 0.5429999828338623, 0.5440000295639038, 0.5479999780654907, 0.550000011920929, 0.550000011920929, 0.5519999861717224, 0.5509999990463257, 0.5460000038146973, 0.5460000038146973, 0.5429999828338623, 0.5410000085830688, 0.5440000295639038, 0.5490000247955322, 0.546999990940094, 0.5410000085830688, 0.5450000166893005, 0.5490000247955322, 0.5429999828338623, 0.5370000004768372, 0.5370000004768372, 0.5370000004768372, 0.5360000133514404, 0.5360000133514404, 0.5370000004768372, 0.5320000052452087, 0.5289999842643738, 0.5339999794960022, 0.5400000214576721, 0.5389999747276306, 0.5350000262260437, 0.5329999923706055, 0.5360000133514404, 0.5360000133514404, 0.5360000133514404, 0.5370000004768372, 0.5339999794960022, 0.5320000052452087, 0.5299999713897705, 0.5320000052452087, 0.5320000052452087, 0.5260000228881836, 0.5249999761581421, 0.5270000100135803, 0.5289999842643738, 0.5320000052452087, 0.5299999713897705, 0.5289999842643738, 0.5289999842643738, 0.5289999842643738, 0.5260000228881836, 0.5230000019073486, 0.5289999842643738, 0.5289999842643738, 0.5260000228881836, 0.5180000066757202, 0.5260000228881836, 0.5260000228881836, 0.5220000147819519, 0.5220000147819519, 0.5189999938011169, 0.5220000147819519, 0.5230000019073486, 0.5249999761581421, 0.5289999842643738, 0.5260000228881836, 0.5270000100135803, 0.5170000195503235, 0.5210000276565552, 0.5199999809265137, 0.5180000066757202, 0.5139999985694885, 0.5130000114440918, 0.5120000243186951, 0.5180000066757202, 0.5210000276565552, 0.5239999890327454, 0.5149999856948853, 0.515999972820282, 0.5170000195503235, 0.5210000276565552, 0.5239999890327454, 0.5249999761581421, 0.5230000019073486, 0.5230000019073486, 0.5220000147819519, 0.5189999938011169, 0.5230000019073486, 0.5189999938011169, 0.5189999938011169, 0.5130000114440918, 0.5139999985694885, 0.5149999856948853, 0.5149999856948853, 0.5149999856948853, 0.5149999856948853, 0.5180000066757202, 0.5139999985694885, 0.5139999985694885, 0.5139999985694885, 0.5199999809265137, 0.5199999809265137, 0.5149999856948853, 0.5149999856948853, 0.5130000114440918, 0.5170000195503235, 0.5149999856948853, 0.5149999856948853, 0.5109999775886536, 0.5149999856948853, 0.5180000066757202, 0.5210000276565552, 0.5239999890327454, 0.5199999809265137, 0.5170000195503235, 0.515999972820282, 0.515999972820282, 0.5149999856948853, 0.5139999985694885, 0.5120000243186951, 0.515999972820282, 0.515999972820282, 0.515999972820282, 0.5170000195503235, 0.515999972820282, 0.5120000243186951, 0.5120000243186951, 0.5090000033378601, 0.5170000195503235, 0.5170000195503235, 0.5170000195503235, 0.5120000243186951, 0.5120000243186951, 0.5139999985694885, 0.5189999938011169, 0.527999997138977, 0.5170000195503235, 0.5080000162124634, 0.5080000162124634, 0.5099999904632568, 0.5109999775886536, 0.5220000147819519, 0.5220000147819519, 0.5239999890327454, 0.515999972820282, 0.5120000243186951, 0.5120000243186951, 0.5120000243186951, 0.515999972820282, 0.5120000243186951, 0.5070000290870667, 0.5090000033378601, 0.5180000066757202, 0.5180000066757202, 0.5139999985694885, 0.5109999775886536, 0.5120000243186951, 0.5120000243186951, 0.5130000114440918, 0.5109999775886536, 0.5130000114440918, 0.515999972820282, 0.5109999775886536, 0.5120000243186951, 0.5180000066757202, 0.5199999809265137, 0.5149999856948853, 0.5090000033378601, 0.5059999823570251, 0.5120000243186951, 0.5189999938011169, 0.5189999938011169, 0.5149999856948853, 0.5149999856948853, 0.5139999985694885, 0.5139999985694885, 0.5149999856948853, 0.5220000147819519, 0.5220000147819519, 0.5210000276565552, 0.5199999809265137, 0.5180000066757202, 0.5220000147819519, 0.5230000019073486, 0.5180000066757202, 0.5139999985694885, 0.5120000243186951, 0.515999972820282, 0.515999972820282, 0.5189999938011169, 0.5210000276565552, 0.5210000276565552, 0.5199999809265137, 0.5220000147819519, 0.5260000228881836, 0.5239999890327454, 0.5199999809265137, 0.5189999938011169, 0.5230000019073486, 0.531000018119812, 0.527999997138977, 0.5270000100135803, 0.5270000100135803, 0.5270000100135803, 0.5220000147819519, 0.5239999890327454, 0.527999997138977, 0.531000018119812, 0.5329999923706055, 0.5329999923706055, 0.5339999794960022, 0.5320000052452087, 0.5339999794960022, 0.5370000004768372, 0.5419999957084656, 0.5419999957084656, 0.5389999747276306, 0.531000018119812, 0.5360000133514404, 0.5400000214576721, 0.5370000004768372, 0.5360000133514404, 0.5339999794960022, 0.5350000262260437, 0.5350000262260437, 0.5450000166893005, 0.5490000247955322, 0.5490000247955322, 0.5569999814033508, 0.5540000200271606, 0.5509999990463257, 0.5490000247955322, 0.5519999861717224, 0.5550000071525574, 0.5529999732971191, 0.5550000071525574, 0.5550000071525574, 0.5519999861717224, 0.5519999861717224, 0.5529999732971191, 0.5569999814033508, 0.5559999942779541, 0.5580000281333923, 0.5580000281333923, 0.5540000200271606, 0.5529999732971191, 0.5490000247955322, 0.5509999990463257, 0.5490000247955322, 0.5569999814033508, 0.5600000023841858, 0.5640000104904175, 0.5640000104904175, 0.5659999847412109, 0.5649999976158142, 0.5649999976158142, 0.5669999718666077, 0.5759999752044678, 0.5690000057220459, 0.574999988079071, 0.5730000138282776, 0.5799999833106995, 0.5809999704360962, 0.5699999928474426, 0.5590000152587891, 0.5640000104904175, 0.5709999799728394, 0.5820000171661377, 0.5830000042915344, 0.5860000252723694, 0.5830000042915344, 0.5820000171661377, 0.5799999833106995, 0.5759999752044678, 0.5830000042915344, 0.5830000042915344, 0.5860000252723694, 0.5820000171661377, 0.5860000252723694, 0.5910000205039978, 0.5899999737739563, 0.5889999866485596, 0.5849999785423279, 0.578000009059906, 0.5820000171661377, 0.5860000252723694, 0.5870000123977661, 0.5870000123977661, 0.5889999866485596, 0.597000002861023, 0.6039999723434448, 0.597000002861023, 0.597000002861023, 0.6019999980926514, 0.6119999885559082, 0.6060000061988831, 0.6129999756813049, 0.6169999837875366, 0.6209999918937683, 0.6330000162124634, 0.6330000162124634, 0.625, 0.6309999823570251, 0.6309999823570251, 0.6320000290870667, 0.6340000033378601, 0.6359999775886536, 0.640999972820282, 0.6420000195503235, 0.6420000195503235]
intensities: [1043.0, 1098.0, 1083.0, 1126.0, 1135.0, 1148.0, 1167.0, 1198.0, 1321.0, 1314.0, 1355.0, 1366.0, 1367.0, 1363.0, 1189.0, 1178.0, 1034.0, 1056.0, 955.0, 888.0, 984.0, 1045.0, 1123.0, 1105.0, 1117.0, 1062.0, 1044.0, 1028.0, 1079.0, 1083.0, 1221.0, 1233.0, 1303.0, 1384.0, 1479.0, 1493.0, 1518.0, 1540.0, 1574.0, 1574.0, 1580.0, 1608.0, 1618.0, 1633.0, 1633.0, 1657.0, 1636.0, 1668.0, 1653.0, 1650.0, 1653.0, 1640.0, 1640.0, 1623.0, 1626.0, 1626.0, 1624.0, 1644.0, 1639.0, 1642.0, 1660.0, 1656.0, 1629.0, 1629.0, 1617.0, 1605.0, 1624.0, 1606.0, 1591.0, 1591.0, 1574.0, 1596.0, 1596.0, 1598.0, 1584.0, 1571.0, 1585.0, 1594.0, 1576.0, 1594.0, 1560.0, 1580.0, 1579.0, 1564.0, 1568.0, 1547.0, 1547.0, 1564.0, 1560.0, 1538.0, 1528.0, 1528.0, 1523.0, 1533.0, 1516.0, 1517.0, 1513.0, 1513.0, 1508.0, 1505.0, 1508.0, 1509.0, 1508.0, 1508.0, 1507.0, 1510.0, 1509.0, 1508.0, 1509.0, 1512.0, 1514.0, 1511.0, 1497.0, 1499.0, 1508.0, 1510.0, 1510.0, 1505.0, 1504.0, 1500.0, 1511.0, 1476.0, 1465.0, 1466.0, 1475.0, 1488.0, 1492.0, 1482.0, 1464.0, 1464.0, 1464.0, 1447.0, 1462.0, 1496.0, 1484.0, 1468.0, 1475.0, 1475.0, 1470.0, 1472.0, 1480.0, 1470.0, 1475.0, 1478.0, 1487.0, 1459.0, 1440.0, 1433.0, 1405.0, 1403.0, 1399.0, 1398.0, 1388.0, 1363.0, 1363.0, 1368.0, 1349.0, 1325.0, 1321.0, 1298.0, 1301.0, 1282.0, 1271.0, 1266.0, 1268.0, 1265.0, 1253.0, 1254.0, 1253.0, 1240.0, 1240.0, 1226.0, 1208.0, 1208.0, 1196.0, 1180.0, 1176.0, 1157.0, 1164.0, 1155.0, 1145.0, 1103.0, 1103.0, 1111.0, 1121.0, 1133.0, 1130.0, 1138.0, 1122.0, 1126.0, 1113.0, 1105.0, 1104.0, 1104.0, 1109.0, 1093.0, 1113.0, 1100.0, 1102.0, 1120.0, 1114.0, 1093.0, 1047.0, 1011.0, 985.0, 975.0, 975.0, 950.0, 956.0, 960.0, 949.0, 959.0, 950.0, 940.0, 941.0, 940.0, 944.0, 951.0, 967.0, 977.0, 947.0, 924.0, 915.0, 915.0, 909.0, 902.0, 909.0, 886.0, 883.0, 886.0, 891.0, 893.0, 895.0, 887.0, 862.0, 849.0, 848.0, 829.0, 820.0, 822.0, 808.0, 808.0, 817.0, 803.0, 786.0, 788.0, 790.0, 782.0, 781.0, 773.0, 771.0, 762.0, 767.0, 793.0, 826.0, 867.0, 966.0, 1291.0, 1159.0, 910.0, 904.0, 909.0, 915.0, 909.0, 903.0, 917.0, 919.0, 909.0, 913.0, 909.0, 921.0, 921.0, 910.0, 913.0, 913.0, 911.0, 916.0, 918.0, 918.0, 918.0, 922.0, 904.0, 904.0, 904.0, 903.0, 903.0, 901.0, 922.0, 916.0, 905.0, 903.0, 901.0, 899.0, 906.0, 903.0, 903.0, 903.0, 908.0, 910.0, 917.0, 916.0, 918.0, 909.0, 901.0, 906.0, 912.0, 920.0, 902.0, 906.0, 912.0, 914.0, 908.0, 914.0, 914.0, 895.0, 905.0, 897.0, 910.0, 905.0, 905.0, 905.0, 906.0, 903.0, 899.0, 898.0, 898.0, 900.0, 903.0, 901.0, 894.0, 900.0, 890.0, 902.0, 892.0, 886.0, 892.0, 892.0, 887.0, 881.0, 880.0, 871.0, 878.0, 872.0, 869.0, 866.0, 881.0, 879.0, 880.0, 880.0, 876.0, 901.0, 928.0, 915.0, 890.0, 899.0, 923.0, 924.0, 930.0, 924.0, 931.0, 936.0, 948.0, 943.0, 957.0, 956.0, 960.0, 952.0, 957.0, 957.0, 972.0, 956.0, 972.0, 973.0, 970.0, 975.0, 972.0, 977.0, 993.0, 997.0, 994.0, 992.0, 1000.0, 1003.0, 1015.0, 995.0, 1008.0, 1025.0, 1025.0, 1024.0, 1031.0, 1022.0, 1024.0, 1042.0, 1037.0, 1049.0, 1046.0, 1040.0, 1056.0, 1067.0, 1057.0, 1069.0, 1065.0, 1069.0, 1072.0, 1073.0, 1077.0, 1086.0, 1083.0, 1090.0, 1103.0, 1098.0, 1101.0, 1106.0, 1113.0, 1112.0, 1120.0, 1114.0, 1118.0, 1116.0, 1107.0, 1110.0, 1113.0, 1122.0, 1126.0, 1115.0, 1121.0, 1135.0, 1127.0, 1133.0, 1130.0, 1149.0, 1168.0, 1141.0, 1119.0, 1138.0, 1138.0, 1137.0, 1153.0, 1163.0, 1168.0, 1168.0, 1181.0, 1180.0, 1199.0, 1205.0, 1205.0, 1212.0, 1211.0, 1212.0, 1218.0, 1221.0, 1220.0, 1231.0, 1240.0, 1242.0, 1249.0, 1254.0, 1253.0, 1268.0, 1287.0, 1283.0, 1295.0, 1302.0, 1310.0, 1305.0, 1323.0, 1321.0, 1327.0, 1339.0, 1335.0, 1338.0, 1336.0, 1354.0, 1352.0, 1353.0, 1365.0, 1350.0, 1366.0, 1356.0, 1367.0, 1372.0, 1361.0, 1382.0, 1389.0, 1390.0, 1374.0, 1404.0, 1409.0, 1403.0, 1415.0, 1416.0, 1408.0, 1423.0, 1431.0, 1442.0, 1437.0, 1446.0, 1453.0, 1447.0, 1456.0, 1456.0, 1459.0, 1458.0, 1458.0, 1451.0, 1460.0, 1459.0, 1463.0, 1490.0, 1490.0, 1497.0, 1502.0, 1489.0, 1494.0, 1505.0, 1512.0, 1507.0, 1515.0, 1521.0, 1529.0, 1529.0, 1539.0, 1530.0, 1521.0, 1521.0, 1523.0, 1518.0, 1511.0, 1507.0, 1507.0, 1521.0, 1534.0, 1534.0, 1521.0, 1525.0, 1525.0, 1531.0, 1528.0, 1521.0, 1541.0, 1524.0, 1534.0, 1540.0, 1544.0, 1536.0, 1538.0, 1538.0, 1545.0, 1542.0, 1542.0, 1547.0, 1547.0, 1563.0, 1567.0, 1550.0, 1552.0, 1569.0, 1586.0, 1573.0, 1591.0, 1559.0, 1579.0, 1567.0, 1568.0, 1569.0, 1580.0, 1580.0, 1571.0, 1578.0, 1571.0, 1571.0, 1585.0, 1584.0, 1591.0, 1596.0, 1609.0, 1602.0, 1602.0, 1602.0, 1599.0, 1595.0, 1615.0, 1598.0, 1601.0, 1591.0, 1593.0, 1599.0, 1600.0, 1605.0, 1611.0, 1591.0, 1605.0, 1610.0, 1589.0, 1609.0, 1607.0, 1592.0, 1586.0, 1584.0, 1591.0, 1613.0, 1623.0, 1624.0, 1619.0, 1615.0, 1603.0, 1603.0, 1608.0, 1616.0, 1616.0, 1625.0, 1631.0, 1626.0, 1632.0, 1629.0, 1595.0, 1630.0, 1629.0, 1625.0, 1629.0, 1646.0, 1634.0, 1624.0, 1632.0, 1633.0, 1633.0, 1642.0, 1637.0, 1645.0, 1643.0, 1652.0, 1644.0, 1649.0, 1640.0, 1650.0, 1650.0, 1650.0, 1650.0, 1655.0, 1652.0, 1657.0, 1657.0, 1658.0, 1658.0, 1655.0, 1659.0, 1661.0, 1657.0, 1658.0, 1661.0, 1660.0, 1667.0, 1666.0, 1666.0, 1665.0, 1670.0, 1665.0, 1671.0, 1670.0, 1696.0, 1676.0, 1679.0, 1695.0, 1679.0, 1695.0, 1691.0, 1705.0, 1715.0, 1715.0, 1706.0, 1703.0, 1702.0, 1703.0, 1716.0, 1720.0, 1716.0, 1728.0, 1720.0, 1716.0, 1714.0, 1723.0, 1701.0, 1703.0, 1705.0, 1696.0, 1702.0, 1705.0, 1705.0, 1705.0, 1692.0, 1694.0, 1709.0, 1710.0, 1709.0, 1713.0, 1706.0, 1706.0, 1696.0, 1686.0, 1702.0, 1715.0, 1705.0, 1708.0, 1708.0, 1725.0, 1728.0, 1709.0, 1705.0, 1705.0, 1705.0, 1730.0, 1728.0, 1746.0, 1741.0, 1746.0, 1743.0, 1768.0, 1757.0, 1750.0, 1753.0, 1752.0, 1721.0, 1729.0, 1735.0, 1750.0, 1703.0, 1699.0, 1726.0, 1715.0, 1715.0, 1748.0, 1724.0, 1724.0, 1730.0, 1730.0, 1756.0, 1714.0, 1714.0, 1723.0, 1722.0, 1723.0, 1739.0, 1739.0, 1722.0, 1722.0, 1737.0, 1736.0, 1711.0, 1706.0, 1716.0, 1717.0, 1741.0, 1723.0, 1719.0, 1720.0, 1721.0, 1704.0, 1705.0, 1706.0, 1743.0, 1716.0, 1711.0, 1707.0, 1699.0, 1702.0, 1712.0, 1709.0, 1700.0, 1700.0, 1710.0, 1704.0, 1705.0, 1705.0, 1710.0, 1705.0, 1689.0, 1689.0, 1687.0, 1678.0, 1681.0, 1681.0, 1689.0, 1680.0, 1686.0, 1684.0, 1689.0, 1677.0, 1689.0, 1701.0, 1684.0, 1668.0, 1662.0, 1662.0, 1685.0, 1670.0, 1660.0, 1665.0, 1668.0, 1675.0, 1688.0, 1681.0, 1661.0, 1657.0, 1636.0, 1597.0, 1597.0, 1613.0, 1630.0, 1627.0, 1623.0, 1618.0, 1633.0, 1616.0, 1630.0, 1621.0, 1627.0, 1631.0, 1628.0, 1635.0, 1635.0, 1618.0, 1627.0, 1637.0, 1643.0, 1635.0, 1646.0, 1638.0, 1647.0, 1645.0, 1637.0, 1618.0, 1612.0, 1612.0, 1608.0, 1625.0, 1602.0, 1589.0, 1578.0, 1591.0, 1598.0, 1587.0, 1590.0, 1583.0, 1573.0, 1536.0, 1558.0, 1573.0, 1565.0, 1570.0, 1553.0, 1567.0, 1539.0, 1559.0, 1574.0, 1533.0, 1552.0, 1554.0, 1538.0, 1547.0, 1537.0, 1525.0, 1524.0, 1536.0, 1520.0, 1500.0, 1507.0, 1507.0, 1513.0, 1504.0, 1504.0, 1504.0, 1496.0, 1504.0, 1485.0, 1474.0, 1470.0, 1466.0, 1472.0, 1472.0, 1464.0, 1463.0, 1463.0, 1463.0, 1464.0, 1462.0, 1464.0, 1462.0, 1459.0, 1463.0, 1464.0, 1459.0, 1446.0, 1452.0, 1465.0, 1423.0, 1413.0, 1419.0, 1419.0, 1403.0, 1394.0, 1401.0, 1406.0, 1394.0, 1389.0, 1396.0, 1406.0, 1390.0, 1401.0, 1376.0, 1376.0, 1374.0, 1370.0, 1375.0, 1375.0, 1370.0, 1354.0, 1344.0, 1346.0, 1333.0, 1317.0, 1323.0, 1298.0, 1311.0, 1305.0, 1305.0, 1309.0, 1310.0, 1351.0, 1313.0, 1233.0, 1214.0, 1242.0, 1291.0, 1280.0, 1277.0, 1291.0, 1296.0, 1299.0, 1288.0, 1303.0, 1287.0, 1319.0, 1319.0, 1296.0, 1296.0, 1306.0, 1298.0, 1282.0, 1296.0, 1288.0, 1282.0, 1284.0, 1280.0, 1289.0, 1295.0, 1278.0, 1284.0, 1273.0, 1286.0, 1286.0, 1281.0, 1275.0, 1273.0, 1270.0, 1270.0, 1277.0, 1279.0, 1271.0, 1270.0, 1280.0, 1287.0, 1294.0, 1302.0, 1302.0, 1298.0, 1286.0, 1293.0, 1306.0, 1306.0, 1307.0, 1299.0, 1292.0, 1306.0, 1331.0, 1318.0, 1304.0, 1312.0, 1308.0, 1292.0, 1299.0, 1301.0, 1318.0, 1324.0, 1316.0, 1302.0, 1302.0, 1324.0, 1317.0, 1317.0, 1333.0, 1349.0, 1331.0, 1313.0, 1341.0, 1343.0, 1332.0, 1335.0, 1343.0, 1349.0, 1347.0, 1352.0, 1334.0, 1347.0, 1339.0, 1339.0, 1364.0, 1361.0, 1354.0, 1372.0, 1372.0, 1360.0, 1374.0, 1352.0, 1352.0, 1367.0, 1368.0, 1368.0, 1366.0, 1371.0, 1384.0, 1376.0, 1378.0, 1381.0, 1402.0, 1383.0, 1378.0, 1388.0, 1369.0, 1375.0, 1387.0, 1379.0, 1392.0, 1379.0, 1371.0, 1391.0, 1400.0, 1397.0, 1401.0, 1390.0, 1391.0, 1405.0, 1389.0, 1388.0, 1415.0, 1398.0, 1408.0, 1402.0, 1405.0, 1405.0, 1411.0, 1410.0, 1403.0, 1402.0, 1394.0, 1418.0, 1400.0, 1422.0, 1401.0, 1402.0, 1393.0, 1380.0, 1390.0, 1388.0, 1386.0, 1386.0, 1391.0, 1388.0, 1406.0, 1381.0, 1390.0, 1390.0]