header: 
  seq: 1333
  stamp: 
    secs: 1548820790
    nsecs: 479657186
  frame_id: "base_link"
angle_min: -2.35619449615
angle_max: 2.35619449615
angle_increment: 0.00436332309619
time_increment: 1.73611151695e-05
scan_time: 0.0250000003725
range_min: 0.019999999553
range_max: 30.0
ranges: [0.44200000166893005, 0.4410000145435333, 0.4399999976158142, 0.4519999921321869, 0.45100000500679016, 0.4560000002384186, 0.4580000042915344, 0.46000000834465027, 0.4480000138282776, 0.44699999690055847, 0.44999998807907104, 0.4620000123977661, 0.45100000500679016, 0.44600000977516174, 0.4429999887943268, 0.41600000858306885, 0.3840000033378601, 0.3700000047683716, 0.34700000286102295, 0.3240000009536743, 0.36000001430511475, 0.41200000047683716, 0.4390000104904175, 0.4399999976158142, 0.44200000166893005, 0.44200000166893005, 0.4410000145435333, 0.43799999356269836, 0.4410000145435333, 0.43299999833106995, 0.4490000009536743, 0.44600000977516174, 0.4480000138282776, 0.4480000138282776, 0.44999998807907104, 0.4440000057220459, 0.44600000977516174, 0.43700000643730164, 0.44200000166893005, 0.44200000166893005, 0.4399999976158142, 0.4429999887943268, 0.44200000166893005, 0.4350000023841858, 0.4350000023841858, 0.43799999356269836, 0.4410000145435333, 0.4339999854564667, 0.43299999833106995, 0.43299999833106995, 0.43299999833106995, 0.4359999895095825, 0.42100000381469727, 0.4259999990463257, 0.4259999990463257, 0.4269999861717224, 0.4339999854564667, 0.4339999854564667, 0.4339999854564667, 0.42899999022483826, 0.4309999942779541, 0.4259999990463257, 0.42500001192092896, 0.41999998688697815, 0.4300000071525574, 0.4399999976158142, 0.421999990940094, 0.4180000126361847, 0.421999990940094, 0.4259999990463257, 0.4269999861717224, 0.4309999942779541, 0.42899999022483826, 0.42500001192092896, 0.42800000309944153, 0.4359999895095825, 0.4339999854564667, 0.4320000112056732, 0.4300000071525574, 0.42899999022483826, 0.41999998688697815, 0.42500001192092896, 0.42500001192092896, 0.42500001192092896, 0.4259999990463257, 0.42500001192092896, 0.4259999990463257, 0.4300000071525574, 0.42500001192092896, 0.42500001192092896, 0.42500001192092896, 0.42500001192092896, 0.42500001192092896, 0.4269999861717224, 0.42800000309944153, 0.42800000309944153, 0.4269999861717224, 0.42500001192092896, 0.42500001192092896, 0.4189999997615814, 0.41600000858306885, 0.4230000078678131, 0.4230000078678131, 0.421999990940094, 0.421999990940094, 0.42399999499320984, 0.421999990940094, 0.42399999499320984, 0.42100000381469727, 0.42500001192092896, 0.42500001192092896, 0.41999998688697815, 0.414000004529953, 0.41499999165534973, 0.42100000381469727, 0.421999990940094, 0.42100000381469727, 0.421999990940094, 0.42500001192092896, 0.421999990940094, 0.42100000381469727, 0.42100000381469727, 0.421999990940094, 0.421999990940094, 0.42500001192092896, 0.42500001192092896, 0.42899999022483826, 0.4320000112056732, 0.4320000112056732, 0.4259999990463257, 0.42399999499320984, 0.42100000381469727, 0.4180000126361847, 0.42500001192092896, 0.4320000112056732, 0.42100000381469727, 0.42100000381469727, 0.41999998688697815, 0.4259999990463257, 0.4259999990463257, 0.4309999942779541, 0.4309999942779541, 0.4320000112056732, 0.43799999356269836, 0.43700000643730164, 0.4350000023841858, 0.4339999854564667, 0.4339999854564667, 0.4339999854564667, 0.4359999895095825, 0.4350000023841858, 0.43299999833106995, 0.44600000977516174, 0.4440000057220459, 0.43700000643730164, 0.43700000643730164, 0.4359999895095825, 0.4320000112056732, 0.4320000112056732, 0.43299999833106995, 0.4339999854564667, 0.4390000104904175, 0.43799999356269836, 0.43799999356269836, 0.43700000643730164, 0.43700000643730164, 0.4350000023841858, 0.4350000023841858, 0.4410000145435333, 0.4390000104904175, 0.43700000643730164, 0.43299999833106995, 0.43299999833106995, 0.4339999854564667, 0.4339999854564667, 0.4339999854564667, 0.4359999895095825, 0.44699999690055847, 0.44699999690055847, 0.4350000023841858, 0.4350000023841858, 0.4390000104904175, 0.4399999976158142, 0.4449999928474426, 0.4429999887943268, 0.4410000145435333, 0.44200000166893005, 0.44200000166893005, 0.4429999887943268, 0.4429999887943268, 0.4480000138282776, 0.44600000977516174, 0.4449999928474426, 0.4410000145435333, 0.43700000643730164, 0.43700000643730164, 0.4480000138282776, 0.44600000977516174, 0.453000009059906, 0.453000009059906, 0.44999998807907104, 0.44999998807907104, 0.44699999690055847, 0.4490000009536743, 0.44699999690055847, 0.44600000977516174, 0.44600000977516174, 0.44600000977516174, 0.4490000009536743, 0.4560000002384186, 0.4560000002384186, 0.4519999921321869, 0.44999998807907104, 0.4620000123977661, 0.460999995470047, 0.460999995470047, 0.4490000009536743, 0.45399999618530273, 0.46000000834465027, 0.45899999141693115, 0.46000000834465027, 0.46299999952316284, 0.46299999952316284, 0.46299999952316284, 0.4690000116825104, 0.47099998593330383, 0.4729999899864197, 0.4729999899864197, 0.47999998927116394, 0.47999998927116394, 0.4779999852180481, 0.47099998593330383, 0.4729999899864197, 0.47999998927116394, 0.48100000619888306, 0.48500001430511475, 0.48500001430511475, 0.4830000102519989, 0.4830000102519989, 0.4869999885559082, 0.492000013589859, 0.492000013589859, 0.49000000953674316, 0.49399998784065247, 0.4959999918937683, 0.4959999918937683, 0.49399998784065247, 0.49300000071525574, 0.49300000071525574, 0.4950000047683716, 0.5, 0.5019999742507935, 0.5019999742507935, 0.5049999952316284, 0.5080000162124634, 0.5080000162124634, 0.5109999775886536, 0.5120000243186951, 0.515999972820282, 0.5149999856948853, 0.5090000033378601, 0.5120000243186951, 0.5180000066757202, 0.5189999938011169, 0.5199999809265137, 0.5199999809265137, 0.5260000228881836, 0.5270000100135803, 0.5299999713897705, 0.5289999842643738, 0.5360000133514404, 0.5360000133514404, 0.5460000038146973, 0.5440000295639038, 0.5429999828338623, 0.5490000247955322, 0.5490000247955322, 0.550000011920929, 0.5519999861717224, 0.5580000281333923, 0.5630000233650208, 0.5609999895095825, 0.5600000023841858, 0.5590000152587891, 0.5609999895095825, 0.5699999928474426, 0.574999988079071, 0.5720000267028809, 0.5740000009536743, 0.5789999961853027, 0.5899999737739563, 0.5889999866485596, 0.5899999737739563, 0.5910000205039978, 0.597000002861023, 0.597000002861023, 0.6010000109672546, 0.6079999804496765, 0.6039999723434448, 0.6039999723434448, 0.6069999933242798, 0.6159999966621399, 0.6190000176429749, 0.6179999709129333, 0.6179999709129333, 0.6309999823570251, 0.6309999823570251, 0.6330000162124634, 0.6389999985694885, 0.6380000114440918, 0.6359999775886536, 0.6420000195503235, 0.6460000276565552, 0.6489999890327454, 0.652999997138977, 0.652999997138977, 0.6539999842643738, 0.6579999923706055, 0.6679999828338623, 0.6639999747276306, 0.6690000295639038, 0.6729999780654907, 0.671999990940094, 0.6759999990463257, 0.6800000071525574, 0.6859999895095825, 0.6970000267028809, 0.7049999833106995, 0.7080000042915344, 0.7080000042915344, 0.7089999914169312, 0.7120000123977661, 0.7149999737739563, 0.7229999899864197, 0.7269999980926514, 0.7310000061988831, 0.7379999756813049, 0.7459999918937683, 0.7459999918937683, 0.75, 0.7609999775886536, 0.7670000195503235, 0.7739999890327454, 0.7760000228881836, 0.7850000262260437, 0.7860000133514404, 0.7870000004768372, 0.7950000166893005, 0.8050000071525574, 0.8109999895095825, 0.8149999976158142, 0.8240000009536743, 0.8309999704360962, 0.8339999914169312, 0.8410000205039978, 0.8560000061988831, 0.8560000061988831, 0.8679999709129333, 0.8669999837875366, 0.8759999871253967, 0.8830000162124634, 0.8880000114440918, 0.8999999761581421, 0.9120000004768372, 0.9279999732971191, 0.9350000023841858, 0.9399999976158142, 0.9440000057220459, 0.9549999833106995, 0.9599999785423279, 0.9700000286102295, 0.9810000061988831, 0.9990000128746033, 1.0089999437332153, 1.0190000534057617, 1.0269999504089355, 1.0379999876022339, 1.0390000343322754, 1.0549999475479126, 1.065000057220459, 1.0829999446868896, 1.090999960899353, 1.0959999561309814, 1.1059999465942383, 1.1239999532699585, 1.1360000371932983, 1.1440000534057617, 1.1640000343322754, 1.2339999675750732, 1.347000002861023, 1.6130000352859497, 2.234999895095825, 2.243000030517578, 2.242000102996826, 2.243000030517578, 2.234999895095825, 2.234999895095825, 2.2339999675750732, 2.2330000400543213, 2.2239999771118164, 2.2209999561309814, 2.2170000076293945, 2.2170000076293945, 2.2090001106262207, 2.2049999237060547, 2.2049999237060547, 2.2039999961853027, 2.196000099182129, 2.194000005722046, 2.194000005722046, 2.194000005722046, 2.194000005722046, 2.187999963760376, 2.187999963760376, 2.187999963760376, 2.186000108718872, 2.177999973297119, 2.171999931335449, 2.1679999828338623, 2.1760001182556152, 2.1559998989105225, 2.1619999408721924, 2.1610000133514404, 2.1540000438690186, 2.1540000438690186, 2.1559998989105225, 2.1579999923706055, 2.1600000858306885, 2.1530001163482666, 2.1449999809265137, 2.1449999809265137, 2.1429998874664307, 2.1500000953674316, 2.1480000019073486, 2.1429998874664307, 2.1470000743865967, 2.140000104904175, 2.13700008392334, 2.13100004196167, 2.128999948501587, 2.125, 2.121999979019165, 2.124000072479248, 2.121999979019165, 2.115999937057495, 2.111999988555908, 2.115999937057495, 2.114000082015991, 2.1070001125335693, 2.1080000400543213, 2.1029999256134033, 2.0999999046325684, 2.0999999046325684, 2.0999999046325684, 2.0999999046325684, 2.0969998836517334, 2.0910000801086426, 2.0829999446868896, 2.0810000896453857, 2.069999933242798, 2.069000005722046, 2.068000078201294, 2.063999891281128, 2.0510001182556152, 2.0490000247955322, 2.0380001068115234, 2.0380001068115234, 2.0429999828338623, 2.0399999618530273, 2.0260000228881836, 2.0209999084472656, 2.0139999389648438, 2.013000011444092, 2.00600004196167, 2.0, 1.9980000257492065, 1.996000051498413, 1.9889999628067017, 1.9889999628067017, 1.9809999465942383, 1.9780000448226929, 1.975000023841858, 1.965000033378601, 1.965000033378601, 1.9620000123977661, 1.9509999752044678, 1.9459999799728394, 1.940000057220459, 1.9299999475479126, 1.9249999523162842, 1.9199999570846558, 1.9179999828338623, 1.909999966621399, 1.8990000486373901, 1.8969999551773071, 1.8949999809265137, 1.8860000371932983, 1.88100004196167, 1.8769999742507935, 1.8660000562667847, 1.8600000143051147, 1.8519999980926514, 1.840000033378601, 1.840000033378601, 1.8250000476837158, 1.8240000009536743, 1.815999984741211, 1.809999942779541, 1.7999999523162842, 1.7970000505447388, 1.7829999923706055, 1.777999997138977, 1.7790000438690186, 1.7730000019073486, 1.7569999694824219, 1.75, 1.7419999837875366, 1.7350000143051147, 1.722000002861023, 1.7079999446868896, 1.7029999494552612, 1.6990000009536743, 1.694000005722046, 1.680999994277954, 1.6720000505447388, 1.6649999618530273, 1.6540000438690186, 1.6490000486373901, 1.6360000371932983, 1.628000020980835, 1.61899995803833, 1.6109999418258667, 1.590999960899353, 1.590000033378601, 1.5740000009536743, 1.565999984741211, 1.559000015258789, 1.5420000553131104, 1.5329999923706055, 1.5230000019073486, 1.5199999809265137, 1.5149999856948853, 1.5080000162124634, 1.4910000562667847, 1.475000023841858, 1.4559999704360962, 1.4539999961853027, 1.437000036239624, 1.4229999780654907, 1.4079999923706055, 1.3980000019073486, 1.3919999599456787, 1.371999979019165, 1.3619999885559082, 1.347000002861023, 1.3300000429153442, 1.319000005722046, 1.3029999732971191, 1.2929999828338623, 1.2799999713897705, 1.2619999647140503, 1.2610000371932983, 1.2410000562667847, 1.2289999723434448, 1.2089999914169312, 1.2029999494552612, 1.1790000200271606, 1.1710000038146973, 1.1519999504089355, 1.1440000534057617, 1.1349999904632568, 1.125, 1.1080000400543213, 1.097000002861023, 1.090000033378601, 1.0750000476837158, 1.0679999589920044, 1.0679999589920044, 1.0549999475479126, 1.0399999618530273, 1.027999997138977, 1.0210000276565552, 1.0160000324249268, 1.00600004196167, 0.9950000047683716, 0.9760000109672546, 0.9739999771118164, 0.9639999866485596, 0.9599999785423279, 0.9559999704360962, 0.9509999752044678, 0.9480000138282776, 0.9350000023841858, 0.9340000152587891, 0.9300000071525574, 0.9179999828338623, 0.9100000262260437, 0.902999997138977, 0.8949999809265137, 0.8949999809265137, 0.8859999775886536, 0.8809999823570251, 0.875, 0.8740000128746033, 0.8659999966621399, 0.8619999885559082, 0.8560000061988831, 0.8479999899864197, 0.8450000286102295, 0.8450000286102295, 0.843999981880188, 0.8389999866485596, 0.8370000123977661, 0.8309999704360962, 0.8259999752044678, 0.8169999718666077, 0.8149999976158142, 0.8090000152587891, 0.800000011920929, 0.7960000038146973, 0.7990000247955322, 0.7870000004768372, 0.7749999761581421, 0.7760000228881836, 0.777999997138977, 0.7789999842643738, 0.7689999938011169, 0.7570000290870667, 0.7570000290870667, 0.7570000290870667, 0.7559999823570251, 0.7540000081062317, 0.7409999966621399, 0.7379999756813049, 0.7390000224113464, 0.734000027179718, 0.7300000190734863, 0.7260000109672546, 0.7200000286102295, 0.7170000076293945, 0.7149999737739563, 0.7089999914169312, 0.7080000042915344, 0.7039999961853027, 0.7039999961853027, 0.6970000267028809, 0.6959999799728394, 0.6919999718666077, 0.6880000233650208, 0.6869999766349792, 0.6759999990463257, 0.6729999780654907, 0.6729999780654907, 0.6729999780654907, 0.6669999957084656, 0.6679999828338623, 0.6679999828338623, 0.6660000085830688, 0.6629999876022339, 0.6589999794960022, 0.6549999713897705, 0.6520000100135803, 0.6510000228881836, 0.6520000100135803, 0.6510000228881836, 0.6480000019073486, 0.6480000019073486, 0.640999972820282, 0.6349999904632568, 0.6370000243186951, 0.6370000243186951, 0.6269999742507935, 0.621999979019165, 0.625, 0.628000020980835, 0.6230000257492065, 0.625, 0.6159999966621399, 0.6159999966621399, 0.609000027179718, 0.609000027179718, 0.609000027179718, 0.6110000014305115, 0.6110000014305115, 0.5989999771118164, 0.5960000157356262, 0.5920000076293945, 0.5960000157356262, 0.5960000157356262, 0.5889999866485596, 0.5899999737739563, 0.5920000076293945, 0.5899999737739563, 0.5849999785423279, 0.5839999914169312, 0.5809999704360962, 0.578000009059906, 0.578000009059906, 0.5879999995231628, 0.5809999704360962, 0.574999988079071, 0.5690000057220459, 0.5649999976158142, 0.5659999847412109, 0.5680000185966492, 0.5640000104904175, 0.5609999895095825, 0.5609999895095825, 0.5600000023841858, 0.5590000152587891, 0.5590000152587891, 0.5550000071525574, 0.550000011920929, 0.5529999732971191, 0.5569999814033508, 0.5569999814033508, 0.5509999990463257, 0.5450000166893005, 0.546999990940094, 0.5460000038146973, 0.546999990940094, 0.5450000166893005, 0.5419999957084656, 0.5379999876022339, 0.5429999828338623, 0.5410000085830688, 0.5379999876022339, 0.5389999747276306, 0.5410000085830688, 0.5479999780654907, 0.5370000004768372, 0.5350000262260437, 0.5339999794960022, 0.5329999923706055, 0.5329999923706055, 0.531000018119812, 0.531000018119812, 0.531000018119812, 0.527999997138977, 0.5260000228881836, 0.5249999761581421, 0.5210000276565552, 0.5220000147819519, 0.5230000019073486, 0.5220000147819519, 0.5220000147819519, 0.5189999938011169, 0.5210000276565552, 0.5189999938011169, 0.5199999809265137, 0.515999972820282, 0.5170000195503235, 0.5170000195503235, 0.515999972820282, 0.5099999904632568, 0.5090000033378601, 0.5090000033378601, 0.5090000033378601, 0.5070000290870667, 0.503000020980835, 0.503000020980835, 0.5080000162124634, 0.5080000162124634, 0.5090000033378601, 0.5099999904632568, 0.5070000290870667, 0.5059999823570251, 0.5049999952316284, 0.5019999742507935, 0.5070000290870667, 0.5090000033378601, 0.5080000162124634, 0.5059999823570251, 0.503000020980835, 0.5040000081062317, 0.5049999952316284, 0.5070000290870667, 0.5040000081062317, 0.5, 0.5, 0.49900001287460327, 0.49799999594688416, 0.49799999594688416, 0.49799999594688416, 0.5, 0.4959999918937683, 0.49399998784065247, 0.4959999918937683, 0.49300000071525574, 0.49399998784065247, 0.4909999966621399, 0.49399998784065247, 0.49399998784065247, 0.4880000054836273, 0.4860000014305115, 0.4869999885559082, 0.49300000071525574, 0.4909999966621399, 0.48899999260902405, 0.48899999260902405, 0.492000013589859, 0.4869999885559082, 0.49000000953674316, 0.4909999966621399, 0.4909999966621399, 0.492000013589859, 0.49399998784065247, 0.4860000014305115, 0.48899999260902405, 0.492000013589859, 0.49799999594688416, 0.49399998784065247, 0.48899999260902405, 0.49000000953674316, 0.49000000953674316, 0.4830000102519989, 0.48399999737739563, 0.4909999966621399, 0.48899999260902405, 0.4880000054836273, 0.4909999966621399, 0.48500001430511475, 0.4819999933242798, 0.4830000102519989, 0.48899999260902405, 0.49399998784065247, 0.492000013589859, 0.4869999885559082, 0.4860000014305115, 0.4830000102519989, 0.4830000102519989, 0.48399999737739563, 0.4869999885559082, 0.4869999885559082, 0.4909999966621399, 0.4909999966621399, 0.49000000953674316, 0.4909999966621399, 0.4909999966621399, 0.492000013589859, 0.4869999885559082, 0.4869999885559082, 0.4880000054836273, 0.49000000953674316, 0.49000000953674316, 0.49000000953674316, 0.49000000953674316, 0.48899999260902405, 0.49300000071525574, 0.48899999260902405, 0.4909999966621399, 0.49000000953674316, 0.4880000054836273, 0.48399999737739563, 0.48500001430511475, 0.48899999260902405, 0.49300000071525574, 0.49000000953674316, 0.49000000953674316, 0.4970000088214874, 0.4970000088214874, 0.4959999918937683, 0.49399998784065247, 0.4970000088214874, 0.4950000047683716, 0.49399998784065247, 0.4950000047683716, 0.4959999918937683, 0.49300000071525574, 0.4909999966621399, 0.49000000953674316, 0.4970000088214874, 0.5009999871253967, 0.5, 0.49900001287460327, 0.4950000047683716, 0.5, 0.5, 0.5059999823570251, 0.5040000081062317, 0.5040000081062317, 0.5019999742507935, 0.5, 0.49399998784065247, 0.49399998784065247, 0.5080000162124634, 0.5149999856948853, 0.5019999742507935, 0.5019999742507935, 0.5, 0.5, 0.5059999823570251, 0.5099999904632568, 0.5099999904632568, 0.5059999823570251, 0.5059999823570251, 0.5049999952316284, 0.5080000162124634, 0.5080000162124634, 0.5049999952316284, 0.5049999952316284, 0.5059999823570251, 0.5059999823570251, 0.5059999823570251, 0.5059999823570251, 0.5120000243186951, 0.5059999823570251, 0.5019999742507935, 0.5059999823570251, 0.5120000243186951, 0.5099999904632568, 0.5070000290870667, 0.5070000290870667, 0.5070000290870667, 0.5080000162124634, 0.515999972820282, 0.5180000066757202, 0.5199999809265137, 0.5210000276565552, 0.5210000276565552, 0.5220000147819519, 0.5210000276565552, 0.5220000147819519, 0.5189999938011169, 0.5170000195503235, 0.5210000276565552, 0.5210000276565552, 0.5189999938011169, 0.5299999713897705, 0.5289999842643738, 0.527999997138977, 0.5289999842643738, 0.5270000100135803, 0.5289999842643738, 0.5329999923706055, 0.5329999923706055, 0.5329999923706055, 0.531000018119812, 0.527999997138977, 0.5329999923706055, 0.5379999876022339, 0.5419999957084656, 0.5419999957084656, 0.546999990940094, 0.5429999828338623, 0.5389999747276306, 0.5419999957084656, 0.5450000166893005, 0.5450000166893005, 0.5479999780654907, 0.5509999990463257, 0.5519999861717224, 0.5519999861717224, 0.5550000071525574, 0.5550000071525574, 0.5580000281333923, 0.5630000233650208, 0.5659999847412109, 0.5659999847412109, 0.5659999847412109, 0.5609999895095825, 0.5649999976158142, 0.5659999847412109, 0.5770000219345093, 0.5799999833106995, 0.5789999961853027, 0.5759999752044678, 0.5720000267028809, 0.5709999799728394, 0.5759999752044678, 0.5770000219345093, 0.578000009059906, 0.5799999833106995, 0.5820000171661377, 0.5870000123977661, 0.5960000157356262, 0.5960000157356262, 0.6010000109672546, 0.6060000061988831, 0.6019999980926514, 0.6010000109672546, 0.5989999771118164, 0.6019999980926514, 0.6029999852180481, 0.6069999933242798, 0.6079999804496765, 0.6100000143051147, 0.6100000143051147, 0.6140000224113464, 0.6169999837875366, 0.6169999837875366, 0.6169999837875366, 0.625, 0.6320000290870667, 0.6309999823570251, 0.6389999985694885, 0.6420000195503235, 0.6299999952316284, 0.6309999823570251, 0.6340000033378601, 0.6399999856948853, 0.640999972820282, 0.6420000195503235, 0.6460000276565552, 0.6539999842643738, 0.652999997138977, 0.6539999842643738, 0.6589999794960022, 0.6629999876022339, 0.6629999876022339, 0.6639999747276306, 0.6679999828338623, 0.6639999747276306, 0.6620000004768372, 0.6660000085830688, 0.6779999732971191, 0.6740000247955322, 0.6800000071525574, 0.6830000281333923, 0.6840000152587891, 0.6859999895095825, 0.6919999718666077, 0.6890000104904175, 0.6890000104904175, 0.6840000152587891, 0.6959999799728394, 0.6970000267028809, 0.6930000185966492, 0.6930000185966492, 0.6949999928474426, 0.6970000267028809, 0.6980000138282776, 0.6980000138282776, 0.7009999752044678, 0.7099999785423279, 0.7160000205039978, 0.7160000205039978, 0.7160000205039978, 0.722000002861023, 0.7239999771118164, 0.7300000190734863, 0.7310000061988831, 0.7329999804496765, 0.7429999709129333, 0.7440000176429749, 0.7450000047683716, 0.7400000095367432, 0.7400000095367432, 0.7409999966621399, 0.7419999837875366, 0.7440000176429749, 0.7440000176429749, 0.746999979019165, 0.7509999871253967, 0.7519999742507935, 0.753000020980835, 0.7540000081062317, 0.7559999823570251, 0.7599999904632568, 0.7609999775886536, 0.7649999856948853, 0.7710000276565552, 0.7770000100135803, 0.781000018119812, 0.7860000133514404, 0.7889999747276306, 0.7960000038146973, 0.796999990940094, 0.8149999976158142, 0.8199999928474426, 0.8190000057220459, 0.8190000057220459, 0.8220000267028809, 0.8259999752044678, 0.8320000171661377, 0.8320000171661377, 0.8330000042915344, 0.8429999947547913, 0.8429999947547913, 0.8450000286102295, 0.8399999737739563]
intensities: [1113.0, 1118.0, 1169.0, 1271.0, 1284.0, 1450.0, 1477.0, 1504.0, 1549.0, 1537.0, 1588.0, 1573.0, 1615.0, 1537.0, 1479.0, 1273.0, 1097.0, 1064.0, 996.0, 892.0, 969.0, 1022.0, 1097.0, 1089.0, 1092.0, 1063.0, 1044.0, 1055.0, 1123.0, 1166.0, 1329.0, 1365.0, 1479.0, 1492.0, 1596.0, 1632.0, 1670.0, 1705.0, 1730.0, 1730.0, 1738.0, 1760.0, 1767.0, 1761.0, 1758.0, 1772.0, 1786.0, 1761.0, 1770.0, 1779.0, 1776.0, 1773.0, 1769.0, 1762.0, 1755.0, 1762.0, 1761.0, 1767.0, 1767.0, 1758.0, 1751.0, 1748.0, 1732.0, 1742.0, 1753.0, 1764.0, 1758.0, 1761.0, 1735.0, 1733.0, 1753.0, 1729.0, 1721.0, 1729.0, 1742.0, 1753.0, 1750.0, 1748.0, 1748.0, 1748.0, 1733.0, 1729.0, 1738.0, 1743.0, 1753.0, 1728.0, 1738.0, 1723.0, 1706.0, 1711.0, 1729.0, 1729.0, 1723.0, 1717.0, 1714.0, 1713.0, 1715.0, 1702.0, 1702.0, 1677.0, 1665.0, 1697.0, 1685.0, 1695.0, 1693.0, 1690.0, 1663.0, 1646.0, 1638.0, 1681.0, 1681.0, 1664.0, 1647.0, 1651.0, 1672.0, 1672.0, 1663.0, 1656.0, 1629.0, 1627.0, 1592.0, 1592.0, 1595.0, 1593.0, 1590.0, 1585.0, 1566.0, 1570.0, 1555.0, 1551.0, 1541.0, 1547.0, 1532.0, 1530.0, 1507.0, 1514.0, 1514.0, 1507.0, 1493.0, 1493.0, 1501.0, 1503.0, 1483.0, 1481.0, 1435.0, 1439.0, 1441.0, 1441.0, 1441.0, 1441.0, 1445.0, 1420.0, 1416.0, 1381.0, 1386.0, 1386.0, 1382.0, 1356.0, 1362.0, 1361.0, 1360.0, 1327.0, 1322.0, 1313.0, 1309.0, 1330.0, 1305.0, 1305.0, 1319.0, 1314.0, 1309.0, 1274.0, 1268.0, 1265.0, 1262.0, 1262.0, 1256.0, 1274.0, 1274.0, 1238.0, 1238.0, 1235.0, 1230.0, 1242.0, 1237.0, 1222.0, 1214.0, 1201.0, 1205.0, 1216.0, 1215.0, 1221.0, 1198.0, 1182.0, 1210.0, 1210.0, 1200.0, 1188.0, 1186.0, 1186.0, 1182.0, 1179.0, 1188.0, 1181.0, 1168.0, 1160.0, 1160.0, 1160.0, 1160.0, 1174.0, 1174.0, 1154.0, 1151.0, 1162.0, 1156.0, 1150.0, 1149.0, 1150.0, 1151.0, 1148.0, 1142.0, 1140.0, 1139.0, 1139.0, 1133.0, 1125.0, 1131.0, 1131.0, 1120.0, 1120.0, 1137.0, 1115.0, 1134.0, 1146.0, 1137.0, 1129.0, 1129.0, 1128.0, 1127.0, 1136.0, 1145.0, 1119.0, 1118.0, 1129.0, 1140.0, 1145.0, 1128.0, 1139.0, 1139.0, 1133.0, 1129.0, 1132.0, 1132.0, 1133.0, 1122.0, 1120.0, 1126.0, 1121.0, 1136.0, 1128.0, 1112.0, 1120.0, 1124.0, 1117.0, 1110.0, 1110.0, 1122.0, 1122.0, 1118.0, 1127.0, 1132.0, 1114.0, 1153.0, 1144.0, 1109.0, 1129.0, 1127.0, 1132.0, 1138.0, 1152.0, 1154.0, 1141.0, 1133.0, 1138.0, 1134.0, 1144.0, 1137.0, 1132.0, 1137.0, 1134.0, 1145.0, 1135.0, 1144.0, 1122.0, 1158.0, 1161.0, 1142.0, 1156.0, 1130.0, 1130.0, 1131.0, 1153.0, 1150.0, 1120.0, 1120.0, 1130.0, 1131.0, 1133.0, 1138.0, 1142.0, 1120.0, 1141.0, 1140.0, 1136.0, 1133.0, 1133.0, 1131.0, 1130.0, 1129.0, 1129.0, 1126.0, 1126.0, 1124.0, 1128.0, 1126.0, 1130.0, 1138.0, 1136.0, 1110.0, 1118.0, 1131.0, 1119.0, 1110.0, 1107.0, 1108.0, 1114.0, 1118.0, 1117.0, 1105.0, 1097.0, 1101.0, 1117.0, 1129.0, 1103.0, 1111.0, 1090.0, 1083.0, 1086.0, 1081.0, 1089.0, 1090.0, 1096.0, 1101.0, 1099.0, 1085.0, 1105.0, 1085.0, 1102.0, 1089.0, 1104.0, 1104.0, 1105.0, 1108.0, 1102.0, 1106.0, 1106.0, 1110.0, 1111.0, 1112.0, 1105.0, 1107.0, 1098.0, 1107.0, 1105.0, 1104.0, 1098.0, 1089.0, 1078.0, 1078.0, 1083.0, 1068.0, 1085.0, 1088.0, 1061.0, 1086.0, 1125.0, 1153.0, 1176.0, 1393.0, 1433.0, 1290.0, 1024.0, 1035.0, 1026.0, 1023.0, 1034.0, 1037.0, 1030.0, 1048.0, 1034.0, 1032.0, 1034.0, 1034.0, 1024.0, 1020.0, 1020.0, 1028.0, 1017.0, 1015.0, 1024.0, 1023.0, 1023.0, 1006.0, 1025.0, 1023.0, 1019.0, 1021.0, 1017.0, 1017.0, 1025.0, 1025.0, 1041.0, 1038.0, 1031.0, 1031.0, 1043.0, 1030.0, 1054.0, 1033.0, 1039.0, 1050.0, 1041.0, 1057.0, 1064.0, 1066.0, 1087.0, 1068.0, 1062.0, 1082.0, 1073.0, 1066.0, 1069.0, 1076.0, 1076.0, 1069.0, 1064.0, 1101.0, 1089.0, 1067.0, 1070.0, 1069.0, 1067.0, 1081.0, 1074.0, 1073.0, 1072.0, 1078.0, 1076.0, 1080.0, 1080.0, 1086.0, 1084.0, 1087.0, 1079.0, 1102.0, 1075.0, 1078.0, 1102.0, 1101.0, 1076.0, 1084.0, 1077.0, 1078.0, 1087.0, 1094.0, 1086.0, 1093.0, 1087.0, 1087.0, 1086.0, 1091.0, 1093.0, 1097.0, 1095.0, 1094.0, 1090.0, 1089.0, 1093.0, 1098.0, 1106.0, 1103.0, 1105.0, 1098.0, 1098.0, 1111.0, 1126.0, 1113.0, 1122.0, 1125.0, 1108.0, 1106.0, 1109.0, 1101.0, 1108.0, 1102.0, 1110.0, 1103.0, 1112.0, 1096.0, 1103.0, 1100.0, 1099.0, 1100.0, 1109.0, 1117.0, 1109.0, 1112.0, 1110.0, 1111.0, 1104.0, 1106.0, 1108.0, 1104.0, 1093.0, 1113.0, 1109.0, 1103.0, 1092.0, 1105.0, 1118.0, 1112.0, 1114.0, 1102.0, 1105.0, 1104.0, 1096.0, 1110.0, 1112.0, 1118.0, 1114.0, 1105.0, 1095.0, 1093.0, 1107.0, 1100.0, 1091.0, 1099.0, 1094.0, 1086.0, 1112.0, 1115.0, 1094.0, 1085.0, 1097.0, 1100.0, 1103.0, 1106.0, 1116.0, 1111.0, 1122.0, 1114.0, 1127.0, 1124.0, 1111.0, 1110.0, 1122.0, 1119.0, 1117.0, 1132.0, 1139.0, 1131.0, 1129.0, 1135.0, 1135.0, 1141.0, 1147.0, 1170.0, 1170.0, 1136.0, 1130.0, 1155.0, 1140.0, 1135.0, 1109.0, 1138.0, 1115.0, 1148.0, 1114.0, 1129.0, 1140.0, 1155.0, 1162.0, 1176.0, 1183.0, 1192.0, 1211.0, 1213.0, 1222.0, 1232.0, 1241.0, 1223.0, 1230.0, 1240.0, 1268.0, 1252.0, 1256.0, 1289.0, 1283.0, 1286.0, 1310.0, 1303.0, 1315.0, 1326.0, 1317.0, 1357.0, 1342.0, 1393.0, 1412.0, 1419.0, 1423.0, 1404.0, 1403.0, 1403.0, 1389.0, 1363.0, 1368.0, 1377.0, 1371.0, 1375.0, 1375.0, 1385.0, 1409.0, 1388.0, 1397.0, 1411.0, 1419.0, 1426.0, 1437.0, 1443.0, 1437.0, 1433.0, 1454.0, 1461.0, 1462.0, 1457.0, 1448.0, 1477.0, 1473.0, 1493.0, 1482.0, 1504.0, 1500.0, 1496.0, 1500.0, 1494.0, 1508.0, 1540.0, 1529.0, 1535.0, 1524.0, 1542.0, 1546.0, 1549.0, 1553.0, 1573.0, 1572.0, 1572.0, 1585.0, 1588.0, 1608.0, 1608.0, 1611.0, 1612.0, 1629.0, 1643.0, 1633.0, 1676.0, 1652.0, 1659.0, 1666.0, 1666.0, 1661.0, 1655.0, 1656.0, 1663.0, 1676.0, 1682.0, 1690.0, 1690.0, 1670.0, 1675.0, 1680.0, 1696.0, 1693.0, 1690.0, 1687.0, 1686.0, 1688.0, 1693.0, 1699.0, 1693.0, 1697.0, 1703.0, 1704.0, 1705.0, 1709.0, 1708.0, 1708.0, 1715.0, 1723.0, 1736.0, 1710.0, 1726.0, 1750.0, 1761.0, 1747.0, 1738.0, 1727.0, 1732.0, 1746.0, 1738.0, 1732.0, 1737.0, 1731.0, 1776.0, 1769.0, 1738.0, 1742.0, 1735.0, 1736.0, 1720.0, 1719.0, 1727.0, 1722.0, 1720.0, 1721.0, 1712.0, 1721.0, 1720.0, 1726.0, 1730.0, 1723.0, 1722.0, 1726.0, 1732.0, 1728.0, 1728.0, 1730.0, 1724.0, 1725.0, 1724.0, 1742.0, 1742.0, 1715.0, 1724.0, 1729.0, 1709.0, 1729.0, 1717.0, 1704.0, 1694.0, 1718.0, 1718.0, 1709.0, 1700.0, 1703.0, 1705.0, 1727.0, 1717.0, 1727.0, 1729.0, 1714.0, 1700.0, 1695.0, 1708.0, 1714.0, 1720.0, 1704.0, 1680.0, 1670.0, 1687.0, 1673.0, 1668.0, 1673.0, 1682.0, 1681.0, 1684.0, 1678.0, 1678.0, 1693.0, 1682.0, 1680.0, 1679.0, 1674.0, 1668.0, 1662.0, 1673.0, 1662.0, 1659.0, 1659.0, 1666.0, 1644.0, 1631.0, 1638.0, 1637.0, 1630.0, 1615.0, 1634.0, 1616.0, 1634.0, 1644.0, 1635.0, 1621.0, 1612.0, 1612.0, 1617.0, 1629.0, 1608.0, 1617.0, 1626.0, 1613.0, 1604.0, 1604.0, 1608.0, 1601.0, 1616.0, 1603.0, 1595.0, 1590.0, 1571.0, 1574.0, 1572.0, 1565.0, 1565.0, 1558.0, 1558.0, 1527.0, 1532.0, 1520.0, 1525.0, 1525.0, 1524.0, 1512.0, 1496.0, 1509.0, 1522.0, 1522.0, 1488.0, 1505.0, 1483.0, 1478.0, 1479.0, 1473.0, 1469.0, 1463.0, 1462.0, 1473.0, 1467.0, 1467.0, 1457.0, 1461.0, 1457.0, 1457.0, 1473.0, 1413.0, 1407.0, 1420.0, 1447.0, 1427.0, 1424.0, 1415.0, 1408.0, 1407.0, 1395.0, 1381.0, 1374.0, 1388.0, 1368.0, 1385.0, 1371.0, 1369.0, 1363.0, 1360.0, 1314.0, 1318.0, 1347.0, 1344.0, 1351.0, 1351.0, 1324.0, 1329.0, 1319.0, 1324.0, 1337.0, 1322.0, 1322.0, 1298.0, 1284.0, 1303.0, 1308.0, 1308.0, 1287.0, 1293.0, 1294.0, 1294.0, 1286.0, 1266.0, 1257.0, 1266.0, 1280.0, 1264.0, 1252.0, 1262.0, 1258.0, 1236.0, 1270.0, 1251.0, 1251.0, 1240.0, 1232.0, 1237.0, 1229.0, 1237.0, 1213.0, 1200.0, 1226.0, 1226.0, 1215.0, 1202.0, 1200.0, 1210.0, 1221.0, 1206.0, 1193.0, 1196.0, 1196.0, 1193.0, 1192.0, 1196.0, 1196.0, 1202.0, 1191.0, 1194.0, 1201.0, 1199.0, 1185.0, 1188.0, 1185.0, 1185.0, 1187.0, 1191.0, 1192.0, 1186.0, 1191.0, 1191.0, 1209.0, 1206.0, 1208.0, 1207.0, 1214.0, 1226.0, 1219.0, 1218.0, 1228.0, 1232.0, 1221.0, 1220.0, 1217.0, 1207.0, 1224.0, 1202.0, 1197.0, 1202.0, 1208.0, 1215.0, 1228.0, 1228.0, 1238.0, 1223.0, 1216.0, 1209.0, 1191.0, 1168.0, 1178.0, 1168.0, 1167.0, 1167.0, 1167.0, 1174.0, 1167.0, 1164.0, 1164.0, 1207.0, 1219.0, 1211.0, 1227.0, 1234.0, 1226.0, 1215.0, 1183.0, 1203.0, 1197.0, 1201.0, 1191.0, 1197.0, 1178.0, 1174.0, 1195.0, 1203.0, 1191.0, 1189.0, 1199.0, 1197.0, 1180.0, 1202.0, 1235.0, 1230.0, 1234.0, 1221.0, 1244.0, 1245.0, 1272.0, 1253.0, 1270.0, 1229.0, 1282.0, 1283.0, 1253.0, 1253.0, 1252.0, 1264.0, 1276.0, 1270.0, 1285.0, 1270.0, 1268.0, 1271.0, 1271.0, 1265.0, 1274.0, 1285.0, 1282.0, 1281.0, 1305.0, 1288.0, 1290.0, 1293.0, 1293.0, 1290.0, 1295.0, 1294.0, 1289.0, 1297.0, 1307.0, 1323.0, 1326.0, 1331.0, 1327.0, 1326.0, 1326.0, 1327.0, 1311.0, 1329.0, 1337.0, 1332.0, 1323.0, 1340.0, 1333.0, 1336.0, 1338.0, 1332.0, 1330.0, 1332.0, 1329.0, 1335.0, 1327.0, 1326.0, 1323.0, 1323.0, 1343.0, 1328.0]