header: 
  seq: 1857
  stamp: 
    secs: 1548820803
    nsecs: 605011993
  frame_id: "base_link"
angle_min: -2.35619449615
angle_max: 2.35619449615
angle_increment: 0.00436332309619
time_increment: 1.73611151695e-05
scan_time: 0.0250000003725
range_min: 0.019999999553
range_max: 30.0
ranges: [0.5699999928474426, 0.5709999799728394, 0.6010000109672546, 0.6140000224113464, 0.6140000224113464, 0.6159999966621399, 0.6240000128746033, 0.6150000095367432, 0.6119999885559082, 0.6119999885559082, 0.5960000157356262, 0.5910000205039978, 0.5699999928474426, 0.5490000247955322, 0.515999972820282, 0.460999995470047, 0.3869999945163727, 0.33500000834465027, 0.23399999737739563, 0.2540000081062317, 0.3529999852180481, 0.41600000858306885, 0.47099998593330383, 0.4950000047683716, 0.4880000054836273, 0.4779999852180481, 0.47699999809265137, 0.47099998593330383, 0.46799999475479126, 0.453000009059906, 0.44699999690055847, 0.4390000104904175, 0.43299999833106995, 0.4309999942779541, 0.4269999861717224, 0.4129999876022339, 0.40299999713897705, 0.4059999883174896, 0.4000000059604645, 0.39899998903274536, 0.38499999046325684, 0.38100001215934753, 0.3779999911785126, 0.3709999918937683, 0.36500000953674316, 0.36500000953674316, 0.3619999885559082, 0.35899999737739563, 0.3479999899864197, 0.3580000102519989, 0.3580000102519989, 0.34299999475479126, 0.335999995470047, 0.3370000123977661, 0.3370000123977661, 0.3240000009536743, 0.32199999690055847, 0.3240000009536743, 0.32199999690055847, 0.3179999887943268, 0.3160000145435333, 0.3160000145435333, 0.30799999833106995, 0.30799999833106995, 0.3089999854564667, 0.30399999022483826, 0.3009999990463257, 0.2930000126361847, 0.29100000858306885, 0.2919999957084656, 0.289000004529953, 0.2800000011920929, 0.27799999713897705, 0.2800000011920929, 0.28200000524520874, 0.2840000092983246, 0.28200000524520874, 0.2849999964237213, 0.2809999883174896, 0.2759999930858612, 0.2669999897480011, 0.2639999985694885, 0.25999999046325684, 0.257999986410141, 0.25699999928474426, 0.25699999928474426, 0.25699999928474426, 0.25999999046325684, 0.25600001215934753, 0.2549999952316284, 0.2529999911785126, 0.25600001215934753, 0.2540000081062317, 0.2529999911785126, 0.24699999392032623, 0.24500000476837158, 0.24500000476837158, 0.24500000476837158, 0.23999999463558197, 0.23899999260902405, 0.23899999260902405, 0.24300000071525574, 0.24400000274181366, 0.24300000071525574, 0.24300000071525574, 0.23899999260902405, 0.23399999737739563, 0.2370000034570694, 0.23899999260902405, 0.23499999940395355, 0.23399999737739563, 0.23100000619888306, 0.23000000417232513, 0.2329999953508377, 0.2329999953508377, 0.23399999737739563, 0.23399999737739563, 0.23600000143051147, 0.2409999966621399, 0.24400000274181366, 0.2370000034570694, 0.23199999332427979, 0.23399999737739563, 0.2370000034570694, 0.23100000619888306, 0.23199999332427979, 0.23600000143051147, 0.23999999463558197, 0.23199999332427979, 0.23199999332427979, 0.23199999332427979, 0.23199999332427979, 0.23600000143051147, 0.23499999940395355, 0.2329999953508377, 0.23000000417232513, 0.2370000034570694, 0.2370000034570694, 0.23100000619888306, 0.22599999606609344, 0.2240000069141388, 0.22699999809265137, 0.2280000001192093, 0.23600000143051147, 0.2370000034570694, 0.23600000143051147, 0.22100000083446503, 0.22200000286102295, 0.22699999809265137, 0.23600000143051147, 0.2370000034570694, 0.23600000143051147, 0.23600000143051147, 0.23399999737739563, 0.23199999332427979, 0.22200000286102295, 0.2329999953508377, 0.2329999953508377, 0.23600000143051147, 0.23499999940395355, 0.2329999953508377, 0.2290000021457672, 0.23100000619888306, 0.2329999953508377, 0.23199999332427979, 0.23499999940395355, 0.23499999940395355, 0.2329999953508377, 0.2329999953508377, 0.23499999940395355, 0.23100000619888306, 0.22499999403953552, 0.2240000069141388, 0.2240000069141388, 0.2280000001192093, 0.23100000619888306, 0.23100000619888306, 0.23100000619888306, 0.22599999606609344, 0.22599999606609344, 0.22699999809265137, 0.22699999809265137, 0.23000000417232513, 0.2280000001192093, 0.22499999403953552, 0.2290000021457672, 0.22699999809265137, 0.22599999606609344, 0.2199999988079071, 0.22300000488758087, 0.22699999809265137, 0.2290000021457672, 0.22699999809265137, 0.2290000021457672, 0.22699999809265137, 0.23000000417232513, 0.23399999737739563, 0.24199999868869781, 0.24400000274181366, 0.23999999463558197, 0.2329999953508377, 0.23600000143051147, 0.23499999940395355, 0.23800000548362732, 0.23600000143051147, 0.23899999260902405, 0.23399999737739563, 0.23399999737739563, 0.23899999260902405, 0.24799999594688416, 0.24799999594688416, 0.24500000476837158, 0.24500000476837158, 0.24199999868869781, 0.24500000476837158, 0.25, 0.25699999928474426, 0.2619999945163727, 0.2619999945163727, 0.2619999945163727, 0.2619999945163727, 0.2639999985694885, 0.26899999380111694, 0.2680000066757202, 0.27000001072883606, 0.27000001072883606, 0.2639999985694885, 0.2750000059604645, 0.2750000059604645, 0.27399998903274536, 0.2800000011920929, 0.2800000011920929, 0.28299999237060547, 0.2800000011920929, 0.2849999964237213, 0.28700000047683716, 0.28999999165534973, 0.28999999165534973, 0.28999999165534973, 0.29499998688697815, 0.296999990940094, 0.2980000078678131, 0.3019999861717224, 0.3059999942779541, 0.3109999895095825, 0.3160000145435333, 0.3230000138282776, 0.32199999690055847, 0.32499998807907104, 0.3319999873638153, 0.33799999952316284, 0.34200000762939453, 0.3440000116825104, 0.3569999933242798, 0.35899999737739563, 0.36899998784065247, 0.37400001287460327, 0.3779999911785126, 0.38100001215934753, 0.3880000114440918, 0.39399999380111694, 0.4000000059604645, 0.4099999964237213, 0.41999998688697815, 0.42399999499320984, 0.4259999990463257, 0.43299999833106995, 0.4429999887943268, 0.4560000002384186, 0.460999995470047, 0.4699999988079071, 0.47699999809265137, 0.4869999885559082, 0.4970000088214874, 0.5019999742507935, 0.5180000066757202, 0.5220000147819519, 0.5370000004768372, 0.5509999990463257, 0.5580000281333923, 0.5770000219345093, 0.5839999914169312, 0.5920000076293945, 0.6190000176429749, 0.628000020980835, 0.656000018119812, 0.6700000166893005, 0.6909999847412109, 0.7160000205039978, 0.7260000109672546, 0.7540000081062317, 0.7749999761581421, 0.8080000281333923, 0.8259999752044678, 0.8569999933242798, 0.8799999952316284, 0.9279999732971191, 0.9769999980926514, 1.003000020980835, 1.0670000314712524, 1.1200000047683716, 1.1640000343322754, 1.2239999771118164, 1.2910000085830688, 1.3660000562667847, 1.4789999723434448, 1.5859999656677246, 1.6759999990463257, 1.7580000162124634, 1.9240000247955322, 2.7019999027252197, 2.7109999656677246, 2.7139999866485596, 2.7209999561309814, 2.7209999561309814, 2.7219998836517334, 2.7149999141693115, 2.7200000286102295, 2.7179999351501465, 2.7160000801086426, 2.7119998931884766, 2.7119998931884766, 2.7119998931884766, 2.7119998931884766, 2.7160000801086426, 2.7149999141693115, 2.7109999656677246, 2.7070000171661377, 2.7060000896453857, 2.7039999961853027, 2.693000078201294, 2.687999963760376, 2.696000099182129, 2.696000099182129, 2.691999912261963, 2.697000026702881, 2.690999984741211, 2.691999912261963, 2.688999891281128, 2.687000036239624, 2.680999994277954, 2.6730000972747803, 2.6740000247955322, 2.6700000762939453, 2.6659998893737793, 2.6600000858306885, 2.6579999923706055, 2.6500000953674316, 2.6440000534057617, 2.6489999294281006, 2.6459999084472656, 2.638000011444092, 2.624000072479248, 2.614000082015991, 2.621000051498413, 2.61299991607666, 2.6089999675750732, 2.5920000076293945, 2.5920000076293945, 2.5959999561309814, 2.5899999141693115, 2.5810000896453857, 2.575000047683716, 2.565999984741211, 2.562000036239624, 2.555000066757202, 2.5510001182556152, 2.546999931335449, 2.5260000228881836, 2.5230000019073486, 2.5179998874664307, 2.513000011444092, 2.506999969482422, 2.505000114440918, 2.500999927520752, 2.4839999675750732, 2.4660000801086426, 2.4609999656677246, 2.4579999446868896, 2.4549999237060547, 2.446000099182129, 2.436000108718872, 2.4200000762939453, 2.4119999408721924, 2.4040000438690186, 2.3959999084472656, 2.384999990463257, 2.378999948501587, 2.371999979019165, 2.36299991607666, 2.3499999046325684, 2.3310000896453857, 2.325000047683716, 2.312000036239624, 2.305000066757202, 2.296999931335449, 2.2790000438690186, 2.265000104904175, 2.253999948501587, 2.2309999465942383, 2.2260000705718994, 2.2239999771118164, 2.2100000381469727, 2.194999933242798, 2.187999963760376, 2.174999952316284, 2.1570000648498535, 2.1429998874664307, 2.121999979019165, 2.0999999046325684, 2.0889999866485596, 2.0820000171661377, 2.065000057220459, 2.0480000972747803, 2.0329999923706055, 2.00600004196167, 1.972000002861023, 1.9630000591278076, 1.9529999494552612, 1.9299999475479126, 1.909000039100647, 1.899999976158142, 1.871000051498413, 1.8569999933242798, 1.8320000171661377, 1.8179999589920044, 1.8079999685287476, 1.7899999618530273, 1.7680000066757202, 1.7480000257492065, 1.7350000143051147, 1.7230000495910645, 1.7089999914169312, 1.690000057220459, 1.6759999990463257, 1.6629999876022339, 1.6510000228881836, 1.6430000066757202, 1.6299999952316284, 1.6069999933242798, 1.5920000076293945, 1.5829999446868896, 1.5720000267028809, 1.5529999732971191, 1.5449999570846558, 1.5329999923706055, 1.5290000438690186, 1.5140000581741333, 1.5069999694824219, 1.49399995803833, 1.4880000352859497, 1.4739999771118164, 1.4709999561309814, 1.4450000524520874, 1.4390000104904175, 1.4359999895095825, 1.4279999732971191, 1.4149999618530273, 1.4010000228881836, 1.3980000019073486, 1.3899999856948853, 1.378000020980835, 1.3700000047683716, 1.3530000448226929, 1.3459999561309814, 1.3380000591278076, 1.3329999446868896, 1.3289999961853027, 1.3109999895095825, 1.3070000410079956, 1.3020000457763672, 1.2920000553131104, 1.2860000133514404, 1.2790000438690186, 1.2669999599456787, 1.2649999856948853, 1.2599999904632568, 1.2489999532699585, 1.2369999885559082, 1.2350000143051147, 1.2300000190734863, 1.2289999723434448, 1.218999981880188, 1.215000033378601, 1.2079999446868896, 1.2020000219345093, 1.1979999542236328, 1.187000036239624, 1.1749999523162842, 1.1749999523162842, 1.1749999523162842, 1.1610000133514404, 1.1610000133514404, 1.1519999504089355, 1.1549999713897705, 1.1490000486373901, 1.1419999599456787, 1.1339999437332153, 1.1260000467300415, 1.121000051498413, 1.11899995803833, 1.1100000143051147, 1.1069999933242798, 1.1059999465942383, 1.0980000495910645, 1.0950000286102295, 1.0889999866485596, 1.0859999656677246, 1.0829999446868896, 1.0759999752044678, 1.0759999752044678, 1.0679999589920044, 1.0679999589920044, 1.062000036239624, 1.0579999685287476, 1.0579999685287476, 1.0520000457763672, 1.0520000457763672, 1.0520000457763672, 1.0449999570846558, 1.0360000133514404, 1.031999945640564, 1.0290000438690186, 1.0260000228881836, 1.0230000019073486, 1.0219999551773071, 1.0210000276565552, 1.003999948501587, 1.0019999742507935, 1.0019999742507935, 1.0019999742507935, 0.9909999966621399, 0.9909999966621399, 0.9909999966621399, 0.9890000224113464, 0.984000027179718, 0.9810000061988831, 0.9779999852180481, 0.9779999852180481, 0.968999981880188, 0.9679999947547913, 0.9660000205039978, 0.9610000252723694, 0.9589999914169312, 0.9580000042915344, 0.9559999704360962, 0.9480000138282776, 0.953000009059906, 0.9470000267028809, 0.9509999752044678, 0.9449999928474426, 0.9430000185966492, 0.9409999847412109, 0.9350000023841858, 0.9340000152587891, 0.9290000200271606, 0.9300000071525574, 0.9300000071525574, 0.9279999732971191, 0.925000011920929, 0.9229999780654907, 0.9210000038146973, 0.9120000004768372, 0.9089999794960022, 0.9070000052452087, 0.9070000052452087, 0.8999999761581421, 0.8989999890327454, 0.8970000147819519, 0.8970000147819519, 0.8930000066757202, 0.8920000195503235, 0.8920000195503235, 0.890999972820282, 0.8840000033378601, 0.8870000243186951, 0.8799999952316284, 0.8899999856948853, 0.878000020980835, 0.8799999952316284, 0.878000020980835, 0.8899999856948853, 0.8759999871253967, 0.8690000176429749, 0.8679999709129333, 0.8650000095367432, 0.8650000095367432, 0.8629999756813049, 0.8629999756813049, 0.8629999756813049, 0.8600000143051147, 0.8569999933242798, 0.8569999933242798, 0.8569999933242798, 0.8569999933242798, 0.8519999980926514, 0.8450000286102295, 0.847000002861023, 0.8450000286102295, 0.8519999980926514, 0.8560000061988831, 0.8550000190734863, 0.8479999899864197, 0.8429999947547913, 0.8389999866485596, 0.8399999737739563, 0.8410000205039978, 0.8410000205039978, 0.8339999914169312, 0.8339999914169312, 0.8420000076293945, 0.8399999737739563, 0.8389999866485596, 0.8349999785423279, 0.8339999914169312, 0.8339999914169312, 0.8339999914169312, 0.8299999833106995, 0.8299999833106995, 0.828000009059906, 0.8259999752044678, 0.8259999752044678, 0.8299999833106995, 0.8270000219345093, 0.8230000138282776, 0.8220000267028809, 0.8220000267028809, 0.8220000267028809, 0.8220000267028809, 0.8130000233650208, 0.8180000185966492, 0.8220000267028809, 0.8209999799728394, 0.8190000057220459, 0.8169999718666077, 0.8149999976158142, 0.8169999718666077, 0.8180000185966492, 0.8130000233650208, 0.8190000057220459, 0.8190000057220459, 0.8140000104904175, 0.8050000071525574, 0.8050000071525574, 0.8029999732971191, 0.8009999990463257, 0.7990000247955322, 0.7990000247955322, 0.8050000071525574, 0.8069999814033508, 0.8100000023841858, 0.8069999814033508, 0.8059999942779541, 0.8059999942779541, 0.8059999942779541, 0.8059999942779541, 0.8059999942779541, 0.8040000200271606, 0.8019999861717224, 0.7950000166893005, 0.7979999780654907, 0.8050000071525574, 0.8040000200271606, 0.800000011920929, 0.800000011920929, 0.8019999861717224, 0.7990000247955322, 0.7929999828338623, 0.7929999828338623, 0.7960000038146973, 0.7940000295639038, 0.7889999747276306, 0.7870000004768372, 0.7870000004768372, 0.7879999876022339, 0.7900000214576721, 0.7919999957084656, 0.7940000295639038, 0.7929999828338623, 0.7940000295639038, 0.7900000214576721, 0.7870000004768372, 0.7870000004768372, 0.7860000133514404, 0.7860000133514404, 0.7870000004768372, 0.7870000004768372, 0.7850000262260437, 0.7879999876022339, 0.7820000052452087, 0.7820000052452087, 0.7799999713897705, 0.781000018119812, 0.781000018119812, 0.781000018119812, 0.781000018119812, 0.7820000052452087, 0.781000018119812, 0.781000018119812, 0.781000018119812, 0.781000018119812, 0.7739999890327454, 0.7689999938011169, 0.7689999938011169, 0.7689999938011169, 0.7689999938011169, 0.7710000276565552, 0.7710000276565552, 0.7720000147819519, 0.7730000019073486, 0.7689999938011169, 0.7639999985694885, 0.7620000243186951, 0.7609999775886536, 0.7630000114440918, 0.7590000033378601, 0.7580000162124634, 0.7580000162124634, 0.765999972820282, 0.765999972820282, 0.7649999856948853, 0.7649999856948853, 0.7639999985694885, 0.7670000195503235, 0.7620000243186951, 0.7620000243186951, 0.7599999904632568, 0.7609999775886536, 0.7609999775886536, 0.7609999775886536, 0.7609999775886536, 0.7620000243186951, 0.7570000290870667, 0.7630000114440918, 0.7570000290870667, 0.7549999952316284, 0.753000020980835, 0.7570000290870667, 0.7590000033378601, 0.7580000162124634, 0.7540000081062317, 0.7509999871253967, 0.746999979019165, 0.7509999871253967, 0.7509999871253967, 0.7509999871253967, 0.75, 0.753000020980835, 0.7509999871253967, 0.753000020980835, 0.753000020980835, 0.7549999952316284, 0.7549999952316284, 0.7509999871253967, 0.7490000128746033, 0.7459999918937683, 0.7450000047683716, 0.7459999918937683, 0.7450000047683716, 0.7429999709129333, 0.7429999709129333, 0.7450000047683716, 0.7440000176429749, 0.7440000176429749, 0.7459999918937683, 0.7519999742507935, 0.7519999742507935, 0.7519999742507935, 0.746999979019165, 0.7440000176429749, 0.7390000224113464, 0.7350000143051147, 0.7390000224113464, 0.7429999709129333, 0.7419999837875366, 0.7419999837875366, 0.7450000047683716, 0.7450000047683716, 0.7419999837875366, 0.7440000176429749, 0.746999979019165, 0.7459999918937683, 0.7390000224113464, 0.7350000143051147, 0.7350000143051147, 0.7429999709129333, 0.7429999709129333, 0.7429999709129333, 0.7459999918937683, 0.7390000224113464, 0.7419999837875366, 0.7419999837875366, 0.7440000176429749, 0.7440000176429749, 0.7429999709129333, 0.7390000224113464, 0.7390000224113464, 0.7419999837875366, 0.7429999709129333, 0.7429999709129333, 0.7390000224113464, 0.7350000143051147, 0.7369999885559082, 0.7390000224113464, 0.7390000224113464, 0.7379999756813049, 0.7329999804496765, 0.7310000061988831, 0.7310000061988831, 0.7319999933242798, 0.7319999933242798, 0.7350000143051147, 0.7350000143051147, 0.7360000014305115, 0.7379999756813049, 0.7360000014305115, 0.7350000143051147, 0.7329999804496765, 0.7310000061988831, 0.7319999933242798, 0.7319999933242798, 0.7289999723434448, 0.7269999980926514, 0.7250000238418579, 0.7250000238418579, 0.7269999980926514, 0.7329999804496765, 0.7329999804496765, 0.7319999933242798, 0.7329999804496765, 0.734000027179718, 0.734000027179718, 0.7310000061988831, 0.7310000061988831, 0.7310000061988831, 0.7300000190734863, 0.7300000190734863, 0.7229999899864197, 0.7260000109672546, 0.7310000061988831, 0.7319999933242798, 0.7319999933242798, 0.734000027179718, 0.734000027179718, 0.7269999980926514, 0.7289999723434448, 0.7269999980926514, 0.7310000061988831, 0.7310000061988831, 0.7300000190734863, 0.7289999723434448, 0.7310000061988831, 0.7279999852180481, 0.7250000238418579, 0.7289999723434448, 0.7360000014305115, 0.7360000014305115, 0.7350000143051147, 0.7329999804496765, 0.7300000190734863, 0.7310000061988831, 0.7289999723434448, 0.7279999852180481, 0.7279999852180481, 0.7279999852180481, 0.7279999852180481, 0.7279999852180481, 0.7269999980926514, 0.7239999771118164, 0.7250000238418579, 0.7250000238418579, 0.7289999723434448, 0.7310000061988831, 0.7310000061988831, 0.7310000061988831, 0.7310000061988831, 0.7279999852180481, 0.7289999723434448, 0.7289999723434448, 0.7279999852180481, 0.7239999771118164, 0.7239999771118164, 0.7279999852180481, 0.7300000190734863, 0.7329999804496765, 0.7260000109672546, 0.7260000109672546, 0.7279999852180481, 0.7289999723434448, 0.7289999723434448, 0.7289999723434448, 0.7289999723434448, 0.7250000238418579, 0.7210000157356262, 0.7239999771118164, 0.7239999771118164, 0.7239999771118164, 0.7279999852180481, 0.7279999852180481, 0.7289999723434448, 0.7279999852180481, 0.7239999771118164, 0.7200000286102295, 0.7170000076293945, 0.7210000157356262, 0.7279999852180481, 0.7289999723434448, 0.7269999980926514, 0.7229999899864197, 0.7239999771118164, 0.7300000190734863, 0.7319999933242798, 0.7269999980926514, 0.7250000238418579, 0.7250000238418579, 0.7260000109672546, 0.7269999980926514, 0.7239999771118164, 0.7239999771118164, 0.7260000109672546, 0.7269999980926514, 0.7289999723434448, 0.7260000109672546, 0.7279999852180481, 0.7260000109672546, 0.7279999852180481, 0.7279999852180481, 0.7279999852180481, 0.7289999723434448, 0.7200000286102295, 0.7229999899864197, 0.7229999899864197, 0.7260000109672546, 0.7260000109672546, 0.7279999852180481, 0.7260000109672546, 0.7200000286102295, 0.7170000076293945, 0.722000002861023, 0.7289999723434448, 0.7329999804496765, 0.7279999852180481, 0.7250000238418579, 0.7310000061988831, 0.7379999756813049, 0.734000027179718, 0.7279999852180481, 0.7279999852180481, 0.7279999852180481, 0.7300000190734863, 0.7300000190734863, 0.7229999899864197, 0.722000002861023, 0.722000002861023, 0.7210000157356262, 0.7260000109672546, 0.7329999804496765, 0.734000027179718, 0.7310000061988831, 0.7300000190734863, 0.7289999723434448, 0.7300000190734863, 0.7289999723434448, 0.7279999852180481, 0.7279999852180481, 0.7279999852180481, 0.7250000238418579, 0.7250000238418579, 0.7300000190734863, 0.7360000014305115, 0.7360000014305115, 0.7350000143051147, 0.734000027179718, 0.734000027179718, 0.7319999933242798, 0.7310000061988831, 0.7329999804496765, 0.7419999837875366, 0.7409999966621399, 0.7360000014305115, 0.734000027179718, 0.7269999980926514, 0.7269999980926514, 0.7300000190734863, 0.7350000143051147, 0.7279999852180481, 0.7279999852180481, 0.7310000061988831, 0.7350000143051147, 0.7310000061988831, 0.7300000190734863, 0.7250000238418579, 0.7300000190734863, 0.7310000061988831, 0.734000027179718, 0.734000027179718, 0.734000027179718, 0.7329999804496765, 0.7350000143051147, 0.7350000143051147, 0.7379999756813049, 0.7379999756813049, 0.7390000224113464, 0.7350000143051147, 0.7350000143051147, 0.7289999723434448, 0.7310000061988831, 0.7289999723434448, 0.7279999852180481, 0.7279999852180481, 0.7279999852180481, 0.7279999852180481, 0.7360000014305115, 0.7319999933242798, 0.7300000190734863, 0.7319999933242798, 0.7279999852180481, 0.7289999723434448, 0.7279999852180481, 0.7319999933242798, 0.7329999804496765, 0.7260000109672546, 0.7200000286102295, 0.7239999771118164, 0.7250000238418579, 0.7260000109672546, 0.7289999723434448, 0.7250000238418579, 0.7210000157356262, 0.722000002861023, 0.7210000157356262, 0.7179999947547913, 0.7149999737739563, 0.7139999866485596, 0.7149999737739563, 0.7149999737739563, 0.7160000205039978, 0.7229999899864197, 0.7250000238418579, 0.722000002861023, 0.7179999947547913, 0.7179999947547913, 0.7179999947547913, 0.718999981880188, 0.718999981880188, 0.718999981880188, 0.7120000123977661, 0.7160000205039978, 0.7160000205039978, 0.7129999995231628, 0.7039999961853027, 0.7049999833106995, 0.7089999914169312, 0.7110000252723694, 0.7080000042915344, 0.7020000219345093, 0.6959999799728394, 0.6990000009536743, 0.6980000138282776, 0.703000009059906, 0.6990000009536743, 0.7120000123977661, 0.7089999914169312, 0.7089999914169312, 0.703000009059906, 0.7009999752044678, 0.7099999785423279, 0.7170000076293945, 0.7269999980926514, 0.7269999980926514, 0.7200000286102295, 0.718999981880188, 0.7179999947547913, 0.7179999947547913, 0.7170000076293945, 0.722000002861023, 0.7239999771118164, 0.7239999771118164, 0.7250000238418579, 0.7260000109672546, 0.7170000076293945]
intensities: [950.0, 952.0, 957.0, 998.0, 998.0, 1019.0, 1092.0, 1084.0, 1116.0, 1116.0, 1093.0, 1088.0, 1119.0, 1116.0, 1065.0, 1057.0, 989.0, 897.0, 704.0, 742.0, 861.0, 934.0, 943.0, 949.0, 939.0, 932.0, 926.0, 923.0, 963.0, 980.0, 1064.0, 1086.0, 1115.0, 1134.0, 1136.0, 1128.0, 1132.0, 1149.0, 1161.0, 1153.0, 1137.0, 1133.0, 1131.0, 1141.0, 1140.0, 1140.0, 1137.0, 1147.0, 1126.0, 1148.0, 1143.0, 1124.0, 1106.0, 1114.0, 1110.0, 1120.0, 1134.0, 1131.0, 1120.0, 1115.0, 1129.0, 1129.0, 1120.0, 1118.0, 1124.0, 1135.0, 1115.0, 1140.0, 1142.0, 1138.0, 1122.0, 1127.0, 1117.0, 1123.0, 1130.0, 1145.0, 1127.0, 1160.0, 1156.0, 1166.0, 1138.0, 1106.0, 1107.0, 1119.0, 1126.0, 1116.0, 1105.0, 1123.0, 1113.0, 1130.0, 1120.0, 1130.0, 1116.0, 1103.0, 1120.0, 1121.0, 1121.0, 1131.0, 1101.0, 1121.0, 1121.0, 1149.0, 1157.0, 1150.0, 1150.0, 1146.0, 1168.0, 1154.0, 1168.0, 1142.0, 1152.0, 1160.0, 1160.0, 1168.0, 1168.0, 1185.0, 1180.0, 1180.0, 1184.0, 1189.0, 1191.0, 1181.0, 1197.0, 1204.0, 1196.0, 1207.0, 1211.0, 1212.0, 1202.0, 1207.0, 1207.0, 1207.0, 1210.0, 1203.0, 1200.0, 1197.0, 1208.0, 1208.0, 1208.0, 1203.0, 1201.0, 1235.0, 1222.0, 1246.0, 1232.0, 1239.0, 1233.0, 1222.0, 1211.0, 1234.0, 1254.0, 1242.0, 1242.0, 1226.0, 1232.0, 1224.0, 1234.0, 1234.0, 1226.0, 1227.0, 1237.0, 1223.0, 1221.0, 1221.0, 1216.0, 1235.0, 1235.0, 1212.0, 1212.0, 1226.0, 1217.0, 1203.0, 1183.0, 1183.0, 1202.0, 1198.0, 1198.0, 1198.0, 1165.0, 1165.0, 1173.0, 1176.0, 1172.0, 1161.0, 1141.0, 1129.0, 1138.0, 1135.0, 1131.0, 1121.0, 1117.0, 1122.0, 1093.0, 1106.0, 1093.0, 1114.0, 1120.0, 1113.0, 1114.0, 1115.0, 1104.0, 1116.0, 1103.0, 1103.0, 1105.0, 1123.0, 1076.0, 1066.0, 1080.0, 1109.0, 1109.0, 1117.0, 1117.0, 1096.0, 1085.0, 1083.0, 1104.0, 1113.0, 1113.0, 1115.0, 1105.0, 1091.0, 1091.0, 1079.0, 1082.0, 1082.0, 1085.0, 1088.0, 1075.0, 1070.0, 1081.0, 1081.0, 1093.0, 1091.0, 1087.0, 1083.0, 1073.0, 1073.0, 1073.0, 1086.0, 1079.0, 1089.0, 1081.0, 1061.0, 993.0, 976.0, 965.0, 960.0, 967.0, 968.0, 972.0, 984.0, 987.0, 981.0, 954.0, 978.0, 978.0, 974.0, 970.0, 970.0, 971.0, 967.0, 965.0, 966.0, 962.0, 958.0, 954.0, 949.0, 945.0, 944.0, 938.0, 943.0, 934.0, 926.0, 928.0, 934.0, 924.0, 918.0, 918.0, 897.0, 920.0, 917.0, 904.0, 915.0, 912.0, 911.0, 914.0, 872.0, 883.0, 862.0, 853.0, 835.0, 826.0, 830.0, 832.0, 830.0, 805.0, 806.0, 771.0, 766.0, 782.0, 806.0, 803.0, 784.0, 780.0, 834.0, 919.0, 1140.0, 1403.0, 1371.0, 966.0, 961.0, 961.0, 957.0, 957.0, 958.0, 954.0, 956.0, 960.0, 961.0, 958.0, 959.0, 959.0, 962.0, 965.0, 963.0, 963.0, 951.0, 962.0, 963.0, 955.0, 948.0, 969.0, 971.0, 965.0, 973.0, 957.0, 975.0, 971.0, 965.0, 970.0, 965.0, 980.0, 973.0, 968.0, 961.0, 973.0, 963.0, 972.0, 990.0, 980.0, 973.0, 962.0, 956.0, 980.0, 973.0, 975.0, 969.0, 969.0, 976.0, 968.0, 965.0, 966.0, 980.0, 982.0, 987.0, 985.0, 976.0, 974.0, 986.0, 986.0, 980.0, 976.0, 984.0, 974.0, 979.0, 969.0, 960.0, 947.0, 962.0, 979.0, 966.0, 967.0, 967.0, 979.0, 966.0, 969.0, 977.0, 973.0, 970.0, 977.0, 982.0, 971.0, 969.0, 981.0, 986.0, 976.0, 972.0, 973.0, 958.0, 967.0, 967.0, 979.0, 973.0, 976.0, 970.0, 977.0, 973.0, 965.0, 943.0, 953.0, 953.0, 941.0, 944.0, 953.0, 957.0, 953.0, 942.0, 925.0, 949.0, 932.0, 948.0, 964.0, 968.0, 972.0, 965.0, 974.0, 988.0, 987.0, 980.0, 993.0, 992.0, 1025.0, 1014.0, 1016.0, 1013.0, 1021.0, 1051.0, 1028.0, 1047.0, 1045.0, 1049.0, 1064.0, 1057.0, 1076.0, 1065.0, 1090.0, 1074.0, 1073.0, 1083.0, 1097.0, 1082.0, 1118.0, 1106.0, 1111.0, 1108.0, 1108.0, 1117.0, 1104.0, 1104.0, 1116.0, 1092.0, 1101.0, 1093.0, 1092.0, 1092.0, 1100.0, 1100.0, 1104.0, 1098.0, 1108.0, 1117.0, 1112.0, 1119.0, 1134.0, 1132.0, 1137.0, 1111.0, 1132.0, 1127.0, 1134.0, 1140.0, 1119.0, 1144.0, 1153.0, 1151.0, 1149.0, 1147.0, 1150.0, 1152.0, 1162.0, 1175.0, 1177.0, 1184.0, 1200.0, 1187.0, 1203.0, 1202.0, 1202.0, 1207.0, 1214.0, 1227.0, 1230.0, 1234.0, 1231.0, 1236.0, 1222.0, 1235.0, 1242.0, 1229.0, 1233.0, 1240.0, 1240.0, 1249.0, 1266.0, 1266.0, 1254.0, 1257.0, 1280.0, 1287.0, 1282.0, 1294.0, 1299.0, 1305.0, 1301.0, 1298.0, 1313.0, 1310.0, 1319.0, 1330.0, 1330.0, 1330.0, 1344.0, 1333.0, 1371.0, 1347.0, 1350.0, 1361.0, 1362.0, 1362.0, 1365.0, 1368.0, 1375.0, 1367.0, 1362.0, 1393.0, 1392.0, 1396.0, 1410.0, 1402.0, 1412.0, 1424.0, 1421.0, 1429.0, 1433.0, 1426.0, 1434.0, 1434.0, 1441.0, 1447.0, 1448.0, 1465.0, 1455.0, 1457.0, 1470.0, 1470.0, 1471.0, 1474.0, 1473.0, 1473.0, 1479.0, 1487.0, 1490.0, 1496.0, 1503.0, 1501.0, 1515.0, 1504.0, 1515.0, 1509.0, 1512.0, 1527.0, 1516.0, 1504.0, 1512.0, 1504.0, 1514.0, 1530.0, 1522.0, 1522.0, 1531.0, 1531.0, 1548.0, 1537.0, 1537.0, 1556.0, 1531.0, 1537.0, 1541.0, 1561.0, 1572.0, 1579.0, 1578.0, 1578.0, 1582.0, 1579.0, 1582.0, 1583.0, 1586.0, 1585.0, 1595.0, 1593.0, 1602.0, 1585.0, 1584.0, 1586.0, 1589.0, 1588.0, 1578.0, 1588.0, 1589.0, 1589.0, 1590.0, 1589.0, 1602.0, 1600.0, 1620.0, 1620.0, 1608.0, 1615.0, 1617.0, 1617.0, 1615.0, 1634.0, 1614.0, 1595.0, 1605.0, 1614.0, 1611.0, 1620.0, 1609.0, 1624.0, 1632.0, 1635.0, 1635.0, 1632.0, 1632.0, 1632.0, 1630.0, 1635.0, 1638.0, 1637.0, 1657.0, 1657.0, 1654.0, 1661.0, 1656.0, 1646.0, 1648.0, 1648.0, 1655.0, 1667.0, 1661.0, 1666.0, 1668.0, 1657.0, 1656.0, 1672.0, 1670.0, 1677.0, 1671.0, 1672.0, 1673.0, 1680.0, 1675.0, 1670.0, 1668.0, 1664.0, 1663.0, 1677.0, 1678.0, 1657.0, 1657.0, 1661.0, 1660.0, 1670.0, 1670.0, 1690.0, 1689.0, 1684.0, 1688.0, 1685.0, 1678.0, 1666.0, 1666.0, 1671.0, 1680.0, 1679.0, 1678.0, 1678.0, 1678.0, 1685.0, 1686.0, 1686.0, 1690.0, 1680.0, 1689.0, 1710.0, 1692.0, 1684.0, 1681.0, 1673.0, 1671.0, 1672.0, 1674.0, 1690.0, 1684.0, 1685.0, 1687.0, 1687.0, 1693.0, 1688.0, 1683.0, 1665.0, 1660.0, 1660.0, 1641.0, 1673.0, 1670.0, 1685.0, 1685.0, 1686.0, 1652.0, 1657.0, 1652.0, 1687.0, 1670.0, 1659.0, 1688.0, 1673.0, 1677.0, 1684.0, 1679.0, 1674.0, 1673.0, 1673.0, 1666.0, 1660.0, 1658.0, 1651.0, 1651.0, 1640.0, 1667.0, 1670.0, 1662.0, 1652.0, 1650.0, 1655.0, 1652.0, 1640.0, 1636.0, 1644.0, 1644.0, 1660.0, 1673.0, 1629.0, 1633.0, 1639.0, 1640.0, 1669.0, 1654.0, 1636.0, 1644.0, 1653.0, 1625.0, 1625.0, 1633.0, 1633.0, 1625.0, 1626.0, 1649.0, 1631.0, 1626.0, 1630.0, 1625.0, 1645.0, 1645.0, 1642.0, 1629.0, 1626.0, 1615.0, 1625.0, 1625.0, 1627.0, 1625.0, 1612.0, 1611.0, 1595.0, 1592.0, 1592.0, 1614.0, 1619.0, 1622.0, 1624.0, 1610.0, 1601.0, 1605.0, 1600.0, 1603.0, 1594.0, 1594.0, 1594.0, 1594.0, 1584.0, 1585.0, 1588.0, 1584.0, 1585.0, 1561.0, 1581.0, 1581.0, 1570.0, 1586.0, 1595.0, 1592.0, 1584.0, 1574.0, 1577.0, 1574.0, 1579.0, 1552.0, 1538.0, 1540.0, 1543.0, 1546.0, 1543.0, 1541.0, 1545.0, 1527.0, 1530.0, 1528.0, 1528.0, 1496.0, 1496.0, 1503.0, 1495.0, 1509.0, 1504.0, 1509.0, 1494.0, 1491.0, 1499.0, 1484.0, 1472.0, 1481.0, 1465.0, 1465.0, 1488.0, 1459.0, 1468.0, 1476.0, 1459.0, 1469.0, 1450.0, 1438.0, 1435.0, 1427.0, 1430.0, 1451.0, 1437.0, 1430.0, 1421.0, 1422.0, 1425.0, 1427.0, 1419.0, 1427.0, 1434.0, 1441.0, 1424.0, 1417.0, 1418.0, 1418.0, 1406.0, 1399.0, 1414.0, 1414.0, 1396.0, 1380.0, 1380.0, 1383.0, 1388.0, 1381.0, 1375.0, 1374.0, 1374.0, 1370.0, 1373.0, 1373.0, 1371.0, 1371.0, 1370.0, 1373.0, 1364.0, 1368.0, 1371.0, 1371.0, 1366.0, 1346.0, 1358.0, 1360.0, 1360.0, 1364.0, 1373.0, 1368.0, 1362.0, 1362.0, 1364.0, 1364.0, 1355.0, 1350.0, 1343.0, 1332.0, 1343.0, 1354.0, 1353.0, 1358.0, 1358.0, 1345.0, 1364.0, 1358.0, 1349.0, 1349.0, 1349.0, 1339.0, 1344.0, 1344.0, 1359.0, 1360.0, 1356.0, 1360.0, 1363.0, 1367.0, 1354.0, 1368.0, 1346.0, 1341.0, 1336.0, 1336.0, 1334.0, 1348.0, 1331.0, 1340.0, 1346.0, 1331.0, 1332.0, 1339.0, 1334.0, 1353.0, 1362.0, 1348.0, 1323.0, 1336.0, 1341.0, 1341.0, 1341.0, 1334.0, 1334.0, 1346.0, 1344.0, 1344.0, 1361.0, 1366.0, 1369.0, 1362.0, 1362.0, 1363.0, 1369.0, 1366.0, 1368.0, 1369.0, 1369.0, 1369.0, 1356.0, 1370.0, 1372.0, 1369.0, 1377.0, 1380.0, 1382.0, 1377.0, 1382.0, 1373.0, 1375.0, 1369.0, 1369.0, 1372.0, 1381.0, 1388.0, 1382.0, 1374.0, 1369.0, 1380.0, 1379.0, 1380.0, 1383.0, 1386.0, 1386.0, 1384.0, 1389.0, 1382.0, 1375.0, 1396.0, 1388.0, 1369.0, 1396.0, 1391.0, 1415.0, 1422.0, 1419.0, 1421.0, 1421.0, 1421.0, 1449.0, 1443.0, 1438.0, 1434.0, 1439.0, 1436.0, 1461.0, 1448.0, 1445.0, 1442.0, 1458.0, 1476.0, 1476.0, 1461.0, 1458.0, 1451.0, 1448.0, 1468.0, 1468.0, 1461.0, 1467.0, 1467.0, 1467.0, 1476.0, 1495.0, 1495.0, 1518.0, 1490.0, 1487.0, 1513.0, 1534.0, 1536.0, 1537.0, 1536.0, 1536.0, 1538.0, 1529.0, 1530.0, 1554.0, 1556.0, 1556.0, 1542.0, 1526.0, 1544.0, 1547.0, 1505.0, 1505.0, 1523.0, 1542.0, 1549.0, 1549.0, 1566.0, 1561.0, 1555.0, 1555.0, 1544.0, 1537.0, 1558.0]