header: 
  seq: 1906
  stamp: 
    secs: 1548820804
    nsecs: 832826808
  frame_id: "base_link"
angle_min: -2.35619449615
angle_max: 2.35619449615
angle_increment: 0.00436332309619
time_increment: 1.73611151695e-05
scan_time: 0.0250000003725
range_min: 0.019999999553
range_max: 30.0
ranges: [0.296999990940094, 0.289000004529953, 0.28299999237060547, 0.29100000858306885, 0.3019999861717224, 0.3019999861717224, 0.29899999499320984, 0.2939999997615814, 0.30000001192092896, 0.29899999499320984, 0.28999999165534973, 0.28999999165534973, 0.2840000092983246, 0.2840000092983246, 0.28600001335144043, 0.2840000092983246, 0.2750000059604645, 0.2709999978542328, 0.23899999260902405, 0.24400000274181366, 0.23499999940395355, 0.2709999978542328, 0.2720000147819519, 0.2770000100135803, 0.2759999930858612, 0.27799999713897705, 0.26899999380111694, 0.2669999897480011, 0.27799999713897705, 0.2720000147819519, 0.28200000524520874, 0.28200000524520874, 0.28700000047683716, 0.2770000100135803, 0.27300000190734863, 0.2770000100135803, 0.2840000092983246, 0.2770000100135803, 0.27300000190734863, 0.2720000147819519, 0.28700000047683716, 0.28700000047683716, 0.2809999883174896, 0.27900001406669617, 0.27799999713897705, 0.2770000100135803, 0.2770000100135803, 0.27399998903274536, 0.27300000190734863, 0.2720000147819519, 0.27399998903274536, 0.2750000059604645, 0.27399998903274536, 0.27399998903274536, 0.27399998903274536, 0.2759999930858612, 0.2750000059604645, 0.27000001072883606, 0.26600000262260437, 0.26600000262260437, 0.2720000147819519, 0.27000001072883606, 0.27399998903274536, 0.26899999380111694, 0.26899999380111694, 0.26899999380111694, 0.26100000739097595, 0.25600001215934753, 0.2639999985694885, 0.2709999978542328, 0.2709999978542328, 0.2529999911785126, 0.25699999928474426, 0.2630000114440918, 0.2630000114440918, 0.2669999897480011, 0.26899999380111694, 0.2680000066757202, 0.2619999945163727, 0.25999999046325684, 0.26499998569488525, 0.26100000739097595, 0.2639999985694885, 0.26100000739097595, 0.2619999945163727, 0.25999999046325684, 0.25600001215934753, 0.25699999928474426, 0.2630000114440918, 0.2549999952316284, 0.2549999952316284, 0.2619999945163727, 0.2630000114440918, 0.2639999985694885, 0.26600000262260437, 0.26499998569488525, 0.2619999945163727, 0.2590000033378601, 0.2549999952316284, 0.2540000081062317, 0.25, 0.25, 0.25600001215934753, 0.25999999046325684, 0.25999999046325684, 0.25699999928474426, 0.2540000081062317, 0.2540000081062317, 0.2540000081062317, 0.25699999928474426, 0.2540000081062317, 0.2540000081062317, 0.2549999952316284, 0.2460000067949295, 0.24799999594688416, 0.2540000081062317, 0.25699999928474426, 0.2540000081062317, 0.25099998712539673, 0.24899999797344208, 0.2529999911785126, 0.2590000033378601, 0.2590000033378601, 0.2529999911785126, 0.24699999392032623, 0.24799999594688416, 0.25, 0.25, 0.257999986410141, 0.25699999928474426, 0.25699999928474426, 0.2529999911785126, 0.25600001215934753, 0.25200000405311584, 0.25099998712539673, 0.25099998712539673, 0.25099998712539673, 0.2529999911785126, 0.2529999911785126, 0.2529999911785126, 0.25600001215934753, 0.25600001215934753, 0.2549999952316284, 0.24500000476837158, 0.23999999463558197, 0.24400000274181366, 0.25099998712539673, 0.2529999911785126, 0.25099998712539673, 0.25600001215934753, 0.25600001215934753, 0.25200000405311584, 0.24799999594688416, 0.2529999911785126, 0.2540000081062317, 0.2549999952316284, 0.2540000081062317, 0.25200000405311584, 0.2529999911785126, 0.25200000405311584, 0.25200000405311584, 0.25200000405311584, 0.24400000274181366, 0.24400000274181366, 0.2460000067949295, 0.24799999594688416, 0.25099998712539673, 0.25099998712539673, 0.24899999797344208, 0.24699999392032623, 0.2460000067949295, 0.2460000067949295, 0.24400000274181366, 0.24699999392032623, 0.25, 0.25, 0.24500000476837158, 0.24699999392032623, 0.25099998712539673, 0.25200000405311584, 0.25200000405311584, 0.25, 0.25, 0.25, 0.2460000067949295, 0.2460000067949295, 0.24300000071525574, 0.24400000274181366, 0.24400000274181366, 0.25099998712539673, 0.25099998712539673, 0.2549999952316284, 0.24699999392032623, 0.24699999392032623, 0.24199999868869781, 0.24300000071525574, 0.24300000071525574, 0.24300000071525574, 0.2409999966621399, 0.24300000071525574, 0.24300000071525574, 0.24699999392032623, 0.24799999594688416, 0.2460000067949295, 0.24699999392032623, 0.2460000067949295, 0.2529999911785126, 0.25200000405311584, 0.2460000067949295, 0.24300000071525574, 0.24199999868869781, 0.24699999392032623, 0.25600001215934753, 0.25600001215934753, 0.2549999952316284, 0.2549999952316284, 0.2540000081062317, 0.2540000081062317, 0.2540000081062317, 0.257999986410141, 0.25600001215934753, 0.2549999952316284, 0.25999999046325684, 0.25999999046325684, 0.2619999945163727, 0.2619999945163727, 0.25999999046325684, 0.2590000033378601, 0.25600001215934753, 0.2549999952316284, 0.2549999952316284, 0.25600001215934753, 0.26100000739097595, 0.25699999928474426, 0.26499998569488525, 0.2709999978542328, 0.26899999380111694, 0.27399998903274536, 0.2680000066757202, 0.27399998903274536, 0.27000001072883606, 0.26600000262260437, 0.26100000739097595, 0.26100000739097595, 0.26899999380111694, 0.27300000190734863, 0.27300000190734863, 0.2709999978542328, 0.2669999897480011, 0.26499998569488525, 0.2709999978542328, 0.2770000100135803, 0.2680000066757202, 0.2709999978542328, 0.27000001072883606, 0.26899999380111694, 0.2720000147819519, 0.2809999883174896, 0.2800000011920929, 0.2759999930858612, 0.2750000059604645, 0.27799999713897705, 0.2759999930858612, 0.2770000100135803, 0.2800000011920929, 0.2800000011920929, 0.28200000524520874, 0.28299999237060547, 0.28299999237060547, 0.2840000092983246, 0.2800000011920929, 0.2809999883174896, 0.2840000092983246, 0.2980000078678131, 0.2980000078678131, 0.29600000381469727, 0.28600001335144043, 0.28999999165534973, 0.3019999861717224, 0.29499998688697815, 0.29499998688697815, 0.3050000071525574, 0.3019999861717224, 0.3019999861717224, 0.3009999990463257, 0.30000001192092896, 0.30000001192092896, 0.29899999499320984, 0.29899999499320984, 0.3059999942779541, 0.3070000112056732, 0.30799999833106995, 0.3089999854564667, 0.31200000643730164, 0.31299999356269836, 0.3179999887943268, 0.3190000057220459, 0.3179999887943268, 0.3149999976158142, 0.32100000977516174, 0.32100000977516174, 0.32499998807907104, 0.32899999618530273, 0.32899999618530273, 0.3269999921321869, 0.3330000042915344, 0.3319999873638153, 0.32899999618530273, 0.32600000500679016, 0.3310000002384186, 0.3319999873638153, 0.32600000500679016, 0.32499998807907104, 0.3310000002384186, 0.3330000042915344, 0.335999995470047, 0.33799999952316284, 0.335999995470047, 0.33799999952316284, 0.33899998664855957, 0.3409999907016754, 0.3440000116825104, 0.3440000116825104, 0.3479999899864197, 0.3490000069141388, 0.3490000069141388, 0.3479999899864197, 0.3499999940395355, 0.35199999809265137, 0.367000013589859, 0.36399999260902405, 0.36500000953674316, 0.36500000953674316, 0.3659999966621399, 0.37400001287460327, 0.3700000047683716, 0.36800000071525574, 0.3700000047683716, 0.37299999594688416, 0.3720000088214874, 0.3779999911785126, 0.3840000033378601, 0.38199999928474426, 0.3840000033378601, 0.38499999046325684, 0.38499999046325684, 0.38999998569488525, 0.3970000147819519, 0.39899998903274536, 0.4000000059604645, 0.40299999713897705, 0.4050000011920929, 0.41200000047683716, 0.40799999237060547, 0.414000004529953, 0.41999998688697815, 0.42500001192092896, 0.42500001192092896, 0.42899999022483826, 0.4339999854564667, 0.43700000643730164, 0.4350000023841858, 0.43299999833106995, 0.43700000643730164, 0.4410000145435333, 0.44699999690055847, 0.45500001311302185, 0.4659999907016754, 0.4650000035762787, 0.4569999873638153, 0.460999995470047, 0.46299999952316284, 0.46700000762939453, 0.47099998593330383, 0.4790000021457672, 0.4830000102519989, 0.4790000021457672, 0.48500001430511475, 0.492000013589859, 0.492000013589859, 0.5040000081062317, 0.5090000033378601, 0.5059999823570251, 0.5090000033378601, 0.5149999856948853, 0.5180000066757202, 0.5299999713897705, 0.531000018119812, 0.531000018119812, 0.5339999794960022, 0.5400000214576721, 0.546999990940094, 0.5519999861717224, 0.5590000152587891, 0.5659999847412109, 0.5690000057220459, 0.5709999799728394, 0.5720000267028809, 0.5849999785423279, 0.5899999737739563, 0.5960000157356262, 0.5979999899864197, 0.6000000238418579, 0.6060000061988831, 0.6150000095367432, 0.6230000257492065, 0.6269999742507935, 0.6380000114440918, 0.6430000066757202, 0.6449999809265137, 0.6570000052452087, 0.6639999747276306, 0.6650000214576721, 0.6740000247955322, 0.6809999942779541, 0.6899999976158142, 0.6970000267028809, 0.7059999704360962, 0.7149999737739563, 0.722000002861023, 0.7350000143051147, 0.7490000128746033, 0.753000020980835, 0.7599999904632568, 0.777999997138977, 0.7870000004768372, 0.7950000166893005, 0.8090000152587891, 0.8289999961853027, 0.8349999785423279, 0.8539999723434448, 0.8600000143051147, 0.8740000128746033, 0.890999972820282, 0.9020000100135803, 0.9150000214576721, 0.9350000023841858, 0.9440000057220459, 0.9649999737739563, 0.9789999723434448, 0.9940000176429749, 1.0199999809265137, 1.027999997138977, 1.0479999780654907, 1.0870000123977661, 1.1820000410079956, 1.3650000095367432, 2.0969998836517334, 2.0969998836517334, 2.0999999046325684, 2.1019999980926514, 2.1019999980926514, 2.1070001125335693, 2.1029999256134033, 2.1080000400543213, 2.109999895095825, 2.1040000915527344, 2.1050000190734863, 2.1070001125335693, 2.1029999256134033, 2.1050000190734863, 2.1040000915527344, 2.0920000076293945, 2.0889999866485596, 2.0910000801086426, 2.0880000591278076, 2.0880000591278076, 2.0940001010894775, 2.0940001010894775, 2.0869998931884766, 2.0869998931884766, 2.0969998836517334, 2.0929999351501465, 2.0929999351501465, 2.0880000591278076, 2.0889999866485596, 2.0810000896453857, 2.0799999237060547, 2.0759999752044678, 2.072999954223633, 2.075000047683716, 2.078000068664551, 2.078000068664551, 2.072000026702881, 2.068000078201294, 2.066999912261963, 2.068000078201294, 2.065000057220459, 2.065000057220459, 2.061000108718872, 2.053999900817871, 2.058000087738037, 2.053999900817871, 2.052000045776367, 2.053999900817871, 2.052000045776367, 2.046999931335449, 2.046999931335449, 2.0409998893737793, 2.0390000343322754, 2.0369999408721924, 2.0299999713897705, 2.0260000228881836, 2.0250000953674316, 2.0239999294281006, 2.0260000228881836, 2.0280001163482666, 2.0220000743865967, 2.013000011444092, 2.003000020980835, 2.003000020980835, 2.000999927520752, 1.9980000257492065, 1.9950000047683716, 1.996000051498413, 1.9919999837875366, 1.9859999418258667, 1.9780000448226929, 1.9769999980926514, 1.9709999561309814, 1.972000002861023, 1.9639999866485596, 1.9550000429153442, 1.9570000171661377, 1.9490000009536743, 1.9529999494552612, 1.9450000524520874, 1.9420000314712524, 1.9390000104904175, 1.937000036239624, 1.934000015258789, 1.9220000505447388, 1.9190000295639038, 1.9129999876022339, 1.906999945640564, 1.9019999504089355, 1.8949999809265137, 1.8930000066757202, 1.8930000066757202, 1.8880000114440918, 1.878999948501587, 1.8760000467300415, 1.875, 1.8630000352859497, 1.8550000190734863, 1.8530000448226929, 1.8509999513626099, 1.8450000286102295, 1.8450000286102295, 1.8420000076293945, 1.8309999704360962, 1.8289999961853027, 1.8229999542236328, 1.815000057220459, 1.8070000410079956, 1.8029999732971191, 1.7960000038146973, 1.7929999828338623, 1.7799999713897705, 1.7760000228881836, 1.7740000486373901, 1.7640000581741333, 1.7599999904632568, 1.7489999532699585, 1.7450000047683716, 1.746000051498413, 1.74399995803833, 1.7209999561309814, 1.7139999866485596, 1.7089999914169312, 1.7050000429153442, 1.6959999799728394, 1.6859999895095825, 1.684999942779541, 1.6770000457763672, 1.6670000553131104, 1.6619999408721924, 1.6549999713897705, 1.6469999551773071, 1.6319999694824219, 1.6299999952316284, 1.6260000467300415, 1.6269999742507935, 1.6139999628067017, 1.6100000143051147, 1.590000033378601, 1.5820000171661377, 1.5729999542236328, 1.559000015258789, 1.5520000457763672, 1.5440000295639038, 1.5420000553131104, 1.5329999923706055, 1.5210000276565552, 1.5180000066757202, 1.5140000581741333, 1.5049999952316284, 1.4830000400543213, 1.4839999675750732, 1.4739999771118164, 1.468000054359436, 1.4559999704360962, 1.4550000429153442, 1.444000005722046, 1.4359999895095825, 1.4270000457763672, 1.409999966621399, 1.4019999504089355, 1.3830000162124634, 1.3769999742507935, 1.3639999628067017, 1.3530000448226929, 1.343000054359436, 1.3320000171661377, 1.3240000009536743, 1.3070000410079956, 1.3040000200271606, 1.2890000343322754, 1.281000018119812, 1.2710000276565552, 1.2649999856948853, 1.2580000162124634, 1.2419999837875366, 1.2400000095367432, 1.2239999771118164, 1.2130000591278076, 1.2089999914169312, 1.2000000476837158, 1.194000005722046, 1.187999963760376, 1.1829999685287476, 1.1670000553131104, 1.1579999923706055, 1.1460000276565552, 1.1410000324249268, 1.1360000371932983, 1.1319999694824219, 1.1230000257492065, 1.1180000305175781, 1.1030000448226929, 1.1009999513626099, 1.0989999771118164, 1.090999960899353, 1.090000033378601, 1.0809999704360962, 1.069000005722046, 1.0640000104904175, 1.062999963760376, 1.0609999895095825, 1.0490000247955322, 1.0420000553131104, 1.0379999876022339, 1.0329999923706055, 1.031000018119812, 1.031000018119812, 1.0210000276565552, 1.0149999856948853, 1.003999948501587, 0.996999979019165, 0.9950000047683716, 0.9919999837875366, 0.9869999885559082, 0.9810000061988831, 0.9779999852180481, 0.9769999980926514, 0.9789999723434448, 0.9639999866485596, 0.9629999995231628, 0.9520000219345093, 0.9509999752044678, 0.9490000009536743, 0.9490000009536743, 0.9459999799728394, 0.9380000233650208, 0.9380000233650208, 0.9309999942779541, 0.9290000200271606, 0.9169999957084656, 0.9190000295639038, 0.9089999794960022, 0.9110000133514404, 0.9070000052452087, 0.9010000228881836, 0.8960000276565552, 0.8980000019073486, 0.8970000147819519, 0.8949999809265137, 0.8870000243186951, 0.8870000243186951, 0.8830000162124634, 0.8799999952316284, 0.8769999742507935, 0.8740000128746033, 0.8700000047683716, 0.8650000095367432, 0.8610000014305115, 0.8579999804496765, 0.8539999723434448, 0.8510000109672546, 0.847000002861023, 0.8429999947547913, 0.8360000252723694, 0.8389999866485596, 0.8410000205039978, 0.8309999704360962, 0.8289999961853027, 0.8270000219345093, 0.828000009059906, 0.824999988079071, 0.8209999799728394, 0.8149999976158142, 0.8119999766349792, 0.8059999942779541, 0.8029999732971191, 0.8009999990463257, 0.7990000247955322, 0.800000011920929, 0.800000011920929, 0.7979999780654907, 0.7929999828338623, 0.7900000214576721, 0.7879999876022339, 0.7839999794960022, 0.7829999923706055, 0.7799999713897705, 0.7739999890327454, 0.7730000019073486, 0.7720000147819519, 0.7699999809265137, 0.7670000195503235, 0.7649999856948853, 0.7620000243186951, 0.7599999904632568, 0.7540000081062317, 0.7549999952316284, 0.7519999742507935, 0.7519999742507935, 0.7509999871253967, 0.7480000257492065, 0.7429999709129333, 0.7379999756813049, 0.7379999756813049, 0.7379999756813049, 0.7379999756813049, 0.7369999885559082, 0.734000027179718, 0.7319999933242798, 0.7329999804496765, 0.7329999804496765, 0.7319999933242798, 0.7319999933242798, 0.7310000061988831, 0.7279999852180481, 0.722000002861023, 0.7170000076293945, 0.7170000076293945, 0.722000002861023, 0.7239999771118164, 0.7170000076293945, 0.7170000076293945, 0.7149999737739563, 0.7139999866485596, 0.7139999866485596, 0.7149999737739563, 0.7089999914169312, 0.7049999833106995, 0.7059999704360962, 0.7070000171661377, 0.7080000042915344, 0.7059999704360962, 0.7039999961853027, 0.703000009059906, 0.7009999752044678, 0.6990000009536743, 0.6990000009536743, 0.699999988079071, 0.7009999752044678, 0.6949999928474426, 0.6919999718666077, 0.6940000057220459, 0.699999988079071, 0.6980000138282776, 0.6880000233650208, 0.6880000233650208, 0.6930000185966492, 0.6880000233650208, 0.6830000281333923, 0.6819999814033508, 0.6830000281333923, 0.6850000023841858, 0.6890000104904175, 0.6859999895095825, 0.6809999942779541, 0.6800000071525574, 0.6779999732971191, 0.6779999732971191, 0.6790000200271606, 0.6790000200271606, 0.6790000200271606, 0.6790000200271606, 0.6790000200271606, 0.6859999895095825, 0.6809999942779541, 0.671999990940094, 0.6700000166893005, 0.6690000295639038, 0.6740000247955322, 0.6759999990463257, 0.671999990940094, 0.6710000038146973, 0.6769999861717224, 0.6800000071525574, 0.6700000166893005, 0.671999990940094, 0.6710000038146973, 0.6710000038146973, 0.6710000038146973, 0.6679999828338623, 0.6669999957084656, 0.6650000214576721, 0.6650000214576721, 0.6650000214576721, 0.6660000085830688, 0.6650000214576721, 0.6650000214576721, 0.6669999957084656, 0.6669999957084656, 0.6679999828338623, 0.6710000038146973, 0.671999990940094, 0.6669999957084656, 0.6660000085830688, 0.6660000085830688, 0.6639999747276306, 0.6589999794960022, 0.6629999876022339, 0.6629999876022339, 0.6629999876022339, 0.6629999876022339, 0.6639999747276306, 0.6639999747276306, 0.6639999747276306, 0.6639999747276306, 0.6660000085830688, 0.6660000085830688, 0.6650000214576721, 0.6610000133514404, 0.6610000133514404, 0.6629999876022339, 0.6629999876022339, 0.6589999794960022, 0.6620000004768372, 0.6600000262260437, 0.6629999876022339, 0.6629999876022339, 0.6639999747276306, 0.6639999747276306, 0.6620000004768372, 0.6629999876022339, 0.6660000085830688, 0.6639999747276306, 0.6600000262260437, 0.6650000214576721, 0.6650000214576721, 0.6650000214576721, 0.6610000133514404, 0.6629999876022339, 0.6639999747276306, 0.6629999876022339, 0.6600000262260437, 0.6610000133514404, 0.6650000214576721, 0.6690000295639038, 0.6690000295639038, 0.6660000085830688, 0.6650000214576721, 0.6650000214576721, 0.6679999828338623, 0.6679999828338623, 0.6700000166893005, 0.6620000004768372, 0.6650000214576721, 0.6639999747276306, 0.6639999747276306, 0.6639999747276306, 0.6650000214576721, 0.6660000085830688, 0.6669999957084656, 0.6690000295639038, 0.671999990940094, 0.671999990940094, 0.671999990940094, 0.6759999990463257, 0.6769999861717224, 0.6779999732971191, 0.6729999780654907, 0.671999990940094, 0.671999990940094, 0.671999990940094, 0.6779999732971191, 0.6779999732971191, 0.6700000166893005, 0.6710000038146973, 0.6740000247955322, 0.6740000247955322, 0.6759999990463257, 0.6759999990463257, 0.6759999990463257, 0.6779999732971191, 0.6779999732971191, 0.6779999732971191, 0.6790000200271606, 0.6800000071525574, 0.671999990940094, 0.6779999732971191, 0.6779999732971191, 0.6859999895095825, 0.6940000057220459, 0.699999988079071, 0.6930000185966492, 0.6859999895095825, 0.6840000152587891, 0.6819999814033508, 0.6819999814033508, 0.6840000152587891, 0.6859999895095825, 0.6859999895095825, 0.6859999895095825, 0.6869999766349792, 0.6899999976158142, 0.6880000233650208, 0.6890000104904175, 0.6869999766349792, 0.6890000104904175, 0.6919999718666077, 0.6959999799728394, 0.6990000009536743, 0.6959999799728394, 0.6980000138282776, 0.6980000138282776, 0.6970000267028809, 0.6959999799728394, 0.6959999799728394, 0.703000009059906, 0.7049999833106995, 0.6990000009536743, 0.7070000171661377, 0.7120000123977661, 0.7099999785423279, 0.7080000042915344, 0.7120000123977661, 0.7160000205039978, 0.7149999737739563, 0.7160000205039978, 0.7239999771118164, 0.722000002861023, 0.7160000205039978, 0.7160000205039978, 0.7149999737739563, 0.7149999737739563, 0.7239999771118164, 0.7239999771118164, 0.722000002861023, 0.7310000061988831, 0.7390000224113464, 0.7350000143051147, 0.7379999756813049, 0.7440000176429749, 0.7429999709129333, 0.7429999709129333, 0.7440000176429749, 0.746999979019165, 0.746999979019165, 0.7459999918937683, 0.7480000257492065, 0.7519999742507935, 0.75, 0.7490000128746033, 0.7549999952316284, 0.7570000290870667, 0.7570000290870667, 0.7580000162124634, 0.7630000114440918, 0.7739999890327454, 0.7710000276565552, 0.7680000066757202, 0.765999972820282, 0.7710000276565552, 0.7760000228881836, 0.7760000228881836, 0.7799999713897705, 0.7850000262260437, 0.7820000052452087, 0.7799999713897705, 0.7870000004768372, 0.7910000085830688, 0.7950000166893005, 0.7979999780654907, 0.8019999861717224, 0.8119999766349792, 0.7990000247955322, 0.7990000247955322, 0.8090000152587891, 0.8149999976158142, 0.8159999847412109, 0.8140000104904175, 0.8119999766349792, 0.8240000009536743, 0.824999988079071, 0.824999988079071, 0.824999988079071, 0.824999988079071, 0.824999988079071, 0.8309999704360962, 0.8289999961853027, 0.8309999704360962, 0.8309999704360962, 0.8320000171661377, 0.8339999914169312, 0.8389999866485596, 0.8450000286102295, 0.847000002861023, 0.8510000109672546, 0.8560000061988831, 0.8560000061988831, 0.8539999723434448, 0.8539999723434448, 0.8539999723434448, 0.8529999852180481, 0.8539999723434448, 0.8619999885559082, 0.8619999885559082, 0.8560000061988831, 0.8650000095367432, 0.8679999709129333, 0.8730000257492065, 0.875, 0.8740000128746033, 0.8730000257492065, 0.8730000257492065, 0.8799999952316284, 0.8820000290870667, 0.8870000243186951, 0.8859999775886536, 0.8980000019073486, 0.8999999761581421, 0.8989999890327454, 0.8939999938011169, 0.8939999938011169, 0.8949999809265137, 0.8970000147819519, 0.8899999856948853, 0.8880000114440918, 0.8859999775886536, 0.8899999856948853, 0.8880000114440918, 0.8989999890327454, 0.906000018119812, 0.9089999794960022, 0.9129999876022339, 0.9190000295639038, 0.9290000200271606, 0.9330000281333923, 0.9350000023841858, 0.9380000233650208, 0.9380000233650208, 0.9409999847412109, 0.9490000009536743, 0.9539999961853027, 0.9620000123977661, 0.9599999785423279, 0.9599999785423279, 0.9629999995231628, 0.972000002861023, 0.968999981880188, 0.9660000205039978, 0.9739999771118164, 0.9890000224113464, 0.9829999804496765, 0.984000027179718, 0.9829999804496765]
intensities: [1107.0, 1104.0, 1136.0, 1222.0, 1311.0, 1311.0, 1377.0, 1365.0, 1382.0, 1370.0, 1350.0, 1353.0, 1337.0, 1337.0, 1248.0, 1172.0, 1101.0, 990.0, 834.0, 817.0, 821.0, 930.0, 965.0, 1010.0, 1021.0, 1051.0, 1051.0, 1113.0, 1228.0, 1255.0, 1327.0, 1397.0, 1400.0, 1395.0, 1408.0, 1402.0, 1397.0, 1396.0, 1396.0, 1404.0, 1405.0, 1405.0, 1396.0, 1383.0, 1374.0, 1388.0, 1411.0, 1397.0, 1398.0, 1383.0, 1368.0, 1370.0, 1374.0, 1376.0, 1378.0, 1405.0, 1388.0, 1368.0, 1365.0, 1365.0, 1370.0, 1363.0, 1377.0, 1345.0, 1345.0, 1345.0, 1350.0, 1341.0, 1354.0, 1355.0, 1363.0, 1329.0, 1327.0, 1348.0, 1348.0, 1344.0, 1331.0, 1332.0, 1338.0, 1332.0, 1340.0, 1320.0, 1325.0, 1325.0, 1338.0, 1314.0, 1314.0, 1315.0, 1316.0, 1314.0, 1314.0, 1312.0, 1313.0, 1315.0, 1313.0, 1312.0, 1309.0, 1308.0, 1314.0, 1314.0, 1317.0, 1316.0, 1316.0, 1320.0, 1317.0, 1320.0, 1317.0, 1314.0, 1317.0, 1331.0, 1320.0, 1309.0, 1314.0, 1299.0, 1304.0, 1310.0, 1316.0, 1318.0, 1315.0, 1316.0, 1313.0, 1308.0, 1308.0, 1310.0, 1305.0, 1310.0, 1320.0, 1320.0, 1303.0, 1302.0, 1301.0, 1303.0, 1311.0, 1293.0, 1291.0, 1289.0, 1289.0, 1290.0, 1294.0, 1294.0, 1296.0, 1286.0, 1274.0, 1286.0, 1285.0, 1289.0, 1294.0, 1298.0, 1286.0, 1289.0, 1289.0, 1268.0, 1251.0, 1261.0, 1265.0, 1263.0, 1270.0, 1251.0, 1259.0, 1261.0, 1254.0, 1254.0, 1248.0, 1248.0, 1249.0, 1261.0, 1242.0, 1242.0, 1248.0, 1232.0, 1237.0, 1237.0, 1236.0, 1239.0, 1238.0, 1221.0, 1218.0, 1215.0, 1216.0, 1208.0, 1208.0, 1196.0, 1198.0, 1202.0, 1179.0, 1179.0, 1164.0, 1175.0, 1170.0, 1155.0, 1155.0, 1157.0, 1153.0, 1153.0, 1143.0, 1148.0, 1147.0, 1142.0, 1128.0, 1112.0, 1112.0, 1124.0, 1129.0, 1122.0, 1126.0, 1122.0, 1121.0, 1134.0, 1119.0, 1106.0, 1106.0, 1124.0, 1111.0, 1111.0, 1135.0, 1135.0, 1130.0, 1127.0, 1132.0, 1135.0, 1121.0, 1123.0, 1133.0, 1137.0, 1135.0, 1134.0, 1125.0, 1133.0, 1112.0, 1111.0, 1103.0, 1109.0, 1129.0, 1082.0, 1112.0, 1122.0, 1114.0, 1122.0, 1128.0, 1102.0, 1110.0, 1119.0, 1099.0, 1104.0, 1110.0, 1112.0, 1110.0, 1111.0, 1106.0, 1102.0, 1097.0, 1092.0, 1103.0, 1123.0, 1111.0, 1100.0, 1101.0, 1084.0, 1085.0, 1076.0, 1084.0, 1102.0, 1091.0, 1072.0, 1091.0, 1091.0, 1102.0, 1108.0, 1108.0, 1103.0, 1085.0, 1088.0, 1073.0, 1101.0, 1100.0, 1105.0, 1077.0, 1088.0, 1097.0, 1101.0, 1101.0, 1115.0, 1109.0, 1109.0, 1103.0, 1108.0, 1114.0, 1124.0, 1102.0, 1100.0, 1093.0, 1093.0, 1096.0, 1100.0, 1107.0, 1098.0, 1100.0, 1097.0, 1092.0, 1108.0, 1096.0, 1107.0, 1111.0, 1124.0, 1119.0, 1142.0, 1147.0, 1129.0, 1111.0, 1127.0, 1157.0, 1136.0, 1119.0, 1123.0, 1109.0, 1116.0, 1119.0, 1101.0, 1126.0, 1140.0, 1138.0, 1131.0, 1132.0, 1118.0, 1124.0, 1132.0, 1147.0, 1145.0, 1135.0, 1152.0, 1155.0, 1148.0, 1142.0, 1147.0, 1158.0, 1152.0, 1142.0, 1156.0, 1170.0, 1161.0, 1175.0, 1153.0, 1140.0, 1153.0, 1162.0, 1162.0, 1157.0, 1166.0, 1158.0, 1160.0, 1158.0, 1160.0, 1160.0, 1173.0, 1193.0, 1213.0, 1225.0, 1225.0, 1202.0, 1197.0, 1200.0, 1182.0, 1184.0, 1190.0, 1190.0, 1211.0, 1209.0, 1206.0, 1210.0, 1192.0, 1203.0, 1210.0, 1212.0, 1191.0, 1204.0, 1214.0, 1214.0, 1209.0, 1207.0, 1192.0, 1208.0, 1205.0, 1204.0, 1201.0, 1196.0, 1202.0, 1193.0, 1189.0, 1191.0, 1189.0, 1187.0, 1195.0, 1198.0, 1186.0, 1178.0, 1177.0, 1176.0, 1177.0, 1181.0, 1172.0, 1163.0, 1150.0, 1151.0, 1147.0, 1138.0, 1136.0, 1134.0, 1135.0, 1127.0, 1137.0, 1134.0, 1123.0, 1117.0, 1117.0, 1121.0, 1106.0, 1113.0, 1097.0, 1107.0, 1102.0, 1098.0, 1100.0, 1108.0, 1110.0, 1116.0, 1098.0, 1102.0, 1093.0, 1120.0, 1082.0, 1095.0, 1104.0, 1090.0, 1102.0, 1095.0, 1082.0, 1105.0, 1084.0, 1088.0, 1086.0, 1089.0, 1140.0, 1161.0, 1254.0, 1476.0, 1478.0, 1419.0, 1097.0, 1087.0, 1089.0, 1077.0, 1077.0, 1095.0, 1095.0, 1102.0, 1123.0, 1079.0, 1093.0, 1101.0, 1091.0, 1102.0, 1117.0, 1100.0, 1092.0, 1107.0, 1101.0, 1100.0, 1098.0, 1098.0, 1092.0, 1092.0, 1100.0, 1096.0, 1092.0, 1091.0, 1109.0, 1099.0, 1117.0, 1110.0, 1104.0, 1104.0, 1100.0, 1102.0, 1097.0, 1097.0, 1097.0, 1108.0, 1095.0, 1095.0, 1091.0, 1098.0, 1101.0, 1099.0, 1088.0, 1098.0, 1097.0, 1086.0, 1115.0, 1096.0, 1095.0, 1100.0, 1090.0, 1096.0, 1100.0, 1104.0, 1102.0, 1098.0, 1101.0, 1111.0, 1095.0, 1095.0, 1101.0, 1090.0, 1089.0, 1094.0, 1091.0, 1100.0, 1095.0, 1105.0, 1087.0, 1093.0, 1093.0, 1102.0, 1109.0, 1088.0, 1106.0, 1108.0, 1104.0, 1098.0, 1110.0, 1112.0, 1105.0, 1120.0, 1106.0, 1107.0, 1111.0, 1113.0, 1110.0, 1125.0, 1110.0, 1116.0, 1126.0, 1120.0, 1124.0, 1123.0, 1130.0, 1123.0, 1117.0, 1117.0, 1130.0, 1112.0, 1115.0, 1126.0, 1120.0, 1114.0, 1120.0, 1116.0, 1123.0, 1130.0, 1122.0, 1122.0, 1120.0, 1121.0, 1121.0, 1114.0, 1131.0, 1125.0, 1108.0, 1112.0, 1114.0, 1121.0, 1119.0, 1118.0, 1109.0, 1116.0, 1113.0, 1124.0, 1124.0, 1111.0, 1116.0, 1121.0, 1124.0, 1136.0, 1118.0, 1131.0, 1118.0, 1099.0, 1125.0, 1109.0, 1130.0, 1103.0, 1122.0, 1107.0, 1116.0, 1104.0, 1100.0, 1103.0, 1112.0, 1117.0, 1100.0, 1123.0, 1106.0, 1117.0, 1120.0, 1121.0, 1108.0, 1103.0, 1100.0, 1095.0, 1116.0, 1087.0, 1105.0, 1100.0, 1097.0, 1107.0, 1108.0, 1109.0, 1113.0, 1112.0, 1112.0, 1098.0, 1112.0, 1130.0, 1139.0, 1127.0, 1140.0, 1142.0, 1131.0, 1141.0, 1137.0, 1142.0, 1140.0, 1144.0, 1148.0, 1121.0, 1130.0, 1152.0, 1160.0, 1161.0, 1148.0, 1163.0, 1172.0, 1171.0, 1185.0, 1180.0, 1188.0, 1182.0, 1183.0, 1205.0, 1202.0, 1206.0, 1217.0, 1225.0, 1236.0, 1236.0, 1240.0, 1243.0, 1248.0, 1263.0, 1260.0, 1272.0, 1283.0, 1278.0, 1275.0, 1286.0, 1287.0, 1296.0, 1292.0, 1283.0, 1300.0, 1311.0, 1325.0, 1338.0, 1335.0, 1337.0, 1333.0, 1346.0, 1353.0, 1368.0, 1356.0, 1379.0, 1382.0, 1392.0, 1388.0, 1427.0, 1444.0, 1439.0, 1447.0, 1435.0, 1418.0, 1397.0, 1441.0, 1416.0, 1418.0, 1423.0, 1413.0, 1413.0, 1418.0, 1432.0, 1425.0, 1429.0, 1454.0, 1441.0, 1428.0, 1438.0, 1446.0, 1451.0, 1461.0, 1469.0, 1474.0, 1458.0, 1482.0, 1479.0, 1492.0, 1491.0, 1480.0, 1495.0, 1495.0, 1520.0, 1514.0, 1519.0, 1507.0, 1520.0, 1505.0, 1533.0, 1517.0, 1515.0, 1513.0, 1520.0, 1518.0, 1541.0, 1534.0, 1540.0, 1546.0, 1542.0, 1548.0, 1553.0, 1561.0, 1560.0, 1566.0, 1583.0, 1583.0, 1575.0, 1581.0, 1592.0, 1581.0, 1609.0, 1608.0, 1610.0, 1602.0, 1605.0, 1617.0, 1620.0, 1632.0, 1624.0, 1624.0, 1621.0, 1609.0, 1627.0, 1627.0, 1619.0, 1612.0, 1604.0, 1604.0, 1617.0, 1614.0, 1616.0, 1606.0, 1612.0, 1623.0, 1597.0, 1601.0, 1584.0, 1591.0, 1621.0, 1614.0, 1640.0, 1627.0, 1631.0, 1638.0, 1622.0, 1633.0, 1619.0, 1629.0, 1629.0, 1642.0, 1637.0, 1640.0, 1642.0, 1648.0, 1632.0, 1627.0, 1623.0, 1629.0, 1618.0, 1618.0, 1621.0, 1621.0, 1610.0, 1604.0, 1604.0, 1604.0, 1610.0, 1586.0, 1594.0, 1598.0, 1610.0, 1610.0, 1591.0, 1588.0, 1604.0, 1604.0, 1583.0, 1589.0, 1590.0, 1590.0, 1586.0, 1584.0, 1574.0, 1593.0, 1593.0, 1603.0, 1591.0, 1590.0, 1590.0, 1591.0, 1600.0, 1610.0, 1581.0, 1586.0, 1585.0, 1560.0, 1569.0, 1577.0, 1561.0, 1527.0, 1527.0, 1527.0, 1553.0, 1573.0, 1573.0, 1539.0, 1534.0, 1523.0, 1513.0, 1516.0, 1536.0, 1536.0, 1512.0, 1512.0, 1498.0, 1495.0, 1496.0, 1501.0, 1493.0, 1491.0, 1493.0, 1465.0, 1485.0, 1506.0, 1475.0, 1483.0, 1481.0, 1477.0, 1487.0, 1454.0, 1471.0, 1458.0, 1457.0, 1461.0, 1456.0, 1457.0, 1440.0, 1442.0, 1435.0, 1419.0, 1411.0, 1413.0, 1419.0, 1411.0, 1406.0, 1403.0, 1401.0, 1401.0, 1405.0, 1400.0, 1398.0, 1398.0, 1399.0, 1403.0, 1399.0, 1399.0, 1398.0, 1388.0, 1392.0, 1394.0, 1391.0, 1388.0, 1388.0, 1382.0, 1382.0, 1362.0, 1370.0, 1367.0, 1367.0, 1366.0, 1356.0, 1355.0, 1356.0, 1344.0, 1346.0, 1358.0, 1367.0, 1334.0, 1342.0, 1342.0, 1330.0, 1330.0, 1318.0, 1314.0, 1323.0, 1325.0, 1321.0, 1321.0, 1313.0, 1306.0, 1300.0, 1300.0, 1305.0, 1302.0, 1286.0, 1279.0, 1279.0, 1283.0, 1263.0, 1265.0, 1274.0, 1268.0, 1263.0, 1263.0, 1264.0, 1265.0, 1265.0, 1265.0, 1279.0, 1265.0, 1272.0, 1270.0, 1268.0, 1265.0, 1277.0, 1265.0, 1249.0, 1244.0, 1264.0, 1264.0, 1252.0, 1252.0, 1243.0, 1243.0, 1259.0, 1259.0, 1240.0, 1278.0, 1272.0, 1262.0, 1268.0, 1297.0, 1296.0, 1296.0, 1283.0, 1288.0, 1288.0, 1275.0, 1249.0, 1256.0, 1254.0, 1253.0, 1268.0, 1268.0, 1268.0, 1276.0, 1275.0, 1276.0, 1271.0, 1266.0, 1222.0, 1215.0, 1218.0, 1218.0, 1224.0, 1231.0, 1212.0, 1208.0, 1225.0, 1230.0, 1239.0, 1262.0, 1242.0, 1250.0, 1215.0, 1215.0, 1236.0, 1226.0, 1211.0, 1203.0, 1195.0, 1222.0, 1210.0, 1208.0, 1208.0, 1206.0, 1213.0, 1249.0, 1240.0, 1249.0, 1230.0, 1255.0, 1261.0, 1268.0, 1253.0, 1236.0, 1249.0, 1268.0, 1268.0, 1251.0, 1251.0, 1269.0, 1267.0, 1265.0, 1282.0, 1259.0, 1268.0, 1267.0, 1265.0, 1252.0, 1256.0, 1279.0, 1258.0, 1256.0, 1280.0, 1278.0, 1290.0, 1286.0, 1288.0, 1287.0, 1283.0, 1282.0, 1292.0, 1288.0, 1282.0, 1301.0, 1301.0, 1301.0, 1302.0, 1300.0, 1303.0, 1294.0, 1295.0, 1295.0, 1310.0, 1290.0, 1287.0, 1290.0, 1303.0, 1297.0, 1284.0, 1285.0, 1280.0, 1288.0, 1318.0, 1318.0, 1308.0, 1323.0, 1328.0, 1313.0, 1307.0, 1319.0, 1287.0, 1301.0, 1307.0]