header: 
  seq: 1028
  stamp: 
    secs: 1548820782
    nsecs: 833188599
  frame_id: "base_link"
angle_min: -2.35619449615
angle_max: 2.35619449615
angle_increment: 0.00436332309619
time_increment: 1.73611151695e-05
scan_time: 0.0250000003725
range_min: 0.019999999553
range_max: 30.0
ranges: [0.503000020980835, 0.5220000147819519, 0.5270000100135803, 0.5189999938011169, 0.5230000019073486, 0.5189999938011169, 0.5260000228881836, 0.5230000019073486, 0.515999972820282, 0.5230000019073486, 0.5230000019073486, 0.5249999761581421, 0.5230000019073486, 0.5059999823570251, 0.4970000088214874, 0.47999998927116394, 0.41200000047683716, 0.33799999952316284, 0.3050000071525574, 0.3059999942779541, 0.38600000739097595, 0.41600000858306885, 0.492000013589859, 0.5120000243186951, 0.5120000243186951, 0.5090000033378601, 0.5099999904632568, 0.5059999823570251, 0.49900001287460327, 0.4950000047683716, 0.4869999885559082, 0.5019999742507935, 0.5019999742507935, 0.5019999742507935, 0.503000020980835, 0.4950000047683716, 0.49000000953674316, 0.49000000953674316, 0.49000000953674316, 0.49000000953674316, 0.49300000071525574, 0.49300000071525574, 0.492000013589859, 0.49000000953674316, 0.49000000953674316, 0.49000000953674316, 0.4860000014305115, 0.4729999899864197, 0.47200000286102295, 0.47200000286102295, 0.4729999899864197, 0.4740000069141388, 0.47600001096725464, 0.4779999852180481, 0.47600001096725464, 0.4729999899864197, 0.47600001096725464, 0.47200000286102295, 0.46799999475479126, 0.4729999899864197, 0.47600001096725464, 0.4690000116825104, 0.460999995470047, 0.460999995470047, 0.4690000116825104, 0.4659999907016754, 0.4659999907016754, 0.4620000123977661, 0.4620000123977661, 0.4650000035762787, 0.4699999988079071, 0.4749999940395355, 0.47200000286102295, 0.4650000035762787, 0.4650000035762787, 0.4699999988079071, 0.4699999988079071, 0.45899999141693115, 0.4580000042915344, 0.45899999141693115, 0.45399999618530273, 0.4560000002384186, 0.4569999873638153, 0.4569999873638153, 0.4560000002384186, 0.4560000002384186, 0.4519999921321869, 0.44999998807907104, 0.453000009059906, 0.4490000009536743, 0.4440000057220459, 0.4440000057220459, 0.4429999887943268, 0.4399999976158142, 0.43799999356269836, 0.4440000057220459, 0.4440000057220459, 0.44200000166893005, 0.4390000104904175, 0.4390000104904175, 0.4399999976158142, 0.4359999895095825, 0.44200000166893005, 0.4410000145435333, 0.4339999854564667, 0.4300000071525574, 0.42800000309944153, 0.4269999861717224, 0.43299999833106995, 0.43299999833106995, 0.42500001192092896, 0.421999990940094, 0.42500001192092896, 0.4320000112056732, 0.4320000112056732, 0.4309999942779541, 0.414000004529953, 0.4309999942779541, 0.4309999942779541, 0.4259999990463257, 0.42500001192092896, 0.42100000381469727, 0.41999998688697815, 0.41999998688697815, 0.42100000381469727, 0.4180000126361847, 0.41999998688697815, 0.4180000126361847, 0.4180000126361847, 0.414000004529953, 0.4169999957084656, 0.414000004529953, 0.41600000858306885, 0.41600000858306885, 0.41600000858306885, 0.41200000047683716, 0.41499999165534973, 0.4169999957084656, 0.414000004529953, 0.414000004529953, 0.4059999883174896, 0.4059999883174896, 0.40799999237060547, 0.4099999964237213, 0.40799999237060547, 0.4099999964237213, 0.4129999876022339, 0.41100001335144043, 0.4090000092983246, 0.41200000047683716, 0.41200000047683716, 0.4129999876022339, 0.4090000092983246, 0.414000004529953, 0.41200000047683716, 0.41200000047683716, 0.41200000047683716, 0.4129999876022339, 0.41200000047683716, 0.4099999964237213, 0.4090000092983246, 0.4099999964237213, 0.41100001335144043, 0.41200000047683716, 0.41100001335144043, 0.40299999713897705, 0.40299999713897705, 0.40700000524520874, 0.40700000524520874, 0.3970000147819519, 0.3970000147819519, 0.4050000011920929, 0.41100001335144043, 0.4129999876022339, 0.4099999964237213, 0.4059999883174896, 0.39500001072883606, 0.3959999978542328, 0.4000000059604645, 0.4000000059604645, 0.4000000059604645, 0.39800000190734863, 0.4009999930858612, 0.4020000100135803, 0.4090000092983246, 0.4000000059604645, 0.39899998903274536, 0.39899998903274536, 0.3959999978542328, 0.39899998903274536, 0.39899998903274536, 0.4020000100135803, 0.4020000100135803, 0.4020000100135803, 0.4020000100135803, 0.3959999978542328, 0.39100000262260437, 0.39399999380111694, 0.40299999713897705, 0.40299999713897705, 0.4000000059604645, 0.4059999883174896, 0.40400001406669617, 0.40799999237060547, 0.4000000059604645, 0.4020000100135803, 0.4009999930858612, 0.4020000100135803, 0.4009999930858612, 0.39800000190734863, 0.39800000190734863, 0.39399999380111694, 0.3970000147819519, 0.39399999380111694, 0.4000000059604645, 0.39899998903274536, 0.39899998903274536, 0.39899998903274536, 0.39899998903274536, 0.39800000190734863, 0.39899998903274536, 0.39899998903274536, 0.40299999713897705, 0.40299999713897705, 0.4020000100135803, 0.40299999713897705, 0.40400001406669617, 0.4050000011920929, 0.4050000011920929, 0.4020000100135803, 0.4020000100135803, 0.39800000190734863, 0.3959999978542328, 0.4020000100135803, 0.4099999964237213, 0.40700000524520874, 0.4059999883174896, 0.40299999713897705, 0.40299999713897705, 0.40400001406669617, 0.4090000092983246, 0.41100001335144043, 0.4059999883174896, 0.4059999883174896, 0.40400001406669617, 0.41100001335144043, 0.40700000524520874, 0.40799999237060547, 0.4050000011920929, 0.4059999883174896, 0.4059999883174896, 0.40400001406669617, 0.4059999883174896, 0.4090000092983246, 0.4050000011920929, 0.4050000011920929, 0.41200000047683716, 0.414000004529953, 0.41600000858306885, 0.421999990940094, 0.4189999997615814, 0.41100001335144043, 0.42100000381469727, 0.4180000126361847, 0.42100000381469727, 0.41600000858306885, 0.41600000858306885, 0.42100000381469727, 0.41999998688697815, 0.4129999876022339, 0.4129999876022339, 0.4189999997615814, 0.4189999997615814, 0.42899999022483826, 0.41999998688697815, 0.42500001192092896, 0.42500001192092896, 0.42500001192092896, 0.4259999990463257, 0.4300000071525574, 0.43299999833106995, 0.44999998807907104, 0.4359999895095825, 0.4399999976158142, 0.43700000643730164, 0.4399999976158142, 0.4410000145435333, 0.43799999356269836, 0.44600000977516174, 0.4480000138282776, 0.44200000166893005, 0.4429999887943268, 0.4480000138282776, 0.44999998807907104, 0.44999998807907104, 0.453000009059906, 0.453000009059906, 0.4480000138282776, 0.4519999921321869, 0.4519999921321869, 0.4519999921321869, 0.45399999618530273, 0.45399999618530273, 0.45500001311302185, 0.45500001311302185, 0.4569999873638153, 0.4560000002384186, 0.4699999988079071, 0.4699999988079071, 0.47200000286102295, 0.4729999899864197, 0.4729999899864197, 0.4729999899864197, 0.4740000069141388, 0.4749999940395355, 0.47699999809265137, 0.4790000021457672, 0.4740000069141388, 0.4690000116825104, 0.47600001096725464, 0.48399999737739563, 0.48500001430511475, 0.48399999737739563, 0.48500001430511475, 0.492000013589859, 0.492000013589859, 0.4880000054836273, 0.49399998784065247, 0.4959999918937683, 0.4959999918937683, 0.4959999918937683, 0.503000020980835, 0.5049999952316284, 0.5040000081062317, 0.5070000290870667, 0.5070000290870667, 0.5070000290870667, 0.5070000290870667, 0.5080000162124634, 0.5070000290870667, 0.5109999775886536, 0.5180000066757202, 0.527999997138977, 0.527999997138977, 0.5289999842643738, 0.5289999842643738, 0.5299999713897705, 0.5289999842643738, 0.5289999842643738, 0.5329999923706055, 0.5329999923706055, 0.5329999923706055, 0.5370000004768372, 0.5400000214576721, 0.5529999732971191, 0.5519999861717224, 0.550000011920929, 0.5519999861717224, 0.5519999861717224, 0.5569999814033508, 0.5580000281333923, 0.5640000104904175, 0.5659999847412109, 0.5619999766349792, 0.5630000233650208, 0.5630000233650208, 0.5709999799728394, 0.5730000138282776, 0.5799999833106995, 0.5830000042915344, 0.5830000042915344, 0.5889999866485596, 0.5950000286102295, 0.5879999995231628, 0.5879999995231628, 0.5889999866485596, 0.6019999980926514, 0.6029999852180481, 0.6039999723434448, 0.6050000190734863, 0.609000027179718, 0.6129999756813049, 0.6200000047683716, 0.621999979019165, 0.625, 0.6309999823570251, 0.6320000290870667, 0.6359999775886536, 0.6349999904632568, 0.6420000195503235, 0.6439999938011169, 0.6480000019073486, 0.6579999923706055, 0.6629999876022339, 0.6660000085830688, 0.6669999957084656, 0.6700000166893005, 0.6629999876022339, 0.6740000247955322, 0.6759999990463257, 0.6880000233650208, 0.6880000233650208, 0.6850000023841858, 0.6840000152587891, 0.6859999895095825, 0.6930000185966492, 0.6970000267028809, 0.6990000009536743, 0.703000009059906, 0.7089999914169312, 0.7149999737739563, 0.7239999771118164, 0.7300000190734863, 0.7260000109672546, 0.7260000109672546, 0.7310000061988831, 0.7390000224113464, 0.7440000176429749, 0.7570000290870667, 0.765999972820282, 0.7599999904632568, 0.7609999775886536, 0.7749999761581421, 0.7760000228881836, 0.781000018119812, 0.7929999828338623, 0.7940000295639038, 0.8019999861717224, 0.8109999895095825, 0.8169999718666077, 0.8169999718666077, 0.8299999833106995, 0.8420000076293945, 0.8489999771118164, 0.8569999933242798, 0.8659999966621399, 0.875, 0.8740000128746033, 0.8889999985694885, 0.890999972820282, 0.8999999761581421, 0.9079999923706055, 0.925000011920929, 0.9319999814033508, 0.9350000023841858, 0.9430000185966492, 0.9570000171661377, 0.9629999995231628, 0.972000002861023, 0.9810000061988831, 0.9929999709129333, 1.0099999904632568, 1.0199999809265137, 1.034999966621399, 1.0470000505447388, 1.0520000457763672, 1.0820000171661377, 1.1069999933242798, 1.1549999713897705, 1.2599999904632568, 1.4910000562667847, 2.130000114440918, 2.1429998874664307, 2.1489999294281006, 2.1579999923706055, 2.1540000438690186, 2.1519999504089355, 2.1549999713897705, 2.1549999713897705, 2.1540000438690186, 2.1600000858306885, 2.1589999198913574, 2.1570000648498535, 2.1579999923706055, 2.1589999198913574, 2.1559998989105225, 2.1600000858306885, 2.1600000858306885, 2.1559998989105225, 2.1570000648498535, 2.1570000648498535, 2.1559998989105225, 2.1500000953674316, 2.1519999504089355, 2.1530001163482666, 2.1519999504089355, 2.1480000019073486, 2.1440000534057617, 2.1440000534057617, 2.1500000953674316, 2.1559998989105225, 2.1570000648498535, 2.1519999504089355, 2.1419999599456787, 2.138000011444092, 2.134000062942505, 2.138000011444092, 2.1419999599456787, 2.138000011444092, 2.134000062942505, 2.134999990463257, 2.132999897003174, 2.127000093460083, 2.128000020980835, 2.128000020980835, 2.124000072479248, 2.121000051498413, 2.11899995803833, 2.121000051498413, 2.118000030517578, 2.115000009536743, 2.111999988555908, 2.1070001125335693, 2.1070001125335693, 2.1089999675750732, 2.1080000400543213, 2.1089999675750732, 2.109999895095825, 2.0940001010894775, 2.0940001010894775, 2.0929999351501465, 2.0910000801086426, 2.0840001106262207, 2.0769999027252197, 2.071000099182129, 2.075000047683716, 2.0739998817443848, 2.072000026702881, 2.068000078201294, 2.068000078201294, 2.058000087738037, 2.052999973297119, 2.0429999828338623, 2.0429999828338623, 2.052000045776367, 2.0420000553131104, 2.0360000133514404, 2.0360000133514404, 2.0329999923706055, 2.0230000019073486, 2.015000104904175, 2.0160000324249268, 2.007999897003174, 2.00600004196167, 2.005000114440918, 2.0, 1.9980000257492065, 1.9900000095367432, 1.9869999885559082, 1.9819999933242798, 1.9700000286102295, 1.972000002861023, 1.9589999914169312, 1.9550000429153442, 1.9490000009536743, 1.9450000524520874, 1.937000036239624, 1.934999942779541, 1.9329999685287476, 1.930999994277954, 1.9210000038146973, 1.9149999618530273, 1.909000039100647, 1.9040000438690186, 1.8930000066757202, 1.8869999647140503, 1.8839999437332153, 1.86899995803833, 1.8639999628067017, 1.8600000143051147, 1.8530000448226929, 1.8459999561309814, 1.840000033378601, 1.8370000123977661, 1.8309999704360962, 1.8240000009536743, 1.8140000104904175, 1.812000036239624, 1.809000015258789, 1.7970000505447388, 1.7869999408721924, 1.7769999504089355, 1.774999976158142, 1.7690000534057617, 1.7690000534057617, 1.7519999742507935, 1.746000051498413, 1.7380000352859497, 1.7350000143051147, 1.722000002861023, 1.7139999866485596, 1.715000033378601, 1.6979999542236328, 1.6859999895095825, 1.6779999732971191, 1.6790000200271606, 1.6649999618530273, 1.649999976158142, 1.6469999551773071, 1.6419999599456787, 1.63100004196167, 1.6260000467300415, 1.61899995803833, 1.6089999675750732, 1.593000054359436, 1.5829999446868896, 1.565000057220459, 1.5579999685287476, 1.5570000410079956, 1.5460000038146973, 1.5379999876022339, 1.5240000486373901, 1.5160000324249268, 1.5119999647140503, 1.5, 1.4809999465942383, 1.4759999513626099, 1.4609999656677246, 1.4470000267028809, 1.4359999895095825, 1.4229999780654907, 1.4119999408721924, 1.406999945640564, 1.3980000019073486, 1.38100004196167, 1.3619999885559082, 1.3550000190734863, 1.347000002861023, 1.3209999799728394, 1.309999942779541, 1.2999999523162842, 1.2890000343322754, 1.2740000486373901, 1.2680000066757202, 1.253000020980835, 1.2419999837875366, 1.2319999933242798, 1.218000054359436, 1.2029999494552612, 1.190000057220459, 1.180999994277954, 1.1649999618530273, 1.156000018119812, 1.1449999809265137, 1.1410000324249268, 1.1319999694824219, 1.1119999885559082, 1.1100000143051147, 1.0980000495910645, 1.0870000123977661, 1.0759999752044678, 1.0740000009536743, 1.0549999475479126, 1.0449999570846558, 1.0360000133514404, 1.027999997138977, 1.0190000534057617, 1.0199999809265137, 1.0110000371932983, 0.9990000128746033, 0.9919999837875366, 0.9860000014305115, 0.9779999852180481, 0.9700000286102295, 0.9580000042915344, 0.9559999704360962, 0.949999988079071, 0.9509999752044678, 0.9399999976158142, 0.9359999895095825, 0.921999990940094, 0.9129999876022339, 0.9100000262260437, 0.9129999876022339, 0.9150000214576721, 0.8960000276565552, 0.8939999938011169, 0.8830000162124634, 0.8790000081062317, 0.8740000128746033, 0.875, 0.8700000047683716, 0.8560000061988831, 0.8519999980926514, 0.8500000238418579, 0.8479999899864197, 0.8460000157356262, 0.8370000123977661, 0.8289999961853027, 0.8289999961853027, 0.8289999961853027, 0.8320000171661377, 0.8240000009536743, 0.8140000104904175, 0.8050000071525574, 0.8029999732971191, 0.8009999990463257, 0.7919999957084656, 0.7879999876022339, 0.7879999876022339, 0.7820000052452087, 0.7770000100135803, 0.7710000276565552, 0.7680000066757202, 0.7630000114440918, 0.7570000290870667, 0.7549999952316284, 0.75, 0.7459999918937683, 0.7459999918937683, 0.7459999918937683, 0.7409999966621399, 0.7310000061988831, 0.7239999771118164, 0.7260000109672546, 0.7260000109672546, 0.7260000109672546, 0.7250000238418579, 0.7229999899864197, 0.7179999947547913, 0.7070000171661377, 0.7020000219345093, 0.6980000138282776, 0.6980000138282776, 0.6990000009536743, 0.6949999928474426, 0.6930000185966492, 0.6800000071525574, 0.6769999861717224, 0.6769999861717224, 0.6779999732971191, 0.675000011920929, 0.6710000038146973, 0.6690000295639038, 0.6690000295639038, 0.6679999828338623, 0.6639999747276306, 0.6600000262260437, 0.656000018119812, 0.6549999713897705, 0.6549999713897705, 0.6510000228881836, 0.6510000228881836, 0.6480000019073486, 0.6449999809265137, 0.6370000243186951, 0.6340000033378601, 0.6340000033378601, 0.6309999823570251, 0.6290000081062317, 0.628000020980835, 0.628000020980835, 0.6269999742507935, 0.6230000257492065, 0.6190000176429749, 0.6209999918937683, 0.621999979019165, 0.6209999918937683, 0.6209999918937683, 0.6159999966621399, 0.6159999966621399, 0.6159999966621399, 0.6159999966621399, 0.6119999885559082, 0.6069999933242798, 0.6060000061988831, 0.6050000190734863, 0.6060000061988831, 0.6029999852180481, 0.5979999899864197, 0.5950000286102295, 0.593999981880188, 0.5920000076293945, 0.5910000205039978, 0.5860000252723694, 0.5830000042915344, 0.5830000042915344, 0.5899999737739563, 0.5899999737739563, 0.5879999995231628, 0.5789999961853027, 0.5799999833106995, 0.5809999704360962, 0.5770000219345093, 0.5730000138282776, 0.5720000267028809, 0.5730000138282776, 0.5720000267028809, 0.5740000009536743, 0.5690000057220459, 0.5690000057220459, 0.5659999847412109, 0.5640000104904175, 0.5609999895095825, 0.5619999766349792, 0.5630000233650208, 0.5630000233650208, 0.5630000233650208, 0.5659999847412109, 0.5630000233650208, 0.5569999814033508, 0.550000011920929, 0.550000011920929, 0.5540000200271606, 0.5540000200271606, 0.5519999861717224, 0.5479999780654907, 0.550000011920929, 0.550000011920929, 0.5519999861717224, 0.5550000071525574, 0.550000011920929, 0.5519999861717224, 0.546999990940094, 0.5410000085830688, 0.5370000004768372, 0.5370000004768372, 0.5370000004768372, 0.5350000262260437, 0.5329999923706055, 0.5339999794960022, 0.5379999876022339, 0.5410000085830688, 0.5400000214576721, 0.5329999923706055, 0.5360000133514404, 0.5419999957084656, 0.5379999876022339, 0.5370000004768372, 0.5339999794960022, 0.527999997138977, 0.5239999890327454, 0.5239999890327454, 0.5260000228881836, 0.5260000228881836, 0.5239999890327454, 0.5239999890327454, 0.5249999761581421, 0.5199999809265137, 0.5210000276565552, 0.5230000019073486, 0.5199999809265137, 0.5180000066757202, 0.5180000066757202, 0.515999972820282, 0.515999972820282, 0.5130000114440918, 0.5059999823570251, 0.5220000147819519, 0.5180000066757202, 0.5189999938011169, 0.5180000066757202, 0.5230000019073486, 0.5189999938011169, 0.5189999938011169, 0.5220000147819519, 0.5189999938011169, 0.5199999809265137, 0.5220000147819519, 0.5239999890327454, 0.5220000147819519, 0.5199999809265137, 0.5149999856948853, 0.5170000195503235, 0.5139999985694885, 0.5109999775886536, 0.5109999775886536, 0.5099999904632568, 0.5120000243186951, 0.5120000243186951, 0.5099999904632568, 0.5099999904632568, 0.5099999904632568, 0.5180000066757202, 0.5120000243186951, 0.5120000243186951, 0.5120000243186951, 0.5120000243186951, 0.5139999985694885, 0.5109999775886536, 0.5049999952316284, 0.5059999823570251, 0.5059999823570251, 0.5109999775886536, 0.5109999775886536, 0.5109999775886536, 0.5149999856948853, 0.5130000114440918, 0.5130000114440918, 0.5090000033378601, 0.5059999823570251, 0.5040000081062317, 0.5070000290870667, 0.5070000290870667, 0.5099999904632568, 0.5099999904632568, 0.5099999904632568, 0.5080000162124634, 0.5080000162124634, 0.5080000162124634, 0.5080000162124634, 0.5090000033378601, 0.5090000033378601, 0.5180000066757202, 0.5180000066757202, 0.5080000162124634, 0.503000020980835, 0.5080000162124634, 0.5130000114440918, 0.5120000243186951, 0.5099999904632568, 0.5009999871253967, 0.5009999871253967, 0.5049999952316284, 0.5080000162124634, 0.5080000162124634, 0.5070000290870667, 0.5049999952316284, 0.5009999871253967, 0.5049999952316284, 0.5090000033378601, 0.5090000033378601, 0.5070000290870667, 0.5080000162124634, 0.5009999871253967, 0.5040000081062317, 0.5070000290870667, 0.5059999823570251, 0.5049999952316284, 0.5109999775886536, 0.5099999904632568, 0.5070000290870667, 0.5099999904632568, 0.5080000162124634, 0.5059999823570251, 0.5109999775886536, 0.5239999890327454, 0.5170000195503235, 0.5049999952316284, 0.5019999742507935, 0.503000020980835, 0.5090000033378601, 0.5090000033378601, 0.5120000243186951, 0.515999972820282, 0.5149999856948853, 0.5109999775886536, 0.5130000114440918, 0.5180000066757202, 0.5180000066757202, 0.5180000066757202, 0.5149999856948853, 0.5130000114440918, 0.5149999856948853, 0.5139999985694885, 0.5139999985694885, 0.5149999856948853, 0.5149999856948853, 0.5139999985694885, 0.5149999856948853, 0.5180000066757202, 0.515999972820282, 0.5130000114440918, 0.5189999938011169, 0.5189999938011169, 0.5189999938011169, 0.5220000147819519, 0.5239999890327454, 0.5270000100135803, 0.5239999890327454, 0.5189999938011169, 0.5180000066757202, 0.5249999761581421, 0.527999997138977, 0.5270000100135803, 0.5270000100135803, 0.5320000052452087, 0.5360000133514404, 0.5370000004768372, 0.5389999747276306, 0.5440000295639038, 0.546999990940094, 0.5389999747276306, 0.5410000085830688, 0.5490000247955322, 0.5419999957084656, 0.5429999828338623, 0.550000011920929, 0.5519999861717224, 0.5479999780654907, 0.5479999780654907, 0.5519999861717224, 0.550000011920929, 0.5479999780654907, 0.5479999780654907, 0.5490000247955322, 0.550000011920929, 0.546999990940094, 0.5490000247955322, 0.5490000247955322, 0.5550000071525574, 0.5580000281333923, 0.5619999766349792, 0.5619999766349792, 0.5619999766349792, 0.5619999766349792, 0.5619999766349792, 0.5600000023841858, 0.5559999942779541, 0.5569999814033508, 0.5720000267028809, 0.5720000267028809, 0.5690000057220459, 0.5550000071525574, 0.5569999814033508, 0.5580000281333923, 0.5630000233650208, 0.5759999752044678, 0.5699999928474426, 0.5649999976158142, 0.5690000057220459, 0.5720000267028809, 0.5699999928474426, 0.5709999799728394, 0.5699999928474426, 0.578000009059906, 0.578000009059906, 0.5789999961853027, 0.5759999752044678, 0.5730000138282776, 0.5740000009536743, 0.5830000042915344, 0.5860000252723694, 0.5839999914169312, 0.5839999914169312, 0.5839999914169312, 0.5910000205039978, 0.5920000076293945, 0.5920000076293945, 0.5979999899864197, 0.6039999723434448, 0.5950000286102295, 0.5929999947547913, 0.5989999771118164, 0.6029999852180481, 0.6050000190734863, 0.6060000061988831, 0.6050000190734863, 0.6050000190734863, 0.6029999852180481, 0.5979999899864197, 0.5989999771118164, 0.5989999771118164, 0.5989999771118164, 0.5989999771118164, 0.5950000286102295, 0.6019999980926514, 0.6050000190734863, 0.628000020980835, 0.6269999742507935, 0.6230000257492065, 0.625, 0.625, 0.625, 0.6299999952316284, 0.6349999904632568, 0.6359999775886536, 0.6389999985694885, 0.6389999985694885, 0.640999972820282, 0.6489999890327454, 0.6589999794960022, 0.6589999794960022, 0.6610000133514404, 0.6650000214576721, 0.6629999876022339, 0.6669999957084656, 0.6690000295639038, 0.6669999957084656, 0.6629999876022339, 0.6620000004768372]
intensities: [1043.0, 1093.0, 1124.0, 1132.0, 1146.0, 1142.0, 1198.0, 1278.0, 1267.0, 1332.0, 1332.0, 1337.0, 1355.0, 1282.0, 1241.0, 1221.0, 1110.0, 915.0, 858.0, 844.0, 990.0, 988.0, 1089.0, 1119.0, 1119.0, 1055.0, 1055.0, 1039.0, 1062.0, 1085.0, 1133.0, 1249.0, 1249.0, 1338.0, 1407.0, 1472.0, 1488.0, 1495.0, 1538.0, 1545.0, 1555.0, 1555.0, 1570.0, 1579.0, 1583.0, 1583.0, 1575.0, 1579.0, 1603.0, 1592.0, 1589.0, 1592.0, 1599.0, 1599.0, 1602.0, 1602.0, 1606.0, 1606.0, 1582.0, 1599.0, 1580.0, 1573.0, 1557.0, 1557.0, 1596.0, 1588.0, 1588.0, 1588.0, 1579.0, 1584.0, 1571.0, 1567.0, 1573.0, 1586.0, 1583.0, 1565.0, 1565.0, 1562.0, 1565.0, 1561.0, 1572.0, 1568.0, 1561.0, 1547.0, 1558.0, 1558.0, 1542.0, 1541.0, 1545.0, 1549.0, 1541.0, 1531.0, 1525.0, 1536.0, 1527.0, 1514.0, 1502.0, 1512.0, 1511.0, 1511.0, 1508.0, 1499.0, 1512.0, 1503.0, 1518.0, 1504.0, 1512.0, 1508.0, 1500.0, 1501.0, 1501.0, 1504.0, 1501.0, 1501.0, 1501.0, 1508.0, 1508.0, 1508.0, 1508.0, 1502.0, 1507.0, 1507.0, 1486.0, 1476.0, 1508.0, 1474.0, 1471.0, 1483.0, 1483.0, 1466.0, 1463.0, 1475.0, 1455.0, 1455.0, 1467.0, 1474.0, 1474.0, 1467.0, 1456.0, 1456.0, 1427.0, 1427.0, 1431.0, 1436.0, 1439.0, 1429.0, 1430.0, 1431.0, 1432.0, 1412.0, 1412.0, 1425.0, 1423.0, 1406.0, 1401.0, 1401.0, 1399.0, 1406.0, 1413.0, 1397.0, 1354.0, 1368.0, 1388.0, 1394.0, 1381.0, 1374.0, 1376.0, 1384.0, 1384.0, 1364.0, 1354.0, 1377.0, 1374.0, 1371.0, 1383.0, 1364.0, 1371.0, 1359.0, 1352.0, 1336.0, 1336.0, 1320.0, 1320.0, 1308.0, 1326.0, 1324.0, 1325.0, 1325.0, 1327.0, 1300.0, 1300.0, 1285.0, 1295.0, 1295.0, 1293.0, 1284.0, 1282.0, 1290.0, 1299.0, 1299.0, 1311.0, 1291.0, 1286.0, 1313.0, 1297.0, 1292.0, 1294.0, 1271.0, 1264.0, 1266.0, 1266.0, 1264.0, 1254.0, 1253.0, 1258.0, 1252.0, 1252.0, 1252.0, 1252.0, 1239.0, 1228.0, 1226.0, 1228.0, 1208.0, 1213.0, 1221.0, 1202.0, 1188.0, 1187.0, 1180.0, 1180.0, 1193.0, 1169.0, 1167.0, 1174.0, 1174.0, 1185.0, 1167.0, 1171.0, 1164.0, 1175.0, 1182.0, 1165.0, 1165.0, 1165.0, 1168.0, 1168.0, 1166.0, 1154.0, 1145.0, 1133.0, 1160.0, 1145.0, 1131.0, 1135.0, 1136.0, 1157.0, 1141.0, 1134.0, 1141.0, 1139.0, 1125.0, 1137.0, 1141.0, 1128.0, 1111.0, 1106.0, 1132.0, 1135.0, 1123.0, 1123.0, 1132.0, 1132.0, 1155.0, 1148.0, 1142.0, 1161.0, 1164.0, 1167.0, 1169.0, 1169.0, 1191.0, 1173.0, 1200.0, 1175.0, 1200.0, 1197.0, 1225.0, 1196.0, 1195.0, 1188.0, 1204.0, 1204.0, 1213.0, 1209.0, 1213.0, 1213.0, 1214.0, 1226.0, 1224.0, 1224.0, 1224.0, 1224.0, 1226.0, 1226.0, 1222.0, 1235.0, 1245.0, 1245.0, 1250.0, 1257.0, 1257.0, 1248.0, 1248.0, 1256.0, 1265.0, 1290.0, 1268.0, 1265.0, 1247.0, 1272.0, 1293.0, 1284.0, 1274.0, 1291.0, 1295.0, 1299.0, 1297.0, 1288.0, 1288.0, 1290.0, 1298.0, 1298.0, 1304.0, 1296.0, 1294.0, 1294.0, 1303.0, 1309.0, 1301.0, 1316.0, 1303.0, 1312.0, 1312.0, 1319.0, 1302.0, 1302.0, 1328.0, 1328.0, 1328.0, 1331.0, 1325.0, 1333.0, 1305.0, 1351.0, 1349.0, 1348.0, 1359.0, 1359.0, 1371.0, 1348.0, 1361.0, 1364.0, 1348.0, 1366.0, 1360.0, 1358.0, 1378.0, 1374.0, 1386.0, 1372.0, 1357.0, 1356.0, 1356.0, 1359.0, 1361.0, 1347.0, 1346.0, 1356.0, 1338.0, 1331.0, 1350.0, 1365.0, 1350.0, 1342.0, 1352.0, 1327.0, 1355.0, 1345.0, 1327.0, 1330.0, 1318.0, 1323.0, 1328.0, 1312.0, 1315.0, 1316.0, 1319.0, 1312.0, 1307.0, 1314.0, 1290.0, 1297.0, 1254.0, 1257.0, 1247.0, 1239.0, 1221.0, 1211.0, 1192.0, 1194.0, 1190.0, 1189.0, 1183.0, 1183.0, 1155.0, 1153.0, 1157.0, 1159.0, 1161.0, 1148.0, 1151.0, 1157.0, 1149.0, 1136.0, 1127.0, 1125.0, 1127.0, 1133.0, 1144.0, 1144.0, 1142.0, 1141.0, 1147.0, 1134.0, 1141.0, 1148.0, 1144.0, 1121.0, 1118.0, 1141.0, 1126.0, 1131.0, 1146.0, 1140.0, 1129.0, 1134.0, 1116.0, 1102.0, 1102.0, 1104.0, 1110.0, 1105.0, 1109.0, 1119.0, 1117.0, 1234.0, 1269.0, 1455.0, 1488.0, 1377.0, 1103.0, 1094.0, 1084.0, 1087.0, 1091.0, 1095.0, 1087.0, 1087.0, 1085.0, 1097.0, 1095.0, 1077.0, 1088.0, 1086.0, 1095.0, 1100.0, 1100.0, 1079.0, 1080.0, 1083.0, 1083.0, 1083.0, 1086.0, 1090.0, 1082.0, 1082.0, 1083.0, 1083.0, 1087.0, 1089.0, 1090.0, 1094.0, 1084.0, 1081.0, 1076.0, 1081.0, 1086.0, 1092.0, 1096.0, 1099.0, 1091.0, 1091.0, 1089.0, 1089.0, 1089.0, 1085.0, 1089.0, 1091.0, 1087.0, 1095.0, 1097.0, 1091.0, 1091.0, 1096.0, 1098.0, 1082.0, 1105.0, 1084.0, 1086.0, 1091.0, 1092.0, 1083.0, 1089.0, 1090.0, 1097.0, 1070.0, 1086.0, 1076.0, 1086.0, 1088.0, 1091.0, 1083.0, 1083.0, 1094.0, 1098.0, 1093.0, 1093.0, 1089.0, 1090.0, 1094.0, 1103.0, 1098.0, 1088.0, 1084.0, 1080.0, 1093.0, 1072.0, 1083.0, 1096.0, 1081.0, 1097.0, 1090.0, 1095.0, 1088.0, 1092.0, 1097.0, 1097.0, 1098.0, 1100.0, 1104.0, 1105.0, 1102.0, 1103.0, 1110.0, 1105.0, 1098.0, 1108.0, 1106.0, 1103.0, 1118.0, 1118.0, 1098.0, 1090.0, 1095.0, 1110.0, 1111.0, 1112.0, 1112.0, 1101.0, 1097.0, 1099.0, 1096.0, 1098.0, 1098.0, 1111.0, 1115.0, 1097.0, 1112.0, 1105.0, 1104.0, 1112.0, 1106.0, 1104.0, 1101.0, 1113.0, 1107.0, 1098.0, 1111.0, 1114.0, 1099.0, 1103.0, 1102.0, 1112.0, 1107.0, 1116.0, 1124.0, 1111.0, 1114.0, 1105.0, 1103.0, 1095.0, 1095.0, 1105.0, 1087.0, 1093.0, 1100.0, 1098.0, 1104.0, 1091.0, 1088.0, 1095.0, 1096.0, 1087.0, 1079.0, 1093.0, 1095.0, 1093.0, 1107.0, 1097.0, 1119.0, 1118.0, 1108.0, 1120.0, 1110.0, 1115.0, 1107.0, 1108.0, 1097.0, 1095.0, 1113.0, 1104.0, 1110.0, 1128.0, 1160.0, 1141.0, 1138.0, 1145.0, 1145.0, 1125.0, 1138.0, 1137.0, 1131.0, 1132.0, 1136.0, 1146.0, 1145.0, 1146.0, 1161.0, 1181.0, 1187.0, 1211.0, 1204.0, 1188.0, 1216.0, 1214.0, 1233.0, 1237.0, 1243.0, 1243.0, 1246.0, 1273.0, 1282.0, 1287.0, 1292.0, 1294.0, 1290.0, 1322.0, 1324.0, 1312.0, 1321.0, 1313.0, 1314.0, 1320.0, 1330.0, 1327.0, 1334.0, 1348.0, 1341.0, 1341.0, 1352.0, 1390.0, 1388.0, 1398.0, 1378.0, 1382.0, 1386.0, 1388.0, 1401.0, 1401.0, 1412.0, 1395.0, 1395.0, 1400.0, 1415.0, 1425.0, 1408.0, 1425.0, 1440.0, 1448.0, 1448.0, 1461.0, 1454.0, 1454.0, 1446.0, 1447.0, 1447.0, 1475.0, 1471.0, 1475.0, 1482.0, 1481.0, 1489.0, 1465.0, 1464.0, 1497.0, 1494.0, 1478.0, 1480.0, 1491.0, 1500.0, 1478.0, 1494.0, 1479.0, 1479.0, 1482.0, 1503.0, 1510.0, 1526.0, 1527.0, 1527.0, 1516.0, 1523.0, 1514.0, 1510.0, 1514.0, 1518.0, 1514.0, 1536.0, 1534.0, 1539.0, 1533.0, 1537.0, 1539.0, 1517.0, 1553.0, 1544.0, 1544.0, 1536.0, 1543.0, 1529.0, 1532.0, 1535.0, 1527.0, 1538.0, 1540.0, 1545.0, 1558.0, 1538.0, 1544.0, 1529.0, 1522.0, 1529.0, 1541.0, 1545.0, 1550.0, 1531.0, 1526.0, 1526.0, 1534.0, 1544.0, 1554.0, 1543.0, 1543.0, 1558.0, 1574.0, 1558.0, 1554.0, 1557.0, 1551.0, 1552.0, 1546.0, 1571.0, 1585.0, 1565.0, 1546.0, 1569.0, 1574.0, 1554.0, 1549.0, 1558.0, 1556.0, 1578.0, 1548.0, 1548.0, 1552.0, 1554.0, 1546.0, 1546.0, 1546.0, 1552.0, 1545.0, 1569.0, 1553.0, 1562.0, 1556.0, 1550.0, 1554.0, 1561.0, 1547.0, 1536.0, 1532.0, 1536.0, 1555.0, 1547.0, 1541.0, 1540.0, 1546.0, 1557.0, 1560.0, 1546.0, 1536.0, 1536.0, 1531.0, 1531.0, 1513.0, 1511.0, 1509.0, 1510.0, 1510.0, 1510.0, 1516.0, 1484.0, 1484.0, 1486.0, 1486.0, 1479.0, 1482.0, 1475.0, 1455.0, 1459.0, 1455.0, 1466.0, 1479.0, 1479.0, 1462.0, 1464.0, 1464.0, 1457.0, 1444.0, 1456.0, 1459.0, 1445.0, 1449.0, 1440.0, 1445.0, 1445.0, 1427.0, 1434.0, 1434.0, 1416.0, 1401.0, 1401.0, 1423.0, 1405.0, 1405.0, 1395.0, 1381.0, 1393.0, 1392.0, 1387.0, 1379.0, 1392.0, 1386.0, 1386.0, 1387.0, 1372.0, 1384.0, 1383.0, 1372.0, 1372.0, 1367.0, 1366.0, 1366.0, 1361.0, 1352.0, 1352.0, 1338.0, 1338.0, 1325.0, 1337.0, 1346.0, 1350.0, 1342.0, 1342.0, 1331.0, 1330.0, 1344.0, 1359.0, 1351.0, 1334.0, 1342.0, 1342.0, 1328.0, 1331.0, 1331.0, 1332.0, 1315.0, 1297.0, 1312.0, 1310.0, 1317.0, 1296.0, 1307.0, 1296.0, 1299.0, 1302.0, 1296.0, 1281.0, 1287.0, 1274.0, 1272.0, 1266.0, 1266.0, 1267.0, 1275.0, 1302.0, 1284.0, 1277.0, 1258.0, 1265.0, 1253.0, 1253.0, 1261.0, 1267.0, 1256.0, 1244.0, 1271.0, 1272.0, 1270.0, 1260.0, 1256.0, 1265.0, 1258.0, 1252.0, 1252.0, 1251.0, 1254.0, 1275.0, 1277.0, 1279.0, 1236.0, 1225.0, 1255.0, 1248.0, 1255.0, 1257.0, 1279.0, 1275.0, 1280.0, 1267.0, 1256.0, 1272.0, 1283.0, 1274.0, 1269.0, 1283.0, 1287.0, 1280.0, 1288.0, 1300.0, 1311.0, 1282.0, 1302.0, 1290.0, 1290.0, 1278.0, 1286.0, 1282.0, 1296.0, 1303.0, 1317.0, 1319.0, 1319.0, 1319.0, 1317.0, 1325.0, 1320.0, 1321.0, 1321.0, 1329.0, 1312.0, 1295.0, 1316.0, 1320.0, 1313.0, 1313.0, 1333.0, 1327.0, 1333.0, 1346.0, 1346.0, 1344.0, 1349.0, 1339.0, 1342.0, 1349.0, 1331.0, 1337.0, 1344.0, 1346.0, 1359.0, 1370.0, 1371.0, 1362.0, 1372.0, 1372.0, 1391.0, 1383.0, 1369.0, 1377.0, 1387.0, 1384.0, 1400.0, 1400.0, 1390.0, 1400.0, 1389.0, 1389.0, 1392.0, 1388.0, 1422.0, 1424.0, 1418.0, 1414.0, 1394.0, 1406.0, 1426.0, 1416.0, 1421.0, 1429.0, 1429.0, 1417.0, 1417.0, 1411.0, 1410.0, 1418.0, 1413.0, 1416.0, 1418.0, 1419.0, 1413.0, 1408.0, 1419.0, 1415.0, 1413.0, 1412.0, 1411.0, 1399.0, 1397.0, 1407.0, 1406.0, 1406.0, 1403.0, 1404.0, 1401.0, 1390.0, 1399.0, 1370.0, 1370.0, 1375.0]