header: 
  seq: 1623
  stamp: 
    secs: 1548820797
    nsecs: 741892772
  frame_id: "base_link"
angle_min: -2.35619449615
angle_max: 2.35619449615
angle_increment: 0.00436332309619
time_increment: 1.73611151695e-05
scan_time: 0.0250000003725
range_min: 0.019999999553
range_max: 30.0
ranges: [0.4790000021457672, 0.4819999933242798, 0.48100000619888306, 0.47699999809265137, 0.49000000953674316, 0.49000000953674316, 0.4970000088214874, 0.492000013589859, 0.492000013589859, 0.49300000071525574, 0.48899999260902405, 0.48899999260902405, 0.48399999737739563, 0.48100000619888306, 0.46000000834465027, 0.45100000500679016, 0.4050000011920929, 0.3540000021457672, 0.3540000021457672, 0.32600000500679016, 0.34599998593330383, 0.42399999499320984, 0.4480000138282776, 0.4690000116825104, 0.4740000069141388, 0.47200000286102295, 0.4690000116825104, 0.4690000116825104, 0.45899999141693115, 0.4569999873638153, 0.45399999618530273, 0.45899999141693115, 0.46399998664855957, 0.46399998664855957, 0.46700000762939453, 0.46399998664855957, 0.46000000834465027, 0.46000000834465027, 0.4620000123977661, 0.46000000834465027, 0.4580000042915344, 0.45899999141693115, 0.460999995470047, 0.460999995470047, 0.4569999873638153, 0.4580000042915344, 0.4560000002384186, 0.44699999690055847, 0.4490000009536743, 0.44699999690055847, 0.45100000500679016, 0.4480000138282776, 0.4440000057220459, 0.44200000166893005, 0.4429999887943268, 0.4429999887943268, 0.4440000057220459, 0.4449999928474426, 0.4449999928474426, 0.4390000104904175, 0.4309999942779541, 0.4300000071525574, 0.43299999833106995, 0.43299999833106995, 0.4300000071525574, 0.43299999833106995, 0.4269999861717224, 0.4300000071525574, 0.42500001192092896, 0.4320000112056732, 0.4320000112056732, 0.4269999861717224, 0.4269999861717224, 0.4309999942779541, 0.4309999942779541, 0.41499999165534973, 0.41200000047683716, 0.4320000112056732, 0.42800000309944153, 0.42100000381469727, 0.42100000381469727, 0.42100000381469727, 0.4230000078678131, 0.42500001192092896, 0.42100000381469727, 0.4180000126361847, 0.4169999957084656, 0.4169999957084656, 0.4180000126361847, 0.4180000126361847, 0.4180000126361847, 0.41499999165534973, 0.4169999957084656, 0.4189999997615814, 0.4180000126361847, 0.414000004529953, 0.41499999165534973, 0.41999998688697815, 0.4230000078678131, 0.4180000126361847, 0.41200000047683716, 0.41200000047683716, 0.4090000092983246, 0.40799999237060547, 0.4050000011920929, 0.40299999713897705, 0.40299999713897705, 0.4090000092983246, 0.40400001406669617, 0.40400001406669617, 0.40299999713897705, 0.4059999883174896, 0.40400001406669617, 0.40299999713897705, 0.40299999713897705, 0.4009999930858612, 0.39899998903274536, 0.39899998903274536, 0.4020000100135803, 0.4000000059604645, 0.39899998903274536, 0.39899998903274536, 0.3970000147819519, 0.3970000147819519, 0.39100000262260437, 0.3889999985694885, 0.3959999978542328, 0.3959999978542328, 0.3970000147819519, 0.40299999713897705, 0.40299999713897705, 0.3959999978542328, 0.39399999380111694, 0.39100000262260437, 0.39500001072883606, 0.3959999978542328, 0.3959999978542328, 0.3959999978542328, 0.4009999930858612, 0.39899998903274536, 0.3930000066757202, 0.3880000114440918, 0.3930000066757202, 0.3970000147819519, 0.39800000190734863, 0.40299999713897705, 0.4020000100135803, 0.39500001072883606, 0.3930000066757202, 0.3930000066757202, 0.39899998903274536, 0.4000000059604645, 0.39399999380111694, 0.39500001072883606, 0.3930000066757202, 0.3930000066757202, 0.3880000114440918, 0.38600000739097595, 0.3919999897480011, 0.3919999897480011, 0.39100000262260437, 0.3880000114440918, 0.38600000739097595, 0.38199999928474426, 0.3869999945163727, 0.3930000066757202, 0.39500001072883606, 0.39399999380111694, 0.3869999945163727, 0.3889999985694885, 0.3889999985694885, 0.3880000114440918, 0.38999998569488525, 0.3889999985694885, 0.3840000033378601, 0.382999986410141, 0.3869999945163727, 0.3869999945163727, 0.3869999945163727, 0.38199999928474426, 0.3779999911785126, 0.3840000033378601, 0.39100000262260437, 0.3889999985694885, 0.38600000739097595, 0.38600000739097595, 0.38600000739097595, 0.38100001215934753, 0.38100001215934753, 0.3799999952316284, 0.3799999952316284, 0.3799999952316284, 0.3840000033378601, 0.3840000033378601, 0.38499999046325684, 0.38499999046325684, 0.3869999945163727, 0.38499999046325684, 0.3880000114440918, 0.3880000114440918, 0.3889999985694885, 0.38499999046325684, 0.38600000739097595, 0.3840000033378601, 0.382999986410141, 0.382999986410141, 0.38600000739097595, 0.3889999985694885, 0.3930000066757202, 0.3889999985694885, 0.3880000114440918, 0.3779999911785126, 0.3779999911785126, 0.3840000033378601, 0.38499999046325684, 0.3880000114440918, 0.3840000033378601, 0.38600000739097595, 0.38199999928474426, 0.382999986410141, 0.38100001215934753, 0.38100001215934753, 0.38499999046325684, 0.3889999985694885, 0.38499999046325684, 0.3799999952316284, 0.3790000081062317, 0.37700000405311584, 0.38100001215934753, 0.3779999911785126, 0.3779999911785126, 0.37700000405311584, 0.37700000405311584, 0.3799999952316284, 0.38199999928474426, 0.38600000739097595, 0.39100000262260437, 0.3930000066757202, 0.3889999985694885, 0.3889999985694885, 0.382999986410141, 0.3840000033378601, 0.3880000114440918, 0.39100000262260437, 0.39100000262260437, 0.39100000262260437, 0.3930000066757202, 0.3919999897480011, 0.39399999380111694, 0.4000000059604645, 0.40299999713897705, 0.4020000100135803, 0.40400001406669617, 0.4050000011920929, 0.4009999930858612, 0.39899998903274536, 0.4050000011920929, 0.40299999713897705, 0.40799999237060547, 0.41499999165534973, 0.41200000047683716, 0.40799999237060547, 0.4090000092983246, 0.40799999237060547, 0.40299999713897705, 0.40299999713897705, 0.40299999713897705, 0.40400001406669617, 0.41200000047683716, 0.4180000126361847, 0.41499999165534973, 0.414000004529953, 0.4059999883174896, 0.40400001406669617, 0.4169999957084656, 0.42500001192092896, 0.4230000078678131, 0.42399999499320984, 0.42100000381469727, 0.4269999861717224, 0.42399999499320984, 0.4230000078678131, 0.42800000309944153, 0.4309999942779541, 0.4320000112056732, 0.4339999854564667, 0.4269999861717224, 0.4309999942779541, 0.4339999854564667, 0.4359999895095825, 0.4399999976158142, 0.4490000009536743, 0.4490000009536743, 0.44999998807907104, 0.44999998807907104, 0.4440000057220459, 0.44200000166893005, 0.44699999690055847, 0.4490000009536743, 0.4480000138282776, 0.4440000057220459, 0.4440000057220459, 0.44699999690055847, 0.4490000009536743, 0.4560000002384186, 0.4569999873638153, 0.45899999141693115, 0.4620000123977661, 0.4650000035762787, 0.4650000035762787, 0.4690000116825104, 0.4690000116825104, 0.4659999907016754, 0.46799999475479126, 0.4690000116825104, 0.4690000116825104, 0.4749999940395355, 0.4740000069141388, 0.47699999809265137, 0.4749999940395355, 0.4819999933242798, 0.4790000021457672, 0.4860000014305115, 0.4869999885559082, 0.48500001430511475, 0.4830000102519989, 0.4860000014305115, 0.48899999260902405, 0.4869999885559082, 0.4909999966621399, 0.4959999918937683, 0.5, 0.49799999594688416, 0.4970000088214874, 0.5019999742507935, 0.49799999594688416, 0.503000020980835, 0.5070000290870667, 0.5080000162124634, 0.5080000162124634, 0.5080000162124634, 0.5189999938011169, 0.5230000019073486, 0.5239999890327454, 0.5239999890327454, 0.527999997138977, 0.5339999794960022, 0.5400000214576721, 0.5350000262260437, 0.5350000262260437, 0.5360000133514404, 0.5429999828338623, 0.5479999780654907, 0.5509999990463257, 0.5540000200271606, 0.5540000200271606, 0.5649999976158142, 0.5600000023841858, 0.5559999942779541, 0.5559999942779541, 0.5619999766349792, 0.5619999766349792, 0.5680000185966492, 0.5709999799728394, 0.5699999928474426, 0.578000009059906, 0.5839999914169312, 0.5879999995231628, 0.5879999995231628, 0.5860000252723694, 0.597000002861023, 0.6019999980926514, 0.6029999852180481, 0.6069999933242798, 0.6069999933242798, 0.6129999756813049, 0.6179999709129333, 0.6169999837875366, 0.6169999837875366, 0.6209999918937683, 0.6209999918937683, 0.6370000243186951, 0.6430000066757202, 0.6430000066757202, 0.6370000243186951, 0.6399999856948853, 0.6449999809265137, 0.652999997138977, 0.6620000004768372, 0.6620000004768372, 0.6650000214576721, 0.6650000214576721, 0.6650000214576721, 0.6700000166893005, 0.6809999942779541, 0.6890000104904175, 0.6880000233650208, 0.6919999718666077, 0.6990000009536743, 0.6970000267028809, 0.7009999752044678, 0.7080000042915344, 0.7110000252723694, 0.7170000076293945, 0.718999981880188, 0.722000002861023, 0.7260000109672546, 0.7300000190734863, 0.7409999966621399, 0.7419999837875366, 0.7599999904632568, 0.7620000243186951, 0.7639999985694885, 0.7630000114440918, 0.7689999938011169, 0.7860000133514404, 0.8460000157356262, 0.8830000162124634, 0.9580000042915344, 1.1069999933242798, 1.190999984741211, 1.3179999589920044, 1.3420000076293945, 1.840000033378601, 1.8380000591278076, 1.8569999933242798, 1.8569999933242798, 1.8550000190734863, 1.8519999980926514, 1.8550000190734863, 1.8569999933242798, 1.8609999418258667, 1.8609999418258667, 1.8559999465942383, 1.8530000448226929, 1.8519999980926514, 1.8530000448226929, 1.8559999465942383, 1.8580000400543213, 1.8550000190734863, 1.8480000495910645, 1.850000023841858, 1.8480000495910645, 1.8609999418258667, 1.847000002861023, 1.843999981880188, 1.840000033378601, 1.840000033378601, 1.8489999771118164, 1.8550000190734863, 1.8569999933242798, 1.840999960899353, 1.8389999866485596, 1.843000054359436, 1.8359999656677246, 1.8459999561309814, 1.850000023841858, 1.8420000076293945, 1.8370000123977661, 1.8350000381469727, 1.8339999914169312, 1.8300000429153442, 1.8300000429153442, 1.8270000219345093, 1.8320000171661377, 1.8270000219345093, 1.8309999704360962, 1.8229999542236328, 1.8220000267028809, 1.8229999542236328, 1.8240000009536743, 1.8240000009536743, 1.8229999542236328, 1.8229999542236328, 1.8179999589920044, 1.8140000104904175, 1.815999984741211, 1.8179999589920044, 1.8179999589920044, 1.8170000314712524, 1.8170000314712524, 1.815000057220459, 1.815000057220459, 1.8040000200271606, 1.805999994277954, 1.805999994277954, 1.7949999570846558, 1.7970000505447388, 1.7979999780654907, 1.7899999618530273, 1.7920000553131104, 1.7869999408721924, 1.7799999713897705, 1.7799999713897705, 1.781999945640564, 1.784000039100647, 1.7799999713897705, 1.7769999504089355, 1.7710000276565552, 1.7699999809265137, 1.7699999809265137, 1.7649999856948853, 1.7630000114440918, 1.7589999437332153, 1.75600004196167, 1.7489999532699585, 1.75, 1.7430000305175781, 1.7450000047683716, 1.74399995803833, 1.7400000095367432, 1.7369999885559082, 1.7380000352859497, 1.725000023841858, 1.7289999723434448, 1.7300000190734863, 1.715999960899353, 1.715000033378601, 1.7120000123977661, 1.7020000219345093, 1.6970000267028809, 1.6979999542236328, 1.694000005722046, 1.690999984741211, 1.6920000314712524, 1.6950000524520874, 1.6929999589920044, 1.6790000200271606, 1.6729999780654907, 1.6729999780654907, 1.6710000038146973, 1.6759999990463257, 1.6699999570846558, 1.659000039100647, 1.656999945640564, 1.6549999713897705, 1.6549999713897705, 1.656000018119812, 1.6610000133514404, 1.6440000534057617, 1.6360000371932983, 1.628999948501587, 1.6230000257492065, 1.6260000467300415, 1.621999979019165, 1.6169999837875366, 1.6089999675750732, 1.6089999675750732, 1.6069999933242798, 1.600000023841858, 1.5859999656677246, 1.5809999704360962, 1.5750000476837158, 1.5700000524520874, 1.562000036239624, 1.5570000410079956, 1.559000015258789, 1.5579999685287476, 1.5579999685287476, 1.5509999990463257, 1.5470000505447388, 1.5399999618530273, 1.5410000085830688, 1.534000039100647, 1.5290000438690186, 1.5240000486373901, 1.5190000534057617, 1.5169999599456787, 1.5160000324249268, 1.5140000581741333, 1.50600004196167, 1.496000051498413, 1.4919999837875366, 1.4919999837875366, 1.4809999465942383, 1.4800000190734863, 1.475000023841858, 1.468000054359436, 1.4600000381469727, 1.4529999494552612, 1.4520000219345093, 1.440999984741211, 1.437000036239624, 1.434000015258789, 1.4249999523162842, 1.4229999780654907, 1.4149999618530273, 1.4129999876022339, 1.409000039100647, 1.4040000438690186, 1.3910000324249268, 1.3830000162124634, 1.3830000162124634, 1.38100004196167, 1.3700000047683716, 1.3569999933242798, 1.3559999465942383, 1.3580000400543213, 1.3420000076293945, 1.3329999446868896, 1.3309999704360962, 1.3300000429153442, 1.3300000429153442, 1.3200000524520874, 1.3209999799728394, 1.315000057220459, 1.3029999732971191, 1.2949999570846558, 1.284999966621399, 1.284999966621399, 1.2690000534057617, 1.2599999904632568, 1.2619999647140503, 1.2640000581741333, 1.2430000305175781, 1.2400000095367432, 1.2380000352859497, 1.2330000400543213, 1.2269999980926514, 1.2230000495910645, 1.2070000171661377, 1.1970000267028809, 1.1929999589920044, 1.187999963760376, 1.1820000410079956, 1.1720000505447388, 1.1640000343322754, 1.1619999408721924, 1.159000039100647, 1.1460000276565552, 1.1410000324249268, 1.1299999952316284, 1.128000020980835, 1.1230000257492065, 1.1059999465942383, 1.0959999561309814, 1.093999981880188, 1.0889999866485596, 1.0809999704360962, 1.062999963760376, 1.059000015258789, 1.0540000200271606, 1.0540000200271606, 1.0520000457763672, 1.0440000295639038, 1.0269999504089355, 1.0240000486373901, 1.0240000486373901, 1.0190000534057617, 1.003999948501587, 1.003999948501587, 0.9909999966621399, 0.9800000190734863, 0.9679999947547913, 0.9549999833106995, 0.9509999752044678, 0.9509999752044678, 0.9430000185966492, 0.9369999766349792, 0.9319999814033508, 0.9330000281333923, 0.9269999861717224, 0.9190000295639038, 0.9129999876022339, 0.9120000004768372, 0.9089999794960022, 0.9020000100135803, 0.8939999938011169, 0.8859999775886536, 0.8830000162124634, 0.8799999952316284, 0.8709999918937683, 0.8669999837875366, 0.8690000176429749, 0.8669999837875366, 0.8629999756813049, 0.8579999804496765, 0.8489999771118164, 0.843999981880188, 0.8379999995231628, 0.8349999785423279, 0.8349999785423279, 0.828000009059906, 0.8230000138282776, 0.8199999928474426, 0.8080000281333923, 0.8119999766349792, 0.8059999942779541, 0.8040000200271606, 0.8050000071525574, 0.7929999828338623, 0.7799999713897705, 0.7689999938011169, 0.7749999761581421, 0.7749999761581421, 0.7720000147819519, 0.7680000066757202, 0.7620000243186951, 0.7639999985694885, 0.7599999904632568, 0.7519999742507935, 0.7450000047683716, 0.7379999756813049, 0.7350000143051147, 0.7350000143051147, 0.734000027179718, 0.734000027179718, 0.7279999852180481, 0.7250000238418579, 0.722000002861023, 0.7129999995231628, 0.7120000123977661, 0.7129999995231628, 0.7099999785423279, 0.7080000042915344, 0.703000009059906, 0.7020000219345093, 0.6940000057220459, 0.6779999732971191, 0.6790000200271606, 0.6809999942779541, 0.6880000233650208, 0.6880000233650208, 0.6819999814033508, 0.6779999732971191, 0.6769999861717224, 0.6710000038146973, 0.6690000295639038, 0.6690000295639038, 0.6710000038146973, 0.6690000295639038, 0.6669999957084656, 0.6679999828338623, 0.6660000085830688, 0.656000018119812, 0.6510000228881836, 0.6510000228881836, 0.6480000019073486, 0.6430000066757202, 0.640999972820282, 0.640999972820282, 0.6430000066757202, 0.6460000276565552, 0.640999972820282, 0.6370000243186951, 0.6320000290870667, 0.6269999742507935, 0.6269999742507935, 0.6269999742507935, 0.6269999742507935, 0.6169999837875366, 0.6129999756813049, 0.6129999756813049, 0.621999979019165, 0.621999979019165, 0.6200000047683716, 0.6100000143051147, 0.6140000224113464, 0.6159999966621399, 0.6119999885559082, 0.6079999804496765, 0.6019999980926514, 0.6000000238418579, 0.6019999980926514, 0.5989999771118164, 0.6029999852180481, 0.5960000157356262, 0.5950000286102295, 0.5920000076293945, 0.5889999866485596, 0.5920000076293945, 0.5920000076293945, 0.5899999737739563, 0.5870000123977661, 0.5889999866485596, 0.5920000076293945, 0.5920000076293945, 0.5910000205039978, 0.5920000076293945, 0.5889999866485596, 0.5789999961853027, 0.5809999704360962, 0.5830000042915344, 0.578000009059906, 0.5740000009536743, 0.5669999718666077, 0.5709999799728394, 0.5699999928474426, 0.5709999799728394, 0.5699999928474426, 0.5690000057220459, 0.5659999847412109, 0.5680000185966492, 0.5669999718666077, 0.5690000057220459, 0.5649999976158142, 0.5600000023841858, 0.5569999814033508, 0.5600000023841858, 0.5550000071525574, 0.5550000071525574, 0.5540000200271606, 0.5540000200271606, 0.5519999861717224, 0.5529999732971191, 0.5550000071525574, 0.5529999732971191, 0.5529999732971191, 0.5529999732971191, 0.5529999732971191, 0.550000011920929, 0.546999990940094, 0.5440000295639038, 0.5440000295639038, 0.5450000166893005, 0.546999990940094, 0.5450000166893005, 0.5440000295639038, 0.5429999828338623, 0.5460000038146973, 0.5460000038146973, 0.5400000214576721, 0.5360000133514404, 0.5360000133514404, 0.5389999747276306, 0.5440000295639038, 0.5440000295639038, 0.5450000166893005, 0.5370000004768372, 0.5370000004768372, 0.5460000038146973, 0.5410000085830688, 0.5329999923706055, 0.5350000262260437, 0.5389999747276306, 0.5389999747276306, 0.5320000052452087, 0.5270000100135803, 0.5260000228881836, 0.5249999761581421, 0.5329999923706055, 0.5400000214576721, 0.531000018119812, 0.5230000019073486, 0.5239999890327454, 0.5289999842643738, 0.5249999761581421, 0.5210000276565552, 0.5230000019073486, 0.5260000228881836, 0.5270000100135803, 0.527999997138977, 0.5429999828338623, 0.5329999923706055, 0.5299999713897705, 0.5230000019073486, 0.5249999761581421, 0.5270000100135803, 0.5239999890327454, 0.5220000147819519, 0.5239999890327454, 0.5260000228881836, 0.5270000100135803, 0.5239999890327454, 0.5220000147819519, 0.5220000147819519, 0.5239999890327454, 0.5260000228881836, 0.5260000228881836, 0.5230000019073486, 0.5220000147819519, 0.5260000228881836, 0.5220000147819519, 0.5180000066757202, 0.5189999938011169, 0.5249999761581421, 0.5249999761581421, 0.5249999761581421, 0.5220000147819519, 0.5199999809265137, 0.5189999938011169, 0.5180000066757202, 0.5180000066757202, 0.5170000195503235, 0.5249999761581421, 0.5249999761581421, 0.5289999842643738, 0.5260000228881836, 0.5220000147819519, 0.5170000195503235, 0.5189999938011169, 0.5210000276565552, 0.5210000276565552, 0.5189999938011169, 0.5189999938011169, 0.5210000276565552, 0.5189999938011169, 0.515999972820282, 0.5180000066757202, 0.5220000147819519, 0.5239999890327454, 0.5239999890327454, 0.5239999890327454, 0.5210000276565552, 0.515999972820282, 0.5139999985694885, 0.515999972820282, 0.5180000066757202, 0.5299999713897705, 0.5370000004768372, 0.5350000262260437, 0.5320000052452087, 0.5239999890327454, 0.5199999809265137, 0.5210000276565552, 0.5260000228881836, 0.5189999938011169, 0.5249999761581421, 0.5249999761581421, 0.5239999890327454, 0.5199999809265137, 0.5210000276565552, 0.5239999890327454, 0.5230000019073486, 0.5220000147819519, 0.5220000147819519, 0.5230000019073486, 0.5230000019073486, 0.5180000066757202, 0.5180000066757202, 0.5180000066757202, 0.527999997138977, 0.527999997138977, 0.5249999761581421, 0.5239999890327454, 0.5230000019073486, 0.5260000228881836, 0.5239999890327454, 0.5270000100135803, 0.5220000147819519, 0.5270000100135803, 0.527999997138977, 0.527999997138977, 0.5270000100135803, 0.5260000228881836, 0.5260000228881836, 0.5249999761581421, 0.5220000147819519, 0.5220000147819519, 0.5370000004768372, 0.5320000052452087, 0.5270000100135803, 0.5320000052452087, 0.5379999876022339, 0.5400000214576721, 0.5389999747276306, 0.5379999876022339, 0.5350000262260437, 0.5379999876022339, 0.5419999957084656, 0.5410000085830688, 0.5339999794960022, 0.5339999794960022, 0.5419999957084656, 0.5450000166893005, 0.5360000133514404, 0.5360000133514404, 0.5410000085830688, 0.5370000004768372, 0.546999990940094, 0.5509999990463257, 0.5569999814033508, 0.5550000071525574, 0.5550000071525574, 0.5540000200271606, 0.5590000152587891, 0.5580000281333923, 0.5630000233650208, 0.5669999718666077, 0.5669999718666077, 0.5699999928474426, 0.5609999895095825, 0.5550000071525574, 0.5730000138282776, 0.5720000267028809, 0.5640000104904175, 0.5640000104904175, 0.5649999976158142, 0.5600000023841858, 0.5659999847412109, 0.5659999847412109, 0.5720000267028809, 0.5720000267028809, 0.574999988079071, 0.5770000219345093, 0.5770000219345093, 0.5830000042915344, 0.5809999704360962, 0.5830000042915344, 0.5830000042915344, 0.5839999914169312, 0.5879999995231628, 0.593999981880188, 0.597000002861023, 0.5960000157356262, 0.5960000157356262, 0.6000000238418579, 0.5960000157356262, 0.597000002861023, 0.5950000286102295, 0.5929999947547913, 0.5979999899864197, 0.6019999980926514, 0.5979999899864197, 0.5979999899864197, 0.6000000238418579, 0.597000002861023, 0.6010000109672546, 0.6010000109672546, 0.6100000143051147, 0.6050000190734863, 0.6069999933242798, 0.6010000109672546, 0.6010000109672546, 0.609000027179718, 0.6129999756813049, 0.6140000224113464, 0.6050000190734863, 0.6039999723434448, 0.5960000157356262, 0.6100000143051147, 0.6190000176429749, 0.6190000176429749, 0.6190000176429749, 0.6209999918937683, 0.621999979019165, 0.6230000257492065, 0.6169999837875366, 0.6320000290870667, 0.6320000290870667, 0.6320000290870667, 0.6330000162124634, 0.6370000243186951, 0.6359999775886536, 0.6399999856948853, 0.6430000066757202, 0.6430000066757202, 0.6430000066757202, 0.6460000276565552, 0.6480000019073486, 0.6420000195503235, 0.6349999904632568, 0.6430000066757202, 0.6470000147819519, 0.6470000147819519, 0.6449999809265137, 0.6439999938011169, 0.6439999938011169, 0.6460000276565552, 0.6460000276565552, 0.6460000276565552, 0.6549999713897705, 0.6549999713897705, 0.6610000133514404, 0.6740000247955322, 0.6759999990463257, 0.6809999942779541, 0.6880000233650208, 0.6919999718666077, 0.6909999847412109, 0.6940000057220459, 0.6970000267028809, 0.6970000267028809, 0.6869999766349792, 0.6949999928474426, 0.7039999961853027, 0.7149999737739563, 0.7129999995231628, 0.7139999866485596, 0.7120000123977661, 0.7170000076293945]
intensities: [1056.0, 1114.0, 1118.0, 1156.0, 1212.0, 1212.0, 1326.0, 1341.0, 1344.0, 1388.0, 1423.0, 1446.0, 1453.0, 1443.0, 1264.0, 1262.0, 1116.0, 979.0, 979.0, 869.0, 891.0, 1010.0, 1052.0, 1080.0, 1068.0, 1049.0, 1021.0, 1021.0, 1079.0, 1107.0, 1137.0, 1283.0, 1365.0, 1365.0, 1413.0, 1491.0, 1529.0, 1529.0, 1555.0, 1575.0, 1582.0, 1590.0, 1594.0, 1594.0, 1616.0, 1606.0, 1610.0, 1620.0, 1606.0, 1610.0, 1593.0, 1630.0, 1616.0, 1613.0, 1609.0, 1609.0, 1614.0, 1607.0, 1607.0, 1599.0, 1600.0, 1618.0, 1588.0, 1588.0, 1595.0, 1580.0, 1599.0, 1581.0, 1589.0, 1580.0, 1580.0, 1573.0, 1573.0, 1584.0, 1584.0, 1554.0, 1556.0, 1583.0, 1560.0, 1561.0, 1565.0, 1570.0, 1562.0, 1554.0, 1567.0, 1578.0, 1553.0, 1544.0, 1536.0, 1534.0, 1539.0, 1545.0, 1538.0, 1536.0, 1535.0, 1525.0, 1519.0, 1518.0, 1523.0, 1516.0, 1527.0, 1527.0, 1523.0, 1512.0, 1512.0, 1514.0, 1514.0, 1514.0, 1514.0, 1510.0, 1512.0, 1512.0, 1513.0, 1515.0, 1514.0, 1515.0, 1516.0, 1516.0, 1492.0, 1484.0, 1483.0, 1490.0, 1491.0, 1497.0, 1500.0, 1485.0, 1491.0, 1491.0, 1482.0, 1487.0, 1487.0, 1470.0, 1482.0, 1479.0, 1479.0, 1470.0, 1476.0, 1435.0, 1426.0, 1457.0, 1472.0, 1454.0, 1450.0, 1436.0, 1441.0, 1459.0, 1442.0, 1428.0, 1399.0, 1414.0, 1412.0, 1419.0, 1414.0, 1431.0, 1408.0, 1408.0, 1383.0, 1400.0, 1405.0, 1390.0, 1387.0, 1382.0, 1377.0, 1349.0, 1388.0, 1388.0, 1390.0, 1374.0, 1350.0, 1366.0, 1382.0, 1381.0, 1347.0, 1349.0, 1351.0, 1353.0, 1327.0, 1328.0, 1328.0, 1320.0, 1305.0, 1304.0, 1304.0, 1294.0, 1282.0, 1282.0, 1282.0, 1271.0, 1271.0, 1264.0, 1260.0, 1259.0, 1258.0, 1257.0, 1258.0, 1258.0, 1257.0, 1258.0, 1258.0, 1255.0, 1252.0, 1250.0, 1239.0, 1241.0, 1233.0, 1233.0, 1245.0, 1231.0, 1244.0, 1231.0, 1225.0, 1211.0, 1211.0, 1222.0, 1195.0, 1201.0, 1194.0, 1204.0, 1196.0, 1190.0, 1180.0, 1176.0, 1173.0, 1166.0, 1167.0, 1176.0, 1160.0, 1145.0, 1180.0, 1160.0, 1153.0, 1153.0, 1157.0, 1153.0, 1144.0, 1151.0, 1137.0, 1126.0, 1148.0, 1153.0, 1149.0, 1153.0, 1137.0, 1143.0, 1140.0, 1140.0, 1140.0, 1138.0, 1151.0, 1150.0, 1143.0, 1136.0, 1122.0, 1123.0, 1104.0, 1098.0, 1127.0, 1121.0, 1151.0, 1147.0, 1134.0, 1114.0, 1120.0, 1123.0, 1118.0, 1118.0, 1120.0, 1122.0, 1117.0, 1123.0, 1125.0, 1130.0, 1110.0, 1101.0, 1121.0, 1126.0, 1121.0, 1135.0, 1117.0, 1155.0, 1153.0, 1164.0, 1177.0, 1184.0, 1186.0, 1175.0, 1181.0, 1185.0, 1190.0, 1176.0, 1190.0, 1198.0, 1198.0, 1204.0, 1205.0, 1189.0, 1178.0, 1192.0, 1193.0, 1192.0, 1202.0, 1200.0, 1215.0, 1208.0, 1219.0, 1218.0, 1210.0, 1218.0, 1221.0, 1213.0, 1221.0, 1221.0, 1230.0, 1240.0, 1234.0, 1238.0, 1236.0, 1244.0, 1243.0, 1250.0, 1248.0, 1219.0, 1254.0, 1257.0, 1250.0, 1250.0, 1251.0, 1263.0, 1251.0, 1258.0, 1272.0, 1294.0, 1284.0, 1284.0, 1280.0, 1280.0, 1278.0, 1283.0, 1287.0, 1287.0, 1272.0, 1286.0, 1286.0, 1303.0, 1307.0, 1299.0, 1310.0, 1324.0, 1302.0, 1302.0, 1298.0, 1301.0, 1291.0, 1294.0, 1286.0, 1286.0, 1317.0, 1302.0, 1302.0, 1302.0, 1334.0, 1324.0, 1321.0, 1294.0, 1310.0, 1330.0, 1298.0, 1299.0, 1299.0, 1299.0, 1317.0, 1313.0, 1309.0, 1321.0, 1305.0, 1309.0, 1301.0, 1302.0, 1302.0, 1316.0, 1286.0, 1301.0, 1307.0, 1308.0, 1272.0, 1283.0, 1273.0, 1274.0, 1315.0, 1299.0, 1314.0, 1285.0, 1285.0, 1289.0, 1257.0, 1274.0, 1268.0, 1262.0, 1266.0, 1247.0, 1255.0, 1244.0, 1223.0, 1266.0, 1187.0, 1196.0, 1179.0, 1167.0, 1155.0, 1157.0, 1255.0, 1273.0, 1292.0, 1201.0, 1149.0, 1165.0, 1418.0, 1489.0, 1518.0, 1417.0, 1410.0, 1348.0, 1333.0, 1136.0, 1101.0, 1105.0, 1107.0, 1113.0, 1111.0, 1122.0, 1121.0, 1131.0, 1131.0, 1123.0, 1108.0, 1116.0, 1129.0, 1115.0, 1101.0, 1118.0, 1105.0, 1103.0, 1103.0, 1130.0, 1113.0, 1116.0, 1111.0, 1102.0, 1120.0, 1129.0, 1133.0, 1121.0, 1111.0, 1115.0, 1096.0, 1126.0, 1137.0, 1106.0, 1109.0, 1106.0, 1103.0, 1115.0, 1096.0, 1079.0, 1119.0, 1106.0, 1129.0, 1083.0, 1100.0, 1107.0, 1107.0, 1110.0, 1099.0, 1099.0, 1103.0, 1091.0, 1095.0, 1104.0, 1109.0, 1124.0, 1124.0, 1102.0, 1106.0, 1093.0, 1100.0, 1100.0, 1112.0, 1101.0, 1104.0, 1093.0, 1105.0, 1122.0, 1101.0, 1105.0, 1096.0, 1100.0, 1099.0, 1092.0, 1115.0, 1108.0, 1108.0, 1119.0, 1107.0, 1098.0, 1098.0, 1108.0, 1127.0, 1090.0, 1105.0, 1122.0, 1104.0, 1087.0, 1102.0, 1113.0, 1114.0, 1124.0, 1097.0, 1093.0, 1108.0, 1100.0, 1100.0, 1098.0, 1101.0, 1096.0, 1106.0, 1110.0, 1121.0, 1102.0, 1110.0, 1118.0, 1108.0, 1101.0, 1099.0, 1086.0, 1109.0, 1115.0, 1111.0, 1108.0, 1117.0, 1116.0, 1109.0, 1088.0, 1091.0, 1089.0, 1101.0, 1113.0, 1121.0, 1137.0, 1128.0, 1117.0, 1110.0, 1121.0, 1106.0, 1100.0, 1099.0, 1102.0, 1119.0, 1116.0, 1116.0, 1097.0, 1120.0, 1105.0, 1109.0, 1106.0, 1110.0, 1113.0, 1110.0, 1114.0, 1122.0, 1112.0, 1122.0, 1120.0, 1122.0, 1121.0, 1113.0, 1103.0, 1108.0, 1131.0, 1136.0, 1123.0, 1136.0, 1115.0, 1125.0, 1134.0, 1121.0, 1126.0, 1116.0, 1119.0, 1105.0, 1114.0, 1123.0, 1121.0, 1121.0, 1126.0, 1123.0, 1113.0, 1106.0, 1124.0, 1124.0, 1119.0, 1126.0, 1126.0, 1126.0, 1111.0, 1148.0, 1129.0, 1127.0, 1125.0, 1122.0, 1143.0, 1133.0, 1103.0, 1117.0, 1137.0, 1134.0, 1136.0, 1133.0, 1121.0, 1104.0, 1119.0, 1120.0, 1125.0, 1151.0, 1141.0, 1137.0, 1115.0, 1111.0, 1112.0, 1129.0, 1150.0, 1139.0, 1142.0, 1135.0, 1144.0, 1133.0, 1133.0, 1142.0, 1134.0, 1118.0, 1128.0, 1136.0, 1115.0, 1129.0, 1135.0, 1146.0, 1133.0, 1149.0, 1206.0, 1242.0, 1222.0, 1222.0, 1152.0, 1145.0, 1144.0, 1171.0, 1175.0, 1199.0, 1202.0, 1232.0, 1217.0, 1243.0, 1283.0, 1288.0, 1294.0, 1299.0, 1302.0, 1299.0, 1303.0, 1310.0, 1302.0, 1315.0, 1317.0, 1328.0, 1326.0, 1346.0, 1334.0, 1337.0, 1354.0, 1348.0, 1339.0, 1356.0, 1365.0, 1375.0, 1385.0, 1392.0, 1389.0, 1379.0, 1405.0, 1407.0, 1414.0, 1418.0, 1423.0, 1423.0, 1434.0, 1434.0, 1445.0, 1463.0, 1451.0, 1461.0, 1451.0, 1477.0, 1477.0, 1504.0, 1514.0, 1514.0, 1524.0, 1528.0, 1505.0, 1513.0, 1510.0, 1495.0, 1515.0, 1507.0, 1533.0, 1530.0, 1517.0, 1522.0, 1525.0, 1531.0, 1532.0, 1518.0, 1540.0, 1540.0, 1536.0, 1543.0, 1545.0, 1525.0, 1540.0, 1540.0, 1552.0, 1551.0, 1551.0, 1548.0, 1541.0, 1540.0, 1541.0, 1541.0, 1576.0, 1566.0, 1569.0, 1563.0, 1559.0, 1562.0, 1574.0, 1560.0, 1554.0, 1566.0, 1571.0, 1571.0, 1575.0, 1590.0, 1570.0, 1570.0, 1595.0, 1581.0, 1576.0, 1592.0, 1603.0, 1597.0, 1595.0, 1575.0, 1581.0, 1590.0, 1595.0, 1602.0, 1578.0, 1590.0, 1599.0, 1581.0, 1575.0, 1590.0, 1589.0, 1581.0, 1575.0, 1562.0, 1574.0, 1592.0, 1593.0, 1591.0, 1580.0, 1574.0, 1583.0, 1593.0, 1588.0, 1591.0, 1580.0, 1595.0, 1595.0, 1578.0, 1586.0, 1571.0, 1581.0, 1595.0, 1597.0, 1576.0, 1604.0, 1597.0, 1593.0, 1587.0, 1577.0, 1578.0, 1577.0, 1574.0, 1580.0, 1581.0, 1578.0, 1578.0, 1580.0, 1574.0, 1568.0, 1565.0, 1573.0, 1552.0, 1567.0, 1559.0, 1554.0, 1567.0, 1564.0, 1565.0, 1563.0, 1568.0, 1549.0, 1562.0, 1571.0, 1558.0, 1547.0, 1548.0, 1551.0, 1554.0, 1556.0, 1558.0, 1559.0, 1540.0, 1548.0, 1548.0, 1548.0, 1544.0, 1519.0, 1529.0, 1540.0, 1515.0, 1526.0, 1521.0, 1517.0, 1517.0, 1521.0, 1517.0, 1520.0, 1516.0, 1483.0, 1494.0, 1479.0, 1492.0, 1488.0, 1484.0, 1475.0, 1471.0, 1467.0, 1470.0, 1478.0, 1472.0, 1460.0, 1462.0, 1465.0, 1459.0, 1461.0, 1459.0, 1456.0, 1456.0, 1460.0, 1453.0, 1446.0, 1444.0, 1449.0, 1443.0, 1412.0, 1412.0, 1412.0, 1431.0, 1429.0, 1433.0, 1444.0, 1444.0, 1424.0, 1453.0, 1432.0, 1434.0, 1425.0, 1424.0, 1397.0, 1388.0, 1355.0, 1355.0, 1359.0, 1365.0, 1367.0, 1373.0, 1361.0, 1361.0, 1361.0, 1360.0, 1349.0, 1338.0, 1353.0, 1341.0, 1338.0, 1339.0, 1342.0, 1321.0, 1330.0, 1319.0, 1339.0, 1327.0, 1297.0, 1322.0, 1317.0, 1291.0, 1319.0, 1319.0, 1295.0, 1301.0, 1294.0, 1289.0, 1295.0, 1299.0, 1297.0, 1282.0, 1282.0, 1255.0, 1251.0, 1251.0, 1280.0, 1280.0, 1263.0, 1262.0, 1279.0, 1276.0, 1280.0, 1257.0, 1245.0, 1258.0, 1240.0, 1250.0, 1265.0, 1270.0, 1268.0, 1256.0, 1247.0, 1247.0, 1253.0, 1246.0, 1240.0, 1249.0, 1260.0, 1248.0, 1264.0, 1261.0, 1247.0, 1245.0, 1246.0, 1247.0, 1242.0, 1242.0, 1250.0, 1261.0, 1256.0, 1252.0, 1254.0, 1249.0, 1259.0, 1283.0, 1285.0, 1256.0, 1270.0, 1285.0, 1282.0, 1262.0, 1259.0, 1268.0, 1281.0, 1290.0, 1282.0, 1272.0, 1295.0, 1287.0, 1290.0, 1293.0, 1297.0, 1307.0, 1302.0, 1295.0, 1280.0, 1280.0, 1302.0, 1294.0, 1304.0, 1306.0, 1302.0, 1312.0, 1312.0, 1301.0, 1296.0, 1293.0, 1311.0, 1299.0, 1299.0, 1297.0, 1296.0, 1310.0, 1313.0, 1313.0, 1322.0, 1327.0, 1320.0, 1320.0, 1323.0, 1315.0, 1307.0, 1301.0, 1320.0, 1310.0, 1327.0, 1337.0, 1337.0, 1309.0, 1323.0, 1331.0, 1328.0, 1342.0, 1338.0, 1338.0, 1324.0, 1324.0, 1341.0, 1337.0, 1338.0, 1329.0, 1330.0, 1350.0, 1350.0, 1350.0, 1353.0, 1351.0, 1356.0, 1355.0, 1342.0, 1363.0, 1363.0, 1353.0, 1355.0, 1358.0, 1364.0, 1346.0, 1345.0, 1345.0, 1362.0, 1346.0, 1346.0, 1350.0, 1350.0, 1350.0, 1374.0, 1371.0, 1339.0, 1349.0, 1314.0, 1330.0, 1342.0, 1329.0, 1334.0, 1335.0, 1335.0, 1335.0, 1309.0, 1322.0, 1337.0, 1338.0, 1344.0, 1309.0, 1292.0, 1305.0]