header: 
  seq: 1019
  stamp: 
    secs: 1548820782
    nsecs: 607363326
  frame_id: "base_link"
angle_min: -2.35619449615
angle_max: 2.35619449615
angle_increment: 0.00436332309619
time_increment: 1.73611151695e-05
scan_time: 0.0250000003725
range_min: 0.019999999553
range_max: 30.0
ranges: [2.3289999961853027, 2.308000087738037, 2.3340001106262207, 2.328000068664551, 2.3239998817443848, 2.3480000495910645, 2.3589999675750732, 2.3529999256134033, 2.3529999256134033, 2.3589999675750732, 2.365000009536743, 2.369999885559082, 2.38700008392334, 2.388000011444092, 2.385999917984009, 0.5429999828338623, 0.3630000054836273, 0.34700000286102295, 0.2590000033378601, 0.33899998664855957, 0.3659999966621399, 0.4359999895095825, 0.4880000054836273, 0.5049999952316284, 0.5139999985694885, 0.5109999775886536, 0.5090000033378601, 0.5040000081062317, 0.4959999918937683, 0.4959999918937683, 0.4869999885559082, 0.5009999871253967, 0.5120000243186951, 0.5, 0.49799999594688416, 0.49799999594688416, 0.49799999594688416, 0.49799999594688416, 0.49399998784065247, 0.4950000047683716, 0.49300000071525574, 0.492000013589859, 0.48899999260902405, 0.48399999737739563, 0.4819999933242798, 0.48100000619888306, 0.4779999852180481, 0.47699999809265137, 0.4779999852180481, 0.4779999852180481, 0.4779999852180481, 0.4790000021457672, 0.47600001096725464, 0.4779999852180481, 0.4790000021457672, 0.4790000021457672, 0.4749999940395355, 0.47600001096725464, 0.4749999940395355, 0.46700000762939453, 0.46700000762939453, 0.46700000762939453, 0.4699999988079071, 0.4650000035762787, 0.4650000035762787, 0.4650000035762787, 0.4659999907016754, 0.460999995470047, 0.460999995470047, 0.45899999141693115, 0.4620000123977661, 0.4650000035762787, 0.4659999907016754, 0.4650000035762787, 0.4569999873638153, 0.45500001311302185, 0.4560000002384186, 0.4580000042915344, 0.4580000042915344, 0.46000000834465027, 0.460999995470047, 0.4519999921321869, 0.45100000500679016, 0.45100000500679016, 0.453000009059906, 0.45500001311302185, 0.4580000042915344, 0.45100000500679016, 0.44999998807907104, 0.4480000138282776, 0.44999998807907104, 0.45100000500679016, 0.4490000009536743, 0.44200000166893005, 0.4359999895095825, 0.43700000643730164, 0.4359999895095825, 0.4359999895095825, 0.4359999895095825, 0.4359999895095825, 0.4359999895095825, 0.4410000145435333, 0.43700000643730164, 0.4359999895095825, 0.4320000112056732, 0.4359999895095825, 0.4339999854564667, 0.4339999854564667, 0.4320000112056732, 0.4320000112056732, 0.4320000112056732, 0.4309999942779541, 0.4320000112056732, 0.4320000112056732, 0.4320000112056732, 0.4320000112056732, 0.4309999942779541, 0.4300000071525574, 0.42399999499320984, 0.42399999499320984, 0.421999990940094, 0.42500001192092896, 0.4269999861717224, 0.4269999861717224, 0.42399999499320984, 0.42100000381469727, 0.42100000381469727, 0.42399999499320984, 0.42399999499320984, 0.42500001192092896, 0.42500001192092896, 0.4230000078678131, 0.4189999997615814, 0.4129999876022339, 0.4129999876022339, 0.4169999957084656, 0.4169999957084656, 0.4180000126361847, 0.414000004529953, 0.41600000858306885, 0.414000004529953, 0.41600000858306885, 0.41600000858306885, 0.41600000858306885, 0.4169999957084656, 0.4230000078678131, 0.42100000381469727, 0.42100000381469727, 0.41499999165534973, 0.41499999165534973, 0.40799999237060547, 0.4059999883174896, 0.414000004529953, 0.414000004529953, 0.41499999165534973, 0.4099999964237213, 0.40799999237060547, 0.40799999237060547, 0.40799999237060547, 0.4050000011920929, 0.4050000011920929, 0.4059999883174896, 0.40799999237060547, 0.4090000092983246, 0.41200000047683716, 0.40799999237060547, 0.40799999237060547, 0.4059999883174896, 0.4050000011920929, 0.4050000011920929, 0.40400001406669617, 0.40400001406669617, 0.4090000092983246, 0.41499999165534973, 0.4169999957084656, 0.4090000092983246, 0.40700000524520874, 0.40700000524520874, 0.4059999883174896, 0.4059999883174896, 0.40400001406669617, 0.40400001406669617, 0.4050000011920929, 0.4000000059604645, 0.4000000059604645, 0.4009999930858612, 0.4099999964237213, 0.40799999237060547, 0.4020000100135803, 0.3970000147819519, 0.4020000100135803, 0.40700000524520874, 0.40700000524520874, 0.4009999930858612, 0.4009999930858612, 0.39899998903274536, 0.39800000190734863, 0.39800000190734863, 0.4050000011920929, 0.40400001406669617, 0.3970000147819519, 0.3970000147819519, 0.4000000059604645, 0.40700000524520874, 0.40700000524520874, 0.40299999713897705, 0.4050000011920929, 0.40400001406669617, 0.4050000011920929, 0.39899998903274536, 0.39899998903274536, 0.3970000147819519, 0.4000000059604645, 0.40299999713897705, 0.4050000011920929, 0.4059999883174896, 0.4059999883174896, 0.4090000092983246, 0.4129999876022339, 0.41100001335144043, 0.4090000092983246, 0.40299999713897705, 0.4020000100135803, 0.40400001406669617, 0.40700000524520874, 0.40700000524520874, 0.40799999237060547, 0.4059999883174896, 0.4050000011920929, 0.40400001406669617, 0.4000000059604645, 0.4000000059604645, 0.40299999713897705, 0.4090000092983246, 0.4090000092983246, 0.40700000524520874, 0.40400001406669617, 0.40700000524520874, 0.40700000524520874, 0.4099999964237213, 0.421999990940094, 0.4189999997615814, 0.4169999957084656, 0.41600000858306885, 0.41200000047683716, 0.41100001335144043, 0.414000004529953, 0.41100001335144043, 0.41499999165534973, 0.4129999876022339, 0.41100001335144043, 0.41100001335144043, 0.41499999165534973, 0.42100000381469727, 0.41999998688697815, 0.4230000078678131, 0.4230000078678131, 0.414000004529953, 0.414000004529953, 0.42800000309944153, 0.4259999990463257, 0.42100000381469727, 0.421999990940094, 0.42500001192092896, 0.42399999499320984, 0.42399999499320984, 0.42399999499320984, 0.42100000381469727, 0.42100000381469727, 0.42800000309944153, 0.42800000309944153, 0.4269999861717224, 0.4309999942779541, 0.4320000112056732, 0.4320000112056732, 0.4350000023841858, 0.4339999854564667, 0.4339999854564667, 0.4350000023841858, 0.43799999356269836, 0.43799999356269836, 0.43700000643730164, 0.44200000166893005, 0.4449999928474426, 0.4440000057220459, 0.4449999928474426, 0.44999998807907104, 0.4440000057220459, 0.45500001311302185, 0.45100000500679016, 0.4569999873638153, 0.46000000834465027, 0.45399999618530273, 0.4480000138282776, 0.45399999618530273, 0.46000000834465027, 0.46000000834465027, 0.46000000834465027, 0.46000000834465027, 0.45899999141693115, 0.4620000123977661, 0.46700000762939453, 0.4659999907016754, 0.46799999475479126, 0.4729999899864197, 0.47600001096725464, 0.4729999899864197, 0.4699999988079071, 0.4699999988079071, 0.47200000286102295, 0.47600001096725464, 0.4860000014305115, 0.47999998927116394, 0.47699999809265137, 0.47999998927116394, 0.4819999933242798, 0.48500001430511475, 0.4869999885559082, 0.49000000953674316, 0.48899999260902405, 0.4869999885559082, 0.4869999885559082, 0.48899999260902405, 0.49399998784065247, 0.4959999918937683, 0.5049999952316284, 0.5040000081062317, 0.503000020980835, 0.5059999823570251, 0.5059999823570251, 0.5049999952316284, 0.5099999904632568, 0.5170000195503235, 0.5170000195503235, 0.5149999856948853, 0.5180000066757202, 0.5210000276565552, 0.5210000276565552, 0.5199999809265137, 0.5189999938011169, 0.5180000066757202, 0.5249999761581421, 0.531000018119812, 0.5260000228881836, 0.5350000262260437, 0.5410000085830688, 0.5379999876022339, 0.5460000038146973, 0.5379999876022339, 0.5400000214576721, 0.5400000214576721, 0.5509999990463257, 0.5509999990463257, 0.5509999990463257, 0.5630000233650208, 0.5630000233650208, 0.5630000233650208, 0.5630000233650208, 0.5609999895095825, 0.5649999976158142, 0.578000009059906, 0.5789999961853027, 0.574999988079071, 0.5849999785423279, 0.5889999866485596, 0.5849999785423279, 0.5879999995231628, 0.5899999737739563, 0.5950000286102295, 0.5979999899864197, 0.5989999771118164, 0.6110000014305115, 0.6140000224113464, 0.6159999966621399, 0.6159999966621399, 0.6169999837875366, 0.6169999837875366, 0.6179999709129333, 0.6209999918937683, 0.628000020980835, 0.6309999823570251, 0.6340000033378601, 0.6340000033378601, 0.6359999775886536, 0.6449999809265137, 0.6480000019073486, 0.652999997138977, 0.6549999713897705, 0.6570000052452087, 0.6620000004768372, 0.6650000214576721, 0.6650000214576721, 0.6759999990463257, 0.6790000200271606, 0.6809999942779541, 0.6819999814033508, 0.6869999766349792, 0.6899999976158142, 0.6970000267028809, 0.6970000267028809, 0.6980000138282776, 0.703000009059906, 0.7039999961853027, 0.7179999947547913, 0.718999981880188, 0.718999981880188, 0.7250000238418579, 0.7310000061988831, 0.734000027179718, 0.7350000143051147, 0.7379999756813049, 0.7409999966621399, 0.7480000257492065, 0.7570000290870667, 0.7609999775886536, 0.7630000114440918, 0.7720000147819519, 0.7760000228881836, 0.7839999794960022, 0.7870000004768372, 0.7910000085830688, 0.8019999861717224, 0.800000011920929, 0.8109999895095825, 0.8119999766349792, 0.824999988079071, 0.8330000042915344, 0.8360000252723694, 0.8650000095367432, 0.8550000190734863, 0.8629999756813049, 0.8679999709129333, 0.8899999856948853, 0.8899999856948853, 0.8920000195503235, 0.8999999761581421, 0.9150000214576721, 0.9179999828338623, 0.9259999990463257, 0.9330000281333923, 0.9459999799728394, 0.9570000171661377, 0.9599999785423279, 0.9739999771118164, 0.9810000061988831, 0.9940000176429749, 1.0119999647140503, 1.0199999809265137, 1.034000039100647, 1.0449999570846558, 1.0609999895095825, 1.065000057220459, 1.0829999446868896, 1.097000002861023, 1.1069999933242798, 1.1230000257492065, 1.1330000162124634, 1.1380000114440918, 1.1540000438690186, 1.1740000247955322, 1.190000057220459, 1.2139999866485596, 1.218999981880188, 1.2330000400543213, 1.24399995803833, 1.2899999618530273, 7.785999774932861, 7.802000045776367, 7.816999912261963, 7.8379998207092285, 7.849999904632568, 7.86299991607666, 7.861000061035156, 7.0970001220703125, 6.624000072479248, 6.50600004196167, 6.517000198364258, 6.53000020980835, 6.535999774932861, 6.560999870300293, 6.567999839782715, 6.584000110626221, 6.6020002365112305, 6.619999885559082, 6.638000011444092, 6.644000053405762, 6.631999969482422, 6.593999862670898, 6.389999866485596, 6.247000217437744, 6.656000137329102, 6.732999801635742, 6.75600004196167, 6.761000156402588, 6.754000186920166, 6.605000019073486, 6.124000072479248, 5.890999794006348, 5.874000072479248, 5.854000091552734, 5.834000110626221, 5.813000202178955, 5.804999828338623, 5.810999870300293, 5.800000190734863, 5.828999996185303, 5.830999851226807, 5.8460001945495605, 5.841000080108643, 5.843999862670898, 5.767000198364258, 5.078000068664551, 4.848999977111816, 4.76200008392334, 4.729000091552734, 4.711999893188477, 4.683000087738037, 4.65500020980835, 4.625, 4.5980000495910645, 4.564000129699707, 4.540999889373779, 4.520999908447266, 4.497000217437744, 4.473999977111816, 4.454999923706055, 4.422999858856201, 4.390999794006348, 4.357999801635742, 4.3429999351501465, 4.320000171661377, 4.304999828338623, 4.288000106811523, 4.263999938964844, 4.256999969482422, 4.204999923706055, 4.196000099182129, 4.177999973297119, 4.1570000648498535, 4.146999835968018, 4.126999855041504, 4.105000019073486, 4.085999965667725, 4.066999912261963, 4.041999816894531, 4.03000020980835, 4.010000228881836, 3.989000082015991, 3.9779999256134033, 3.9560000896453857, 3.937999963760376, 3.936000108718872, 3.9189999103546143, 3.8980000019073486, 3.875999927520752, 3.875999927520752, 5.697999954223633, 5.7270002365112305, 5.752999782562256, 5.7769999504089355, 5.817999839782715, 5.833000183105469, 5.864999771118164, 5.894000053405762, 5.925000190734863, 5.941999912261963, 5.98799991607666, 6.0229997634887695, 6.054999828338623, 6.0879998207092285, 6.078000068664551, 6.074999809265137, 6.048999786376953, 6.017000198364258, 6.020999908447266, 5.999000072479248, 5.999000072479248, 5.086999893188477, 5.21999979019165, 5.26200008392334, 5.484000205993652, 5.343999862670898, 4.89900016784668, 4.8470001220703125, 4.806000232696533, 4.794000148773193, 4.789000034332275, 4.790999889373779, 4.7829999923706055, 4.771999835968018, 4.761000156402588, 4.730000019073486, 1.8009999990463257, 1.7899999618530273, 1.7619999647140503, 1.7430000305175781, 1.7309999465942383, 1.7120000123977661, 1.7089999914169312, 1.684999942779541, 1.6710000038146973, 1.6670000553131104, 1.6440000534057617, 1.6390000581741333, 1.6269999742507935, 1.6130000352859497, 1.590999960899353, 1.5809999704360962, 1.569000005722046, 1.5499999523162842, 1.5429999828338623, 1.5210000276565552, 1.50600004196167, 1.4950000047683716, 1.4880000352859497, 1.4709999561309814, 1.4490000009536743, 1.4359999895095825, 1.4240000247955322, 1.4119999408721924, 1.3880000114440918, 1.3819999694824219, 1.3609999418258667, 1.343999981880188, 1.3300000429153442, 1.3140000104904175, 1.3040000200271606, 1.2890000343322754, 1.2710000276565552, 1.246000051498413, 1.246000051498413, 1.2359999418258667, 1.2139999866485596, 1.2079999446868896, 1.187999963760376, 1.1790000200271606, 1.1729999780654907, 1.159999966621399, 1.1440000534057617, 1.13100004196167, 1.1260000467300415, 1.1080000400543213, 1.1030000448226929, 1.0920000076293945, 1.0809999704360962, 1.065999984741211, 1.0579999685287476, 1.0540000200271606, 1.0540000200271606, 1.0410000085830688, 1.0269999504089355, 1.024999976158142, 1.0149999856948853, 1.00600004196167, 1.0019999742507935, 0.9959999918937683, 0.9890000224113464, 0.9700000286102295, 0.9729999899864197, 0.9660000205039978, 0.9599999785423279, 0.953000009059906, 0.9480000138282776, 0.9459999799728394, 0.9430000185966492, 0.9390000104904175, 0.9259999990463257, 0.9160000085830688, 0.9129999876022339, 0.902999997138977, 0.8989999890327454, 0.8989999890327454, 0.8899999856948853, 0.8840000033378601, 0.8790000081062317, 0.8740000128746033, 0.8730000257492065, 0.8659999966621399, 0.8550000190734863, 0.8500000238418579, 0.8510000109672546, 0.8429999947547913, 0.8379999995231628, 0.8330000042915344, 0.824999988079071, 0.8199999928474426, 0.8199999928474426, 0.8180000185966492, 0.8069999814033508, 0.8069999814033508, 0.7979999780654907, 0.796999990940094, 0.7919999957084656, 0.7889999747276306, 0.7839999794960022, 0.777999997138977, 0.7749999761581421, 0.7689999938011169, 0.765999972820282, 0.7639999985694885, 0.7630000114440918, 0.7570000290870667, 0.7540000081062317, 0.7480000257492065, 0.7450000047683716, 0.7419999837875366, 0.7369999885559082, 0.7319999933242798, 0.7210000157356262, 0.7210000157356262, 0.7179999947547913, 0.7179999947547913, 0.7179999947547913, 0.7120000123977661, 0.7039999961853027, 0.703000009059906, 0.6990000009536743, 0.6980000138282776, 0.6980000138282776, 0.6949999928474426, 0.6919999718666077, 0.6880000233650208, 0.6850000023841858, 0.6759999990463257, 0.6729999780654907, 0.6729999780654907, 0.6729999780654907, 0.6690000295639038, 0.6650000214576721, 0.6639999747276306, 0.6639999747276306, 0.6639999747276306, 0.6629999876022339, 0.6600000262260437, 0.6600000262260437, 0.6549999713897705, 0.652999997138977, 0.6510000228881836, 0.6499999761581421, 0.6449999809265137, 0.640999972820282, 0.640999972820282, 0.640999972820282, 0.6320000290870667, 0.6320000290870667, 0.6330000162124634, 0.6299999952316284, 0.6230000257492065, 0.6230000257492065, 0.6269999742507935, 0.6140000224113464, 0.6179999709129333, 0.6179999709129333, 0.6140000224113464, 0.6119999885559082, 0.6119999885559082, 0.6119999885559082, 0.6110000014305115, 0.609000027179718, 0.6000000238418579, 0.6000000238418579, 0.597000002861023, 0.6069999933242798, 0.6019999980926514, 0.5889999866485596, 0.5870000123977661, 0.5879999995231628, 0.5899999737739563, 0.5889999866485596, 0.5870000123977661, 0.5849999785423279, 0.5849999785423279, 0.5860000252723694, 0.5860000252723694, 0.578000009059906, 0.5799999833106995, 0.5759999752044678, 0.574999988079071, 0.5730000138282776, 0.5669999718666077, 0.5690000057220459, 0.5680000185966492, 0.5720000267028809, 0.5730000138282776, 0.5730000138282776, 0.574999988079071, 0.5669999718666077, 0.5619999766349792, 0.5609999895095825, 0.5590000152587891, 0.5580000281333923, 0.5580000281333923, 0.5569999814033508, 0.5550000071525574, 0.5550000071525574, 0.5550000071525574, 0.5540000200271606, 0.5550000071525574, 0.5440000295639038, 0.5440000295639038, 0.5440000295639038, 0.5479999780654907, 0.5509999990463257, 0.5509999990463257, 0.5440000295639038, 0.5440000295639038, 0.5440000295639038, 0.5440000295639038, 0.5389999747276306, 0.5400000214576721, 0.5379999876022339, 0.5419999957084656, 0.5460000038146973, 0.5429999828338623, 0.5389999747276306, 0.5360000133514404, 0.5360000133514404, 0.5329999923706055, 0.5360000133514404, 0.5360000133514404, 0.5360000133514404, 0.531000018119812, 0.5299999713897705, 0.5289999842643738, 0.5329999923706055, 0.531000018119812, 0.5289999842643738, 0.5270000100135803, 0.5249999761581421, 0.5210000276565552, 0.5220000147819519, 0.5220000147819519, 0.5270000100135803, 0.5270000100135803, 0.5249999761581421, 0.5210000276565552, 0.5199999809265137, 0.527999997138977, 0.5270000100135803, 0.5210000276565552, 0.5180000066757202, 0.5210000276565552, 0.5210000276565552, 0.5210000276565552, 0.5199999809265137, 0.5199999809265137, 0.5199999809265137, 0.5230000019073486, 0.5199999809265137, 0.5170000195503235, 0.515999972820282, 0.5170000195503235, 0.5149999856948853, 0.5149999856948853, 0.5139999985694885, 0.5109999775886536, 0.5099999904632568, 0.5080000162124634, 0.5080000162124634, 0.5090000033378601, 0.5120000243186951, 0.5099999904632568, 0.515999972820282, 0.5109999775886536, 0.5090000033378601, 0.503000020980835, 0.5120000243186951, 0.5090000033378601, 0.5080000162124634, 0.5080000162124634, 0.503000020980835, 0.5070000290870667, 0.5070000290870667, 0.5040000081062317, 0.503000020980835, 0.5040000081062317, 0.5059999823570251, 0.5109999775886536, 0.5109999775886536, 0.5099999904632568, 0.5080000162124634, 0.5049999952316284, 0.5049999952316284, 0.5059999823570251, 0.5080000162124634, 0.5130000114440918, 0.5070000290870667, 0.5019999742507935, 0.5019999742507935, 0.5019999742507935, 0.5049999952316284, 0.5070000290870667, 0.5090000033378601, 0.5, 0.5, 0.5019999742507935, 0.5040000081062317, 0.5049999952316284, 0.5009999871253967, 0.5070000290870667, 0.5139999985694885, 0.5149999856948853, 0.5099999904632568, 0.5040000081062317, 0.503000020980835, 0.5009999871253967, 0.49900001287460327, 0.503000020980835, 0.5019999742507935, 0.5019999742507935, 0.5009999871253967, 0.5040000081062317, 0.5099999904632568, 0.5109999775886536, 0.5049999952316284, 0.5059999823570251, 0.5009999871253967, 0.5099999904632568, 0.5070000290870667, 0.5070000290870667, 0.5059999823570251, 0.5099999904632568, 0.5080000162124634, 0.503000020980835, 0.5019999742507935, 0.5019999742507935, 0.5049999952316284, 0.5099999904632568, 0.5120000243186951, 0.5139999985694885, 0.5139999985694885, 0.5149999856948853, 0.5139999985694885, 0.5139999985694885, 0.5130000114440918, 0.5120000243186951, 0.5180000066757202, 0.5199999809265137, 0.515999972820282, 0.5109999775886536, 0.5109999775886536, 0.5099999904632568, 0.5109999775886536, 0.5049999952316284, 0.5090000033378601, 0.5120000243186951, 0.5109999775886536, 0.5049999952316284, 0.5019999742507935, 0.5099999904632568, 0.5149999856948853, 0.5210000276565552, 0.5139999985694885, 0.5149999856948853, 0.5090000033378601, 0.5090000033378601, 0.5149999856948853, 0.5210000276565552, 0.5199999809265137, 0.5239999890327454, 0.5220000147819519, 0.5220000147819519, 0.5210000276565552, 0.5189999938011169, 0.5199999809265137, 0.5239999890327454, 0.5270000100135803, 0.5180000066757202, 0.5180000066757202, 0.5199999809265137, 0.527999997138977, 0.5320000052452087, 0.5289999842643738, 0.5270000100135803, 0.527999997138977, 0.5289999842643738, 0.5320000052452087, 0.5320000052452087, 0.5400000214576721, 0.5389999747276306, 0.5410000085830688, 0.5429999828338623, 0.5419999957084656, 0.5400000214576721, 0.5450000166893005, 0.5460000038146973, 0.5460000038146973, 0.546999990940094, 0.546999990940094, 0.5460000038146973, 0.5460000038146973, 0.546999990940094, 0.5460000038146973, 0.5460000038146973, 0.5509999990463257, 0.5509999990463257, 0.5509999990463257, 0.550000011920929, 0.5569999814033508, 0.5600000023841858, 0.5609999895095825, 0.5609999895095825, 0.5649999976158142, 0.5669999718666077, 0.5619999766349792, 0.5649999976158142, 0.5619999766349792, 0.5619999766349792, 0.5630000233650208, 0.5649999976158142, 0.5730000138282776, 0.5720000267028809, 0.5680000185966492, 0.5680000185966492, 0.5669999718666077, 0.5649999976158142, 0.5680000185966492, 0.5690000057220459, 0.5730000138282776, 0.5730000138282776, 0.5740000009536743, 0.5740000009536743, 0.5759999752044678, 0.5789999961853027, 0.5830000042915344, 0.5820000171661377, 0.5759999752044678, 0.578000009059906, 0.5789999961853027, 0.5830000042915344, 0.5830000042915344, 0.5830000042915344, 0.5799999833106995, 0.5789999961853027, 0.5820000171661377, 0.5910000205039978, 0.5870000123977661, 0.5960000157356262, 0.5960000157356262, 0.5960000157356262, 0.597000002861023, 0.597000002861023, 0.6019999980926514, 0.597000002861023, 0.597000002861023, 0.5989999771118164, 0.6069999933242798, 0.6069999933242798, 0.6069999933242798, 0.6069999933242798, 0.6140000224113464, 0.6140000224113464, 0.6029999852180481, 0.6060000061988831, 0.6150000095367432, 0.6110000014305115, 0.6029999852180481, 0.6119999885559082, 0.6129999756813049, 0.6119999885559082, 0.6169999837875366, 0.6169999837875366, 0.6169999837875366, 0.6190000176429749, 0.6320000290870667, 0.6320000290870667, 0.6320000290870667, 0.6380000114440918, 0.6449999809265137, 0.6420000195503235, 0.6470000147819519, 0.6539999842643738, 0.6570000052452087, 0.6570000052452087, 0.6549999713897705, 0.6690000295639038, 0.6690000295639038, 0.6729999780654907, 0.6660000085830688, 0.6639999747276306, 0.6660000085830688]
intensities: [561.0, 568.0, 641.0, 675.0, 680.0, 737.0, 767.0, 768.0, 783.0, 798.0, 813.0, 820.0, 831.0, 801.0, 755.0, 1440.0, 942.0, 932.0, 748.0, 937.0, 947.0, 998.0, 1056.0, 1067.0, 1078.0, 1053.0, 1033.0, 1033.0, 1037.0, 1090.0, 1121.0, 1276.0, 1407.0, 1405.0, 1475.0, 1537.0, 1537.0, 1537.0, 1598.0, 1569.0, 1560.0, 1562.0, 1565.0, 1586.0, 1592.0, 1599.0, 1597.0, 1602.0, 1592.0, 1592.0, 1587.0, 1593.0, 1599.0, 1592.0, 1606.0, 1625.0, 1600.0, 1604.0, 1598.0, 1592.0, 1592.0, 1596.0, 1599.0, 1596.0, 1576.0, 1578.0, 1581.0, 1582.0, 1590.0, 1567.0, 1585.0, 1592.0, 1565.0, 1568.0, 1597.0, 1601.0, 1595.0, 1576.0, 1567.0, 1569.0, 1576.0, 1571.0, 1563.0, 1563.0, 1566.0, 1567.0, 1561.0, 1588.0, 1583.0, 1540.0, 1583.0, 1568.0, 1556.0, 1542.0, 1546.0, 1532.0, 1536.0, 1529.0, 1525.0, 1525.0, 1529.0, 1531.0, 1524.0, 1526.0, 1521.0, 1511.0, 1508.0, 1515.0, 1521.0, 1513.0, 1513.0, 1525.0, 1516.0, 1518.0, 1514.0, 1505.0, 1505.0, 1505.0, 1502.0, 1502.0, 1502.0, 1497.0, 1482.0, 1488.0, 1489.0, 1507.0, 1508.0, 1499.0, 1496.0, 1496.0, 1496.0, 1489.0, 1489.0, 1482.0, 1482.0, 1481.0, 1476.0, 1465.0, 1470.0, 1450.0, 1446.0, 1452.0, 1454.0, 1454.0, 1454.0, 1443.0, 1434.0, 1445.0, 1419.0, 1419.0, 1424.0, 1436.0, 1399.0, 1399.0, 1418.0, 1407.0, 1400.0, 1402.0, 1401.0, 1399.0, 1399.0, 1397.0, 1399.0, 1387.0, 1400.0, 1390.0, 1390.0, 1382.0, 1374.0, 1377.0, 1364.0, 1364.0, 1357.0, 1354.0, 1369.0, 1337.0, 1334.0, 1328.0, 1321.0, 1341.0, 1325.0, 1325.0, 1296.0, 1315.0, 1314.0, 1325.0, 1299.0, 1315.0, 1302.0, 1278.0, 1272.0, 1279.0, 1279.0, 1280.0, 1280.0, 1301.0, 1278.0, 1278.0, 1276.0, 1266.0, 1268.0, 1265.0, 1260.0, 1257.0, 1252.0, 1246.0, 1245.0, 1248.0, 1249.0, 1252.0, 1251.0, 1238.0, 1244.0, 1246.0, 1245.0, 1248.0, 1252.0, 1225.0, 1224.0, 1222.0, 1220.0, 1211.0, 1210.0, 1207.0, 1189.0, 1189.0, 1193.0, 1193.0, 1191.0, 1166.0, 1164.0, 1164.0, 1169.0, 1178.0, 1178.0, 1176.0, 1169.0, 1168.0, 1149.0, 1150.0, 1176.0, 1171.0, 1164.0, 1162.0, 1157.0, 1158.0, 1160.0, 1159.0, 1164.0, 1142.0, 1145.0, 1148.0, 1143.0, 1137.0, 1138.0, 1145.0, 1145.0, 1128.0, 1128.0, 1137.0, 1136.0, 1116.0, 1125.0, 1128.0, 1136.0, 1140.0, 1134.0, 1113.0, 1113.0, 1135.0, 1135.0, 1127.0, 1153.0, 1156.0, 1149.0, 1155.0, 1150.0, 1146.0, 1150.0, 1166.0, 1164.0, 1167.0, 1172.0, 1197.0, 1175.0, 1187.0, 1197.0, 1191.0, 1200.0, 1205.0, 1213.0, 1227.0, 1219.0, 1215.0, 1220.0, 1206.0, 1206.0, 1221.0, 1221.0, 1223.0, 1223.0, 1221.0, 1223.0, 1222.0, 1219.0, 1221.0, 1225.0, 1227.0, 1231.0, 1236.0, 1242.0, 1265.0, 1254.0, 1246.0, 1251.0, 1255.0, 1247.0, 1260.0, 1248.0, 1266.0, 1267.0, 1260.0, 1262.0, 1265.0, 1265.0, 1277.0, 1266.0, 1259.0, 1293.0, 1294.0, 1278.0, 1292.0, 1297.0, 1296.0, 1296.0, 1304.0, 1312.0, 1312.0, 1310.0, 1299.0, 1289.0, 1315.0, 1308.0, 1302.0, 1300.0, 1313.0, 1313.0, 1317.0, 1310.0, 1307.0, 1294.0, 1307.0, 1307.0, 1305.0, 1328.0, 1328.0, 1326.0, 1326.0, 1326.0, 1332.0, 1344.0, 1338.0, 1328.0, 1327.0, 1339.0, 1327.0, 1333.0, 1327.0, 1333.0, 1328.0, 1320.0, 1324.0, 1326.0, 1338.0, 1338.0, 1338.0, 1327.0, 1333.0, 1331.0, 1331.0, 1323.0, 1323.0, 1323.0, 1324.0, 1322.0, 1316.0, 1310.0, 1307.0, 1306.0, 1301.0, 1298.0, 1298.0, 1320.0, 1316.0, 1306.0, 1298.0, 1304.0, 1301.0, 1299.0, 1289.0, 1280.0, 1256.0, 1247.0, 1251.0, 1244.0, 1244.0, 1213.0, 1196.0, 1186.0, 1172.0, 1153.0, 1144.0, 1143.0, 1148.0, 1136.0, 1122.0, 1134.0, 1124.0, 1129.0, 1115.0, 1119.0, 1130.0, 1096.0, 1112.0, 1116.0, 1133.0, 1143.0, 1101.0, 1165.0, 1102.0, 1132.0, 1137.0, 1151.0, 1151.0, 1113.0, 1116.0, 1139.0, 1135.0, 1152.0, 1123.0, 1137.0, 1128.0, 1119.0, 1115.0, 1125.0, 1131.0, 1097.0, 1105.0, 1103.0, 1103.0, 1121.0, 1106.0, 1101.0, 1120.0, 1113.0, 1102.0, 1101.0, 1096.0, 1091.0, 1096.0, 1082.0, 1113.0, 1104.0, 1041.0, 895.0, 677.0, 623.0, 637.0, 634.0, 633.0, 640.0, 635.0, 639.0, 998.0, 769.0, 654.0, 677.0, 695.0, 694.0, 710.0, 699.0, 700.0, 691.0, 707.0, 693.0, 686.0, 662.0, 640.0, 680.0, 741.0, 625.0, 672.0, 676.0, 647.0, 618.0, 611.0, 395.0, 482.0, 455.0, 429.0, 465.0, 515.0, 536.0, 560.0, 520.0, 493.0, 466.0, 458.0, 427.0, 425.0, 404.0, 787.0, 716.0, 717.0, 770.0, 778.0, 783.0, 786.0, 778.0, 781.0, 784.0, 792.0, 793.0, 800.0, 803.0, 800.0, 796.0, 806.0, 803.0, 806.0, 812.0, 821.0, 824.0, 835.0, 840.0, 841.0, 841.0, 839.0, 841.0, 841.0, 845.0, 847.0, 846.0, 852.0, 853.0, 847.0, 860.0, 855.0, 859.0, 859.0, 859.0, 858.0, 809.0, 731.0, 604.0, 448.0, 700.0, 709.0, 718.0, 711.0, 721.0, 717.0, 702.0, 705.0, 712.0, 706.0, 716.0, 718.0, 745.0, 786.0, 777.0, 772.0, 761.0, 733.0, 740.0, 684.0, 684.0, 600.0, 880.0, 890.0, 790.0, 818.0, 471.0, 525.0, 572.0, 576.0, 561.0, 528.0, 471.0, 453.0, 437.0, 402.0, 300.0, 492.0, 679.0, 816.0, 901.0, 970.0, 1007.0, 1033.0, 1040.0, 1077.0, 1057.0, 1057.0, 1067.0, 1058.0, 1047.0, 1056.0, 1060.0, 1073.0, 1093.0, 1067.0, 1053.0, 1030.0, 1013.0, 1011.0, 1035.0, 1038.0, 1009.0, 998.0, 1043.0, 1078.0, 1087.0, 1096.0, 1105.0, 1107.0, 1110.0, 1114.0, 1123.0, 1096.0, 1110.0, 1110.0, 1106.0, 1117.0, 1106.0, 1102.0, 1118.0, 1112.0, 1125.0, 1130.0, 1142.0, 1156.0, 1147.0, 1127.0, 1128.0, 1144.0, 1125.0, 1129.0, 1127.0, 1150.0, 1171.0, 1201.0, 1194.0, 1187.0, 1201.0, 1200.0, 1211.0, 1217.0, 1240.0, 1235.0, 1254.0, 1276.0, 1261.0, 1269.0, 1265.0, 1260.0, 1252.0, 1269.0, 1277.0, 1267.0, 1262.0, 1288.0, 1291.0, 1293.0, 1302.0, 1309.0, 1311.0, 1308.0, 1321.0, 1323.0, 1336.0, 1325.0, 1335.0, 1338.0, 1353.0, 1358.0, 1358.0, 1352.0, 1352.0, 1373.0, 1357.0, 1358.0, 1368.0, 1377.0, 1383.0, 1389.0, 1385.0, 1382.0, 1415.0, 1413.0, 1385.0, 1389.0, 1409.0, 1420.0, 1415.0, 1418.0, 1416.0, 1446.0, 1419.0, 1426.0, 1427.0, 1423.0, 1431.0, 1449.0, 1461.0, 1453.0, 1460.0, 1452.0, 1469.0, 1467.0, 1467.0, 1481.0, 1493.0, 1494.0, 1506.0, 1510.0, 1515.0, 1517.0, 1495.0, 1489.0, 1505.0, 1506.0, 1515.0, 1510.0, 1505.0, 1494.0, 1506.0, 1502.0, 1503.0, 1526.0, 1532.0, 1532.0, 1535.0, 1544.0, 1542.0, 1558.0, 1557.0, 1562.0, 1562.0, 1585.0, 1606.0, 1573.0, 1573.0, 1597.0, 1607.0, 1606.0, 1606.0, 1613.0, 1621.0, 1629.0, 1629.0, 1630.0, 1642.0, 1639.0, 1642.0, 1638.0, 1648.0, 1626.0, 1627.0, 1629.0, 1633.0, 1645.0, 1641.0, 1629.0, 1616.0, 1619.0, 1611.0, 1611.0, 1610.0, 1594.0, 1590.0, 1603.0, 1595.0, 1603.0, 1603.0, 1604.0, 1601.0, 1605.0, 1581.0, 1592.0, 1604.0, 1604.0, 1616.0, 1605.0, 1600.0, 1600.0, 1596.0, 1590.0, 1574.0, 1574.0, 1588.0, 1596.0, 1580.0, 1580.0, 1581.0, 1581.0, 1580.0, 1571.0, 1552.0, 1561.0, 1576.0, 1570.0, 1566.0, 1540.0, 1548.0, 1554.0, 1554.0, 1561.0, 1562.0, 1562.0, 1546.0, 1549.0, 1551.0, 1554.0, 1542.0, 1543.0, 1544.0, 1535.0, 1557.0, 1539.0, 1562.0, 1538.0, 1509.0, 1509.0, 1499.0, 1492.0, 1492.0, 1507.0, 1490.0, 1496.0, 1505.0, 1498.0, 1497.0, 1497.0, 1479.0, 1479.0, 1479.0, 1494.0, 1488.0, 1480.0, 1479.0, 1477.0, 1472.0, 1466.0, 1468.0, 1480.0, 1469.0, 1468.0, 1466.0, 1466.0, 1462.0, 1459.0, 1459.0, 1453.0, 1467.0, 1449.0, 1457.0, 1468.0, 1455.0, 1435.0, 1454.0, 1424.0, 1420.0, 1443.0, 1435.0, 1430.0, 1423.0, 1442.0, 1441.0, 1426.0, 1412.0, 1409.0, 1409.0, 1418.0, 1382.0, 1388.0, 1400.0, 1390.0, 1401.0, 1376.0, 1370.0, 1386.0, 1372.0, 1374.0, 1374.0, 1378.0, 1374.0, 1383.0, 1338.0, 1332.0, 1326.0, 1340.0, 1344.0, 1340.0, 1349.0, 1333.0, 1345.0, 1348.0, 1344.0, 1336.0, 1333.0, 1341.0, 1352.0, 1344.0, 1340.0, 1355.0, 1319.0, 1316.0, 1313.0, 1308.0, 1305.0, 1309.0, 1296.0, 1300.0, 1304.0, 1296.0, 1292.0, 1289.0, 1289.0, 1287.0, 1287.0, 1276.0, 1282.0, 1282.0, 1291.0, 1281.0, 1273.0, 1289.0, 1283.0, 1272.0, 1275.0, 1265.0, 1252.0, 1253.0, 1260.0, 1269.0, 1250.0, 1233.0, 1238.0, 1245.0, 1244.0, 1242.0, 1232.0, 1243.0, 1247.0, 1248.0, 1256.0, 1263.0, 1248.0, 1252.0, 1239.0, 1239.0, 1232.0, 1263.0, 1258.0, 1251.0, 1245.0, 1251.0, 1248.0, 1241.0, 1256.0, 1267.0, 1259.0, 1256.0, 1269.0, 1274.0, 1270.0, 1270.0, 1287.0, 1284.0, 1294.0, 1302.0, 1288.0, 1295.0, 1280.0, 1290.0, 1295.0, 1300.0, 1300.0, 1294.0, 1289.0, 1298.0, 1290.0, 1290.0, 1311.0, 1297.0, 1297.0, 1299.0, 1317.0, 1315.0, 1306.0, 1308.0, 1337.0, 1339.0, 1322.0, 1343.0, 1322.0, 1313.0, 1324.0, 1306.0, 1337.0, 1323.0, 1322.0, 1322.0, 1353.0, 1346.0, 1358.0, 1358.0, 1326.0, 1332.0, 1339.0, 1339.0, 1362.0, 1362.0, 1363.0, 1378.0, 1370.0, 1370.0, 1370.0, 1363.0, 1370.0, 1370.0, 1352.0, 1336.0, 1370.0, 1372.0, 1380.0, 1375.0, 1375.0, 1373.0, 1381.0, 1385.0, 1391.0, 1369.0, 1365.0, 1381.0, 1414.0, 1411.0, 1421.0, 1429.0, 1424.0, 1424.0, 1354.0, 1352.0, 1374.0, 1343.0, 1365.0, 1337.0, 1371.0, 1375.0, 1373.0, 1351.0, 1351.0, 1349.0, 1368.0, 1367.0, 1367.0, 1359.0, 1376.0, 1358.0, 1373.0, 1358.0, 1375.0, 1375.0, 1353.0, 1373.0, 1371.0, 1374.0, 1380.0, 1370.0, 1370.0]