header: 
  seq: 2075
  stamp: 
    secs: 1548820809
    nsecs:  65909421
  frame_id: "base_link"
angle_min: -2.35619449615
angle_max: 2.35619449615
angle_increment: 0.00436332309619
time_increment: 1.73611151695e-05
scan_time: 0.0250000003725
range_min: 0.019999999553
range_max: 30.0
ranges: [0.503000020980835, 0.49799999594688416, 0.49000000953674316, 0.4860000014305115, 0.4880000054836273, 0.49300000071525574, 0.5009999871253967, 0.5040000081062317, 0.5090000033378601, 0.5109999775886536, 0.5080000162124634, 0.5090000033378601, 0.5070000290870667, 0.5070000290870667, 0.4959999918937683, 0.4490000009536743, 0.4059999883174896, 0.367000013589859, 0.30399999022483826, 0.30399999022483826, 0.4000000059604645, 0.41499999165534973, 0.45899999141693115, 0.4779999852180481, 0.49399998784065247, 0.4950000047683716, 0.4970000088214874, 0.4970000088214874, 0.4959999918937683, 0.47699999809265137, 0.4830000102519989, 0.49900001287460327, 0.4909999966621399, 0.4860000014305115, 0.4860000014305115, 0.4880000054836273, 0.48500001430511475, 0.4779999852180481, 0.4779999852180481, 0.4830000102519989, 0.4830000102519989, 0.4729999899864197, 0.4740000069141388, 0.4830000102519989, 0.4860000014305115, 0.47699999809265137, 0.47699999809265137, 0.4909999966621399, 0.47699999809265137, 0.4729999899864197, 0.4740000069141388, 0.47200000286102295, 0.4749999940395355, 0.4699999988079071, 0.4620000123977661, 0.46299999952316284, 0.46700000762939453, 0.4699999988079071, 0.4699999988079071, 0.46700000762939453, 0.47099998593330383, 0.46799999475479126, 0.4650000035762787, 0.4659999907016754, 0.4659999907016754, 0.46399998664855957, 0.460999995470047, 0.45899999141693115, 0.45500001311302185, 0.45500001311302185, 0.46000000834465027, 0.46399998664855957, 0.4620000123977661, 0.45899999141693115, 0.45899999141693115, 0.46000000834465027, 0.46299999952316284, 0.46299999952316284, 0.46399998664855957, 0.46399998664855957, 0.46399998664855957, 0.46399998664855957, 0.46000000834465027, 0.45399999618530273, 0.4519999921321869, 0.4519999921321869, 0.460999995470047, 0.4560000002384186, 0.4490000009536743, 0.4490000009536743, 0.453000009059906, 0.4580000042915344, 0.4580000042915344, 0.45500001311302185, 0.4519999921321869, 0.44699999690055847, 0.45100000500679016, 0.45100000500679016, 0.4490000009536743, 0.45399999618530273, 0.45399999618530273, 0.45100000500679016, 0.4480000138282776, 0.44600000977516174, 0.4480000138282776, 0.44699999690055847, 0.44699999690055847, 0.4390000104904175, 0.4390000104904175, 0.4410000145435333, 0.43799999356269836, 0.4440000057220459, 0.4440000057220459, 0.44600000977516174, 0.4440000057220459, 0.44200000166893005, 0.44200000166893005, 0.4410000145435333, 0.44200000166893005, 0.44200000166893005, 0.4410000145435333, 0.4410000145435333, 0.4410000145435333, 0.4410000145435333, 0.4410000145435333, 0.4429999887943268, 0.4410000145435333, 0.4410000145435333, 0.4399999976158142, 0.4399999976158142, 0.4399999976158142, 0.44699999690055847, 0.4480000138282776, 0.4390000104904175, 0.4390000104904175, 0.43799999356269836, 0.4350000023841858, 0.43799999356269836, 0.4399999976158142, 0.4390000104904175, 0.43700000643730164, 0.4390000104904175, 0.4390000104904175, 0.4309999942779541, 0.43299999833106995, 0.4359999895095825, 0.43700000643730164, 0.44200000166893005, 0.44200000166893005, 0.4429999887943268, 0.4399999976158142, 0.4359999895095825, 0.43799999356269836, 0.4440000057220459, 0.4449999928474426, 0.4449999928474426, 0.44999998807907104, 0.4449999928474426, 0.4359999895095825, 0.4309999942779541, 0.4300000071525574, 0.4390000104904175, 0.43700000643730164, 0.43799999356269836, 0.4390000104904175, 0.44200000166893005, 0.44200000166893005, 0.44200000166893005, 0.4429999887943268, 0.4390000104904175, 0.4399999976158142, 0.4410000145435333, 0.4399999976158142, 0.4390000104904175, 0.4359999895095825, 0.43799999356269836, 0.44999998807907104, 0.4449999928474426, 0.4339999854564667, 0.43700000643730164, 0.43799999356269836, 0.4399999976158142, 0.43299999833106995, 0.4259999990463257, 0.42500001192092896, 0.42899999022483826, 0.43299999833106995, 0.44200000166893005, 0.44200000166893005, 0.4309999942779541, 0.4399999976158142, 0.4390000104904175, 0.44200000166893005, 0.44200000166893005, 0.44200000166893005, 0.4350000023841858, 0.4339999854564667, 0.4390000104904175, 0.4449999928474426, 0.4410000145435333, 0.4390000104904175, 0.4429999887943268, 0.44699999690055847, 0.4440000057220459, 0.4429999887943268, 0.4359999895095825, 0.4449999928474426, 0.4399999976158142, 0.4429999887943268, 0.43799999356269836, 0.44600000977516174, 0.44600000977516174, 0.45399999618530273, 0.4399999976158142, 0.44200000166893005, 0.44200000166893005, 0.44200000166893005, 0.44600000977516174, 0.44699999690055847, 0.45100000500679016, 0.4480000138282776, 0.44999998807907104, 0.4410000145435333, 0.4410000145435333, 0.4440000057220459, 0.4440000057220459, 0.4399999976158142, 0.4410000145435333, 0.4440000057220459, 0.44600000977516174, 0.44699999690055847, 0.44699999690055847, 0.4440000057220459, 0.45500001311302185, 0.46399998664855957, 0.4490000009536743, 0.44999998807907104, 0.4490000009536743, 0.4490000009536743, 0.4490000009536743, 0.4519999921321869, 0.4560000002384186, 0.4620000123977661, 0.46799999475479126, 0.4659999907016754, 0.45500001311302185, 0.45899999141693115, 0.45899999141693115, 0.460999995470047, 0.4659999907016754, 0.4690000116825104, 0.47099998593330383, 0.46299999952316284, 0.46299999952316284, 0.46399998664855957, 0.4650000035762787, 0.4650000035762787, 0.4659999907016754, 0.4659999907016754, 0.4650000035762787, 0.47099998593330383, 0.4749999940395355, 0.4749999940395355, 0.47200000286102295, 0.46799999475479126, 0.4729999899864197, 0.4819999933242798, 0.4880000054836273, 0.48399999737739563, 0.48399999737739563, 0.4819999933242798, 0.47999998927116394, 0.492000013589859, 0.5, 0.5049999952316284, 0.49900001287460327, 0.49000000953674316, 0.4869999885559082, 0.4880000054836273, 0.49000000953674316, 0.4950000047683716, 0.5040000081062317, 0.5, 0.5059999823570251, 0.5080000162124634, 0.5080000162124634, 0.5260000228881836, 0.5220000147819519, 0.5270000100135803, 0.531000018119812, 0.5339999794960022, 0.5419999957084656, 0.550000011920929, 0.5630000233650208, 0.5640000104904175, 0.5680000185966492, 0.5799999833106995, 0.6489999890327454, 0.5960000157356262, 2.9690001010894775, 2.9690001010894775, 2.9570000171661377, 2.9489998817443848, 2.937000036239624, 2.9240000247955322, 2.9140000343322754, 2.9000000953674316, 2.88700008392334, 2.878999948501587, 2.861999988555908, 2.8570001125335693, 2.8389999866485596, 2.816999912261963, 2.806999921798706, 2.796999931335449, 2.7880001068115234, 2.765000104904175, 2.746999979019165, 2.7360000610351562, 2.7209999561309814, 2.7100000381469727, 2.678999900817871, 2.6659998893737793, 2.640000104904175, 2.625, 2.61299991607666, 2.5910000801086426, 2.569999933242798, 2.5320000648498535, 2.5250000953674316, 2.489000082015991, 2.4690001010894775, 2.4619998931884766, 2.430999994277954, 2.4040000438690186, 2.3889999389648438, 2.365999937057495, 2.3529999256134033, 2.3320000171661377, 2.305999994277954, 2.296999931335449, 2.2739999294281006, 2.252000093460083, 2.243000030517578, 2.2230000495910645, 2.2019999027252197, 2.2019999027252197, 2.186000108718872, 2.1589999198913574, 2.13700008392334, 2.11899995803833, 2.111999988555908, 2.1010000705718994, 2.0799999237060547, 2.075000047683716, 2.063999891281128, 2.0480000972747803, 2.0239999294281006, 2.003999948501587, 1.9950000047683716, 1.9850000143051147, 1.9709999561309814, 1.965999960899353, 1.940000057220459, 1.934999942779541, 1.9170000553131104, 1.899999976158142, 1.8890000581741333, 1.8760000467300415, 1.8730000257492065, 1.8650000095367432, 1.8550000190734863, 1.8380000591278076, 1.8300000429153442, 1.8259999752044678, 1.812999963760376, 1.7960000038146973, 1.784999966621399, 1.7769999504089355, 1.7690000534057617, 1.7599999904632568, 1.7430000305175781, 1.7319999933242798, 1.718000054359436, 1.715000033378601, 1.7020000219345093, 1.7020000219345093, 1.684999942779541, 1.6770000457763672, 1.6729999780654907, 1.6720000505447388, 1.656999945640564, 1.6469999551773071, 1.6430000066757202, 1.6299999952316284, 1.6239999532699585, 1.6139999628067017, 1.6089999675750732, 1.6039999723434448, 1.5800000429153442, 1.5809999704360962, 1.5679999589920044, 1.562000036239624, 1.559999942779541, 1.559000015258789, 1.5540000200271606, 1.5390000343322754, 1.531999945640564, 1.5240000486373901, 1.5180000066757202, 1.5169999599456787, 1.5160000324249268, 1.5069999694824219, 1.5010000467300415, 1.4919999837875366, 1.4880000352859497, 1.4809999465942383, 1.4730000495910645, 1.4709999561309814, 1.4559999704360962, 1.4550000429153442, 1.4520000219345093, 1.4420000314712524, 1.4390000104904175, 1.437999963760376, 1.4329999685287476, 1.4279999732971191, 1.4160000085830688, 1.4110000133514404, 1.4110000133514404, 1.4019999504089355, 1.3910000324249268, 1.3910000324249268, 1.3899999856948853, 1.3839999437332153, 1.378999948501587, 1.3609999418258667, 1.3609999418258667, 1.3619999885559082, 1.3550000190734863, 1.3539999723434448, 1.343000054359436, 1.3370000123977661, 1.3309999704360962, 1.3289999961853027, 1.3309999704360962, 1.3279999494552612, 1.3270000219345093, 1.319000005722046, 1.315000057220459, 1.3070000410079956, 1.305999994277954, 1.2970000505447388, 1.2970000505447388, 1.3029999732971191, 1.3009999990463257, 1.2979999780654907, 1.2910000085830688, 1.2879999876022339, 1.2879999876022339, 1.277999997138977, 1.2760000228881836, 1.2690000534057617, 1.2680000066757202, 1.2699999809265137, 1.2690000534057617, 1.2699999809265137, 1.2619999647140503, 1.2569999694824219, 1.2569999694824219, 1.2510000467300415, 1.2489999532699585, 1.2400000095367432, 1.2400000095367432, 1.2410000562667847, 1.2430000305175781, 1.2510000467300415, 1.2480000257492065, 1.2239999771118164, 1.2269999980926514, 1.225000023841858, 1.2109999656677246, 1.2130000591278076, 1.2139999866485596, 1.2120000123977661, 1.2050000429153442, 1.2039999961853027, 1.2020000219345093, 1.2020000219345093, 1.2000000476837158, 1.1970000267028809, 1.194000005722046, 1.1859999895095825, 1.1829999685287476, 1.184000015258789, 1.1720000505447388, 1.1729999780654907, 1.1790000200271606, 1.180999994277954, 1.1720000505447388, 1.1670000553131104, 1.1619999408721924, 1.156000018119812, 1.1519999504089355, 1.1480000019073486, 1.1469999551773071, 1.1460000276565552, 1.1469999551773071, 1.1519999504089355, 1.1349999904632568, 1.1339999437332153, 1.1349999904632568, 1.1299999952316284, 1.1269999742507935, 1.1269999742507935, 1.1200000047683716, 1.121000051498413, 1.1139999628067017, 1.1139999628067017, 1.1150000095367432, 1.11899995803833, 1.1130000352859497, 1.1050000190734863, 1.1030000448226929, 1.100000023841858, 1.0920000076293945, 1.090000033378601, 1.0870000123977661, 1.0870000123977661, 1.0820000171661377, 1.0809999704360962, 1.0809999704360962, 1.0800000429153442, 1.0809999704360962, 1.0789999961853027, 1.0720000267028809, 1.059999942779541, 1.0570000410079956, 1.062999963760376, 1.0640000104904175, 1.062999963760376, 1.0570000410079956, 1.0529999732971191, 1.0499999523162842, 1.0470000505447388, 1.0420000553131104, 1.034999966621399, 1.031999945640564, 1.0240000486373901, 1.0210000276565552, 1.0210000276565552, 1.0199999809265137, 1.0160000324249268, 1.0080000162124634, 1.0089999437332153, 1.0089999437332153, 1.0089999437332153, 1.00600004196167, 0.9980000257492065, 0.9850000143051147, 0.9810000061988831, 0.9829999804496765, 0.9860000014305115, 0.9890000224113464, 0.9919999837875366, 0.9919999837875366, 0.968999981880188, 0.9610000252723694, 0.9610000252723694, 0.9539999961853027, 0.9539999961853027, 0.9539999961853027, 0.953000009059906, 0.9520000219345093, 0.9520000219345093, 0.9490000009536743, 0.9470000267028809, 0.9459999799728394, 0.953000009059906, 0.9449999928474426, 0.9380000233650208, 0.9369999766349792, 0.9269999861717224, 0.9179999828338623, 0.9169999957084656, 0.9200000166893005, 0.9200000166893005, 0.9190000295639038, 0.906000018119812, 0.902999997138977, 0.9010000228881836, 0.8920000195503235, 0.8930000066757202, 0.8930000066757202, 0.8889999985694885, 0.8870000243186951, 0.8859999775886536, 0.8840000033378601, 0.8740000128746033, 0.871999979019165, 0.8690000176429749, 0.8669999837875366, 0.8669999837875366, 0.8640000224113464, 0.8659999966621399, 0.8659999966621399, 0.8529999852180481, 0.8529999852180481, 0.8489999771118164, 0.8489999771118164, 0.8489999771118164, 0.8460000157356262, 0.8460000157356262, 0.8450000286102295, 0.8429999947547913, 0.8410000205039978, 0.8330000042915344, 0.8270000219345093, 0.8270000219345093, 0.8199999928474426, 0.8130000233650208, 0.8149999976158142, 0.8190000057220459, 0.8140000104904175, 0.8009999990463257, 0.8009999990463257, 0.8019999861717224, 0.8009999990463257, 0.7960000038146973, 0.7979999780654907, 0.7929999828338623, 0.7910000085830688, 0.7889999747276306, 0.7889999747276306, 0.7870000004768372, 0.7739999890327454, 0.7739999890327454, 0.7770000100135803, 0.7699999809265137, 0.7609999775886536, 0.7620000243186951, 0.7630000114440918, 0.7570000290870667, 0.7570000290870667, 0.7559999823570251, 0.7509999871253967, 0.7429999709129333, 0.7409999966621399, 0.7379999756813049, 0.7379999756813049, 0.7329999804496765, 0.7329999804496765, 0.7319999933242798, 0.7329999804496765, 0.7279999852180481, 0.7229999899864197, 0.7239999771118164, 0.718999981880188, 0.7110000252723694, 0.7120000123977661, 0.7110000252723694, 0.7110000252723694, 0.7039999961853027, 0.6980000138282776, 0.6980000138282776, 0.6980000138282776, 0.6980000138282776, 0.6980000138282776, 0.6859999895095825, 0.6859999895095825, 0.6690000295639038, 0.6729999780654907, 0.6779999732971191, 0.6779999732971191, 0.6729999780654907, 0.6710000038146973, 0.6669999957084656, 0.6620000004768372, 0.6629999876022339, 0.6610000133514404, 0.6589999794960022, 0.656000018119812, 0.6629999876022339, 0.6629999876022339, 0.652999997138977, 0.6480000019073486, 0.640999972820282, 0.6399999856948853, 0.6359999775886536, 0.6349999904632568, 0.6380000114440918, 0.6370000243186951, 0.6370000243186951, 0.6349999904632568, 0.6349999904632568, 0.6269999742507935, 0.6179999709129333, 0.6169999837875366, 0.6179999709129333, 0.6159999966621399, 0.6119999885559082, 0.6129999756813049, 0.609000027179718, 0.6079999804496765, 0.6019999980926514, 0.6039999723434448, 0.5979999899864197, 0.593999981880188, 0.5870000123977661, 0.5870000123977661, 0.5870000123977661, 0.5799999833106995, 0.578000009059906, 0.578000009059906, 0.578000009059906, 0.578000009059906, 0.574999988079071, 0.5720000267028809, 0.5740000009536743, 0.5770000219345093, 0.574999988079071, 0.5720000267028809, 0.5699999928474426, 0.5640000104904175, 0.5640000104904175, 0.5609999895095825, 0.5569999814033508, 0.5580000281333923, 0.5569999814033508, 0.5569999814033508, 0.5569999814033508, 0.5569999814033508, 0.5550000071525574, 0.5460000038146973, 0.5440000295639038, 0.5450000166893005, 0.5440000295639038, 0.5440000295639038, 0.5440000295639038, 0.5389999747276306, 0.5370000004768372, 0.5370000004768372, 0.5299999713897705, 0.5350000262260437, 0.5370000004768372, 0.5370000004768372, 0.5350000262260437, 0.5350000262260437, 0.5260000228881836, 0.5260000228881836, 0.5249999761581421, 0.5239999890327454, 0.5239999890327454, 0.5220000147819519, 0.5170000195503235, 0.5210000276565552, 0.5210000276565552, 0.5149999856948853, 0.5099999904632568, 0.5120000243186951, 0.5109999775886536, 0.5109999775886536, 0.5120000243186951, 0.5080000162124634, 0.5070000290870667, 0.5059999823570251, 0.503000020980835, 0.5040000081062317, 0.5130000114440918, 0.5059999823570251, 0.5059999823570251, 0.5080000162124634, 0.5099999904632568, 0.503000020980835, 0.5, 0.5049999952316284, 0.5070000290870667, 0.503000020980835, 0.5019999742507935, 0.5019999742507935, 0.5019999742507935, 0.4950000047683716, 0.49399998784065247, 0.49399998784065247, 0.492000013589859, 0.4950000047683716, 0.49300000071525574, 0.5070000290870667, 0.4909999966621399, 0.4909999966621399, 0.4909999966621399, 0.4909999966621399, 0.5, 0.49300000071525574, 0.48399999737739563, 0.48500001430511475, 0.4860000014305115, 0.4830000102519989, 0.4779999852180481, 0.48100000619888306, 0.4819999933242798, 0.47999998927116394, 0.4749999940395355, 0.47999998927116394, 0.47999998927116394, 0.47999998927116394, 0.4740000069141388, 0.47999998927116394, 0.4690000116825104, 0.47099998593330383, 0.47200000286102295, 0.4790000021457672, 0.4790000021457672, 0.47699999809265137, 0.47699999809265137, 0.47699999809265137, 0.47699999809265137, 0.4740000069141388, 0.4740000069141388, 0.4749999940395355, 0.47699999809265137, 0.47699999809265137, 0.47600001096725464, 0.4620000123977661, 0.4659999907016754, 0.4740000069141388, 0.47099998593330383, 0.46799999475479126, 0.46799999475479126, 0.46799999475479126, 0.4749999940395355, 0.48399999737739563, 0.4819999933242798, 0.4740000069141388, 0.47699999809265137, 0.47600001096725464, 0.4790000021457672, 0.47600001096725464, 0.4729999899864197, 0.4690000116825104, 0.4729999899864197, 0.4729999899864197, 0.4729999899864197, 0.4659999907016754, 0.4659999907016754, 0.4650000035762787, 0.4659999907016754, 0.46700000762939453, 0.46399998664855957, 0.46399998664855957, 0.4659999907016754, 0.46700000762939453, 0.4690000116825104, 0.46700000762939453, 0.4659999907016754, 0.4659999907016754, 0.46399998664855957, 0.4650000035762787, 0.4690000116825104, 0.4790000021457672, 0.46799999475479126, 0.46700000762939453, 0.46700000762939453, 0.4690000116825104, 0.47099998593330383, 0.4699999988079071, 0.4659999907016754, 0.46399998664855957, 0.4650000035762787, 0.4729999899864197, 0.46700000762939453, 0.46700000762939453, 0.46700000762939453, 0.4650000035762787, 0.4699999988079071, 0.46399998664855957, 0.46700000762939453, 0.46799999475479126, 0.4740000069141388, 0.47200000286102295, 0.47099998593330383, 0.4699999988079071, 0.46799999475479126, 0.46799999475479126, 0.4699999988079071, 0.47200000286102295, 0.46799999475479126, 0.46299999952316284, 0.4650000035762787, 0.47099998593330383, 0.47200000286102295, 0.47099998593330383, 0.4650000035762787, 0.4690000116825104, 0.46700000762939453, 0.46799999475479126, 0.46799999475479126, 0.46799999475479126, 0.460999995470047, 0.460999995470047, 0.46299999952316284, 0.4650000035762787, 0.4729999899864197, 0.4729999899864197, 0.47200000286102295, 0.47200000286102295, 0.47200000286102295, 0.4690000116825104, 0.4620000123977661, 0.4620000123977661, 0.4740000069141388, 0.4749999940395355, 0.4659999907016754, 0.46799999475479126, 0.46799999475479126, 0.46799999475479126, 0.4650000035762787, 0.4699999988079071, 0.46799999475479126, 0.47200000286102295, 0.47200000286102295, 0.4749999940395355, 0.47999998927116394, 0.47699999809265137, 0.4779999852180481, 0.4729999899864197, 0.4659999907016754, 0.46799999475479126, 0.4659999907016754, 0.46799999475479126, 0.46700000762939453, 0.4740000069141388, 0.47600001096725464, 0.4790000021457672, 0.4790000021457672, 0.4830000102519989, 0.48500001430511475, 0.4659999907016754, 0.47200000286102295, 0.4729999899864197, 0.4740000069141388, 0.4729999899864197, 0.4779999852180481, 0.4830000102519989, 0.47999998927116394, 0.47699999809265137, 0.49399998784065247, 0.49399998784065247, 0.4880000054836273, 0.4880000054836273, 0.4860000014305115, 0.48399999737739563, 0.4790000021457672, 0.4749999940395355, 0.48100000619888306, 0.4950000047683716, 0.492000013589859, 0.4869999885559082, 0.492000013589859, 0.492000013589859, 0.5, 0.49799999594688416, 0.49799999594688416, 0.49799999594688416, 0.49399998784065247, 0.4970000088214874, 0.5009999871253967, 0.5019999742507935, 0.5099999904632568, 0.5090000033378601, 0.5149999856948853, 0.5170000195503235, 0.5059999823570251, 0.5059999823570251, 0.5080000162124634, 0.5109999775886536, 0.5109999775886536, 0.5090000033378601, 0.5120000243186951, 0.5130000114440918, 0.5170000195503235, 0.515999972820282, 0.5170000195503235, 0.5199999809265137, 0.531000018119812, 0.5289999842643738, 0.5189999938011169, 0.5189999938011169, 0.5220000147819519, 0.5260000228881836, 0.5289999842643738, 0.5320000052452087, 0.5339999794960022, 0.5339999794960022, 0.5350000262260437, 0.5339999794960022, 0.531000018119812, 0.5370000004768372, 0.5389999747276306, 0.5370000004768372, 0.5360000133514404, 0.550000011920929, 0.5550000071525574, 0.550000011920929, 0.546999990940094, 0.550000011920929, 0.5519999861717224, 0.5529999732971191, 0.5540000200271606, 0.5569999814033508, 0.5529999732971191, 0.5540000200271606, 0.5540000200271606, 0.5630000233650208, 0.5659999847412109, 0.5659999847412109, 0.5609999895095825, 0.5619999766349792, 0.5649999976158142, 0.5649999976158142, 0.5690000057220459, 0.5709999799728394, 0.574999988079071, 0.5730000138282776, 0.5720000267028809, 0.5730000138282776, 0.5720000267028809, 0.578000009059906, 0.5789999961853027, 0.5799999833106995, 0.5789999961853027, 0.5759999752044678, 0.5740000009536743, 0.578000009059906, 0.5839999914169312, 0.5929999947547913, 0.5979999899864197, 0.6000000238418579, 0.5910000205039978, 0.5929999947547913, 0.5929999947547913, 0.6069999933242798, 0.6010000109672546, 0.6029999852180481, 0.6010000109672546, 0.6110000014305115, 0.6119999885559082, 0.6119999885559082, 0.6169999837875366, 0.6200000047683716, 0.6179999709129333, 0.6179999709129333, 0.6209999918937683, 0.6200000047683716, 0.6190000176429749, 0.621999979019165, 0.625, 0.6290000081062317, 0.628000020980835, 0.6340000033378601, 0.6370000243186951, 0.6330000162124634, 0.6340000033378601, 0.6449999809265137, 0.6539999842643738, 0.6520000100135803, 0.6489999890327454, 0.6549999713897705, 0.671999990940094, 0.6830000281333923, 0.6800000071525574, 0.6740000247955322, 0.6790000200271606, 0.6830000281333923, 0.6880000233650208, 0.6899999976158142, 0.6980000138282776, 0.699999988079071, 0.699999988079071, 0.7099999785423279, 0.7099999785423279]
intensities: [1100.0, 1117.0, 1105.0, 1112.0, 1182.0, 1238.0, 1324.0, 1360.0, 1436.0, 1465.0, 1468.0, 1493.0, 1470.0, 1470.0, 1435.0, 1202.0, 1132.0, 1021.0, 885.0, 885.0, 998.0, 1002.0, 1118.0, 1125.0, 1137.0, 1134.0, 1111.0, 1095.0, 1113.0, 1095.0, 1209.0, 1368.0, 1385.0, 1488.0, 1523.0, 1531.0, 1594.0, 1652.0, 1652.0, 1671.0, 1673.0, 1696.0, 1699.0, 1705.0, 1708.0, 1726.0, 1726.0, 1726.0, 1727.0, 1727.0, 1742.0, 1734.0, 1696.0, 1742.0, 1714.0, 1722.0, 1724.0, 1717.0, 1717.0, 1714.0, 1704.0, 1696.0, 1702.0, 1710.0, 1710.0, 1673.0, 1685.0, 1672.0, 1675.0, 1666.0, 1667.0, 1664.0, 1672.0, 1678.0, 1678.0, 1665.0, 1655.0, 1655.0, 1676.0, 1674.0, 1669.0, 1674.0, 1682.0, 1655.0, 1630.0, 1630.0, 1655.0, 1657.0, 1637.0, 1637.0, 1653.0, 1618.0, 1618.0, 1617.0, 1597.0, 1601.0, 1595.0, 1593.0, 1582.0, 1587.0, 1587.0, 1583.0, 1572.0, 1583.0, 1583.0, 1572.0, 1572.0, 1574.0, 1568.0, 1576.0, 1587.0, 1576.0, 1566.0, 1571.0, 1574.0, 1572.0, 1555.0, 1562.0, 1550.0, 1555.0, 1540.0, 1525.0, 1525.0, 1503.0, 1503.0, 1507.0, 1500.0, 1500.0, 1499.0, 1498.0, 1501.0, 1492.0, 1499.0, 1484.0, 1484.0, 1472.0, 1495.0, 1458.0, 1457.0, 1451.0, 1456.0, 1453.0, 1436.0, 1432.0, 1431.0, 1414.0, 1406.0, 1434.0, 1413.0, 1404.0, 1378.0, 1389.0, 1378.0, 1387.0, 1400.0, 1400.0, 1380.0, 1363.0, 1348.0, 1350.0, 1342.0, 1340.0, 1332.0, 1330.0, 1328.0, 1336.0, 1317.0, 1309.0, 1318.0, 1307.0, 1303.0, 1308.0, 1322.0, 1328.0, 1287.0, 1274.0, 1277.0, 1284.0, 1277.0, 1284.0, 1280.0, 1286.0, 1289.0, 1253.0, 1268.0, 1251.0, 1247.0, 1235.0, 1235.0, 1239.0, 1233.0, 1234.0, 1233.0, 1235.0, 1233.0, 1236.0, 1234.0, 1232.0, 1232.0, 1218.0, 1205.0, 1217.0, 1222.0, 1232.0, 1233.0, 1232.0, 1228.0, 1227.0, 1227.0, 1228.0, 1230.0, 1217.0, 1218.0, 1200.0, 1200.0, 1207.0, 1209.0, 1194.0, 1181.0, 1186.0, 1183.0, 1201.0, 1170.0, 1170.0, 1173.0, 1173.0, 1186.0, 1186.0, 1172.0, 1168.0, 1159.0, 1178.0, 1187.0, 1173.0, 1169.0, 1159.0, 1165.0, 1159.0, 1163.0, 1172.0, 1163.0, 1175.0, 1168.0, 1162.0, 1164.0, 1141.0, 1145.0, 1145.0, 1146.0, 1146.0, 1139.0, 1174.0, 1141.0, 1155.0, 1147.0, 1142.0, 1137.0, 1140.0, 1140.0, 1137.0, 1138.0, 1141.0, 1129.0, 1134.0, 1141.0, 1133.0, 1128.0, 1124.0, 1140.0, 1139.0, 1133.0, 1101.0, 1129.0, 1143.0, 1151.0, 1133.0, 1124.0, 1131.0, 1104.0, 1120.0, 1129.0, 1177.0, 1096.0, 1121.0, 1124.0, 1124.0, 1135.0, 1106.0, 1104.0, 1106.0, 1101.0, 1096.0, 1076.0, 1069.0, 1055.0, 1030.0, 1029.0, 1306.0, 763.0, 881.0, 881.0, 891.0, 886.0, 886.0, 885.0, 876.0, 885.0, 888.0, 895.0, 879.0, 886.0, 870.0, 876.0, 874.0, 874.0, 869.0, 869.0, 861.0, 865.0, 859.0, 855.0, 867.0, 860.0, 855.0, 844.0, 854.0, 849.0, 883.0, 879.0, 864.0, 858.0, 854.0, 895.0, 891.0, 886.0, 890.0, 891.0, 898.0, 905.0, 917.0, 921.0, 929.0, 937.0, 940.0, 940.0, 930.0, 942.0, 947.0, 942.0, 941.0, 942.0, 953.0, 953.0, 949.0, 954.0, 956.0, 958.0, 963.0, 964.0, 962.0, 967.0, 973.0, 982.0, 980.0, 989.0, 971.0, 984.0, 990.0, 991.0, 997.0, 991.0, 997.0, 1013.0, 1006.0, 1004.0, 1016.0, 1011.0, 1006.0, 1013.0, 1030.0, 1032.0, 1032.0, 1028.0, 1035.0, 1046.0, 1042.0, 1055.0, 1064.0, 1076.0, 1079.0, 1085.0, 1097.0, 1081.0, 1081.0, 1081.0, 1091.0, 1098.0, 1101.0, 1101.0, 1093.0, 1101.0, 1096.0, 1098.0, 1096.0, 1095.0, 1101.0, 1089.0, 1087.0, 1087.0, 1084.0, 1095.0, 1089.0, 1092.0, 1084.0, 1097.0, 1102.0, 1091.0, 1086.0, 1104.0, 1097.0, 1106.0, 1104.0, 1095.0, 1089.0, 1090.0, 1081.0, 1093.0, 1085.0, 1087.0, 1103.0, 1105.0, 1109.0, 1109.0, 1123.0, 1129.0, 1130.0, 1115.0, 1114.0, 1124.0, 1109.0, 1125.0, 1132.0, 1123.0, 1143.0, 1135.0, 1133.0, 1119.0, 1124.0, 1140.0, 1147.0, 1128.0, 1134.0, 1140.0, 1147.0, 1157.0, 1158.0, 1169.0, 1197.0, 1190.0, 1190.0, 1182.0, 1208.0, 1200.0, 1204.0, 1214.0, 1218.0, 1238.0, 1240.0, 1251.0, 1250.0, 1252.0, 1252.0, 1252.0, 1262.0, 1263.0, 1251.0, 1266.0, 1266.0, 1262.0, 1249.0, 1254.0, 1245.0, 1258.0, 1260.0, 1249.0, 1236.0, 1256.0, 1259.0, 1259.0, 1264.0, 1249.0, 1264.0, 1258.0, 1251.0, 1258.0, 1268.0, 1264.0, 1267.0, 1272.0, 1262.0, 1266.0, 1280.0, 1270.0, 1264.0, 1259.0, 1264.0, 1262.0, 1268.0, 1272.0, 1271.0, 1273.0, 1280.0, 1271.0, 1286.0, 1290.0, 1274.0, 1289.0, 1277.0, 1277.0, 1276.0, 1296.0, 1297.0, 1291.0, 1291.0, 1284.0, 1290.0, 1289.0, 1284.0, 1284.0, 1291.0, 1302.0, 1302.0, 1300.0, 1296.0, 1302.0, 1299.0, 1289.0, 1293.0, 1311.0, 1302.0, 1308.0, 1314.0, 1302.0, 1312.0, 1306.0, 1304.0, 1307.0, 1314.0, 1323.0, 1301.0, 1303.0, 1314.0, 1329.0, 1334.0, 1328.0, 1328.0, 1334.0, 1339.0, 1339.0, 1349.0, 1346.0, 1343.0, 1350.0, 1355.0, 1359.0, 1359.0, 1348.0, 1365.0, 1357.0, 1362.0, 1365.0, 1366.0, 1366.0, 1363.0, 1365.0, 1370.0, 1374.0, 1363.0, 1358.0, 1365.0, 1377.0, 1365.0, 1368.0, 1383.0, 1376.0, 1375.0, 1376.0, 1363.0, 1366.0, 1375.0, 1361.0, 1361.0, 1381.0, 1381.0, 1377.0, 1374.0, 1367.0, 1373.0, 1375.0, 1395.0, 1395.0, 1382.0, 1412.0, 1393.0, 1400.0, 1417.0, 1401.0, 1414.0, 1403.0, 1404.0, 1404.0, 1411.0, 1420.0, 1411.0, 1414.0, 1436.0, 1434.0, 1416.0, 1416.0, 1425.0, 1441.0, 1440.0, 1448.0, 1439.0, 1424.0, 1424.0, 1431.0, 1443.0, 1444.0, 1446.0, 1450.0, 1459.0, 1461.0, 1461.0, 1471.0, 1473.0, 1466.0, 1464.0, 1461.0, 1486.0, 1458.0, 1431.0, 1456.0, 1456.0, 1464.0, 1492.0, 1471.0, 1494.0, 1499.0, 1499.0, 1489.0, 1496.0, 1499.0, 1483.0, 1504.0, 1504.0, 1495.0, 1504.0, 1513.0, 1514.0, 1517.0, 1516.0, 1533.0, 1541.0, 1524.0, 1538.0, 1546.0, 1546.0, 1546.0, 1534.0, 1553.0, 1544.0, 1538.0, 1538.0, 1538.0, 1539.0, 1543.0, 1540.0, 1547.0, 1540.0, 1550.0, 1550.0, 1557.0, 1554.0, 1551.0, 1549.0, 1549.0, 1556.0, 1557.0, 1559.0, 1560.0, 1555.0, 1554.0, 1548.0, 1553.0, 1557.0, 1574.0, 1553.0, 1560.0, 1573.0, 1573.0, 1574.0, 1579.0, 1569.0, 1583.0, 1578.0, 1577.0, 1602.0, 1588.0, 1584.0, 1584.0, 1583.0, 1599.0, 1593.0, 1593.0, 1593.0, 1645.0, 1621.0, 1630.0, 1622.0, 1617.0, 1634.0, 1618.0, 1621.0, 1612.0, 1609.0, 1636.0, 1652.0, 1636.0, 1620.0, 1620.0, 1619.0, 1648.0, 1638.0, 1630.0, 1638.0, 1625.0, 1618.0, 1618.0, 1632.0, 1629.0, 1629.0, 1624.0, 1633.0, 1634.0, 1650.0, 1643.0, 1643.0, 1657.0, 1657.0, 1634.0, 1624.0, 1624.0, 1638.0, 1627.0, 1625.0, 1621.0, 1621.0, 1630.0, 1628.0, 1635.0, 1635.0, 1677.0, 1620.0, 1616.0, 1613.0, 1634.0, 1629.0, 1603.0, 1612.0, 1618.0, 1611.0, 1604.0, 1615.0, 1627.0, 1625.0, 1616.0, 1635.0, 1632.0, 1620.0, 1620.0, 1618.0, 1601.0, 1601.0, 1601.0, 1625.0, 1620.0, 1593.0, 1617.0, 1607.0, 1633.0, 1624.0, 1614.0, 1605.0, 1616.0, 1625.0, 1612.0, 1601.0, 1601.0, 1614.0, 1625.0, 1634.0, 1628.0, 1574.0, 1586.0, 1563.0, 1563.0, 1567.0, 1584.0, 1567.0, 1569.0, 1576.0, 1576.0, 1568.0, 1576.0, 1589.0, 1581.0, 1572.0, 1572.0, 1576.0, 1574.0, 1581.0, 1582.0, 1571.0, 1567.0, 1556.0, 1560.0, 1562.0, 1571.0, 1571.0, 1562.0, 1567.0, 1553.0, 1565.0, 1534.0, 1536.0, 1536.0, 1532.0, 1532.0, 1522.0, 1503.0, 1500.0, 1498.0, 1498.0, 1505.0, 1495.0, 1493.0, 1502.0, 1494.0, 1504.0, 1498.0, 1502.0, 1492.0, 1489.0, 1486.0, 1485.0, 1461.0, 1451.0, 1471.0, 1488.0, 1459.0, 1447.0, 1444.0, 1446.0, 1449.0, 1466.0, 1452.0, 1421.0, 1430.0, 1440.0, 1437.0, 1438.0, 1438.0, 1408.0, 1405.0, 1415.0, 1403.0, 1388.0, 1402.0, 1365.0, 1372.0, 1379.0, 1381.0, 1381.0, 1377.0, 1370.0, 1350.0, 1315.0, 1315.0, 1327.0, 1317.0, 1310.0, 1317.0, 1320.0, 1308.0, 1294.0, 1292.0, 1292.0, 1282.0, 1282.0, 1293.0, 1291.0, 1309.0, 1309.0, 1276.0, 1276.0, 1292.0, 1295.0, 1277.0, 1277.0, 1266.0, 1281.0, 1269.0, 1288.0, 1269.0, 1269.0, 1244.0, 1243.0, 1242.0, 1238.0, 1228.0, 1219.0, 1230.0, 1225.0, 1225.0, 1230.0, 1221.0, 1220.0, 1220.0, 1234.0, 1225.0, 1221.0, 1222.0, 1227.0, 1227.0, 1213.0, 1215.0, 1217.0, 1217.0, 1218.0, 1220.0, 1218.0, 1200.0, 1205.0, 1208.0, 1212.0, 1214.0, 1214.0, 1213.0, 1216.0, 1201.0, 1203.0, 1199.0, 1194.0, 1201.0, 1209.0, 1193.0, 1182.0, 1206.0, 1206.0, 1204.0, 1205.0, 1206.0, 1208.0, 1206.0, 1205.0, 1208.0, 1205.0, 1203.0, 1205.0, 1205.0, 1202.0, 1203.0, 1203.0, 1202.0, 1202.0, 1200.0, 1216.0, 1200.0, 1209.0, 1213.0, 1216.0, 1219.0, 1210.0, 1216.0, 1221.0, 1221.0, 1225.0, 1234.0, 1225.0, 1238.0, 1243.0, 1214.0, 1214.0, 1213.0, 1225.0, 1228.0, 1241.0, 1211.0, 1217.0, 1224.0, 1235.0, 1244.0, 1237.0, 1238.0, 1245.0, 1256.0, 1252.0, 1256.0, 1252.0, 1239.0, 1227.0, 1227.0, 1258.0, 1268.0, 1268.0, 1285.0, 1286.0, 1288.0, 1279.0, 1264.0, 1277.0, 1280.0, 1264.0, 1259.0, 1264.0, 1275.0, 1278.0, 1261.0, 1253.0, 1272.0, 1267.0, 1250.0, 1237.0, 1247.0, 1253.0, 1266.0, 1255.0, 1267.0, 1280.0, 1265.0, 1268.0, 1266.0, 1264.0, 1262.0, 1264.0, 1272.0, 1272.0, 1271.0, 1276.0, 1272.0, 1274.0, 1280.0, 1269.0, 1273.0, 1279.0, 1263.0, 1268.0, 1283.0, 1285.0, 1282.0, 1277.0, 1260.0, 1252.0, 1267.0, 1263.0, 1249.0, 1248.0, 1240.0, 1248.0, 1245.0, 1253.0, 1238.0, 1230.0, 1222.0, 1224.0, 1238.0, 1237.0, 1219.0, 1232.0, 1220.0]