header: 
  seq: 1643
  stamp: 
    secs: 1548820798
    nsecs: 242922184
  frame_id: "base_link"
angle_min: -2.35619449615
angle_max: 2.35619449615
angle_increment: 0.00436332309619
time_increment: 1.73611151695e-05
scan_time: 0.0250000003725
range_min: 0.019999999553
range_max: 30.0
ranges: [0.4970000088214874, 0.5040000081062317, 0.5009999871253967, 0.4880000054836273, 0.4880000054836273, 0.48899999260902405, 0.5059999823570251, 0.4970000088214874, 0.4950000047683716, 0.4970000088214874, 0.4970000088214874, 0.5059999823570251, 0.5009999871253967, 0.492000013589859, 0.47999998927116394, 0.43700000643730164, 0.41600000858306885, 0.35100001096725464, 0.27900001406669617, 0.2720000147819519, 0.3709999918937683, 0.4339999854564667, 0.4620000123977661, 0.47999998927116394, 0.4830000102519989, 0.4830000102519989, 0.4830000102519989, 0.4819999933242798, 0.47999998927116394, 0.47099998593330383, 0.4690000116825104, 0.46700000762939453, 0.48399999737739563, 0.48100000619888306, 0.47600001096725464, 0.4729999899864197, 0.4729999899864197, 0.47099998593330383, 0.4650000035762787, 0.4650000035762787, 0.46700000762939453, 0.46700000762939453, 0.4650000035762787, 0.4650000035762787, 0.4620000123977661, 0.45899999141693115, 0.4569999873638153, 0.4569999873638153, 0.4580000042915344, 0.4560000002384186, 0.45500001311302185, 0.45399999618530273, 0.4569999873638153, 0.45500001311302185, 0.4449999928474426, 0.4440000057220459, 0.4440000057220459, 0.44200000166893005, 0.4449999928474426, 0.4480000138282776, 0.4490000009536743, 0.44699999690055847, 0.44999998807907104, 0.4429999887943268, 0.4399999976158142, 0.44600000977516174, 0.44200000166893005, 0.4339999854564667, 0.4339999854564667, 0.4300000071525574, 0.4339999854564667, 0.43700000643730164, 0.43799999356269836, 0.43299999833106995, 0.4269999861717224, 0.42399999499320984, 0.421999990940094, 0.42500001192092896, 0.4259999990463257, 0.4259999990463257, 0.4230000078678131, 0.42100000381469727, 0.4169999957084656, 0.41499999165534973, 0.4169999957084656, 0.421999990940094, 0.42399999499320984, 0.42399999499320984, 0.42399999499320984, 0.42100000381469727, 0.4169999957084656, 0.42399999499320984, 0.42100000381469727, 0.42100000381469727, 0.4169999957084656, 0.4169999957084656, 0.41600000858306885, 0.4169999957084656, 0.41100001335144043, 0.40799999237060547, 0.40799999237060547, 0.4129999876022339, 0.41100001335144043, 0.41100001335144043, 0.41100001335144043, 0.40799999237060547, 0.4050000011920929, 0.4050000011920929, 0.40299999713897705, 0.4050000011920929, 0.4090000092983246, 0.4090000092983246, 0.4090000092983246, 0.40700000524520874, 0.4059999883174896, 0.40700000524520874, 0.40700000524520874, 0.40700000524520874, 0.4050000011920929, 0.4020000100135803, 0.4020000100135803, 0.4099999964237213, 0.4050000011920929, 0.40299999713897705, 0.4020000100135803, 0.39800000190734863, 0.39399999380111694, 0.3970000147819519, 0.4020000100135803, 0.39899998903274536, 0.39500001072883606, 0.39399999380111694, 0.39399999380111694, 0.39500001072883606, 0.39399999380111694, 0.39100000262260437, 0.3930000066757202, 0.3930000066757202, 0.39399999380111694, 0.39100000262260437, 0.38999998569488525, 0.38999998569488525, 0.3880000114440918, 0.3919999897480011, 0.3970000147819519, 0.3970000147819519, 0.3919999897480011, 0.39100000262260437, 0.3880000114440918, 0.3919999897480011, 0.3840000033378601, 0.3869999945163727, 0.3889999985694885, 0.39100000262260437, 0.3880000114440918, 0.38499999046325684, 0.3919999897480011, 0.3930000066757202, 0.3790000081062317, 0.382999986410141, 0.38499999046325684, 0.3840000033378601, 0.38600000739097595, 0.3880000114440918, 0.3880000114440918, 0.3869999945163727, 0.3840000033378601, 0.38999998569488525, 0.3869999945163727, 0.38600000739097595, 0.38100001215934753, 0.38100001215934753, 0.3799999952316284, 0.38499999046325684, 0.38499999046325684, 0.38499999046325684, 0.38499999046325684, 0.3869999945163727, 0.38999998569488525, 0.382999986410141, 0.382999986410141, 0.3869999945163727, 0.38100001215934753, 0.38499999046325684, 0.38100001215934753, 0.3799999952316284, 0.3790000081062317, 0.3790000081062317, 0.3790000081062317, 0.3790000081062317, 0.3790000081062317, 0.3869999945163727, 0.38199999928474426, 0.38600000739097595, 0.38600000739097595, 0.38600000739097595, 0.3779999911785126, 0.3779999911785126, 0.38199999928474426, 0.3799999952316284, 0.37700000405311584, 0.37599998712539673, 0.3790000081062317, 0.37599998712539673, 0.3799999952316284, 0.3799999952316284, 0.37299999594688416, 0.37700000405311584, 0.3779999911785126, 0.3779999911785126, 0.3790000081062317, 0.3790000081062317, 0.3790000081062317, 0.3799999952316284, 0.3799999952316284, 0.38199999928474426, 0.375, 0.38100001215934753, 0.3799999952316284, 0.37400001287460327, 0.37299999594688416, 0.37400001287460327, 0.37599998712539673, 0.375, 0.37400001287460327, 0.3779999911785126, 0.38199999928474426, 0.3779999911785126, 0.37400001287460327, 0.3720000088214874, 0.3720000088214874, 0.37700000405311584, 0.3779999911785126, 0.3779999911785126, 0.3799999952316284, 0.3790000081062317, 0.38100001215934753, 0.38100001215934753, 0.37599998712539673, 0.375, 0.3790000081062317, 0.38199999928474426, 0.3779999911785126, 0.3799999952316284, 0.3790000081062317, 0.38100001215934753, 0.3790000081062317, 0.3799999952316284, 0.3779999911785126, 0.37599998712539673, 0.37700000405311584, 0.3799999952316284, 0.382999986410141, 0.3869999945163727, 0.3930000066757202, 0.3889999985694885, 0.3869999945163727, 0.382999986410141, 0.38600000739097595, 0.3919999897480011, 0.39500001072883606, 0.3880000114440918, 0.3880000114440918, 0.3889999985694885, 0.3889999985694885, 0.3970000147819519, 0.39800000190734863, 0.4000000059604645, 0.39800000190734863, 0.3959999978542328, 0.39399999380111694, 0.39399999380111694, 0.40299999713897705, 0.40400001406669617, 0.40700000524520874, 0.40700000524520874, 0.40799999237060547, 0.41100001335144043, 0.41200000047683716, 0.40799999237060547, 0.40799999237060547, 0.414000004529953, 0.4189999997615814, 0.4169999957084656, 0.4169999957084656, 0.421999990940094, 0.4300000071525574, 0.42899999022483826, 0.4230000078678131, 0.41499999165534973, 0.4180000126361847, 0.41999998688697815, 0.42399999499320984, 0.42500001192092896, 0.4320000112056732, 0.4309999942779541, 0.4309999942779541, 0.4339999854564667, 0.43299999833106995, 0.43299999833106995, 0.43299999833106995, 0.4359999895095825, 0.4390000104904175, 0.4429999887943268, 0.4359999895095825, 0.4359999895095825, 0.4359999895095825, 0.4429999887943268, 0.43700000643730164, 0.4350000023841858, 0.4410000145435333, 0.4449999928474426, 0.4480000138282776, 0.4480000138282776, 0.4480000138282776, 0.44600000977516174, 0.45399999618530273, 0.45399999618530273, 0.4569999873638153, 0.4580000042915344, 0.46299999952316284, 0.46799999475479126, 0.4699999988079071, 0.46799999475479126, 0.4690000116825104, 0.4699999988079071, 0.47200000286102295, 0.4749999940395355, 0.47699999809265137, 0.4779999852180481, 0.4779999852180481, 0.4819999933242798, 0.4790000021457672, 0.4790000021457672, 0.48399999737739563, 0.48399999737739563, 0.48399999737739563, 0.48899999260902405, 0.48899999260902405, 0.48899999260902405, 0.4860000014305115, 0.49300000071525574, 0.49900001287460327, 0.49900001287460327, 0.49900001287460327, 0.4959999918937683, 0.4970000088214874, 0.49799999594688416, 0.5059999823570251, 0.5130000114440918, 0.5149999856948853, 0.5149999856948853, 0.5180000066757202, 0.5180000066757202, 0.5189999938011169, 0.5220000147819519, 0.5220000147819519, 0.5210000276565552, 0.5239999890327454, 0.527999997138977, 0.5339999794960022, 0.5410000085830688, 0.5400000214576721, 0.5400000214576721, 0.5460000038146973, 0.5509999990463257, 0.5479999780654907, 0.5450000166893005, 0.5550000071525574, 0.5580000281333923, 0.5580000281333923, 0.5630000233650208, 0.5649999976158142, 0.5680000185966492, 0.5789999961853027, 0.5799999833106995, 0.5770000219345093, 0.5690000057220459, 0.5849999785423279, 0.5830000042915344, 0.6029999852180481, 0.6320000290870667, 0.6830000281333923, 0.7860000133514404, 1.1119999885559082, 1.687000036239624, 1.6829999685287476, 1.687999963760376, 1.6890000104904175, 1.6770000457763672, 1.6790000200271606, 1.6720000505447388, 1.6699999570846558, 1.6770000457763672, 1.6770000457763672, 1.6610000133514404, 1.6549999713897705, 1.6579999923706055, 1.6579999923706055, 1.6610000133514404, 1.6540000438690186, 1.6510000228881836, 1.6510000228881836, 1.6519999504089355, 1.6519999504089355, 1.6430000066757202, 1.6440000534057617, 1.6380000114440918, 1.6399999856948853, 1.6430000066757202, 1.6390000581741333, 1.6319999694824219, 1.6319999694824219, 1.6299999952316284, 1.63100004196167, 1.63100004196167, 1.63100004196167, 1.6169999837875366, 1.6150000095367432, 1.6180000305175781, 1.6230000257492065, 1.6200000047683716, 1.6180000305175781, 1.6200000047683716, 1.6139999628067017, 1.6139999628067017, 1.6139999628067017, 1.6119999885559082, 1.6069999933242798, 1.6069999933242798, 1.6030000448226929, 1.6100000143051147, 1.6019999980926514, 1.6080000400543213, 1.6059999465942383, 1.6030000448226929, 1.6009999513626099, 1.5959999561309814, 1.5920000076293945, 1.590000033378601, 1.5809999704360962, 1.5880000591278076, 1.5880000591278076, 1.5850000381469727, 1.5800000429153442, 1.5759999752044678, 1.5839999914169312, 1.5820000171661377, 1.5859999656677246, 1.5859999656677246, 1.5870000123977661, 1.5839999914169312, 1.5789999961853027, 1.5820000171661377, 1.5779999494552612, 1.5770000219345093, 1.5750000476837158, 1.5759999752044678, 1.5720000267028809, 1.5609999895095825, 1.5679999589920044, 1.5740000009536743, 1.5740000009536743, 1.559000015258789, 1.555999994277954, 1.559999942779541, 1.559000015258789, 1.555999994277954, 1.555999994277954, 1.555999994277954, 1.5549999475479126, 1.5579999685287476, 1.555999994277954, 1.5570000410079956, 1.5509999990463257, 1.5529999732971191, 1.5570000410079956, 1.5609999895095825, 1.5470000505447388, 1.5460000038146973, 1.5399999618530273, 1.5379999876022339, 1.5379999876022339, 1.534000039100647, 1.531999945640564, 1.5290000438690186, 1.5269999504089355, 1.5230000019073486, 1.5240000486373901, 1.5260000228881836, 1.527999997138977, 1.5260000228881836, 1.5199999809265137, 1.5180000066757202, 1.5130000114440918, 1.5149999856948853, 1.5180000066757202, 1.5119999647140503, 1.5110000371932983, 1.5099999904632568, 1.5069999694824219, 1.5069999694824219, 1.50600004196167, 1.5099999904632568, 1.5049999952316284, 1.4930000305175781, 1.4930000305175781, 1.4930000305175781, 1.49399995803833, 1.4900000095367432, 1.4809999465942383, 1.4819999933242798, 1.4839999675750732, 1.4769999980926514, 1.472000002861023, 1.4700000286102295, 1.4700000286102295, 1.475000023841858, 1.4759999513626099, 1.465000033378601, 1.4579999446868896, 1.4609999656677246, 1.4630000591278076, 1.4609999656677246, 1.4509999752044678, 1.4479999542236328, 1.4450000524520874, 1.444000005722046, 1.4390000104904175, 1.4390000104904175, 1.4359999895095825, 1.4249999523162842, 1.4270000457763672, 1.4259999990463257, 1.4170000553131104, 1.4140000343322754, 1.4129999876022339, 1.4140000343322754, 1.4129999876022339, 1.4119999408721924, 1.4129999876022339, 1.4129999876022339, 1.399999976158142, 1.3949999809265137, 1.3949999809265137, 1.3930000066757202, 1.3930000066757202, 1.3880000114440918, 1.3910000324249268, 1.3849999904632568, 1.3849999904632568, 1.371000051498413, 1.3700000047683716, 1.3739999532699585, 1.3669999837875366, 1.3630000352859497, 1.3600000143051147, 1.3580000400543213, 1.3530000448226929, 1.3480000495910645, 1.340999960899353, 1.3370000123977661, 1.3380000591278076, 1.3329999446868896, 1.3300000429153442, 1.3289999961853027, 1.3289999961853027, 1.3259999752044678, 1.309000015258789, 1.312999963760376, 1.3209999799728394, 1.315000057220459, 1.2990000247955322, 1.2920000553131104, 1.2920000553131104, 1.2899999618530273, 1.2899999618530273, 1.2910000085830688, 1.2829999923706055, 1.2740000486373901, 1.2730000019073486, 1.281000018119812, 1.281000018119812, 1.2690000534057617, 1.2640000581741333, 1.2589999437332153, 1.2510000467300415, 1.2510000467300415, 1.253999948501587, 1.24399995803833, 1.2380000352859497, 1.2400000095367432, 1.2359999418258667, 1.2350000143051147, 1.2339999675750732, 1.2230000495910645, 1.2200000286102295, 1.215000033378601, 1.2070000171661377, 1.2070000171661377, 1.2070000171661377, 1.1990000009536743, 1.194000005722046, 1.1890000104904175, 1.187000036239624, 1.184999942779541, 1.1799999475479126, 1.1749999523162842, 1.1729999780654907, 1.1649999618530273, 1.159999966621399, 1.1519999504089355, 1.149999976158142, 1.1449999809265137, 1.1430000066757202, 1.1469999551773071, 1.1430000066757202, 1.1390000581741333, 1.1319999694824219, 1.128999948501587, 1.11899995803833, 1.11899995803833, 1.1130000352859497, 1.1059999465942383, 1.1019999980926514, 1.100000023841858, 1.097000002861023, 1.090000033378601, 1.0920000076293945, 1.0880000591278076, 1.0839999914169312, 1.0750000476837158, 1.0729999542236328, 1.0720000267028809, 1.0750000476837158, 1.0740000009536743, 1.0740000009536743, 1.059000015258789, 1.0509999990463257, 1.0440000295639038, 1.0410000085830688, 1.0399999618530273, 1.0360000133514404, 1.031999945640564, 1.0290000438690186, 1.0290000438690186, 1.0110000371932983, 1.0080000162124634, 1.0010000467300415, 1.0, 0.9909999966621399, 0.996999979019165, 0.9950000047683716, 0.9929999709129333, 0.9789999723434448, 0.9710000157356262, 0.9679999947547913, 0.9679999947547913, 0.9649999737739563, 0.9589999914169312, 0.9549999833106995, 0.9490000009536743, 0.9419999718666077, 0.9409999847412109, 0.9419999718666077, 0.9390000104904175, 0.9380000233650208, 0.9300000071525574, 0.9279999732971191, 0.9229999780654907, 0.921999990940094, 0.9129999876022339, 0.9070000052452087, 0.906000018119812, 0.8970000147819519, 0.8960000276565552, 0.8960000276565552, 0.8840000033378601, 0.8790000081062317, 0.8769999742507935, 0.8769999742507935, 0.8740000128746033, 0.8690000176429749, 0.8629999756813049, 0.8619999885559082, 0.8600000143051147, 0.8489999771118164, 0.8489999771118164, 0.8460000157356262, 0.8370000123977661, 0.8320000171661377, 0.8320000171661377, 0.8330000042915344, 0.8140000104904175, 0.8130000233650208, 0.8109999895095825, 0.8059999942779541, 0.8040000200271606, 0.800000011920929, 0.796999990940094, 0.7960000038146973, 0.7870000004768372, 0.777999997138977, 0.7789999842643738, 0.7789999842643738, 0.7789999842643738, 0.7730000019073486, 0.7730000019073486, 0.7630000114440918, 0.7609999775886536, 0.7609999775886536, 0.7609999775886536, 0.7570000290870667, 0.7440000176429749, 0.7390000224113464, 0.746999979019165, 0.746999979019165, 0.7350000143051147, 0.7269999980926514, 0.7229999899864197, 0.7229999899864197, 0.7200000286102295, 0.718999981880188, 0.718999981880188, 0.7120000123977661, 0.7059999704360962, 0.7059999704360962, 0.699999988079071, 0.6949999928474426, 0.6949999928474426, 0.6949999928474426, 0.6919999718666077, 0.6859999895095825, 0.6830000281333923, 0.6830000281333923, 0.6830000281333923, 0.6819999814033508, 0.6759999990463257, 0.6610000133514404, 0.6620000004768372, 0.6660000085830688, 0.6669999957084656, 0.6669999957084656, 0.6620000004768372, 0.6570000052452087, 0.6570000052452087, 0.6639999747276306, 0.6639999747276306, 0.656000018119812, 0.6489999890327454, 0.6460000276565552, 0.6480000019073486, 0.6460000276565552, 0.6439999938011169, 0.6420000195503235, 0.6399999856948853, 0.6309999823570251, 0.628000020980835, 0.621999979019165, 0.6169999837875366, 0.6240000128746033, 0.6259999871253967, 0.6259999871253967, 0.621999979019165, 0.6190000176429749, 0.6190000176429749, 0.6159999966621399, 0.6100000143051147, 0.6079999804496765, 0.6079999804496765, 0.6100000143051147, 0.609000027179718, 0.609000027179718, 0.609000027179718, 0.6039999723434448, 0.6039999723434448, 0.6039999723434448, 0.6039999723434448, 0.5979999899864197, 0.5929999947547913, 0.5899999737739563, 0.597000002861023, 0.5879999995231628, 0.5849999785423279, 0.5860000252723694, 0.5889999866485596, 0.593999981880188, 0.5910000205039978, 0.5770000219345093, 0.5770000219345093, 0.5789999961853027, 0.5759999752044678, 0.5759999752044678, 0.574999988079071, 0.5740000009536743, 0.5759999752044678, 0.578000009059906, 0.578000009059906, 0.5690000057220459, 0.5690000057220459, 0.5669999718666077, 0.5659999847412109, 0.5659999847412109, 0.5659999847412109, 0.5680000185966492, 0.5680000185966492, 0.5609999895095825, 0.5609999895095825, 0.5609999895095825, 0.5619999766349792, 0.5640000104904175, 0.5649999976158142, 0.5550000071525574, 0.5559999942779541, 0.5540000200271606, 0.5550000071525574, 0.550000011920929, 0.550000011920929, 0.5509999990463257, 0.5479999780654907, 0.5490000247955322, 0.5490000247955322, 0.5490000247955322, 0.5460000038146973, 0.546999990940094, 0.5429999828338623, 0.546999990940094, 0.5419999957084656, 0.5419999957084656, 0.5429999828338623, 0.5389999747276306, 0.5360000133514404, 0.5370000004768372, 0.5479999780654907, 0.550000011920929, 0.5460000038146973, 0.5400000214576721, 0.5379999876022339, 0.5370000004768372, 0.5370000004768372, 0.5370000004768372, 0.5389999747276306, 0.5389999747276306, 0.5429999828338623, 0.5429999828338623, 0.5339999794960022, 0.5379999876022339, 0.5379999876022339, 0.5379999876022339, 0.5339999794960022, 0.5329999923706055, 0.5320000052452087, 0.531000018119812, 0.531000018119812, 0.527999997138977, 0.5260000228881836, 0.5289999842643738, 0.531000018119812, 0.531000018119812, 0.5289999842643738, 0.5270000100135803, 0.5260000228881836, 0.5360000133514404, 0.5329999923706055, 0.5299999713897705, 0.5299999713897705, 0.5320000052452087, 0.5320000052452087, 0.5270000100135803, 0.5230000019073486, 0.5249999761581421, 0.5249999761581421, 0.5249999761581421, 0.5289999842643738, 0.5289999842643738, 0.5220000147819519, 0.5270000100135803, 0.5289999842643738, 0.5270000100135803, 0.515999972820282, 0.5220000147819519, 0.5230000019073486, 0.5210000276565552, 0.5220000147819519, 0.5180000066757202, 0.5180000066757202, 0.5180000066757202, 0.5230000019073486, 0.531000018119812, 0.5299999713897705, 0.5329999923706055, 0.5289999842643738, 0.5270000100135803, 0.5230000019073486, 0.5220000147819519, 0.5239999890327454, 0.5249999761581421, 0.5210000276565552, 0.5199999809265137, 0.5189999938011169, 0.5180000066757202, 0.5120000243186951, 0.5189999938011169, 0.5239999890327454, 0.527999997138977, 0.5249999761581421, 0.5249999761581421, 0.5249999761581421, 0.5270000100135803, 0.527999997138977, 0.5289999842643738, 0.5289999842643738, 0.5210000276565552, 0.5210000276565552, 0.5210000276565552, 0.5180000066757202, 0.5210000276565552, 0.5230000019073486, 0.5249999761581421, 0.5249999761581421, 0.5270000100135803, 0.5260000228881836, 0.5249999761581421, 0.5239999890327454, 0.5239999890327454, 0.5199999809265137, 0.5170000195503235, 0.5199999809265137, 0.5249999761581421, 0.5230000019073486, 0.5239999890327454, 0.5210000276565552, 0.5199999809265137, 0.515999972820282, 0.5130000114440918, 0.5180000066757202, 0.5230000019073486, 0.5230000019073486, 0.5199999809265137, 0.5210000276565552, 0.5220000147819519, 0.5249999761581421, 0.5260000228881836, 0.5270000100135803, 0.5260000228881836, 0.527999997138977, 0.5320000052452087, 0.531000018119812, 0.5299999713897705, 0.5289999842643738, 0.531000018119812, 0.5329999923706055, 0.5329999923706055, 0.5339999794960022, 0.5379999876022339, 0.5389999747276306, 0.5370000004768372, 0.5370000004768372, 0.5379999876022339, 0.5370000004768372, 0.5370000004768372, 0.5419999957084656, 0.5440000295639038, 0.5360000133514404, 0.5350000262260437, 0.5400000214576721, 0.5429999828338623, 0.5419999957084656, 0.5429999828338623, 0.5429999828338623, 0.5440000295639038, 0.5450000166893005, 0.5450000166893005, 0.5400000214576721, 0.5419999957084656, 0.5400000214576721, 0.5460000038146973, 0.5419999957084656, 0.5569999814033508, 0.5569999814033508, 0.5490000247955322, 0.5490000247955322, 0.5569999814033508, 0.5529999732971191, 0.5509999990463257, 0.550000011920929, 0.5590000152587891, 0.5630000233650208, 0.5680000185966492, 0.5740000009536743, 0.5640000104904175, 0.5580000281333923, 0.5509999990463257, 0.5550000071525574, 0.5590000152587891, 0.5649999976158142, 0.5709999799728394, 0.5699999928474426, 0.5720000267028809, 0.5740000009536743, 0.5759999752044678, 0.5770000219345093, 0.574999988079071, 0.5759999752044678, 0.5830000042915344, 0.5789999961853027, 0.5740000009536743, 0.5740000009536743, 0.574999988079071, 0.5879999995231628, 0.5879999995231628, 0.5889999866485596, 0.5889999866485596, 0.5830000042915344, 0.5849999785423279, 0.5860000252723694, 0.5920000076293945, 0.5929999947547913, 0.5879999995231628, 0.5839999914169312, 0.5849999785423279, 0.5899999737739563, 0.597000002861023, 0.6069999933242798, 0.597000002861023, 0.5870000123977661, 0.5879999995231628, 0.5950000286102295, 0.5960000157356262, 0.5960000157356262, 0.5950000286102295, 0.6019999980926514, 0.6019999980926514, 0.6019999980926514, 0.5979999899864197, 0.5960000157356262, 0.5960000157356262, 0.6179999709129333, 0.6179999709129333, 0.6169999837875366, 0.6169999837875366, 0.6159999966621399, 0.6259999871253967, 0.6230000257492065, 0.6190000176429749, 0.6190000176429749, 0.6159999966621399, 0.6190000176429749, 0.6209999918937683, 0.6269999742507935, 0.6349999904632568, 0.6320000290870667, 0.6240000128746033, 0.6269999742507935, 0.6330000162124634, 0.6299999952316284, 0.6209999918937683, 0.6200000047683716, 0.6259999871253967, 0.6370000243186951, 0.6449999809265137, 0.6470000147819519, 0.6449999809265137, 0.6510000228881836, 0.6650000214576721, 0.6650000214576721, 0.6549999713897705, 0.656000018119812, 0.6549999713897705, 0.6800000071525574, 0.675000011920929, 0.6769999861717224, 0.675000011920929, 0.6700000166893005, 0.6740000247955322, 0.6869999766349792, 0.6909999847412109, 0.6899999976158142, 0.6919999718666077, 0.6919999718666077, 0.6940000057220459]
intensities: [1074.0, 1111.0, 1097.0, 1127.0, 1126.0, 1126.0, 1289.0, 1277.0, 1322.0, 1376.0, 1374.0, 1398.0, 1372.0, 1347.0, 1307.0, 1146.0, 1135.0, 984.0, 820.0, 803.0, 957.0, 1001.0, 1051.0, 1085.0, 1088.0, 1076.0, 1026.0, 1016.0, 1050.0, 1108.0, 1163.0, 1209.0, 1383.0, 1423.0, 1435.0, 1484.0, 1484.0, 1494.0, 1514.0, 1514.0, 1562.0, 1562.0, 1570.0, 1564.0, 1576.0, 1595.0, 1598.0, 1596.0, 1597.0, 1593.0, 1594.0, 1584.0, 1588.0, 1572.0, 1596.0, 1587.0, 1593.0, 1595.0, 1589.0, 1584.0, 1598.0, 1556.0, 1551.0, 1563.0, 1568.0, 1556.0, 1549.0, 1562.0, 1554.0, 1552.0, 1550.0, 1561.0, 1558.0, 1552.0, 1563.0, 1584.0, 1596.0, 1536.0, 1554.0, 1555.0, 1530.0, 1542.0, 1545.0, 1542.0, 1540.0, 1554.0, 1535.0, 1535.0, 1526.0, 1519.0, 1530.0, 1513.0, 1513.0, 1520.0, 1512.0, 1506.0, 1506.0, 1508.0, 1506.0, 1508.0, 1508.0, 1507.0, 1507.0, 1510.0, 1504.0, 1503.0, 1499.0, 1502.0, 1502.0, 1493.0, 1488.0, 1487.0, 1502.0, 1496.0, 1492.0, 1485.0, 1490.0, 1481.0, 1496.0, 1472.0, 1479.0, 1449.0, 1438.0, 1454.0, 1470.0, 1462.0, 1455.0, 1435.0, 1451.0, 1441.0, 1459.0, 1449.0, 1449.0, 1453.0, 1442.0, 1432.0, 1422.0, 1403.0, 1417.0, 1431.0, 1421.0, 1411.0, 1435.0, 1413.0, 1408.0, 1408.0, 1399.0, 1393.0, 1393.0, 1379.0, 1365.0, 1384.0, 1389.0, 1377.0, 1367.0, 1357.0, 1337.0, 1348.0, 1341.0, 1345.0, 1345.0, 1342.0, 1338.0, 1351.0, 1351.0, 1344.0, 1342.0, 1362.0, 1339.0, 1350.0, 1345.0, 1350.0, 1332.0, 1321.0, 1322.0, 1271.0, 1271.0, 1323.0, 1325.0, 1315.0, 1306.0, 1309.0, 1278.0, 1308.0, 1279.0, 1268.0, 1260.0, 1260.0, 1260.0, 1260.0, 1260.0, 1271.0, 1264.0, 1264.0, 1260.0, 1260.0, 1258.0, 1258.0, 1257.0, 1249.0, 1241.0, 1241.0, 1260.0, 1241.0, 1240.0, 1240.0, 1227.0, 1235.0, 1242.0, 1242.0, 1215.0, 1214.0, 1237.0, 1230.0, 1220.0, 1205.0, 1208.0, 1205.0, 1206.0, 1203.0, 1196.0, 1190.0, 1178.0, 1184.0, 1173.0, 1169.0, 1154.0, 1171.0, 1165.0, 1167.0, 1166.0, 1165.0, 1163.0, 1161.0, 1165.0, 1151.0, 1170.0, 1170.0, 1144.0, 1139.0, 1157.0, 1155.0, 1146.0, 1153.0, 1138.0, 1135.0, 1145.0, 1144.0, 1144.0, 1135.0, 1132.0, 1130.0, 1150.0, 1161.0, 1147.0, 1093.0, 1110.0, 1129.0, 1130.0, 1138.0, 1143.0, 1110.0, 1114.0, 1119.0, 1119.0, 1117.0, 1146.0, 1148.0, 1124.0, 1124.0, 1125.0, 1120.0, 1139.0, 1121.0, 1134.0, 1133.0, 1137.0, 1145.0, 1143.0, 1151.0, 1153.0, 1165.0, 1180.0, 1176.0, 1176.0, 1185.0, 1187.0, 1157.0, 1183.0, 1186.0, 1198.0, 1196.0, 1200.0, 1200.0, 1201.0, 1212.0, 1212.0, 1220.0, 1212.0, 1206.0, 1224.0, 1214.0, 1222.0, 1231.0, 1230.0, 1230.0, 1231.0, 1231.0, 1232.0, 1231.0, 1241.0, 1240.0, 1247.0, 1247.0, 1252.0, 1247.0, 1240.0, 1240.0, 1268.0, 1264.0, 1266.0, 1270.0, 1276.0, 1280.0, 1287.0, 1287.0, 1277.0, 1279.0, 1290.0, 1298.0, 1292.0, 1309.0, 1285.0, 1290.0, 1313.0, 1313.0, 1313.0, 1322.0, 1313.0, 1313.0, 1318.0, 1336.0, 1321.0, 1321.0, 1304.0, 1293.0, 1296.0, 1309.0, 1313.0, 1317.0, 1334.0, 1329.0, 1319.0, 1319.0, 1328.0, 1360.0, 1360.0, 1347.0, 1348.0, 1346.0, 1337.0, 1352.0, 1346.0, 1334.0, 1369.0, 1389.0, 1369.0, 1449.0, 1464.0, 1454.0, 1447.0, 1424.0, 1400.0, 1406.0, 1370.0, 1356.0, 1324.0, 1254.0, 1240.0, 1190.0, 1199.0, 1284.0, 1477.0, 1531.0, 1365.0, 1115.0, 1116.0, 1110.0, 1105.0, 1108.0, 1123.0, 1117.0, 1110.0, 1111.0, 1110.0, 1115.0, 1103.0, 1102.0, 1109.0, 1097.0, 1102.0, 1095.0, 1095.0, 1111.0, 1115.0, 1080.0, 1097.0, 1106.0, 1107.0, 1108.0, 1111.0, 1104.0, 1104.0, 1108.0, 1092.0, 1092.0, 1092.0, 1100.0, 1105.0, 1107.0, 1109.0, 1100.0, 1096.0, 1135.0, 1098.0, 1119.0, 1119.0, 1114.0, 1114.0, 1113.0, 1124.0, 1131.0, 1120.0, 1135.0, 1139.0, 1133.0, 1148.0, 1140.0, 1144.0, 1146.0, 1134.0, 1144.0, 1144.0, 1132.0, 1141.0, 1134.0, 1139.0, 1132.0, 1141.0, 1132.0, 1159.0, 1134.0, 1130.0, 1122.0, 1121.0, 1138.0, 1139.0, 1146.0, 1124.0, 1125.0, 1123.0, 1137.0, 1137.0, 1119.0, 1119.0, 1140.0, 1135.0, 1137.0, 1137.0, 1119.0, 1106.0, 1123.0, 1141.0, 1139.0, 1121.0, 1129.0, 1133.0, 1137.0, 1116.0, 1135.0, 1128.0, 1144.0, 1166.0, 1149.0, 1135.0, 1131.0, 1124.0, 1128.0, 1138.0, 1138.0, 1129.0, 1124.0, 1129.0, 1144.0, 1114.0, 1131.0, 1148.0, 1118.0, 1123.0, 1133.0, 1114.0, 1114.0, 1119.0, 1132.0, 1140.0, 1118.0, 1127.0, 1131.0, 1131.0, 1132.0, 1156.0, 1143.0, 1131.0, 1129.0, 1127.0, 1127.0, 1138.0, 1131.0, 1135.0, 1110.0, 1122.0, 1135.0, 1127.0, 1127.0, 1130.0, 1131.0, 1125.0, 1134.0, 1130.0, 1137.0, 1131.0, 1126.0, 1143.0, 1144.0, 1133.0, 1132.0, 1126.0, 1122.0, 1133.0, 1144.0, 1139.0, 1139.0, 1128.0, 1145.0, 1143.0, 1131.0, 1139.0, 1134.0, 1141.0, 1151.0, 1154.0, 1135.0, 1142.0, 1149.0, 1142.0, 1150.0, 1143.0, 1140.0, 1135.0, 1158.0, 1160.0, 1156.0, 1160.0, 1153.0, 1155.0, 1155.0, 1155.0, 1148.0, 1163.0, 1154.0, 1149.0, 1153.0, 1159.0, 1152.0, 1152.0, 1163.0, 1167.0, 1164.0, 1176.0, 1164.0, 1160.0, 1166.0, 1169.0, 1179.0, 1164.0, 1168.0, 1177.0, 1182.0, 1185.0, 1178.0, 1183.0, 1178.0, 1183.0, 1185.0, 1188.0, 1178.0, 1195.0, 1191.0, 1163.0, 1177.0, 1177.0, 1182.0, 1190.0, 1182.0, 1208.0, 1209.0, 1216.0, 1189.0, 1209.0, 1219.0, 1223.0, 1216.0, 1214.0, 1222.0, 1217.0, 1227.0, 1231.0, 1234.0, 1239.0, 1248.0, 1251.0, 1251.0, 1233.0, 1233.0, 1231.0, 1235.0, 1243.0, 1239.0, 1258.0, 1233.0, 1248.0, 1257.0, 1262.0, 1245.0, 1255.0, 1250.0, 1250.0, 1252.0, 1247.0, 1265.0, 1264.0, 1261.0, 1263.0, 1292.0, 1285.0, 1291.0, 1285.0, 1279.0, 1286.0, 1276.0, 1278.0, 1287.0, 1296.0, 1302.0, 1287.0, 1280.0, 1289.0, 1289.0, 1277.0, 1286.0, 1294.0, 1298.0, 1290.0, 1286.0, 1304.0, 1299.0, 1302.0, 1304.0, 1336.0, 1325.0, 1336.0, 1324.0, 1339.0, 1346.0, 1344.0, 1340.0, 1340.0, 1313.0, 1338.0, 1345.0, 1346.0, 1339.0, 1344.0, 1344.0, 1341.0, 1340.0, 1334.0, 1333.0, 1346.0, 1367.0, 1354.0, 1355.0, 1368.0, 1362.0, 1368.0, 1370.0, 1451.0, 1504.0, 1509.0, 1395.0, 1383.0, 1374.0, 1372.0, 1382.0, 1392.0, 1388.0, 1411.0, 1422.0, 1429.0, 1436.0, 1447.0, 1447.0, 1435.0, 1445.0, 1454.0, 1458.0, 1458.0, 1481.0, 1518.0, 1524.0, 1524.0, 1527.0, 1520.0, 1511.0, 1516.0, 1522.0, 1531.0, 1521.0, 1523.0, 1519.0, 1515.0, 1529.0, 1533.0, 1525.0, 1531.0, 1543.0, 1521.0, 1538.0, 1539.0, 1548.0, 1550.0, 1552.0, 1546.0, 1559.0, 1555.0, 1554.0, 1586.0, 1576.0, 1569.0, 1593.0, 1567.0, 1554.0, 1569.0, 1566.0, 1570.0, 1564.0, 1574.0, 1578.0, 1593.0, 1600.0, 1593.0, 1594.0, 1598.0, 1603.0, 1600.0, 1595.0, 1585.0, 1592.0, 1599.0, 1604.0, 1590.0, 1588.0, 1590.0, 1597.0, 1593.0, 1593.0, 1593.0, 1585.0, 1586.0, 1591.0, 1589.0, 1603.0, 1598.0, 1603.0, 1598.0, 1604.0, 1619.0, 1607.0, 1617.0, 1617.0, 1601.0, 1600.0, 1591.0, 1597.0, 1582.0, 1582.0, 1584.0, 1584.0, 1591.0, 1598.0, 1603.0, 1591.0, 1573.0, 1573.0, 1573.0, 1573.0, 1581.0, 1581.0, 1556.0, 1560.0, 1564.0, 1559.0, 1543.0, 1550.0, 1553.0, 1562.0, 1577.0, 1566.0, 1556.0, 1588.0, 1568.0, 1548.0, 1540.0, 1563.0, 1559.0, 1563.0, 1556.0, 1550.0, 1551.0, 1531.0, 1544.0, 1558.0, 1539.0, 1528.0, 1526.0, 1536.0, 1512.0, 1509.0, 1538.0, 1538.0, 1509.0, 1516.0, 1518.0, 1507.0, 1507.0, 1509.0, 1505.0, 1505.0, 1511.0, 1484.0, 1474.0, 1478.0, 1482.0, 1473.0, 1458.0, 1465.0, 1476.0, 1471.0, 1471.0, 1464.0, 1461.0, 1465.0, 1454.0, 1444.0, 1437.0, 1442.0, 1456.0, 1452.0, 1445.0, 1443.0, 1434.0, 1436.0, 1439.0, 1444.0, 1444.0, 1418.0, 1421.0, 1423.0, 1436.0, 1424.0, 1415.0, 1413.0, 1399.0, 1381.0, 1364.0, 1364.0, 1364.0, 1378.0, 1398.0, 1385.0, 1382.0, 1389.0, 1394.0, 1406.0, 1364.0, 1365.0, 1371.0, 1371.0, 1379.0, 1370.0, 1380.0, 1354.0, 1351.0, 1350.0, 1359.0, 1350.0, 1356.0, 1354.0, 1349.0, 1345.0, 1349.0, 1343.0, 1359.0, 1359.0, 1359.0, 1325.0, 1317.0, 1338.0, 1347.0, 1349.0, 1330.0, 1324.0, 1323.0, 1318.0, 1300.0, 1301.0, 1302.0, 1312.0, 1300.0, 1318.0, 1306.0, 1287.0, 1283.0, 1276.0, 1277.0, 1282.0, 1275.0, 1275.0, 1260.0, 1263.0, 1271.0, 1288.0, 1283.0, 1274.0, 1265.0, 1274.0, 1274.0, 1262.0, 1257.0, 1250.0, 1256.0, 1262.0, 1264.0, 1269.0, 1260.0, 1263.0, 1267.0, 1266.0, 1258.0, 1261.0, 1265.0, 1267.0, 1266.0, 1264.0, 1271.0, 1269.0, 1263.0, 1259.0, 1268.0, 1270.0, 1276.0, 1285.0, 1285.0, 1294.0, 1295.0, 1294.0, 1287.0, 1292.0, 1304.0, 1304.0, 1275.0, 1282.0, 1275.0, 1289.0, 1284.0, 1279.0, 1299.0, 1292.0, 1305.0, 1306.0, 1293.0, 1297.0, 1289.0, 1293.0, 1293.0, 1289.0, 1301.0, 1305.0, 1302.0, 1265.0, 1280.0, 1295.0, 1294.0, 1281.0, 1301.0, 1304.0, 1284.0, 1302.0, 1295.0, 1313.0, 1299.0, 1302.0, 1315.0, 1310.0, 1319.0, 1323.0, 1336.0, 1324.0, 1316.0, 1318.0, 1317.0, 1338.0, 1333.0, 1345.0, 1350.0, 1358.0, 1355.0, 1356.0, 1363.0, 1353.0, 1345.0, 1356.0, 1363.0, 1366.0, 1373.0, 1366.0, 1359.0, 1386.0, 1366.0, 1380.0, 1367.0, 1359.0, 1382.0, 1383.0, 1386.0, 1387.0, 1386.0, 1402.0, 1411.0, 1419.0, 1375.0, 1389.0, 1409.0, 1408.0, 1409.0, 1411.0, 1416.0, 1417.0, 1414.0, 1412.0, 1407.0, 1406.0, 1406.0, 1393.0, 1384.0, 1384.0, 1389.0, 1399.0, 1390.0, 1388.0, 1363.0, 1384.0, 1387.0, 1374.0, 1391.0, 1376.0, 1358.0, 1339.0, 1340.0, 1340.0, 1346.0]