header: 
  seq: 2689
  stamp: 
    secs: 1548820824
    nsecs: 444151622
  frame_id: "base_link"
angle_min: -2.35619449615
angle_max: 2.35619449615
angle_increment: 0.00436332309619
time_increment: 1.73611151695e-05
scan_time: 0.0250000003725
range_min: 0.019999999553
range_max: 30.0
ranges: [0.4449999928474426, 0.43299999833106995, 0.4269999861717224, 0.42500001192092896, 0.4259999990463257, 0.4259999990463257, 0.4269999861717224, 0.4300000071525574, 0.42899999022483826, 0.42800000309944153, 0.4180000126361847, 0.41200000047683716, 0.41200000047683716, 0.40799999237060547, 0.39800000190734863, 0.3659999966621399, 0.3659999966621399, 0.2669999897480011, 0.2849999964237213, 0.2549999952316284, 0.32100000977516174, 0.36000001430511475, 0.38100001215934753, 0.3889999985694885, 0.39399999380111694, 0.39100000262260437, 0.3880000114440918, 0.37299999594688416, 0.38100001215934753, 0.36899998784065247, 0.3799999952316284, 0.37700000405311584, 0.3799999952316284, 0.37700000405311584, 0.375, 0.3709999918937683, 0.37299999594688416, 0.37400001287460327, 0.3659999966621399, 0.3659999966621399, 0.3659999966621399, 0.36399999260902405, 0.36399999260902405, 0.35899999737739563, 0.3540000021457672, 0.3529999852180481, 0.3540000021457672, 0.35499998927116394, 0.3569999933242798, 0.3580000102519989, 0.3540000021457672, 0.3449999988079071, 0.3449999988079071, 0.3479999899864197, 0.3479999899864197, 0.3440000116825104, 0.34299999475479126, 0.3400000035762787, 0.33799999952316284, 0.32899999618530273, 0.3240000009536743, 0.3240000009536743, 0.32899999618530273, 0.3240000009536743, 0.3240000009536743, 0.3269999921321869, 0.328000009059906, 0.31700000166893005, 0.3179999887943268, 0.3160000145435333, 0.3240000009536743, 0.32199999690055847, 0.32199999690055847, 0.32199999690055847, 0.32899999618530273, 0.3199999928474426, 0.3199999928474426, 0.3199999928474426, 0.3179999887943268, 0.31299999356269836, 0.30399999022483826, 0.3140000104904175, 0.3100000023841858, 0.3100000023841858, 0.3190000057220459, 0.3149999976158142, 0.3109999895095825, 0.3100000023841858, 0.3109999895095825, 0.3100000023841858, 0.3100000023841858, 0.30799999833106995, 0.30799999833106995, 0.30300000309944153, 0.30300000309944153, 0.3109999895095825, 0.31200000643730164, 0.3100000023841858, 0.30799999833106995, 0.3089999854564667, 0.3050000071525574, 0.3050000071525574, 0.3059999942779541, 0.3100000023841858, 0.3089999854564667, 0.30399999022483826, 0.3070000112056732, 0.3070000112056732, 0.30300000309944153, 0.3019999861717224, 0.29899999499320984, 0.2980000078678131, 0.30300000309944153, 0.3059999942779541, 0.3059999942779541, 0.3019999861717224, 0.30399999022483826, 0.30000001192092896, 0.30399999022483826, 0.3050000071525574, 0.3050000071525574, 0.2980000078678131, 0.296999990940094, 0.29899999499320984, 0.30000001192092896, 0.30399999022483826, 0.3059999942779541, 0.3009999990463257, 0.2980000078678131, 0.2980000078678131, 0.30000001192092896, 0.30000001192092896, 0.2980000078678131, 0.296999990940094, 0.29499998688697815, 0.29600000381469727, 0.296999990940094, 0.29600000381469727, 0.296999990940094, 0.30300000309944153, 0.30399999022483826, 0.30399999022483826, 0.3050000071525574, 0.3070000112056732, 0.30799999833106995, 0.30799999833106995, 0.3089999854564667, 0.3059999942779541, 0.3059999942779541, 0.3059999942779541, 0.30399999022483826, 0.30399999022483826, 0.3050000071525574, 0.30000001192092896, 0.29899999499320984, 0.30399999022483826, 0.30799999833106995, 0.30000001192092896, 0.2980000078678131, 0.2980000078678131, 0.2980000078678131, 0.30300000309944153, 0.3100000023841858, 0.3100000023841858, 0.3100000023841858, 0.30799999833106995, 0.30799999833106995, 0.3100000023841858, 0.31299999356269836, 0.32199999690055847, 0.3240000009536743, 0.3230000138282776, 0.32100000977516174, 0.32499998807907104, 0.32899999618530273, 0.328000009059906, 0.32100000977516174, 0.3240000009536743, 0.3269999921321869, 0.32899999618530273, 0.3310000002384186, 0.3330000042915344, 0.3400000035762787, 0.3449999988079071, 0.3540000021457672, 0.36000001430511475, 0.35899999737739563, 0.3499999940395355, 0.3529999852180481, 0.3580000102519989, 0.35899999737739563, 0.36000001430511475, 0.3619999885559082, 0.3720000088214874, 0.3709999918937683, 0.37400001287460327, 0.3790000081062317, 0.38199999928474426, 0.3840000033378601, 0.3919999897480011, 0.39399999380111694, 0.4000000059604645, 0.40299999713897705, 0.4090000092983246, 0.4090000092983246, 0.4090000092983246, 0.414000004529953, 0.4180000126361847, 0.42500001192092896, 0.42500001192092896, 0.4259999990463257, 0.4300000071525574, 0.4339999854564667, 0.4390000104904175, 0.44600000977516174, 0.44200000166893005, 0.44600000977516174, 0.4650000035762787, 0.4650000035762787, 0.46399998664855957, 0.46299999952316284, 0.4740000069141388, 0.4830000102519989, 0.49300000071525574, 0.49900001287460327, 0.4959999918937683, 0.5009999871253967, 0.5099999904632568, 0.5170000195503235, 0.5220000147819519, 0.5299999713897705, 0.5389999747276306, 0.5509999990463257, 0.5490000247955322, 0.5580000281333923, 0.5569999814033508, 0.5659999847412109, 0.5720000267028809, 0.5809999704360962, 0.5910000205039978, 0.6029999852180481, 0.6029999852180481, 0.6169999837875366, 0.625, 0.6299999952316284, 0.6420000195503235, 0.6570000052452087, 0.6549999713897705, 0.6639999747276306, 0.675000011920929, 0.6819999814033508, 0.6990000009536743, 0.7059999704360962, 0.7160000205039978, 0.7319999933242798, 0.7440000176429749, 0.7450000047683716, 0.7680000066757202, 0.7749999761581421, 0.7860000133514404, 0.8069999814033508, 0.8209999799728394, 0.8389999866485596, 0.8579999804496765, 0.8730000257492065, 0.890999972820282, 0.9160000085830688, 0.9300000071525574, 0.9470000267028809, 0.9750000238418579, 0.9850000143051147, 1.0190000534057617, 1.0420000553131104, 1.0779999494552612, 1.1059999465942383, 1.1130000352859497, 1.1519999504089355, 1.187999963760376, 1.2300000190734863, 1.2619999647140503, 1.2970000505447388, 1.3200000524520874, 1.3650000095367432, 1.409999966621399, 1.465999960899353, 1.50600004196167, 1.562999963760376, 1.6399999856948853, 1.7070000171661377, 1.8539999723434448, 1.9579999446868896, 2.869999885559082, 2.877000093460083, 2.871999979019165, 2.865000009536743, 2.86899995803833, 2.874000072479248, 2.875, 2.865000009536743, 2.86299991607666, 2.8580000400543213, 2.8559999465942383, 2.865000009536743, 2.871000051498413, 2.86299991607666, 2.859999895095825, 2.8529999256134033, 2.8529999256134033, 2.859999895095825, 2.8559999465942383, 2.8510000705718994, 2.8489999771118164, 2.8440001010894775, 2.8399999141693115, 2.8389999866485596, 2.8380000591278076, 2.8489999771118164, 2.8499999046325684, 2.8299999237060547, 2.822999954223633, 2.819999933242798, 2.815999984741211, 2.815999984741211, 2.811000108718872, 2.7990000247955322, 2.8010001182556152, 2.796999931335449, 2.7850000858306885, 2.7880001068115234, 2.7829999923706055, 2.7829999923706055, 2.7769999504089355, 2.7660000324249268, 2.759000062942505, 2.755000114440918, 2.750999927520752, 2.752000093460083, 2.744999885559082, 2.7290000915527344, 2.7230000495910645, 2.7200000286102295, 2.7109999656677246, 2.697999954223633, 2.697000026702881, 2.690000057220459, 2.687999963760376, 2.678999900817871, 2.6740000247955322, 2.6689999103546143, 2.6579999923706055, 2.6540000438690186, 2.638000011444092, 2.635999917984009, 2.627000093460083, 2.61899995803833, 2.6059999465942383, 2.5920000076293945, 2.5859999656677246, 2.578000068664551, 2.572000026702881, 2.563999891281128, 2.559999942779541, 2.5409998893737793, 2.5230000019073486, 2.51200008392334, 2.50600004196167, 2.500999927520752, 2.489000082015991, 2.4769999980926514, 2.4560000896453857, 2.4590001106262207, 2.444000005722046, 2.427999973297119, 2.4110000133514404, 2.3970000743865967, 2.38700008392334, 2.385999917984009, 2.3459999561309814, 2.3380000591278076, 2.3289999961853027, 2.316999912261963, 2.302000045776367, 2.2850000858306885, 2.2709999084472656, 2.252000093460083, 2.2249999046325684, 2.2039999961853027, 2.190000057220459, 2.187000036239624, 2.1510000228881836, 2.125999927520752, 2.0920000076293945, 2.0829999446868896, 2.069000005722046, 2.0429999828338623, 2.0199999809265137, 1.9839999675750732, 1.968999981880188, 1.9479999542236328, 1.9320000410079956, 1.9170000553131104, 1.8839999437332153, 1.8650000095367432, 1.8550000190734863, 1.819000005722046, 1.8009999990463257, 1.7890000343322754, 1.7699999809265137, 1.753000020980835, 1.7359999418258667, 1.7109999656677246, 1.6990000009536743, 1.680999994277954, 1.6660000085830688, 1.6430000066757202, 1.628000020980835, 1.6109999418258667, 1.6059999465942383, 1.5870000123977661, 1.5759999752044678, 1.5549999475479126, 1.5520000457763672, 1.5290000438690186, 1.5210000276565552, 1.5110000371932983, 1.503000020980835, 1.4859999418258667, 1.4850000143051147, 1.465999960899353, 1.4470000267028809, 1.4390000104904175, 1.434000015258789, 1.4210000038146973, 1.406999945640564, 1.3930000066757202, 1.3910000324249268, 1.3769999742507935, 1.3680000305175781, 1.3619999885559082, 1.3559999465942383, 1.340000033378601, 1.3289999961853027, 1.3170000314712524, 1.3020000457763672, 1.2979999780654907, 1.2949999570846558, 1.281999945640564, 1.2769999504089355, 1.2710000276565552, 1.2630000114440918, 1.2549999952316284, 1.246000051498413, 1.2330000400543213, 1.2239999771118164, 1.2170000076293945, 1.2170000076293945, 1.1990000009536743, 1.194000005722046, 1.184999942779541, 1.1799999475479126, 1.1699999570846558, 1.1690000295639038, 1.1699999570846558, 1.1579999923706055, 1.1440000534057617, 1.1349999904632568, 1.1330000162124634, 1.1260000467300415, 1.1160000562667847, 1.1100000143051147, 1.1069999933242798, 1.1030000448226929, 1.0980000495910645, 1.090999960899353, 1.0820000171661377, 1.0779999494552612, 1.0779999494552612, 1.0709999799728394, 1.069000005722046, 1.0640000104904175, 1.0579999685287476, 1.0529999732971191, 1.0490000247955322, 1.0470000505447388, 1.0470000505447388, 1.0379999876022339, 1.027999997138977, 1.024999976158142, 1.0190000534057617, 1.0180000066757202, 1.0089999437332153, 1.0019999742507935, 1.0019999742507935, 1.003000020980835, 1.0, 0.9890000224113464, 0.9819999933242798, 0.9819999933242798, 0.9739999771118164, 0.968999981880188, 0.9649999737739563, 0.9670000076293945, 0.9570000171661377, 0.953000009059906, 0.9520000219345093, 0.9509999752044678, 0.9509999752044678, 0.9470000267028809, 0.953000009059906, 0.9390000104904175, 0.9330000281333923, 0.9309999942779541, 0.9309999942779541, 0.9259999990463257, 0.9210000038146973, 0.9229999780654907, 0.9169999957084656, 0.9110000133514404, 0.9100000262260437, 0.9070000052452087, 0.8970000147819519, 0.8939999938011169, 0.8920000195503235, 0.8920000195503235, 0.8899999856948853, 0.8830000162124634, 0.8830000162124634, 0.878000020980835, 0.8730000257492065, 0.8730000257492065, 0.8730000257492065, 0.8740000128746033, 0.875, 0.8709999918937683, 0.8690000176429749, 0.8650000095367432, 0.8579999804496765, 0.8579999804496765, 0.8579999804496765, 0.8560000061988831, 0.8550000190734863, 0.8519999980926514, 0.8550000190734863, 0.8550000190734863, 0.843999981880188, 0.8399999737739563, 0.8370000123977661, 0.8309999704360962, 0.8299999833106995, 0.8339999914169312, 0.8370000123977661, 0.8330000042915344, 0.8309999704360962, 0.8309999704360962, 0.824999988079071, 0.8230000138282776, 0.8230000138282776, 0.8220000267028809, 0.824999988079071, 0.8289999961853027, 0.8109999895095825, 0.8069999814033508, 0.8050000071525574, 0.7979999780654907, 0.8050000071525574, 0.8140000104904175, 0.8069999814033508, 0.7940000295639038, 0.7929999828338623, 0.7919999957084656, 0.7910000085830688, 0.7910000085830688, 0.7870000004768372, 0.7829999923706055, 0.7839999794960022, 0.7850000262260437, 0.7870000004768372, 0.781000018119812, 0.7760000228881836, 0.7850000262260437, 0.781000018119812, 0.781000018119812, 0.7789999842643738, 0.7710000276565552, 0.7639999985694885, 0.7680000066757202, 0.7770000100135803, 0.7760000228881836, 0.7710000276565552, 0.7630000114440918, 0.7630000114440918, 0.7639999985694885, 0.7630000114440918, 0.7630000114440918, 0.7559999823570251, 0.7590000033378601, 0.7590000033378601, 0.7580000162124634, 0.7519999742507935, 0.753000020980835, 0.7599999904632568, 0.7540000081062317, 0.7440000176429749, 0.7459999918937683, 0.746999979019165, 0.7490000128746033, 0.7509999871253967, 0.7519999742507935, 0.7429999709129333, 0.7429999709129333, 0.7350000143051147, 0.7350000143051147, 0.7440000176429749, 0.7480000257492065, 0.7409999966621399, 0.734000027179718, 0.7329999804496765, 0.7329999804496765, 0.7310000061988831, 0.7279999852180481, 0.7310000061988831, 0.7310000061988831, 0.7239999771118164, 0.722000002861023, 0.7229999899864197, 0.718999981880188, 0.7200000286102295, 0.722000002861023, 0.7279999852180481, 0.7289999723434448, 0.7289999723434448, 0.7289999723434448, 0.7250000238418579, 0.7229999899864197, 0.722000002861023, 0.7200000286102295, 0.7229999899864197, 0.718999981880188, 0.718999981880188, 0.7099999785423279, 0.7059999704360962, 0.7059999704360962, 0.7160000205039978, 0.7229999899864197, 0.7099999785423279, 0.7170000076293945, 0.7120000123977661, 0.7070000171661377, 0.703000009059906, 0.7039999961853027, 0.7059999704360962, 0.7059999704360962, 0.7039999961853027, 0.7049999833106995, 0.7020000219345093, 0.699999988079071, 0.703000009059906, 0.7049999833106995, 0.7080000042915344, 0.6980000138282776, 0.6930000185966492, 0.6919999718666077, 0.6980000138282776, 0.6919999718666077, 0.6919999718666077, 0.6980000138282776, 0.7020000219345093, 0.6940000057220459, 0.6869999766349792, 0.6869999766349792, 0.6940000057220459, 0.6949999928474426, 0.6949999928474426, 0.6930000185966492, 0.6890000104904175, 0.6890000104904175, 0.6919999718666077, 0.6909999847412109, 0.6940000057220459, 0.6949999928474426, 0.6990000009536743, 0.6919999718666077, 0.6899999976158142, 0.6840000152587891, 0.6859999895095825, 0.6880000233650208, 0.6909999847412109, 0.6830000281333923, 0.6850000023841858, 0.6850000023841858, 0.6859999895095825, 0.6800000071525574, 0.6800000071525574, 0.6899999976158142, 0.6919999718666077, 0.675000011920929, 0.6779999732971191, 0.6809999942779541, 0.6850000023841858, 0.6850000023841858, 0.6809999942779541, 0.6769999861717224, 0.675000011920929, 0.6769999861717224, 0.6790000200271606, 0.6819999814033508, 0.6790000200271606, 0.6759999990463257, 0.671999990940094, 0.6710000038146973, 0.6710000038146973, 0.6710000038146973, 0.6690000295639038, 0.6679999828338623, 0.6679999828338623, 0.6679999828338623, 0.6710000038146973, 0.6660000085830688, 0.6629999876022339, 0.6629999876022339, 0.6729999780654907, 0.6700000166893005, 0.6710000038146973, 0.6700000166893005, 0.671999990940094, 0.6669999957084656, 0.6650000214576721, 0.6669999957084656, 0.6710000038146973, 0.6650000214576721, 0.6650000214576721, 0.6620000004768372, 0.6620000004768372, 0.6650000214576721, 0.6650000214576721, 0.6589999794960022, 0.6589999794960022, 0.6600000262260437, 0.6600000262260437, 0.6589999794960022, 0.6579999923706055, 0.6570000052452087, 0.6539999842643738, 0.6499999761581421, 0.6510000228881836, 0.6520000100135803, 0.6539999842643738, 0.6600000262260437, 0.6570000052452087, 0.652999997138977, 0.6480000019073486, 0.6449999809265137, 0.6520000100135803, 0.6549999713897705, 0.656000018119812, 0.6489999890327454, 0.6489999890327454, 0.6499999761581421, 0.6510000228881836, 0.6510000228881836, 0.6499999761581421, 0.6499999761581421, 0.6470000147819519, 0.6510000228881836, 0.6499999761581421, 0.6499999761581421, 0.6499999761581421, 0.6480000019073486, 0.6480000019073486, 0.6489999890327454, 0.6520000100135803, 0.656000018119812, 0.6579999923706055, 0.656000018119812, 0.6549999713897705, 0.6510000228881836, 0.6510000228881836, 0.6489999890327454, 0.6449999809265137, 0.6430000066757202, 0.6430000066757202, 0.6439999938011169, 0.6380000114440918, 0.6359999775886536, 0.6399999856948853, 0.640999972820282, 0.6439999938011169, 0.6449999809265137, 0.6420000195503235, 0.6399999856948853, 0.640999972820282, 0.6370000243186951, 0.6340000033378601, 0.640999972820282, 0.6470000147819519, 0.6449999809265137, 0.6309999823570251, 0.6399999856948853, 0.6539999842643738, 0.6499999761581421, 0.6430000066757202, 0.640999972820282, 0.6389999985694885, 0.6340000033378601, 0.6380000114440918, 0.6449999809265137, 0.6460000276565552, 0.6420000195503235, 0.6380000114440918, 0.6380000114440918, 0.6399999856948853, 0.6399999856948853, 0.6420000195503235, 0.6420000195503235, 0.6399999856948853, 0.6380000114440918, 0.6299999952316284, 0.6389999985694885, 0.640999972820282, 0.6420000195503235, 0.6420000195503235, 0.6439999938011169, 0.6460000276565552, 0.6380000114440918, 0.6399999856948853, 0.6380000114440918, 0.6309999823570251, 0.6309999823570251, 0.6309999823570251, 0.6299999952316284, 0.6290000081062317, 0.6299999952316284, 0.6309999823570251, 0.6399999856948853, 0.6399999856948853, 0.6380000114440918, 0.6380000114440918, 0.6349999904632568, 0.6299999952316284, 0.6309999823570251, 0.6320000290870667, 0.6380000114440918, 0.6359999775886536, 0.6340000033378601, 0.6349999904632568, 0.6359999775886536, 0.6349999904632568, 0.6349999904632568, 0.6349999904632568, 0.6330000162124634, 0.6320000290870667, 0.6259999871253967, 0.6359999775886536, 0.6380000114440918, 0.6380000114440918, 0.6380000114440918, 0.6380000114440918, 0.6380000114440918, 0.6380000114440918, 0.6370000243186951, 0.6330000162124634, 0.6330000162124634, 0.6359999775886536, 0.6449999809265137, 0.6439999938011169, 0.6330000162124634, 0.6330000162124634, 0.640999972820282, 0.6470000147819519, 0.6449999809265137, 0.6389999985694885, 0.6389999985694885, 0.6340000033378601, 0.6340000033378601, 0.6370000243186951, 0.6399999856948853, 0.6359999775886536, 0.6370000243186951, 0.6389999985694885, 0.6389999985694885, 0.6380000114440918, 0.6389999985694885, 0.6380000114440918, 0.6389999985694885, 0.6359999775886536, 0.6330000162124634, 0.6340000033378601, 0.6299999952316284, 0.6309999823570251, 0.6299999952316284, 0.6349999904632568, 0.6370000243186951, 0.6389999985694885, 0.6420000195503235, 0.6449999809265137, 0.6439999938011169, 0.6370000243186951, 0.6370000243186951, 0.6290000081062317, 0.6370000243186951, 0.6389999985694885, 0.640999972820282, 0.6499999761581421, 0.6439999938011169, 0.6439999938011169, 0.6449999809265137, 0.6370000243186951, 0.6370000243186951, 0.6370000243186951, 0.6370000243186951, 0.6480000019073486, 0.6399999856948853, 0.6399999856948853, 0.6439999938011169, 0.6439999938011169, 0.640999972820282, 0.640999972820282, 0.6449999809265137, 0.6489999890327454, 0.6510000228881836, 0.6520000100135803, 0.6499999761581421, 0.6499999761581421, 0.6499999761581421, 0.6439999938011169, 0.6470000147819519, 0.6489999890327454, 0.6489999890327454, 0.6489999890327454, 0.6470000147819519, 0.6449999809265137, 0.6389999985694885, 0.6389999985694885, 0.6499999761581421, 0.6499999761581421, 0.6489999890327454, 0.6480000019073486, 0.6439999938011169, 0.6449999809265137, 0.6449999809265137, 0.6460000276565552, 0.6449999809265137, 0.6480000019073486, 0.6539999842643738, 0.6610000133514404, 0.6610000133514404, 0.6579999923706055, 0.6570000052452087, 0.6549999713897705, 0.6520000100135803, 0.6470000147819519, 0.6510000228881836, 0.656000018119812, 0.656000018119812, 0.6539999842643738, 0.6499999761581421, 0.6620000004768372, 0.6620000004768372, 0.6639999747276306, 0.6650000214576721, 0.6620000004768372, 0.6539999842643738, 0.652999997138977, 0.6600000262260437, 0.6579999923706055, 0.6579999923706055, 0.6579999923706055, 0.6589999794960022, 0.6600000262260437, 0.6600000262260437, 0.6600000262260437, 0.6589999794960022, 0.6610000133514404, 0.6650000214576721, 0.6629999876022339, 0.6579999923706055, 0.6610000133514404, 0.6620000004768372, 0.6600000262260437, 0.6610000133514404, 0.6600000262260437, 0.6629999876022339, 0.6620000004768372, 0.6620000004768372, 0.6600000262260437, 0.6610000133514404, 0.6600000262260437, 0.6600000262260437, 0.6690000295639038, 0.6690000295639038, 0.6660000085830688, 0.6629999876022339, 0.6639999747276306, 0.6639999747276306, 0.6690000295639038, 0.6690000295639038, 0.6650000214576721, 0.6650000214576721, 0.6669999957084656, 0.6669999957084656, 0.6639999747276306, 0.6660000085830688, 0.6660000085830688, 0.6710000038146973, 0.6710000038146973, 0.6710000038146973, 0.6740000247955322, 0.6790000200271606, 0.6800000071525574, 0.6800000071525574, 0.6819999814033508, 0.6729999780654907, 0.6700000166893005, 0.6700000166893005, 0.6710000038146973, 0.6710000038146973, 0.6740000247955322, 0.6729999780654907, 0.6779999732971191, 0.6759999990463257, 0.6710000038146973, 0.6679999828338623, 0.6679999828338623, 0.6729999780654907, 0.6700000166893005, 0.6700000166893005, 0.6690000295639038, 0.6729999780654907, 0.6729999780654907, 0.671999990940094, 0.6759999990463257, 0.6759999990463257, 0.671999990940094, 0.6700000166893005, 0.6679999828338623, 0.6710000038146973, 0.6740000247955322, 0.6790000200271606, 0.6800000071525574, 0.6800000071525574, 0.6800000071525574, 0.6819999814033508, 0.6800000071525574, 0.6830000281333923, 0.6790000200271606, 0.6769999861717224, 0.6710000038146973, 0.6710000038146973, 0.6769999861717224, 0.6769999861717224, 0.6740000247955322, 0.6740000247955322, 0.6759999990463257, 0.6790000200271606, 0.6779999732971191, 0.6690000295639038, 0.6690000295639038, 0.6700000166893005, 0.675000011920929, 0.6779999732971191, 0.6790000200271606, 0.6790000200271606, 0.6880000233650208, 0.6909999847412109, 0.6949999928474426, 0.6959999799728394, 0.6970000267028809, 0.6990000009536743, 0.703000009059906, 0.7129999995231628, 0.7120000123977661, 0.703000009059906, 0.703000009059906, 0.7089999914169312, 0.7210000157356262, 0.722000002861023, 0.7229999899864197, 0.7229999899864197, 0.7210000157356262, 0.7229999899864197, 0.7300000190734863]
intensities: [1075.0, 1049.0, 1109.0, 1143.0, 1170.0, 1170.0, 1301.0, 1325.0, 1332.0, 1340.0, 1342.0, 1356.0, 1386.0, 1340.0, 1257.0, 1075.0, 1090.0, 811.0, 831.0, 754.0, 881.0, 956.0, 976.0, 975.0, 976.0, 977.0, 996.0, 1013.0, 1119.0, 1129.0, 1248.0, 1320.0, 1366.0, 1381.0, 1414.0, 1405.0, 1417.0, 1419.0, 1430.0, 1438.0, 1431.0, 1448.0, 1435.0, 1406.0, 1383.0, 1396.0, 1401.0, 1393.0, 1399.0, 1392.0, 1374.0, 1383.0, 1381.0, 1361.0, 1361.0, 1377.0, 1380.0, 1348.0, 1344.0, 1353.0, 1363.0, 1374.0, 1353.0, 1363.0, 1363.0, 1365.0, 1377.0, 1377.0, 1385.0, 1347.0, 1356.0, 1358.0, 1358.0, 1363.0, 1392.0, 1389.0, 1391.0, 1381.0, 1381.0, 1389.0, 1362.0, 1368.0, 1376.0, 1376.0, 1369.0, 1363.0, 1368.0, 1371.0, 1372.0, 1370.0, 1372.0, 1351.0, 1343.0, 1369.0, 1376.0, 1393.0, 1398.0, 1390.0, 1383.0, 1390.0, 1373.0, 1404.0, 1392.0, 1372.0, 1397.0, 1410.0, 1423.0, 1397.0, 1394.0, 1399.0, 1414.0, 1392.0, 1396.0, 1401.0, 1395.0, 1401.0, 1390.0, 1371.0, 1388.0, 1383.0, 1381.0, 1362.0, 1360.0, 1361.0, 1331.0, 1349.0, 1366.0, 1335.0, 1311.0, 1311.0, 1296.0, 1297.0, 1304.0, 1299.0, 1295.0, 1300.0, 1295.0, 1293.0, 1292.0, 1287.0, 1280.0, 1280.0, 1279.0, 1286.0, 1272.0, 1272.0, 1263.0, 1245.0, 1248.0, 1248.0, 1199.0, 1199.0, 1206.0, 1204.0, 1196.0, 1179.0, 1155.0, 1159.0, 1153.0, 1153.0, 1138.0, 1146.0, 1144.0, 1124.0, 1124.0, 1113.0, 1113.0, 1115.0, 1116.0, 1128.0, 1129.0, 1139.0, 1150.0, 1149.0, 1152.0, 1148.0, 1118.0, 1116.0, 1094.0, 1093.0, 1093.0, 1092.0, 1097.0, 1087.0, 1083.0, 1068.0, 1067.0, 1043.0, 1049.0, 1061.0, 1046.0, 1050.0, 1043.0, 1031.0, 1037.0, 1024.0, 1041.0, 1050.0, 1044.0, 1030.0, 1031.0, 1022.0, 1019.0, 1034.0, 1029.0, 1025.0, 1037.0, 1018.0, 1023.0, 1023.0, 1021.0, 1006.0, 1004.0, 1016.0, 1019.0, 981.0, 991.0, 1019.0, 1015.0, 1033.0, 1026.0, 1031.0, 1011.0, 1009.0, 983.0, 973.0, 975.0, 978.0, 986.0, 981.0, 971.0, 976.0, 988.0, 978.0, 969.0, 954.0, 961.0, 964.0, 955.0, 954.0, 966.0, 945.0, 958.0, 958.0, 961.0, 962.0, 951.0, 942.0, 940.0, 936.0, 930.0, 924.0, 911.0, 908.0, 906.0, 900.0, 897.0, 893.0, 894.0, 889.0, 893.0, 885.0, 882.0, 869.0, 876.0, 880.0, 881.0, 877.0, 851.0, 857.0, 840.0, 862.0, 858.0, 853.0, 840.0, 836.0, 840.0, 826.0, 835.0, 838.0, 820.0, 810.0, 821.0, 823.0, 844.0, 837.0, 810.0, 849.0, 883.0, 1250.0, 1355.0, 937.0, 938.0, 938.0, 936.0, 937.0, 937.0, 936.0, 937.0, 938.0, 938.0, 935.0, 939.0, 936.0, 939.0, 942.0, 946.0, 946.0, 942.0, 943.0, 942.0, 941.0, 945.0, 949.0, 946.0, 944.0, 945.0, 947.0, 949.0, 947.0, 943.0, 941.0, 949.0, 942.0, 939.0, 941.0, 942.0, 944.0, 965.0, 949.0, 955.0, 944.0, 932.0, 940.0, 938.0, 937.0, 950.0, 951.0, 938.0, 944.0, 941.0, 943.0, 923.0, 932.0, 930.0, 927.0, 943.0, 938.0, 931.0, 932.0, 933.0, 939.0, 940.0, 933.0, 944.0, 935.0, 935.0, 940.0, 935.0, 938.0, 938.0, 940.0, 938.0, 932.0, 927.0, 930.0, 935.0, 944.0, 938.0, 924.0, 942.0, 931.0, 923.0, 925.0, 935.0, 938.0, 943.0, 921.0, 915.0, 928.0, 924.0, 923.0, 930.0, 930.0, 937.0, 946.0, 932.0, 930.0, 933.0, 932.0, 929.0, 968.0, 973.0, 961.0, 927.0, 952.0, 963.0, 964.0, 971.0, 972.0, 972.0, 977.0, 976.0, 976.0, 974.0, 981.0, 992.0, 990.0, 986.0, 984.0, 988.0, 986.0, 992.0, 989.0, 981.0, 984.0, 981.0, 984.0, 989.0, 1003.0, 1011.0, 1018.0, 1018.0, 1025.0, 1023.0, 1027.0, 1036.0, 1042.0, 1044.0, 1045.0, 1057.0, 1061.0, 1077.0, 1085.0, 1087.0, 1100.0, 1096.0, 1096.0, 1103.0, 1105.0, 1106.0, 1101.0, 1112.0, 1106.0, 1112.0, 1116.0, 1097.0, 1102.0, 1122.0, 1123.0, 1125.0, 1129.0, 1134.0, 1129.0, 1108.0, 1154.0, 1117.0, 1136.0, 1134.0, 1144.0, 1161.0, 1161.0, 1178.0, 1183.0, 1190.0, 1190.0, 1199.0, 1191.0, 1195.0, 1197.0, 1202.0, 1202.0, 1214.0, 1215.0, 1218.0, 1226.0, 1244.0, 1237.0, 1233.0, 1244.0, 1242.0, 1242.0, 1245.0, 1249.0, 1254.0, 1263.0, 1273.0, 1263.0, 1263.0, 1268.0, 1265.0, 1279.0, 1286.0, 1288.0, 1279.0, 1297.0, 1293.0, 1310.0, 1318.0, 1328.0, 1315.0, 1325.0, 1320.0, 1344.0, 1357.0, 1343.0, 1343.0, 1343.0, 1357.0, 1358.0, 1376.0, 1363.0, 1368.0, 1386.0, 1377.0, 1387.0, 1392.0, 1375.0, 1372.0, 1388.0, 1397.0, 1395.0, 1401.0, 1401.0, 1407.0, 1422.0, 1422.0, 1424.0, 1447.0, 1441.0, 1441.0, 1448.0, 1449.0, 1453.0, 1457.0, 1463.0, 1462.0, 1462.0, 1472.0, 1481.0, 1454.0, 1495.0, 1498.0, 1517.0, 1493.0, 1493.0, 1504.0, 1523.0, 1525.0, 1522.0, 1519.0, 1530.0, 1518.0, 1517.0, 1529.0, 1550.0, 1554.0, 1559.0, 1561.0, 1564.0, 1543.0, 1561.0, 1565.0, 1561.0, 1558.0, 1591.0, 1585.0, 1584.0, 1585.0, 1580.0, 1589.0, 1579.0, 1598.0, 1595.0, 1606.0, 1603.0, 1601.0, 1598.0, 1596.0, 1606.0, 1610.0, 1611.0, 1611.0, 1614.0, 1616.0, 1615.0, 1616.0, 1616.0, 1617.0, 1620.0, 1620.0, 1616.0, 1623.0, 1617.0, 1617.0, 1620.0, 1620.0, 1618.0, 1634.0, 1621.0, 1623.0, 1628.0, 1628.0, 1644.0, 1644.0, 1627.0, 1629.0, 1634.0, 1628.0, 1629.0, 1650.0, 1650.0, 1651.0, 1664.0, 1666.0, 1655.0, 1641.0, 1641.0, 1664.0, 1672.0, 1688.0, 1671.0, 1658.0, 1642.0, 1641.0, 1651.0, 1668.0, 1671.0, 1676.0, 1675.0, 1675.0, 1672.0, 1683.0, 1669.0, 1669.0, 1677.0, 1687.0, 1679.0, 1677.0, 1683.0, 1684.0, 1684.0, 1672.0, 1690.0, 1679.0, 1689.0, 1678.0, 1693.0, 1712.0, 1711.0, 1708.0, 1708.0, 1704.0, 1711.0, 1700.0, 1696.0, 1698.0, 1715.0, 1688.0, 1720.0, 1722.0, 1719.0, 1729.0, 1736.0, 1720.0, 1733.0, 1726.0, 1727.0, 1736.0, 1736.0, 1746.0, 1748.0, 1762.0, 1751.0, 1758.0, 1762.0, 1758.0, 1767.0, 1734.0, 1734.0, 1745.0, 1747.0, 1760.0, 1761.0, 1762.0, 1762.0, 1767.0, 1764.0, 1798.0, 1798.0, 1773.0, 1758.0, 1758.0, 1746.0, 1741.0, 1725.0, 1773.0, 1770.0, 1771.0, 1771.0, 1765.0, 1750.0, 1746.0, 1773.0, 1772.0, 1776.0, 1780.0, 1781.0, 1794.0, 1791.0, 1770.0, 1755.0, 1772.0, 1776.0, 1770.0, 1783.0, 1772.0, 1773.0, 1773.0, 1773.0, 1818.0, 1802.0, 1781.0, 1793.0, 1800.0, 1787.0, 1766.0, 1780.0, 1795.0, 1761.0, 1785.0, 1789.0, 1789.0, 1797.0, 1797.0, 1763.0, 1763.0, 1774.0, 1781.0, 1793.0, 1792.0, 1764.0, 1753.0, 1756.0, 1766.0, 1767.0, 1772.0, 1776.0, 1775.0, 1769.0, 1769.0, 1794.0, 1777.0, 1779.0, 1785.0, 1765.0, 1758.0, 1755.0, 1752.0, 1752.0, 1769.0, 1767.0, 1767.0, 1757.0, 1807.0, 1807.0, 1798.0, 1757.0, 1772.0, 1770.0, 1768.0, 1767.0, 1742.0, 1742.0, 1744.0, 1748.0, 1746.0, 1746.0, 1749.0, 1741.0, 1741.0, 1723.0, 1721.0, 1719.0, 1717.0, 1715.0, 1695.0, 1681.0, 1696.0, 1693.0, 1708.0, 1712.0, 1717.0, 1705.0, 1704.0, 1696.0, 1689.0, 1719.0, 1706.0, 1712.0, 1705.0, 1680.0, 1686.0, 1683.0, 1673.0, 1673.0, 1669.0, 1688.0, 1676.0, 1663.0, 1656.0, 1656.0, 1669.0, 1669.0, 1673.0, 1678.0, 1680.0, 1686.0, 1677.0, 1669.0, 1669.0, 1671.0, 1684.0, 1673.0, 1676.0, 1678.0, 1687.0, 1687.0, 1682.0, 1668.0, 1662.0, 1641.0, 1639.0, 1646.0, 1641.0, 1653.0, 1653.0, 1614.0, 1615.0, 1615.0, 1618.0, 1612.0, 1609.0, 1628.0, 1606.0, 1624.0, 1599.0, 1602.0, 1600.0, 1592.0, 1591.0, 1589.0, 1566.0, 1576.0, 1581.0, 1568.0, 1568.0, 1572.0, 1572.0, 1557.0, 1548.0, 1548.0, 1531.0, 1546.0, 1529.0, 1521.0, 1523.0, 1548.0, 1519.0, 1502.0, 1499.0, 1505.0, 1494.0, 1487.0, 1504.0, 1506.0, 1498.0, 1491.0, 1468.0, 1468.0, 1453.0, 1475.0, 1440.0, 1473.0, 1464.0, 1457.0, 1457.0, 1456.0, 1432.0, 1436.0, 1429.0, 1424.0, 1435.0, 1442.0, 1455.0, 1444.0, 1428.0, 1419.0, 1414.0, 1416.0, 1431.0, 1447.0, 1412.0, 1412.0, 1411.0, 1411.0, 1412.0, 1412.0, 1418.0, 1410.0, 1411.0, 1413.0, 1411.0, 1409.0, 1401.0, 1403.0, 1403.0, 1409.0, 1398.0, 1409.0, 1408.0, 1387.0, 1378.0, 1397.0, 1380.0, 1383.0, 1391.0, 1392.0, 1377.0, 1362.0, 1371.0, 1388.0, 1388.0, 1407.0, 1407.0, 1394.0, 1385.0, 1360.0, 1369.0, 1369.0, 1371.0, 1384.0, 1382.0, 1389.0, 1377.0, 1377.0, 1379.0, 1379.0, 1368.0, 1362.0, 1345.0, 1352.0, 1338.0, 1350.0, 1363.0, 1341.0, 1355.0, 1328.0, 1348.0, 1364.0, 1361.0, 1357.0, 1347.0, 1357.0, 1361.0, 1360.0, 1360.0, 1363.0, 1373.0, 1373.0, 1364.0, 1354.0, 1344.0, 1359.0, 1355.0, 1351.0, 1347.0, 1349.0, 1342.0, 1375.0, 1366.0, 1370.0, 1365.0, 1359.0, 1360.0, 1369.0, 1355.0, 1355.0, 1365.0, 1365.0, 1373.0, 1374.0, 1385.0, 1382.0, 1370.0, 1370.0, 1362.0, 1361.0, 1330.0, 1330.0, 1345.0, 1397.0, 1367.0, 1393.0, 1393.0, 1384.0, 1385.0, 1394.0, 1385.0, 1385.0, 1386.0, 1390.0, 1385.0, 1376.0, 1386.0, 1399.0, 1397.0, 1394.0, 1395.0, 1399.0, 1400.0, 1403.0, 1403.0, 1404.0, 1404.0, 1404.0, 1414.0, 1412.0, 1412.0, 1411.0, 1414.0, 1414.0, 1403.0, 1400.0, 1409.0, 1409.0, 1402.0, 1404.0, 1403.0, 1448.0, 1448.0, 1428.0, 1436.0, 1429.0, 1405.0, 1398.0, 1429.0, 1429.0, 1428.0, 1428.0, 1451.0, 1436.0, 1435.0, 1440.0, 1431.0, 1449.0, 1442.0, 1446.0, 1442.0, 1446.0, 1451.0, 1451.0, 1430.0, 1441.0, 1438.0, 1433.0, 1442.0, 1440.0, 1438.0, 1440.0, 1433.0, 1433.0, 1433.0, 1433.0, 1421.0, 1417.0, 1427.0, 1432.0, 1429.0, 1426.0, 1413.0]