header: 
  seq: 1772
  stamp: 
    secs: 1548820801
    nsecs: 474605908
  frame_id: "base_link"
angle_min: -2.35619449615
angle_max: 2.35619449615
angle_increment: 0.00436332309619
time_increment: 1.73611151695e-05
scan_time: 0.0250000003725
range_min: 0.019999999553
range_max: 30.0
ranges: [0.4959999918937683, 0.4970000088214874, 0.4959999918937683, 0.4909999966621399, 0.4869999885559082, 0.49300000071525574, 0.5109999775886536, 0.5149999856948853, 0.5059999823570251, 0.5019999742507935, 0.5049999952316284, 0.5049999952316284, 0.49900001287460327, 0.48899999260902405, 0.47999998927116394, 0.44200000166893005, 0.41100001335144043, 0.3540000021457672, 0.32600000500679016, 0.30000001192092896, 0.38100001215934753, 0.44999998807907104, 0.47699999809265137, 0.48500001430511475, 0.4880000054836273, 0.48899999260902405, 0.492000013589859, 0.4959999918937683, 0.49399998784065247, 0.48100000619888306, 0.48100000619888306, 0.4790000021457672, 0.503000020980835, 0.5009999871253967, 0.5040000081062317, 0.49399998784065247, 0.49300000071525574, 0.48399999737739563, 0.49000000953674316, 0.4950000047683716, 0.4950000047683716, 0.48500001430511475, 0.4860000014305115, 0.48899999260902405, 0.4909999966621399, 0.4869999885559082, 0.4869999885559082, 0.48899999260902405, 0.4860000014305115, 0.4819999933242798, 0.48100000619888306, 0.48399999737739563, 0.48399999737739563, 0.4860000014305115, 0.48500001430511475, 0.4830000102519989, 0.4790000021457672, 0.4790000021457672, 0.47999998927116394, 0.48100000619888306, 0.47699999809265137, 0.47699999809265137, 0.4819999933242798, 0.4819999933242798, 0.4819999933242798, 0.47999998927116394, 0.4779999852180481, 0.47999998927116394, 0.48100000619888306, 0.48399999737739563, 0.4869999885559082, 0.4740000069141388, 0.47699999809265137, 0.4819999933242798, 0.4830000102519989, 0.47600001096725464, 0.4749999940395355, 0.4740000069141388, 0.4779999852180481, 0.4909999966621399, 0.4880000054836273, 0.47699999809265137, 0.4740000069141388, 0.47099998593330383, 0.4699999988079071, 0.4699999988079071, 0.4699999988079071, 0.4729999899864197, 0.4729999899864197, 0.4729999899864197, 0.4690000116825104, 0.4690000116825104, 0.46700000762939453, 0.47099998593330383, 0.46700000762939453, 0.46799999475479126, 0.47099998593330383, 0.47099998593330383, 0.47099998593330383, 0.47099998593330383, 0.46399998664855957, 0.4650000035762787, 0.46299999952316284, 0.46700000762939453, 0.46700000762939453, 0.46700000762939453, 0.4659999907016754, 0.46399998664855957, 0.4650000035762787, 0.46700000762939453, 0.46700000762939453, 0.47099998593330383, 0.47600001096725464, 0.4729999899864197, 0.46700000762939453, 0.4690000116825104, 0.47200000286102295, 0.4729999899864197, 0.46700000762939453, 0.46299999952316284, 0.460999995470047, 0.4650000035762787, 0.4650000035762787, 0.46799999475479126, 0.46799999475479126, 0.46700000762939453, 0.46799999475479126, 0.4690000116825104, 0.4690000116825104, 0.4620000123977661, 0.4620000123977661, 0.460999995470047, 0.4659999907016754, 0.46799999475479126, 0.46799999475479126, 0.4620000123977661, 0.46299999952316284, 0.4650000035762787, 0.4650000035762787, 0.460999995470047, 0.46000000834465027, 0.46299999952316284, 0.45899999141693115, 0.46299999952316284, 0.4729999899864197, 0.4699999988079071, 0.46700000762939453, 0.46700000762939453, 0.46700000762939453, 0.46700000762939453, 0.4659999907016754, 0.46000000834465027, 0.4569999873638153, 0.4569999873638153, 0.46399998664855957, 0.4740000069141388, 0.4819999933242798, 0.47600001096725464, 0.4740000069141388, 0.4729999899864197, 0.47200000286102295, 0.47200000286102295, 0.46399998664855957, 0.46399998664855957, 0.46700000762939453, 0.46299999952316284, 0.46299999952316284, 0.460999995470047, 0.4650000035762787, 0.4659999907016754, 0.4659999907016754, 0.46799999475479126, 0.46799999475479126, 0.46700000762939453, 0.4659999907016754, 0.46700000762939453, 0.4659999907016754, 0.46700000762939453, 0.4690000116825104, 0.47200000286102295, 0.4740000069141388, 0.4740000069141388, 0.4740000069141388, 0.4779999852180481, 0.47699999809265137, 0.47699999809265137, 0.4659999907016754, 0.46700000762939453, 0.47099998593330383, 0.47099998593330383, 0.47200000286102295, 0.47699999809265137, 0.47699999809265137, 0.4659999907016754, 0.46799999475479126, 0.4699999988079071, 0.4779999852180481, 0.4749999940395355, 0.47699999809265137, 0.4779999852180481, 0.4830000102519989, 0.4869999885559082, 0.4869999885559082, 0.4749999940395355, 0.4749999940395355, 0.4790000021457672, 0.48399999737739563, 0.4819999933242798, 0.4819999933242798, 0.4819999933242798, 0.4869999885559082, 0.4869999885559082, 0.48899999260902405, 0.49399998784065247, 0.48899999260902405, 0.4819999933242798, 0.4819999933242798, 0.48100000619888306, 0.49000000953674316, 0.492000013589859, 0.49300000071525574, 0.4869999885559082, 0.4869999885559082, 0.4959999918937683, 0.49799999594688416, 0.5019999742507935, 0.5009999871253967, 0.5, 0.49799999594688416, 0.5, 0.5009999871253967, 0.5009999871253967, 0.5080000162124634, 0.5040000081062317, 0.5019999742507935, 0.5040000081062317, 0.5049999952316284, 0.5070000290870667, 0.5049999952316284, 0.5070000290870667, 0.5090000033378601, 0.5090000033378601, 0.5049999952316284, 0.503000020980835, 0.5180000066757202, 0.5180000066757202, 0.5180000066757202, 0.5090000033378601, 0.5149999856948853, 0.5210000276565552, 0.5210000276565552, 0.5239999890327454, 0.5230000019073486, 0.5199999809265137, 0.5189999938011169, 0.5239999890327454, 0.5260000228881836, 0.5320000052452087, 0.5260000228881836, 0.5220000147819519, 0.5289999842643738, 0.5370000004768372, 0.5400000214576721, 0.5389999747276306, 0.5379999876022339, 0.5419999957084656, 0.550000011920929, 0.5450000166893005, 0.546999990940094, 0.5440000295639038, 0.550000011920929, 0.5540000200271606, 0.5559999942779541, 0.5559999942779541, 0.5559999942779541, 0.5590000152587891, 0.5630000233650208, 0.5659999847412109, 0.5669999718666077, 0.5669999718666077, 0.5759999752044678, 0.5799999833106995, 0.5799999833106995, 0.5809999704360962, 0.5809999704360962, 0.5809999704360962, 0.5830000042915344, 0.5849999785423279, 0.5820000171661377, 0.5809999704360962, 0.5960000157356262, 0.5979999899864197, 0.5950000286102295, 0.5920000076293945, 0.593999981880188, 0.6019999980926514, 0.6079999804496765, 0.6110000014305115, 0.6110000014305115, 0.6200000047683716, 0.6179999709129333, 0.6209999918937683, 0.6159999966621399, 0.6169999837875366, 0.6259999871253967, 0.6309999823570251, 0.6309999823570251, 0.6299999952316284, 0.6340000033378601, 0.6359999775886536, 0.6349999904632568, 0.6430000066757202, 0.652999997138977, 0.6460000276565552, 0.6470000147819519, 0.656000018119812, 0.6600000262260437, 0.6629999876022339, 0.6629999876022339, 0.6690000295639038, 0.6690000295639038, 0.6690000295639038, 0.6690000295639038, 0.6639999747276306, 0.6690000295639038, 0.671999990940094, 0.6830000281333923, 0.6890000104904175, 0.6949999928474426, 0.7009999752044678, 0.7039999961853027, 0.703000009059906, 0.7110000252723694, 0.7179999947547913, 0.7200000286102295, 0.7239999771118164, 0.7329999804496765, 0.7329999804496765, 0.7289999723434448, 0.7450000047683716, 0.7459999918937683, 0.7490000128746033, 0.7630000114440918, 0.7620000243186951, 0.7630000114440918, 0.7670000195503235, 0.7749999761581421, 0.7789999842643738, 0.7839999794960022, 0.7990000247955322, 0.796999990940094, 0.800000011920929, 0.800000011920929, 0.8169999718666077, 0.8149999976158142, 0.8169999718666077, 0.8140000104904175, 0.8240000009536743, 0.8330000042915344, 0.8389999866485596, 0.8460000157356262, 0.8460000157356262, 0.8629999756813049, 0.8679999709129333, 0.8690000176429749, 0.8759999871253967, 0.8880000114440918, 0.8980000019073486, 0.9129999876022339, 0.9240000247955322, 0.9380000233650208, 0.9520000219345093, 1.0099999904632568, 1.0989999771118164, 1.3420000076293945, 2.0980000495910645, 2.0980000495910645, 2.0940001010894775, 2.0940001010894775, 2.0880000591278076, 2.0820000171661377, 2.0789999961853027, 2.072000026702881, 2.065000057220459, 2.059000015258789, 2.056999921798706, 2.049999952316284, 2.049999952316284, 2.0439999103546143, 2.0350000858306885, 2.0280001163482666, 2.0260000228881836, 2.0269999504089355, 2.0230000019073486, 2.0160000324249268, 2.01200008392334, 2.006999969482422, 2.005000114440918, 2.0, 2.000999927520752, 1.996000051498413, 1.9900000095367432, 1.9900000095367432, 1.9830000400543213, 1.9800000190734863, 1.9800000190734863, 1.9839999675750732, 1.9789999723434448, 1.968999981880188, 1.9670000076293945, 1.965999960899353, 1.968000054359436, 1.9639999866485596, 1.9520000219345093, 1.9479999542236328, 1.9450000524520874, 1.9500000476837158, 1.9429999589920044, 1.940000057220459, 1.940000057220459, 1.9420000314712524, 1.934999942779541, 1.9320000410079956, 1.930999994277954, 1.9279999732971191, 1.9270000457763672, 1.9199999570846558, 1.9259999990463257, 1.9210000038146973, 1.9160000085830688, 1.9170000553131104, 1.9190000295639038, 1.9129999876022339, 1.899999976158142, 1.9019999504089355, 1.9010000228881836, 1.8969999551773071, 1.8930000066757202, 1.8819999694824219, 1.8830000162124634, 1.8819999694824219, 1.878999948501587, 1.8799999952316284, 1.8760000467300415, 1.8760000467300415, 1.871000051498413, 1.871999979019165, 1.871999979019165, 1.8630000352859497, 1.8569999933242798, 1.8530000448226929, 1.8530000448226929, 1.8519999980926514, 1.8509999513626099, 1.8459999561309814, 1.8380000591278076, 1.8389999866485596, 1.8389999866485596, 1.8279999494552612, 1.8309999704360962, 1.8309999704360962, 1.819000005722046, 1.815999984741211, 1.812999963760376, 1.8049999475479126, 1.8109999895095825, 1.8109999895095825, 1.8109999895095825, 1.7979999780654907, 1.7949999570846558, 1.7899999618530273, 1.777999997138977, 1.7790000438690186, 1.7760000228881836, 1.7669999599456787, 1.7640000581741333, 1.7619999647140503, 1.7610000371932983, 1.7510000467300415, 1.75, 1.746000051498413, 1.7359999418258667, 1.7309999465942383, 1.7200000286102295, 1.7200000286102295, 1.7200000286102295, 1.7170000076293945, 1.7070000171661377, 1.7029999494552612, 1.6890000104904175, 1.690000057220459, 1.6920000314712524, 1.6920000314712524, 1.6859999895095825, 1.6740000247955322, 1.6629999876022339, 1.659999966621399, 1.659999966621399, 1.6480000019073486, 1.6430000066757202, 1.6369999647140503, 1.6369999647140503, 1.6360000371932983, 1.625, 1.621999979019165, 1.6180000305175781, 1.6109999418258667, 1.6100000143051147, 1.597000002861023, 1.5889999866485596, 1.5779999494552612, 1.5709999799728394, 1.569000005722046, 1.5609999895095825, 1.559000015258789, 1.5449999570846558, 1.534000039100647, 1.534000039100647, 1.534999966621399, 1.5180000066757202, 1.5140000581741333, 1.5149999856948853, 1.5169999599456787, 1.5069999694824219, 1.5010000467300415, 1.4919999837875366, 1.4880000352859497, 1.4910000562667847, 1.4869999885559082, 1.4780000448226929, 1.465000033378601, 1.4529999494552612, 1.444000005722046, 1.444000005722046, 1.437999963760376, 1.4299999475479126, 1.4229999780654907, 1.4110000133514404, 1.4049999713897705, 1.3990000486373901, 1.3899999856948853, 1.3869999647140503, 1.375, 1.3660000562667847, 1.3619999885559082, 1.3509999513626099, 1.3480000495910645, 1.3480000495910645, 1.3380000591278076, 1.3229999542236328, 1.3209999799728394, 1.3140000104904175, 1.3009999990463257, 1.2929999828338623, 1.2920000553131104, 1.2879999876022339, 1.281999945640564, 1.2760000228881836, 1.2619999647140503, 1.25, 1.24399995803833, 1.2400000095367432, 1.2269999980926514, 1.2139999866485596, 1.2130000591278076, 1.2000000476837158, 1.1920000314712524, 1.184000015258789, 1.1649999618530273, 1.1619999408721924, 1.1480000019073486, 1.1410000324249268, 1.1180000305175781, 1.1100000143051147, 1.1080000400543213, 1.0989999771118164, 1.093999981880188, 1.0829999446868896, 1.0740000009536743, 1.0670000314712524, 1.0490000247955322, 1.0460000038146973, 1.0399999618530273, 1.0180000066757202, 1.0130000114440918, 1.0019999742507935, 0.984000027179718, 0.9760000109672546, 0.9729999899864197, 0.9620000123977661, 0.9509999752044678, 0.9409999847412109, 0.9309999942779541, 0.925000011920929, 0.925000011920929, 0.9100000262260437, 0.9010000228881836, 0.8970000147819519, 0.8980000019073486, 0.8870000243186951, 0.8830000162124634, 0.8700000047683716, 0.8669999837875366, 0.8600000143051147, 0.8550000190734863, 0.8539999723434448, 0.8519999980926514, 0.8399999737739563, 0.8339999914169312, 0.8259999752044678, 0.8230000138282776, 0.8240000009536743, 0.8209999799728394, 0.8149999976158142, 0.8090000152587891, 0.8009999990463257, 0.7919999957084656, 0.7839999794960022, 0.7789999842643738, 0.7789999842643738, 0.7710000276565552, 0.7689999938011169, 0.7649999856948853, 0.7580000162124634, 0.7559999823570251, 0.7559999823570251, 0.753000020980835, 0.7509999871253967, 0.7429999709129333, 0.734000027179718, 0.7229999899864197, 0.7210000157356262, 0.7210000157356262, 0.7139999866485596, 0.7080000042915344, 0.7039999961853027, 0.6980000138282776, 0.6899999976158142, 0.6899999976158142, 0.6859999895095825, 0.6899999976158142, 0.6909999847412109, 0.6919999718666077, 0.6890000104904175, 0.6830000281333923, 0.6729999780654907, 0.6710000038146973, 0.6620000004768372, 0.6539999842643738, 0.6589999794960022, 0.6489999890327454, 0.6520000100135803, 0.6449999809265137, 0.6430000066757202, 0.6389999985694885, 0.6380000114440918, 0.6359999775886536, 0.6269999742507935, 0.6269999742507935, 0.6269999742507935, 0.628000020980835, 0.6269999742507935, 0.628000020980835, 0.6140000224113464, 0.6079999804496765, 0.6050000190734863, 0.6010000109672546, 0.6060000061988831, 0.5989999771118164, 0.5989999771118164, 0.593999981880188, 0.597000002861023, 0.5950000286102295, 0.5910000205039978, 0.5820000171661377, 0.5820000171661377, 0.578000009059906, 0.5759999752044678, 0.5709999799728394, 0.5680000185966492, 0.5699999928474426, 0.5759999752044678, 0.5709999799728394, 0.5569999814033508, 0.5569999814033508, 0.5559999942779541, 0.5559999942779541, 0.5559999942779541, 0.5580000281333923, 0.5569999814033508, 0.5529999732971191, 0.5519999861717224, 0.5479999780654907, 0.5490000247955322, 0.5490000247955322, 0.5419999957084656, 0.5440000295639038, 0.5410000085830688, 0.5410000085830688, 0.5370000004768372, 0.5370000004768372, 0.5379999876022339, 0.531000018119812, 0.5289999842643738, 0.5299999713897705, 0.5360000133514404, 0.5370000004768372, 0.531000018119812, 0.5260000228881836, 0.5270000100135803, 0.5230000019073486, 0.5180000066757202, 0.5070000290870667, 0.5090000033378601, 0.5090000033378601, 0.5099999904632568, 0.5130000114440918, 0.5130000114440918, 0.5059999823570251, 0.5059999823570251, 0.5059999823570251, 0.49900001287460327, 0.49799999594688416, 0.49399998784065247, 0.49799999594688416, 0.49799999594688416, 0.4959999918937683, 0.49000000953674316, 0.49399998784065247, 0.4970000088214874, 0.4950000047683716, 0.49300000071525574, 0.49000000953674316, 0.4860000014305115, 0.4860000014305115, 0.4880000054836273, 0.4880000054836273, 0.47600001096725464, 0.47600001096725464, 0.48500001430511475, 0.48399999737739563, 0.4819999933242798, 0.4830000102519989, 0.4869999885559082, 0.4869999885559082, 0.47999998927116394, 0.48100000619888306, 0.47600001096725464, 0.4819999933242798, 0.47699999809265137, 0.4880000054836273, 0.48100000619888306, 0.48100000619888306, 0.47099998593330383, 0.47099998593330383, 0.4699999988079071, 0.47200000286102295, 0.47200000286102295, 0.47099998593330383, 0.4740000069141388, 0.4699999988079071, 0.4659999907016754, 0.4650000035762787, 0.4620000123977661, 0.45899999141693115, 0.46000000834465027, 0.4620000123977661, 0.4659999907016754, 0.4699999988079071, 0.4690000116825104, 0.4650000035762787, 0.4580000042915344, 0.4580000042915344, 0.45899999141693115, 0.4560000002384186, 0.4569999873638153, 0.4560000002384186, 0.4569999873638153, 0.4569999873638153, 0.4580000042915344, 0.44699999690055847, 0.44999998807907104, 0.44999998807907104, 0.44600000977516174, 0.44699999690055847, 0.45100000500679016, 0.45500001311302185, 0.45500001311302185, 0.4519999921321869, 0.4490000009536743, 0.44699999690055847, 0.44699999690055847, 0.44699999690055847, 0.44699999690055847, 0.4429999887943268, 0.4429999887943268, 0.44600000977516174, 0.4480000138282776, 0.4480000138282776, 0.44600000977516174, 0.4449999928474426, 0.4449999928474426, 0.44699999690055847, 0.4519999921321869, 0.453000009059906, 0.44999998807907104, 0.4480000138282776, 0.4410000145435333, 0.43799999356269836, 0.43700000643730164, 0.43700000643730164, 0.4399999976158142, 0.4440000057220459, 0.44999998807907104, 0.4449999928474426, 0.4440000057220459, 0.44600000977516174, 0.4429999887943268, 0.4429999887943268, 0.4390000104904175, 0.4350000023841858, 0.43799999356269836, 0.43799999356269836, 0.4350000023841858, 0.4359999895095825, 0.4410000145435333, 0.44200000166893005, 0.4390000104904175, 0.4339999854564667, 0.4390000104904175, 0.4399999976158142, 0.4399999976158142, 0.43700000643730164, 0.44200000166893005, 0.4449999928474426, 0.4449999928474426, 0.44200000166893005, 0.4399999976158142, 0.4410000145435333, 0.43799999356269836, 0.4300000071525574, 0.4309999942779541, 0.4390000104904175, 0.4399999976158142, 0.4399999976158142, 0.4410000145435333, 0.44600000977516174, 0.44999998807907104, 0.4440000057220459, 0.44200000166893005, 0.4440000057220459, 0.4449999928474426, 0.44200000166893005, 0.44200000166893005, 0.44200000166893005, 0.44200000166893005, 0.44699999690055847, 0.453000009059906, 0.453000009059906, 0.45100000500679016, 0.4440000057220459, 0.4449999928474426, 0.4410000145435333, 0.43799999356269836, 0.43799999356269836, 0.4390000104904175, 0.4440000057220459, 0.4390000104904175, 0.4390000104904175, 0.4399999976158142, 0.4580000042915344, 0.45100000500679016, 0.4440000057220459, 0.44699999690055847, 0.4519999921321869, 0.4480000138282776, 0.45100000500679016, 0.45100000500679016, 0.43700000643730164, 0.43799999356269836, 0.44200000166893005, 0.44200000166893005, 0.44200000166893005, 0.4410000145435333, 0.4390000104904175, 0.4440000057220459, 0.44999998807907104, 0.45100000500679016, 0.45100000500679016, 0.45100000500679016, 0.4490000009536743, 0.44999998807907104, 0.453000009059906, 0.4519999921321869, 0.44999998807907104, 0.453000009059906, 0.4480000138282776, 0.4490000009536743, 0.44600000977516174, 0.4440000057220459, 0.45100000500679016, 0.4560000002384186, 0.45899999141693115, 0.4519999921321869, 0.4490000009536743, 0.4490000009536743, 0.4560000002384186, 0.45399999618530273, 0.44999998807907104, 0.4490000009536743, 0.4480000138282776, 0.45399999618530273, 0.4560000002384186, 0.4560000002384186, 0.4560000002384186, 0.45399999618530273, 0.453000009059906, 0.45399999618530273, 0.453000009059906, 0.4560000002384186, 0.4519999921321869, 0.45500001311302185, 0.4560000002384186, 0.45399999618530273, 0.4580000042915344, 0.46299999952316284, 0.46299999952316284, 0.46299999952316284, 0.460999995470047, 0.4580000042915344, 0.4580000042915344, 0.4580000042915344, 0.46000000834465027, 0.46299999952316284, 0.46299999952316284, 0.4650000035762787, 0.46299999952316284, 0.46299999952316284, 0.46299999952316284, 0.47099998593330383, 0.4740000069141388, 0.4690000116825104, 0.46399998664855957, 0.4690000116825104, 0.4729999899864197, 0.4749999940395355, 0.4749999940395355, 0.4740000069141388, 0.4740000069141388, 0.47099998593330383, 0.4690000116825104, 0.47699999809265137, 0.4830000102519989, 0.4860000014305115, 0.48399999737739563, 0.48399999737739563, 0.4860000014305115, 0.49399998784065247, 0.5009999871253967, 0.49000000953674316, 0.4869999885559082, 0.4790000021457672, 0.4819999933242798, 0.4880000054836273, 0.4909999966621399, 0.4959999918937683, 0.4950000047683716, 0.4950000047683716, 0.4950000047683716, 0.5019999742507935, 0.5019999742507935, 0.5040000081062317, 0.5, 0.5, 0.4970000088214874, 0.49900001287460327, 0.5080000162124634, 0.5080000162124634, 0.5120000243186951, 0.5139999985694885, 0.515999972820282, 0.5170000195503235, 0.5249999761581421, 0.5249999761581421, 0.5239999890327454, 0.5249999761581421, 0.5249999761581421, 0.5249999761581421, 0.5249999761581421, 0.5299999713897705, 0.5339999794960022, 0.5350000262260437, 0.5270000100135803, 0.5260000228881836, 0.5339999794960022, 0.5429999828338623, 0.5389999747276306, 0.5360000133514404, 0.5370000004768372, 0.5400000214576721, 0.5419999957084656, 0.550000011920929, 0.5519999861717224, 0.5529999732971191, 0.5559999942779541, 0.5600000023841858, 0.5600000023841858, 0.5580000281333923, 0.5550000071525574, 0.5600000023841858, 0.5630000233650208, 0.5649999976158142, 0.5659999847412109, 0.5649999976158142, 0.5640000104904175, 0.5709999799728394, 0.5709999799728394, 0.574999988079071, 0.578000009059906, 0.5789999961853027, 0.578000009059906, 0.5849999785423279, 0.5860000252723694, 0.5889999866485596, 0.5910000205039978, 0.5960000157356262, 0.5979999899864197, 0.5910000205039978, 0.5960000157356262, 0.593999981880188, 0.5960000157356262, 0.5950000286102295, 0.6029999852180481, 0.609000027179718, 0.6129999756813049, 0.6129999756813049, 0.6150000095367432, 0.621999979019165, 0.621999979019165, 0.6259999871253967, 0.6259999871253967, 0.6299999952316284, 0.6349999904632568, 0.6349999904632568, 0.6340000033378601, 0.6349999904632568, 0.6359999775886536, 0.6359999775886536, 0.6349999904632568, 0.6420000195503235, 0.6420000195503235, 0.6399999856948853, 0.6380000114440918, 0.6380000114440918, 0.6499999761581421, 0.656000018119812, 0.6570000052452087, 0.652999997138977, 0.6579999923706055, 0.6819999814033508, 0.6819999814033508, 0.6779999732971191, 0.675000011920929, 0.6840000152587891, 0.6970000267028809, 0.7009999752044678, 0.7009999752044678, 0.7059999704360962, 0.7110000252723694, 0.7239999771118164, 0.722000002861023, 0.722000002861023, 0.7279999852180481, 0.7350000143051147, 0.7419999837875366, 0.753000020980835, 0.7559999823570251, 0.7749999761581421, 0.777999997138977, 0.777999997138977, 0.7749999761581421]
intensities: [1122.0, 1127.0, 1144.0, 1142.0, 1165.0, 1244.0, 1354.0, 1416.0, 1463.0, 1497.0, 1521.0, 1521.0, 1532.0, 1486.0, 1387.0, 1210.0, 1136.0, 951.0, 922.0, 849.0, 982.0, 1040.0, 1118.0, 1119.0, 1110.0, 1096.0, 1069.0, 1081.0, 1100.0, 1119.0, 1211.0, 1212.0, 1449.0, 1410.0, 1545.0, 1593.0, 1604.0, 1657.0, 1689.0, 1708.0, 1708.0, 1733.0, 1733.0, 1738.0, 1738.0, 1740.0, 1740.0, 1754.0, 1749.0, 1743.0, 1739.0, 1741.0, 1739.0, 1743.0, 1738.0, 1741.0, 1742.0, 1742.0, 1743.0, 1743.0, 1732.0, 1732.0, 1742.0, 1729.0, 1738.0, 1740.0, 1742.0, 1730.0, 1708.0, 1712.0, 1724.0, 1708.0, 1707.0, 1707.0, 1712.0, 1722.0, 1715.0, 1699.0, 1695.0, 1712.0, 1722.0, 1687.0, 1693.0, 1686.0, 1676.0, 1684.0, 1682.0, 1664.0, 1666.0, 1666.0, 1650.0, 1641.0, 1661.0, 1668.0, 1652.0, 1654.0, 1634.0, 1634.0, 1634.0, 1627.0, 1635.0, 1632.0, 1620.0, 1610.0, 1599.0, 1599.0, 1611.0, 1616.0, 1622.0, 1601.0, 1619.0, 1590.0, 1580.0, 1581.0, 1575.0, 1582.0, 1569.0, 1576.0, 1569.0, 1574.0, 1568.0, 1558.0, 1550.0, 1548.0, 1548.0, 1544.0, 1526.0, 1531.0, 1531.0, 1509.0, 1511.0, 1505.0, 1510.0, 1509.0, 1509.0, 1486.0, 1483.0, 1485.0, 1484.0, 1486.0, 1476.0, 1468.0, 1487.0, 1479.0, 1435.0, 1440.0, 1437.0, 1431.0, 1434.0, 1435.0, 1428.0, 1402.0, 1395.0, 1395.0, 1394.0, 1387.0, 1394.0, 1372.0, 1369.0, 1356.0, 1343.0, 1377.0, 1361.0, 1361.0, 1357.0, 1361.0, 1348.0, 1330.0, 1328.0, 1304.0, 1304.0, 1323.0, 1326.0, 1317.0, 1301.0, 1296.0, 1296.0, 1289.0, 1282.0, 1249.0, 1266.0, 1266.0, 1266.0, 1255.0, 1246.0, 1269.0, 1247.0, 1246.0, 1247.0, 1247.0, 1243.0, 1246.0, 1246.0, 1221.0, 1217.0, 1221.0, 1226.0, 1226.0, 1227.0, 1227.0, 1228.0, 1257.0, 1257.0, 1217.0, 1217.0, 1215.0, 1214.0, 1214.0, 1212.0, 1212.0, 1216.0, 1215.0, 1219.0, 1209.0, 1209.0, 1210.0, 1210.0, 1210.0, 1200.0, 1189.0, 1192.0, 1203.0, 1200.0, 1200.0, 1195.0, 1185.0, 1194.0, 1193.0, 1193.0, 1193.0, 1181.0, 1181.0, 1181.0, 1154.0, 1155.0, 1164.0, 1171.0, 1169.0, 1166.0, 1165.0, 1159.0, 1141.0, 1142.0, 1155.0, 1161.0, 1161.0, 1156.0, 1142.0, 1129.0, 1127.0, 1127.0, 1151.0, 1153.0, 1142.0, 1138.0, 1131.0, 1135.0, 1142.0, 1144.0, 1113.0, 1120.0, 1131.0, 1149.0, 1140.0, 1137.0, 1126.0, 1133.0, 1116.0, 1117.0, 1139.0, 1132.0, 1128.0, 1124.0, 1134.0, 1139.0, 1136.0, 1134.0, 1145.0, 1155.0, 1155.0, 1168.0, 1174.0, 1179.0, 1170.0, 1170.0, 1170.0, 1166.0, 1163.0, 1175.0, 1169.0, 1165.0, 1161.0, 1143.0, 1127.0, 1140.0, 1145.0, 1148.0, 1118.0, 1118.0, 1146.0, 1121.0, 1156.0, 1148.0, 1150.0, 1155.0, 1146.0, 1149.0, 1141.0, 1149.0, 1148.0, 1142.0, 1132.0, 1134.0, 1132.0, 1136.0, 1137.0, 1138.0, 1141.0, 1141.0, 1132.0, 1129.0, 1129.0, 1129.0, 1137.0, 1134.0, 1128.0, 1130.0, 1133.0, 1124.0, 1125.0, 1124.0, 1118.0, 1125.0, 1151.0, 1142.0, 1158.0, 1167.0, 1167.0, 1151.0, 1161.0, 1145.0, 1136.0, 1145.0, 1139.0, 1133.0, 1114.0, 1124.0, 1124.0, 1127.0, 1162.0, 1119.0, 1135.0, 1117.0, 1148.0, 1122.0, 1125.0, 1124.0, 1123.0, 1122.0, 1131.0, 1128.0, 1123.0, 1142.0, 1149.0, 1127.0, 1141.0, 1149.0, 1154.0, 1125.0, 1109.0, 1111.0, 1144.0, 1406.0, 1477.0, 1364.0, 1030.0, 1030.0, 1025.0, 1025.0, 1026.0, 1034.0, 1031.0, 1036.0, 1039.0, 1036.0, 1042.0, 1050.0, 1052.0, 1045.0, 1048.0, 1052.0, 1055.0, 1055.0, 1058.0, 1058.0, 1062.0, 1064.0, 1064.0, 1063.0, 1064.0, 1065.0, 1060.0, 1060.0, 1063.0, 1074.0, 1072.0, 1072.0, 1074.0, 1055.0, 1054.0, 1057.0, 1061.0, 1056.0, 1061.0, 1054.0, 1053.0, 1088.0, 1067.0, 1081.0, 1081.0, 1069.0, 1078.0, 1083.0, 1078.0, 1076.0, 1104.0, 1069.0, 1098.0, 1093.0, 1091.0, 1093.0, 1105.0, 1107.0, 1106.0, 1116.0, 1120.0, 1116.0, 1115.0, 1118.0, 1122.0, 1120.0, 1122.0, 1122.0, 1122.0, 1122.0, 1118.0, 1121.0, 1121.0, 1117.0, 1127.0, 1129.0, 1129.0, 1131.0, 1135.0, 1128.0, 1107.0, 1110.0, 1128.0, 1125.0, 1148.0, 1148.0, 1125.0, 1121.0, 1117.0, 1113.0, 1123.0, 1123.0, 1123.0, 1105.0, 1119.0, 1122.0, 1106.0, 1117.0, 1117.0, 1101.0, 1107.0, 1112.0, 1110.0, 1104.0, 1105.0, 1122.0, 1112.0, 1106.0, 1110.0, 1110.0, 1108.0, 1114.0, 1102.0, 1114.0, 1111.0, 1108.0, 1104.0, 1103.0, 1119.0, 1109.0, 1118.0, 1099.0, 1127.0, 1108.0, 1120.0, 1109.0, 1111.0, 1112.0, 1096.0, 1103.0, 1103.0, 1088.0, 1122.0, 1100.0, 1102.0, 1114.0, 1111.0, 1109.0, 1102.0, 1112.0, 1100.0, 1135.0, 1131.0, 1127.0, 1103.0, 1108.0, 1112.0, 1116.0, 1095.0, 1089.0, 1118.0, 1100.0, 1108.0, 1086.0, 1097.0, 1090.0, 1107.0, 1120.0, 1120.0, 1118.0, 1103.0, 1106.0, 1116.0, 1100.0, 1098.0, 1092.0, 1106.0, 1097.0, 1094.0, 1097.0, 1094.0, 1098.0, 1099.0, 1101.0, 1102.0, 1125.0, 1110.0, 1118.0, 1115.0, 1118.0, 1121.0, 1122.0, 1115.0, 1106.0, 1121.0, 1127.0, 1128.0, 1135.0, 1119.0, 1129.0, 1106.0, 1098.0, 1138.0, 1129.0, 1116.0, 1126.0, 1128.0, 1151.0, 1138.0, 1148.0, 1144.0, 1150.0, 1147.0, 1142.0, 1167.0, 1116.0, 1132.0, 1145.0, 1138.0, 1140.0, 1136.0, 1142.0, 1141.0, 1134.0, 1154.0, 1148.0, 1147.0, 1158.0, 1156.0, 1163.0, 1159.0, 1172.0, 1173.0, 1178.0, 1194.0, 1201.0, 1211.0, 1211.0, 1203.0, 1215.0, 1241.0, 1251.0, 1241.0, 1271.0, 1243.0, 1266.0, 1281.0, 1293.0, 1289.0, 1303.0, 1332.0, 1336.0, 1343.0, 1355.0, 1355.0, 1347.0, 1329.0, 1332.0, 1344.0, 1359.0, 1360.0, 1386.0, 1401.0, 1392.0, 1382.0, 1399.0, 1412.0, 1412.0, 1420.0, 1433.0, 1420.0, 1438.0, 1443.0, 1448.0, 1442.0, 1405.0, 1419.0, 1433.0, 1466.0, 1471.0, 1493.0, 1489.0, 1501.0, 1491.0, 1493.0, 1498.0, 1501.0, 1517.0, 1525.0, 1530.0, 1524.0, 1538.0, 1522.0, 1550.0, 1551.0, 1550.0, 1549.0, 1552.0, 1553.0, 1589.0, 1579.0, 1591.0, 1595.0, 1586.0, 1590.0, 1588.0, 1588.0, 1583.0, 1599.0, 1611.0, 1611.0, 1606.0, 1641.0, 1635.0, 1625.0, 1638.0, 1626.0, 1621.0, 1622.0, 1622.0, 1608.0, 1612.0, 1620.0, 1619.0, 1632.0, 1628.0, 1635.0, 1629.0, 1659.0, 1659.0, 1647.0, 1646.0, 1650.0, 1659.0, 1644.0, 1647.0, 1666.0, 1700.0, 1695.0, 1710.0, 1721.0, 1713.0, 1720.0, 1691.0, 1701.0, 1707.0, 1714.0, 1724.0, 1718.0, 1718.0, 1723.0, 1730.0, 1730.0, 1729.0, 1729.0, 1728.0, 1725.0, 1729.0, 1716.0, 1732.0, 1732.0, 1724.0, 1732.0, 1733.0, 1732.0, 1733.0, 1733.0, 1732.0, 1722.0, 1723.0, 1712.0, 1720.0, 1686.0, 1686.0, 1738.0, 1722.0, 1706.0, 1693.0, 1704.0, 1711.0, 1704.0, 1706.0, 1698.0, 1708.0, 1710.0, 1711.0, 1709.0, 1713.0, 1690.0, 1695.0, 1705.0, 1694.0, 1672.0, 1658.0, 1680.0, 1673.0, 1681.0, 1681.0, 1709.0, 1677.0, 1705.0, 1688.0, 1681.0, 1685.0, 1684.0, 1682.0, 1670.0, 1670.0, 1676.0, 1671.0, 1667.0, 1666.0, 1661.0, 1661.0, 1654.0, 1648.0, 1659.0, 1650.0, 1630.0, 1642.0, 1640.0, 1638.0, 1638.0, 1634.0, 1624.0, 1619.0, 1616.0, 1616.0, 1621.0, 1611.0, 1621.0, 1616.0, 1581.0, 1581.0, 1604.0, 1601.0, 1597.0, 1590.0, 1599.0, 1589.0, 1580.0, 1572.0, 1590.0, 1566.0, 1577.0, 1573.0, 1571.0, 1564.0, 1554.0, 1567.0, 1558.0, 1569.0, 1551.0, 1551.0, 1551.0, 1553.0, 1565.0, 1565.0, 1560.0, 1544.0, 1545.0, 1534.0, 1533.0, 1538.0, 1526.0, 1520.0, 1520.0, 1516.0, 1513.0, 1499.0, 1499.0, 1499.0, 1495.0, 1496.0, 1497.0, 1494.0, 1494.0, 1495.0, 1493.0, 1494.0, 1495.0, 1484.0, 1482.0, 1468.0, 1457.0, 1462.0, 1443.0, 1454.0, 1451.0, 1449.0, 1446.0, 1447.0, 1435.0, 1437.0, 1432.0, 1435.0, 1422.0, 1413.0, 1416.0, 1423.0, 1419.0, 1411.0, 1399.0, 1403.0, 1410.0, 1405.0, 1397.0, 1389.0, 1374.0, 1371.0, 1362.0, 1366.0, 1366.0, 1367.0, 1352.0, 1351.0, 1325.0, 1338.0, 1313.0, 1301.0, 1310.0, 1320.0, 1305.0, 1300.0, 1310.0, 1306.0, 1303.0, 1299.0, 1294.0, 1303.0, 1285.0, 1275.0, 1283.0, 1282.0, 1276.0, 1279.0, 1261.0, 1268.0, 1253.0, 1245.0, 1245.0, 1239.0, 1241.0, 1244.0, 1243.0, 1234.0, 1234.0, 1233.0, 1233.0, 1238.0, 1234.0, 1230.0, 1228.0, 1231.0, 1230.0, 1224.0, 1224.0, 1226.0, 1216.0, 1213.0, 1211.0, 1191.0, 1191.0, 1197.0, 1185.0, 1200.0, 1191.0, 1197.0, 1185.0, 1185.0, 1195.0, 1188.0, 1188.0, 1191.0, 1195.0, 1191.0, 1174.0, 1166.0, 1179.0, 1176.0, 1174.0, 1174.0, 1166.0, 1166.0, 1169.0, 1174.0, 1171.0, 1177.0, 1197.0, 1191.0, 1191.0, 1183.0, 1172.0, 1176.0, 1158.0, 1178.0, 1165.0, 1173.0, 1191.0, 1184.0, 1180.0, 1173.0, 1177.0, 1169.0, 1174.0, 1174.0, 1176.0, 1188.0, 1186.0, 1191.0, 1201.0, 1192.0, 1195.0, 1198.0, 1188.0, 1187.0, 1192.0, 1194.0, 1186.0, 1191.0, 1180.0, 1190.0, 1192.0, 1192.0, 1192.0, 1191.0, 1191.0, 1202.0, 1195.0, 1192.0, 1186.0, 1186.0, 1201.0, 1184.0, 1182.0, 1183.0, 1182.0, 1185.0, 1184.0, 1184.0, 1189.0, 1181.0, 1188.0, 1189.0, 1190.0, 1190.0, 1201.0, 1205.0, 1192.0, 1182.0, 1209.0, 1209.0, 1194.0, 1197.0, 1201.0, 1197.0, 1210.0, 1217.0, 1221.0, 1224.0, 1224.0, 1238.0, 1219.0, 1222.0, 1207.0, 1220.0, 1214.0, 1211.0, 1223.0, 1230.0, 1230.0, 1221.0, 1250.0, 1246.0, 1254.0, 1254.0, 1246.0, 1209.0, 1205.0, 1202.0, 1217.0, 1221.0, 1221.0, 1211.0, 1242.0, 1236.0, 1236.0, 1230.0, 1230.0, 1231.0, 1241.0, 1250.0, 1253.0, 1253.0, 1231.0, 1231.0, 1273.0, 1273.0, 1254.0, 1245.0, 1219.0, 1219.0, 1221.0, 1209.0, 1186.0, 1176.0, 1187.0, 1221.0, 1253.0, 1261.0, 1267.0, 1253.0, 1228.0, 1238.0, 1230.0, 1229.0]