header: 
  seq: 2463
  stamp: 
    secs: 1548820818
    nsecs: 785689811
  frame_id: "base_link"
angle_min: -2.35619449615
angle_max: 2.35619449615
angle_increment: 0.00436332309619
time_increment: 1.73611151695e-05
scan_time: 0.0250000003725
range_min: 0.019999999553
range_max: 30.0
ranges: [0.42399999499320984, 0.42399999499320984, 0.42800000309944153, 0.43299999833106995, 0.44999998807907104, 0.45500001311302185, 0.4519999921321869, 0.4410000145435333, 0.4429999887943268, 0.4440000057220459, 0.44999998807907104, 0.44999998807907104, 0.4480000138282776, 0.4399999976158142, 0.43299999833106995, 0.39800000190734863, 0.38499999046325684, 0.3409999907016754, 0.3179999887943268, 0.3479999899864197, 0.37599998712539673, 0.41600000858306885, 0.41600000858306885, 0.4300000071525574, 0.4309999942779541, 0.4429999887943268, 0.4449999928474426, 0.44200000166893005, 0.43299999833106995, 0.44699999690055847, 0.4300000071525574, 0.4449999928474426, 0.45500001311302185, 0.45399999618530273, 0.45399999618530273, 0.4519999921321869, 0.4490000009536743, 0.44999998807907104, 0.44699999690055847, 0.4490000009536743, 0.4490000009536743, 0.4480000138282776, 0.4399999976158142, 0.45500001311302185, 0.4580000042915344, 0.4519999921321869, 0.45100000500679016, 0.4519999921321869, 0.45100000500679016, 0.45100000500679016, 0.45399999618530273, 0.45500001311302185, 0.45500001311302185, 0.4569999873638153, 0.46000000834465027, 0.46299999952316284, 0.46299999952316284, 0.46399998664855957, 0.46399998664855957, 0.46000000834465027, 0.4569999873638153, 0.45899999141693115, 0.460999995470047, 0.460999995470047, 0.460999995470047, 0.46000000834465027, 0.4620000123977661, 0.460999995470047, 0.45899999141693115, 0.4569999873638153, 0.460999995470047, 0.46299999952316284, 0.46299999952316284, 0.46399998664855957, 0.46399998664855957, 0.4650000035762787, 0.4729999899864197, 0.4729999899864197, 0.4729999899864197, 0.46700000762939453, 0.4699999988079071, 0.47200000286102295, 0.47699999809265137, 0.4749999940395355, 0.47600001096725464, 0.47600001096725464, 0.47200000286102295, 0.46799999475479126, 0.47200000286102295, 0.47200000286102295, 0.47600001096725464, 0.4740000069141388, 0.47200000286102295, 0.47200000286102295, 0.4749999940395355, 0.4749999940395355, 0.4699999988079071, 0.4690000116825104, 0.4740000069141388, 0.4790000021457672, 0.4740000069141388, 0.47200000286102295, 0.47099998593330383, 0.47600001096725464, 0.48100000619888306, 0.4819999933242798, 0.48100000619888306, 0.47699999809265137, 0.4749999940395355, 0.4779999852180481, 0.48100000619888306, 0.48100000619888306, 0.47699999809265137, 0.47999998927116394, 0.4869999885559082, 0.4869999885559082, 0.48500001430511475, 0.4860000014305115, 0.4869999885559082, 0.4869999885559082, 0.4869999885559082, 0.492000013589859, 0.492000013589859, 0.492000013589859, 0.492000013589859, 0.49399998784065247, 0.4970000088214874, 0.4970000088214874, 0.5049999952316284, 0.49900001287460327, 0.4950000047683716, 0.4869999885559082, 0.4869999885559082, 0.49399998784065247, 0.4970000088214874, 0.49900001287460327, 0.5059999823570251, 0.5059999823570251, 0.5059999823570251, 0.5059999823570251, 0.515999972820282, 0.515999972820282, 0.5099999904632568, 0.5130000114440918, 0.5040000081062317, 0.5090000033378601, 0.5080000162124634, 0.5090000033378601, 0.5090000033378601, 0.5120000243186951, 0.5009999871253967, 0.5009999871253967, 0.515999972820282, 0.5210000276565552, 0.5220000147819519, 0.5210000276565552, 0.515999972820282, 0.5239999890327454, 0.5239999890327454, 0.5230000019073486, 0.5239999890327454, 0.5249999761581421, 0.5230000019073486, 0.5189999938011169, 0.5180000066757202, 0.5189999938011169, 0.5289999842643738, 0.5289999842643738, 0.5289999842643738, 0.527999997138977, 0.5339999794960022, 0.5329999923706055, 0.5320000052452087, 0.5320000052452087, 0.5370000004768372, 0.5379999876022339, 0.5329999923706055, 0.5329999923706055, 0.5370000004768372, 0.5410000085830688, 0.5410000085830688, 0.5400000214576721, 0.5429999828338623, 0.5440000295639038, 0.5419999957084656, 0.5479999780654907, 0.5550000071525574, 0.5569999814033508, 0.5479999780654907, 0.550000011920929, 0.5529999732971191, 0.5640000104904175, 0.574999988079071, 0.5709999799728394, 0.5720000267028809, 0.5690000057220459, 0.5759999752044678, 0.5740000009536743, 0.5830000042915344, 0.5820000171661377, 0.5849999785423279, 0.5879999995231628, 0.5899999737739563, 0.593999981880188, 0.597000002861023, 0.597000002861023, 0.597000002861023, 0.597000002861023, 0.5950000286102295, 0.6060000061988831, 0.6050000190734863, 0.609000027179718, 0.6190000176429749, 0.621999979019165, 0.6150000095367432, 0.6179999709129333, 0.621999979019165, 0.6200000047683716, 0.6209999918937683, 0.6240000128746033, 0.6290000081062317, 0.6349999904632568, 0.6380000114440918, 0.6359999775886536, 0.6370000243186951, 0.6380000114440918, 0.6420000195503235, 0.6570000052452087, 0.6610000133514404, 0.6579999923706055, 0.6570000052452087, 0.6570000052452087, 0.6549999713897705, 0.6700000166893005, 0.6729999780654907, 0.6779999732971191, 0.6779999732971191, 0.6809999942779541, 0.6880000233650208, 0.6990000009536743, 0.6970000267028809, 0.7039999961853027, 0.7129999995231628, 0.7129999995231628, 0.7129999995231628, 0.7160000205039978, 0.7229999899864197, 0.7329999804496765, 0.7350000143051147, 0.7390000224113464, 0.7369999885559082, 0.7419999837875366, 0.7570000290870667, 0.7580000162124634, 0.7620000243186951, 0.7639999985694885, 0.7680000066757202, 0.7699999809265137, 0.781000018119812, 0.7839999794960022, 0.7850000262260437, 0.7870000004768372, 0.7940000295639038, 0.7960000038146973, 0.8090000152587891, 0.8209999799728394, 0.8209999799728394, 0.8330000042915344, 0.8299999833106995, 0.8370000123977661, 0.8420000076293945, 0.8519999980926514, 0.8519999980926514, 0.8519999980926514, 0.8610000014305115, 0.8700000047683716, 0.8820000290870667, 0.8830000162124634, 0.8939999938011169, 0.8980000019073486, 0.8989999890327454, 0.9039999842643738, 0.9100000262260437, 0.9229999780654907, 0.9380000233650208, 0.9449999928474426, 0.9449999928474426, 0.9570000171661377, 0.9629999995231628, 0.9700000286102295, 0.9819999933242798, 0.9929999709129333, 0.996999979019165, 1.0080000162124634, 1.0190000534057617, 1.024999976158142, 1.0390000343322754, 1.0470000505447388, 1.0509999990463257, 1.059999942779541, 1.0729999542236328, 1.0850000381469727, 1.093000054359436, 1.1039999723434448, 1.1150000095367432, 1.1319999694824219, 1.1460000276565552, 1.1490000486373901, 1.1610000133514404, 1.1820000410079956, 1.1920000314712524, 1.2009999752044678, 1.2239999771118164, 1.2339999675750732, 1.24399995803833, 1.2580000162124634, 1.281999945640564, 1.2920000553131104, 1.2990000247955322, 1.3250000476837158, 1.3339999914169312, 1.3339999914169312, 1.375, 1.468000054359436, 1.6160000562667847, 2.4489998817443848, 2.4489998817443848, 2.4489998817443848, 2.446000099182129, 2.437999963760376, 2.427999973297119, 2.428999900817871, 2.427000045776367, 2.4240000247955322, 2.4240000247955322, 2.4189999103546143, 2.4149999618530273, 2.4140000343322754, 2.4049999713897705, 2.4070000648498535, 2.4100000858306885, 2.4100000858306885, 2.4059998989105225, 2.3940000534057617, 2.3910000324249268, 2.3940000534057617, 2.3910000324249268, 2.388000011444092, 2.38100004196167, 2.38100004196167, 2.38100004196167, 2.377000093460083, 2.377000093460083, 2.381999969482422, 2.377000093460083, 2.375, 2.378000020980835, 2.372999906539917, 2.372999906539917, 2.371999979019165, 2.367000102996826, 2.368000030517578, 2.365000009536743, 2.361999988555908, 2.3570001125335693, 2.3459999561309814, 2.3459999561309814, 2.3399999141693115, 2.3380000591278076, 2.3340001106262207, 2.3289999961853027, 2.322999954223633, 2.322000026702881, 2.319999933242798, 2.313999891281128, 2.312000036239624, 2.315999984741211, 2.311000108718872, 2.296999931335449, 2.2960000038146973, 2.2939999103546143, 2.2929999828338623, 2.2909998893737793, 2.2939999103546143, 2.2850000858306885, 2.2769999504089355, 2.2739999294281006, 2.2730000019073486, 2.2660000324249268, 2.253999948501587, 2.249000072479248, 2.244999885559082, 2.240000009536743, 2.239000082015991, 2.239000082015991, 2.23799991607666, 2.2239999771118164, 2.2179999351501465, 2.2109999656677246, 2.2130000591278076, 2.2079999446868896, 2.2019999027252197, 2.193000078201294, 2.184000015258789, 2.171999931335449, 2.1649999618530273, 2.1579999923706055, 2.1570000648498535, 2.1510000228881836, 2.1429998874664307, 2.128000020980835, 2.124000072479248, 2.121000051498413, 2.111999988555908, 2.1080000400543213, 2.1019999980926514, 2.0950000286102295, 2.0959999561309814, 2.0880000591278076, 2.0880000591278076, 2.0769999027252197, 2.069999933242798, 2.055999994277954, 2.0439999103546143, 2.0420000553131104, 2.0380001068115234, 2.0220000743865967, 2.0190000534057617, 2.0190000534057617, 1.996000051498413, 1.99399995803833, 1.9930000305175781, 1.9800000190734863, 1.968000054359436, 1.9570000171661377, 1.9459999799728394, 1.937000036239624, 1.9259999990463257, 1.9140000343322754, 1.906000018119812, 1.8860000371932983, 1.878999948501587, 1.8769999742507935, 1.8730000257492065, 1.8559999465942383, 1.8509999513626099, 1.8300000429153442, 1.8170000314712524, 1.815999984741211, 1.7940000295639038, 1.781000018119812, 1.7710000276565552, 1.7640000581741333, 1.7410000562667847, 1.7259999513626099, 1.7089999914169312, 1.694000005722046, 1.680999994277954, 1.6699999570846558, 1.6660000085830688, 1.6360000371932983, 1.6200000047683716, 1.6080000400543213, 1.5829999446868896, 1.5670000314712524, 1.5520000457763672, 1.527999997138977, 1.5190000534057617, 1.503000020980835, 1.4739999771118164, 1.465999960899353, 1.434000015258789, 1.4199999570846558, 1.3990000486373901, 1.3860000371932983, 1.3630000352859497, 1.350000023841858, 1.3329999446868896, 1.3220000267028809, 1.3049999475479126, 1.284000039100647, 1.2730000019073486, 1.2599999904632568, 1.2510000467300415, 1.2309999465942383, 1.2130000591278076, 1.2050000429153442, 1.184000015258789, 1.1729999780654907, 1.156999945640564, 1.1540000438690186, 1.1349999904632568, 1.1150000095367432, 1.1059999465942383, 1.0839999914169312, 1.0789999961853027, 1.069000005722046, 1.0529999732971191, 1.0520000457763672, 1.031000018119812, 1.0269999504089355, 1.0169999599456787, 1.0119999647140503, 1.0010000467300415, 0.9819999933242798, 0.9779999852180481, 0.972000002861023, 0.9539999961853027, 0.9580000042915344, 0.9549999833106995, 0.9449999928474426, 0.9350000023841858, 0.9259999990463257, 0.9160000085830688, 0.9160000085830688, 0.8960000276565552, 0.8849999904632568, 0.8820000290870667, 0.8799999952316284, 0.871999979019165, 0.8640000224113464, 0.859000027179718, 0.8510000109672546, 0.8519999980926514, 0.8500000238418579, 0.8399999737739563, 0.8339999914169312, 0.8320000171661377, 0.8259999752044678, 0.8209999799728394, 0.8169999718666077, 0.8140000104904175, 0.8090000152587891, 0.8029999732971191, 0.7900000214576721, 0.7850000262260437, 0.7839999794960022, 0.7860000133514404, 0.7820000052452087, 0.7699999809265137, 0.7680000066757202, 0.765999972820282, 0.7570000290870667, 0.7540000081062317, 0.7540000081062317, 0.7519999742507935, 0.7480000257492065, 0.746999979019165, 0.7360000014305115, 0.7279999852180481, 0.722000002861023, 0.7179999947547913, 0.7160000205039978, 0.7170000076293945, 0.7089999914169312, 0.7039999961853027, 0.703000009059906, 0.7020000219345093, 0.6949999928474426, 0.6880000233650208, 0.6840000152587891, 0.6819999814033508, 0.6779999732971191, 0.6840000152587891, 0.6729999780654907, 0.671999990940094, 0.6710000038146973, 0.6669999957084656, 0.6669999957084656, 0.6600000262260437, 0.6570000052452087, 0.652999997138977, 0.6460000276565552, 0.6420000195503235, 0.640999972820282, 0.6399999856948853, 0.6389999985694885, 0.6299999952316284, 0.628000020980835, 0.6269999742507935, 0.6269999742507935, 0.6119999885559082, 0.6150000095367432, 0.6190000176429749, 0.6129999756813049, 0.6079999804496765, 0.6100000143051147, 0.6060000061988831, 0.6019999980926514, 0.6029999852180481, 0.6039999723434448, 0.5899999737739563, 0.5920000076293945, 0.5899999737739563, 0.5899999737739563, 0.5849999785423279, 0.5849999785423279, 0.5849999785423279, 0.5839999914169312, 0.5770000219345093, 0.5770000219345093, 0.578000009059906, 0.5770000219345093, 0.578000009059906, 0.5740000009536743, 0.5690000057220459, 0.5690000057220459, 0.5649999976158142, 0.5630000233650208, 0.5630000233650208, 0.5590000152587891, 0.5540000200271606, 0.5550000071525574, 0.5559999942779541, 0.5559999942779541, 0.5490000247955322, 0.5440000295639038, 0.5389999747276306, 0.5389999747276306, 0.5490000247955322, 0.5460000038146973, 0.5429999828338623, 0.5400000214576721, 0.5389999747276306, 0.5329999923706055, 0.5320000052452087, 0.5320000052452087, 0.5260000228881836, 0.5260000228881836, 0.5260000228881836, 0.5260000228881836, 0.5260000228881836, 0.5210000276565552, 0.5230000019073486, 0.5260000228881836, 0.5239999890327454, 0.5230000019073486, 0.5249999761581421, 0.5170000195503235, 0.5149999856948853, 0.5099999904632568, 0.5109999775886536, 0.5090000033378601, 0.5059999823570251, 0.5049999952316284, 0.5049999952316284, 0.5049999952316284, 0.5049999952316284, 0.5090000033378601, 0.5049999952316284, 0.5139999985694885, 0.5180000066757202, 0.5090000033378601, 0.5, 0.4950000047683716, 0.5040000081062317, 0.49799999594688416, 0.49900001287460327, 0.49799999594688416, 0.49799999594688416, 0.4959999918937683, 0.4950000047683716, 0.492000013589859, 0.49300000071525574, 0.48899999260902405, 0.49000000953674316, 0.4869999885559082, 0.4869999885559082, 0.4869999885559082, 0.48399999737739563, 0.4880000054836273, 0.4860000014305115, 0.4869999885559082, 0.48399999737739563, 0.47699999809265137, 0.4790000021457672, 0.47699999809265137, 0.4729999899864197, 0.4729999899864197, 0.4740000069141388, 0.4779999852180481, 0.4869999885559082, 0.4819999933242798, 0.4749999940395355, 0.4729999899864197, 0.47600001096725464, 0.4749999940395355, 0.4779999852180481, 0.4790000021457672, 0.4749999940395355, 0.4690000116825104, 0.4699999988079071, 0.47699999809265137, 0.4729999899864197, 0.47600001096725464, 0.4740000069141388, 0.47200000286102295, 0.4690000116825104, 0.4659999907016754, 0.4620000123977661, 0.4620000123977661, 0.4699999988079071, 0.4690000116825104, 0.46700000762939453, 0.46799999475479126, 0.46299999952316284, 0.46700000762939453, 0.46700000762939453, 0.45899999141693115, 0.4580000042915344, 0.460999995470047, 0.4650000035762787, 0.46700000762939453, 0.46399998664855957, 0.4580000042915344, 0.45100000500679016, 0.45399999618530273, 0.4580000042915344, 0.46399998664855957, 0.4650000035762787, 0.46399998664855957, 0.4580000042915344, 0.44999998807907104, 0.44999998807907104, 0.45899999141693115, 0.4560000002384186, 0.45399999618530273, 0.45500001311302185, 0.45899999141693115, 0.46000000834465027, 0.46700000762939453, 0.4699999988079071, 0.4560000002384186, 0.4490000009536743, 0.44699999690055847, 0.45500001311302185, 0.4490000009536743, 0.4519999921321869, 0.4519999921321869, 0.4519999921321869, 0.4399999976158142, 0.4399999976158142, 0.44999998807907104, 0.453000009059906, 0.4560000002384186, 0.4560000002384186, 0.4560000002384186, 0.44699999690055847, 0.44600000977516174, 0.4440000057220459, 0.4449999928474426, 0.44600000977516174, 0.44699999690055847, 0.44600000977516174, 0.4519999921321869, 0.4569999873638153, 0.45899999141693115, 0.46299999952316284, 0.4569999873638153, 0.4560000002384186, 0.4519999921321869, 0.4519999921321869, 0.45500001311302185, 0.4560000002384186, 0.4560000002384186, 0.4560000002384186, 0.4580000042915344, 0.4620000123977661, 0.460999995470047, 0.4519999921321869, 0.44999998807907104, 0.4490000009536743, 0.44999998807907104, 0.45500001311302185, 0.4620000123977661, 0.4519999921321869, 0.45399999618530273, 0.45399999618530273, 0.460999995470047, 0.460999995470047, 0.4650000035762787, 0.460999995470047, 0.4569999873638153, 0.45500001311302185, 0.4569999873638153, 0.4569999873638153, 0.460999995470047, 0.4560000002384186, 0.4569999873638153, 0.453000009059906, 0.4560000002384186, 0.4560000002384186, 0.45899999141693115, 0.4560000002384186, 0.45500001311302185, 0.46000000834465027, 0.4560000002384186, 0.46399998664855957, 0.460999995470047, 0.4569999873638153, 0.45399999618530273, 0.45399999618530273, 0.45399999618530273, 0.45399999618530273, 0.45500001311302185, 0.46000000834465027, 0.45899999141693115, 0.4620000123977661, 0.4659999907016754, 0.4659999907016754, 0.4659999907016754, 0.46399998664855957, 0.4659999907016754, 0.47099998593330383, 0.4729999899864197, 0.45899999141693115, 0.46000000834465027, 0.4650000035762787, 0.47200000286102295, 0.4690000116825104, 0.4690000116825104, 0.46799999475479126, 0.4729999899864197, 0.4699999988079071, 0.46399998664855957, 0.46799999475479126, 0.4699999988079071, 0.47999998927116394, 0.4779999852180481, 0.4749999940395355, 0.4729999899864197, 0.4690000116825104, 0.47099998593330383, 0.4729999899864197, 0.47699999809265137, 0.47200000286102295, 0.4729999899864197, 0.4790000021457672, 0.48100000619888306, 0.48100000619888306, 0.47999998927116394, 0.48899999260902405, 0.4860000014305115, 0.48399999737739563, 0.492000013589859, 0.492000013589859, 0.4909999966621399, 0.492000013589859, 0.4959999918937683, 0.4959999918937683, 0.4950000047683716, 0.49399998784065247, 0.49300000071525574, 0.49399998784065247, 0.492000013589859, 0.49300000071525574, 0.49900001287460327, 0.503000020980835, 0.5019999742507935, 0.5, 0.5, 0.49900001287460327, 0.49900001287460327, 0.5049999952316284, 0.5040000081062317, 0.5049999952316284, 0.5059999823570251, 0.5090000033378601, 0.5059999823570251, 0.5130000114440918, 0.5189999938011169, 0.515999972820282, 0.5139999985694885, 0.5139999985694885, 0.5170000195503235, 0.5199999809265137, 0.5180000066757202, 0.5180000066757202, 0.5130000114440918, 0.5230000019073486, 0.5189999938011169, 0.5210000276565552, 0.5170000195503235, 0.5170000195503235, 0.5189999938011169, 0.5299999713897705, 0.5239999890327454, 0.5320000052452087, 0.5320000052452087, 0.5379999876022339, 0.5350000262260437, 0.5379999876022339, 0.5370000004768372, 0.5389999747276306, 0.5450000166893005, 0.5419999957084656, 0.5410000085830688, 0.5419999957084656, 0.5400000214576721, 0.546999990940094, 0.5440000295639038, 0.5440000295639038, 0.5450000166893005, 0.5540000200271606, 0.5490000247955322, 0.550000011920929, 0.5519999861717224, 0.5519999861717224, 0.5600000023841858, 0.5619999766349792, 0.5569999814033508, 0.5559999942779541, 0.5630000233650208, 0.5730000138282776, 0.5640000104904175, 0.5709999799728394, 0.5669999718666077, 0.5699999928474426, 0.5680000185966492, 0.5669999718666077, 0.5680000185966492, 0.5709999799728394, 0.5690000057220459, 0.5730000138282776, 0.578000009059906, 0.5799999833106995, 0.5849999785423279, 0.5849999785423279, 0.5839999914169312, 0.5879999995231628, 0.5870000123977661, 0.5899999737739563, 0.5839999914169312, 0.5839999914169312, 0.5899999737739563, 0.5899999737739563, 0.6019999980926514, 0.6010000109672546, 0.6000000238418579, 0.6000000238418579, 0.5989999771118164, 0.6060000061988831, 0.609000027179718, 0.6150000095367432, 0.6069999933242798, 0.609000027179718, 0.6150000095367432, 0.6230000257492065, 0.628000020980835, 0.625, 0.6269999742507935, 0.6240000128746033, 0.6230000257492065, 0.6159999966621399, 0.6209999918937683, 0.6230000257492065, 0.6349999904632568, 0.6349999904632568, 0.6330000162124634, 0.6320000290870667, 0.6389999985694885, 0.6389999985694885, 0.6430000066757202, 0.6389999985694885, 0.6460000276565552, 0.6449999809265137, 0.6480000019073486, 0.656000018119812, 0.6610000133514404, 0.6570000052452087, 0.656000018119812, 0.652999997138977, 0.6610000133514404, 0.6650000214576721, 0.6650000214576721, 0.6669999957084656, 0.6669999957084656, 0.6639999747276306, 0.6679999828338623, 0.675000011920929, 0.6790000200271606, 0.6819999814033508, 0.6840000152587891, 0.6919999718666077, 0.6919999718666077, 0.6949999928474426, 0.6949999928474426, 0.6959999799728394, 0.6980000138282776, 0.7039999961853027, 0.7049999833106995, 0.7049999833106995, 0.7049999833106995, 0.7049999833106995, 0.7110000252723694, 0.7089999914169312, 0.7059999704360962, 0.7059999704360962, 0.7110000252723694, 0.7179999947547913, 0.7179999947547913, 0.7210000157356262, 0.7269999980926514, 0.7289999723434448, 0.7329999804496765, 0.7269999980926514, 0.7279999852180481, 0.7319999933242798, 0.7360000014305115, 0.7360000014305115, 0.7440000176429749, 0.7400000095367432, 0.7409999966621399, 0.7409999966621399, 0.7379999756813049, 0.7459999918937683, 0.7459999918937683, 0.7429999709129333, 0.7400000095367432, 0.746999979019165, 0.7519999742507935, 0.7490000128746033, 0.7540000081062317, 0.7630000114440918, 0.7630000114440918, 0.7609999775886536, 0.7590000033378601, 0.7620000243186951, 0.7649999856948853, 0.7670000195503235, 0.7689999938011169, 0.7680000066757202, 0.7680000066757202, 0.7680000066757202, 0.7699999809265137, 0.7699999809265137, 0.7710000276565552, 0.781000018119812, 0.7829999923706055, 0.7919999957084656, 0.7860000133514404, 0.7860000133514404, 0.7860000133514404, 0.7929999828338623, 0.8019999861717224, 0.8019999861717224, 0.7950000166893005, 0.7950000166893005, 0.7940000295639038, 0.7940000295639038, 0.796999990940094, 0.8009999990463257, 0.8009999990463257, 0.7960000038146973, 0.7979999780654907, 0.7979999780654907, 0.7979999780654907, 0.7879999876022339, 0.7889999747276306, 0.8040000200271606, 0.8019999861717224, 0.8130000233650208, 0.8130000233650208, 0.8220000267028809, 0.8259999752044678, 0.8259999752044678, 0.8270000219345093, 0.8460000157356262, 0.8489999771118164, 0.847000002861023, 0.8489999771118164, 0.8510000109672546, 0.8640000224113464, 0.8619999885559082, 0.8560000061988831, 0.8560000061988831, 0.859000027179718, 0.8600000143051147, 0.8600000143051147, 0.8640000224113464, 0.8700000047683716]
intensities: [1133.0, 1135.0, 1184.0, 1234.0, 1389.0, 1473.0, 1533.0, 1619.0, 1693.0, 1693.0, 1715.0, 1715.0, 1717.0, 1619.0, 1466.0, 1150.0, 1111.0, 963.0, 897.0, 945.0, 964.0, 1096.0, 1073.0, 1111.0, 1105.0, 1082.0, 1091.0, 1090.0, 1093.0, 1295.0, 1266.0, 1611.0, 1672.0, 1715.0, 1733.0, 1760.0, 1799.0, 1828.0, 1833.0, 1923.0, 1896.0, 1888.0, 1896.0, 1887.0, 1905.0, 1905.0, 1919.0, 1915.0, 1896.0, 1896.0, 1893.0, 1892.0, 1898.0, 1898.0, 1870.0, 1854.0, 1844.0, 1834.0, 1834.0, 1836.0, 1822.0, 1845.0, 1804.0, 1813.0, 1791.0, 1806.0, 1783.0, 1796.0, 1786.0, 1765.0, 1758.0, 1752.0, 1754.0, 1750.0, 1750.0, 1740.0, 1735.0, 1743.0, 1743.0, 1725.0, 1746.0, 1701.0, 1693.0, 1688.0, 1710.0, 1678.0, 1675.0, 1666.0, 1668.0, 1668.0, 1665.0, 1660.0, 1644.0, 1635.0, 1625.0, 1625.0, 1618.0, 1600.0, 1604.0, 1608.0, 1593.0, 1604.0, 1553.0, 1562.0, 1572.0, 1563.0, 1566.0, 1534.0, 1544.0, 1558.0, 1556.0, 1538.0, 1532.0, 1528.0, 1503.0, 1503.0, 1523.0, 1506.0, 1489.0, 1501.0, 1501.0, 1479.0, 1477.0, 1476.0, 1474.0, 1467.0, 1473.0, 1473.0, 1459.0, 1452.0, 1449.0, 1426.0, 1426.0, 1431.0, 1419.0, 1424.0, 1409.0, 1409.0, 1394.0, 1376.0, 1398.0, 1398.0, 1361.0, 1357.0, 1348.0, 1327.0, 1321.0, 1318.0, 1318.0, 1331.0, 1295.0, 1289.0, 1298.0, 1299.0, 1319.0, 1301.0, 1275.0, 1273.0, 1261.0, 1250.0, 1260.0, 1269.0, 1249.0, 1232.0, 1224.0, 1220.0, 1213.0, 1215.0, 1210.0, 1219.0, 1192.0, 1187.0, 1191.0, 1191.0, 1188.0, 1184.0, 1174.0, 1171.0, 1162.0, 1160.0, 1164.0, 1155.0, 1160.0, 1159.0, 1145.0, 1141.0, 1145.0, 1152.0, 1129.0, 1134.0, 1117.0, 1133.0, 1130.0, 1126.0, 1129.0, 1136.0, 1133.0, 1126.0, 1140.0, 1138.0, 1127.0, 1112.0, 1138.0, 1163.0, 1163.0, 1139.0, 1140.0, 1140.0, 1130.0, 1151.0, 1141.0, 1135.0, 1134.0, 1150.0, 1132.0, 1139.0, 1141.0, 1120.0, 1106.0, 1108.0, 1118.0, 1117.0, 1118.0, 1113.0, 1121.0, 1096.0, 1111.0, 1091.0, 1103.0, 1112.0, 1104.0, 1104.0, 1096.0, 1123.0, 1114.0, 1099.0, 1083.0, 1092.0, 1099.0, 1104.0, 1108.0, 1111.0, 1105.0, 1105.0, 1108.0, 1100.0, 1096.0, 1097.0, 1098.0, 1098.0, 1096.0, 1092.0, 1097.0, 1088.0, 1082.0, 1081.0, 1081.0, 1079.0, 1075.0, 1072.0, 1072.0, 1069.0, 1073.0, 1064.0, 1064.0, 1060.0, 1055.0, 1058.0, 1058.0, 1054.0, 1055.0, 1046.0, 1047.0, 1040.0, 1055.0, 1052.0, 1040.0, 1038.0, 1040.0, 1047.0, 1048.0, 1034.0, 1022.0, 1020.0, 1028.0, 1023.0, 1013.0, 1023.0, 1018.0, 1015.0, 1019.0, 1017.0, 995.0, 1006.0, 1020.0, 1005.0, 1008.0, 1001.0, 989.0, 988.0, 995.0, 980.0, 991.0, 990.0, 976.0, 985.0, 971.0, 969.0, 962.0, 960.0, 971.0, 957.0, 955.0, 947.0, 958.0, 964.0, 964.0, 969.0, 958.0, 983.0, 1006.0, 1006.0, 1112.0, 1352.0, 1371.0, 973.0, 962.0, 976.0, 980.0, 982.0, 977.0, 979.0, 974.0, 964.0, 978.0, 987.0, 990.0, 986.0, 984.0, 981.0, 974.0, 974.0, 997.0, 998.0, 982.0, 996.0, 989.0, 987.0, 992.0, 994.0, 994.0, 998.0, 1001.0, 999.0, 988.0, 1001.0, 997.0, 993.0, 993.0, 1012.0, 998.0, 1002.0, 1003.0, 1008.0, 1002.0, 1002.0, 1002.0, 998.0, 1000.0, 1010.0, 1004.0, 996.0, 994.0, 1017.0, 1005.0, 1006.0, 1008.0, 1007.0, 1005.0, 1013.0, 1014.0, 1016.0, 1004.0, 1019.0, 1006.0, 1009.0, 1015.0, 1022.0, 1016.0, 1006.0, 1020.0, 1021.0, 1021.0, 1020.0, 1019.0, 1032.0, 1013.0, 1022.0, 1024.0, 1025.0, 1022.0, 1020.0, 1020.0, 1031.0, 1009.0, 1013.0, 1011.0, 1011.0, 1000.0, 1001.0, 1004.0, 1008.0, 1009.0, 1009.0, 1013.0, 1019.0, 1012.0, 1014.0, 1016.0, 1024.0, 1029.0, 1028.0, 1019.0, 1033.0, 1027.0, 1031.0, 1028.0, 1026.0, 1026.0, 1029.0, 1035.0, 1042.0, 1035.0, 1041.0, 1052.0, 1045.0, 1051.0, 1048.0, 1051.0, 1056.0, 1049.0, 1053.0, 1060.0, 1067.0, 1053.0, 1053.0, 1054.0, 1041.0, 1057.0, 1033.0, 1037.0, 1032.0, 1033.0, 1043.0, 1042.0, 1049.0, 1027.0, 1024.0, 1032.0, 1037.0, 1031.0, 1034.0, 1034.0, 1034.0, 1036.0, 1035.0, 1036.0, 1045.0, 1060.0, 1048.0, 1039.0, 1027.0, 1032.0, 1041.0, 1071.0, 1084.0, 1108.0, 1105.0, 1105.0, 1106.0, 1107.0, 1094.0, 1097.0, 1117.0, 1110.0, 1111.0, 1123.0, 1125.0, 1115.0, 1131.0, 1119.0, 1122.0, 1091.0, 1103.0, 1120.0, 1108.0, 1104.0, 1088.0, 1109.0, 1112.0, 1119.0, 1118.0, 1135.0, 1149.0, 1139.0, 1127.0, 1125.0, 1130.0, 1170.0, 1198.0, 1225.0, 1262.0, 1233.0, 1232.0, 1237.0, 1176.0, 1161.0, 1173.0, 1186.0, 1176.0, 1204.0, 1208.0, 1210.0, 1209.0, 1220.0, 1237.0, 1245.0, 1260.0, 1244.0, 1276.0, 1263.0, 1277.0, 1280.0, 1283.0, 1277.0, 1300.0, 1309.0, 1325.0, 1325.0, 1352.0, 1360.0, 1368.0, 1363.0, 1363.0, 1380.0, 1386.0, 1376.0, 1401.0, 1409.0, 1426.0, 1425.0, 1440.0, 1443.0, 1453.0, 1462.0, 1480.0, 1467.0, 1488.0, 1502.0, 1503.0, 1505.0, 1499.0, 1496.0, 1483.0, 1493.0, 1476.0, 1497.0, 1514.0, 1515.0, 1547.0, 1545.0, 1572.0, 1584.0, 1585.0, 1594.0, 1590.0, 1580.0, 1589.0, 1600.0, 1585.0, 1589.0, 1599.0, 1596.0, 1593.0, 1610.0, 1606.0, 1603.0, 1591.0, 1582.0, 1613.0, 1627.0, 1623.0, 1634.0, 1637.0, 1638.0, 1617.0, 1610.0, 1610.0, 1613.0, 1632.0, 1632.0, 1634.0, 1630.0, 1615.0, 1631.0, 1646.0, 1640.0, 1641.0, 1650.0, 1650.0, 1658.0, 1653.0, 1656.0, 1661.0, 1659.0, 1648.0, 1641.0, 1634.0, 1634.0, 1668.0, 1667.0, 1679.0, 1667.0, 1701.0, 1686.0, 1692.0, 1691.0, 1717.0, 1709.0, 1706.0, 1711.0, 1711.0, 1720.0, 1719.0, 1718.0, 1719.0, 1721.0, 1721.0, 1717.0, 1719.0, 1732.0, 1743.0, 1754.0, 1726.0, 1729.0, 1729.0, 1729.0, 1729.0, 1727.0, 1729.0, 1733.0, 1729.0, 1735.0, 1742.0, 1731.0, 1768.0, 1763.0, 1773.0, 1766.0, 1751.0, 1767.0, 1781.0, 1782.0, 1780.0, 1763.0, 1744.0, 1783.0, 1785.0, 1769.0, 1765.0, 1789.0, 1790.0, 1792.0, 1803.0, 1767.0, 1807.0, 1813.0, 1801.0, 1801.0, 1800.0, 1802.0, 1801.0, 1805.0, 1811.0, 1812.0, 1801.0, 1807.0, 1792.0, 1823.0, 1801.0, 1811.0, 1807.0, 1800.0, 1809.0, 1814.0, 1807.0, 1809.0, 1799.0, 1817.0, 1834.0, 1816.0, 1827.0, 1813.0, 1800.0, 1800.0, 1807.0, 1815.0, 1816.0, 1833.0, 1825.0, 1826.0, 1824.0, 1829.0, 1834.0, 1825.0, 1824.0, 1814.0, 1816.0, 1815.0, 1813.0, 1815.0, 1829.0, 1792.0, 1792.0, 1818.0, 1827.0, 1836.0, 1841.0, 1824.0, 1806.0, 1816.0, 1833.0, 1809.0, 1800.0, 1796.0, 1796.0, 1815.0, 1825.0, 1838.0, 1838.0, 1882.0, 1892.0, 1892.0, 1886.0, 1860.0, 1863.0, 1882.0, 1885.0, 1892.0, 1912.0, 1901.0, 1881.0, 1883.0, 1869.0, 1857.0, 1845.0, 1823.0, 1810.0, 1792.0, 1792.0, 1821.0, 1821.0, 1772.0, 1761.0, 1757.0, 1753.0, 1763.0, 1771.0, 1748.0, 1742.0, 1745.0, 1733.0, 1729.0, 1721.0, 1713.0, 1669.0, 1710.0, 1710.0, 1709.0, 1709.0, 1690.0, 1696.0, 1688.0, 1679.0, 1669.0, 1676.0, 1665.0, 1658.0, 1670.0, 1661.0, 1658.0, 1642.0, 1632.0, 1640.0, 1631.0, 1620.0, 1619.0, 1609.0, 1610.0, 1600.0, 1599.0, 1595.0, 1587.0, 1587.0, 1591.0, 1622.0, 1595.0, 1563.0, 1567.0, 1576.0, 1576.0, 1584.0, 1586.0, 1587.0, 1586.0, 1566.0, 1560.0, 1555.0, 1558.0, 1545.0, 1562.0, 1547.0, 1524.0, 1530.0, 1535.0, 1537.0, 1539.0, 1529.0, 1525.0, 1505.0, 1505.0, 1509.0, 1497.0, 1492.0, 1509.0, 1478.0, 1481.0, 1477.0, 1442.0, 1462.0, 1450.0, 1457.0, 1439.0, 1422.0, 1439.0, 1441.0, 1411.0, 1420.0, 1431.0, 1438.0, 1416.0, 1401.0, 1400.0, 1380.0, 1378.0, 1382.0, 1395.0, 1389.0, 1405.0, 1401.0, 1401.0, 1387.0, 1373.0, 1382.0, 1377.0, 1398.0, 1348.0, 1348.0, 1348.0, 1330.0, 1313.0, 1325.0, 1315.0, 1295.0, 1293.0, 1302.0, 1300.0, 1305.0, 1291.0, 1288.0, 1291.0, 1290.0, 1264.0, 1264.0, 1255.0, 1271.0, 1255.0, 1271.0, 1269.0, 1289.0, 1279.0, 1279.0, 1276.0, 1275.0, 1258.0, 1255.0, 1253.0, 1260.0, 1261.0, 1254.0, 1244.0, 1253.0, 1248.0, 1251.0, 1275.0, 1243.0, 1239.0, 1236.0, 1258.0, 1256.0, 1247.0, 1234.0, 1239.0, 1243.0, 1238.0, 1231.0, 1236.0, 1224.0, 1229.0, 1213.0, 1202.0, 1207.0, 1207.0, 1216.0, 1201.0, 1202.0, 1196.0, 1196.0, 1189.0, 1210.0, 1181.0, 1214.0, 1191.0, 1185.0, 1190.0, 1186.0, 1214.0, 1208.0, 1200.0, 1200.0, 1181.0, 1184.0, 1218.0, 1207.0, 1204.0, 1168.0, 1176.0, 1187.0, 1206.0, 1172.0, 1170.0, 1173.0, 1190.0, 1177.0, 1196.0, 1182.0, 1193.0, 1193.0, 1196.0, 1185.0, 1186.0, 1186.0, 1206.0, 1203.0, 1203.0, 1203.0, 1185.0, 1201.0, 1199.0, 1210.0, 1212.0, 1204.0, 1200.0, 1194.0, 1190.0, 1216.0, 1216.0, 1225.0, 1220.0, 1220.0, 1247.0, 1246.0, 1236.0, 1235.0, 1235.0, 1244.0, 1244.0, 1254.0, 1265.0, 1249.0, 1241.0, 1232.0, 1208.0, 1225.0, 1252.0, 1237.0, 1246.0, 1249.0, 1246.0, 1245.0, 1245.0, 1239.0, 1250.0, 1246.0, 1234.0, 1253.0, 1259.0, 1253.0, 1253.0, 1257.0, 1258.0, 1258.0, 1264.0, 1264.0, 1278.0, 1274.0, 1277.0, 1273.0, 1276.0, 1273.0, 1276.0, 1261.0, 1289.0, 1311.0, 1299.0, 1292.0, 1273.0, 1292.0, 1309.0, 1294.0, 1282.0, 1285.0, 1288.0, 1288.0, 1319.0, 1319.0, 1310.0, 1313.0, 1298.0, 1308.0, 1331.0, 1325.0, 1320.0, 1334.0, 1319.0, 1303.0, 1329.0, 1335.0, 1331.0, 1325.0, 1329.0, 1335.0, 1335.0, 1332.0, 1337.0, 1342.0, 1337.0, 1331.0, 1341.0, 1340.0, 1340.0, 1331.0, 1331.0, 1334.0, 1336.0, 1335.0, 1338.0, 1350.0, 1347.0, 1334.0, 1344.0, 1349.0, 1356.0, 1346.0, 1321.0, 1321.0, 1336.0, 1357.0, 1357.0, 1366.0, 1368.0]