header: 
  seq: 2324
  stamp: 
    secs: 1548820815
    nsecs: 304797600
  frame_id: "base_link"
angle_min: -2.35619449615
angle_max: 2.35619449615
angle_increment: 0.00436332309619
time_increment: 1.73611151695e-05
scan_time: 0.0250000003725
range_min: 0.019999999553
range_max: 30.0
ranges: [0.2879999876022339, 0.2840000092983246, 0.2840000092983246, 0.2800000011920929, 0.2919999957084656, 0.2879999876022339, 0.28999999165534973, 0.2930000126361847, 0.2980000078678131, 0.28999999165534973, 0.289000004529953, 0.29100000858306885, 0.2930000126361847, 0.2809999883174896, 0.2720000147819519, 0.27300000190734863, 0.2680000066757202, 0.2529999911785126, 0.23600000143051147, 0.24699999392032623, 0.2680000066757202, 0.2800000011920929, 0.28700000047683716, 0.28200000524520874, 0.2770000100135803, 0.27399998903274536, 0.2759999930858612, 0.27399998903274536, 0.2840000092983246, 0.27799999713897705, 0.289000004529953, 0.2800000011920929, 0.2849999964237213, 0.2800000011920929, 0.28200000524520874, 0.2800000011920929, 0.2809999883174896, 0.2809999883174896, 0.28299999237060547, 0.2849999964237213, 0.2840000092983246, 0.28299999237060547, 0.27900001406669617, 0.27900001406669617, 0.2770000100135803, 0.2750000059604645, 0.2750000059604645, 0.2800000011920929, 0.27900001406669617, 0.2759999930858612, 0.2759999930858612, 0.27399998903274536, 0.2750000059604645, 0.27300000190734863, 0.2709999978542328, 0.26899999380111694, 0.26899999380111694, 0.2680000066757202, 0.2720000147819519, 0.2720000147819519, 0.2720000147819519, 0.2680000066757202, 0.27000001072883606, 0.27399998903274536, 0.26499998569488525, 0.26899999380111694, 0.26899999380111694, 0.2709999978542328, 0.2720000147819519, 0.27300000190734863, 0.27300000190734863, 0.2770000100135803, 0.27000001072883606, 0.2720000147819519, 0.27300000190734863, 0.27399998903274536, 0.27399998903274536, 0.2709999978542328, 0.27000001072883606, 0.2709999978542328, 0.2750000059604645, 0.2750000059604645, 0.27399998903274536, 0.27000001072883606, 0.2709999978542328, 0.27000001072883606, 0.26899999380111694, 0.2680000066757202, 0.2680000066757202, 0.26899999380111694, 0.2759999930858612, 0.2750000059604645, 0.2680000066757202, 0.2619999945163727, 0.26499998569488525, 0.2680000066757202, 0.2669999897480011, 0.26600000262260437, 0.26600000262260437, 0.26600000262260437, 0.26499998569488525, 0.26499998569488525, 0.2669999897480011, 0.27000001072883606, 0.2669999897480011, 0.26499998569488525, 0.26100000739097595, 0.2590000033378601, 0.25600001215934753, 0.26499998569488525, 0.26499998569488525, 0.2639999985694885, 0.2630000114440918, 0.2680000066757202, 0.26600000262260437, 0.25999999046325684, 0.25999999046325684, 0.2639999985694885, 0.27000001072883606, 0.27000001072883606, 0.27000001072883606, 0.26899999380111694, 0.2669999897480011, 0.2639999985694885, 0.26100000739097595, 0.25999999046325684, 0.2639999985694885, 0.2669999897480011, 0.2669999897480011, 0.26600000262260437, 0.26499998569488525, 0.2619999945163727, 0.2619999945163727, 0.2619999945163727, 0.26499998569488525, 0.2639999985694885, 0.26600000262260437, 0.26600000262260437, 0.26600000262260437, 0.2669999897480011, 0.26499998569488525, 0.2630000114440918, 0.2630000114440918, 0.2630000114440918, 0.26100000739097595, 0.26100000739097595, 0.2619999945163727, 0.26100000739097595, 0.26100000739097595, 0.26100000739097595, 0.2619999945163727, 0.25999999046325684, 0.25999999046325684, 0.2630000114440918, 0.2639999985694885, 0.2630000114440918, 0.2619999945163727, 0.25999999046325684, 0.26100000739097595, 0.26100000739097595, 0.2639999985694885, 0.26499998569488525, 0.2639999985694885, 0.25999999046325684, 0.25200000405311584, 0.2549999952316284, 0.2619999945163727, 0.2630000114440918, 0.2639999985694885, 0.26100000739097595, 0.257999986410141, 0.257999986410141, 0.257999986410141, 0.2590000033378601, 0.26100000739097595, 0.2639999985694885, 0.2630000114440918, 0.26499998569488525, 0.26100000739097595, 0.26100000739097595, 0.26100000739097595, 0.2619999945163727, 0.25699999928474426, 0.25999999046325684, 0.2639999985694885, 0.2619999945163727, 0.26100000739097595, 0.25999999046325684, 0.25999999046325684, 0.2590000033378601, 0.26100000739097595, 0.2619999945163727, 0.26100000739097595, 0.25999999046325684, 0.2709999978542328, 0.2669999897480011, 0.2639999985694885, 0.26100000739097595, 0.2680000066757202, 0.2709999978542328, 0.26899999380111694, 0.2680000066757202, 0.26499998569488525, 0.26499998569488525, 0.2639999985694885, 0.2720000147819519, 0.2720000147819519, 0.27399998903274536, 0.27799999713897705, 0.27399998903274536, 0.27000001072883606, 0.27000001072883606, 0.2750000059604645, 0.2770000100135803, 0.2770000100135803, 0.2759999930858612, 0.28600001335144043, 0.2759999930858612, 0.27900001406669617, 0.2759999930858612, 0.27900001406669617, 0.28200000524520874, 0.28600001335144043, 0.28999999165534973, 0.28700000047683716, 0.29499998688697815, 0.28700000047683716, 0.2919999957084656, 0.2930000126361847, 0.28999999165534973, 0.2930000126361847, 0.2930000126361847, 0.2980000078678131, 0.29600000381469727, 0.2939999997615814, 0.29600000381469727, 0.29100000858306885, 0.29100000858306885, 0.2930000126361847, 0.29600000381469727, 0.2980000078678131, 0.30000001192092896, 0.30399999022483826, 0.3059999942779541, 0.30300000309944153, 0.30000001192092896, 0.3019999861717224, 0.3059999942779541, 0.3009999990463257, 0.3009999990463257, 0.3070000112056732, 0.3070000112056732, 0.3070000112056732, 0.3070000112056732, 0.31700000166893005, 0.31700000166893005, 0.3190000057220459, 0.31700000166893005, 0.31700000166893005, 0.31700000166893005, 0.3149999976158142, 0.3149999976158142, 0.31700000166893005, 0.3199999928474426, 0.3190000057220459, 0.3179999887943268, 0.3190000057220459, 0.3190000057220459, 0.32100000977516174, 0.32899999618530273, 0.32899999618530273, 0.33000001311302185, 0.3319999873638153, 0.33799999952316284, 0.33799999952316284, 0.33899998664855957, 0.3409999907016754, 0.3400000035762787, 0.3400000035762787, 0.33899998664855957, 0.3409999907016754, 0.3409999907016754, 0.33899998664855957, 0.335999995470047, 0.34700000286102295, 0.35100001096725464, 0.35499998927116394, 0.3449999988079071, 0.3499999940395355, 0.3499999940395355, 0.35100001096725464, 0.35100001096725464, 0.3529999852180481, 0.35600000619888306, 0.36000001430511475, 0.3619999885559082, 0.36500000953674316, 0.3630000054836273, 0.3610000014305115, 0.36500000953674316, 0.367000013589859, 0.367000013589859, 0.36899998784065247, 0.3720000088214874, 0.37400001287460327, 0.37400001287460327, 0.3799999952316284, 0.37400001287460327, 0.375, 0.39100000262260437, 0.38600000739097595, 0.382999986410141, 0.38600000739097595, 0.39100000262260437, 0.39100000262260437, 0.3959999978542328, 0.4020000100135803, 0.4050000011920929, 0.4050000011920929, 0.4059999883174896, 0.4129999876022339, 0.414000004529953, 0.41600000858306885, 0.4230000078678131, 0.43299999833106995, 0.4390000104904175, 0.4390000104904175, 0.4390000104904175, 0.43799999356269836, 0.43799999356269836, 0.44200000166893005, 0.44200000166893005, 0.44200000166893005, 0.4429999887943268, 0.45100000500679016, 0.4519999921321869, 0.45899999141693115, 0.453000009059906, 0.45399999618530273, 0.46000000834465027, 0.460999995470047, 0.4620000123977661, 0.4659999907016754, 0.46799999475479126, 0.4690000116825104, 0.47200000286102295, 0.4819999933242798, 0.4880000054836273, 0.4909999966621399, 0.4909999966621399, 0.5090000033378601, 0.5059999823570251, 0.5059999823570251, 0.5090000033378601, 0.5149999856948853, 0.5139999985694885, 0.5149999856948853, 0.527999997138977, 0.5320000052452087, 0.5350000262260437, 0.5379999876022339, 0.550000011920929, 0.5479999780654907, 0.5540000200271606, 0.5509999990463257, 0.550000011920929, 0.5529999732971191, 0.5609999895095825, 0.5699999928474426, 0.574999988079071, 0.5809999704360962, 0.5879999995231628, 0.5960000157356262, 0.6019999980926514, 0.6029999852180481, 0.6129999756813049, 0.6209999918937683, 0.6299999952316284, 0.6340000033378601, 0.6389999985694885, 0.6470000147819519, 0.6499999761581421, 0.6520000100135803, 0.6579999923706055, 0.6690000295639038, 0.6819999814033508, 0.6850000023841858, 0.6919999718666077, 0.6970000267028809, 0.7059999704360962, 0.7080000042915344, 0.7179999947547913, 0.7300000190734863, 0.7400000095367432, 0.7490000128746033, 0.7549999952316284, 0.7620000243186951, 0.7829999923706055, 0.7889999747276306, 0.796999990940094, 0.8040000200271606, 0.8190000057220459, 0.8240000009536743, 0.8289999961853027, 0.8529999852180481, 0.8629999756813049, 0.8730000257492065, 0.890999972820282, 0.9020000100135803, 0.9240000247955322, 0.9290000200271606, 0.9369999766349792, 0.9629999995231628, 0.9850000143051147, 0.9959999918937683, 1.0099999904632568, 1.0850000381469727, 1.1549999713897705, 1.2760000228881836, 1.5449999570846558, 1.6779999732971191, 2.0799999237060547, 2.0889999866485596, 2.0950000286102295, 2.0980000495910645, 2.1029999256134033, 2.0940001010894775, 2.0940001010894775, 2.0950000286102295, 2.0989999771118164, 2.0969998836517334, 2.0980000495910645, 2.0999999046325684, 2.0920000076293945, 2.0889999866485596, 2.0799999237060547, 2.0850000381469727, 2.0850000381469727, 2.0859999656677246, 2.0840001106262207, 2.0840001106262207, 2.075000047683716, 2.068000078201294, 2.071000099182129, 2.071000099182129, 2.072000026702881, 2.072999954223633, 2.069999933242798, 2.068000078201294, 2.066999912261963, 2.068000078201294, 2.068000078201294, 2.055000066757202, 2.055000066757202, 2.058000087738037, 2.056999921798706, 2.053999900817871, 2.055000066757202, 2.052999973297119, 2.053999900817871, 2.049999952316284, 2.0420000553131104, 2.0390000343322754, 2.0390000343322754, 2.0450000762939453, 2.0399999618530273, 2.0360000133514404, 2.0309998989105225, 2.0309998989105225, 2.0350000858306885, 2.0199999809265137, 2.0190000534057617, 2.0169999599456787, 2.015000104904175, 2.0139999389648438, 2.0139999389648438, 2.007999897003174, 2.003999948501587, 2.009000062942505, 2.003000020980835, 1.9919999837875366, 1.9919999837875366, 1.9889999628067017, 1.9859999418258667, 1.9789999723434448, 1.975000023841858, 1.975000023841858, 1.968000054359436, 1.9670000076293945, 1.9539999961853027, 1.9539999961853027, 1.9529999494552612, 1.9520000219345093, 1.9520000219345093, 1.940000057220459, 1.937000036239624, 1.930999994277954, 1.9299999475479126, 1.9299999475479126, 1.9210000038146973, 1.9199999570846558, 1.9149999618530273, 1.9129999876022339, 1.906000018119812, 1.8969999551773071, 1.899999976158142, 1.8930000066757202, 1.8819999694824219, 1.8769999742507935, 1.8760000467300415, 1.875, 1.8660000562667847, 1.8630000352859497, 1.8589999675750732, 1.8480000495910645, 1.843000054359436, 1.840999960899353, 1.8359999656677246, 1.8350000381469727, 1.8289999961853027, 1.8240000009536743, 1.8220000267028809, 1.8079999685287476, 1.8040000200271606, 1.7999999523162842, 1.7940000295639038, 1.784999966621399, 1.7829999923706055, 1.7730000019073486, 1.7669999599456787, 1.7599999904632568, 1.7589999437332153, 1.7430000305175781, 1.7400000095367432, 1.7369999885559082, 1.7380000352859497, 1.7230000495910645, 1.7130000591278076, 1.7139999866485596, 1.7070000171661377, 1.6990000009536743, 1.6929999589920044, 1.6829999685287476, 1.6799999475479126, 1.6779999732971191, 1.6679999828338623, 1.656999945640564, 1.6519999504089355, 1.6449999809265137, 1.6330000162124634, 1.628000020980835, 1.6200000047683716, 1.6059999465942383, 1.597000002861023, 1.5880000591278076, 1.5809999704360962, 1.5759999752044678, 1.5679999589920044, 1.5700000524520874, 1.5579999685287476, 1.5460000038146973, 1.5429999828338623, 1.531000018119812, 1.5160000324249268, 1.5149999856948853, 1.5089999437332153, 1.4980000257492065, 1.4910000562667847, 1.4880000352859497, 1.4780000448226929, 1.4609999656677246, 1.4570000171661377, 1.4490000009536743, 1.440000057220459, 1.434999942779541, 1.4190000295639038, 1.4049999713897705, 1.3960000276565552, 1.3869999647140503, 1.3819999694824219, 1.371000051498413, 1.3569999933242798, 1.3480000495910645, 1.343000054359436, 1.3320000171661377, 1.315999984741211, 1.3070000410079956, 1.2869999408721924, 1.2730000019073486, 1.2680000066757202, 1.2599999904632568, 1.2580000162124634, 1.246999979019165, 1.2289999723434448, 1.2269999980926514, 1.2239999771118164, 1.2070000171661377, 1.2009999752044678, 1.1959999799728394, 1.1759999990463257, 1.1660000085830688, 1.1619999408721924, 1.159999966621399, 1.156999945640564, 1.1319999694824219, 1.1200000047683716, 1.1119999885559082, 1.1009999513626099, 1.097000002861023, 1.097000002861023, 1.090000033378601, 1.0820000171661377, 1.0759999752044678, 1.0709999799728394, 1.0640000104904175, 1.059999942779541, 1.0570000410079956, 1.0520000457763672, 1.0460000038146973, 1.0420000553131104, 1.0379999876022339, 1.031999945640564, 1.0210000276565552, 1.0110000371932983, 1.003000020980835, 0.9990000128746033, 0.9940000176429749, 0.9879999756813049, 0.9829999804496765, 0.9810000061988831, 0.9850000143051147, 0.9879999756813049, 0.9779999852180481, 0.9610000252723694, 0.9559999704360962, 0.953000009059906, 0.9419999718666077, 0.9409999847412109, 0.9419999718666077, 0.9399999976158142, 0.9380000233650208, 0.9340000152587891, 0.9300000071525574, 0.9269999861717224, 0.9229999780654907, 0.9129999876022339, 0.9089999794960022, 0.9070000052452087, 0.9070000052452087, 0.9020000100135803, 0.8920000195503235, 0.8899999856948853, 0.8809999823570251, 0.8769999742507935, 0.8790000081062317, 0.8759999871253967, 0.871999979019165, 0.8709999918937683, 0.8669999837875366, 0.8640000224113464, 0.8569999933242798, 0.8560000061988831, 0.8529999852180481, 0.8519999980926514, 0.8500000238418579, 0.8410000205039978, 0.8479999899864197, 0.8370000123977661, 0.8360000252723694, 0.8370000123977661, 0.8320000171661377, 0.8270000219345093, 0.8209999799728394, 0.8220000267028809, 0.8209999799728394, 0.8149999976158142, 0.8069999814033508, 0.8080000281333923, 0.8050000071525574, 0.8009999990463257, 0.800000011920929, 0.7990000247955322, 0.7950000166893005, 0.7839999794960022, 0.7860000133514404, 0.7839999794960022, 0.7839999794960022, 0.7760000228881836, 0.7699999809265137, 0.7739999890327454, 0.7739999890327454, 0.7670000195503235, 0.7720000147819519, 0.7639999985694885, 0.7609999775886536, 0.7599999904632568, 0.7620000243186951, 0.7620000243186951, 0.7649999856948853, 0.7540000081062317, 0.7480000257492065, 0.7429999709129333, 0.7450000047683716, 0.7450000047683716, 0.7400000095367432, 0.7329999804496765, 0.7319999933242798, 0.7350000143051147, 0.7350000143051147, 0.7269999980926514, 0.7310000061988831, 0.7319999933242798, 0.7319999933242798, 0.7289999723434448, 0.7239999771118164, 0.7200000286102295, 0.7200000286102295, 0.7110000252723694, 0.7110000252723694, 0.7129999995231628, 0.7129999995231628, 0.7110000252723694, 0.7020000219345093, 0.7020000219345093, 0.7049999833106995, 0.7080000042915344, 0.7049999833106995, 0.6980000138282776, 0.6970000267028809, 0.6990000009536743, 0.7009999752044678, 0.6890000104904175, 0.6890000104904175, 0.6890000104904175, 0.6859999895095825, 0.6840000152587891, 0.6800000071525574, 0.6779999732971191, 0.6850000023841858, 0.6830000281333923, 0.6809999942779541, 0.6800000071525574, 0.6769999861717224, 0.6779999732971191, 0.6819999814033508, 0.6819999814033508, 0.6819999814033508, 0.6759999990463257, 0.6759999990463257, 0.671999990940094, 0.671999990940094, 0.6729999780654907, 0.6790000200271606, 0.6790000200271606, 0.6679999828338623, 0.6650000214576721, 0.6639999747276306, 0.6629999876022339, 0.6660000085830688, 0.6660000085830688, 0.6639999747276306, 0.6570000052452087, 0.6549999713897705, 0.6539999842643738, 0.671999990940094, 0.6620000004768372, 0.6620000004768372, 0.6600000262260437, 0.6589999794960022, 0.6579999923706055, 0.6570000052452087, 0.6579999923706055, 0.6600000262260437, 0.6610000133514404, 0.6589999794960022, 0.6570000052452087, 0.6570000052452087, 0.656000018119812, 0.6570000052452087, 0.6539999842643738, 0.6510000228881836, 0.6460000276565552, 0.6460000276565552, 0.6510000228881836, 0.6489999890327454, 0.6520000100135803, 0.6489999890327454, 0.6439999938011169, 0.6439999938011169, 0.6439999938011169, 0.6470000147819519, 0.6430000066757202, 0.6439999938011169, 0.640999972820282, 0.640999972820282, 0.6420000195503235, 0.640999972820282, 0.640999972820282, 0.6439999938011169, 0.6430000066757202, 0.6439999938011169, 0.6399999856948853, 0.6399999856948853, 0.6380000114440918, 0.6380000114440918, 0.640999972820282, 0.6430000066757202, 0.6399999856948853, 0.6380000114440918, 0.6370000243186951, 0.6370000243186951, 0.6399999856948853, 0.6399999856948853, 0.6399999856948853, 0.6389999985694885, 0.6349999904632568, 0.6340000033378601, 0.6359999775886536, 0.6370000243186951, 0.6420000195503235, 0.6470000147819519, 0.6399999856948853, 0.6359999775886536, 0.6359999775886536, 0.6359999775886536, 0.6370000243186951, 0.6359999775886536, 0.6389999985694885, 0.6389999985694885, 0.6389999985694885, 0.6380000114440918, 0.6359999775886536, 0.6370000243186951, 0.6370000243186951, 0.6380000114440918, 0.6420000195503235, 0.6399999856948853, 0.6399999856948853, 0.6389999985694885, 0.6359999775886536, 0.6320000290870667, 0.6359999775886536, 0.6470000147819519, 0.6470000147819519, 0.6420000195503235, 0.6359999775886536, 0.6359999775886536, 0.6359999775886536, 0.6399999856948853, 0.6399999856948853, 0.6399999856948853, 0.6399999856948853, 0.6439999938011169, 0.6430000066757202, 0.6439999938011169, 0.6399999856948853, 0.640999972820282, 0.6439999938011169, 0.6589999794960022, 0.6539999842643738, 0.6480000019073486, 0.6470000147819519, 0.6470000147819519, 0.6510000228881836, 0.6510000228881836, 0.6489999890327454, 0.6489999890327454, 0.6489999890327454, 0.6480000019073486, 0.6480000019073486, 0.6480000019073486, 0.6460000276565552, 0.6460000276565552, 0.6470000147819519, 0.6489999890327454, 0.652999997138977, 0.656000018119812, 0.6600000262260437, 0.6579999923706055, 0.6589999794960022, 0.6570000052452087, 0.6589999794960022, 0.6579999923706055, 0.6549999713897705, 0.6570000052452087, 0.6629999876022339, 0.6629999876022339, 0.6639999747276306, 0.6639999747276306, 0.6679999828338623, 0.6620000004768372, 0.6690000295639038, 0.6629999876022339, 0.6629999876022339, 0.6729999780654907, 0.671999990940094, 0.6710000038146973, 0.6710000038146973, 0.6620000004768372, 0.6610000133514404, 0.6700000166893005, 0.6700000166893005, 0.6710000038146973, 0.6700000166893005, 0.6679999828338623, 0.6700000166893005, 0.6710000038146973, 0.6690000295639038, 0.6679999828338623, 0.6679999828338623, 0.6679999828338623, 0.6700000166893005, 0.6729999780654907, 0.6710000038146973, 0.671999990940094, 0.6740000247955322, 0.6759999990463257, 0.6759999990463257, 0.6769999861717224, 0.6759999990463257, 0.6840000152587891, 0.6840000152587891, 0.6830000281333923, 0.6809999942779541, 0.6800000071525574, 0.6909999847412109, 0.6859999895095825, 0.6899999976158142, 0.6890000104904175, 0.6880000233650208, 0.6880000233650208, 0.6990000009536743, 0.7020000219345093, 0.7020000219345093, 0.7020000219345093, 0.703000009059906, 0.7049999833106995, 0.7120000123977661, 0.7099999785423279, 0.7009999752044678, 0.7120000123977661, 0.7160000205039978, 0.7129999995231628, 0.7110000252723694, 0.7179999947547913, 0.718999981880188, 0.722000002861023, 0.7170000076293945, 0.7200000286102295, 0.7229999899864197, 0.7229999899864197, 0.7260000109672546, 0.7300000190734863, 0.7300000190734863, 0.7260000109672546, 0.7260000109672546, 0.7300000190734863, 0.7360000014305115, 0.7450000047683716, 0.7409999966621399, 0.7440000176429749, 0.7419999837875366, 0.7419999837875366, 0.7459999918937683, 0.753000020980835, 0.7540000081062317, 0.7540000081062317, 0.7559999823570251, 0.7519999742507935, 0.7599999904632568, 0.7590000033378601, 0.7630000114440918, 0.7749999761581421, 0.7789999842643738, 0.7850000262260437, 0.7829999923706055, 0.7799999713897705, 0.7839999794960022, 0.7839999794960022, 0.7850000262260437, 0.7879999876022339, 0.7979999780654907, 0.796999990940094, 0.800000011920929, 0.7979999780654907, 0.8029999732971191, 0.8069999814033508, 0.8090000152587891, 0.8100000023841858, 0.8109999895095825, 0.8159999847412109, 0.8159999847412109, 0.8209999799728394, 0.8209999799728394, 0.8270000219345093, 0.824999988079071, 0.8299999833106995, 0.8339999914169312, 0.8379999995231628, 0.8429999947547913, 0.8420000076293945, 0.8420000076293945, 0.8460000157356262, 0.8479999899864197, 0.8500000238418579, 0.8479999899864197, 0.8519999980926514, 0.8569999933242798, 0.8659999966621399, 0.8619999885559082, 0.8579999804496765, 0.8550000190734863, 0.8600000143051147, 0.8600000143051147, 0.8629999756813049, 0.8679999709129333, 0.875, 0.875, 0.875, 0.8740000128746033, 0.8730000257492065, 0.8730000257492065, 0.8790000081062317, 0.8820000290870667, 0.8849999904632568, 0.8849999904632568, 0.8880000114440918, 0.8899999856948853, 0.890999972820282, 0.8880000114440918, 0.8889999985694885, 0.8980000019073486, 0.8949999809265137, 0.8949999809265137, 0.8999999761581421, 0.9100000262260437, 0.9110000133514404, 0.9129999876022339, 0.921999990940094, 0.9259999990463257, 0.9309999942779541, 0.9290000200271606, 0.9279999732971191, 0.9279999732971191, 0.9340000152587891, 0.9419999718666077, 0.9419999718666077, 0.9440000057220459, 0.9409999847412109, 0.9390000104904175, 0.9409999847412109, 0.9409999847412109, 0.9350000023841858, 0.9350000023841858, 0.9319999814033508, 0.9369999766349792, 0.9340000152587891, 0.9319999814033508, 0.9390000104904175, 0.9520000219345093, 0.9520000219345093, 0.949999988079071, 0.9660000205039978, 0.9660000205039978, 0.9700000286102295, 0.9739999771118164, 0.9779999852180481, 0.9779999852180481, 0.9819999933242798, 0.996999979019165, 0.996999979019165, 1.0049999952316284, 1.0080000162124634, 1.0110000371932983, 1.0130000114440918, 1.0049999952316284, 1.0089999437332153, 1.0210000276565552, 1.0240000486373901, 1.0269999504089355, 1.0329999923706055]
intensities: [1085.0, 1107.0, 1161.0, 1189.0, 1309.0, 1299.0, 1320.0, 1384.0, 1406.0, 1378.0, 1404.0, 1379.0, 1387.0, 1270.0, 1180.0, 1150.0, 1057.0, 936.0, 833.0, 847.0, 907.0, 946.0, 978.0, 1027.0, 1029.0, 1044.0, 1098.0, 1135.0, 1333.0, 1288.0, 1413.0, 1452.0, 1439.0, 1450.0, 1452.0, 1462.0, 1465.0, 1465.0, 1474.0, 1470.0, 1443.0, 1458.0, 1451.0, 1446.0, 1455.0, 1454.0, 1454.0, 1452.0, 1455.0, 1442.0, 1442.0, 1419.0, 1440.0, 1438.0, 1429.0, 1417.0, 1417.0, 1420.0, 1421.0, 1392.0, 1392.0, 1428.0, 1430.0, 1421.0, 1393.0, 1438.0, 1438.0, 1415.0, 1399.0, 1405.0, 1405.0, 1421.0, 1376.0, 1367.0, 1372.0, 1378.0, 1378.0, 1371.0, 1365.0, 1370.0, 1357.0, 1357.0, 1366.0, 1356.0, 1369.0, 1355.0, 1351.0, 1342.0, 1335.0, 1343.0, 1338.0, 1335.0, 1322.0, 1348.0, 1343.0, 1338.0, 1330.0, 1315.0, 1316.0, 1322.0, 1311.0, 1311.0, 1318.0, 1320.0, 1318.0, 1308.0, 1311.0, 1310.0, 1292.0, 1305.0, 1308.0, 1302.0, 1307.0, 1311.0, 1292.0, 1311.0, 1311.0, 1310.0, 1309.0, 1309.0, 1306.0, 1295.0, 1308.0, 1300.0, 1285.0, 1274.0, 1271.0, 1283.0, 1281.0, 1274.0, 1271.0, 1274.0, 1286.0, 1262.0, 1269.0, 1260.0, 1263.0, 1265.0, 1265.0, 1259.0, 1263.0, 1254.0, 1252.0, 1257.0, 1237.0, 1237.0, 1246.0, 1238.0, 1240.0, 1239.0, 1242.0, 1231.0, 1231.0, 1226.0, 1225.0, 1224.0, 1229.0, 1218.0, 1212.0, 1210.0, 1223.0, 1213.0, 1215.0, 1198.0, 1192.0, 1181.0, 1210.0, 1210.0, 1187.0, 1201.0, 1192.0, 1192.0, 1199.0, 1192.0, 1171.0, 1200.0, 1196.0, 1198.0, 1171.0, 1162.0, 1162.0, 1171.0, 1179.0, 1172.0, 1166.0, 1156.0, 1147.0, 1152.0, 1158.0, 1143.0, 1143.0, 1143.0, 1132.0, 1135.0, 1132.0, 1123.0, 1142.0, 1128.0, 1128.0, 1124.0, 1113.0, 1120.0, 1130.0, 1130.0, 1121.0, 1131.0, 1131.0, 1137.0, 1147.0, 1132.0, 1116.0, 1116.0, 1117.0, 1116.0, 1116.0, 1119.0, 1152.0, 1131.0, 1144.0, 1129.0, 1133.0, 1131.0, 1137.0, 1145.0, 1118.0, 1151.0, 1157.0, 1151.0, 1157.0, 1124.0, 1136.0, 1103.0, 1144.0, 1143.0, 1134.0, 1150.0, 1129.0, 1118.0, 1128.0, 1139.0, 1136.0, 1132.0, 1138.0, 1137.0, 1123.0, 1113.0, 1125.0, 1130.0, 1114.0, 1114.0, 1135.0, 1114.0, 1110.0, 1110.0, 1116.0, 1116.0, 1117.0, 1110.0, 1110.0, 1106.0, 1108.0, 1108.0, 1095.0, 1108.0, 1101.0, 1094.0, 1105.0, 1111.0, 1105.0, 1107.0, 1113.0, 1119.0, 1102.0, 1116.0, 1116.0, 1119.0, 1133.0, 1129.0, 1129.0, 1123.0, 1133.0, 1133.0, 1101.0, 1076.0, 1124.0, 1135.0, 1144.0, 1133.0, 1112.0, 1112.0, 1117.0, 1118.0, 1128.0, 1123.0, 1131.0, 1135.0, 1139.0, 1130.0, 1113.0, 1132.0, 1140.0, 1139.0, 1133.0, 1132.0, 1141.0, 1138.0, 1141.0, 1137.0, 1134.0, 1153.0, 1151.0, 1149.0, 1150.0, 1156.0, 1156.0, 1167.0, 1179.0, 1179.0, 1181.0, 1183.0, 1188.0, 1193.0, 1196.0, 1217.0, 1238.0, 1236.0, 1237.0, 1222.0, 1227.0, 1227.0, 1231.0, 1238.0, 1231.0, 1230.0, 1227.0, 1214.0, 1207.0, 1197.0, 1193.0, 1177.0, 1164.0, 1165.0, 1175.0, 1177.0, 1173.0, 1176.0, 1172.0, 1188.0, 1192.0, 1168.0, 1205.0, 1204.0, 1214.0, 1225.0, 1222.0, 1239.0, 1243.0, 1233.0, 1254.0, 1268.0, 1253.0, 1220.0, 1196.0, 1212.0, 1176.0, 1182.0, 1180.0, 1178.0, 1159.0, 1180.0, 1173.0, 1183.0, 1184.0, 1192.0, 1171.0, 1188.0, 1215.0, 1241.0, 1256.0, 1241.0, 1239.0, 1253.0, 1246.0, 1244.0, 1217.0, 1214.0, 1196.0, 1189.0, 1164.0, 1196.0, 1188.0, 1160.0, 1148.0, 1133.0, 1103.0, 1119.0, 1105.0, 1101.0, 1108.0, 1090.0, 1091.0, 1109.0, 1102.0, 1077.0, 1112.0, 1119.0, 1098.0, 1108.0, 1093.0, 1091.0, 1093.0, 1090.0, 1090.0, 1128.0, 1109.0, 1117.0, 1354.0, 1439.0, 1413.0, 1286.0, 1223.0, 1049.0, 1041.0, 1034.0, 1034.0, 1057.0, 1033.0, 1037.0, 1034.0, 1049.0, 1046.0, 1053.0, 1075.0, 1070.0, 1079.0, 1060.0, 1073.0, 1088.0, 1095.0, 1092.0, 1095.0, 1094.0, 1087.0, 1086.0, 1088.0, 1090.0, 1101.0, 1098.0, 1095.0, 1091.0, 1088.0, 1095.0, 1090.0, 1090.0, 1101.0, 1101.0, 1094.0, 1093.0, 1091.0, 1094.0, 1094.0, 1092.0, 1099.0, 1098.0, 1102.0, 1091.0, 1081.0, 1103.0, 1103.0, 1114.0, 1094.0, 1118.0, 1105.0, 1093.0, 1090.0, 1098.0, 1103.0, 1085.0, 1109.0, 1112.0, 1106.0, 1099.0, 1101.0, 1094.0, 1091.0, 1093.0, 1104.0, 1088.0, 1093.0, 1097.0, 1099.0, 1112.0, 1106.0, 1101.0, 1093.0, 1101.0, 1108.0, 1099.0, 1100.0, 1100.0, 1101.0, 1107.0, 1112.0, 1111.0, 1111.0, 1110.0, 1113.0, 1118.0, 1105.0, 1124.0, 1123.0, 1114.0, 1103.0, 1103.0, 1114.0, 1110.0, 1122.0, 1120.0, 1116.0, 1117.0, 1112.0, 1122.0, 1115.0, 1133.0, 1115.0, 1108.0, 1116.0, 1124.0, 1122.0, 1112.0, 1106.0, 1115.0, 1114.0, 1115.0, 1116.0, 1116.0, 1124.0, 1121.0, 1119.0, 1117.0, 1120.0, 1119.0, 1108.0, 1122.0, 1112.0, 1120.0, 1111.0, 1111.0, 1116.0, 1121.0, 1117.0, 1118.0, 1118.0, 1117.0, 1104.0, 1110.0, 1122.0, 1095.0, 1116.0, 1129.0, 1118.0, 1127.0, 1105.0, 1106.0, 1110.0, 1097.0, 1108.0, 1093.0, 1095.0, 1100.0, 1120.0, 1113.0, 1097.0, 1100.0, 1105.0, 1108.0, 1114.0, 1097.0, 1112.0, 1109.0, 1111.0, 1104.0, 1108.0, 1100.0, 1103.0, 1111.0, 1110.0, 1110.0, 1119.0, 1107.0, 1111.0, 1114.0, 1122.0, 1112.0, 1116.0, 1135.0, 1123.0, 1129.0, 1123.0, 1129.0, 1134.0, 1137.0, 1143.0, 1138.0, 1123.0, 1126.0, 1128.0, 1132.0, 1129.0, 1133.0, 1126.0, 1144.0, 1159.0, 1156.0, 1165.0, 1159.0, 1189.0, 1170.0, 1189.0, 1190.0, 1191.0, 1204.0, 1203.0, 1215.0, 1220.0, 1241.0, 1246.0, 1245.0, 1256.0, 1254.0, 1260.0, 1273.0, 1264.0, 1269.0, 1269.0, 1280.0, 1277.0, 1281.0, 1284.0, 1291.0, 1299.0, 1303.0, 1314.0, 1313.0, 1326.0, 1312.0, 1337.0, 1335.0, 1341.0, 1350.0, 1338.0, 1350.0, 1362.0, 1363.0, 1360.0, 1369.0, 1400.0, 1392.0, 1399.0, 1402.0, 1394.0, 1385.0, 1407.0, 1417.0, 1411.0, 1411.0, 1435.0, 1440.0, 1455.0, 1458.0, 1457.0, 1468.0, 1470.0, 1472.0, 1470.0, 1476.0, 1495.0, 1499.0, 1497.0, 1511.0, 1505.0, 1513.0, 1518.0, 1529.0, 1523.0, 1525.0, 1522.0, 1526.0, 1534.0, 1539.0, 1551.0, 1554.0, 1565.0, 1566.0, 1548.0, 1568.0, 1567.0, 1567.0, 1585.0, 1579.0, 1593.0, 1586.0, 1576.0, 1582.0, 1592.0, 1594.0, 1585.0, 1614.0, 1620.0, 1618.0, 1630.0, 1629.0, 1631.0, 1633.0, 1635.0, 1626.0, 1632.0, 1636.0, 1636.0, 1641.0, 1641.0, 1641.0, 1642.0, 1642.0, 1643.0, 1644.0, 1651.0, 1645.0, 1643.0, 1645.0, 1645.0, 1640.0, 1649.0, 1649.0, 1650.0, 1650.0, 1649.0, 1650.0, 1669.0, 1661.0, 1660.0, 1663.0, 1662.0, 1659.0, 1658.0, 1653.0, 1664.0, 1660.0, 1660.0, 1674.0, 1674.0, 1672.0, 1683.0, 1683.0, 1693.0, 1691.0, 1687.0, 1684.0, 1675.0, 1670.0, 1669.0, 1676.0, 1666.0, 1663.0, 1665.0, 1660.0, 1660.0, 1659.0, 1663.0, 1659.0, 1666.0, 1662.0, 1662.0, 1661.0, 1663.0, 1663.0, 1662.0, 1665.0, 1683.0, 1674.0, 1665.0, 1666.0, 1661.0, 1659.0, 1660.0, 1665.0, 1665.0, 1668.0, 1674.0, 1674.0, 1678.0, 1673.0, 1671.0, 1675.0, 1675.0, 1670.0, 1675.0, 1675.0, 1665.0, 1662.0, 1667.0, 1668.0, 1668.0, 1670.0, 1670.0, 1669.0, 1679.0, 1668.0, 1671.0, 1674.0, 1671.0, 1668.0, 1660.0, 1660.0, 1664.0, 1664.0, 1663.0, 1670.0, 1671.0, 1671.0, 1668.0, 1663.0, 1661.0, 1655.0, 1641.0, 1657.0, 1651.0, 1647.0, 1656.0, 1655.0, 1633.0, 1641.0, 1620.0, 1604.0, 1588.0, 1610.0, 1619.0, 1601.0, 1576.0, 1566.0, 1567.0, 1568.0, 1551.0, 1542.0, 1545.0, 1536.0, 1530.0, 1539.0, 1539.0, 1539.0, 1525.0, 1506.0, 1512.0, 1509.0, 1501.0, 1477.0, 1477.0, 1482.0, 1498.0, 1505.0, 1510.0, 1470.0, 1462.0, 1471.0, 1471.0, 1475.0, 1446.0, 1435.0, 1440.0, 1440.0, 1453.0, 1437.0, 1438.0, 1440.0, 1435.0, 1423.0, 1417.0, 1403.0, 1405.0, 1401.0, 1405.0, 1401.0, 1395.0, 1395.0, 1398.0, 1400.0, 1400.0, 1401.0, 1402.0, 1387.0, 1377.0, 1374.0, 1391.0, 1391.0, 1372.0, 1358.0, 1364.0, 1371.0, 1334.0, 1339.0, 1356.0, 1363.0, 1346.0, 1356.0, 1339.0, 1339.0, 1323.0, 1316.0, 1312.0, 1315.0, 1314.0, 1306.0, 1299.0, 1284.0, 1291.0, 1298.0, 1294.0, 1294.0, 1279.0, 1274.0, 1288.0, 1300.0, 1294.0, 1276.0, 1269.0, 1285.0, 1266.0, 1270.0, 1261.0, 1260.0, 1260.0, 1257.0, 1264.0, 1264.0, 1261.0, 1255.0, 1238.0, 1235.0, 1236.0, 1248.0, 1256.0, 1248.0, 1261.0, 1247.0, 1244.0, 1225.0, 1238.0, 1222.0, 1231.0, 1233.0, 1229.0, 1229.0, 1237.0, 1237.0, 1223.0, 1203.0, 1222.0, 1232.0, 1225.0, 1219.0, 1213.0, 1201.0, 1201.0, 1222.0, 1216.0, 1208.0, 1208.0, 1217.0, 1211.0, 1222.0, 1212.0, 1203.0, 1213.0, 1214.0, 1231.0, 1245.0, 1233.0, 1239.0, 1225.0, 1222.0, 1217.0, 1213.0, 1214.0, 1233.0, 1224.0, 1236.0, 1240.0, 1229.0, 1228.0, 1219.0, 1226.0, 1226.0, 1211.0, 1211.0, 1221.0, 1202.0, 1204.0, 1202.0, 1189.0, 1207.0, 1213.0, 1220.0, 1206.0, 1201.0, 1203.0, 1193.0, 1193.0, 1203.0, 1219.0, 1205.0, 1201.0, 1192.0, 1194.0, 1217.0, 1233.0, 1219.0, 1221.0, 1222.0, 1225.0, 1209.0, 1194.0, 1194.0, 1226.0, 1225.0, 1225.0, 1225.0, 1242.0, 1232.0, 1232.0, 1230.0, 1245.0, 1210.0, 1237.0, 1237.0, 1246.0, 1241.0, 1252.0, 1264.0, 1258.0, 1256.0, 1263.0, 1256.0, 1268.0, 1280.0, 1276.0, 1279.0, 1270.0, 1274.0, 1277.0, 1275.0, 1277.0, 1277.0, 1278.0, 1271.0, 1281.0, 1275.0, 1280.0, 1281.0, 1277.0, 1281.0, 1281.0, 1275.0, 1279.0, 1279.0, 1276.0, 1266.0, 1269.0, 1262.0, 1266.0, 1257.0, 1252.0, 1260.0, 1261.0, 1262.0, 1273.0, 1260.0, 1262.0, 1275.0, 1270.0, 1282.0, 1281.0]