header: 
  seq: 2155
  stamp: 
    secs: 1548820811
    nsecs:  69086271
  frame_id: "base_link"
angle_min: -2.35619449615
angle_max: 2.35619449615
angle_increment: 0.00436332309619
time_increment: 1.73611151695e-05
scan_time: 0.0250000003725
range_min: 0.019999999553
range_max: 30.0
ranges: [0.4399999976158142, 0.4449999928474426, 0.4399999976158142, 0.4399999976158142, 0.4399999976158142, 0.4480000138282776, 0.4490000009536743, 0.45100000500679016, 0.4449999928474426, 0.44200000166893005, 0.4399999976158142, 0.4359999895095825, 0.4359999895095825, 0.4320000112056732, 0.42100000381469727, 0.4180000126361847, 0.38199999928474426, 0.367000013589859, 0.33399999141693115, 0.3160000145435333, 0.32899999618530273, 0.3880000114440918, 0.42100000381469727, 0.4269999861717224, 0.4320000112056732, 0.4390000104904175, 0.4410000145435333, 0.4300000071525574, 0.42399999499320984, 0.4259999990463257, 0.4350000023841858, 0.4359999895095825, 0.43700000643730164, 0.43700000643730164, 0.4309999942779541, 0.4339999854564667, 0.42800000309944153, 0.42800000309944153, 0.42399999499320984, 0.4309999942779541, 0.43299999833106995, 0.43299999833106995, 0.4309999942779541, 0.42800000309944153, 0.41999998688697815, 0.421999990940094, 0.4269999861717224, 0.4259999990463257, 0.4259999990463257, 0.4320000112056732, 0.4320000112056732, 0.4259999990463257, 0.421999990940094, 0.421999990940094, 0.42500001192092896, 0.421999990940094, 0.421999990940094, 0.42800000309944153, 0.4269999861717224, 0.4269999861717224, 0.4269999861717224, 0.41999998688697815, 0.41999998688697815, 0.42100000381469727, 0.421999990940094, 0.4259999990463257, 0.42800000309944153, 0.4269999861717224, 0.42399999499320984, 0.42500001192092896, 0.4320000112056732, 0.43299999833106995, 0.43299999833106995, 0.4300000071525574, 0.4259999990463257, 0.42399999499320984, 0.42399999499320984, 0.41999998688697815, 0.421999990940094, 0.421999990940094, 0.4259999990463257, 0.42800000309944153, 0.4309999942779541, 0.42800000309944153, 0.4300000071525574, 0.421999990940094, 0.42399999499320984, 0.4230000078678131, 0.42399999499320984, 0.4230000078678131, 0.4259999990463257, 0.42100000381469727, 0.421999990940094, 0.4189999997615814, 0.41600000858306885, 0.4169999957084656, 0.414000004529953, 0.4189999997615814, 0.4189999997615814, 0.4129999876022339, 0.4189999997615814, 0.4259999990463257, 0.4129999876022339, 0.4180000126361847, 0.4230000078678131, 0.42399999499320984, 0.42500001192092896, 0.4259999990463257, 0.4339999854564667, 0.421999990940094, 0.42399999499320984, 0.421999990940094, 0.42100000381469727, 0.4189999997615814, 0.4189999997615814, 0.42399999499320984, 0.41999998688697815, 0.4129999876022339, 0.41100001335144043, 0.41200000047683716, 0.4189999997615814, 0.42899999022483826, 0.42899999022483826, 0.42500001192092896, 0.4129999876022339, 0.4099999964237213, 0.4099999964237213, 0.42500001192092896, 0.42500001192092896, 0.42500001192092896, 0.4269999861717224, 0.4339999854564667, 0.43299999833106995, 0.4309999942779541, 0.4309999942779541, 0.4309999942779541, 0.43299999833106995, 0.43700000643730164, 0.43700000643730164, 0.4339999854564667, 0.4300000071525574, 0.4269999861717224, 0.4300000071525574, 0.4320000112056732, 0.4320000112056732, 0.4320000112056732, 0.4399999976158142, 0.4320000112056732, 0.4309999942779541, 0.4339999854564667, 0.43700000643730164, 0.44699999690055847, 0.4480000138282776, 0.4339999854564667, 0.4350000023841858, 0.4410000145435333, 0.4410000145435333, 0.4449999928474426, 0.4399999976158142, 0.44600000977516174, 0.4359999895095825, 0.4359999895095825, 0.4410000145435333, 0.4410000145435333, 0.4309999942779541, 0.4309999942779541, 0.43799999356269836, 0.44200000166893005, 0.44600000977516174, 0.4480000138282776, 0.44200000166893005, 0.4449999928474426, 0.4480000138282776, 0.4390000104904175, 0.4399999976158142, 0.43700000643730164, 0.43799999356269836, 0.4449999928474426, 0.44699999690055847, 0.4449999928474426, 0.45100000500679016, 0.4519999921321869, 0.45399999618530273, 0.453000009059906, 0.44699999690055847, 0.44200000166893005, 0.4410000145435333, 0.44200000166893005, 0.44200000166893005, 0.4569999873638153, 0.4429999887943268, 0.44999998807907104, 0.4490000009536743, 0.4490000009536743, 0.44699999690055847, 0.44699999690055847, 0.45100000500679016, 0.453000009059906, 0.4569999873638153, 0.4560000002384186, 0.4519999921321869, 0.45100000500679016, 0.4560000002384186, 0.46000000834465027, 0.460999995470047, 0.45399999618530273, 0.45100000500679016, 0.44999998807907104, 0.44999998807907104, 0.4560000002384186, 0.4620000123977661, 0.46000000834465027, 0.460999995470047, 0.4620000123977661, 0.4620000123977661, 0.4659999907016754, 0.47099998593330383, 0.4729999899864197, 0.46700000762939453, 0.47200000286102295, 0.47200000286102295, 0.4729999899864197, 0.47600001096725464, 0.4779999852180481, 0.47699999809265137, 0.47999998927116394, 0.4819999933242798, 0.4860000014305115, 0.4869999885559082, 0.48899999260902405, 0.49000000953674316, 0.48899999260902405, 0.48899999260902405, 0.4880000054836273, 0.4909999966621399, 0.4959999918937683, 0.4970000088214874, 0.5, 0.49900001287460327, 0.49900001287460327, 0.5040000081062317, 0.5040000081062317, 0.5049999952316284, 0.5080000162124634, 0.5090000033378601, 0.5149999856948853, 0.5149999856948853, 0.5109999775886536, 0.5080000162124634, 0.5099999904632568, 0.5109999775886536, 0.5099999904632568, 0.5199999809265137, 0.5189999938011169, 0.5220000147819519, 0.5220000147819519, 0.5329999923706055, 0.5329999923706055, 0.5249999761581421, 0.5360000133514404, 0.5379999876022339, 0.5419999957084656, 0.5419999957084656, 0.5440000295639038, 0.5490000247955322, 0.546999990940094, 0.546999990940094, 0.5509999990463257, 0.5590000152587891, 0.5580000281333923, 0.5640000104904175, 0.5609999895095825, 0.5649999976158142, 0.5619999766349792, 0.5649999976158142, 0.5720000267028809, 0.5730000138282776, 0.5709999799728394, 0.5870000123977661, 0.5889999866485596, 0.5920000076293945, 0.578000009059906, 0.5860000252723694, 0.5950000286102295, 0.5979999899864197, 0.5989999771118164, 0.6050000190734863, 0.6050000190734863, 0.6060000061988831, 0.6079999804496765, 0.609000027179718, 0.6140000224113464, 0.6200000047683716, 0.6200000047683716, 0.621999979019165, 0.6209999918937683, 0.6230000257492065, 0.6299999952316284, 0.640999972820282, 0.6449999809265137, 0.6449999809265137, 0.6449999809265137, 0.6470000147819519, 0.6520000100135803, 0.6669999957084656, 0.6650000214576721, 0.6570000052452087, 0.6539999842643738, 0.6669999957084656, 0.6700000166893005, 0.6759999990463257, 0.6790000200271606, 0.6840000152587891, 0.6859999895095825, 0.6890000104904175, 0.699999988079071, 0.7070000171661377, 0.7080000042915344, 0.7099999785423279, 0.7160000205039978, 0.7170000076293945, 0.718999981880188, 0.7300000190734863, 0.734000027179718, 0.7319999933242798, 0.7379999756813049, 0.7369999885559082, 0.7440000176429749, 0.7519999742507935, 0.7609999775886536, 0.7689999938011169, 0.777999997138977, 0.7839999794960022, 0.7889999747276306, 0.7929999828338623, 0.8019999861717224, 0.8100000023841858, 0.8069999814033508, 0.8180000185966492, 0.8240000009536743, 0.8270000219345093, 0.8379999995231628, 0.8420000076293945, 0.8510000109672546, 0.8600000143051147, 0.8679999709129333, 0.871999979019165, 0.878000020980835, 0.8870000243186951, 0.8920000195503235, 0.9110000133514404, 0.9200000166893005, 0.9229999780654907, 0.9240000247955322, 0.9319999814033508, 0.9409999847412109, 0.9589999914169312, 0.9620000123977661, 0.9670000076293945, 0.9760000109672546, 0.9919999837875366, 0.9980000257492065, 1.0110000371932983, 1.0180000066757202, 1.0290000438690186, 1.031999945640564, 1.0460000038146973, 1.0579999685287476, 1.0779999494552612, 1.0889999866485596, 1.0959999561309814, 1.1089999675750732, 1.1230000257492065, 1.125, 1.1430000066757202, 1.1540000438690186, 1.1720000505447388, 1.1929999589920044, 1.2070000171661377, 1.222000002861023, 1.2369999885559082, 1.2450000047683716, 1.2719999551773071, 1.2799999713897705, 1.2890000343322754, 1.3109999895095825, 1.3329999446868896, 1.340000033378601, 1.3899999856948853, 1.4670000076293945, 1.5709999799728394, 2.436000108718872, 2.4560000896453857, 2.4549999237060547, 2.4539999961853027, 2.453000068664551, 2.4560000896453857, 2.4519999027252197, 2.4549999237060547, 2.453000068664551, 2.4609999656677246, 2.4649999141693115, 2.4549999237060547, 2.4549999237060547, 2.4549999237060547, 2.4509999752044678, 2.4519999027252197, 2.4539999961853027, 2.4509999752044678, 2.444999933242798, 2.444999933242798, 2.440000057220459, 2.4509999752044678, 2.4489998817443848, 2.446000099182129, 2.443000078201294, 2.433000087738037, 2.431999921798706, 2.434000015258789, 2.433000087738037, 2.4260001182556152, 2.430999994277954, 2.427999973297119, 2.4189999103546143, 2.4200000762939453, 2.4210000038146973, 2.4130001068115234, 2.4100000858306885, 2.4119999408721924, 2.4179999828338623, 2.4149999618530273, 2.4049999713897705, 2.4059998989105225, 2.4010000228881836, 2.3940000534057617, 2.3949999809265137, 2.3929998874664307, 2.3910000324249268, 2.38700008392334, 2.381999969482422, 2.381999969482422, 2.36299991607666, 2.36899995803833, 2.36899995803833, 2.3610000610351562, 2.3540000915527344, 2.3489999771118164, 2.3459999561309814, 2.3329999446868896, 2.3380000591278076, 2.3299999237060547, 2.3259999752044678, 2.3239998817443848, 2.319000005722046, 2.319000005722046, 2.309000015258789, 2.302000045776367, 2.3010001182556152, 2.2929999828338623, 2.2860000133514404, 2.2880001068115234, 2.2790000438690186, 2.2760000228881836, 2.2720000743865967, 2.259999990463257, 2.25, 2.242000102996826, 2.2330000400543213, 2.2320001125335693, 2.2230000495910645, 2.2149999141693115, 2.2130000591278076, 2.2019999027252197, 2.2019999027252197, 2.191999912261963, 2.181999921798706, 2.178999900817871, 2.1700000762939453, 2.1530001163482666, 2.1449999809265137, 2.1449999809265137, 2.1419999599456787, 2.132999897003174, 2.124000072479248, 2.122999906539917, 2.1080000400543213, 2.0980000495910645, 2.0880000591278076, 2.0899999141693115, 2.0869998931884766, 2.0799999237060547, 2.062000036239624, 2.052000045776367, 2.0460000038146973, 2.0369999408721924, 2.0209999084472656, 2.007999897003174, 2.003999948501587, 1.9919999837875366, 1.9900000095367432, 1.9730000495910645, 1.9670000076293945, 1.9630000591278076, 1.9390000104904175, 1.9299999475479126, 1.9160000085830688, 1.909000039100647, 1.8949999809265137, 1.8830000162124634, 1.8680000305175781, 1.8559999465942383, 1.8459999561309814, 1.8350000381469727, 1.8179999589920044, 1.812999963760376, 1.8029999732971191, 1.7829999923706055, 1.7630000114440918, 1.7589999437332153, 1.7480000257492065, 1.7280000448226929, 1.715000033378601, 1.6929999589920044, 1.6790000200271606, 1.656000018119812, 1.6380000114440918, 1.61899995803833, 1.5950000286102295, 1.5779999494552612, 1.5729999542236328, 1.5329999923706055, 1.5240000486373901, 1.4989999532699585, 1.4830000400543213, 1.465999960899353, 1.440000057220459, 1.4259999990463257, 1.4079999923706055, 1.3949999809265137, 1.3880000114440918, 1.3539999723434448, 1.347000002861023, 1.340000033378601, 1.3279999494552612, 1.3009999990463257, 1.2879999876022339, 1.281000018119812, 1.253000020980835, 1.2400000095367432, 1.2330000400543213, 1.218000054359436, 1.2070000171661377, 1.1920000314712524, 1.1770000457763672, 1.1770000457763672, 1.1640000343322754, 1.1549999713897705, 1.128999948501587, 1.1200000047683716, 1.1119999885559082, 1.1030000448226929, 1.0959999561309814, 1.0779999494552612, 1.0679999589920044, 1.055999994277954, 1.0499999523162842, 1.0449999570846558, 1.031000018119812, 1.0190000534057617, 1.0140000581741333, 1.003999948501587, 0.9919999837875366, 0.9739999771118164, 0.9700000286102295, 0.9549999833106995, 0.9610000252723694, 0.953000009059906, 0.9440000057220459, 0.9390000104904175, 0.9340000152587891, 0.9319999814033508, 0.9309999942779541, 0.9240000247955322, 0.9110000133514404, 0.902999997138977, 0.8920000195503235, 0.8889999985694885, 0.8889999985694885, 0.8880000114440918, 0.8769999742507935, 0.859000027179718, 0.8560000061988831, 0.8560000061988831, 0.8560000061988831, 0.8519999980926514, 0.843999981880188, 0.8420000076293945, 0.8429999947547913, 0.8420000076293945, 0.8330000042915344, 0.8270000219345093, 0.8190000057220459, 0.8069999814033508, 0.8019999861717224, 0.8040000200271606, 0.7990000247955322, 0.7940000295639038, 0.7900000214576721, 0.7900000214576721, 0.7860000133514404, 0.7829999923706055, 0.7730000019073486, 0.7710000276565552, 0.7710000276565552, 0.7630000114440918, 0.7609999775886536, 0.7570000290870667, 0.7549999952316284, 0.7490000128746033, 0.7459999918937683, 0.7390000224113464, 0.7360000014305115, 0.7360000014305115, 0.7360000014305115, 0.7329999804496765, 0.7160000205039978, 0.7099999785423279, 0.7120000123977661, 0.7139999866485596, 0.7089999914169312, 0.6970000267028809, 0.6930000185966492, 0.6930000185966492, 0.6970000267028809, 0.6970000267028809, 0.6859999895095825, 0.6859999895095825, 0.6859999895095825, 0.6899999976158142, 0.6859999895095825, 0.6859999895095825, 0.6759999990463257, 0.6759999990463257, 0.6729999780654907, 0.6660000085830688, 0.6570000052452087, 0.6499999761581421, 0.6520000100135803, 0.6549999713897705, 0.6520000100135803, 0.6449999809265137, 0.6449999809265137, 0.6449999809265137, 0.6449999809265137, 0.6389999985694885, 0.640999972820282, 0.6370000243186951, 0.6359999775886536, 0.6359999775886536, 0.6349999904632568, 0.6320000290870667, 0.6269999742507935, 0.6200000047683716, 0.6100000143051147, 0.609000027179718, 0.6079999804496765, 0.6110000014305115, 0.6110000014305115, 0.6119999885559082, 0.6079999804496765, 0.6050000190734863, 0.6050000190734863, 0.6010000109672546, 0.5979999899864197, 0.5929999947547913, 0.5929999947547913, 0.5899999737739563, 0.5889999866485596, 0.5879999995231628, 0.5809999704360962, 0.5809999704360962, 0.578000009059906, 0.5759999752044678, 0.5759999752044678, 0.5759999752044678, 0.5770000219345093, 0.5799999833106995, 0.5799999833106995, 0.578000009059906, 0.5720000267028809, 0.5659999847412109, 0.5559999942779541, 0.5659999847412109, 0.5770000219345093, 0.5720000267028809, 0.5640000104904175, 0.5649999976158142, 0.5580000281333923, 0.5590000152587891, 0.5590000152587891, 0.5540000200271606, 0.550000011920929, 0.5529999732971191, 0.5479999780654907, 0.546999990940094, 0.5490000247955322, 0.5490000247955322, 0.5419999957084656, 0.5450000166893005, 0.5479999780654907, 0.5460000038146973, 0.5479999780654907, 0.5479999780654907, 0.5320000052452087, 0.5329999923706055, 0.5379999876022339, 0.5379999876022339, 0.5370000004768372, 0.5370000004768372, 0.5249999761581421, 0.527999997138977, 0.5249999761581421, 0.5260000228881836, 0.5220000147819519, 0.5230000019073486, 0.5260000228881836, 0.5260000228881836, 0.5239999890327454, 0.5239999890327454, 0.5220000147819519, 0.515999972820282, 0.5130000114440918, 0.5109999775886536, 0.5120000243186951, 0.5139999985694885, 0.515999972820282, 0.515999972820282, 0.5099999904632568, 0.5109999775886536, 0.5099999904632568, 0.515999972820282, 0.5220000147819519, 0.5130000114440918, 0.5059999823570251, 0.5049999952316284, 0.5049999952316284, 0.5109999775886536, 0.5080000162124634, 0.5149999856948853, 0.5099999904632568, 0.515999972820282, 0.5120000243186951, 0.5059999823570251, 0.5009999871253967, 0.5009999871253967, 0.49799999594688416, 0.492000013589859, 0.4959999918937683, 0.49900001287460327, 0.5009999871253967, 0.5009999871253967, 0.5019999742507935, 0.5019999742507935, 0.5049999952316284, 0.5049999952316284, 0.503000020980835, 0.5040000081062317, 0.5049999952316284, 0.5080000162124634, 0.5090000033378601, 0.5070000290870667, 0.5, 0.4970000088214874, 0.5, 0.5009999871253967, 0.49799999594688416, 0.4909999966621399, 0.49799999594688416, 0.49900001287460327, 0.49799999594688416, 0.4950000047683716, 0.49300000071525574, 0.49399998784065247, 0.49399998784065247, 0.49399998784065247, 0.492000013589859, 0.49000000953674316, 0.4909999966621399, 0.49300000071525574, 0.4950000047683716, 0.4970000088214874, 0.4970000088214874, 0.49300000071525574, 0.49300000071525574, 0.48899999260902405, 0.49399998784065247, 0.4950000047683716, 0.49000000953674316, 0.48399999737739563, 0.48500001430511475, 0.4880000054836273, 0.4880000054836273, 0.4880000054836273, 0.48399999737739563, 0.4819999933242798, 0.48500001430511475, 0.49000000953674316, 0.4909999966621399, 0.48399999737739563, 0.4869999885559082, 0.4950000047683716, 0.49300000071525574, 0.49300000071525574, 0.49000000953674316, 0.49399998784065247, 0.4909999966621399, 0.49000000953674316, 0.492000013589859, 0.49399998784065247, 0.49399998784065247, 0.4970000088214874, 0.4959999918937683, 0.4909999966621399, 0.4880000054836273, 0.4880000054836273, 0.4860000014305115, 0.4869999885559082, 0.492000013589859, 0.4950000047683716, 0.49300000071525574, 0.48899999260902405, 0.48899999260902405, 0.49399998784065247, 0.49399998784065247, 0.49399998784065247, 0.49399998784065247, 0.49300000071525574, 0.48899999260902405, 0.48899999260902405, 0.4959999918937683, 0.48399999737739563, 0.49799999594688416, 0.49900001287460327, 0.49399998784065247, 0.49300000071525574, 0.492000013589859, 0.5, 0.5, 0.503000020980835, 0.5, 0.5, 0.4970000088214874, 0.4970000088214874, 0.4970000088214874, 0.49799999594688416, 0.5009999871253967, 0.503000020980835, 0.5, 0.4959999918937683, 0.503000020980835, 0.503000020980835, 0.5009999871253967, 0.5009999871253967, 0.5009999871253967, 0.503000020980835, 0.5009999871253967, 0.503000020980835, 0.5040000081062317, 0.5090000033378601, 0.5130000114440918, 0.5109999775886536, 0.5099999904632568, 0.5099999904632568, 0.5099999904632568, 0.5099999904632568, 0.5099999904632568, 0.5090000033378601, 0.5070000290870667, 0.5099999904632568, 0.5120000243186951, 0.5080000162124634, 0.5109999775886536, 0.5109999775886536, 0.5099999904632568, 0.5120000243186951, 0.5070000290870667, 0.5040000081062317, 0.5189999938011169, 0.5180000066757202, 0.5149999856948853, 0.5170000195503235, 0.5199999809265137, 0.5170000195503235, 0.5139999985694885, 0.5139999985694885, 0.5170000195503235, 0.5180000066757202, 0.5170000195503235, 0.5180000066757202, 0.5199999809265137, 0.5239999890327454, 0.5249999761581421, 0.5239999890327454, 0.5230000019073486, 0.5239999890327454, 0.5270000100135803, 0.5249999761581421, 0.5210000276565552, 0.5239999890327454, 0.5270000100135803, 0.5239999890327454, 0.5289999842643738, 0.531000018119812, 0.531000018119812, 0.5360000133514404, 0.5360000133514404, 0.5360000133514404, 0.527999997138977, 0.5339999794960022, 0.5400000214576721, 0.5400000214576721, 0.5360000133514404, 0.5360000133514404, 0.5350000262260437, 0.5329999923706055, 0.5329999923706055, 0.5379999876022339, 0.5460000038146973, 0.5460000038146973, 0.550000011920929, 0.5400000214576721, 0.5370000004768372, 0.5400000214576721, 0.5419999957084656, 0.5440000295639038, 0.5440000295639038, 0.5440000295639038, 0.5479999780654907, 0.5529999732971191, 0.5509999990463257, 0.5509999990463257, 0.5519999861717224, 0.5529999732971191, 0.5580000281333923, 0.5609999895095825, 0.5609999895095825, 0.5609999895095825, 0.5630000233650208, 0.5680000185966492, 0.5649999976158142, 0.5640000104904175, 0.5669999718666077, 0.5699999928474426, 0.5699999928474426, 0.5830000042915344, 0.5690000057220459, 0.5690000057220459, 0.5709999799728394, 0.5690000057220459, 0.5720000267028809, 0.5830000042915344, 0.5910000205039978, 0.5910000205039978, 0.5899999737739563, 0.5860000252723694, 0.5920000076293945, 0.5960000157356262, 0.5899999737739563, 0.5899999737739563, 0.5899999737739563, 0.5879999995231628, 0.6000000238418579, 0.609000027179718, 0.6129999756813049, 0.6079999804496765, 0.6029999852180481, 0.6050000190734863, 0.6119999885559082, 0.6100000143051147, 0.6110000014305115, 0.6150000095367432, 0.6129999756813049, 0.6150000095367432, 0.6150000095367432, 0.6169999837875366, 0.6209999918937683, 0.6269999742507935, 0.6290000081062317, 0.6359999775886536, 0.6370000243186951, 0.6370000243186951, 0.6370000243186951, 0.640999972820282, 0.6359999775886536, 0.6349999904632568, 0.6359999775886536, 0.640999972820282, 0.6460000276565552, 0.6499999761581421, 0.6499999761581421, 0.6470000147819519, 0.6520000100135803, 0.6549999713897705, 0.6589999794960022, 0.6589999794960022, 0.656000018119812, 0.6570000052452087, 0.6570000052452087, 0.6589999794960022, 0.6610000133514404, 0.6669999957084656, 0.6639999747276306, 0.6650000214576721, 0.6690000295639038, 0.6690000295639038, 0.6710000038146973, 0.6690000295639038, 0.6729999780654907, 0.6710000038146973, 0.6690000295639038, 0.6729999780654907, 0.6729999780654907, 0.6809999942779541, 0.6850000023841858, 0.6759999990463257, 0.6740000247955322, 0.6769999861717224, 0.6809999942779541, 0.6809999942779541, 0.6819999814033508, 0.6830000281333923, 0.6660000085830688, 0.6759999990463257, 0.6819999814033508, 0.6990000009536743, 0.6940000057220459, 0.6940000057220459, 0.6959999799728394, 0.703000009059906, 0.7039999961853027, 0.7020000219345093, 0.703000009059906, 0.7059999704360962, 0.7089999914169312, 0.7099999785423279, 0.7080000042915344, 0.7089999914169312, 0.7099999785423279, 0.7110000252723694, 0.7099999785423279, 0.7139999866485596, 0.722000002861023, 0.7120000123977661, 0.7160000205039978, 0.7160000205039978, 0.722000002861023, 0.7200000286102295, 0.7160000205039978, 0.7239999771118164, 0.7269999980926514, 0.7239999771118164, 0.7179999947547913, 0.7179999947547913, 0.7260000109672546, 0.7279999852180481, 0.7289999723434448, 0.7310000061988831, 0.7390000224113464, 0.7480000257492065, 0.7509999871253967, 0.7630000114440918, 0.7649999856948853, 0.7630000114440918, 0.7609999775886536, 0.765999972820282, 0.765999972820282, 0.765999972820282, 0.7670000195503235, 0.7680000066757202, 0.7799999713897705, 0.7829999923706055]
intensities: [1090.0, 1109.0, 1209.0, 1246.0, 1246.0, 1413.0, 1452.0, 1491.0, 1533.0, 1563.0, 1597.0, 1627.0, 1627.0, 1535.0, 1371.0, 1428.0, 1143.0, 1087.0, 948.0, 892.0, 891.0, 992.0, 1095.0, 1103.0, 1081.0, 1080.0, 1064.0, 1069.0, 1115.0, 1176.0, 1256.0, 1305.0, 1554.0, 1554.0, 1630.0, 1702.0, 1720.0, 1750.0, 1734.0, 1765.0, 1778.0, 1780.0, 1770.0, 1776.0, 1777.0, 1773.0, 1787.0, 1776.0, 1766.0, 1786.0, 1788.0, 1781.0, 1778.0, 1778.0, 1800.0, 1781.0, 1781.0, 1817.0, 1792.0, 1807.0, 1771.0, 1771.0, 1764.0, 1764.0, 1760.0, 1764.0, 1768.0, 1766.0, 1775.0, 1769.0, 1765.0, 1764.0, 1765.0, 1761.0, 1777.0, 1765.0, 1765.0, 1764.0, 1761.0, 1761.0, 1764.0, 1764.0, 1768.0, 1767.0, 1760.0, 1751.0, 1751.0, 1738.0, 1729.0, 1726.0, 1736.0, 1724.0, 1717.0, 1712.0, 1702.0, 1722.0, 1706.0, 1703.0, 1703.0, 1678.0, 1674.0, 1670.0, 1669.0, 1703.0, 1718.0, 1714.0, 1719.0, 1724.0, 1698.0, 1690.0, 1705.0, 1699.0, 1686.0, 1674.0, 1674.0, 1635.0, 1636.0, 1607.0, 1610.0, 1615.0, 1606.0, 1612.0, 1609.0, 1601.0, 1546.0, 1572.0, 1566.0, 1548.0, 1545.0, 1545.0, 1549.0, 1509.0, 1507.0, 1502.0, 1504.0, 1507.0, 1488.0, 1487.0, 1488.0, 1490.0, 1465.0, 1462.0, 1444.0, 1434.0, 1430.0, 1430.0, 1444.0, 1417.0, 1404.0, 1409.0, 1396.0, 1378.0, 1379.0, 1350.0, 1353.0, 1363.0, 1377.0, 1361.0, 1325.0, 1333.0, 1317.0, 1317.0, 1307.0, 1307.0, 1284.0, 1284.0, 1288.0, 1292.0, 1287.0, 1292.0, 1256.0, 1266.0, 1276.0, 1239.0, 1257.0, 1246.0, 1242.0, 1230.0, 1231.0, 1228.0, 1228.0, 1227.0, 1226.0, 1216.0, 1221.0, 1222.0, 1211.0, 1209.0, 1206.0, 1180.0, 1177.0, 1200.0, 1196.0, 1196.0, 1182.0, 1182.0, 1168.0, 1164.0, 1159.0, 1163.0, 1150.0, 1148.0, 1154.0, 1153.0, 1154.0, 1151.0, 1147.0, 1144.0, 1139.0, 1140.0, 1147.0, 1150.0, 1142.0, 1135.0, 1135.0, 1148.0, 1145.0, 1139.0, 1151.0, 1133.0, 1128.0, 1136.0, 1134.0, 1132.0, 1125.0, 1135.0, 1136.0, 1129.0, 1138.0, 1144.0, 1134.0, 1119.0, 1119.0, 1115.0, 1124.0, 1139.0, 1145.0, 1128.0, 1122.0, 1122.0, 1150.0, 1150.0, 1143.0, 1137.0, 1136.0, 1136.0, 1130.0, 1123.0, 1111.0, 1138.0, 1133.0, 1126.0, 1129.0, 1127.0, 1115.0, 1115.0, 1111.0, 1111.0, 1110.0, 1129.0, 1107.0, 1114.0, 1096.0, 1095.0, 1107.0, 1095.0, 1098.0, 1115.0, 1112.0, 1092.0, 1130.0, 1123.0, 1116.0, 1112.0, 1107.0, 1112.0, 1117.0, 1103.0, 1123.0, 1137.0, 1127.0, 1104.0, 1113.0, 1129.0, 1108.0, 1105.0, 1118.0, 1118.0, 1119.0, 1113.0, 1115.0, 1121.0, 1120.0, 1126.0, 1133.0, 1132.0, 1104.0, 1122.0, 1124.0, 1117.0, 1106.0, 1106.0, 1117.0, 1120.0, 1123.0, 1122.0, 1112.0, 1093.0, 1114.0, 1108.0, 1094.0, 1103.0, 1118.0, 1106.0, 1106.0, 1112.0, 1105.0, 1094.0, 1092.0, 1101.0, 1096.0, 1100.0, 1110.0, 1119.0, 1107.0, 1104.0, 1090.0, 1112.0, 1095.0, 1092.0, 1096.0, 1100.0, 1091.0, 1080.0, 1081.0, 1102.0, 1110.0, 1095.0, 1110.0, 1102.0, 1111.0, 1107.0, 1107.0, 1112.0, 1113.0, 1113.0, 1098.0, 1094.0, 1100.0, 1099.0, 1113.0, 1098.0, 1096.0, 1099.0, 1098.0, 1091.0, 1087.0, 1079.0, 1082.0, 1084.0, 1083.0, 1082.0, 1085.0, 1083.0, 1083.0, 1064.0, 1078.0, 1073.0, 1065.0, 1053.0, 1052.0, 1051.0, 1060.0, 1030.0, 1038.0, 1031.0, 1023.0, 1028.0, 1029.0, 1019.0, 1021.0, 1020.0, 1019.0, 1019.0, 996.0, 996.0, 1038.0, 1034.0, 1270.0, 1433.0, 1445.0, 1022.0, 1039.0, 1031.0, 1023.0, 1022.0, 1020.0, 1022.0, 1010.0, 1008.0, 1014.0, 1017.0, 1016.0, 1016.0, 1016.0, 1005.0, 1008.0, 1006.0, 999.0, 995.0, 1000.0, 986.0, 986.0, 986.0, 991.0, 990.0, 986.0, 994.0, 1002.0, 997.0, 989.0, 1004.0, 1009.0, 1007.0, 1002.0, 1013.0, 1008.0, 1006.0, 1003.0, 1000.0, 1002.0, 1006.0, 1017.0, 1019.0, 1018.0, 1026.0, 1030.0, 1033.0, 1031.0, 1028.0, 1035.0, 1029.0, 1032.0, 1033.0, 1028.0, 1034.0, 1035.0, 1040.0, 1037.0, 1024.0, 1030.0, 1032.0, 1027.0, 1031.0, 1035.0, 1028.0, 1019.0, 1024.0, 1025.0, 1030.0, 1044.0, 1028.0, 1029.0, 1035.0, 1028.0, 1036.0, 1034.0, 1035.0, 1037.0, 1038.0, 1037.0, 1037.0, 1024.0, 1044.0, 1040.0, 1023.0, 1034.0, 1041.0, 1028.0, 1025.0, 1027.0, 1045.0, 1027.0, 1033.0, 1037.0, 1028.0, 1032.0, 1030.0, 1042.0, 1031.0, 1028.0, 1037.0, 1040.0, 1045.0, 1034.0, 1049.0, 1051.0, 1042.0, 1038.0, 1040.0, 1046.0, 1056.0, 1047.0, 1044.0, 1044.0, 1035.0, 1026.0, 1019.0, 1038.0, 1039.0, 1045.0, 1021.0, 1029.0, 1028.0, 1028.0, 1024.0, 1027.0, 1016.0, 1023.0, 1017.0, 1017.0, 1020.0, 1018.0, 1018.0, 1009.0, 1004.0, 1013.0, 1037.0, 1047.0, 1068.0, 1020.0, 1014.0, 1037.0, 1032.0, 1058.0, 1070.0, 1070.0, 1082.0, 1084.0, 1082.0, 1096.0, 1095.0, 1092.0, 1105.0, 1114.0, 1106.0, 1110.0, 1116.0, 1103.0, 1113.0, 1113.0, 1118.0, 1121.0, 1096.0, 1130.0, 1109.0, 1095.0, 1113.0, 1112.0, 1106.0, 1116.0, 1121.0, 1103.0, 1139.0, 1123.0, 1127.0, 1146.0, 1125.0, 1120.0, 1119.0, 1141.0, 1135.0, 1131.0, 1133.0, 1133.0, 1153.0, 1143.0, 1138.0, 1156.0, 1166.0, 1181.0, 1189.0, 1180.0, 1218.0, 1207.0, 1209.0, 1225.0, 1240.0, 1252.0, 1267.0, 1264.0, 1246.0, 1253.0, 1261.0, 1283.0, 1268.0, 1280.0, 1291.0, 1285.0, 1289.0, 1301.0, 1305.0, 1292.0, 1289.0, 1315.0, 1312.0, 1323.0, 1325.0, 1335.0, 1347.0, 1347.0, 1349.0, 1354.0, 1357.0, 1371.0, 1389.0, 1379.0, 1401.0, 1383.0, 1398.0, 1412.0, 1410.0, 1407.0, 1416.0, 1403.0, 1434.0, 1428.0, 1455.0, 1462.0, 1450.0, 1459.0, 1472.0, 1486.0, 1517.0, 1517.0, 1534.0, 1546.0, 1546.0, 1564.0, 1561.0, 1559.0, 1565.0, 1571.0, 1579.0, 1572.0, 1575.0, 1589.0, 1599.0, 1607.0, 1607.0, 1610.0, 1607.0, 1607.0, 1605.0, 1614.0, 1616.0, 1611.0, 1609.0, 1616.0, 1633.0, 1659.0, 1643.0, 1652.0, 1640.0, 1639.0, 1642.0, 1647.0, 1646.0, 1669.0, 1670.0, 1685.0, 1682.0, 1683.0, 1688.0, 1663.0, 1694.0, 1662.0, 1671.0, 1672.0, 1670.0, 1670.0, 1682.0, 1665.0, 1695.0, 1690.0, 1686.0, 1701.0, 1701.0, 1703.0, 1703.0, 1708.0, 1703.0, 1703.0, 1703.0, 1695.0, 1703.0, 1709.0, 1704.0, 1703.0, 1703.0, 1708.0, 1708.0, 1728.0, 1708.0, 1710.0, 1723.0, 1734.0, 1721.0, 1715.0, 1710.0, 1714.0, 1723.0, 1733.0, 1734.0, 1727.0, 1756.0, 1756.0, 1766.0, 1766.0, 1722.0, 1765.0, 1725.0, 1735.0, 1733.0, 1752.0, 1743.0, 1736.0, 1762.0, 1762.0, 1746.0, 1726.0, 1731.0, 1741.0, 1753.0, 1747.0, 1738.0, 1742.0, 1737.0, 1731.0, 1735.0, 1754.0, 1739.0, 1741.0, 1753.0, 1743.0, 1736.0, 1741.0, 1733.0, 1741.0, 1740.0, 1733.0, 1729.0, 1726.0, 1729.0, 1727.0, 1730.0, 1725.0, 1730.0, 1730.0, 1742.0, 1735.0, 1730.0, 1730.0, 1735.0, 1735.0, 1731.0, 1730.0, 1729.0, 1728.0, 1733.0, 1714.0, 1723.0, 1724.0, 1731.0, 1688.0, 1706.0, 1715.0, 1712.0, 1710.0, 1712.0, 1693.0, 1689.0, 1700.0, 1700.0, 1697.0, 1685.0, 1687.0, 1686.0, 1691.0, 1695.0, 1688.0, 1691.0, 1693.0, 1693.0, 1686.0, 1694.0, 1690.0, 1702.0, 1688.0, 1664.0, 1652.0, 1646.0, 1646.0, 1613.0, 1620.0, 1595.0, 1597.0, 1621.0, 1615.0, 1614.0, 1625.0, 1616.0, 1616.0, 1597.0, 1586.0, 1586.0, 1593.0, 1579.0, 1569.0, 1569.0, 1578.0, 1591.0, 1587.0, 1599.0, 1587.0, 1577.0, 1581.0, 1564.0, 1563.0, 1567.0, 1547.0, 1537.0, 1544.0, 1539.0, 1539.0, 1539.0, 1541.0, 1495.0, 1495.0, 1515.0, 1486.0, 1496.0, 1494.0, 1494.0, 1503.0, 1492.0, 1482.0, 1492.0, 1470.0, 1458.0, 1473.0, 1467.0, 1471.0, 1473.0, 1472.0, 1457.0, 1467.0, 1454.0, 1467.0, 1447.0, 1447.0, 1423.0, 1430.0, 1430.0, 1425.0, 1426.0, 1419.0, 1411.0, 1409.0, 1411.0, 1399.0, 1384.0, 1384.0, 1387.0, 1390.0, 1385.0, 1375.0, 1382.0, 1356.0, 1361.0, 1351.0, 1343.0, 1343.0, 1335.0, 1364.0, 1345.0, 1351.0, 1343.0, 1332.0, 1328.0, 1328.0, 1325.0, 1306.0, 1300.0, 1300.0, 1301.0, 1289.0, 1293.0, 1287.0, 1298.0, 1296.0, 1287.0, 1288.0, 1289.0, 1283.0, 1286.0, 1289.0, 1282.0, 1282.0, 1283.0, 1272.0, 1260.0, 1264.0, 1265.0, 1270.0, 1268.0, 1270.0, 1234.0, 1242.0, 1251.0, 1251.0, 1220.0, 1219.0, 1233.0, 1240.0, 1237.0, 1243.0, 1249.0, 1212.0, 1223.0, 1202.0, 1185.0, 1185.0, 1184.0, 1185.0, 1190.0, 1185.0, 1183.0, 1181.0, 1181.0, 1180.0, 1183.0, 1177.0, 1179.0, 1181.0, 1179.0, 1178.0, 1176.0, 1176.0, 1171.0, 1176.0, 1171.0, 1171.0, 1161.0, 1171.0, 1162.0, 1164.0, 1173.0, 1159.0, 1164.0, 1167.0, 1169.0, 1170.0, 1168.0, 1166.0, 1170.0, 1182.0, 1168.0, 1177.0, 1181.0, 1176.0, 1186.0, 1166.0, 1168.0, 1172.0, 1177.0, 1177.0, 1190.0, 1193.0, 1184.0, 1194.0, 1189.0, 1206.0, 1198.0, 1212.0, 1214.0, 1220.0, 1208.0, 1213.0, 1224.0, 1231.0, 1231.0, 1219.0, 1217.0, 1224.0, 1230.0, 1233.0, 1232.0, 1232.0, 1232.0, 1230.0, 1238.0, 1240.0, 1237.0, 1237.0, 1236.0, 1239.0, 1239.0, 1240.0, 1242.0, 1253.0, 1259.0, 1257.0, 1259.0, 1254.0, 1263.0, 1261.0, 1274.0, 1271.0, 1266.0, 1282.0, 1268.0, 1294.0, 1275.0, 1282.0, 1294.0, 1279.0, 1276.0, 1276.0, 1291.0, 1316.0, 1303.0, 1310.0, 1307.0, 1341.0, 1313.0, 1310.0, 1313.0, 1327.0, 1314.0, 1306.0, 1333.0, 1336.0, 1339.0, 1330.0, 1336.0, 1317.0, 1327.0, 1338.0, 1345.0, 1338.0, 1338.0, 1360.0, 1369.0, 1364.0, 1370.0, 1362.0, 1365.0, 1371.0, 1365.0, 1370.0, 1375.0, 1366.0, 1372.0, 1367.0, 1358.0, 1363.0, 1384.0, 1368.0, 1361.0, 1386.0, 1382.0, 1368.0, 1367.0, 1354.0, 1354.0, 1365.0, 1368.0, 1374.0, 1366.0, 1381.0]