header: 
  seq: 1548
  stamp: 
    secs: 1548820795
    nsecs: 864353679
  frame_id: "base_link"
angle_min: -2.35619449615
angle_max: 2.35619449615
angle_increment: 0.00436332309619
time_increment: 1.73611151695e-05
scan_time: 0.0250000003725
range_min: 0.019999999553
range_max: 30.0
ranges: [0.39500001072883606, 0.40299999713897705, 0.40400001406669617, 0.3959999978542328, 0.3959999978542328, 0.3889999985694885, 0.3880000114440918, 0.39100000262260437, 0.3869999945163727, 0.3869999945163727, 0.38199999928474426, 0.37700000405311584, 0.37700000405311584, 0.3790000081062317, 0.3569999933242798, 0.35100001096725464, 0.33899998664855957, 0.3310000002384186, 0.29600000381469727, 0.2809999883174896, 0.29499998688697815, 0.34700000286102295, 0.35100001096725464, 0.35100001096725464, 0.3569999933242798, 0.3449999988079071, 0.3479999899864197, 0.34599998593330383, 0.34299999475479126, 0.34299999475479126, 0.35499998927116394, 0.3490000069141388, 0.3499999940395355, 0.3529999852180481, 0.3529999852180481, 0.3540000021457672, 0.3540000021457672, 0.3449999988079071, 0.3440000116825104, 0.34700000286102295, 0.34700000286102295, 0.34700000286102295, 0.33899998664855957, 0.34200000762939453, 0.3449999988079071, 0.3370000123977661, 0.328000009059906, 0.3319999873638153, 0.3330000042915344, 0.3319999873638153, 0.3269999921321869, 0.3310000002384186, 0.3370000123977661, 0.33000001311302185, 0.32499998807907104, 0.3269999921321869, 0.3269999921321869, 0.3269999921321869, 0.33000001311302185, 0.33000001311302185, 0.3269999921321869, 0.3230000138282776, 0.328000009059906, 0.32600000500679016, 0.328000009059906, 0.3240000009536743, 0.32600000500679016, 0.32600000500679016, 0.32600000500679016, 0.32499998807907104, 0.3240000009536743, 0.32499998807907104, 0.3230000138282776, 0.32199999690055847, 0.32199999690055847, 0.32499998807907104, 0.328000009059906, 0.3269999921321869, 0.328000009059906, 0.32600000500679016, 0.3190000057220459, 0.3269999921321869, 0.32600000500679016, 0.32600000500679016, 0.33000001311302185, 0.32199999690055847, 0.3199999928474426, 0.3190000057220459, 0.32600000500679016, 0.32899999618530273, 0.3269999921321869, 0.33000001311302185, 0.3330000042915344, 0.33000001311302185, 0.32499998807907104, 0.32899999618530273, 0.32499998807907104, 0.32600000500679016, 0.3240000009536743, 0.3240000009536743, 0.32600000500679016, 0.32899999618530273, 0.328000009059906, 0.32899999618530273, 0.32899999618530273, 0.32899999618530273, 0.3370000123977661, 0.3440000116825104, 0.3409999907016754, 0.3409999907016754, 0.3370000123977661, 0.34200000762939453, 0.34200000762939453, 0.34299999475479126, 0.34200000762939453, 0.33799999952316284, 0.335999995470047, 0.335999995470047, 0.3409999907016754, 0.3479999899864197, 0.35100001096725464, 0.3479999899864197, 0.3499999940395355, 0.3499999940395355, 0.3409999907016754, 0.3409999907016754, 0.34700000286102295, 0.3499999940395355, 0.35199999809265137, 0.3479999899864197, 0.34700000286102295, 0.34700000286102295, 0.3479999899864197, 0.35199999809265137, 0.35600000619888306, 0.35899999737739563, 0.3529999852180481, 0.35100001096725464, 0.35100001096725464, 0.3529999852180481, 0.36500000953674316, 0.36399999260902405, 0.36500000953674316, 0.367000013589859, 0.367000013589859, 0.36399999260902405, 0.36500000953674316, 0.36500000953674316, 0.36500000953674316, 0.37400001287460327, 0.3709999918937683, 0.36399999260902405, 0.3630000054836273, 0.3610000014305115, 0.3659999966621399, 0.36899998784065247, 0.3790000081062317, 0.3799999952316284, 0.3790000081062317, 0.37599998712539673, 0.3790000081062317, 0.382999986410141, 0.3869999945163727, 0.3930000066757202, 0.4020000100135803, 0.39500001072883606, 0.4000000059604645, 0.40400001406669617, 0.40400001406669617, 0.4059999883174896, 0.40700000524520874, 0.41200000047683716, 0.4180000126361847, 0.41499999165534973, 0.4180000126361847, 0.42100000381469727, 0.42100000381469727, 0.4169999957084656, 0.41999998688697815, 0.41999998688697815, 0.42500001192092896, 0.41999998688697815, 0.42899999022483826, 0.4429999887943268, 0.4490000009536743, 0.4480000138282776, 0.44699999690055847, 0.44999998807907104, 0.4560000002384186, 0.46299999952316284, 0.4650000035762787, 0.4659999907016754, 0.46799999475479126, 0.4729999899864197, 0.4729999899864197, 0.47699999809265137, 0.4749999940395355, 0.47999998927116394, 0.4830000102519989, 0.48500001430511475, 0.49000000953674316, 0.4909999966621399, 0.5009999871253967, 0.5109999775886536, 0.5070000290870667, 0.5040000081062317, 0.5080000162124634, 0.5090000033378601, 0.5139999985694885, 0.5270000100135803, 0.527999997138977, 0.5299999713897705, 0.5320000052452087, 0.5379999876022339, 0.550000011920929, 0.550000011920929, 0.5490000247955322, 0.5540000200271606, 0.5540000200271606, 0.5590000152587891, 0.5669999718666077, 0.5730000138282776, 0.5759999752044678, 0.5870000123977661, 0.5849999785423279, 0.5839999914169312, 0.5950000286102295, 0.597000002861023, 0.6069999933242798, 0.6129999756813049, 0.6150000095367432, 0.6159999966621399, 0.621999979019165, 0.625, 0.6340000033378601, 0.6430000066757202, 0.6499999761581421, 0.6589999794960022, 0.6579999923706055, 0.6629999876022339, 0.6700000166893005, 0.6850000023841858, 0.6980000138282776, 0.7009999752044678, 0.703000009059906, 0.7149999737739563, 0.7129999995231628, 0.7279999852180481, 0.7329999804496765, 0.7409999966621399, 0.7480000257492065, 0.7549999952316284, 0.7670000195503235, 0.7710000276565552, 0.7860000133514404, 0.8080000281333923, 0.8090000152587891, 0.8119999766349792, 0.8220000267028809, 0.8320000171661377, 0.8370000123977661, 0.8539999723434448, 0.8730000257492065, 0.8809999823570251, 0.8830000162124634, 0.9049999713897705, 0.9160000085830688, 0.9259999990463257, 0.9319999814033508, 0.9559999704360962, 0.9819999933242798, 0.9909999966621399, 1.0110000371932983, 1.0230000019073486, 1.034000039100647, 1.0570000410079956, 1.0750000476837158, 1.0950000286102295, 1.1139999628067017, 1.128000020980835, 1.1449999809265137, 1.1690000295639038, 1.190999984741211, 1.2070000171661377, 1.2230000495910645, 1.2430000305175781, 1.277999997138977, 1.3109999895095825, 1.3300000429153442, 1.3509999513626099, 1.3839999437332153, 1.4279999732971191, 1.4559999704360962, 1.472000002861023, 1.524999976158142, 1.5700000524520874, 1.5989999771118164, 1.656999945640564, 1.753999948501587, 1.8509999513626099, 2.7769999504089355, 2.7960000038146973, 2.7920000553131104, 2.7880001068115234, 2.7960000038146973, 2.7990000247955322, 2.803999900817871, 2.805999994277954, 2.805999994277954, 2.805000066757202, 2.8010001182556152, 2.7950000762939453, 2.7950000762939453, 2.7929999828338623, 2.7920000553131104, 2.7920000553131104, 2.7939999103546143, 2.7880001068115234, 2.7829999923706055, 2.7799999713897705, 2.7780001163482666, 2.7730000019073486, 2.7739999294281006, 2.765000104904175, 2.7660000324249268, 2.7660000324249268, 2.763000011444092, 2.759000062942505, 2.759000062942505, 2.753000020980835, 2.742000102996826, 2.736999988555908, 2.7339999675750732, 2.740999937057495, 2.7309999465942383, 2.7260000705718994, 2.7249999046325684, 2.7200000286102295, 2.7170000076293945, 2.7100000381469727, 2.7090001106262207, 2.7019999027252197, 2.694999933242798, 2.690000057220459, 2.690000057220459, 2.693000078201294, 2.686000108718872, 2.677999973297119, 2.677999973297119, 2.6730000972747803, 2.6630001068115234, 2.6579999923706055, 2.6449999809265137, 2.6429998874664307, 2.625999927520752, 2.628000020980835, 2.617000102996826, 2.615999937057495, 2.618000030517578, 2.5959999561309814, 2.5929999351501465, 2.5829999446868896, 2.572000026702881, 2.572000026702881, 2.566999912261963, 2.562000036239624, 2.5510001182556152, 2.5360000133514404, 2.5250000953674316, 2.5209999084472656, 2.51200008392334, 2.500999927520752, 2.494999885559082, 2.490999937057495, 2.4739999771118164, 2.4590001106262207, 2.4560000896453857, 2.4489998817443848, 2.441999912261963, 2.4260001182556152, 2.4179999828338623, 2.4059998989105225, 2.3959999084472656, 2.3889999389648438, 2.375, 2.359999895095825, 2.3440001010894775, 2.3310000896453857, 2.325000047683716, 2.302000045776367, 2.2860000133514404, 2.2790000438690186, 2.263000011444092, 2.255000114440918, 2.242000102996826, 2.2209999561309814, 2.2090001106262207, 2.190000057220459, 2.1760001182556152, 2.1610000133514404, 2.132999897003174, 2.11899995803833, 2.1059999465942383, 2.0820000171661377, 2.062000036239624, 2.0439999103546143, 2.01200008392334, 1.9919999837875366, 1.9759999513626099, 1.9600000381469727, 1.9290000200271606, 1.909999966621399, 1.8680000305175781, 1.8480000495910645, 1.8320000171661377, 1.8070000410079956, 1.7899999618530273, 1.777999997138977, 1.7580000162124634, 1.718999981880188, 1.7029999494552612, 1.6829999685287476, 1.659000039100647, 1.6440000534057617, 1.6339999437332153, 1.6009999513626099, 1.593999981880188, 1.5820000171661377, 1.555999994277954, 1.5390000343322754, 1.531000018119812, 1.5169999599456787, 1.5099999904632568, 1.4910000562667847, 1.468000054359436, 1.4559999704360962, 1.4490000009536743, 1.444000005722046, 1.4259999990463257, 1.4240000247955322, 1.3969999551773071, 1.3839999437332153, 1.3650000095367432, 1.3619999885559082, 1.3580000400543213, 1.343999981880188, 1.3259999752044678, 1.312000036239624, 1.3029999732971191, 1.2990000247955322, 1.2970000505447388, 1.2690000534057617, 1.2569999694824219, 1.2510000467300415, 1.2419999837875366, 1.2330000400543213, 1.2209999561309814, 1.215999960899353, 1.2009999752044678, 1.190999984741211, 1.1859999895095825, 1.1829999685287476, 1.1649999618530273, 1.1629999876022339, 1.1579999923706055, 1.1460000276565552, 1.1360000371932983, 1.121000051498413, 1.1139999628067017, 1.1100000143051147, 1.1039999723434448, 1.1009999513626099, 1.0950000286102295, 1.0850000381469727, 1.0829999446868896, 1.0679999589920044, 1.062000036239624, 1.062000036239624, 1.0579999685287476, 1.055999994277954, 1.0520000457763672, 1.0429999828338623, 1.031999945640564, 1.031999945640564, 1.031000018119812, 1.0190000534057617, 1.0069999694824219, 0.9959999918937683, 0.996999979019165, 0.9900000095367432, 0.9860000014305115, 0.9819999933242798, 0.9779999852180481, 0.9750000238418579, 0.9670000076293945, 0.9639999866485596, 0.9559999704360962, 0.9539999961853027, 0.9509999752044678, 0.9509999752044678, 0.9440000057220459, 0.9440000057220459, 0.9359999895095825, 0.9309999942779541, 0.9309999942779541, 0.925000011920929, 0.9120000004768372, 0.9089999794960022, 0.902999997138977, 0.8989999890327454, 0.8949999809265137, 0.8949999809265137, 0.8949999809265137, 0.890999972820282, 0.871999979019165, 0.871999979019165, 0.8769999742507935, 0.8709999918937683, 0.8690000176429749, 0.8619999885559082, 0.859000027179718, 0.8629999756813049, 0.8650000095367432, 0.8600000143051147, 0.8539999723434448, 0.8500000238418579, 0.8489999771118164, 0.8489999771118164, 0.8429999947547913, 0.8389999866485596, 0.8309999704360962, 0.8289999961853027, 0.8320000171661377, 0.8240000009536743, 0.828000009059906, 0.8149999976158142, 0.8230000138282776, 0.8130000233650208, 0.8069999814033508, 0.8029999732971191, 0.8040000200271606, 0.8029999732971191, 0.8029999732971191, 0.8009999990463257, 0.7979999780654907, 0.7929999828338623, 0.7919999957084656, 0.7919999957084656, 0.7919999957084656, 0.7889999747276306, 0.7870000004768372, 0.7820000052452087, 0.7789999842643738, 0.7649999856948853, 0.7609999775886536, 0.765999972820282, 0.7670000195503235, 0.7599999904632568, 0.7549999952316284, 0.7559999823570251, 0.7559999823570251, 0.753000020980835, 0.7480000257492065, 0.7490000128746033, 0.7429999709129333, 0.7440000176429749, 0.7400000095367432, 0.7360000014305115, 0.7319999933242798, 0.7289999723434448, 0.7289999723434448, 0.734000027179718, 0.7239999771118164, 0.7210000157356262, 0.7239999771118164, 0.7260000109672546, 0.7250000238418579, 0.7139999866485596, 0.7170000076293945, 0.7139999866485596, 0.7170000076293945, 0.7149999737739563, 0.7080000042915344, 0.7020000219345093, 0.703000009059906, 0.7059999704360962, 0.7020000219345093, 0.7020000219345093, 0.7020000219345093, 0.7020000219345093, 0.6959999799728394, 0.6909999847412109, 0.6959999799728394, 0.6909999847412109, 0.6909999847412109, 0.6940000057220459, 0.6940000057220459, 0.6949999928474426, 0.6859999895095825, 0.6859999895095825, 0.6859999895095825, 0.6809999942779541, 0.6759999990463257, 0.6790000200271606, 0.6859999895095825, 0.6840000152587891, 0.6859999895095825, 0.6840000152587891, 0.6800000071525574, 0.6740000247955322, 0.671999990940094, 0.6700000166893005, 0.6710000038146973, 0.671999990940094, 0.6729999780654907, 0.6740000247955322, 0.6740000247955322, 0.675000011920929, 0.6669999957084656, 0.6679999828338623, 0.6690000295639038, 0.6710000038146973, 0.6690000295639038, 0.6629999876022339, 0.6660000085830688, 0.6660000085830688, 0.6620000004768372, 0.6589999794960022, 0.6600000262260437, 0.6600000262260437, 0.6589999794960022, 0.6589999794960022, 0.6589999794960022, 0.6579999923706055, 0.6579999923706055, 0.6600000262260437, 0.6610000133514404, 0.6610000133514404, 0.6579999923706055, 0.6579999923706055, 0.656000018119812, 0.6549999713897705, 0.6589999794960022, 0.6589999794960022, 0.6570000052452087, 0.652999997138977, 0.6449999809265137, 0.640999972820282, 0.6470000147819519, 0.6470000147819519, 0.6470000147819519, 0.6470000147819519, 0.6439999938011169, 0.6389999985694885, 0.6380000114440918, 0.6399999856948853, 0.6389999985694885, 0.6370000243186951, 0.640999972820282, 0.6460000276565552, 0.6439999938011169, 0.6439999938011169, 0.6480000019073486, 0.6480000019073486, 0.6399999856948853, 0.640999972820282, 0.6430000066757202, 0.6430000066757202, 0.6380000114440918, 0.6290000081062317, 0.6240000128746033, 0.6240000128746033, 0.6349999904632568, 0.6349999904632568, 0.6359999775886536, 0.6309999823570251, 0.6320000290870667, 0.6299999952316284, 0.6320000290870667, 0.6320000290870667, 0.6290000081062317, 0.6259999871253967, 0.6290000081062317, 0.6420000195503235, 0.6349999904632568, 0.6290000081062317, 0.6330000162124634, 0.6309999823570251, 0.6259999871253967, 0.625, 0.6230000257492065, 0.628000020980835, 0.6230000257492065, 0.621999979019165, 0.625, 0.6290000081062317, 0.6259999871253967, 0.6230000257492065, 0.6259999871253967, 0.628000020980835, 0.625, 0.6230000257492065, 0.6140000224113464, 0.6150000095367432, 0.628000020980835, 0.628000020980835, 0.621999979019165, 0.621999979019165, 0.621999979019165, 0.6190000176429749, 0.6179999709129333, 0.6169999837875366, 0.6179999709129333, 0.6159999966621399, 0.6159999966621399, 0.621999979019165, 0.6240000128746033, 0.6240000128746033, 0.6190000176429749, 0.6140000224113464, 0.6140000224113464, 0.6200000047683716, 0.6200000047683716, 0.6129999756813049, 0.6100000143051147, 0.6140000224113464, 0.6069999933242798, 0.6069999933242798, 0.6110000014305115, 0.6140000224113464, 0.6179999709129333, 0.6269999742507935, 0.6269999742507935, 0.6159999966621399, 0.6159999966621399, 0.6140000224113464, 0.6140000224113464, 0.6150000095367432, 0.6200000047683716, 0.6200000047683716, 0.6119999885559082, 0.6069999933242798, 0.6060000061988831, 0.6079999804496765, 0.6079999804496765, 0.6079999804496765, 0.6079999804496765, 0.6110000014305115, 0.6140000224113464, 0.6169999837875366, 0.6110000014305115, 0.6110000014305115, 0.6069999933242798, 0.6100000143051147, 0.6140000224113464, 0.6079999804496765, 0.6019999980926514, 0.609000027179718, 0.6129999756813049, 0.6100000143051147, 0.6129999756813049, 0.6129999756813049, 0.6129999756813049, 0.6140000224113464, 0.6169999837875366, 0.6159999966621399, 0.6100000143051147, 0.6100000143051147, 0.6140000224113464, 0.6179999709129333, 0.6209999918937683, 0.6129999756813049, 0.6129999756813049, 0.6150000095367432, 0.6150000095367432, 0.6140000224113464, 0.6140000224113464, 0.6110000014305115, 0.6100000143051147, 0.609000027179718, 0.6129999756813049, 0.6140000224113464, 0.6140000224113464, 0.6129999756813049, 0.6119999885559082, 0.6119999885559082, 0.6129999756813049, 0.6119999885559082, 0.6110000014305115, 0.6110000014305115, 0.6129999756813049, 0.6119999885559082, 0.6079999804496765, 0.609000027179718, 0.6100000143051147, 0.6100000143051147, 0.6069999933242798, 0.6179999709129333, 0.625, 0.621999979019165, 0.6179999709129333, 0.6140000224113464, 0.6129999756813049, 0.6129999756813049, 0.6110000014305115, 0.609000027179718, 0.6150000095367432, 0.621999979019165, 0.6200000047683716, 0.609000027179718, 0.609000027179718, 0.6119999885559082, 0.621999979019165, 0.6150000095367432, 0.6150000095367432, 0.6200000047683716, 0.6200000047683716, 0.6140000224113464, 0.6110000014305115, 0.6129999756813049, 0.6140000224113464, 0.6169999837875366, 0.6159999966621399, 0.6150000095367432, 0.6079999804496765, 0.6179999709129333, 0.6209999918937683, 0.6209999918937683, 0.6179999709129333, 0.6159999966621399, 0.6140000224113464, 0.6140000224113464, 0.6179999709129333, 0.6200000047683716, 0.6200000047683716, 0.6209999918937683, 0.6209999918937683, 0.6119999885559082, 0.6119999885559082, 0.6119999885559082, 0.6179999709129333, 0.6179999709129333, 0.6190000176429749, 0.6119999885559082, 0.6110000014305115, 0.6119999885559082, 0.6159999966621399, 0.6200000047683716, 0.6200000047683716, 0.6209999918937683, 0.6209999918937683, 0.6190000176429749, 0.6190000176429749, 0.625, 0.628000020980835, 0.6309999823570251, 0.621999979019165, 0.6190000176429749, 0.621999979019165, 0.6259999871253967, 0.6290000081062317, 0.6349999904632568, 0.6290000081062317, 0.628000020980835, 0.628000020980835, 0.6309999823570251, 0.6320000290870667, 0.6320000290870667, 0.628000020980835, 0.6240000128746033, 0.6240000128746033, 0.625, 0.6330000162124634, 0.6330000162124634, 0.6290000081062317, 0.625, 0.6230000257492065, 0.6309999823570251, 0.6389999985694885, 0.6399999856948853, 0.6420000195503235, 0.6359999775886536, 0.6309999823570251, 0.6309999823570251, 0.6330000162124634, 0.6359999775886536, 0.6349999904632568, 0.6449999809265137, 0.6420000195503235, 0.6370000243186951, 0.6330000162124634, 0.6359999775886536, 0.6380000114440918, 0.6380000114440918, 0.6420000195503235, 0.6380000114440918, 0.640999972820282, 0.640999972820282, 0.6430000066757202, 0.6420000195503235, 0.6380000114440918, 0.6380000114440918, 0.640999972820282, 0.6470000147819519, 0.6449999809265137, 0.6439999938011169, 0.6439999938011169, 0.6439999938011169, 0.6460000276565552, 0.6449999809265137, 0.6460000276565552, 0.6420000195503235, 0.6420000195503235, 0.6430000066757202, 0.6449999809265137, 0.6370000243186951, 0.6370000243186951, 0.6460000276565552, 0.6460000276565552, 0.6480000019073486, 0.6460000276565552, 0.6489999890327454, 0.6470000147819519, 0.6489999890327454, 0.6460000276565552, 0.6499999761581421, 0.6499999761581421, 0.6489999890327454, 0.6520000100135803, 0.656000018119812, 0.6549999713897705, 0.6520000100135803, 0.6520000100135803, 0.652999997138977, 0.6589999794960022, 0.6629999876022339, 0.6589999794960022, 0.6539999842643738, 0.6539999842643738, 0.656000018119812, 0.6589999794960022, 0.6589999794960022, 0.6610000133514404, 0.6610000133514404, 0.6620000004768372, 0.6620000004768372, 0.6620000004768372, 0.6620000004768372, 0.6610000133514404, 0.6629999876022339, 0.6650000214576721, 0.6700000166893005, 0.6620000004768372, 0.6650000214576721, 0.6610000133514404, 0.6629999876022339, 0.6570000052452087, 0.6579999923706055, 0.6700000166893005, 0.6669999957084656, 0.6650000214576721, 0.6629999876022339, 0.6710000038146973, 0.6710000038146973, 0.6710000038146973, 0.6729999780654907, 0.6759999990463257, 0.6740000247955322, 0.6729999780654907, 0.671999990940094, 0.6700000166893005, 0.6759999990463257, 0.6769999861717224, 0.6759999990463257, 0.6819999814033508, 0.6850000023841858, 0.6800000071525574, 0.6759999990463257, 0.6819999814033508, 0.6880000233650208, 0.6869999766349792, 0.6919999718666077, 0.6850000023841858, 0.6869999766349792, 0.6819999814033508, 0.6880000233650208, 0.6850000023841858, 0.6850000023841858, 0.6890000104904175, 0.6850000023841858, 0.6850000023841858, 0.6890000104904175, 0.6909999847412109, 0.6919999718666077, 0.6909999847412109, 0.6909999847412109, 0.6970000267028809, 0.703000009059906, 0.703000009059906, 0.7059999704360962, 0.7020000219345093, 0.7089999914169312, 0.7099999785423279, 0.7170000076293945, 0.7089999914169312, 0.7089999914169312, 0.7009999752044678, 0.7009999752044678, 0.7009999752044678, 0.7059999704360962, 0.7099999785423279, 0.7039999961853027, 0.6980000138282776, 0.6980000138282776, 0.7080000042915344, 0.7039999961853027, 0.6930000185966492, 0.7099999785423279, 0.7089999914169312, 0.6970000267028809, 0.6959999799728394, 0.6990000009536743, 0.7009999752044678, 0.7009999752044678, 0.6980000138282776, 0.699999988079071, 0.7009999752044678, 0.699999988079071, 0.7009999752044678, 0.6970000267028809, 0.6970000267028809, 0.6959999799728394, 0.6990000009536743, 0.7009999752044678, 0.7020000219345093, 0.703000009059906, 0.703000009059906, 0.7039999961853027, 0.7070000171661377, 0.7070000171661377, 0.7110000252723694, 0.7080000042915344, 0.7059999704360962, 0.7059999704360962, 0.7120000123977661, 0.7089999914169312, 0.7070000171661377, 0.7070000171661377, 0.7120000123977661, 0.7149999737739563, 0.7139999866485596, 0.7139999866485596, 0.7099999785423279, 0.7009999752044678, 0.6990000009536743, 0.6980000138282776, 0.6880000233650208, 0.6880000233650208, 0.699999988079071, 0.7039999961853027, 0.7160000205039978, 0.7160000205039978, 0.7160000205039978, 0.7120000123977661, 0.7149999737739563, 0.7160000205039978, 0.7179999947547913, 0.718999981880188, 0.722000002861023, 0.7229999899864197, 0.7269999980926514, 0.734000027179718, 0.7369999885559082, 0.7369999885559082, 0.7329999804496765, 0.7329999804496765, 0.7490000128746033, 0.7540000081062317, 0.7519999742507935, 0.7360000014305115, 0.7360000014305115]
intensities: [994.0, 1063.0, 1112.0, 1125.0, 1147.0, 1167.0, 1216.0, 1235.0, 1254.0, 1263.0, 1284.0, 1275.0, 1257.0, 1250.0, 1148.0, 1125.0, 1085.0, 1055.0, 875.0, 830.0, 849.0, 923.0, 932.0, 939.0, 974.0, 978.0, 997.0, 1076.0, 1141.0, 1141.0, 1319.0, 1346.0, 1362.0, 1442.0, 1503.0, 1471.0, 1517.0, 1535.0, 1517.0, 1536.0, 1536.0, 1537.0, 1539.0, 1540.0, 1541.0, 1543.0, 1552.0, 1550.0, 1541.0, 1543.0, 1550.0, 1548.0, 1545.0, 1547.0, 1545.0, 1546.0, 1546.0, 1546.0, 1551.0, 1553.0, 1549.0, 1550.0, 1550.0, 1548.0, 1569.0, 1588.0, 1579.0, 1568.0, 1568.0, 1574.0, 1570.0, 1565.0, 1548.0, 1552.0, 1557.0, 1545.0, 1549.0, 1546.0, 1546.0, 1547.0, 1546.0, 1552.0, 1548.0, 1548.0, 1530.0, 1527.0, 1520.0, 1518.0, 1510.0, 1500.0, 1506.0, 1496.0, 1487.0, 1460.0, 1464.0, 1484.0, 1471.0, 1457.0, 1454.0, 1454.0, 1443.0, 1433.0, 1429.0, 1413.0, 1413.0, 1402.0, 1414.0, 1392.0, 1417.0, 1415.0, 1410.0, 1384.0, 1384.0, 1387.0, 1383.0, 1391.0, 1345.0, 1347.0, 1333.0, 1323.0, 1324.0, 1313.0, 1303.0, 1303.0, 1275.0, 1266.0, 1248.0, 1241.0, 1241.0, 1224.0, 1210.0, 1217.0, 1223.0, 1212.0, 1204.0, 1202.0, 1192.0, 1186.0, 1186.0, 1161.0, 1181.0, 1167.0, 1164.0, 1167.0, 1170.0, 1161.0, 1145.0, 1132.0, 1120.0, 1160.0, 1139.0, 1130.0, 1116.0, 1120.0, 1120.0, 1124.0, 1117.0, 1112.0, 1141.0, 1135.0, 1138.0, 1135.0, 1126.0, 1134.0, 1112.0, 1115.0, 1104.0, 1112.0, 1112.0, 1121.0, 1100.0, 1092.0, 1115.0, 1101.0, 1095.0, 1107.0, 1112.0, 1084.0, 1091.0, 1091.0, 1098.0, 1090.0, 1094.0, 1099.0, 1097.0, 1101.0, 1111.0, 1108.0, 1098.0, 1118.0, 1120.0, 1118.0, 1102.0, 1090.0, 1090.0, 1097.0, 1100.0, 1096.0, 1093.0, 1086.0, 1088.0, 1080.0, 1089.0, 1098.0, 1102.0, 1084.0, 1083.0, 1071.0, 1077.0, 1078.0, 1082.0, 1086.0, 1076.0, 1065.0, 1055.0, 1055.0, 1067.0, 1081.0, 1054.0, 1049.0, 1064.0, 1059.0, 1070.0, 1070.0, 1059.0, 1051.0, 1042.0, 1035.0, 1033.0, 1040.0, 1044.0, 1032.0, 1023.0, 1031.0, 1017.0, 1024.0, 1009.0, 1019.0, 1013.0, 1030.0, 1000.0, 1004.0, 1012.0, 1003.0, 992.0, 988.0, 971.0, 980.0, 978.0, 967.0, 978.0, 970.0, 958.0, 953.0, 969.0, 953.0, 956.0, 959.0, 960.0, 970.0, 959.0, 937.0, 940.0, 937.0, 931.0, 929.0, 932.0, 925.0, 926.0, 931.0, 924.0, 928.0, 921.0, 910.0, 908.0, 908.0, 907.0, 911.0, 896.0, 898.0, 887.0, 890.0, 883.0, 878.0, 865.0, 857.0, 853.0, 863.0, 861.0, 859.0, 871.0, 873.0, 863.0, 840.0, 842.0, 849.0, 862.0, 891.0, 1192.0, 1398.0, 957.0, 952.0, 942.0, 942.0, 953.0, 947.0, 951.0, 954.0, 954.0, 961.0, 947.0, 954.0, 954.0, 969.0, 962.0, 958.0, 954.0, 953.0, 956.0, 946.0, 951.0, 945.0, 951.0, 955.0, 950.0, 960.0, 963.0, 960.0, 960.0, 950.0, 948.0, 941.0, 943.0, 961.0, 949.0, 958.0, 960.0, 946.0, 955.0, 950.0, 962.0, 955.0, 945.0, 941.0, 941.0, 958.0, 944.0, 950.0, 953.0, 956.0, 950.0, 957.0, 951.0, 950.0, 936.0, 945.0, 950.0, 951.0, 956.0, 947.0, 945.0, 945.0, 951.0, 949.0, 959.0, 962.0, 956.0, 953.0, 951.0, 958.0, 949.0, 955.0, 956.0, 959.0, 952.0, 947.0, 945.0, 956.0, 955.0, 955.0, 953.0, 954.0, 954.0, 948.0, 961.0, 954.0, 952.0, 935.0, 953.0, 950.0, 952.0, 948.0, 942.0, 949.0, 951.0, 955.0, 959.0, 948.0, 950.0, 950.0, 943.0, 947.0, 945.0, 938.0, 925.0, 940.0, 932.0, 961.0, 975.0, 953.0, 929.0, 942.0, 944.0, 949.0, 961.0, 958.0, 962.0, 972.0, 971.0, 981.0, 983.0, 993.0, 992.0, 1004.0, 1001.0, 1005.0, 1013.0, 1012.0, 1027.0, 1019.0, 1031.0, 1020.0, 1037.0, 1028.0, 1042.0, 1063.0, 1074.0, 1089.0, 1078.0, 1096.0, 1079.0, 1085.0, 1095.0, 1093.0, 1098.0, 1097.0, 1099.0, 1107.0, 1107.0, 1114.0, 1109.0, 1116.0, 1109.0, 1107.0, 1135.0, 1111.0, 1096.0, 1115.0, 1110.0, 1112.0, 1103.0, 1124.0, 1125.0, 1160.0, 1156.0, 1143.0, 1121.0, 1130.0, 1131.0, 1132.0, 1143.0, 1154.0, 1144.0, 1153.0, 1172.0, 1187.0, 1191.0, 1206.0, 1221.0, 1232.0, 1230.0, 1231.0, 1245.0, 1241.0, 1238.0, 1249.0, 1252.0, 1260.0, 1283.0, 1269.0, 1263.0, 1276.0, 1286.0, 1289.0, 1283.0, 1292.0, 1316.0, 1320.0, 1319.0, 1320.0, 1321.0, 1331.0, 1330.0, 1326.0, 1326.0, 1334.0, 1333.0, 1335.0, 1335.0, 1348.0, 1335.0, 1345.0, 1360.0, 1361.0, 1376.0, 1376.0, 1364.0, 1373.0, 1393.0, 1393.0, 1401.0, 1405.0, 1397.0, 1409.0, 1406.0, 1405.0, 1424.0, 1424.0, 1423.0, 1434.0, 1454.0, 1456.0, 1450.0, 1460.0, 1458.0, 1458.0, 1463.0, 1455.0, 1472.0, 1486.0, 1495.0, 1492.0, 1486.0, 1497.0, 1514.0, 1500.0, 1505.0, 1505.0, 1505.0, 1544.0, 1555.0, 1567.0, 1572.0, 1557.0, 1564.0, 1554.0, 1558.0, 1566.0, 1579.0, 1584.0, 1584.0, 1589.0, 1582.0, 1584.0, 1600.0, 1605.0, 1601.0, 1624.0, 1626.0, 1628.0, 1628.0, 1620.0, 1631.0, 1629.0, 1631.0, 1634.0, 1641.0, 1632.0, 1630.0, 1632.0, 1640.0, 1644.0, 1641.0, 1638.0, 1642.0, 1642.0, 1641.0, 1641.0, 1644.0, 1644.0, 1645.0, 1646.0, 1647.0, 1648.0, 1648.0, 1648.0, 1659.0, 1653.0, 1651.0, 1651.0, 1651.0, 1660.0, 1667.0, 1663.0, 1666.0, 1665.0, 1666.0, 1664.0, 1671.0, 1681.0, 1677.0, 1673.0, 1685.0, 1689.0, 1689.0, 1691.0, 1691.0, 1702.0, 1710.0, 1707.0, 1700.0, 1694.0, 1704.0, 1704.0, 1723.0, 1721.0, 1718.0, 1714.0, 1715.0, 1726.0, 1744.0, 1733.0, 1733.0, 1720.0, 1740.0, 1748.0, 1767.0, 1767.0, 1753.0, 1746.0, 1743.0, 1758.0, 1763.0, 1751.0, 1748.0, 1767.0, 1761.0, 1760.0, 1764.0, 1749.0, 1758.0, 1761.0, 1766.0, 1771.0, 1775.0, 1783.0, 1785.0, 1792.0, 1801.0, 1810.0, 1800.0, 1800.0, 1809.0, 1809.0, 1810.0, 1814.0, 1829.0, 1822.0, 1814.0, 1833.0, 1841.0, 1841.0, 1817.0, 1817.0, 1822.0, 1798.0, 1813.0, 1827.0, 1818.0, 1818.0, 1804.0, 1830.0, 1835.0, 1843.0, 1830.0, 1817.0, 1853.0, 1856.0, 1850.0, 1839.0, 1828.0, 1844.0, 1851.0, 1856.0, 1865.0, 1871.0, 1875.0, 1857.0, 1863.0, 1852.0, 1880.0, 1875.0, 1857.0, 1862.0, 1871.0, 1875.0, 1875.0, 1863.0, 1863.0, 1873.0, 1889.0, 1893.0, 1892.0, 1888.0, 1888.0, 1880.0, 1881.0, 1871.0, 1895.0, 1878.0, 1878.0, 1874.0, 1867.0, 1866.0, 1889.0, 1893.0, 1886.0, 1891.0, 1883.0, 1878.0, 1849.0, 1893.0, 1884.0, 1898.0, 1898.0, 1878.0, 1882.0, 1887.0, 1889.0, 1883.0, 1885.0, 1868.0, 1860.0, 1865.0, 1877.0, 1870.0, 1870.0, 1868.0, 1857.0, 1820.0, 1824.0, 1824.0, 1836.0, 1836.0, 1870.0, 1847.0, 1829.0, 1850.0, 1843.0, 1828.0, 1854.0, 1825.0, 1825.0, 1836.0, 1830.0, 1830.0, 1842.0, 1842.0, 1817.0, 1824.0, 1816.0, 1767.0, 1814.0, 1800.0, 1800.0, 1806.0, 1795.0, 1821.0, 1810.0, 1794.0, 1815.0, 1824.0, 1813.0, 1811.0, 1795.0, 1795.0, 1759.0, 1795.0, 1767.0, 1767.0, 1792.0, 1797.0, 1776.0, 1776.0, 1778.0, 1778.0, 1759.0, 1787.0, 1795.0, 1789.0, 1769.0, 1789.0, 1774.0, 1774.0, 1757.0, 1726.0, 1744.0, 1727.0, 1716.0, 1697.0, 1682.0, 1695.0, 1726.0, 1702.0, 1696.0, 1708.0, 1708.0, 1689.0, 1700.0, 1687.0, 1682.0, 1684.0, 1689.0, 1687.0, 1662.0, 1687.0, 1686.0, 1689.0, 1679.0, 1663.0, 1667.0, 1667.0, 1641.0, 1651.0, 1651.0, 1628.0, 1628.0, 1610.0, 1606.0, 1601.0, 1577.0, 1593.0, 1594.0, 1586.0, 1597.0, 1563.0, 1568.0, 1567.0, 1567.0, 1552.0, 1550.0, 1534.0, 1534.0, 1536.0, 1523.0, 1516.0, 1521.0, 1521.0, 1519.0, 1523.0, 1516.0, 1500.0, 1505.0, 1502.0, 1493.0, 1495.0, 1493.0, 1471.0, 1479.0, 1469.0, 1470.0, 1462.0, 1449.0, 1449.0, 1444.0, 1439.0, 1422.0, 1419.0, 1419.0, 1421.0, 1432.0, 1435.0, 1417.0, 1417.0, 1426.0, 1413.0, 1417.0, 1424.0, 1424.0, 1413.0, 1418.0, 1424.0, 1419.0, 1409.0, 1411.0, 1412.0, 1394.0, 1394.0, 1381.0, 1401.0, 1409.0, 1374.0, 1374.0, 1375.0, 1381.0, 1387.0, 1387.0, 1380.0, 1406.0, 1384.0, 1399.0, 1352.0, 1343.0, 1353.0, 1364.0, 1362.0, 1362.0, 1348.0, 1348.0, 1347.0, 1342.0, 1334.0, 1324.0, 1338.0, 1334.0, 1329.0, 1329.0, 1325.0, 1324.0, 1318.0, 1321.0, 1334.0, 1334.0, 1337.0, 1329.0, 1317.0, 1309.0, 1308.0, 1325.0, 1336.0, 1322.0, 1322.0, 1315.0, 1315.0, 1309.0, 1317.0, 1325.0, 1317.0, 1312.0, 1300.0, 1297.0, 1309.0, 1306.0, 1289.0, 1289.0, 1289.0, 1293.0, 1295.0, 1315.0, 1310.0, 1305.0, 1298.0, 1305.0, 1296.0, 1296.0, 1315.0, 1338.0, 1324.0, 1328.0, 1319.0, 1316.0, 1312.0, 1317.0, 1308.0, 1322.0, 1314.0, 1323.0, 1332.0, 1323.0, 1346.0, 1339.0, 1359.0, 1346.0, 1359.0, 1345.0, 1344.0, 1317.0, 1317.0, 1332.0, 1352.0, 1348.0, 1343.0, 1342.0, 1346.0, 1341.0, 1338.0, 1354.0, 1364.0, 1374.0, 1360.0, 1365.0, 1347.0, 1362.0, 1365.0, 1360.0, 1359.0, 1359.0, 1350.0, 1350.0, 1357.0, 1360.0, 1356.0, 1348.0, 1350.0, 1387.0, 1386.0, 1359.0, 1381.0, 1381.0, 1385.0, 1385.0, 1379.0, 1384.0, 1390.0, 1389.0, 1389.0, 1397.0, 1387.0, 1394.0, 1396.0, 1396.0, 1408.0, 1405.0, 1391.0, 1410.0, 1430.0, 1422.0, 1415.0, 1418.0, 1426.0, 1422.0, 1437.0, 1424.0, 1424.0, 1435.0, 1447.0, 1438.0, 1447.0, 1444.0, 1431.0, 1432.0, 1432.0, 1448.0, 1445.0, 1469.0, 1470.0, 1486.0, 1486.0, 1469.0, 1468.0, 1478.0, 1467.0, 1467.0, 1470.0, 1474.0, 1463.0, 1477.0, 1472.0, 1471.0, 1475.0, 1474.0, 1475.0, 1442.0, 1442.0, 1475.0, 1479.0, 1461.0, 1452.0, 1462.0, 1468.0, 1460.0]