header: 
  seq: 2459
  stamp: 
    secs: 1548820818
    nsecs: 685322395
  frame_id: "base_link"
angle_min: -2.35619449615
angle_max: 2.35619449615
angle_increment: 0.00436332309619
time_increment: 1.73611151695e-05
scan_time: 0.0250000003725
range_min: 0.019999999553
range_max: 30.0
ranges: [0.41499999165534973, 0.42500001192092896, 0.4169999957084656, 0.4350000023841858, 0.4309999942779541, 0.42899999022483826, 0.4269999861717224, 0.42100000381469727, 0.42100000381469727, 0.42399999499320984, 0.42500001192092896, 0.421999990940094, 0.4169999957084656, 0.41999998688697815, 0.41499999165534973, 0.38999998569488525, 0.375, 0.34299999475479126, 0.28999999165534973, 0.3370000123977661, 0.3840000033378601, 0.39800000190734863, 0.41600000858306885, 0.42399999499320984, 0.4230000078678131, 0.4259999990463257, 0.4359999895095825, 0.4359999895095825, 0.41600000858306885, 0.4390000104904175, 0.4359999895095825, 0.4339999854564667, 0.4339999854564667, 0.43299999833106995, 0.4339999854564667, 0.4339999854564667, 0.43700000643730164, 0.4339999854564667, 0.4300000071525574, 0.4309999942779541, 0.4309999942779541, 0.4410000145435333, 0.4339999854564667, 0.4320000112056732, 0.4320000112056732, 0.44200000166893005, 0.43799999356269836, 0.43299999833106995, 0.4359999895095825, 0.44200000166893005, 0.4429999887943268, 0.44200000166893005, 0.4429999887943268, 0.4429999887943268, 0.4429999887943268, 0.44200000166893005, 0.4410000145435333, 0.4449999928474426, 0.4429999887943268, 0.4449999928474426, 0.4449999928474426, 0.44200000166893005, 0.4390000104904175, 0.4410000145435333, 0.4480000138282776, 0.4490000009536743, 0.4429999887943268, 0.4429999887943268, 0.4440000057220459, 0.44600000977516174, 0.44600000977516174, 0.44999998807907104, 0.45500001311302185, 0.45500001311302185, 0.4569999873638153, 0.4569999873638153, 0.4580000042915344, 0.45899999141693115, 0.46000000834465027, 0.46000000834465027, 0.46000000834465027, 0.460999995470047, 0.4569999873638153, 0.4569999873638153, 0.45500001311302185, 0.45500001311302185, 0.460999995470047, 0.46700000762939453, 0.4650000035762787, 0.46299999952316284, 0.4569999873638153, 0.4580000042915344, 0.4690000116825104, 0.4650000035762787, 0.460999995470047, 0.46399998664855957, 0.4699999988079071, 0.4749999940395355, 0.4740000069141388, 0.46700000762939453, 0.46700000762939453, 0.46299999952316284, 0.460999995470047, 0.46700000762939453, 0.46799999475479126, 0.4690000116825104, 0.4690000116825104, 0.47099998593330383, 0.4690000116825104, 0.47600001096725464, 0.4779999852180481, 0.48100000619888306, 0.4830000102519989, 0.47200000286102295, 0.4690000116825104, 0.4819999933242798, 0.4880000054836273, 0.48500001430511475, 0.49000000953674316, 0.49000000953674316, 0.492000013589859, 0.4970000088214874, 0.4959999918937683, 0.5, 0.49300000071525574, 0.4970000088214874, 0.4970000088214874, 0.5, 0.4970000088214874, 0.49399998784065247, 0.4970000088214874, 0.503000020980835, 0.5009999871253967, 0.48899999260902405, 0.4869999885559082, 0.4869999885559082, 0.503000020980835, 0.5049999952316284, 0.5049999952316284, 0.503000020980835, 0.503000020980835, 0.5049999952316284, 0.5059999823570251, 0.5109999775886536, 0.5090000033378601, 0.5080000162124634, 0.5080000162124634, 0.5149999856948853, 0.5080000162124634, 0.5049999952316284, 0.5070000290870667, 0.5180000066757202, 0.515999972820282, 0.5099999904632568, 0.5099999904632568, 0.5090000033378601, 0.5130000114440918, 0.5149999856948853, 0.5139999985694885, 0.5149999856948853, 0.5170000195503235, 0.5239999890327454, 0.5239999890327454, 0.527999997138977, 0.5289999842643738, 0.5289999842643738, 0.5289999842643738, 0.5230000019073486, 0.5230000019073486, 0.5270000100135803, 0.5440000295639038, 0.5400000214576721, 0.5370000004768372, 0.5339999794960022, 0.5360000133514404, 0.5419999957084656, 0.5429999828338623, 0.546999990940094, 0.5490000247955322, 0.5519999861717224, 0.5490000247955322, 0.5540000200271606, 0.5479999780654907, 0.5540000200271606, 0.5550000071525574, 0.5630000233650208, 0.5590000152587891, 0.5630000233650208, 0.5659999847412109, 0.5759999752044678, 0.5820000171661377, 0.5879999995231628, 0.5849999785423279, 0.5879999995231628, 0.5889999866485596, 0.5879999995231628, 0.5860000252723694, 0.5860000252723694, 0.5950000286102295, 0.6010000109672546, 0.6000000238418579, 0.6000000238418579, 0.6069999933242798, 0.6129999756813049, 0.6129999756813049, 0.6159999966621399, 0.6169999837875366, 0.6169999837875366, 0.6179999709129333, 0.6179999709129333, 0.625, 0.6240000128746033, 0.6309999823570251, 0.6330000162124634, 0.6340000033378601, 0.6359999775886536, 0.6380000114440918, 0.6449999809265137, 0.6449999809265137, 0.6489999890327454, 0.652999997138977, 0.6570000052452087, 0.6570000052452087, 0.6610000133514404, 0.6710000038146973, 0.6790000200271606, 0.6940000057220459, 0.6940000057220459, 0.6909999847412109, 0.6909999847412109, 0.6990000009536743, 0.703000009059906, 0.7059999704360962, 0.7129999995231628, 0.7139999866485596, 0.7210000157356262, 0.722000002861023, 0.7229999899864197, 0.7350000143051147, 0.7419999837875366, 0.75, 0.746999979019165, 0.753000020980835, 0.7609999775886536, 0.7670000195503235, 0.765999972820282, 0.7689999938011169, 0.7760000228881836, 0.7820000052452087, 0.7829999923706055, 0.7919999957084656, 0.8009999990463257, 0.8149999976158142, 0.8100000023841858, 0.8119999766349792, 0.8130000233650208, 0.8190000057220459, 0.8270000219345093, 0.8289999961853027, 0.8370000123977661, 0.8379999995231628, 0.8450000286102295, 0.8579999804496765, 0.8700000047683716, 0.8740000128746033, 0.8809999823570251, 0.8899999856948853, 0.8859999775886536, 0.8970000147819519, 0.8989999890327454, 0.9079999923706055, 0.9100000262260437, 0.921999990940094, 0.9340000152587891, 0.9399999976158142, 0.9559999704360962, 0.9629999995231628, 0.9769999980926514, 0.9890000224113464, 0.9929999709129333, 0.9950000047683716, 1.0140000581741333, 1.0219999551773071, 1.0240000486373901, 1.034000039100647, 1.0499999523162842, 1.059999942779541, 1.065999984741211, 1.0729999542236328, 1.0880000591278076, 1.0920000076293945, 1.0950000286102295, 1.1130000352859497, 1.121999979019165, 1.149999976158142, 1.156000018119812, 1.1640000343322754, 1.1759999990463257, 1.187000036239624, 1.2070000171661377, 1.215999960899353, 1.2339999675750732, 1.25, 1.2669999599456787, 1.2730000019073486, 1.2929999828338623, 1.3140000104904175, 1.3359999656677246, 1.3359999656677246, 1.3569999933242798, 1.3680000305175781, 1.3899999856948853, 1.437999963760376, 1.5420000553131104, 1.7869999408721924, 2.4760000705718994, 2.4839999675750732, 2.486999988555908, 2.486999988555908, 2.4830000400543213, 2.4779999256134033, 2.4730000495910645, 2.4730000495910645, 2.4679999351501465, 2.4630000591278076, 2.4590001106262207, 2.4570000171661377, 2.4560000896453857, 2.453000068664551, 2.4509999752044678, 2.4489998817443848, 2.441999912261963, 2.438999891281128, 2.441999912261963, 2.443000078201294, 2.436000108718872, 2.431999921798706, 2.427999973297119, 2.427000045776367, 2.427999973297119, 2.427000045776367, 2.427000045776367, 2.4119999408721924, 2.4119999408721924, 2.4130001068115234, 2.4149999618530273, 2.4149999618530273, 2.4110000133514404, 2.4070000648498535, 2.4110000133514404, 2.4089999198913574, 2.4059998989105225, 2.4049999713897705, 2.4030001163482666, 2.3989999294281006, 2.3959999084472656, 2.4000000953674316, 2.390000104904175, 2.382999897003174, 2.371999979019165, 2.375999927520752, 2.374000072479248, 2.375, 2.36899995803833, 2.364000082015991, 2.3559999465942383, 2.3489999771118164, 2.3459999561309814, 2.3410000801086426, 2.3359999656677246, 2.3359999656677246, 2.3320000171661377, 2.328000068664551, 2.3239998817443848, 2.321000099182129, 2.321000099182129, 2.312999963760376, 2.302999973297119, 2.2909998893737793, 2.2890000343322754, 2.2860000133514404, 2.2760000228881836, 2.2760000228881836, 2.2750000953674316, 2.259000062942505, 2.256999969482422, 2.25600004196167, 2.250999927520752, 2.25, 2.242000102996826, 2.2339999675750732, 2.2249999046325684, 2.2119998931884766, 2.2100000381469727, 2.2119998931884766, 2.203000068664551, 2.197000026702881, 2.181999921798706, 2.1760001182556152, 2.1730000972747803, 2.1630001068115234, 2.1570000648498535, 2.1419999599456787, 2.1419999599456787, 2.134999990463257, 2.125999927520752, 2.11299991607666, 2.109999895095825, 2.1089999675750732, 2.1089999675750732, 2.1070001125335693, 2.0940001010894775, 2.0859999656677246, 2.075000047683716, 2.062999963760376, 2.052000045776367, 2.0429999828338623, 2.0239999294281006, 2.0260000228881836, 2.0169999599456787, 2.005000114440918, 1.996000051498413, 1.996000051498413, 1.9780000448226929, 1.9589999914169312, 1.9570000171661377, 1.9450000524520874, 1.930999994277954, 1.9259999990463257, 1.909000039100647, 1.899999976158142, 1.8940000534057617, 1.8700000047683716, 1.8619999885559082, 1.847000002861023, 1.8329999446868896, 1.8240000009536743, 1.812999963760376, 1.7970000505447388, 1.7879999876022339, 1.7680000066757202, 1.7640000581741333, 1.7369999885559082, 1.725000023841858, 1.7120000123977661, 1.690999984741211, 1.6779999732971191, 1.6610000133514404, 1.6390000581741333, 1.6239999532699585, 1.5959999561309814, 1.5850000381469727, 1.5670000314712524, 1.5440000295639038, 1.534000039100647, 1.5069999694824219, 1.4910000562667847, 1.4769999980926514, 1.444000005722046, 1.4290000200271606, 1.406000018119812, 1.3830000162124634, 1.3680000305175781, 1.3589999675750732, 1.3459999561309814, 1.3179999589920044, 1.3040000200271606, 1.2920000553131104, 1.2740000486373901, 1.2690000534057617, 1.2569999694824219, 1.2389999628067017, 1.225000023841858, 1.2039999961853027, 1.2009999752044678, 1.1799999475479126, 1.1649999618530273, 1.1619999408721924, 1.1510000228881836, 1.128000020980835, 1.1109999418258667, 1.1039999723434448, 1.1030000448226929, 1.0859999656677246, 1.0700000524520874, 1.062000036239624, 1.0520000457763672, 1.0379999876022339, 1.031000018119812, 1.024999976158142, 1.0199999809265137, 1.0080000162124634, 0.9869999885559082, 0.9850000143051147, 0.9850000143051147, 0.9769999980926514, 0.9580000042915344, 0.9430000185966492, 0.9340000152587891, 0.9259999990463257, 0.9190000295639038, 0.9169999957084656, 0.9169999957084656, 0.9100000262260437, 0.8980000019073486, 0.8949999809265137, 0.8830000162124634, 0.8820000290870667, 0.878000020980835, 0.8769999742507935, 0.8690000176429749, 0.859000027179718, 0.8600000143051147, 0.8410000205039978, 0.8389999866485596, 0.8349999785423279, 0.8320000171661377, 0.8299999833106995, 0.8240000009536743, 0.828000009059906, 0.8309999704360962, 0.8159999847412109, 0.8090000152587891, 0.8029999732971191, 0.7879999876022339, 0.7900000214576721, 0.7929999828338623, 0.7829999923706055, 0.7770000100135803, 0.7730000019073486, 0.7710000276565552, 0.7670000195503235, 0.7609999775886536, 0.753000020980835, 0.7509999871253967, 0.75, 0.7419999837875366, 0.7390000224113464, 0.7379999756813049, 0.7300000190734863, 0.7260000109672546, 0.7229999899864197, 0.7229999899864197, 0.7160000205039978, 0.7099999785423279, 0.7020000219345093, 0.6970000267028809, 0.6970000267028809, 0.6980000138282776, 0.6940000057220459, 0.6869999766349792, 0.6859999895095825, 0.6830000281333923, 0.6790000200271606, 0.6729999780654907, 0.6639999747276306, 0.6639999747276306, 0.6679999828338623, 0.6679999828338623, 0.6600000262260437, 0.6570000052452087, 0.6589999794960022, 0.6520000100135803, 0.6520000100135803, 0.6499999761581421, 0.6480000019073486, 0.6420000195503235, 0.6420000195503235, 0.6420000195503235, 0.6370000243186951, 0.6340000033378601, 0.6299999952316284, 0.6200000047683716, 0.6240000128746033, 0.6190000176429749, 0.6190000176429749, 0.6140000224113464, 0.609000027179718, 0.6029999852180481, 0.6060000061988831, 0.6079999804496765, 0.6100000143051147, 0.6100000143051147, 0.6119999885559082, 0.6019999980926514, 0.5929999947547913, 0.5860000252723694, 0.5860000252723694, 0.5860000252723694, 0.5820000171661377, 0.5820000171661377, 0.5820000171661377, 0.5799999833106995, 0.5799999833106995, 0.574999988079071, 0.574999988079071, 0.578000009059906, 0.5720000267028809, 0.5649999976158142, 0.5519999861717224, 0.5559999942779541, 0.5569999814033508, 0.5619999766349792, 0.5580000281333923, 0.5619999766349792, 0.5580000281333923, 0.5580000281333923, 0.5600000023841858, 0.5590000152587891, 0.5550000071525574, 0.550000011920929, 0.550000011920929, 0.5479999780654907, 0.5479999780654907, 0.5479999780654907, 0.5529999732971191, 0.5519999861717224, 0.5450000166893005, 0.5379999876022339, 0.5419999957084656, 0.5389999747276306, 0.5379999876022339, 0.5370000004768372, 0.5379999876022339, 0.5370000004768372, 0.5260000228881836, 0.5289999842643738, 0.5260000228881836, 0.5230000019073486, 0.5239999890327454, 0.5270000100135803, 0.5270000100135803, 0.5270000100135803, 0.5260000228881836, 0.515999972820282, 0.515999972820282, 0.5170000195503235, 0.515999972820282, 0.5099999904632568, 0.5059999823570251, 0.5080000162124634, 0.5070000290870667, 0.5059999823570251, 0.5049999952316284, 0.5080000162124634, 0.5040000081062317, 0.5019999742507935, 0.492000013589859, 0.5, 0.5059999823570251, 0.5019999742507935, 0.5009999871253967, 0.5049999952316284, 0.5059999823570251, 0.5040000081062317, 0.5009999871253967, 0.503000020980835, 0.503000020980835, 0.503000020980835, 0.49900001287460327, 0.49900001287460327, 0.49900001287460327, 0.49900001287460327, 0.5, 0.4959999918937683, 0.49399998784065247, 0.4970000088214874, 0.4959999918937683, 0.49900001287460327, 0.49900001287460327, 0.5, 0.5, 0.492000013589859, 0.47999998927116394, 0.47999998927116394, 0.48500001430511475, 0.4869999885559082, 0.4869999885559082, 0.48899999260902405, 0.48899999260902405, 0.48899999260902405, 0.4860000014305115, 0.48399999737739563, 0.4790000021457672, 0.47699999809265137, 0.4779999852180481, 0.4779999852180481, 0.4819999933242798, 0.48500001430511475, 0.4790000021457672, 0.48100000619888306, 0.4819999933242798, 0.4779999852180481, 0.4749999940395355, 0.47600001096725464, 0.4779999852180481, 0.4749999940395355, 0.4729999899864197, 0.47200000286102295, 0.47600001096725464, 0.4749999940395355, 0.47200000286102295, 0.47200000286102295, 0.47699999809265137, 0.47600001096725464, 0.4749999940395355, 0.47099998593330383, 0.4749999940395355, 0.4690000116825104, 0.4650000035762787, 0.4659999907016754, 0.4699999988079071, 0.47200000286102295, 0.4749999940395355, 0.47200000286102295, 0.46700000762939453, 0.4690000116825104, 0.47200000286102295, 0.4779999852180481, 0.4860000014305115, 0.47999998927116394, 0.4749999940395355, 0.4749999940395355, 0.4749999940395355, 0.47600001096725464, 0.47200000286102295, 0.47200000286102295, 0.46700000762939453, 0.4659999907016754, 0.46700000762939453, 0.46799999475479126, 0.4650000035762787, 0.46399998664855957, 0.46700000762939453, 0.47200000286102295, 0.47200000286102295, 0.47099998593330383, 0.47099998593330383, 0.4650000035762787, 0.46700000762939453, 0.47099998593330383, 0.47099998593330383, 0.46799999475479126, 0.4650000035762787, 0.46700000762939453, 0.4740000069141388, 0.4740000069141388, 0.47200000286102295, 0.47099998593330383, 0.4690000116825104, 0.47600001096725464, 0.4790000021457672, 0.47600001096725464, 0.4690000116825104, 0.4659999907016754, 0.46700000762939453, 0.4659999907016754, 0.4690000116825104, 0.4729999899864197, 0.47200000286102295, 0.47200000286102295, 0.47200000286102295, 0.4740000069141388, 0.4740000069141388, 0.4749999940395355, 0.4740000069141388, 0.4740000069141388, 0.4740000069141388, 0.4699999988079071, 0.4699999988079071, 0.47099998593330383, 0.4699999988079071, 0.4659999907016754, 0.46700000762939453, 0.4690000116825104, 0.47600001096725464, 0.48100000619888306, 0.4779999852180481, 0.4779999852180481, 0.4790000021457672, 0.4790000021457672, 0.47200000286102295, 0.47099998593330383, 0.47099998593330383, 0.4690000116825104, 0.4690000116825104, 0.47699999809265137, 0.47699999809265137, 0.4740000069141388, 0.47999998927116394, 0.47999998927116394, 0.4699999988079071, 0.4699999988079071, 0.47200000286102295, 0.4749999940395355, 0.4749999940395355, 0.4749999940395355, 0.4779999852180481, 0.4740000069141388, 0.47699999809265137, 0.4749999940395355, 0.47699999809265137, 0.4790000021457672, 0.48899999260902405, 0.48500001430511475, 0.48100000619888306, 0.48399999737739563, 0.48899999260902405, 0.4909999966621399, 0.492000013589859, 0.4860000014305115, 0.4830000102519989, 0.4819999933242798, 0.4819999933242798, 0.49000000953674316, 0.49399998784065247, 0.49300000071525574, 0.49399998784065247, 0.49300000071525574, 0.4959999918937683, 0.4959999918937683, 0.49900001287460327, 0.5019999742507935, 0.49900001287460327, 0.4970000088214874, 0.4970000088214874, 0.49900001287460327, 0.503000020980835, 0.5059999823570251, 0.5090000033378601, 0.5080000162124634, 0.5080000162124634, 0.5009999871253967, 0.49900001287460327, 0.5019999742507935, 0.5040000081062317, 0.5080000162124634, 0.5130000114440918, 0.5189999938011169, 0.5189999938011169, 0.5180000066757202, 0.5109999775886536, 0.5109999775886536, 0.5180000066757202, 0.5220000147819519, 0.5239999890327454, 0.5210000276565552, 0.5170000195503235, 0.515999972820282, 0.5239999890327454, 0.5270000100135803, 0.5230000019073486, 0.5230000019073486, 0.5289999842643738, 0.527999997138977, 0.5339999794960022, 0.5339999794960022, 0.5289999842643738, 0.5289999842643738, 0.5299999713897705, 0.5339999794960022, 0.5370000004768372, 0.5419999957084656, 0.5429999828338623, 0.5440000295639038, 0.5440000295639038, 0.5370000004768372, 0.5370000004768372, 0.5479999780654907, 0.5460000038146973, 0.546999990940094, 0.550000011920929, 0.5529999732971191, 0.5519999861717224, 0.5479999780654907, 0.5460000038146973, 0.5509999990463257, 0.5509999990463257, 0.5519999861717224, 0.5540000200271606, 0.5559999942779541, 0.5559999942779541, 0.5649999976158142, 0.5619999766349792, 0.5590000152587891, 0.5609999895095825, 0.5680000185966492, 0.5659999847412109, 0.5609999895095825, 0.5600000023841858, 0.5590000152587891, 0.5630000233650208, 0.5740000009536743, 0.5740000009536743, 0.5770000219345093, 0.5799999833106995, 0.5799999833106995, 0.574999988079071, 0.5799999833106995, 0.5799999833106995, 0.5740000009536743, 0.5740000009536743, 0.5759999752044678, 0.5809999704360962, 0.5830000042915344, 0.5839999914169312, 0.5860000252723694, 0.5860000252723694, 0.5889999866485596, 0.5889999866485596, 0.5960000157356262, 0.597000002861023, 0.597000002861023, 0.5950000286102295, 0.5910000205039978, 0.5910000205039978, 0.5989999771118164, 0.6019999980926514, 0.5989999771118164, 0.5989999771118164, 0.6010000109672546, 0.597000002861023, 0.5989999771118164, 0.5979999899864197, 0.6039999723434448, 0.6110000014305115, 0.6140000224113464, 0.6179999709129333, 0.6200000047683716, 0.6179999709129333, 0.6179999709129333, 0.6200000047683716, 0.6200000047683716, 0.6159999966621399, 0.6159999966621399, 0.6240000128746033, 0.625, 0.6290000081062317, 0.6290000081062317, 0.6330000162124634, 0.6330000162124634, 0.6389999985694885, 0.6420000195503235, 0.6370000243186951, 0.6330000162124634, 0.6299999952316284, 0.6430000066757202, 0.6510000228881836, 0.6439999938011169, 0.6399999856948853, 0.652999997138977, 0.6520000100135803, 0.6549999713897705, 0.6549999713897705, 0.656000018119812, 0.656000018119812, 0.656000018119812, 0.6570000052452087, 0.6570000052452087, 0.6570000052452087, 0.6570000052452087, 0.6639999747276306, 0.6740000247955322, 0.675000011920929, 0.6759999990463257, 0.671999990940094, 0.6769999861717224, 0.6800000071525574, 0.6790000200271606, 0.6790000200271606, 0.6809999942779541, 0.6899999976158142, 0.6899999976158142, 0.6890000104904175, 0.6890000104904175, 0.6890000104904175, 0.6919999718666077, 0.6959999799728394, 0.7099999785423279, 0.7099999785423279, 0.7049999833106995, 0.7049999833106995, 0.7110000252723694, 0.7099999785423279, 0.703000009059906, 0.7070000171661377, 0.7070000171661377, 0.7120000123977661, 0.7110000252723694, 0.7210000157356262, 0.7210000157356262, 0.7210000157356262, 0.7250000238418579, 0.7239999771118164, 0.7239999771118164, 0.7289999723434448, 0.7310000061988831, 0.7310000061988831, 0.7360000014305115, 0.7350000143051147, 0.7369999885559082, 0.7409999966621399, 0.7450000047683716, 0.746999979019165, 0.7450000047683716, 0.7570000290870667, 0.7570000290870667, 0.7590000033378601, 0.7559999823570251, 0.7620000243186951, 0.753000020980835, 0.7540000081062317, 0.7549999952316284, 0.7570000290870667, 0.7570000290870667, 0.7570000290870667, 0.7590000033378601, 0.7609999775886536, 0.7710000276565552, 0.7680000066757202, 0.7710000276565552, 0.7710000276565552, 0.7710000276565552, 0.7720000147819519, 0.7720000147819519, 0.7699999809265137, 0.7710000276565552, 0.7760000228881836, 0.7749999761581421, 0.7720000147819519, 0.7720000147819519, 0.7710000276565552, 0.7710000276565552, 0.7770000100135803, 0.7860000133514404, 0.7960000038146973, 0.796999990940094, 0.7910000085830688, 0.7940000295639038, 0.796999990940094, 0.8019999861717224, 0.7979999780654907, 0.796999990940094, 0.7910000085830688, 0.796999990940094, 0.8050000071525574, 0.8090000152587891, 0.8090000152587891, 0.8040000200271606, 0.7990000247955322, 0.7960000038146973, 0.7990000247955322, 0.8119999766349792, 0.8069999814033508, 0.8069999814033508, 0.8019999861717224, 0.7929999828338623, 0.8009999990463257, 0.8109999895095825, 0.8169999718666077, 0.8259999752044678, 0.8240000009536743, 0.8169999718666077, 0.8169999718666077, 0.8240000009536743, 0.8370000123977661, 0.8450000286102295, 0.843999981880188, 0.8489999771118164, 0.8579999804496765, 0.8610000014305115, 0.859000027179718, 0.8610000014305115, 0.8510000109672546, 0.8619999885559082, 0.8640000224113464, 0.8690000176429749, 0.8679999709129333, 0.8629999756813049, 0.8669999837875366, 0.871999979019165]
intensities: [1116.0, 1165.0, 1121.0, 1350.0, 1398.0, 1514.0, 1662.0, 1679.0, 1679.0, 1729.0, 1763.0, 1756.0, 1683.0, 1575.0, 1540.0, 1205.0, 1154.0, 993.0, 837.0, 917.0, 1015.0, 1031.0, 1090.0, 1097.0, 1093.0, 1074.0, 1099.0, 1099.0, 1123.0, 1342.0, 1369.0, 1519.0, 1634.0, 1684.0, 1734.0, 1734.0, 1801.0, 1805.0, 1842.0, 1845.0, 1845.0, 1836.0, 1836.0, 1862.0, 1862.0, 1861.0, 1860.0, 1863.0, 1852.0, 1860.0, 1853.0, 1845.0, 1852.0, 1839.0, 1818.0, 1804.0, 1821.0, 1802.0, 1800.0, 1794.0, 1794.0, 1770.0, 1763.0, 1763.0, 1760.0, 1753.0, 1752.0, 1752.0, 1756.0, 1739.0, 1726.0, 1717.0, 1711.0, 1702.0, 1707.0, 1708.0, 1715.0, 1699.0, 1698.0, 1698.0, 1681.0, 1666.0, 1670.0, 1664.0, 1656.0, 1657.0, 1644.0, 1644.0, 1642.0, 1643.0, 1615.0, 1613.0, 1625.0, 1607.0, 1590.0, 1575.0, 1576.0, 1571.0, 1569.0, 1553.0, 1526.0, 1535.0, 1546.0, 1539.0, 1531.0, 1535.0, 1536.0, 1496.0, 1510.0, 1506.0, 1514.0, 1512.0, 1502.0, 1514.0, 1502.0, 1476.0, 1482.0, 1475.0, 1475.0, 1475.0, 1459.0, 1463.0, 1446.0, 1437.0, 1428.0, 1418.0, 1421.0, 1443.0, 1422.0, 1401.0, 1397.0, 1412.0, 1399.0, 1384.0, 1389.0, 1389.0, 1392.0, 1396.0, 1373.0, 1369.0, 1369.0, 1362.0, 1336.0, 1343.0, 1325.0, 1307.0, 1300.0, 1314.0, 1293.0, 1284.0, 1283.0, 1281.0, 1265.0, 1273.0, 1273.0, 1261.0, 1248.0, 1234.0, 1232.0, 1243.0, 1221.0, 1208.0, 1208.0, 1192.0, 1198.0, 1210.0, 1210.0, 1191.0, 1180.0, 1180.0, 1189.0, 1175.0, 1174.0, 1169.0, 1155.0, 1176.0, 1151.0, 1145.0, 1138.0, 1139.0, 1138.0, 1134.0, 1109.0, 1126.0, 1124.0, 1127.0, 1127.0, 1131.0, 1106.0, 1144.0, 1135.0, 1154.0, 1140.0, 1164.0, 1156.0, 1149.0, 1125.0, 1125.0, 1138.0, 1136.0, 1136.0, 1136.0, 1121.0, 1134.0, 1134.0, 1139.0, 1125.0, 1125.0, 1121.0, 1120.0, 1113.0, 1104.0, 1114.0, 1102.0, 1095.0, 1093.0, 1102.0, 1105.0, 1104.0, 1105.0, 1099.0, 1091.0, 1091.0, 1089.0, 1111.0, 1119.0, 1115.0, 1115.0, 1108.0, 1108.0, 1103.0, 1109.0, 1109.0, 1107.0, 1110.0, 1104.0, 1104.0, 1104.0, 1100.0, 1095.0, 1094.0, 1088.0, 1092.0, 1084.0, 1080.0, 1079.0, 1075.0, 1071.0, 1075.0, 1068.0, 1071.0, 1054.0, 1061.0, 1062.0, 1056.0, 1058.0, 1056.0, 1055.0, 1051.0, 1045.0, 1044.0, 1044.0, 1041.0, 1036.0, 1035.0, 1028.0, 1025.0, 1023.0, 1022.0, 1021.0, 1033.0, 1015.0, 1020.0, 1015.0, 1010.0, 1008.0, 1009.0, 997.0, 1001.0, 1006.0, 1003.0, 992.0, 997.0, 994.0, 991.0, 993.0, 993.0, 979.0, 976.0, 984.0, 976.0, 962.0, 964.0, 968.0, 956.0, 954.0, 951.0, 954.0, 946.0, 948.0, 933.0, 933.0, 942.0, 944.0, 927.0, 933.0, 930.0, 948.0, 934.0, 945.0, 939.0, 989.0, 1188.0, 1384.0, 1273.0, 978.0, 981.0, 983.0, 986.0, 981.0, 977.0, 977.0, 987.0, 978.0, 989.0, 972.0, 981.0, 980.0, 987.0, 992.0, 990.0, 985.0, 981.0, 984.0, 984.0, 982.0, 992.0, 977.0, 987.0, 991.0, 985.0, 985.0, 988.0, 988.0, 993.0, 995.0, 994.0, 994.0, 985.0, 989.0, 986.0, 991.0, 988.0, 980.0, 989.0, 997.0, 998.0, 1002.0, 993.0, 983.0, 989.0, 993.0, 1000.0, 990.0, 994.0, 1006.0, 1004.0, 1002.0, 1008.0, 1000.0, 1000.0, 998.0, 998.0, 1004.0, 1011.0, 1011.0, 1013.0, 1008.0, 1007.0, 1007.0, 1010.0, 998.0, 998.0, 1008.0, 1007.0, 1009.0, 1019.0, 1019.0, 1013.0, 1011.0, 1024.0, 1011.0, 1013.0, 1016.0, 1022.0, 1024.0, 1015.0, 1017.0, 1012.0, 1012.0, 1006.0, 1002.0, 1017.0, 1020.0, 1019.0, 1015.0, 1009.0, 1014.0, 1017.0, 1017.0, 1009.0, 1006.0, 1010.0, 1015.0, 1002.0, 1015.0, 1021.0, 1004.0, 1013.0, 1001.0, 1014.0, 997.0, 1015.0, 1000.0, 996.0, 1004.0, 1001.0, 1019.0, 1024.0, 1018.0, 1026.0, 1024.0, 1016.0, 1032.0, 1026.0, 1024.0, 1035.0, 1024.0, 1033.0, 1035.0, 1029.0, 1036.0, 1025.0, 1029.0, 1023.0, 1021.0, 1013.0, 1002.0, 1018.0, 1009.0, 1002.0, 1010.0, 1026.0, 1025.0, 1032.0, 1016.0, 1005.0, 1011.0, 1038.0, 1055.0, 1071.0, 1071.0, 1078.0, 1081.0, 1081.0, 1096.0, 1095.0, 1098.0, 1092.0, 1095.0, 1102.0, 1103.0, 1100.0, 1110.0, 1115.0, 1099.0, 1103.0, 1107.0, 1109.0, 1107.0, 1107.0, 1085.0, 1111.0, 1098.0, 1101.0, 1099.0, 1104.0, 1107.0, 1113.0, 1138.0, 1155.0, 1131.0, 1189.0, 1201.0, 1201.0, 1180.0, 1137.0, 1119.0, 1138.0, 1139.0, 1138.0, 1142.0, 1160.0, 1161.0, 1173.0, 1174.0, 1203.0, 1201.0, 1195.0, 1212.0, 1240.0, 1227.0, 1268.0, 1241.0, 1251.0, 1259.0, 1262.0, 1266.0, 1293.0, 1296.0, 1299.0, 1325.0, 1315.0, 1334.0, 1337.0, 1346.0, 1373.0, 1355.0, 1366.0, 1361.0, 1359.0, 1378.0, 1382.0, 1378.0, 1400.0, 1395.0, 1397.0, 1397.0, 1401.0, 1408.0, 1404.0, 1405.0, 1405.0, 1430.0, 1432.0, 1449.0, 1488.0, 1491.0, 1497.0, 1526.0, 1546.0, 1538.0, 1527.0, 1518.0, 1530.0, 1556.0, 1556.0, 1539.0, 1539.0, 1575.0, 1570.0, 1570.0, 1575.0, 1599.0, 1584.0, 1602.0, 1628.0, 1624.0, 1618.0, 1603.0, 1612.0, 1604.0, 1603.0, 1603.0, 1606.0, 1606.0, 1586.0, 1594.0, 1596.0, 1610.0, 1619.0, 1629.0, 1629.0, 1645.0, 1619.0, 1631.0, 1637.0, 1632.0, 1627.0, 1628.0, 1629.0, 1629.0, 1666.0, 1666.0, 1661.0, 1653.0, 1666.0, 1667.0, 1665.0, 1665.0, 1675.0, 1677.0, 1680.0, 1683.0, 1670.0, 1694.0, 1687.0, 1689.0, 1690.0, 1698.0, 1706.0, 1706.0, 1710.0, 1710.0, 1710.0, 1710.0, 1710.0, 1711.0, 1712.0, 1713.0, 1712.0, 1705.0, 1708.0, 1706.0, 1718.0, 1720.0, 1720.0, 1720.0, 1723.0, 1728.0, 1731.0, 1731.0, 1730.0, 1721.0, 1729.0, 1728.0, 1749.0, 1743.0, 1726.0, 1725.0, 1724.0, 1737.0, 1745.0, 1735.0, 1752.0, 1752.0, 1757.0, 1762.0, 1766.0, 1757.0, 1773.0, 1759.0, 1793.0, 1799.0, 1796.0, 1790.0, 1780.0, 1788.0, 1795.0, 1767.0, 1767.0, 1792.0, 1792.0, 1812.0, 1801.0, 1810.0, 1812.0, 1809.0, 1806.0, 1812.0, 1806.0, 1806.0, 1810.0, 1840.0, 1815.0, 1824.0, 1832.0, 1826.0, 1828.0, 1828.0, 1822.0, 1809.0, 1810.0, 1816.0, 1809.0, 1814.0, 1825.0, 1814.0, 1836.0, 1793.0, 1831.0, 1821.0, 1831.0, 1814.0, 1818.0, 1823.0, 1854.0, 1828.0, 1839.0, 1860.0, 1876.0, 1863.0, 1863.0, 1865.0, 1873.0, 1900.0, 1935.0, 1920.0, 1930.0, 1906.0, 1914.0, 1897.0, 1906.0, 1903.0, 1904.0, 1871.0, 1886.0, 1879.0, 1878.0, 1851.0, 1858.0, 1867.0, 1872.0, 1870.0, 1878.0, 1886.0, 1891.0, 1887.0, 1852.0, 1832.0, 1835.0, 1820.0, 1818.0, 1824.0, 1847.0, 1847.0, 1845.0, 1845.0, 1812.0, 1812.0, 1828.0, 1822.0, 1807.0, 1817.0, 1812.0, 1810.0, 1800.0, 1806.0, 1812.0, 1779.0, 1773.0, 1770.0, 1774.0, 1754.0, 1763.0, 1756.0, 1746.0, 1760.0, 1744.0, 1762.0, 1752.0, 1742.0, 1742.0, 1742.0, 1737.0, 1734.0, 1742.0, 1742.0, 1744.0, 1744.0, 1725.0, 1735.0, 1741.0, 1736.0, 1707.0, 1696.0, 1688.0, 1691.0, 1681.0, 1669.0, 1669.0, 1673.0, 1677.0, 1681.0, 1668.0, 1655.0, 1668.0, 1661.0, 1683.0, 1662.0, 1662.0, 1652.0, 1652.0, 1638.0, 1646.0, 1648.0, 1646.0, 1621.0, 1619.0, 1598.0, 1578.0, 1576.0, 1562.0, 1566.0, 1575.0, 1584.0, 1575.0, 1589.0, 1560.0, 1552.0, 1579.0, 1553.0, 1529.0, 1523.0, 1542.0, 1557.0, 1538.0, 1556.0, 1547.0, 1558.0, 1560.0, 1561.0, 1541.0, 1539.0, 1543.0, 1543.0, 1539.0, 1499.0, 1479.0, 1479.0, 1483.0, 1483.0, 1482.0, 1470.0, 1475.0, 1470.0, 1468.0, 1466.0, 1463.0, 1462.0, 1465.0, 1459.0, 1459.0, 1443.0, 1446.0, 1451.0, 1444.0, 1438.0, 1423.0, 1426.0, 1415.0, 1433.0, 1432.0, 1399.0, 1401.0, 1422.0, 1422.0, 1408.0, 1408.0, 1397.0, 1404.0, 1395.0, 1398.0, 1397.0, 1388.0, 1388.0, 1380.0, 1380.0, 1369.0, 1392.0, 1373.0, 1373.0, 1366.0, 1359.0, 1357.0, 1361.0, 1348.0, 1348.0, 1345.0, 1331.0, 1320.0, 1320.0, 1316.0, 1323.0, 1330.0, 1328.0, 1319.0, 1315.0, 1317.0, 1322.0, 1310.0, 1315.0, 1301.0, 1296.0, 1296.0, 1287.0, 1292.0, 1280.0, 1292.0, 1291.0, 1276.0, 1287.0, 1274.0, 1303.0, 1293.0, 1275.0, 1279.0, 1279.0, 1255.0, 1255.0, 1283.0, 1269.0, 1269.0, 1253.0, 1260.0, 1260.0, 1258.0, 1249.0, 1255.0, 1249.0, 1233.0, 1231.0, 1250.0, 1244.0, 1239.0, 1234.0, 1241.0, 1232.0, 1236.0, 1232.0, 1232.0, 1224.0, 1224.0, 1207.0, 1207.0, 1220.0, 1222.0, 1224.0, 1224.0, 1217.0, 1217.0, 1223.0, 1220.0, 1223.0, 1209.0, 1211.0, 1229.0, 1238.0, 1215.0, 1210.0, 1240.0, 1228.0, 1206.0, 1206.0, 1214.0, 1214.0, 1213.0, 1216.0, 1215.0, 1212.0, 1203.0, 1215.0, 1213.0, 1220.0, 1228.0, 1229.0, 1225.0, 1222.0, 1199.0, 1199.0, 1258.0, 1237.0, 1237.0, 1229.0, 1236.0, 1233.0, 1223.0, 1213.0, 1251.0, 1251.0, 1251.0, 1263.0, 1257.0, 1255.0, 1243.0, 1255.0, 1255.0, 1250.0, 1245.0, 1259.0, 1243.0, 1243.0, 1259.0, 1261.0, 1264.0, 1244.0, 1239.0, 1239.0, 1259.0, 1255.0, 1263.0, 1258.0, 1264.0, 1275.0, 1272.0, 1265.0, 1265.0, 1279.0, 1261.0, 1276.0, 1253.0, 1274.0, 1284.0, 1295.0, 1295.0, 1293.0, 1291.0, 1295.0, 1324.0, 1313.0, 1285.0, 1285.0, 1300.0, 1306.0, 1315.0, 1299.0, 1308.0, 1289.0, 1297.0, 1317.0, 1313.0, 1310.0, 1308.0, 1310.0, 1323.0, 1317.0, 1338.0, 1329.0, 1331.0, 1321.0, 1325.0, 1342.0, 1340.0, 1332.0, 1338.0, 1338.0, 1337.0, 1337.0, 1342.0, 1337.0, 1353.0, 1347.0, 1348.0, 1378.0, 1378.0, 1370.0, 1357.0, 1363.0, 1353.0, 1330.0, 1343.0, 1358.0, 1360.0, 1341.0, 1345.0, 1336.0, 1346.0, 1350.0, 1352.0, 1356.0, 1338.0, 1320.0, 1337.0, 1352.0, 1355.0, 1350.0, 1362.0, 1382.0, 1373.0, 1370.0, 1363.0]