header: 
  seq: 1239
  stamp: 
    secs: 1548820788
    nsecs: 122501417
  frame_id: "base_link"
angle_min: -2.35619449615
angle_max: 2.35619449615
angle_increment: 0.00436332309619
time_increment: 1.73611151695e-05
scan_time: 0.0250000003725
range_min: 0.019999999553
range_max: 30.0
ranges: [0.5, 0.5059999823570251, 0.4970000088214874, 0.5, 0.5059999823570251, 0.5090000033378601, 0.5130000114440918, 0.5090000033378601, 0.5049999952316284, 0.5090000033378601, 0.49900001287460327, 0.49900001287460327, 0.49900001287460327, 0.4950000047683716, 0.4830000102519989, 0.44600000977516174, 0.4230000078678131, 0.3700000047683716, 0.3529999852180481, 0.31200000643730164, 0.37599998712539673, 0.42899999022483826, 0.4580000042915344, 0.4699999988079071, 0.4819999933242798, 0.4830000102519989, 0.4869999885559082, 0.48100000619888306, 0.48500001430511475, 0.4699999988079071, 0.46299999952316284, 0.4729999899864197, 0.47200000286102295, 0.47200000286102295, 0.4740000069141388, 0.47600001096725464, 0.47600001096725464, 0.47099998593330383, 0.4699999988079071, 0.46700000762939453, 0.4690000116825104, 0.4740000069141388, 0.46700000762939453, 0.46799999475479126, 0.46799999475479126, 0.4659999907016754, 0.46399998664855957, 0.4650000035762787, 0.46399998664855957, 0.4650000035762787, 0.4569999873638153, 0.4580000042915344, 0.45399999618530273, 0.45500001311302185, 0.45899999141693115, 0.45899999141693115, 0.45399999618530273, 0.45399999618530273, 0.4519999921321869, 0.4519999921321869, 0.4480000138282776, 0.45100000500679016, 0.4440000057220459, 0.4429999887943268, 0.44200000166893005, 0.4429999887943268, 0.4410000145435333, 0.43700000643730164, 0.43700000643730164, 0.43799999356269836, 0.4390000104904175, 0.43299999833106995, 0.4399999976158142, 0.4410000145435333, 0.4390000104904175, 0.4359999895095825, 0.4359999895095825, 0.43799999356269836, 0.4399999976158142, 0.43799999356269836, 0.4359999895095825, 0.4339999854564667, 0.4320000112056732, 0.4300000071525574, 0.4320000112056732, 0.4309999942779541, 0.4259999990463257, 0.41999998688697815, 0.41999998688697815, 0.42100000381469727, 0.4189999997615814, 0.4169999957084656, 0.4169999957084656, 0.4169999957084656, 0.4169999957084656, 0.4169999957084656, 0.4169999957084656, 0.4169999957084656, 0.41499999165534973, 0.41600000858306885, 0.41600000858306885, 0.414000004529953, 0.41100001335144043, 0.4129999876022339, 0.4169999957084656, 0.41600000858306885, 0.40700000524520874, 0.40799999237060547, 0.40799999237060547, 0.40799999237060547, 0.40799999237060547, 0.40799999237060547, 0.40799999237060547, 0.4050000011920929, 0.40299999713897705, 0.4059999883174896, 0.4059999883174896, 0.40700000524520874, 0.40700000524520874, 0.40700000524520874, 0.4009999930858612, 0.3970000147819519, 0.4009999930858612, 0.40700000524520874, 0.4020000100135803, 0.4020000100135803, 0.40400001406669617, 0.3970000147819519, 0.3959999978542328, 0.39500001072883606, 0.3959999978542328, 0.39800000190734863, 0.3970000147819519, 0.39500001072883606, 0.39500001072883606, 0.3970000147819519, 0.3970000147819519, 0.39500001072883606, 0.39500001072883606, 0.39500001072883606, 0.39500001072883606, 0.39399999380111694, 0.39399999380111694, 0.39399999380111694, 0.3959999978542328, 0.39800000190734863, 0.3919999897480011, 0.3930000066757202, 0.3930000066757202, 0.3970000147819519, 0.39800000190734863, 0.3919999897480011, 0.3919999897480011, 0.3919999897480011, 0.38999998569488525, 0.39100000262260437, 0.39100000262260437, 0.3930000066757202, 0.39500001072883606, 0.39500001072883606, 0.3919999897480011, 0.382999986410141, 0.39500001072883606, 0.38999998569488525, 0.3889999985694885, 0.3889999985694885, 0.3880000114440918, 0.38600000739097595, 0.38600000739097595, 0.39100000262260437, 0.38999998569488525, 0.3790000081062317, 0.37400001287460327, 0.38199999928474426, 0.382999986410141, 0.382999986410141, 0.3779999911785126, 0.375, 0.37400001287460327, 0.3779999911785126, 0.382999986410141, 0.382999986410141, 0.3779999911785126, 0.3779999911785126, 0.3779999911785126, 0.3799999952316284, 0.382999986410141, 0.382999986410141, 0.38100001215934753, 0.3790000081062317, 0.3779999911785126, 0.3799999952316284, 0.375, 0.3779999911785126, 0.38100001215934753, 0.38100001215934753, 0.382999986410141, 0.3790000081062317, 0.3790000081062317, 0.3790000081062317, 0.3790000081062317, 0.3799999952316284, 0.3799999952316284, 0.38100001215934753, 0.3799999952316284, 0.3790000081062317, 0.3779999911785126, 0.37599998712539673, 0.382999986410141, 0.38600000739097595, 0.38600000739097595, 0.3799999952316284, 0.3779999911785126, 0.3790000081062317, 0.3799999952316284, 0.3779999911785126, 0.3779999911785126, 0.3790000081062317, 0.3790000081062317, 0.38100001215934753, 0.3869999945163727, 0.38499999046325684, 0.3840000033378601, 0.3840000033378601, 0.3869999945163727, 0.3869999945163727, 0.38499999046325684, 0.38100001215934753, 0.37400001287460327, 0.37599998712539673, 0.37400001287460327, 0.3790000081062317, 0.3779999911785126, 0.3790000081062317, 0.3869999945163727, 0.39100000262260437, 0.38499999046325684, 0.3889999985694885, 0.3889999985694885, 0.3869999945163727, 0.38600000739097595, 0.382999986410141, 0.38199999928474426, 0.38600000739097595, 0.3889999985694885, 0.38499999046325684, 0.3869999945163727, 0.3880000114440918, 0.3880000114440918, 0.3840000033378601, 0.38600000739097595, 0.382999986410141, 0.3840000033378601, 0.3880000114440918, 0.38600000739097595, 0.38600000739097595, 0.38999998569488525, 0.38999998569488525, 0.3919999897480011, 0.38999998569488525, 0.4009999930858612, 0.4000000059604645, 0.39399999380111694, 0.39399999380111694, 0.39500001072883606, 0.39800000190734863, 0.39800000190734863, 0.3959999978542328, 0.3930000066757202, 0.39800000190734863, 0.4009999930858612, 0.39800000190734863, 0.4000000059604645, 0.4020000100135803, 0.4090000092983246, 0.41200000047683716, 0.41200000047683716, 0.41499999165534973, 0.4180000126361847, 0.4180000126361847, 0.41600000858306885, 0.414000004529953, 0.414000004529953, 0.421999990940094, 0.421999990940094, 0.4230000078678131, 0.42500001192092896, 0.421999990940094, 0.4269999861717224, 0.42800000309944153, 0.42800000309944153, 0.4309999942779541, 0.4309999942779541, 0.42500001192092896, 0.42399999499320984, 0.4309999942779541, 0.4320000112056732, 0.4320000112056732, 0.4320000112056732, 0.4339999854564667, 0.43799999356269836, 0.43799999356269836, 0.43700000643730164, 0.4399999976158142, 0.4440000057220459, 0.4429999887943268, 0.44200000166893005, 0.44999998807907104, 0.4490000009536743, 0.45100000500679016, 0.453000009059906, 0.453000009059906, 0.453000009059906, 0.45500001311302185, 0.46399998664855957, 0.47200000286102295, 0.4740000069141388, 0.48100000619888306, 0.4869999885559082, 0.4909999966621399, 0.5019999742507935, 0.5080000162124634, 0.5260000228881836, 0.6000000238418579, 0.703000009059906, 2.1459999084472656, 2.1510000228881836, 2.13700008392334, 2.138000011444092, 2.127000093460083, 2.1010000705718994, 2.0940001010894775, 2.0859999656677246, 2.072000026702881, 2.062999963760376, 2.0450000762939453, 2.0299999713897705, 2.0169999599456787, 2.01200008392334, 2.00600004196167, 1.9980000257492065, 1.9769999980926514, 1.9739999771118164, 1.9539999961853027, 1.940000057220459, 1.934000015258789, 1.9259999990463257, 1.9160000085830688, 1.9079999923706055, 1.8919999599456787, 1.8940000534057617, 1.8730000257492065, 1.8580000400543213, 1.8509999513626099, 1.8519999980926514, 1.8459999561309814, 1.8320000171661377, 1.8229999542236328, 1.809999942779541, 1.8049999475479126, 1.7979999780654907, 1.7879999876022339, 1.7860000133514404, 1.7719999551773071, 1.7699999809265137, 1.7589999437332153, 1.7480000257492065, 1.7350000143051147, 1.7280000448226929, 1.718000054359436, 1.7120000123977661, 1.7000000476837158, 1.6979999542236328, 1.6950000524520874, 1.690000057220459, 1.6759999990463257, 1.6679999828338623, 1.6640000343322754, 1.6619999408721924, 1.6619999408721924, 1.6519999504089355, 1.6410000324249268, 1.6319999694824219, 1.6260000467300415, 1.61899995803833, 1.6109999418258667, 1.6019999980926514, 1.5959999561309814, 1.5920000076293945, 1.590999960899353, 1.5880000591278076, 1.5759999752044678, 1.5729999542236328, 1.5640000104904175, 1.5470000505447388, 1.5440000295639038, 1.5429999828338623, 1.531999945640564, 1.531999945640564, 1.5290000438690186, 1.5269999504089355, 1.524999976158142, 1.5190000534057617, 1.5080000162124634, 1.5099999904632568, 1.503000020980835, 1.4989999532699585, 1.4980000257492065, 1.4880000352859497, 1.4800000190734863, 1.4769999980926514, 1.4759999513626099, 1.4730000495910645, 1.4700000286102295, 1.468999981880188, 1.465000033378601, 1.4589999914169312, 1.4520000219345093, 1.4420000314712524, 1.4450000524520874, 1.4359999895095825, 1.434000015258789, 1.4290000200271606, 1.4270000457763672, 1.4229999780654907, 1.4199999570846558, 1.406999945640564, 1.4049999713897705, 1.406000018119812, 1.4049999713897705, 1.4040000438690186, 1.399999976158142, 1.3899999856948853, 1.3839999437332153, 1.378999948501587, 1.378999948501587, 1.3799999952316284, 1.378999948501587, 1.3799999952316284, 1.378000020980835, 1.3680000305175781, 1.3660000562667847, 1.3630000352859497, 1.3580000400543213, 1.3569999933242798, 1.3489999771118164, 1.3459999561309814, 1.347000002861023, 1.3489999771118164, 1.343999981880188, 1.343999981880188, 1.340999960899353, 1.3389999866485596, 1.3370000123977661, 1.3329999446868896, 1.3300000429153442, 1.3279999494552612, 1.3300000429153442, 1.3320000171661377, 1.3320000171661377, 1.3250000476837158, 1.3220000267028809, 1.319000005722046, 1.3220000267028809, 1.315999984741211, 1.315999984741211, 1.3140000104904175, 1.3140000104904175, 1.3140000104904175, 1.312000036239624, 1.312000036239624, 1.3029999732971191, 1.2999999523162842, 1.3020000457763672, 1.2999999523162842, 1.2910000085830688, 1.2920000553131104, 1.2940000295639038, 1.2940000295639038, 1.2879999876022339, 1.2890000343322754, 1.2869999408721924, 1.2879999876022339, 1.284000039100647, 1.2829999923706055, 1.281000018119812, 1.281000018119812, 1.2879999876022339, 1.2719999551773071, 1.2690000534057617, 1.2690000534057617, 1.2690000534057617, 1.2680000066757202, 1.2619999647140503, 1.2589999437332153, 1.2580000162124634, 1.2569999694824219, 1.2569999694824219, 1.2580000162124634, 1.2510000467300415, 1.246999979019165, 1.2450000047683716, 1.2450000047683716, 1.2450000047683716, 1.2430000305175781, 1.2400000095367432, 1.2430000305175781, 1.2339999675750732, 1.2280000448226929, 1.2269999980926514, 1.2269999980926514, 1.2269999980926514, 1.225000023841858, 1.2209999561309814, 1.222000002861023, 1.2209999561309814, 1.215999960899353, 1.2109999656677246, 1.2070000171661377, 1.2079999446868896, 1.2100000381469727, 1.2100000381469727, 1.1970000267028809, 1.1929999589920044, 1.1959999799728394, 1.1959999799728394, 1.1890000104904175, 1.190999984741211, 1.190000057220459, 1.184999942779541, 1.1820000410079956, 1.1790000200271606, 1.1729999780654907, 1.1779999732971191, 1.1740000247955322, 1.1720000505447388, 1.159000039100647, 1.156999945640564, 1.1549999713897705, 1.1540000438690186, 1.152999997138977, 1.1540000438690186, 1.156000018119812, 1.1510000228881836, 1.1480000019073486, 1.1430000066757202, 1.1430000066757202, 1.1390000581741333, 1.1330000162124634, 1.1319999694824219, 1.1330000162124634, 1.13100004196167, 1.1230000257492065, 1.1169999837875366, 1.11899995803833, 1.1200000047683716, 1.11899995803833, 1.1180000305175781, 1.1180000305175781, 1.1080000400543213, 1.1019999980926514, 1.1019999980926514, 1.093999981880188, 1.0950000286102295, 1.0950000286102295, 1.093000054359436, 1.090999960899353, 1.0800000429153442, 1.0789999961853027, 1.0800000429153442, 1.0829999446868896, 1.069000005722046, 1.0720000267028809, 1.0729999542236328, 1.0740000009536743, 1.065000057220459, 1.059999942779541, 1.059999942779541, 1.059999942779541, 1.055999994277954, 1.0549999475479126, 1.0509999990463257, 1.0499999523162842, 1.0449999570846558, 1.0440000295639038, 1.0429999828338623, 1.0399999618530273, 1.034000039100647, 1.024999976158142, 1.0230000019073486, 1.0190000534057617, 1.0110000371932983, 1.0049999952316284, 1.00600004196167, 1.0069999694824219, 1.0049999952316284, 1.003999948501587, 1.0049999952316284, 0.996999979019165, 0.996999979019165, 0.9940000176429749, 0.9909999966621399, 0.9900000095367432, 0.9879999756813049, 0.9879999756813049, 0.9890000224113464, 0.984000027179718, 0.9779999852180481, 0.9729999899864197, 0.9729999899864197, 0.9710000157356262, 0.9670000076293945, 0.9620000123977661, 0.9599999785423279, 0.9599999785423279, 0.9570000171661377, 0.9570000171661377, 0.949999988079071, 0.949999988079071, 0.9440000057220459, 0.9430000185966492, 0.9419999718666077, 0.9449999928474426, 0.9330000281333923, 0.9300000071525574, 0.9290000200271606, 0.9290000200271606, 0.9259999990463257, 0.9190000295639038, 0.9169999957084656, 0.9160000085830688, 0.9139999747276306, 0.9139999747276306, 0.9129999876022339, 0.9120000004768372, 0.9089999794960022, 0.9049999713897705, 0.8980000019073486, 0.8980000019073486, 0.8939999938011169, 0.8889999985694885, 0.8880000114440918, 0.8880000114440918, 0.8820000290870667, 0.875, 0.875, 0.875, 0.875, 0.8730000257492065, 0.8690000176429749, 0.8659999966621399, 0.8610000014305115, 0.859000027179718, 0.8560000061988831, 0.8550000190734863, 0.8539999723434448, 0.8529999852180481, 0.8500000238418579, 0.8500000238418579, 0.843999981880188, 0.8410000205039978, 0.8399999737739563, 0.8330000042915344, 0.8320000171661377, 0.8379999995231628, 0.8299999833106995, 0.828000009059906, 0.824999988079071, 0.8180000185966492, 0.8119999766349792, 0.8090000152587891, 0.8069999814033508, 0.8069999814033508, 0.8050000071525574, 0.8059999942779541, 0.8019999861717224, 0.7979999780654907, 0.7910000085830688, 0.7900000214576721, 0.7870000004768372, 0.7799999713897705, 0.7789999842643738, 0.781000018119812, 0.7799999713897705, 0.7839999794960022, 0.7860000133514404, 0.7749999761581421, 0.7680000066757202, 0.7680000066757202, 0.7639999985694885, 0.7590000033378601, 0.7580000162124634, 0.7540000081062317, 0.7519999742507935, 0.7509999871253967, 0.7519999742507935, 0.746999979019165, 0.7409999966621399, 0.7409999966621399, 0.7409999966621399, 0.7369999885559082, 0.7310000061988831, 0.7260000109672546, 0.7269999980926514, 0.7269999980926514, 0.7250000238418579, 0.7210000157356262, 0.7139999866485596, 0.7149999737739563, 0.7129999995231628, 0.7110000252723694, 0.699999988079071, 0.699999988079071, 0.6930000185966492, 0.6970000267028809, 0.699999988079071, 0.699999988079071, 0.6930000185966492, 0.6880000233650208, 0.6880000233650208, 0.6930000185966492, 0.6899999976158142, 0.6830000281333923, 0.6790000200271606, 0.6790000200271606, 0.6779999732971191, 0.6759999990463257, 0.6729999780654907, 0.6710000038146973, 0.6690000295639038, 0.6690000295639038, 0.6700000166893005, 0.6629999876022339, 0.6589999794960022, 0.6579999923706055, 0.6579999923706055, 0.656000018119812, 0.6510000228881836, 0.6510000228881836, 0.6499999761581421, 0.6480000019073486, 0.6480000019073486, 0.6449999809265137, 0.640999972820282, 0.640999972820282, 0.640999972820282, 0.6399999856948853, 0.6269999742507935, 0.6309999823570251, 0.6359999775886536, 0.6299999952316284, 0.6269999742507935, 0.6269999742507935, 0.6240000128746033, 0.6200000047683716, 0.6209999918937683, 0.6209999918937683, 0.6140000224113464, 0.6140000224113464, 0.6140000224113464, 0.6140000224113464, 0.6110000014305115, 0.6110000014305115, 0.6050000190734863, 0.6029999852180481, 0.5960000157356262, 0.593999981880188, 0.5920000076293945, 0.5889999866485596, 0.5950000286102295, 0.5960000157356262, 0.5960000157356262, 0.5910000205039978, 0.5899999737739563, 0.5820000171661377, 0.5820000171661377, 0.5799999833106995, 0.5789999961853027, 0.5740000009536743, 0.5720000267028809, 0.5740000009536743, 0.578000009059906, 0.578000009059906, 0.5770000219345093, 0.574999988079071, 0.5699999928474426, 0.5659999847412109, 0.5659999847412109, 0.5659999847412109, 0.5600000023841858, 0.5600000023841858, 0.5600000023841858, 0.5600000023841858, 0.5600000023841858, 0.5550000071525574, 0.5550000071525574, 0.5550000071525574, 0.5600000023841858, 0.5550000071525574, 0.5580000281333923, 0.5559999942779541, 0.5540000200271606, 0.5460000038146973, 0.5490000247955322, 0.5569999814033508, 0.5490000247955322, 0.546999990940094, 0.5410000085830688, 0.5400000214576721, 0.5450000166893005, 0.5450000166893005, 0.5419999957084656, 0.5379999876022339, 0.5389999747276306, 0.5410000085830688, 0.5400000214576721, 0.5370000004768372, 0.5350000262260437, 0.5370000004768372, 0.5350000262260437, 0.531000018119812, 0.5419999957084656, 0.5419999957084656, 0.5350000262260437, 0.5329999923706055, 0.5329999923706055, 0.5289999842643738, 0.5339999794960022, 0.5379999876022339, 0.5379999876022339, 0.5299999713897705, 0.527999997138977, 0.527999997138977, 0.5299999713897705, 0.5299999713897705, 0.5299999713897705, 0.5299999713897705, 0.5249999761581421, 0.5260000228881836, 0.5220000147819519, 0.5239999890327454, 0.5199999809265137, 0.5199999809265137, 0.5199999809265137, 0.5189999938011169, 0.5189999938011169, 0.5199999809265137, 0.5199999809265137, 0.5189999938011169, 0.5189999938011169, 0.5220000147819519, 0.5239999890327454, 0.5260000228881836, 0.5220000147819519, 0.5189999938011169, 0.5130000114440918, 0.5170000195503235, 0.5189999938011169, 0.5149999856948853, 0.5120000243186951, 0.5170000195503235, 0.5189999938011169, 0.5199999809265137, 0.5180000066757202, 0.5149999856948853, 0.5130000114440918, 0.5139999985694885, 0.5170000195503235, 0.515999972820282, 0.515999972820282, 0.5139999985694885, 0.5139999985694885, 0.5099999904632568, 0.5099999904632568, 0.5120000243186951, 0.5120000243186951, 0.5070000290870667, 0.5070000290870667, 0.5109999775886536, 0.5090000033378601, 0.5120000243186951, 0.5099999904632568, 0.5070000290870667, 0.5019999742507935, 0.5049999952316284, 0.5070000290870667, 0.5059999823570251, 0.5049999952316284, 0.5120000243186951, 0.5170000195503235, 0.5180000066757202, 0.5090000033378601, 0.5070000290870667, 0.5090000033378601, 0.5090000033378601, 0.5099999904632568, 0.5099999904632568, 0.5109999775886536, 0.5059999823570251, 0.5049999952316284, 0.5049999952316284, 0.5070000290870667, 0.5070000290870667, 0.5059999823570251, 0.5059999823570251, 0.5090000033378601, 0.5139999985694885, 0.5130000114440918, 0.5090000033378601, 0.5099999904632568, 0.5090000033378601, 0.5109999775886536, 0.5090000033378601, 0.5040000081062317, 0.503000020980835, 0.503000020980835, 0.5070000290870667, 0.5090000033378601, 0.5080000162124634, 0.5080000162124634, 0.5049999952316284, 0.5040000081062317, 0.5099999904632568, 0.5099999904632568, 0.5109999775886536, 0.5130000114440918, 0.5099999904632568, 0.5109999775886536, 0.5070000290870667, 0.5090000033378601, 0.5099999904632568, 0.5120000243186951, 0.5120000243186951, 0.5080000162124634, 0.5080000162124634, 0.5099999904632568, 0.5120000243186951, 0.5120000243186951, 0.5099999904632568, 0.5080000162124634, 0.5040000081062317, 0.5070000290870667, 0.5070000290870667, 0.5080000162124634, 0.515999972820282, 0.5189999938011169, 0.5189999938011169, 0.5220000147819519, 0.5189999938011169, 0.515999972820282, 0.515999972820282, 0.515999972820282, 0.5149999856948853, 0.5139999985694885, 0.5130000114440918, 0.5130000114440918, 0.5130000114440918, 0.5170000195503235, 0.5199999809265137, 0.5189999938011169, 0.5170000195503235, 0.5170000195503235, 0.5270000100135803, 0.5260000228881836, 0.5260000228881836, 0.5260000228881836, 0.5239999890327454, 0.5249999761581421, 0.5260000228881836, 0.527999997138977, 0.5339999794960022, 0.5299999713897705, 0.5320000052452087, 0.5339999794960022, 0.5289999842643738, 0.5299999713897705, 0.5260000228881836, 0.527999997138977, 0.5320000052452087, 0.5320000052452087, 0.5339999794960022, 0.5350000262260437, 0.5370000004768372, 0.5360000133514404, 0.5379999876022339, 0.5440000295639038, 0.5419999957084656, 0.5400000214576721, 0.5379999876022339, 0.5360000133514404, 0.5460000038146973, 0.5450000166893005, 0.546999990940094, 0.5509999990463257, 0.5509999990463257, 0.5519999861717224, 0.5519999861717224, 0.5519999861717224, 0.5509999990463257, 0.5529999732971191, 0.5580000281333923, 0.5580000281333923, 0.5509999990463257, 0.5519999861717224, 0.5550000071525574, 0.5559999942779541, 0.5619999766349792, 0.5630000233650208, 0.5519999861717224, 0.5529999732971191, 0.5619999766349792, 0.5669999718666077, 0.5669999718666077, 0.5640000104904175, 0.5669999718666077, 0.5669999718666077, 0.5669999718666077, 0.5649999976158142, 0.5699999928474426, 0.5740000009536743, 0.5730000138282776, 0.574999988079071, 0.574999988079071, 0.5740000009536743, 0.5740000009536743, 0.5789999961853027, 0.578000009059906, 0.5770000219345093, 0.5770000219345093, 0.5799999833106995, 0.5830000042915344, 0.5799999833106995, 0.5770000219345093, 0.578000009059906, 0.5789999961853027, 0.5839999914169312, 0.5889999866485596, 0.5870000123977661, 0.5860000252723694, 0.5899999737739563, 0.5920000076293945, 0.6019999980926514, 0.6019999980926514, 0.5979999899864197, 0.5979999899864197, 0.5979999899864197, 0.6000000238418579, 0.6019999980926514, 0.6039999723434448, 0.6079999804496765, 0.6079999804496765, 0.6079999804496765, 0.609000027179718, 0.6069999933242798, 0.6039999723434448, 0.6039999723434448, 0.6129999756813049, 0.6129999756813049, 0.6119999885559082, 0.6209999918937683, 0.6129999756813049, 0.6240000128746033, 0.625, 0.6290000081062317, 0.6330000162124634, 0.6380000114440918, 0.6399999856948853, 0.6420000195503235, 0.6439999938011169, 0.6460000276565552, 0.6499999761581421, 0.6510000228881836, 0.6539999842643738, 0.6539999842643738, 0.6610000133514404, 0.6579999923706055, 0.656000018119812, 0.6620000004768372, 0.6740000247955322, 0.6740000247955322, 0.671999990940094]
intensities: [1077.0, 1129.0, 1135.0, 1177.0, 1206.0, 1231.0, 1292.0, 1381.0, 1364.0, 1400.0, 1420.0, 1432.0, 1445.0, 1423.0, 1331.0, 1130.0, 1148.0, 1023.0, 992.0, 869.0, 947.0, 1015.0, 1053.0, 1079.0, 1088.0, 1069.0, 1063.0, 1032.0, 1071.0, 1082.0, 1130.0, 1231.0, 1318.0, 1318.0, 1408.0, 1482.0, 1536.0, 1553.0, 1580.0, 1604.0, 1592.0, 1626.0, 1618.0, 1638.0, 1648.0, 1644.0, 1663.0, 1676.0, 1659.0, 1664.0, 1666.0, 1665.0, 1669.0, 1673.0, 1671.0, 1671.0, 1677.0, 1667.0, 1655.0, 1661.0, 1651.0, 1667.0, 1632.0, 1633.0, 1628.0, 1623.0, 1636.0, 1622.0, 1629.0, 1627.0, 1604.0, 1610.0, 1612.0, 1618.0, 1615.0, 1603.0, 1596.0, 1575.0, 1562.0, 1565.0, 1555.0, 1569.0, 1569.0, 1574.0, 1566.0, 1560.0, 1563.0, 1582.0, 1568.0, 1552.0, 1547.0, 1539.0, 1530.0, 1548.0, 1541.0, 1520.0, 1520.0, 1520.0, 1525.0, 1508.0, 1516.0, 1509.0, 1512.0, 1512.0, 1510.0, 1514.0, 1511.0, 1512.0, 1512.0, 1512.0, 1511.0, 1511.0, 1511.0, 1505.0, 1500.0, 1487.0, 1487.0, 1491.0, 1490.0, 1490.0, 1472.0, 1491.0, 1494.0, 1498.0, 1487.0, 1461.0, 1460.0, 1475.0, 1470.0, 1457.0, 1457.0, 1445.0, 1447.0, 1453.0, 1453.0, 1451.0, 1443.0, 1438.0, 1440.0, 1440.0, 1432.0, 1426.0, 1426.0, 1417.0, 1415.0, 1414.0, 1393.0, 1405.0, 1408.0, 1416.0, 1417.0, 1384.0, 1386.0, 1391.0, 1375.0, 1388.0, 1388.0, 1357.0, 1370.0, 1370.0, 1353.0, 1336.0, 1343.0, 1325.0, 1335.0, 1308.0, 1300.0, 1306.0, 1306.0, 1294.0, 1293.0, 1278.0, 1275.0, 1274.0, 1279.0, 1278.0, 1264.0, 1266.0, 1271.0, 1267.0, 1260.0, 1263.0, 1258.0, 1258.0, 1257.0, 1249.0, 1242.0, 1242.0, 1232.0, 1214.0, 1232.0, 1258.0, 1223.0, 1240.0, 1228.0, 1228.0, 1226.0, 1211.0, 1216.0, 1215.0, 1218.0, 1224.0, 1223.0, 1227.0, 1222.0, 1228.0, 1226.0, 1222.0, 1232.0, 1221.0, 1221.0, 1205.0, 1210.0, 1214.0, 1223.0, 1207.0, 1209.0, 1213.0, 1218.0, 1215.0, 1215.0, 1206.0, 1199.0, 1197.0, 1182.0, 1182.0, 1182.0, 1186.0, 1174.0, 1188.0, 1174.0, 1164.0, 1175.0, 1157.0, 1168.0, 1178.0, 1175.0, 1185.0, 1177.0, 1176.0, 1176.0, 1173.0, 1171.0, 1171.0, 1176.0, 1172.0, 1176.0, 1173.0, 1173.0, 1152.0, 1166.0, 1160.0, 1165.0, 1166.0, 1157.0, 1155.0, 1155.0, 1155.0, 1153.0, 1153.0, 1151.0, 1143.0, 1142.0, 1151.0, 1142.0, 1146.0, 1147.0, 1148.0, 1145.0, 1140.0, 1152.0, 1140.0, 1160.0, 1156.0, 1155.0, 1166.0, 1166.0, 1192.0, 1202.0, 1205.0, 1200.0, 1194.0, 1194.0, 1239.0, 1215.0, 1209.0, 1215.0, 1213.0, 1222.0, 1223.0, 1223.0, 1217.0, 1217.0, 1210.0, 1197.0, 1210.0, 1208.0, 1172.0, 1162.0, 1183.0, 1186.0, 1182.0, 1173.0, 1170.0, 1175.0, 1148.0, 1155.0, 1148.0, 1135.0, 1129.0, 1133.0, 1129.0, 1129.0, 1089.0, 1099.0, 1112.0, 1100.0, 1102.0, 1108.0, 1103.0, 1101.0, 1096.0, 1144.0, 1416.0, 1531.0, 928.0, 930.0, 925.0, 932.0, 945.0, 941.0, 948.0, 953.0, 954.0, 954.0, 958.0, 957.0, 963.0, 964.0, 967.0, 979.0, 975.0, 983.0, 989.0, 1006.0, 1008.0, 1006.0, 1002.0, 991.0, 973.0, 992.0, 1004.0, 985.0, 979.0, 1011.0, 1018.0, 1003.0, 1020.0, 1021.0, 1027.0, 1019.0, 1016.0, 1031.0, 1029.0, 1051.0, 1044.0, 1059.0, 1043.0, 1055.0, 1068.0, 1063.0, 1072.0, 1084.0, 1072.0, 1064.0, 1081.0, 1087.0, 1089.0, 1099.0, 1097.0, 1092.0, 1099.0, 1097.0, 1111.0, 1103.0, 1109.0, 1117.0, 1112.0, 1113.0, 1111.0, 1118.0, 1112.0, 1110.0, 1116.0, 1094.0, 1097.0, 1098.0, 1096.0, 1101.0, 1100.0, 1105.0, 1110.0, 1110.0, 1095.0, 1115.0, 1106.0, 1116.0, 1116.0, 1100.0, 1112.0, 1097.0, 1100.0, 1092.0, 1098.0, 1109.0, 1114.0, 1092.0, 1085.0, 1103.0, 1127.0, 1089.0, 1107.0, 1108.0, 1113.0, 1104.0, 1117.0, 1089.0, 1080.0, 1098.0, 1117.0, 1136.0, 1143.0, 1121.0, 1129.0, 1113.0, 1122.0, 1137.0, 1144.0, 1160.0, 1173.0, 1161.0, 1160.0, 1162.0, 1149.0, 1151.0, 1168.0, 1162.0, 1166.0, 1170.0, 1178.0, 1192.0, 1190.0, 1197.0, 1204.0, 1200.0, 1216.0, 1222.0, 1223.0, 1215.0, 1221.0, 1230.0, 1245.0, 1244.0, 1248.0, 1246.0, 1246.0, 1263.0, 1266.0, 1265.0, 1261.0, 1281.0, 1249.0, 1242.0, 1254.0, 1258.0, 1263.0, 1263.0, 1261.0, 1261.0, 1269.0, 1272.0, 1272.0, 1293.0, 1261.0, 1258.0, 1262.0, 1258.0, 1288.0, 1289.0, 1282.0, 1280.0, 1278.0, 1277.0, 1262.0, 1259.0, 1265.0, 1261.0, 1273.0, 1290.0, 1271.0, 1264.0, 1272.0, 1268.0, 1280.0, 1284.0, 1271.0, 1272.0, 1271.0, 1277.0, 1275.0, 1268.0, 1273.0, 1280.0, 1276.0, 1276.0, 1272.0, 1281.0, 1264.0, 1268.0, 1278.0, 1286.0, 1287.0, 1275.0, 1266.0, 1308.0, 1290.0, 1264.0, 1267.0, 1290.0, 1279.0, 1274.0, 1281.0, 1298.0, 1305.0, 1272.0, 1293.0, 1267.0, 1267.0, 1277.0, 1282.0, 1287.0, 1295.0, 1296.0, 1294.0, 1311.0, 1303.0, 1303.0, 1291.0, 1307.0, 1302.0, 1305.0, 1307.0, 1294.0, 1322.0, 1323.0, 1312.0, 1327.0, 1338.0, 1338.0, 1331.0, 1344.0, 1344.0, 1330.0, 1340.0, 1340.0, 1331.0, 1346.0, 1339.0, 1330.0, 1324.0, 1343.0, 1342.0, 1348.0, 1344.0, 1349.0, 1338.0, 1348.0, 1344.0, 1332.0, 1342.0, 1349.0, 1358.0, 1364.0, 1350.0, 1334.0, 1341.0, 1348.0, 1363.0, 1330.0, 1365.0, 1378.0, 1363.0, 1391.0, 1368.0, 1346.0, 1354.0, 1359.0, 1367.0, 1356.0, 1356.0, 1365.0, 1365.0, 1358.0, 1388.0, 1388.0, 1391.0, 1382.0, 1379.0, 1381.0, 1393.0, 1391.0, 1385.0, 1403.0, 1411.0, 1425.0, 1419.0, 1412.0, 1405.0, 1415.0, 1402.0, 1431.0, 1408.0, 1429.0, 1416.0, 1425.0, 1421.0, 1421.0, 1427.0, 1419.0, 1440.0, 1443.0, 1445.0, 1451.0, 1445.0, 1444.0, 1437.0, 1439.0, 1434.0, 1434.0, 1451.0, 1448.0, 1444.0, 1456.0, 1448.0, 1453.0, 1450.0, 1454.0, 1454.0, 1471.0, 1453.0, 1465.0, 1471.0, 1468.0, 1450.0, 1454.0, 1460.0, 1479.0, 1479.0, 1483.0, 1473.0, 1485.0, 1485.0, 1478.0, 1486.0, 1500.0, 1496.0, 1492.0, 1504.0, 1512.0, 1511.0, 1512.0, 1514.0, 1514.0, 1518.0, 1520.0, 1523.0, 1528.0, 1532.0, 1527.0, 1547.0, 1541.0, 1520.0, 1520.0, 1523.0, 1524.0, 1518.0, 1531.0, 1513.0, 1527.0, 1543.0, 1550.0, 1535.0, 1529.0, 1540.0, 1539.0, 1529.0, 1542.0, 1536.0, 1550.0, 1523.0, 1546.0, 1539.0, 1543.0, 1554.0, 1554.0, 1551.0, 1570.0, 1552.0, 1556.0, 1588.0, 1583.0, 1572.0, 1572.0, 1569.0, 1564.0, 1574.0, 1574.0, 1578.0, 1590.0, 1577.0, 1570.0, 1569.0, 1588.0, 1598.0, 1588.0, 1577.0, 1599.0, 1590.0, 1601.0, 1590.0, 1594.0, 1586.0, 1587.0, 1606.0, 1595.0, 1595.0, 1596.0, 1588.0, 1588.0, 1596.0, 1594.0, 1585.0, 1582.0, 1597.0, 1597.0, 1587.0, 1590.0, 1594.0, 1601.0, 1609.0, 1587.0, 1593.0, 1593.0, 1590.0, 1575.0, 1581.0, 1608.0, 1608.0, 1611.0, 1619.0, 1617.0, 1629.0, 1627.0, 1642.0, 1632.0, 1619.0, 1613.0, 1618.0, 1616.0, 1627.0, 1601.0, 1601.0, 1600.0, 1602.0, 1604.0, 1604.0, 1594.0, 1582.0, 1584.0, 1600.0, 1595.0, 1597.0, 1602.0, 1598.0, 1611.0, 1601.0, 1604.0, 1604.0, 1595.0, 1590.0, 1577.0, 1579.0, 1584.0, 1590.0, 1575.0, 1563.0, 1550.0, 1597.0, 1579.0, 1586.0, 1576.0, 1568.0, 1577.0, 1554.0, 1581.0, 1558.0, 1574.0, 1553.0, 1552.0, 1571.0, 1571.0, 1574.0, 1569.0, 1567.0, 1545.0, 1535.0, 1531.0, 1552.0, 1575.0, 1573.0, 1573.0, 1547.0, 1558.0, 1543.0, 1585.0, 1566.0, 1550.0, 1548.0, 1554.0, 1554.0, 1536.0, 1547.0, 1524.0, 1532.0, 1542.0, 1541.0, 1541.0, 1524.0, 1516.0, 1513.0, 1510.0, 1508.0, 1504.0, 1512.0, 1483.0, 1484.0, 1499.0, 1505.0, 1486.0, 1491.0, 1480.0, 1466.0, 1487.0, 1463.0, 1468.0, 1463.0, 1462.0, 1475.0, 1472.0, 1470.0, 1454.0, 1459.0, 1465.0, 1459.0, 1456.0, 1463.0, 1458.0, 1449.0, 1449.0, 1443.0, 1427.0, 1427.0, 1415.0, 1418.0, 1417.0, 1399.0, 1389.0, 1388.0, 1411.0, 1402.0, 1407.0, 1417.0, 1383.0, 1364.0, 1373.0, 1383.0, 1384.0, 1385.0, 1377.0, 1383.0, 1392.0, 1362.0, 1375.0, 1363.0, 1369.0, 1347.0, 1359.0, 1356.0, 1349.0, 1345.0, 1345.0, 1333.0, 1333.0, 1335.0, 1344.0, 1335.0, 1321.0, 1331.0, 1311.0, 1326.0, 1334.0, 1338.0, 1318.0, 1310.0, 1324.0, 1324.0, 1320.0, 1322.0, 1310.0, 1308.0, 1303.0, 1310.0, 1298.0, 1286.0, 1275.0, 1280.0, 1270.0, 1275.0, 1277.0, 1273.0, 1266.0, 1278.0, 1280.0, 1278.0, 1290.0, 1304.0, 1282.0, 1275.0, 1277.0, 1277.0, 1258.0, 1256.0, 1265.0, 1257.0, 1275.0, 1266.0, 1266.0, 1276.0, 1265.0, 1263.0, 1273.0, 1273.0, 1253.0, 1266.0, 1262.0, 1267.0, 1263.0, 1264.0, 1262.0, 1253.0, 1252.0, 1260.0, 1280.0, 1269.0, 1265.0, 1263.0, 1279.0, 1275.0, 1278.0, 1274.0, 1275.0, 1277.0, 1283.0, 1287.0, 1279.0, 1314.0, 1300.0, 1301.0, 1274.0, 1274.0, 1289.0, 1297.0, 1297.0, 1289.0, 1289.0, 1297.0, 1285.0, 1293.0, 1294.0, 1287.0, 1301.0, 1293.0, 1290.0, 1305.0, 1305.0, 1315.0, 1298.0, 1298.0, 1294.0, 1303.0, 1321.0, 1317.0, 1296.0, 1286.0, 1277.0, 1278.0, 1270.0, 1286.0, 1295.0, 1289.0, 1296.0, 1302.0, 1314.0, 1321.0, 1313.0, 1313.0, 1313.0, 1329.0, 1343.0, 1346.0, 1339.0, 1343.0, 1343.0, 1356.0, 1364.0, 1373.0, 1379.0, 1386.0, 1378.0, 1353.0, 1391.0, 1383.0, 1385.0, 1373.0, 1371.0, 1382.0, 1382.0, 1391.0, 1388.0, 1386.0, 1398.0, 1399.0, 1399.0, 1418.0, 1414.0, 1414.0, 1412.0, 1420.0, 1402.0, 1395.0, 1396.0, 1396.0, 1385.0, 1376.0, 1391.0, 1384.0, 1403.0, 1403.0, 1394.0, 1393.0, 1361.0, 1384.0, 1375.0, 1383.0, 1379.0, 1383.0, 1371.0, 1379.0, 1393.0, 1390.0, 1379.0, 1388.0, 1401.0, 1401.0, 1396.0, 1392.0, 1401.0, 1400.0, 1384.0, 1384.0, 1390.0]