header: 
  seq: 1556
  stamp: 
    secs: 1548820796
    nsecs:  64006089
  frame_id: "base_link"
angle_min: -2.35619449615
angle_max: 2.35619449615
angle_increment: 0.00436332309619
time_increment: 1.73611151695e-05
scan_time: 0.0250000003725
range_min: 0.019999999553
range_max: 30.0
ranges: [0.36399999260902405, 0.3720000088214874, 0.36399999260902405, 0.3619999885559082, 0.3720000088214874, 0.36399999260902405, 0.3709999918937683, 0.3700000047683716, 0.36899998784065247, 0.36800000071525574, 0.367000013589859, 0.36500000953674316, 0.36500000953674316, 0.36399999260902405, 0.3540000021457672, 0.3440000116825104, 0.34200000762939453, 0.3199999928474426, 0.28600001335144043, 0.2709999978542328, 0.28999999165534973, 0.328000009059906, 0.32600000500679016, 0.34200000762939453, 0.3440000116825104, 0.3479999899864197, 0.3449999988079071, 0.33799999952316284, 0.34700000286102295, 0.3499999940395355, 0.3529999852180481, 0.35499998927116394, 0.34700000286102295, 0.33899998664855957, 0.3400000035762787, 0.34599998593330383, 0.34700000286102295, 0.3440000116825104, 0.3490000069141388, 0.34200000762939453, 0.335999995470047, 0.335999995470047, 0.3400000035762787, 0.34200000762939453, 0.34200000762939453, 0.3400000035762787, 0.33899998664855957, 0.34200000762939453, 0.3440000116825104, 0.3440000116825104, 0.3440000116825104, 0.34299999475479126, 0.3409999907016754, 0.3409999907016754, 0.3409999907016754, 0.3400000035762787, 0.33500000834465027, 0.33500000834465027, 0.33500000834465027, 0.33500000834465027, 0.3400000035762787, 0.3400000035762787, 0.3370000123977661, 0.3370000123977661, 0.33899998664855957, 0.3400000035762787, 0.33899998664855957, 0.3330000042915344, 0.34200000762939453, 0.34200000762939453, 0.33899998664855957, 0.3400000035762787, 0.3479999899864197, 0.3490000069141388, 0.3490000069141388, 0.3449999988079071, 0.34599998593330383, 0.3440000116825104, 0.3449999988079071, 0.3449999988079071, 0.3479999899864197, 0.3540000021457672, 0.3569999933242798, 0.3569999933242798, 0.35499998927116394, 0.3610000014305115, 0.3569999933242798, 0.3610000014305115, 0.35899999737739563, 0.35899999737739563, 0.36000001430511475, 0.36000001430511475, 0.3610000014305115, 0.3630000054836273, 0.3610000014305115, 0.35899999737739563, 0.3630000054836273, 0.3700000047683716, 0.36899998784065247, 0.36899998784065247, 0.36500000953674316, 0.367000013589859, 0.36399999260902405, 0.3630000054836273, 0.3610000014305115, 0.36500000953674316, 0.37299999594688416, 0.37400001287460327, 0.3720000088214874, 0.3700000047683716, 0.37299999594688416, 0.37599998712539673, 0.375, 0.3709999918937683, 0.36899998784065247, 0.3700000047683716, 0.3720000088214874, 0.3799999952316284, 0.38199999928474426, 0.38199999928474426, 0.38199999928474426, 0.382999986410141, 0.382999986410141, 0.37299999594688416, 0.37400001287460327, 0.3779999911785126, 0.38199999928474426, 0.38199999928474426, 0.38600000739097595, 0.3880000114440918, 0.38600000739097595, 0.38199999928474426, 0.3790000081062317, 0.37599998712539673, 0.382999986410141, 0.382999986410141, 0.3840000033378601, 0.3840000033378601, 0.3840000033378601, 0.3840000033378601, 0.382999986410141, 0.38600000739097595, 0.3919999897480011, 0.39500001072883606, 0.38999998569488525, 0.3970000147819519, 0.3919999897480011, 0.3959999978542328, 0.39399999380111694, 0.3930000066757202, 0.40400001406669617, 0.40400001406669617, 0.40299999713897705, 0.40299999713897705, 0.4009999930858612, 0.41200000047683716, 0.4129999876022339, 0.41499999165534973, 0.414000004529953, 0.4090000092983246, 0.41200000047683716, 0.4099999964237213, 0.41999998688697815, 0.41999998688697815, 0.42100000381469727, 0.421999990940094, 0.4189999997615814, 0.41499999165534973, 0.4180000126361847, 0.42100000381469727, 0.4259999990463257, 0.4259999990463257, 0.4300000071525574, 0.4320000112056732, 0.43299999833106995, 0.4339999854564667, 0.4399999976158142, 0.4390000104904175, 0.44200000166893005, 0.4429999887943268, 0.44200000166893005, 0.4480000138282776, 0.4440000057220459, 0.4449999928474426, 0.44600000977516174, 0.4490000009536743, 0.4480000138282776, 0.45500001311302185, 0.4560000002384186, 0.4659999907016754, 0.4690000116825104, 0.46799999475479126, 0.46700000762939453, 0.4699999988079071, 0.4699999988079071, 0.4779999852180481, 0.47200000286102295, 0.47200000286102295, 0.47699999809265137, 0.4779999852180481, 0.4880000054836273, 0.49799999594688416, 0.5019999742507935, 0.5019999742507935, 0.4970000088214874, 0.4959999918937683, 0.5049999952316284, 0.5099999904632568, 0.5199999809265137, 0.5189999938011169, 0.5149999856948853, 0.5199999809265137, 0.531000018119812, 0.5339999794960022, 0.5339999794960022, 0.5440000295639038, 0.5419999957084656, 0.5429999828338623, 0.5419999957084656, 0.5460000038146973, 0.5529999732971191, 0.5550000071525574, 0.5559999942779541, 0.5559999942779541, 0.5669999718666077, 0.5690000057220459, 0.5809999704360962, 0.5809999704360962, 0.5830000042915344, 0.5820000171661377, 0.5839999914169312, 0.6029999852180481, 0.6079999804496765, 0.6110000014305115, 0.6159999966621399, 0.6159999966621399, 0.6169999837875366, 0.621999979019165, 0.6259999871253967, 0.628000020980835, 0.6309999823570251, 0.6359999775886536, 0.6380000114440918, 0.6460000276565552, 0.6480000019073486, 0.6480000019073486, 0.6639999747276306, 0.6660000085830688, 0.6660000085830688, 0.6729999780654907, 0.6819999814033508, 0.6899999976158142, 0.6919999718666077, 0.6980000138282776, 0.7039999961853027, 0.7139999866485596, 0.722000002861023, 0.7260000109672546, 0.7289999723434448, 0.7379999756813049, 0.746999979019165, 0.7509999871253967, 0.7559999823570251, 0.7620000243186951, 0.7720000147819519, 0.777999997138977, 0.7879999876022339, 0.7900000214576721, 0.8040000200271606, 0.8149999976158142, 0.8190000057220459, 0.8220000267028809, 0.8270000219345093, 0.8460000157356262, 0.8640000224113464, 0.8669999837875366, 0.8759999871253967, 0.8840000033378601, 0.8880000114440918, 0.902999997138977, 0.906000018119812, 0.9100000262260437, 0.9330000281333923, 0.9359999895095825, 0.9520000219345093, 0.9629999995231628, 0.9829999804496765, 1.0010000467300415, 1.0069999694824219, 1.0219999551773071, 1.0379999876022339, 1.0479999780654907, 1.0579999685287476, 1.0709999799728394, 1.0859999656677246, 1.1039999723434448, 1.1200000047683716, 1.1330000162124634, 1.152999997138977, 1.1640000343322754, 1.184999942779541, 1.2079999446868896, 1.2350000143051147, 1.2450000047683716, 1.2599999904632568, 1.2799999713897705, 1.315999984741211, 1.3309999704360962, 1.3600000143051147, 1.3760000467300415, 1.406000018119812, 1.4329999685287476, 1.4589999914169312, 1.4809999465942383, 1.5230000019073486, 1.5980000495910645, 1.5850000381469727, 1.690999984741211, 1.784000039100647, 2.694999933242798, 2.703000068664551, 2.696000099182129, 2.6989998817443848, 2.7079999446868896, 2.7079999446868896, 2.7070000171661377, 2.7070000171661377, 2.7070000171661377, 2.7119998931884766, 2.7079999446868896, 2.7060000896453857, 2.7049999237060547, 2.696000099182129, 2.694999933242798, 2.696000099182129, 2.696000099182129, 2.7039999961853027, 2.690000057220459, 2.693000078201294, 2.694000005722046, 2.690999984741211, 2.690999984741211, 2.680000066757202, 2.687000036239624, 2.691999912261963, 2.681999921798706, 2.680999994277954, 2.678999900817871, 2.6710000038146973, 2.6659998893737793, 2.6659998893737793, 2.6679999828338623, 2.6679999828338623, 2.6600000858306885, 2.6549999713897705, 2.6519999504089355, 2.6429998874664307, 2.6419999599456787, 2.6419999599456787, 2.625999927520752, 2.622999906539917, 2.619999885559082, 2.619999885559082, 2.615999937057495, 2.6089999675750732, 2.6089999675750732, 2.6050000190734863, 2.5980000495910645, 2.5980000495910645, 2.5910000801086426, 2.5799999237060547, 2.5759999752044678, 2.575000047683716, 2.569999933242798, 2.561000108718872, 2.559000015258789, 2.565000057220459, 2.5480000972747803, 2.5290000438690186, 2.5199999809265137, 2.5169999599456787, 2.5169999599456787, 2.5169999599456787, 2.509000062942505, 2.490999937057495, 2.484999895095825, 2.4860000610351562, 2.4739999771118164, 2.4600000381469727, 2.447999954223633, 2.447999954223633, 2.444999933242798, 2.433000087738037, 2.427999973297119, 2.4170000553131104, 2.4030001163482666, 2.3940000534057617, 2.388000011444092, 2.384000062942505, 2.365999937057495, 2.3540000915527344, 2.3429999351501465, 2.3399999141693115, 2.3310000896453857, 2.311000108718872, 2.306999921798706, 2.2939999103546143, 2.2739999294281006, 2.2679998874664307, 2.256999969482422, 2.253999948501587, 2.25, 2.2219998836517334, 2.2190001010894775, 2.2079999446868896, 2.194000005722046, 2.180000066757202, 2.1630001068115234, 2.1470000743865967, 2.124000072479248, 2.1110000610351562, 2.1070001125335693, 2.0820000171661377, 2.0799999237060547, 2.053999900817871, 2.0420000553131104, 2.0160000324249268, 2.000999927520752, 1.9910000562667847, 1.9709999561309814, 1.944000005722046, 1.9299999475479126, 1.8880000114440918, 1.871999979019165, 1.8559999465942383, 1.8339999914169312, 1.8040000200271606, 1.7829999923706055, 1.7519999742507935, 1.7300000190734863, 1.6959999799728394, 1.690999984741211, 1.6649999618530273, 1.6510000228881836, 1.6410000324249268, 1.6150000095367432, 1.590000033378601, 1.5700000524520874, 1.5540000200271606, 1.5390000343322754, 1.5160000324249268, 1.5110000371932983, 1.4900000095367432, 1.4809999465942383, 1.468999981880188, 1.4470000267028809, 1.440000057220459, 1.4290000200271606, 1.4160000085830688, 1.406000018119812, 1.38100004196167, 1.3669999837875366, 1.3580000400543213, 1.343999981880188, 1.3300000429153442, 1.312999963760376, 1.3029999732971191, 1.2899999618530273, 1.284000039100647, 1.2740000486373901, 1.25, 1.2410000562667847, 1.2309999465942383, 1.218999981880188, 1.2200000286102295, 1.1979999542236328, 1.1979999542236328, 1.184999942779541, 1.1720000505447388, 1.159999966621399, 1.1549999713897705, 1.1410000324249268, 1.1380000114440918, 1.128999948501587, 1.1089999675750732, 1.1019999980926514, 1.0950000286102295, 1.0820000171661377, 1.0820000171661377, 1.0779999494552612, 1.0670000314712524, 1.0540000200271606, 1.0509999990463257, 1.0420000553131104, 1.034000039100647, 1.031999945640564, 1.031000018119812, 1.0140000581741333, 1.0080000162124634, 0.996999979019165, 0.9909999966621399, 0.9929999709129333, 0.9869999885559082, 0.9789999723434448, 0.9750000238418579, 0.968999981880188, 0.9610000252723694, 0.9549999833106995, 0.9539999961853027, 0.9509999752044678, 0.9440000057220459, 0.9380000233650208, 0.9359999895095825, 0.9340000152587891, 0.9300000071525574, 0.9259999990463257, 0.9290000200271606, 0.9160000085830688, 0.9129999876022339, 0.906000018119812, 0.8999999761581421, 0.8980000019073486, 0.8970000147819519, 0.8840000033378601, 0.8820000290870667, 0.878000020980835, 0.8679999709129333, 0.8659999966621399, 0.8640000224113464, 0.8600000143051147, 0.8650000095367432, 0.8560000061988831, 0.8539999723434448, 0.8529999852180481, 0.8420000076293945, 0.8379999995231628, 0.8360000252723694, 0.8339999914169312, 0.8289999961853027, 0.8320000171661377, 0.824999988079071, 0.8209999799728394, 0.8199999928474426, 0.8100000023841858, 0.8069999814033508, 0.8059999942779541, 0.8059999942779541, 0.8029999732971191, 0.7990000247955322, 0.7870000004768372, 0.7860000133514404, 0.7839999794960022, 0.7839999794960022, 0.7829999923706055, 0.7789999842643738, 0.7760000228881836, 0.7739999890327454, 0.7730000019073486, 0.7649999856948853, 0.7620000243186951, 0.7599999904632568, 0.7599999904632568, 0.7549999952316284, 0.7459999918937683, 0.7400000095367432, 0.7400000095367432, 0.7400000095367432, 0.7329999804496765, 0.7329999804496765, 0.734000027179718, 0.7329999804496765, 0.7329999804496765, 0.722000002861023, 0.722000002861023, 0.7239999771118164, 0.7229999899864197, 0.7149999737739563, 0.7110000252723694, 0.7110000252723694, 0.7049999833106995, 0.7020000219345093, 0.7039999961853027, 0.7070000171661377, 0.7039999961853027, 0.6949999928474426, 0.6899999976158142, 0.6909999847412109, 0.6930000185966492, 0.6990000009536743, 0.6859999895095825, 0.6840000152587891, 0.6809999942779541, 0.6800000071525574, 0.6740000247955322, 0.6700000166893005, 0.6700000166893005, 0.6710000038146973, 0.6700000166893005, 0.671999990940094, 0.6710000038146973, 0.6669999957084656, 0.6629999876022339, 0.6620000004768372, 0.6620000004768372, 0.6650000214576721, 0.6629999876022339, 0.6610000133514404, 0.6620000004768372, 0.6600000262260437, 0.6579999923706055, 0.6570000052452087, 0.6539999842643738, 0.6510000228881836, 0.6510000228881836, 0.6539999842643738, 0.6499999761581421, 0.6430000066757202, 0.6380000114440918, 0.6399999856948853, 0.6399999856948853, 0.640999972820282, 0.6399999856948853, 0.6399999856948853, 0.6399999856948853, 0.6380000114440918, 0.6370000243186951, 0.6359999775886536, 0.6349999904632568, 0.6359999775886536, 0.6399999856948853, 0.6370000243186951, 0.628000020980835, 0.6269999742507935, 0.6299999952316284, 0.6330000162124634, 0.6240000128746033, 0.6240000128746033, 0.6240000128746033, 0.625, 0.6269999742507935, 0.6320000290870667, 0.628000020980835, 0.6240000128746033, 0.621999979019165, 0.6240000128746033, 0.6200000047683716, 0.6110000014305115, 0.621999979019165, 0.621999979019165, 0.6169999837875366, 0.6100000143051147, 0.609000027179718, 0.6079999804496765, 0.6150000095367432, 0.6119999885559082, 0.6050000190734863, 0.6010000109672546, 0.6050000190734863, 0.6050000190734863, 0.6079999804496765, 0.6050000190734863, 0.6119999885559082, 0.609000027179718, 0.6060000061988831, 0.6039999723434448, 0.6069999933242798, 0.6050000190734863, 0.5979999899864197, 0.5950000286102295, 0.5960000157356262, 0.6019999980926514, 0.6119999885559082, 0.6060000061988831, 0.6039999723434448, 0.597000002861023, 0.597000002861023, 0.5929999947547913, 0.593999981880188, 0.593999981880188, 0.5929999947547913, 0.593999981880188, 0.5950000286102295, 0.5960000157356262, 0.5960000157356262, 0.5960000157356262, 0.5889999866485596, 0.5860000252723694, 0.5830000042915344, 0.5870000123977661, 0.5929999947547913, 0.5950000286102295, 0.597000002861023, 0.5889999866485596, 0.5860000252723694, 0.5839999914169312, 0.5820000171661377, 0.5849999785423279, 0.5879999995231628, 0.5879999995231628, 0.5870000123977661, 0.5799999833106995, 0.578000009059906, 0.5799999833106995, 0.5799999833106995, 0.5820000171661377, 0.5839999914169312, 0.5910000205039978, 0.5899999737739563, 0.5830000042915344, 0.5849999785423279, 0.5889999866485596, 0.5839999914169312, 0.5860000252723694, 0.5789999961853027, 0.578000009059906, 0.578000009059906, 0.578000009059906, 0.5789999961853027, 0.5740000009536743, 0.5690000057220459, 0.5770000219345093, 0.5799999833106995, 0.5820000171661377, 0.5820000171661377, 0.5820000171661377, 0.5849999785423279, 0.5849999785423279, 0.5849999785423279, 0.5759999752044678, 0.5849999785423279, 0.5789999961853027, 0.5830000042915344, 0.5740000009536743, 0.5709999799728394, 0.5799999833106995, 0.5849999785423279, 0.5849999785423279, 0.5870000123977661, 0.5860000252723694, 0.5870000123977661, 0.5849999785423279, 0.5839999914169312, 0.5839999914169312, 0.5839999914169312, 0.5809999704360962, 0.5809999704360962, 0.5809999704360962, 0.5789999961853027, 0.5809999704360962, 0.5809999704360962, 0.5809999704360962, 0.5839999914169312, 0.5870000123977661, 0.5870000123977661, 0.5839999914169312, 0.5839999914169312, 0.5799999833106995, 0.578000009059906, 0.578000009059906, 0.5820000171661377, 0.5820000171661377, 0.5860000252723694, 0.5860000252723694, 0.5849999785423279, 0.5809999704360962, 0.5759999752044678, 0.578000009059906, 0.5839999914169312, 0.5830000042915344, 0.5889999866485596, 0.5889999866485596, 0.5879999995231628, 0.5889999866485596, 0.5929999947547913, 0.5910000205039978, 0.5860000252723694, 0.5879999995231628, 0.5889999866485596, 0.5849999785423279, 0.5879999995231628, 0.5849999785423279, 0.5849999785423279, 0.5879999995231628, 0.5889999866485596, 0.5910000205039978, 0.5849999785423279, 0.5899999737739563, 0.5809999704360962, 0.5830000042915344, 0.5809999704360962, 0.5899999737739563, 0.5929999947547913, 0.5929999947547913, 0.5849999785423279, 0.5879999995231628, 0.5920000076293945, 0.5929999947547913, 0.5920000076293945, 0.5849999785423279, 0.5799999833106995, 0.5799999833106995, 0.5910000205039978, 0.5920000076293945, 0.5879999995231628, 0.5849999785423279, 0.5870000123977661, 0.5899999737739563, 0.5950000286102295, 0.5889999866485596, 0.5889999866485596, 0.5889999866485596, 0.5889999866485596, 0.5929999947547913, 0.5929999947547913, 0.5910000205039978, 0.5950000286102295, 0.5929999947547913, 0.5899999737739563, 0.5920000076293945, 0.5929999947547913, 0.593999981880188, 0.593999981880188, 0.5979999899864197, 0.5989999771118164, 0.5989999771118164, 0.5960000157356262, 0.593999981880188, 0.5950000286102295, 0.5950000286102295, 0.5979999899864197, 0.6010000109672546, 0.6029999852180481, 0.6029999852180481, 0.6010000109672546, 0.6029999852180481, 0.6039999723434448, 0.6140000224113464, 0.6169999837875366, 0.6029999852180481, 0.6029999852180481, 0.6110000014305115, 0.6110000014305115, 0.6140000224113464, 0.6050000190734863, 0.609000027179718, 0.6039999723434448, 0.6029999852180481, 0.6060000061988831, 0.6169999837875366, 0.6240000128746033, 0.6240000128746033, 0.6169999837875366, 0.6150000095367432, 0.6200000047683716, 0.6200000047683716, 0.621999979019165, 0.6159999966621399, 0.621999979019165, 0.6110000014305115, 0.609000027179718, 0.609000027179718, 0.6100000143051147, 0.609000027179718, 0.6110000014305115, 0.6200000047683716, 0.621999979019165, 0.621999979019165, 0.6190000176429749, 0.6169999837875366, 0.6169999837875366, 0.625, 0.625, 0.6230000257492065, 0.6240000128746033, 0.6320000290870667, 0.6230000257492065, 0.6230000257492065, 0.6240000128746033, 0.6299999952316284, 0.6259999871253967, 0.6299999952316284, 0.6380000114440918, 0.6380000114440918, 0.6349999904632568, 0.6299999952316284, 0.6309999823570251, 0.6309999823570251, 0.6309999823570251, 0.6309999823570251, 0.6330000162124634, 0.6349999904632568, 0.6380000114440918, 0.6389999985694885, 0.6389999985694885, 0.6359999775886536, 0.6359999775886536, 0.6380000114440918, 0.6480000019073486, 0.6420000195503235, 0.6340000033378601, 0.6380000114440918, 0.6499999761581421, 0.6449999809265137, 0.640999972820282, 0.6389999985694885, 0.6470000147819519, 0.6470000147819519, 0.6460000276565552, 0.6460000276565552, 0.6520000100135803, 0.6499999761581421, 0.6480000019073486, 0.6480000019073486, 0.6480000019073486, 0.6510000228881836, 0.6499999761581421, 0.6539999842643738, 0.6499999761581421, 0.6539999842643738, 0.6549999713897705, 0.6549999713897705, 0.6549999713897705, 0.6549999713897705, 0.6589999794960022, 0.6549999713897705, 0.6549999713897705, 0.6549999713897705, 0.6510000228881836, 0.656000018119812, 0.6679999828338623, 0.6539999842643738, 0.6639999747276306, 0.6610000133514404, 0.6570000052452087, 0.652999997138977, 0.6549999713897705, 0.6549999713897705, 0.656000018119812, 0.6589999794960022, 0.6610000133514404, 0.6610000133514404, 0.6679999828338623, 0.6740000247955322, 0.675000011920929, 0.6629999876022339, 0.6620000004768372, 0.6629999876022339, 0.6660000085830688, 0.6690000295639038, 0.6690000295639038, 0.6690000295639038, 0.6669999957084656, 0.6710000038146973, 0.6710000038146973, 0.671999990940094, 0.6800000071525574, 0.6859999895095825, 0.6800000071525574, 0.6779999732971191, 0.6740000247955322, 0.6740000247955322, 0.6840000152587891, 0.6859999895095825, 0.6819999814033508, 0.6819999814033508, 0.6840000152587891, 0.6850000023841858, 0.6830000281333923, 0.6830000281333923, 0.6859999895095825, 0.6890000104904175, 0.6899999976158142, 0.6909999847412109, 0.6930000185966492, 0.6940000057220459, 0.6919999718666077, 0.6949999928474426, 0.6990000009536743, 0.699999988079071, 0.699999988079071, 0.7039999961853027, 0.7059999704360962, 0.7059999704360962, 0.7039999961853027, 0.7020000219345093, 0.7089999914169312, 0.7039999961853027, 0.7039999961853027, 0.7059999704360962, 0.7110000252723694, 0.7120000123977661, 0.7110000252723694, 0.7120000123977661, 0.7170000076293945, 0.7179999947547913, 0.7210000157356262, 0.7250000238418579, 0.7329999804496765, 0.7279999852180481, 0.7279999852180481, 0.7269999980926514, 0.7229999899864197, 0.7250000238418579, 0.7300000190734863, 0.7260000109672546, 0.7229999899864197, 0.7289999723434448, 0.7310000061988831, 0.7329999804496765, 0.7329999804496765, 0.7269999980926514, 0.7269999980926514, 0.7300000190734863, 0.7289999723434448, 0.7260000109672546, 0.7250000238418579, 0.7239999771118164, 0.7239999771118164, 0.7269999980926514, 0.7319999933242798, 0.7390000224113464, 0.7409999966621399, 0.7350000143051147, 0.7360000014305115, 0.7350000143051147, 0.7350000143051147, 0.7319999933242798, 0.7269999980926514, 0.7279999852180481, 0.7289999723434448, 0.7289999723434448, 0.7310000061988831, 0.7289999723434448, 0.7289999723434448, 0.7289999723434448, 0.7360000014305115, 0.7360000014305115, 0.7369999885559082, 0.7369999885559082, 0.7390000224113464, 0.7400000095367432, 0.7400000095367432, 0.7379999756813049, 0.7390000224113464, 0.7360000014305115, 0.7390000224113464, 0.7390000224113464, 0.7440000176429749, 0.7409999966621399, 0.7379999756813049, 0.7350000143051147, 0.7400000095367432, 0.7400000095367432, 0.7360000014305115, 0.7289999723434448, 0.718999981880188, 0.7229999899864197, 0.7310000061988831, 0.7329999804496765, 0.734000027179718, 0.7400000095367432, 0.734000027179718, 0.734000027179718, 0.7480000257492065, 0.7570000290870667, 0.7599999904632568, 0.7599999904632568, 0.7599999904632568, 0.7620000243186951, 0.7649999856948853, 0.7680000066757202, 0.7680000066757202, 0.7680000066757202, 0.765999972820282, 0.7670000195503235, 0.7799999713897705, 0.7789999842643738, 0.777999997138977, 0.7760000228881836, 0.7829999923706055, 0.7820000052452087]
intensities: [1108.0, 1152.0, 1130.0, 1179.0, 1303.0, 1291.0, 1403.0, 1446.0, 1449.0, 1444.0, 1455.0, 1470.0, 1445.0, 1445.0, 1302.0, 1217.0, 1193.0, 1020.0, 881.0, 807.0, 842.0, 945.0, 939.0, 1002.0, 1009.0, 1030.0, 1016.0, 1097.0, 1221.0, 1359.0, 1442.0, 1503.0, 1580.0, 1600.0, 1613.0, 1647.0, 1662.0, 1658.0, 1677.0, 1675.0, 1670.0, 1662.0, 1675.0, 1668.0, 1673.0, 1668.0, 1657.0, 1656.0, 1659.0, 1659.0, 1638.0, 1619.0, 1624.0, 1638.0, 1645.0, 1630.0, 1642.0, 1642.0, 1623.0, 1623.0, 1621.0, 1630.0, 1630.0, 1630.0, 1600.0, 1602.0, 1602.0, 1591.0, 1600.0, 1600.0, 1595.0, 1585.0, 1572.0, 1571.0, 1571.0, 1556.0, 1564.0, 1543.0, 1538.0, 1538.0, 1545.0, 1542.0, 1508.0, 1508.0, 1484.0, 1506.0, 1469.0, 1469.0, 1467.0, 1454.0, 1441.0, 1441.0, 1451.0, 1450.0, 1453.0, 1429.0, 1429.0, 1437.0, 1423.0, 1421.0, 1419.0, 1414.0, 1412.0, 1404.0, 1412.0, 1402.0, 1417.0, 1414.0, 1418.0, 1399.0, 1402.0, 1396.0, 1386.0, 1380.0, 1388.0, 1385.0, 1376.0, 1376.0, 1375.0, 1360.0, 1355.0, 1341.0, 1341.0, 1346.0, 1326.0, 1311.0, 1312.0, 1312.0, 1312.0, 1300.0, 1303.0, 1300.0, 1294.0, 1292.0, 1274.0, 1267.0, 1260.0, 1261.0, 1261.0, 1258.0, 1254.0, 1256.0, 1254.0, 1252.0, 1253.0, 1235.0, 1234.0, 1233.0, 1231.0, 1211.0, 1229.0, 1217.0, 1196.0, 1196.0, 1195.0, 1193.0, 1184.0, 1192.0, 1188.0, 1170.0, 1175.0, 1142.0, 1144.0, 1144.0, 1139.0, 1142.0, 1136.0, 1122.0, 1138.0, 1132.0, 1126.0, 1126.0, 1134.0, 1134.0, 1132.0, 1131.0, 1171.0, 1157.0, 1131.0, 1132.0, 1111.0, 1113.0, 1118.0, 1122.0, 1104.0, 1103.0, 1095.0, 1110.0, 1112.0, 1133.0, 1131.0, 1114.0, 1096.0, 1106.0, 1103.0, 1110.0, 1103.0, 1103.0, 1107.0, 1101.0, 1110.0, 1115.0, 1100.0, 1104.0, 1101.0, 1095.0, 1104.0, 1104.0, 1113.0, 1105.0, 1115.0, 1119.0, 1110.0, 1112.0, 1115.0, 1109.0, 1105.0, 1120.0, 1113.0, 1109.0, 1125.0, 1108.0, 1107.0, 1107.0, 1098.0, 1095.0, 1099.0, 1100.0, 1094.0, 1085.0, 1088.0, 1090.0, 1081.0, 1083.0, 1062.0, 1066.0, 1071.0, 1072.0, 1072.0, 1048.0, 1045.0, 1044.0, 1050.0, 1055.0, 1053.0, 1053.0, 1051.0, 1039.0, 1039.0, 1032.0, 1035.0, 1034.0, 1024.0, 1022.0, 1014.0, 1027.0, 1025.0, 1028.0, 1020.0, 1008.0, 1019.0, 1015.0, 999.0, 996.0, 1007.0, 1020.0, 1011.0, 1003.0, 1009.0, 1004.0, 995.0, 1002.0, 1005.0, 983.0, 1001.0, 982.0, 990.0, 992.0, 985.0, 970.0, 983.0, 980.0, 984.0, 967.0, 962.0, 960.0, 967.0, 972.0, 963.0, 961.0, 953.0, 947.0, 939.0, 937.0, 927.0, 928.0, 919.0, 909.0, 902.0, 907.0, 900.0, 906.0, 904.0, 897.0, 893.0, 896.0, 907.0, 890.0, 903.0, 880.0, 865.0, 870.0, 881.0, 864.0, 894.0, 972.0, 930.0, 1348.0, 1400.0, 968.0, 967.0, 952.0, 957.0, 969.0, 969.0, 965.0, 969.0, 969.0, 974.0, 968.0, 967.0, 967.0, 966.0, 968.0, 977.0, 977.0, 969.0, 977.0, 971.0, 981.0, 975.0, 976.0, 962.0, 975.0, 979.0, 965.0, 966.0, 977.0, 975.0, 965.0, 968.0, 977.0, 981.0, 962.0, 957.0, 961.0, 966.0, 973.0, 975.0, 959.0, 973.0, 963.0, 963.0, 967.0, 984.0, 978.0, 979.0, 969.0, 969.0, 968.0, 976.0, 980.0, 986.0, 985.0, 978.0, 971.0, 980.0, 975.0, 969.0, 967.0, 966.0, 968.0, 966.0, 976.0, 975.0, 976.0, 979.0, 980.0, 967.0, 966.0, 968.0, 970.0, 970.0, 973.0, 974.0, 968.0, 966.0, 972.0, 967.0, 963.0, 960.0, 964.0, 976.0, 968.0, 966.0, 976.0, 961.0, 951.0, 958.0, 950.0, 947.0, 949.0, 953.0, 962.0, 954.0, 951.0, 968.0, 954.0, 959.0, 958.0, 945.0, 954.0, 938.0, 947.0, 935.0, 959.0, 948.0, 953.0, 958.0, 947.0, 945.0, 954.0, 976.0, 988.0, 986.0, 984.0, 966.0, 988.0, 1005.0, 1009.0, 1007.0, 1014.0, 1013.0, 1017.0, 1030.0, 1027.0, 1038.0, 1042.0, 1059.0, 1049.0, 1066.0, 1072.0, 1071.0, 1062.0, 1065.0, 1064.0, 1075.0, 1071.0, 1072.0, 1071.0, 1083.0, 1087.0, 1104.0, 1101.0, 1100.0, 1108.0, 1111.0, 1106.0, 1110.0, 1118.0, 1101.0, 1088.0, 1092.0, 1088.0, 1104.0, 1079.0, 1102.0, 1112.0, 1140.0, 1126.0, 1127.0, 1125.0, 1142.0, 1143.0, 1133.0, 1139.0, 1153.0, 1127.0, 1139.0, 1134.0, 1122.0, 1127.0, 1122.0, 1124.0, 1145.0, 1147.0, 1146.0, 1149.0, 1178.0, 1180.0, 1186.0, 1211.0, 1215.0, 1213.0, 1228.0, 1242.0, 1254.0, 1259.0, 1272.0, 1278.0, 1283.0, 1294.0, 1299.0, 1312.0, 1321.0, 1308.0, 1335.0, 1329.0, 1336.0, 1317.0, 1336.0, 1319.0, 1350.0, 1346.0, 1339.0, 1360.0, 1347.0, 1354.0, 1363.0, 1374.0, 1384.0, 1387.0, 1391.0, 1387.0, 1411.0, 1385.0, 1412.0, 1411.0, 1419.0, 1424.0, 1413.0, 1410.0, 1409.0, 1427.0, 1409.0, 1416.0, 1437.0, 1444.0, 1458.0, 1448.0, 1461.0, 1469.0, 1466.0, 1468.0, 1479.0, 1488.0, 1490.0, 1495.0, 1519.0, 1515.0, 1523.0, 1525.0, 1535.0, 1519.0, 1568.0, 1568.0, 1554.0, 1550.0, 1550.0, 1568.0, 1573.0, 1581.0, 1573.0, 1581.0, 1590.0, 1583.0, 1594.0, 1609.0, 1609.0, 1604.0, 1597.0, 1617.0, 1620.0, 1608.0, 1611.0, 1608.0, 1613.0, 1613.0, 1622.0, 1614.0, 1622.0, 1627.0, 1631.0, 1631.0, 1640.0, 1637.0, 1645.0, 1636.0, 1642.0, 1646.0, 1649.0, 1655.0, 1650.0, 1645.0, 1660.0, 1660.0, 1659.0, 1660.0, 1660.0, 1660.0, 1665.0, 1667.0, 1672.0, 1675.0, 1676.0, 1670.0, 1689.0, 1668.0, 1670.0, 1670.0, 1692.0, 1688.0, 1690.0, 1692.0, 1686.0, 1707.0, 1728.0, 1721.0, 1712.0, 1728.0, 1725.0, 1727.0, 1734.0, 1729.0, 1728.0, 1718.0, 1712.0, 1720.0, 1736.0, 1744.0, 1728.0, 1738.0, 1742.0, 1749.0, 1747.0, 1744.0, 1750.0, 1764.0, 1764.0, 1769.0, 1760.0, 1778.0, 1776.0, 1792.0, 1779.0, 1769.0, 1772.0, 1779.0, 1779.0, 1770.0, 1782.0, 1797.0, 1794.0, 1789.0, 1792.0, 1796.0, 1808.0, 1808.0, 1796.0, 1800.0, 1821.0, 1817.0, 1817.0, 1824.0, 1851.0, 1849.0, 1835.0, 1826.0, 1849.0, 1842.0, 1849.0, 1830.0, 1828.0, 1833.0, 1835.0, 1819.0, 1818.0, 1819.0, 1827.0, 1834.0, 1823.0, 1812.0, 1836.0, 1840.0, 1830.0, 1829.0, 1838.0, 1824.0, 1841.0, 1829.0, 1825.0, 1823.0, 1825.0, 1839.0, 1843.0, 1839.0, 1845.0, 1833.0, 1803.0, 1776.0, 1766.0, 1747.0, 1836.0, 1805.0, 1829.0, 1829.0, 1848.0, 1862.0, 1863.0, 1880.0, 1865.0, 1863.0, 1869.0, 1883.0, 1883.0, 1874.0, 1896.0, 1878.0, 1855.0, 1855.0, 1849.0, 1861.0, 1851.0, 1842.0, 1863.0, 1865.0, 1845.0, 1833.0, 1844.0, 1846.0, 1833.0, 1826.0, 1845.0, 1825.0, 1816.0, 1835.0, 1842.0, 1839.0, 1825.0, 1825.0, 1827.0, 1833.0, 1831.0, 1831.0, 1833.0, 1841.0, 1854.0, 1823.0, 1826.0, 1832.0, 1835.0, 1839.0, 1837.0, 1825.0, 1831.0, 1796.0, 1808.0, 1814.0, 1796.0, 1799.0, 1799.0, 1813.0, 1825.0, 1812.0, 1804.0, 1791.0, 1794.0, 1787.0, 1784.0, 1766.0, 1783.0, 1783.0, 1775.0, 1744.0, 1767.0, 1732.0, 1745.0, 1743.0, 1743.0, 1743.0, 1757.0, 1731.0, 1731.0, 1720.0, 1709.0, 1695.0, 1691.0, 1710.0, 1714.0, 1724.0, 1724.0, 1714.0, 1713.0, 1702.0, 1692.0, 1695.0, 1695.0, 1695.0, 1680.0, 1678.0, 1693.0, 1693.0, 1694.0, 1686.0, 1662.0, 1670.0, 1666.0, 1675.0, 1635.0, 1627.0, 1638.0, 1638.0, 1643.0, 1635.0, 1633.0, 1631.0, 1647.0, 1664.0, 1654.0, 1632.0, 1616.0, 1600.0, 1585.0, 1606.0, 1576.0, 1578.0, 1554.0, 1556.0, 1562.0, 1562.0, 1567.0, 1567.0, 1563.0, 1548.0, 1522.0, 1545.0, 1502.0, 1502.0, 1517.0, 1526.0, 1526.0, 1506.0, 1510.0, 1497.0, 1490.0, 1492.0, 1495.0, 1486.0, 1502.0, 1493.0, 1493.0, 1483.0, 1489.0, 1453.0, 1484.0, 1478.0, 1459.0, 1442.0, 1420.0, 1420.0, 1464.0, 1464.0, 1430.0, 1427.0, 1422.0, 1426.0, 1418.0, 1416.0, 1415.0, 1415.0, 1415.0, 1388.0, 1388.0, 1395.0, 1392.0, 1406.0, 1398.0, 1391.0, 1368.0, 1369.0, 1371.0, 1369.0, 1391.0, 1391.0, 1373.0, 1373.0, 1360.0, 1350.0, 1346.0, 1332.0, 1337.0, 1333.0, 1342.0, 1337.0, 1339.0, 1344.0, 1344.0, 1326.0, 1326.0, 1323.0, 1330.0, 1337.0, 1327.0, 1326.0, 1315.0, 1321.0, 1321.0, 1325.0, 1310.0, 1306.0, 1306.0, 1306.0, 1292.0, 1306.0, 1287.0, 1287.0, 1292.0, 1295.0, 1298.0, 1304.0, 1279.0, 1301.0, 1309.0, 1297.0, 1271.0, 1279.0, 1277.0, 1275.0, 1279.0, 1283.0, 1281.0, 1270.0, 1266.0, 1281.0, 1282.0, 1290.0, 1272.0, 1263.0, 1264.0, 1282.0, 1290.0, 1269.0, 1280.0, 1293.0, 1288.0, 1271.0, 1267.0, 1269.0, 1280.0, 1263.0, 1266.0, 1274.0, 1282.0, 1273.0, 1273.0, 1273.0, 1277.0, 1277.0, 1278.0, 1300.0, 1299.0, 1277.0, 1286.0, 1285.0, 1287.0, 1295.0, 1289.0, 1300.0, 1301.0, 1297.0, 1296.0, 1301.0, 1301.0, 1299.0, 1303.0, 1312.0, 1308.0, 1304.0, 1311.0, 1305.0, 1312.0, 1320.0, 1311.0, 1318.0, 1309.0, 1317.0, 1325.0, 1313.0, 1322.0, 1322.0, 1307.0, 1342.0, 1354.0, 1311.0, 1312.0, 1313.0, 1328.0, 1322.0, 1337.0, 1341.0, 1329.0, 1329.0, 1341.0, 1342.0, 1345.0, 1351.0, 1352.0, 1352.0, 1358.0, 1355.0, 1355.0, 1358.0, 1360.0, 1371.0, 1362.0, 1360.0, 1367.0, 1363.0, 1369.0, 1375.0, 1379.0, 1369.0, 1373.0, 1368.0, 1368.0, 1375.0, 1375.0, 1377.0, 1377.0, 1380.0, 1386.0, 1384.0, 1398.0, 1428.0, 1419.0, 1384.0, 1384.0, 1396.0, 1399.0, 1422.0, 1421.0, 1423.0, 1419.0, 1419.0, 1424.0, 1440.0, 1442.0, 1438.0, 1436.0, 1438.0, 1455.0, 1443.0, 1455.0, 1437.0, 1441.0, 1449.0, 1449.0, 1451.0, 1429.0, 1431.0, 1441.0, 1440.0, 1432.0, 1433.0, 1428.0, 1449.0, 1458.0, 1467.0, 1429.0, 1468.0, 1432.0]