header: 
  seq: 2584
  stamp: 
    secs: 1548820821
    nsecs: 815165084
  frame_id: "base_link"
angle_min: -2.35619449615
angle_max: 2.35619449615
angle_increment: 0.00436332309619
time_increment: 1.73611151695e-05
scan_time: 0.0250000003725
range_min: 0.019999999553
range_max: 30.0
ranges: [0.5189999938011169, 0.5419999957084656, 0.5490000247955322, 0.5479999780654907, 0.546999990940094, 0.5600000023841858, 0.5649999976158142, 0.5509999990463257, 0.5389999747276306, 0.5450000166893005, 0.5410000085830688, 0.5350000262260437, 0.531000018119812, 0.5139999985694885, 0.4749999940395355, 0.4050000011920929, 0.3569999933242798, 0.257999986410141, 0.2750000059604645, 0.28299999237060547, 0.38600000739097595, 0.4350000023841858, 0.460999995470047, 0.47099998593330383, 0.4740000069141388, 0.4729999899864197, 0.4729999899864197, 0.4560000002384186, 0.4480000138282776, 0.44699999690055847, 0.4429999887943268, 0.4339999854564667, 0.421999990940094, 0.4189999997615814, 0.414000004529953, 0.40799999237060547, 0.4000000059604645, 0.39899998903274536, 0.39800000190734863, 0.3970000147819519, 0.39899998903274536, 0.3959999978542328, 0.3889999985694885, 0.38199999928474426, 0.37400001287460327, 0.36800000071525574, 0.36899998784065247, 0.36800000071525574, 0.3659999966621399, 0.36000001430511475, 0.36000001430511475, 0.35899999737739563, 0.35600000619888306, 0.3449999988079071, 0.34299999475479126, 0.3440000116825104, 0.3440000116825104, 0.3440000116825104, 0.33799999952316284, 0.3319999873638153, 0.3269999921321869, 0.3310000002384186, 0.328000009059906, 0.3269999921321869, 0.3269999921321869, 0.3160000145435333, 0.3100000023841858, 0.31200000643730164, 0.3109999895095825, 0.3109999895095825, 0.3070000112056732, 0.31200000643730164, 0.3149999976158142, 0.30300000309944153, 0.3059999942779541, 0.3019999861717224, 0.3019999861717224, 0.3019999861717224, 0.3019999861717224, 0.3009999990463257, 0.30000001192092896, 0.30000001192092896, 0.2980000078678131, 0.296999990940094, 0.29600000381469727, 0.30000001192092896, 0.2939999997615814, 0.2930000126361847, 0.2919999957084656, 0.2919999957084656, 0.29600000381469727, 0.29600000381469727, 0.2879999876022339, 0.28200000524520874, 0.28299999237060547, 0.28600001335144043, 0.28299999237060547, 0.28600001335144043, 0.28299999237060547, 0.2849999964237213, 0.2849999964237213, 0.28200000524520874, 0.2800000011920929, 0.2800000011920929, 0.2800000011920929, 0.2800000011920929, 0.27799999713897705, 0.2770000100135803, 0.2750000059604645, 0.27300000190734863, 0.27300000190734863, 0.2750000059604645, 0.2800000011920929, 0.2800000011920929, 0.2840000092983246, 0.2840000092983246, 0.28200000524520874, 0.27900001406669617, 0.27399998903274536, 0.27399998903274536, 0.2750000059604645, 0.27799999713897705, 0.28200000524520874, 0.27799999713897705, 0.2709999978542328, 0.2720000147819519, 0.28299999237060547, 0.28299999237060547, 0.27900001406669617, 0.2750000059604645, 0.27000001072883606, 0.27000001072883606, 0.26899999380111694, 0.2709999978542328, 0.2709999978542328, 0.2709999978542328, 0.26899999380111694, 0.27300000190734863, 0.27399998903274536, 0.26899999380111694, 0.27300000190734863, 0.26899999380111694, 0.26899999380111694, 0.26899999380111694, 0.26499998569488525, 0.2630000114440918, 0.2619999945163727, 0.2619999945163727, 0.2639999985694885, 0.26899999380111694, 0.2669999897480011, 0.2720000147819519, 0.27399998903274536, 0.2680000066757202, 0.26600000262260437, 0.2709999978542328, 0.2759999930858612, 0.2709999978542328, 0.26600000262260437, 0.2639999985694885, 0.2639999985694885, 0.2540000081062317, 0.2540000081062317, 0.26100000739097595, 0.2639999985694885, 0.2630000114440918, 0.26499998569488525, 0.26899999380111694, 0.26899999380111694, 0.27000001072883606, 0.2680000066757202, 0.2680000066757202, 0.2680000066757202, 0.26499998569488525, 0.2639999985694885, 0.26899999380111694, 0.26899999380111694, 0.27000001072883606, 0.2680000066757202, 0.26600000262260437, 0.26600000262260437, 0.27000001072883606, 0.27300000190734863, 0.2759999930858612, 0.2770000100135803, 0.28299999237060547, 0.2840000092983246, 0.2849999964237213, 0.28700000047683716, 0.2849999964237213, 0.2800000011920929, 0.2840000092983246, 0.29100000858306885, 0.28999999165534973, 0.2939999997615814, 0.29499998688697815, 0.29499998688697815, 0.29499998688697815, 0.296999990940094, 0.3019999861717224, 0.3059999942779541, 0.31200000643730164, 0.3149999976158142, 0.3179999887943268, 0.32100000977516174, 0.3240000009536743, 0.3230000138282776, 0.3240000009536743, 0.3269999921321869, 0.3330000042915344, 0.335999995470047, 0.3319999873638153, 0.33000001311302185, 0.3409999907016754, 0.3440000116825104, 0.34299999475479126, 0.3449999988079071, 0.34700000286102295, 0.35100001096725464, 0.35499998927116394, 0.3659999966621399, 0.36800000071525574, 0.37400001287460327, 0.37400001287460327, 0.3799999952316284, 0.3779999911785126, 0.3840000033378601, 0.3919999897480011, 0.41100001335144043, 0.4129999876022339, 0.4129999876022339, 0.41200000047683716, 0.421999990940094, 0.42800000309944153, 0.43299999833106995, 0.4390000104904175, 0.44699999690055847, 0.453000009059906, 0.4699999988079071, 0.4740000069141388, 0.48100000619888306, 0.4860000014305115, 0.49300000071525574, 0.5049999952316284, 0.5099999904632568, 0.5189999938011169, 0.5260000228881836, 0.5360000133514404, 0.5460000038146973, 0.5559999942779541, 0.5640000104904175, 0.5699999928474426, 0.5870000123977661, 0.597000002861023, 0.609000027179718, 0.6159999966621399, 0.6209999918937683, 0.6460000276565552, 0.6579999923706055, 0.6690000295639038, 0.6919999718666077, 0.7080000042915344, 0.7200000286102295, 0.7450000047683716, 0.7689999938011169, 0.7900000214576721, 0.8130000233650208, 0.824999988079071, 0.8410000205039978, 0.8769999742507935, 0.9100000262260437, 0.9229999780654907, 0.9520000219345093, 0.9929999709129333, 1.0329999923706055, 1.0839999914169312, 1.1519999504089355, 1.315000057220459, 1.6729999780654907, 2.2320001125335693, 2.2279999256134033, 2.2300000190734863, 2.2290000915527344, 2.2219998836517334, 2.2200000286102295, 2.2200000286102295, 2.2149999141693115, 2.2100000381469727, 2.2049999237060547, 2.2039999961853027, 2.2060000896453857, 2.197000026702881, 2.187999963760376, 2.180999994277954, 2.177000045776367, 2.1740000247955322, 2.171999931335449, 2.1740000247955322, 2.1600000858306885, 2.1559998989105225, 2.1549999713897705, 2.1540000438690186, 2.1540000438690186, 2.1470000743865967, 2.1449999809265137, 2.1419999599456787, 2.1389999389648438, 2.127000093460083, 2.127000093460083, 2.130000114440918, 2.125999927520752, 2.121000051498413, 2.121000051498413, 2.118000030517578, 2.115000009536743, 2.111999988555908, 2.1089999675750732, 2.1080000400543213, 2.1019999980926514, 2.1019999980926514, 2.1010000705718994, 2.0959999561309814, 2.0959999561309814, 2.0969998836517334, 2.0910000801086426, 2.0859999656677246, 2.0889999866485596, 2.0889999866485596, 2.0880000591278076, 2.0869998931884766, 2.0810000896453857, 2.0739998817443848, 2.0739998817443848, 2.072000026702881, 2.069999933242798, 2.072999954223633, 2.062999963760376, 2.055000066757202, 2.0490000247955322, 2.0450000762939453, 2.0429999828338623, 2.0409998893737793, 2.0399999618530273, 2.0290000438690186, 2.0269999504089355, 2.0269999504089355, 2.0269999504089355, 2.0169999599456787, 2.010999917984009, 2.006999969482422, 2.00600004196167, 1.9930000305175781, 1.9930000305175781, 1.9950000047683716, 1.9880000352859497, 1.9759999513626099, 1.9670000076293945, 1.9639999866485596, 1.9609999656677246, 1.9609999656677246, 1.9609999656677246, 1.9589999914169312, 1.9570000171661377, 1.9359999895095825, 1.9290000200271606, 1.9290000200271606, 1.9210000038146973, 1.9229999780654907, 1.9129999876022339, 1.8940000534057617, 1.8890000581741333, 1.8899999856948853, 1.8899999856948853, 1.878999948501587, 1.8739999532699585, 1.86899995803833, 1.8630000352859497, 1.8569999933242798, 1.8550000190734863, 1.8450000286102295, 1.8489999771118164, 1.8339999914169312, 1.8309999704360962, 1.8240000009536743, 1.8200000524520874, 1.812999963760376, 1.8020000457763672, 1.7960000038146973, 1.7949999570846558, 1.7929999828338623, 1.774999976158142, 1.7649999856948853, 1.7610000371932983, 1.7569999694824219, 1.7549999952316284, 1.7450000047683716, 1.7289999723434448, 1.7170000076293945, 1.7130000591278076, 1.7020000219345093, 1.6950000524520874, 1.6890000104904175, 1.690000057220459, 1.6799999475479126, 1.6640000343322754, 1.6579999923706055, 1.6490000486373901, 1.6349999904632568, 1.6330000162124634, 1.6369999647140503, 1.6139999628067017, 1.6100000143051147, 1.5989999771118164, 1.5880000591278076, 1.5820000171661377, 1.5609999895095825, 1.5570000410079956, 1.5449999570846558, 1.5399999618530273, 1.531000018119812, 1.5199999809265137, 1.5110000371932983, 1.4950000047683716, 1.4919999837875366, 1.4889999628067017, 1.4800000190734863, 1.465000033378601, 1.4479999542236328, 1.4359999895095825, 1.4290000200271606, 1.4199999570846558, 1.4129999876022339, 1.4119999408721924, 1.3910000324249268, 1.371999979019165, 1.3639999628067017, 1.3600000143051147, 1.3489999771118164, 1.343000054359436, 1.3359999656677246, 1.3259999752044678, 1.3179999589920044, 1.3049999475479126, 1.2929999828338623, 1.2869999408721924, 1.284000039100647, 1.2740000486373901, 1.2699999809265137, 1.2610000371932983, 1.2589999437332153, 1.2380000352859497, 1.2330000400543213, 1.2319999933242798, 1.2230000495910645, 1.2209999561309814, 1.218999981880188, 1.2089999914169312, 1.2009999752044678, 1.1890000104904175, 1.1799999475479126, 1.1690000295639038, 1.1679999828338623, 1.1649999618530273, 1.1640000343322754, 1.1579999923706055, 1.1430000066757202, 1.1330000162124634, 1.125, 1.1230000257492065, 1.1230000257492065, 1.1169999837875366, 1.1100000143051147, 1.1080000400543213, 1.1030000448226929, 1.1009999513626099, 1.100000023841858, 1.0950000286102295, 1.0950000286102295, 1.093000054359436, 1.0770000219345093, 1.0720000267028809, 1.069000005722046, 1.0720000267028809, 1.0670000314712524, 1.0609999895095825, 1.0490000247955322, 1.0420000553131104, 1.0429999828338623, 1.034999966621399, 1.0329999923706055, 1.031000018119812, 1.0269999504089355, 1.0169999599456787, 1.0210000276565552, 1.0299999713897705, 1.0190000534057617, 1.003999948501587, 1.0019999742507935, 0.9980000257492065, 0.9919999837875366, 0.9850000143051147, 0.9829999804496765, 0.9819999933242798, 0.9769999980926514, 0.9760000109672546, 0.9769999980926514, 0.9620000123977661, 0.9620000123977661, 0.9620000123977661, 0.9599999785423279, 0.9570000171661377, 0.9580000042915344, 0.9559999704360962, 0.953000009059906, 0.949999988079071, 0.9430000185966492, 0.9419999718666077, 0.9380000233650208, 0.9340000152587891, 0.9290000200271606, 0.9290000200271606, 0.925000011920929, 0.9269999861717224, 0.925000011920929, 0.9210000038146973, 0.9169999957084656, 0.9150000214576721, 0.9120000004768372, 0.9079999923706055, 0.9100000262260437, 0.9079999923706055, 0.902999997138977, 0.8989999890327454, 0.8980000019073486, 0.8980000019073486, 0.8899999856948853, 0.8899999856948853, 0.8870000243186951, 0.8830000162124634, 0.878000020980835, 0.8759999871253967, 0.875, 0.8759999871253967, 0.8759999871253967, 0.8769999742507935, 0.8790000081062317, 0.871999979019165, 0.8659999966621399, 0.8730000257492065, 0.8669999837875366, 0.8569999933242798, 0.8529999852180481, 0.8529999852180481, 0.8510000109672546, 0.8500000238418579, 0.8500000238418579, 0.8489999771118164, 0.8460000157356262, 0.8479999899864197, 0.8429999947547913, 0.8429999947547913, 0.8429999947547913, 0.8420000076293945, 0.8420000076293945, 0.8420000076293945, 0.8370000123977661, 0.8320000171661377, 0.8320000171661377, 0.8320000171661377, 0.8349999785423279, 0.8289999961853027, 0.8289999961853027, 0.8259999752044678, 0.8180000185966492, 0.8140000104904175, 0.8159999847412109, 0.8140000104904175, 0.8140000104904175, 0.8119999766349792, 0.8100000023841858, 0.8119999766349792, 0.8109999895095825, 0.8109999895095825, 0.8050000071525574, 0.8100000023841858, 0.8069999814033508, 0.8100000023841858, 0.8109999895095825, 0.8069999814033508, 0.8009999990463257, 0.7979999780654907, 0.7940000295639038, 0.7929999828338623, 0.7950000166893005, 0.7979999780654907, 0.7919999957084656, 0.7910000085830688, 0.796999990940094, 0.7950000166893005, 0.7889999747276306, 0.7850000262260437, 0.7910000085830688, 0.7950000166893005, 0.7879999876022339, 0.7829999923706055, 0.7850000262260437, 0.781000018119812, 0.7850000262260437, 0.7879999876022339, 0.7889999747276306, 0.7889999747276306, 0.781000018119812, 0.7739999890327454, 0.7760000228881836, 0.7799999713897705, 0.7799999713897705, 0.7799999713897705, 0.7770000100135803, 0.777999997138977, 0.7799999713897705, 0.7789999842643738, 0.781000018119812, 0.781000018119812, 0.7760000228881836, 0.7739999890327454, 0.7739999890327454, 0.7739999890327454, 0.7710000276565552, 0.7710000276565552, 0.7710000276565552, 0.7720000147819519, 0.7720000147819519, 0.7720000147819519, 0.765999972820282, 0.7609999775886536, 0.765999972820282, 0.7699999809265137, 0.7699999809265137, 0.7609999775886536, 0.7599999904632568, 0.7599999904632568, 0.7670000195503235, 0.765999972820282, 0.7670000195503235, 0.7689999938011169, 0.7670000195503235, 0.7620000243186951, 0.7649999856948853, 0.7649999856948853, 0.7639999985694885, 0.7620000243186951, 0.7590000033378601, 0.7620000243186951, 0.7620000243186951, 0.7599999904632568, 0.7549999952316284, 0.7549999952316284, 0.7549999952316284, 0.7549999952316284, 0.7570000290870667, 0.7620000243186951, 0.7620000243186951, 0.7599999904632568, 0.7570000290870667, 0.7590000033378601, 0.7599999904632568, 0.753000020980835, 0.7409999966621399, 0.7409999966621399, 0.7390000224113464, 0.7429999709129333, 0.75, 0.7509999871253967, 0.7480000257492065, 0.7459999918937683, 0.746999979019165, 0.746999979019165, 0.7450000047683716, 0.7409999966621399, 0.7379999756813049, 0.7400000095367432, 0.7429999709129333, 0.7400000095367432, 0.7429999709129333, 0.7450000047683716, 0.7480000257492065, 0.7440000176429749, 0.7450000047683716, 0.7450000047683716, 0.7440000176429749, 0.75, 0.75, 0.7490000128746033, 0.7429999709129333, 0.7429999709129333, 0.7279999852180481, 0.7350000143051147, 0.7400000095367432, 0.7400000095367432, 0.7379999756813049, 0.7360000014305115, 0.7319999933242798, 0.7289999723434448, 0.7279999852180481, 0.7300000190734863, 0.7300000190734863, 0.7310000061988831, 0.7300000190734863, 0.7300000190734863, 0.7279999852180481, 0.7289999723434448, 0.7279999852180481, 0.7250000238418579, 0.7250000238418579, 0.7319999933242798, 0.7300000190734863, 0.7319999933242798, 0.7279999852180481, 0.7200000286102295, 0.7170000076293945, 0.7170000076293945, 0.7269999980926514, 0.7300000190734863, 0.7279999852180481, 0.7250000238418579, 0.7250000238418579, 0.7149999737739563, 0.7139999866485596, 0.718999981880188, 0.7250000238418579, 0.7210000157356262, 0.7250000238418579, 0.7250000238418579, 0.718999981880188, 0.7139999866485596, 0.7059999704360962, 0.7059999704360962, 0.7139999866485596, 0.7129999995231628, 0.7089999914169312, 0.7080000042915344, 0.7179999947547913, 0.7179999947547913, 0.7149999737739563, 0.7120000123977661, 0.7120000123977661, 0.7229999899864197, 0.7120000123977661, 0.7120000123977661, 0.7139999866485596, 0.7149999737739563, 0.7080000042915344, 0.7110000252723694, 0.7129999995231628, 0.7160000205039978, 0.7129999995231628, 0.7139999866485596, 0.7110000252723694, 0.7039999961853027, 0.7039999961853027, 0.7039999961853027, 0.7080000042915344, 0.7110000252723694, 0.7110000252723694, 0.7039999961853027, 0.7120000123977661, 0.7089999914169312, 0.7049999833106995, 0.7080000042915344, 0.7039999961853027, 0.7080000042915344, 0.7139999866485596, 0.7110000252723694, 0.7080000042915344, 0.7049999833106995, 0.703000009059906, 0.703000009059906, 0.7070000171661377, 0.7070000171661377, 0.7039999961853027, 0.7009999752044678, 0.7020000219345093, 0.7049999833106995, 0.7080000042915344, 0.7009999752044678, 0.7009999752044678, 0.7020000219345093, 0.7080000042915344, 0.7110000252723694, 0.7089999914169312, 0.703000009059906, 0.699999988079071, 0.6930000185966492, 0.6980000138282776, 0.6980000138282776, 0.7080000042915344, 0.6949999928474426, 0.7080000042915344, 0.6980000138282776, 0.703000009059906, 0.703000009059906, 0.7099999785423279, 0.7049999833106995, 0.6970000267028809, 0.6980000138282776, 0.703000009059906, 0.703000009059906, 0.703000009059906, 0.7129999995231628, 0.7080000042915344, 0.7039999961853027, 0.703000009059906, 0.6970000267028809, 0.6919999718666077, 0.6970000267028809, 0.6970000267028809, 0.6970000267028809, 0.7039999961853027, 0.7089999914169312, 0.7039999961853027, 0.7020000219345093, 0.7059999704360962, 0.7059999704360962, 0.7059999704360962, 0.7020000219345093, 0.6990000009536743, 0.6990000009536743, 0.7020000219345093, 0.6990000009536743, 0.6980000138282776, 0.6990000009536743, 0.6990000009536743, 0.6919999718666077, 0.6909999847412109, 0.6970000267028809, 0.6980000138282776, 0.6970000267028809, 0.6949999928474426, 0.6940000057220459, 0.6940000057220459, 0.6980000138282776, 0.6930000185966492, 0.6980000138282776, 0.6980000138282776, 0.7009999752044678, 0.6990000009536743, 0.6959999799728394, 0.6940000057220459, 0.6949999928474426, 0.6949999928474426, 0.6930000185966492, 0.6919999718666077, 0.6959999799728394, 0.6930000185966492, 0.6930000185966492, 0.6930000185966492, 0.6980000138282776, 0.6970000267028809, 0.6970000267028809, 0.6980000138282776, 0.6970000267028809, 0.699999988079071, 0.6980000138282776, 0.7009999752044678, 0.6959999799728394, 0.7020000219345093, 0.703000009059906, 0.703000009059906, 0.699999988079071, 0.7009999752044678, 0.7059999704360962, 0.7059999704360962, 0.699999988079071, 0.699999988079071, 0.6970000267028809, 0.6990000009536743, 0.7020000219345093, 0.6959999799728394, 0.6990000009536743, 0.703000009059906, 0.699999988079071, 0.703000009059906, 0.703000009059906, 0.6980000138282776, 0.6930000185966492, 0.6990000009536743, 0.6990000009536743, 0.699999988079071, 0.7009999752044678, 0.7020000219345093, 0.7049999833106995, 0.703000009059906, 0.7009999752044678, 0.6990000009536743, 0.7009999752044678, 0.7039999961853027, 0.7070000171661377, 0.703000009059906, 0.7009999752044678, 0.7009999752044678, 0.6990000009536743, 0.7129999995231628, 0.7039999961853027, 0.7020000219345093, 0.7049999833106995, 0.7049999833106995, 0.7059999704360962, 0.7129999995231628, 0.703000009059906, 0.6949999928474426, 0.6959999799728394, 0.6959999799728394, 0.7080000042915344, 0.7160000205039978, 0.7080000042915344, 0.7039999961853027, 0.7089999914169312, 0.7120000123977661, 0.7089999914169312, 0.7120000123977661, 0.703000009059906, 0.7080000042915344, 0.7049999833106995, 0.7080000042915344, 0.703000009059906, 0.7110000252723694, 0.7110000252723694, 0.7120000123977661, 0.7099999785423279, 0.7099999785423279, 0.7059999704360962, 0.7059999704360962, 0.7059999704360962, 0.7049999833106995, 0.7049999833106995, 0.7049999833106995, 0.7070000171661377, 0.7089999914169312, 0.7089999914169312, 0.7129999995231628, 0.7129999995231628, 0.7120000123977661, 0.7120000123977661, 0.7080000042915344, 0.7059999704360962, 0.7049999833106995, 0.7049999833106995, 0.7039999961853027, 0.7049999833106995, 0.703000009059906, 0.7089999914169312, 0.7099999785423279, 0.7080000042915344, 0.7110000252723694, 0.7110000252723694, 0.7129999995231628, 0.7129999995231628, 0.7099999785423279, 0.7070000171661377, 0.7110000252723694, 0.7110000252723694, 0.7120000123977661, 0.7110000252723694, 0.7120000123977661, 0.7120000123977661, 0.7110000252723694, 0.7080000042915344, 0.7129999995231628, 0.7210000157356262, 0.7279999852180481, 0.7250000238418579, 0.7170000076293945, 0.7120000123977661, 0.7139999866485596, 0.7160000205039978, 0.7120000123977661, 0.7120000123977661, 0.7099999785423279, 0.7229999899864197, 0.722000002861023, 0.7239999771118164, 0.7250000238418579, 0.7250000238418579, 0.722000002861023, 0.7170000076293945, 0.7179999947547913, 0.7170000076293945, 0.7170000076293945, 0.7210000157356262, 0.7239999771118164, 0.7239999771118164, 0.7300000190734863, 0.7300000190734863, 0.7269999980926514, 0.7229999899864197, 0.7239999771118164, 0.7229999899864197, 0.7269999980926514, 0.7260000109672546, 0.7279999852180481, 0.7289999723434448, 0.7260000109672546, 0.7319999933242798, 0.7300000190734863, 0.7300000190734863, 0.7300000190734863, 0.7300000190734863, 0.7289999723434448, 0.7289999723434448, 0.7289999723434448, 0.7269999980926514, 0.7260000109672546, 0.7260000109672546, 0.7279999852180481, 0.7329999804496765, 0.722000002861023, 0.722000002861023, 0.722000002861023, 0.7179999947547913, 0.7179999947547913, 0.7260000109672546, 0.7260000109672546, 0.7179999947547913, 0.7149999737739563, 0.7139999866485596, 0.7179999947547913, 0.7139999866485596, 0.7179999947547913, 0.7049999833106995, 0.7070000171661377, 0.7110000252723694, 0.7170000076293945, 0.7139999866485596, 0.7110000252723694, 0.7120000123977661, 0.7110000252723694, 0.7129999995231628, 0.7160000205039978, 0.7179999947547913, 0.7179999947547913, 0.7149999737739563, 0.7200000286102295, 0.7210000157356262, 0.7250000238418579, 0.7179999947547913, 0.7200000286102295, 0.718999981880188, 0.7160000205039978, 0.7149999737739563, 0.7149999737739563, 0.7149999737739563, 0.7080000042915344, 0.7059999704360962, 0.7139999866485596, 0.699999988079071, 0.6990000009536743, 0.6980000138282776, 0.6949999928474426, 0.6949999928474426, 0.6959999799728394, 0.7039999961853027, 0.7099999785423279, 0.7080000042915344, 0.7110000252723694, 0.7170000076293945, 0.7170000076293945, 0.7160000205039978, 0.718999981880188, 0.7229999899864197, 0.7239999771118164, 0.7260000109672546, 0.7300000190734863, 0.7279999852180481, 0.7200000286102295, 0.7200000286102295, 0.7279999852180481, 0.7260000109672546, 0.7260000109672546, 0.7250000238418579, 0.722000002861023, 0.722000002861023]
intensities: [900.0, 917.0, 928.0, 950.0, 973.0, 995.0, 1015.0, 1044.0, 1065.0, 1095.0, 1096.0, 1115.0, 1106.0, 1101.0, 1060.0, 1015.0, 957.0, 765.0, 800.0, 778.0, 912.0, 945.0, 944.0, 948.0, 946.0, 937.0, 924.0, 920.0, 949.0, 1019.0, 1096.0, 1081.0, 1087.0, 1115.0, 1130.0, 1112.0, 1143.0, 1155.0, 1153.0, 1152.0, 1166.0, 1175.0, 1179.0, 1180.0, 1163.0, 1141.0, 1158.0, 1172.0, 1183.0, 1165.0, 1167.0, 1170.0, 1161.0, 1136.0, 1154.0, 1154.0, 1138.0, 1123.0, 1146.0, 1142.0, 1132.0, 1133.0, 1142.0, 1157.0, 1157.0, 1128.0, 1176.0, 1205.0, 1212.0, 1227.0, 1218.0, 1265.0, 1290.0, 1290.0, 1292.0, 1295.0, 1294.0, 1293.0, 1293.0, 1285.0, 1273.0, 1281.0, 1287.0, 1278.0, 1261.0, 1266.0, 1283.0, 1291.0, 1299.0, 1299.0, 1287.0, 1292.0, 1286.0, 1286.0, 1291.0, 1282.0, 1285.0, 1292.0, 1282.0, 1296.0, 1302.0, 1302.0, 1304.0, 1305.0, 1305.0, 1305.0, 1305.0, 1306.0, 1302.0, 1303.0, 1302.0, 1299.0, 1304.0, 1304.0, 1300.0, 1298.0, 1301.0, 1301.0, 1307.0, 1311.0, 1315.0, 1310.0, 1305.0, 1306.0, 1306.0, 1306.0, 1305.0, 1305.0, 1287.0, 1282.0, 1291.0, 1304.0, 1301.0, 1289.0, 1270.0, 1270.0, 1290.0, 1288.0, 1289.0, 1271.0, 1272.0, 1271.0, 1294.0, 1294.0, 1286.0, 1279.0, 1239.0, 1239.0, 1242.0, 1250.0, 1238.0, 1246.0, 1252.0, 1245.0, 1232.0, 1221.0, 1230.0, 1216.0, 1201.0, 1190.0, 1188.0, 1192.0, 1197.0, 1192.0, 1187.0, 1171.0, 1163.0, 1163.0, 1160.0, 1166.0, 1143.0, 1132.0, 1130.0, 1126.0, 1123.0, 1127.0, 1118.0, 1116.0, 1122.0, 1123.0, 1123.0, 1115.0, 1107.0, 1121.0, 1115.0, 1121.0, 1117.0, 1112.0, 1105.0, 1076.0, 1052.0, 1069.0, 1095.0, 1086.0, 1092.0, 1086.0, 1086.0, 1086.0, 1091.0, 1088.0, 1103.0, 1109.0, 1120.0, 1093.0, 1091.0, 1092.0, 1087.0, 1086.0, 1085.0, 1088.0, 1081.0, 1074.0, 1068.0, 1082.0, 1087.0, 1077.0, 1077.0, 1059.0, 1045.0, 1046.0, 1054.0, 1046.0, 1044.0, 1036.0, 1038.0, 1033.0, 1033.0, 1038.0, 1048.0, 1052.0, 1052.0, 1050.0, 1039.0, 1041.0, 1047.0, 1028.0, 1037.0, 1024.0, 1037.0, 1026.0, 1030.0, 1029.0, 1021.0, 1039.0, 1039.0, 1042.0, 1029.0, 1040.0, 1051.0, 1050.0, 1046.0, 1035.0, 1039.0, 1035.0, 1029.0, 1010.0, 1017.0, 1009.0, 1009.0, 996.0, 1012.0, 1030.0, 1008.0, 1021.0, 1013.0, 1004.0, 1010.0, 1006.0, 1022.0, 1017.0, 1017.0, 999.0, 988.0, 979.0, 994.0, 997.0, 1120.0, 1382.0, 1215.0, 974.0, 971.0, 981.0, 977.0, 990.0, 980.0, 980.0, 979.0, 983.0, 984.0, 984.0, 986.0, 982.0, 982.0, 989.0, 995.0, 993.0, 985.0, 1003.0, 1000.0, 993.0, 991.0, 999.0, 1001.0, 1002.0, 998.0, 1002.0, 1002.0, 1005.0, 1006.0, 1006.0, 1015.0, 1014.0, 1016.0, 1009.0, 1012.0, 1011.0, 1010.0, 1014.0, 1016.0, 1016.0, 1017.0, 1019.0, 1019.0, 1019.0, 1018.0, 1017.0, 1021.0, 1019.0, 1015.0, 1014.0, 1025.0, 1025.0, 1029.0, 1027.0, 1023.0, 1026.0, 1014.0, 1018.0, 1033.0, 1031.0, 1033.0, 1028.0, 1036.0, 1031.0, 1026.0, 1030.0, 1030.0, 1021.0, 1031.0, 1030.0, 1037.0, 1028.0, 1027.0, 1033.0, 1029.0, 1032.0, 1029.0, 1035.0, 1030.0, 1032.0, 1036.0, 1041.0, 1045.0, 1031.0, 1043.0, 1045.0, 1033.0, 1047.0, 1044.0, 1041.0, 1049.0, 1046.0, 1046.0, 1032.0, 1039.0, 1054.0, 1053.0, 1036.0, 1046.0, 1045.0, 1065.0, 1050.0, 1049.0, 1041.0, 1060.0, 1053.0, 1054.0, 1051.0, 1053.0, 1050.0, 1053.0, 1053.0, 1065.0, 1069.0, 1057.0, 1063.0, 1064.0, 1059.0, 1067.0, 1069.0, 1055.0, 1046.0, 1066.0, 1051.0, 1046.0, 1043.0, 1044.0, 1045.0, 1036.0, 1026.0, 1022.0, 1030.0, 1033.0, 1036.0, 1029.0, 1029.0, 1037.0, 1031.0, 1033.0, 1035.0, 1030.0, 1023.0, 1029.0, 1037.0, 1036.0, 1047.0, 1047.0, 1055.0, 1064.0, 1084.0, 1073.0, 1069.0, 1095.0, 1089.0, 1095.0, 1107.0, 1109.0, 1095.0, 1101.0, 1102.0, 1104.0, 1106.0, 1102.0, 1113.0, 1110.0, 1121.0, 1106.0, 1105.0, 1117.0, 1131.0, 1139.0, 1135.0, 1132.0, 1140.0, 1135.0, 1142.0, 1123.0, 1126.0, 1131.0, 1139.0, 1155.0, 1173.0, 1174.0, 1174.0, 1162.0, 1182.0, 1186.0, 1192.0, 1191.0, 1192.0, 1204.0, 1209.0, 1205.0, 1203.0, 1206.0, 1220.0, 1226.0, 1226.0, 1228.0, 1240.0, 1246.0, 1239.0, 1275.0, 1259.0, 1245.0, 1245.0, 1237.0, 1266.0, 1279.0, 1275.0, 1272.0, 1285.0, 1290.0, 1306.0, 1324.0, 1321.0, 1311.0, 1307.0, 1314.0, 1338.0, 1313.0, 1339.0, 1347.0, 1348.0, 1352.0, 1355.0, 1342.0, 1343.0, 1362.0, 1369.0, 1355.0, 1369.0, 1384.0, 1370.0, 1379.0, 1375.0, 1380.0, 1399.0, 1399.0, 1409.0, 1400.0, 1396.0, 1414.0, 1422.0, 1422.0, 1417.0, 1433.0, 1435.0, 1448.0, 1441.0, 1449.0, 1447.0, 1453.0, 1469.0, 1480.0, 1451.0, 1453.0, 1458.0, 1445.0, 1466.0, 1466.0, 1467.0, 1485.0, 1473.0, 1487.0, 1489.0, 1494.0, 1500.0, 1505.0, 1511.0, 1518.0, 1511.0, 1504.0, 1508.0, 1553.0, 1540.0, 1545.0, 1550.0, 1551.0, 1550.0, 1550.0, 1561.0, 1573.0, 1575.0, 1586.0, 1565.0, 1575.0, 1570.0, 1580.0, 1573.0, 1563.0, 1570.0, 1576.0, 1591.0, 1583.0, 1591.0, 1591.0, 1587.0, 1580.0, 1577.0, 1589.0, 1599.0, 1599.0, 1595.0, 1576.0, 1585.0, 1600.0, 1598.0, 1600.0, 1603.0, 1609.0, 1602.0, 1604.0, 1607.0, 1611.0, 1620.0, 1618.0, 1617.0, 1607.0, 1607.0, 1609.0, 1611.0, 1630.0, 1634.0, 1629.0, 1642.0, 1634.0, 1642.0, 1656.0, 1633.0, 1609.0, 1634.0, 1663.0, 1666.0, 1633.0, 1633.0, 1633.0, 1631.0, 1627.0, 1639.0, 1637.0, 1637.0, 1637.0, 1621.0, 1631.0, 1642.0, 1642.0, 1648.0, 1645.0, 1663.0, 1667.0, 1667.0, 1664.0, 1669.0, 1675.0, 1680.0, 1681.0, 1680.0, 1664.0, 1657.0, 1660.0, 1688.0, 1674.0, 1686.0, 1686.0, 1694.0, 1657.0, 1644.0, 1644.0, 1664.0, 1690.0, 1688.0, 1687.0, 1685.0, 1685.0, 1689.0, 1696.0, 1707.0, 1706.0, 1701.0, 1697.0, 1702.0, 1708.0, 1709.0, 1703.0, 1699.0, 1703.0, 1696.0, 1696.0, 1702.0, 1709.0, 1710.0, 1712.0, 1710.0, 1696.0, 1720.0, 1720.0, 1724.0, 1732.0, 1739.0, 1715.0, 1710.0, 1722.0, 1712.0, 1732.0, 1729.0, 1725.0, 1707.0, 1707.0, 1706.0, 1719.0, 1718.0, 1713.0, 1717.0, 1717.0, 1701.0, 1713.0, 1712.0, 1712.0, 1709.0, 1701.0, 1706.0, 1711.0, 1709.0, 1716.0, 1716.0, 1716.0, 1726.0, 1712.0, 1716.0, 1712.0, 1725.0, 1716.0, 1716.0, 1720.0, 1722.0, 1716.0, 1713.0, 1727.0, 1705.0, 1715.0, 1709.0, 1728.0, 1726.0, 1725.0, 1722.0, 1701.0, 1712.0, 1722.0, 1707.0, 1725.0, 1713.0, 1720.0, 1714.0, 1719.0, 1712.0, 1712.0, 1717.0, 1716.0, 1709.0, 1705.0, 1715.0, 1715.0, 1727.0, 1720.0, 1720.0, 1699.0, 1698.0, 1703.0, 1709.0, 1693.0, 1701.0, 1691.0, 1701.0, 1688.0, 1689.0, 1694.0, 1697.0, 1693.0, 1690.0, 1689.0, 1686.0, 1678.0, 1678.0, 1674.0, 1665.0, 1662.0, 1669.0, 1655.0, 1657.0, 1650.0, 1643.0, 1644.0, 1652.0, 1653.0, 1647.0, 1647.0, 1652.0, 1638.0, 1643.0, 1649.0, 1645.0, 1641.0, 1641.0, 1651.0, 1643.0, 1647.0, 1638.0, 1641.0, 1639.0, 1632.0, 1628.0, 1626.0, 1642.0, 1642.0, 1643.0, 1647.0, 1639.0, 1632.0, 1630.0, 1630.0, 1626.0, 1622.0, 1612.0, 1621.0, 1608.0, 1608.0, 1614.0, 1608.0, 1610.0, 1613.0, 1615.0, 1573.0, 1570.0, 1589.0, 1602.0, 1605.0, 1603.0, 1586.0, 1578.0, 1585.0, 1586.0, 1586.0, 1591.0, 1577.0, 1567.0, 1567.0, 1567.0, 1558.0, 1553.0, 1565.0, 1567.0, 1565.0, 1541.0, 1548.0, 1536.0, 1546.0, 1530.0, 1525.0, 1541.0, 1523.0, 1523.0, 1520.0, 1527.0, 1513.0, 1524.0, 1487.0, 1483.0, 1488.0, 1488.0, 1491.0, 1473.0, 1482.0, 1476.0, 1486.0, 1486.0, 1466.0, 1473.0, 1477.0, 1473.0, 1482.0, 1473.0, 1462.0, 1461.0, 1456.0, 1426.0, 1434.0, 1443.0, 1445.0, 1441.0, 1435.0, 1435.0, 1440.0, 1440.0, 1431.0, 1434.0, 1435.0, 1400.0, 1416.0, 1433.0, 1387.0, 1385.0, 1385.0, 1396.0, 1397.0, 1387.0, 1391.0, 1396.0, 1398.0, 1391.0, 1395.0, 1385.0, 1391.0, 1382.0, 1398.0, 1382.0, 1382.0, 1382.0, 1382.0, 1382.0, 1381.0, 1371.0, 1359.0, 1370.0, 1377.0, 1377.0, 1365.0, 1371.0, 1381.0, 1383.0, 1382.0, 1382.0, 1359.0, 1371.0, 1365.0, 1377.0, 1369.0, 1354.0, 1369.0, 1355.0, 1353.0, 1364.0, 1376.0, 1359.0, 1370.0, 1348.0, 1348.0, 1343.0, 1326.0, 1359.0, 1338.0, 1334.0, 1334.0, 1341.0, 1345.0, 1343.0, 1326.0, 1328.0, 1328.0, 1343.0, 1346.0, 1322.0, 1346.0, 1322.0, 1334.0, 1336.0, 1341.0, 1340.0, 1336.0, 1311.0, 1329.0, 1329.0, 1320.0, 1323.0, 1331.0, 1325.0, 1302.0, 1322.0, 1334.0, 1316.0, 1316.0, 1320.0, 1314.0, 1326.0, 1331.0, 1332.0, 1329.0, 1345.0, 1355.0, 1342.0, 1355.0, 1325.0, 1352.0, 1352.0, 1343.0, 1341.0, 1348.0, 1335.0, 1345.0, 1337.0, 1351.0, 1349.0, 1349.0, 1334.0, 1353.0, 1355.0, 1370.0, 1370.0, 1367.0, 1365.0, 1365.0, 1364.0, 1364.0, 1358.0, 1363.0, 1371.0, 1362.0, 1355.0, 1348.0, 1358.0, 1370.0, 1372.0, 1372.0, 1367.0, 1367.0, 1366.0, 1365.0, 1369.0, 1369.0, 1369.0, 1392.0, 1385.0, 1385.0, 1386.0, 1398.0, 1404.0, 1410.0, 1407.0, 1398.0, 1389.0, 1398.0, 1406.0, 1393.0, 1403.0, 1408.0, 1419.0, 1415.0, 1417.0, 1418.0, 1421.0, 1417.0, 1443.0, 1439.0, 1440.0, 1443.0, 1445.0, 1449.0, 1457.0, 1466.0, 1472.0, 1472.0, 1483.0, 1485.0, 1482.0, 1485.0, 1482.0, 1502.0, 1500.0, 1506.0, 1497.0, 1497.0, 1523.0, 1518.0, 1509.0, 1508.0, 1519.0, 1522.0, 1526.0, 1526.0, 1511.0, 1552.0, 1546.0, 1551.0, 1542.0, 1545.0, 1548.0, 1544.0, 1540.0, 1533.0, 1534.0, 1538.0, 1537.0, 1543.0, 1544.0, 1544.0, 1538.0, 1542.0, 1542.0, 1538.0, 1545.0, 1545.0]