header: 
  seq: 2165
  stamp: 
    secs: 1548820811
    nsecs: 319469441
  frame_id: "base_link"
angle_min: -2.35619449615
angle_max: 2.35619449615
angle_increment: 0.00436332309619
time_increment: 1.73611151695e-05
scan_time: 0.0250000003725
range_min: 0.019999999553
range_max: 30.0
ranges: [0.4519999921321869, 0.45500001311302185, 0.4560000002384186, 0.46299999952316284, 0.4560000002384186, 0.4659999907016754, 0.4690000116825104, 0.4699999988079071, 0.47200000286102295, 0.47099998593330383, 0.46700000762939453, 0.4650000035762787, 0.46299999952316284, 0.46299999952316284, 0.4560000002384186, 0.41999998688697815, 0.4020000100135803, 0.3479999899864197, 0.2750000059604645, 0.3269999921321869, 0.367000013589859, 0.41100001335144043, 0.4259999990463257, 0.4410000145435333, 0.44600000977516174, 0.44699999690055847, 0.44999998807907104, 0.4449999928474426, 0.4480000138282776, 0.4390000104904175, 0.44699999690055847, 0.45500001311302185, 0.45500001311302185, 0.45399999618530273, 0.453000009059906, 0.45399999618530273, 0.45399999618530273, 0.4560000002384186, 0.45100000500679016, 0.4490000009536743, 0.44699999690055847, 0.44600000977516174, 0.4440000057220459, 0.44699999690055847, 0.4429999887943268, 0.43700000643730164, 0.44200000166893005, 0.44699999690055847, 0.4480000138282776, 0.4410000145435333, 0.43799999356269836, 0.4309999942779541, 0.4410000145435333, 0.44699999690055847, 0.44200000166893005, 0.4339999854564667, 0.4309999942779541, 0.4300000071525574, 0.43299999833106995, 0.43799999356269836, 0.4359999895095825, 0.4320000112056732, 0.42800000309944153, 0.4259999990463257, 0.42500001192092896, 0.4230000078678131, 0.421999990940094, 0.42399999499320984, 0.42399999499320984, 0.42399999499320984, 0.4230000078678131, 0.4230000078678131, 0.42399999499320984, 0.42800000309944153, 0.42800000309944153, 0.4300000071525574, 0.4300000071525574, 0.4269999861717224, 0.42399999499320984, 0.421999990940094, 0.421999990940094, 0.42100000381469727, 0.42100000381469727, 0.4259999990463257, 0.42100000381469727, 0.41999998688697815, 0.41999998688697815, 0.4230000078678131, 0.42100000381469727, 0.41999998688697815, 0.41600000858306885, 0.41600000858306885, 0.4189999997615814, 0.414000004529953, 0.41499999165534973, 0.41499999165534973, 0.4169999957084656, 0.42100000381469727, 0.41999998688697815, 0.41499999165534973, 0.414000004529953, 0.414000004529953, 0.41200000047683716, 0.41499999165534973, 0.41999998688697815, 0.41999998688697815, 0.4189999997615814, 0.41499999165534973, 0.42100000381469727, 0.42100000381469727, 0.41600000858306885, 0.41100001335144043, 0.41600000858306885, 0.4189999997615814, 0.4169999957084656, 0.4180000126361847, 0.4180000126361847, 0.41499999165534973, 0.41200000047683716, 0.41200000047683716, 0.4129999876022339, 0.4129999876022339, 0.4129999876022339, 0.41499999165534973, 0.41499999165534973, 0.4180000126361847, 0.414000004529953, 0.4129999876022339, 0.41499999165534973, 0.4129999876022339, 0.41499999165534973, 0.41499999165534973, 0.41499999165534973, 0.4099999964237213, 0.4099999964237213, 0.40799999237060547, 0.4059999883174896, 0.4099999964237213, 0.4099999964237213, 0.4099999964237213, 0.4090000092983246, 0.4099999964237213, 0.4099999964237213, 0.4189999997615814, 0.41999998688697815, 0.4180000126361847, 0.41600000858306885, 0.41600000858306885, 0.41600000858306885, 0.41600000858306885, 0.41200000047683716, 0.41200000047683716, 0.40799999237060547, 0.40799999237060547, 0.40799999237060547, 0.414000004529953, 0.414000004529953, 0.4129999876022339, 0.4090000092983246, 0.4090000092983246, 0.4180000126361847, 0.41499999165534973, 0.4129999876022339, 0.421999990940094, 0.421999990940094, 0.41499999165534973, 0.414000004529953, 0.4129999876022339, 0.41499999165534973, 0.41600000858306885, 0.41499999165534973, 0.41499999165534973, 0.42100000381469727, 0.42100000381469727, 0.4169999957084656, 0.4169999957084656, 0.4189999997615814, 0.41600000858306885, 0.41499999165534973, 0.41600000858306885, 0.41600000858306885, 0.40799999237060547, 0.4099999964237213, 0.4169999957084656, 0.4169999957084656, 0.42100000381469727, 0.42399999499320984, 0.4230000078678131, 0.421999990940094, 0.421999990940094, 0.42399999499320984, 0.421999990940094, 0.4169999957084656, 0.41999998688697815, 0.4230000078678131, 0.4230000078678131, 0.42399999499320984, 0.42399999499320984, 0.42399999499320984, 0.4300000071525574, 0.42399999499320984, 0.42399999499320984, 0.421999990940094, 0.42100000381469727, 0.421999990940094, 0.4230000078678131, 0.4230000078678131, 0.421999990940094, 0.42800000309944153, 0.42800000309944153, 0.4300000071525574, 0.4269999861717224, 0.42899999022483826, 0.43299999833106995, 0.4309999942779541, 0.4300000071525574, 0.42899999022483826, 0.42899999022483826, 0.43299999833106995, 0.4269999861717224, 0.42899999022483826, 0.42899999022483826, 0.4339999854564667, 0.4320000112056732, 0.4320000112056732, 0.4359999895095825, 0.4309999942779541, 0.42899999022483826, 0.4320000112056732, 0.42899999022483826, 0.4339999854564667, 0.4410000145435333, 0.44600000977516174, 0.4480000138282776, 0.44999998807907104, 0.44999998807907104, 0.44999998807907104, 0.4410000145435333, 0.44200000166893005, 0.4429999887943268, 0.4440000057220459, 0.4519999921321869, 0.45100000500679016, 0.44999998807907104, 0.4519999921321869, 0.44999998807907104, 0.4490000009536743, 0.45100000500679016, 0.45899999141693115, 0.46000000834465027, 0.46299999952316284, 0.4659999907016754, 0.46700000762939453, 0.4650000035762787, 0.46399998664855957, 0.460999995470047, 0.4650000035762787, 0.46700000762939453, 0.4740000069141388, 0.4740000069141388, 0.4749999940395355, 0.4740000069141388, 0.46799999475479126, 0.4740000069141388, 0.47600001096725464, 0.47600001096725464, 0.4779999852180481, 0.4819999933242798, 0.48399999737739563, 0.4860000014305115, 0.4860000014305115, 0.48899999260902405, 0.48399999737739563, 0.48399999737739563, 0.4950000047683716, 0.48899999260902405, 0.49399998784065247, 0.492000013589859, 0.492000013589859, 0.4909999966621399, 0.4950000047683716, 0.5009999871253967, 0.503000020980835, 0.5040000081062317, 0.5019999742507935, 0.5019999742507935, 0.5080000162124634, 0.5130000114440918, 0.515999972820282, 0.5170000195503235, 0.5210000276565552, 0.5239999890327454, 0.5210000276565552, 0.515999972820282, 0.5149999856948853, 0.5199999809265137, 0.5260000228881836, 0.5299999713897705, 0.5329999923706055, 0.5329999923706055, 0.5350000262260437, 0.5320000052452087, 0.5299999713897705, 0.5299999713897705, 0.5360000133514404, 0.5410000085830688, 0.5450000166893005, 0.5479999780654907, 0.5479999780654907, 0.546999990940094, 0.5479999780654907, 0.5540000200271606, 0.5619999766349792, 0.5680000185966492, 0.5659999847412109, 0.5669999718666077, 0.5699999928474426, 0.578000009059906, 0.5799999833106995, 0.5809999704360962, 0.5820000171661377, 0.5860000252723694, 0.5860000252723694, 0.5899999737739563, 0.5929999947547913, 0.5989999771118164, 0.5989999771118164, 0.6060000061988831, 0.6060000061988831, 0.6069999933242798, 0.6129999756813049, 0.6129999756813049, 0.6129999756813049, 0.6150000095367432, 0.621999979019165, 0.625, 0.6259999871253967, 0.6340000033378601, 0.6340000033378601, 0.6349999904632568, 0.6380000114440918, 0.6439999938011169, 0.6460000276565552, 0.6489999890327454, 0.6510000228881836, 0.6600000262260437, 0.6629999876022339, 0.6710000038146973, 0.6650000214576721, 0.6660000085830688, 0.6690000295639038, 0.6759999990463257, 0.6819999814033508, 0.6809999942779541, 0.6830000281333923, 0.6880000233650208, 0.7039999961853027, 0.7129999995231628, 0.7129999995231628, 0.7139999866485596, 0.7279999852180481, 0.7279999852180481, 0.7319999933242798, 0.734000027179718, 0.7540000081062317, 0.7540000081062317, 0.7540000081062317, 0.7590000033378601, 0.765999972820282, 0.7749999761581421, 0.7730000019073486, 0.781000018119812, 0.7950000166893005, 0.8050000071525574, 0.8029999732971191, 0.8080000281333923, 0.8109999895095825, 0.8169999718666077, 0.8270000219345093, 0.8360000252723694, 0.8370000123977661, 0.8379999995231628, 0.8479999899864197, 0.8650000095367432, 0.8740000128746033, 0.8740000128746033, 0.8790000081062317, 0.8899999856948853, 0.8999999761581421, 0.9010000228881836, 0.9049999713897705, 0.9160000085830688, 0.9330000281333923, 0.9440000057220459, 0.953000009059906, 0.9670000076293945, 0.9700000286102295, 0.9900000095367432, 1.003000020980835, 1.0080000162124634, 1.0140000581741333, 1.0379999876022339, 1.0470000505447388, 1.0529999732971191, 1.065000057220459, 1.0709999799728394, 1.0820000171661377, 1.090999960899353, 1.1069999933242798, 1.1200000047683716, 1.1260000467300415, 1.1540000438690186, 1.1610000133514404, 1.1790000200271606, 1.2059999704360962, 1.1990000009536743, 1.2410000562667847, 1.277999997138977, 1.3509999513626099, 1.4559999704360962, 1.9140000343322754, 2.2780001163482666, 2.2920000553131104, 2.305000066757202, 2.313999891281128, 2.313999891281128, 2.318000078201294, 2.322999954223633, 2.316999912261963, 2.316999912261963, 2.316999912261963, 2.315000057220459, 2.315999984741211, 2.315999984741211, 2.318000078201294, 2.318000078201294, 2.318000078201294, 2.302999973297119, 2.2990000247955322, 2.302000045776367, 2.306999921798706, 2.305999994277954, 2.302999973297119, 2.302000045776367, 2.308000087738037, 2.306999921798706, 2.309000015258789, 2.308000087738037, 2.308000087738037, 2.308000087738037, 2.299999952316284, 2.2939999103546143, 2.2929999828338623, 2.2939999103546143, 2.2939999103546143, 2.2880001068115234, 2.2860000133514404, 2.2829999923706055, 2.2820000648498535, 2.2829999923706055, 2.2799999713897705, 2.2769999504089355, 2.2730000019073486, 2.2730000019073486, 2.2709999084472656, 2.2660000324249268, 2.25600004196167, 2.25600004196167, 2.25600004196167, 2.25600004196167, 2.253000020980835, 2.240000009536743, 2.236999988555908, 2.234999895095825, 2.2330000400543213, 2.2339999675750732, 2.2290000915527344, 2.2230000495910645, 2.2200000286102295, 2.2170000076293945, 2.2170000076293945, 2.2160000801086426, 2.2100000381469727, 2.2049999237060547, 2.203000068664551, 2.190000057220459, 2.184000015258789, 2.184000015258789, 2.183000087738037, 2.1710000038146973, 2.1670000553131104, 2.1640000343322754, 2.1579999923706055, 2.1510000228881836, 2.1449999809265137, 2.1449999809265137, 2.13700008392334, 2.128999948501587, 2.127000093460083, 2.127000093460083, 2.119999885559082, 2.111999988555908, 2.1029999256134033, 2.1010000705718994, 2.0999999046325684, 2.0920000076293945, 2.0889999866485596, 2.0910000801086426, 2.0859999656677246, 2.069000005722046, 2.063999891281128, 2.049999952316284, 2.046999931335449, 2.0369999408721924, 2.0350000858306885, 2.0299999713897705, 2.0199999809265137, 2.0190000534057617, 2.0139999389648438, 2.01200008392334, 1.9950000047683716, 1.99399995803833, 1.99399995803833, 1.9830000400543213, 1.975000023841858, 1.9639999866485596, 1.9570000171661377, 1.9500000476837158, 1.934000015258789, 1.9259999990463257, 1.9199999570846558, 1.9149999618530273, 1.8949999809265137, 1.8860000371932983, 1.878000020980835, 1.8700000047683716, 1.871999979019165, 1.8630000352859497, 1.840999960899353, 1.8300000429153442, 1.8279999494552612, 1.8259999752044678, 1.8140000104904175, 1.7960000038146973, 1.7920000553131104, 1.7869999408721924, 1.7660000324249268, 1.7610000371932983, 1.7489999532699585, 1.7339999675750732, 1.725000023841858, 1.7209999561309814, 1.6979999542236328, 1.6890000104904175, 1.684000015258789, 1.6749999523162842, 1.6510000228881836, 1.6460000276565552, 1.6349999904632568, 1.6160000562667847, 1.6059999465942383, 1.5839999914169312, 1.5809999704360962, 1.562000036239624, 1.5360000133514404, 1.5290000438690186, 1.5210000276565552, 1.5069999694824219, 1.4869999885559082, 1.4780000448226929, 1.4500000476837158, 1.4390000104904175, 1.4249999523162842, 1.4170000553131104, 1.4019999504089355, 1.3819999694824219, 1.3630000352859497, 1.347000002861023, 1.3270000219345093, 1.3170000314712524, 1.312000036239624, 1.2940000295639038, 1.2719999551773071, 1.2640000581741333, 1.2489999532699585, 1.2359999418258667, 1.2259999513626099, 1.2120000123977661, 1.2009999752044678, 1.184000015258789, 1.1759999990463257, 1.1440000534057617, 1.1390000581741333, 1.1369999647140503, 1.128999948501587, 1.1150000095367432, 1.1039999723434448, 1.0959999561309814, 1.0859999656677246, 1.0809999704360962, 1.069000005722046, 1.0640000104904175, 1.059000015258789, 1.0499999523162842, 1.0290000438690186, 1.0240000486373901, 1.0119999647140503, 0.9980000257492065, 0.9850000143051147, 0.9829999804496765, 0.972000002861023, 0.9649999737739563, 0.9629999995231628, 0.9549999833106995, 0.9520000219345093, 0.9470000267028809, 0.9409999847412109, 0.9380000233650208, 0.9290000200271606, 0.9210000038146973, 0.9190000295639038, 0.9190000295639038, 0.9089999794960022, 0.8980000019073486, 0.890999972820282, 0.8880000114440918, 0.8809999823570251, 0.8730000257492065, 0.8740000128746033, 0.8640000224113464, 0.8600000143051147, 0.8550000190734863, 0.8529999852180481, 0.8510000109672546, 0.8460000157356262, 0.8389999866485596, 0.8370000123977661, 0.8309999704360962, 0.8289999961853027, 0.8320000171661377, 0.8240000009536743, 0.8180000185966492, 0.8059999942779541, 0.8009999990463257, 0.7979999780654907, 0.7919999957084656, 0.7879999876022339, 0.7860000133514404, 0.7860000133514404, 0.7839999794960022, 0.7799999713897705, 0.7710000276565552, 0.765999972820282, 0.7630000114440918, 0.7519999742507935, 0.75, 0.7419999837875366, 0.7419999837875366, 0.7429999709129333, 0.7440000176429749, 0.7440000176429749, 0.7329999804496765, 0.7279999852180481, 0.7300000190734863, 0.7239999771118164, 0.7250000238418579, 0.7269999980926514, 0.7179999947547913, 0.7059999704360962, 0.7049999833106995, 0.6980000138282776, 0.6990000009536743, 0.6980000138282776, 0.6990000009536743, 0.6959999799728394, 0.6840000152587891, 0.6809999942779541, 0.6740000247955322, 0.6769999861717224, 0.6729999780654907, 0.671999990940094, 0.671999990940094, 0.671999990940094, 0.6629999876022339, 0.6610000133514404, 0.6610000133514404, 0.656000018119812, 0.652999997138977, 0.6489999890327454, 0.6499999761581421, 0.6470000147819519, 0.6439999938011169, 0.6420000195503235, 0.6439999938011169, 0.640999972820282, 0.6320000290870667, 0.6290000081062317, 0.6320000290870667, 0.6399999856948853, 0.6359999775886536, 0.6330000162124634, 0.6330000162124634, 0.6290000081062317, 0.621999979019165, 0.6190000176429749, 0.6140000224113464, 0.6179999709129333, 0.6179999709129333, 0.6179999709129333, 0.6150000095367432, 0.6039999723434448, 0.5979999899864197, 0.5950000286102295, 0.5950000286102295, 0.5960000157356262, 0.5979999899864197, 0.5979999899864197, 0.5830000042915344, 0.5830000042915344, 0.5839999914169312, 0.5879999995231628, 0.5879999995231628, 0.5889999866485596, 0.5910000205039978, 0.5889999866485596, 0.5820000171661377, 0.5680000185966492, 0.5680000185966492, 0.5720000267028809, 0.5690000057220459, 0.5640000104904175, 0.5609999895095825, 0.5580000281333923, 0.5590000152587891, 0.5619999766349792, 0.5640000104904175, 0.5640000104904175, 0.5669999718666077, 0.5649999976158142, 0.5649999976158142, 0.5550000071525574, 0.5509999990463257, 0.5509999990463257, 0.5540000200271606, 0.5519999861717224, 0.5519999861717224, 0.5509999990463257, 0.5440000295639038, 0.5440000295639038, 0.5410000085830688, 0.5440000295639038, 0.5379999876022339, 0.5379999876022339, 0.5379999876022339, 0.5400000214576721, 0.5419999957084656, 0.5429999828338623, 0.5490000247955322, 0.5509999990463257, 0.5529999732971191, 0.5370000004768372, 0.5370000004768372, 0.5360000133514404, 0.5360000133514404, 0.5370000004768372, 0.5379999876022339, 0.5379999876022339, 0.5350000262260437, 0.5360000133514404, 0.5299999713897705, 0.5249999761581421, 0.5239999890327454, 0.5260000228881836, 0.5260000228881836, 0.5260000228881836, 0.5239999890327454, 0.5270000100135803, 0.5270000100135803, 0.5239999890327454, 0.5199999809265137, 0.515999972820282, 0.5139999985694885, 0.5149999856948853, 0.5120000243186951, 0.5149999856948853, 0.5120000243186951, 0.5130000114440918, 0.5090000033378601, 0.5120000243186951, 0.5080000162124634, 0.5080000162124634, 0.5049999952316284, 0.5040000081062317, 0.5019999742507935, 0.5080000162124634, 0.5120000243186951, 0.5090000033378601, 0.5040000081062317, 0.5049999952316284, 0.5120000243186951, 0.5120000243186951, 0.5139999985694885, 0.5139999985694885, 0.5090000033378601, 0.5019999742507935, 0.5019999742507935, 0.503000020980835, 0.4970000088214874, 0.4950000047683716, 0.49900001287460327, 0.5130000114440918, 0.5130000114440918, 0.5059999823570251, 0.5040000081062317, 0.5070000290870667, 0.5059999823570251, 0.5059999823570251, 0.503000020980835, 0.5009999871253967, 0.4970000088214874, 0.5, 0.5, 0.49300000071525574, 0.4880000054836273, 0.4970000088214874, 0.503000020980835, 0.503000020980835, 0.5120000243186951, 0.5059999823570251, 0.5040000081062317, 0.5040000081062317, 0.503000020980835, 0.49900001287460327, 0.492000013589859, 0.492000013589859, 0.5009999871253967, 0.5009999871253967, 0.49900001287460327, 0.49799999594688416, 0.49900001287460327, 0.49900001287460327, 0.49799999594688416, 0.49799999594688416, 0.4950000047683716, 0.49900001287460327, 0.49399998784065247, 0.4970000088214874, 0.49399998784065247, 0.5040000081062317, 0.5040000081062317, 0.5019999742507935, 0.5009999871253967, 0.49900001287460327, 0.4970000088214874, 0.4959999918937683, 0.4970000088214874, 0.5070000290870667, 0.5080000162124634, 0.5019999742507935, 0.49799999594688416, 0.4959999918937683, 0.4959999918937683, 0.49300000071525574, 0.4909999966621399, 0.4959999918937683, 0.4959999918937683, 0.5019999742507935, 0.5, 0.5, 0.5009999871253967, 0.5009999871253967, 0.503000020980835, 0.5090000033378601, 0.5090000033378601, 0.5070000290870667, 0.5070000290870667, 0.5080000162124634, 0.5090000033378601, 0.5059999823570251, 0.49900001287460327, 0.5, 0.503000020980835, 0.5080000162124634, 0.5059999823570251, 0.5059999823570251, 0.5099999904632568, 0.5130000114440918, 0.5080000162124634, 0.503000020980835, 0.503000020980835, 0.5090000033378601, 0.515999972820282, 0.5149999856948853, 0.5090000033378601, 0.5059999823570251, 0.5059999823570251, 0.5109999775886536, 0.5090000033378601, 0.5040000081062317, 0.5080000162124634, 0.5070000290870667, 0.5130000114440918, 0.5059999823570251, 0.5059999823570251, 0.5130000114440918, 0.5149999856948853, 0.515999972820282, 0.5090000033378601, 0.5059999823570251, 0.5059999823570251, 0.5080000162124634, 0.5189999938011169, 0.5180000066757202, 0.515999972820282, 0.5109999775886536, 0.5109999775886536, 0.5120000243186951, 0.5139999985694885, 0.5189999938011169, 0.5180000066757202, 0.5199999809265137, 0.5199999809265137, 0.5199999809265137, 0.5170000195503235, 0.5130000114440918, 0.5109999775886536, 0.5139999985694885, 0.5170000195503235, 0.5180000066757202, 0.5170000195503235, 0.5149999856948853, 0.5149999856948853, 0.515999972820282, 0.5220000147819519, 0.5210000276565552, 0.5199999809265137, 0.5210000276565552, 0.5199999809265137, 0.5249999761581421, 0.5429999828338623, 0.5389999747276306, 0.531000018119812, 0.531000018119812, 0.5270000100135803, 0.5329999923706055, 0.5360000133514404, 0.5320000052452087, 0.5329999923706055, 0.5320000052452087, 0.5400000214576721, 0.5389999747276306, 0.5400000214576721, 0.5329999923706055, 0.5329999923706055, 0.5299999713897705, 0.5360000133514404, 0.5490000247955322, 0.5490000247955322, 0.5479999780654907, 0.546999990940094, 0.550000011920929, 0.5479999780654907, 0.5479999780654907, 0.5479999780654907, 0.5529999732971191, 0.5540000200271606, 0.5509999990463257, 0.5460000038146973, 0.5460000038146973, 0.5580000281333923, 0.5659999847412109, 0.5659999847412109, 0.5669999718666077, 0.5659999847412109, 0.5640000104904175, 0.5659999847412109, 0.5659999847412109, 0.5709999799728394, 0.5659999847412109, 0.5720000267028809, 0.5789999961853027, 0.578000009059906, 0.578000009059906, 0.5799999833106995, 0.5839999914169312, 0.5879999995231628, 0.5920000076293945, 0.5910000205039978, 0.597000002861023, 0.5879999995231628, 0.5879999995231628, 0.5920000076293945, 0.5989999771118164, 0.6069999933242798, 0.6019999980926514, 0.6069999933242798, 0.6110000014305115, 0.6129999756813049, 0.6110000014305115, 0.609000027179718, 0.6190000176429749, 0.6190000176429749, 0.6190000176429749, 0.6190000176429749, 0.6269999742507935, 0.6240000128746033, 0.6330000162124634, 0.6359999775886536, 0.6380000114440918, 0.6370000243186951, 0.6309999823570251, 0.6290000081062317, 0.6240000128746033, 0.6259999871253967, 0.6299999952316284, 0.6309999823570251, 0.6309999823570251, 0.6309999823570251, 0.6330000162124634, 0.6359999775886536, 0.6399999856948853, 0.6439999938011169, 0.6439999938011169, 0.6449999809265137, 0.6449999809265137, 0.6460000276565552, 0.6520000100135803, 0.6520000100135803, 0.6539999842643738, 0.6539999842643738, 0.6460000276565552, 0.6499999761581421, 0.6539999842643738, 0.6639999747276306, 0.6579999923706055, 0.6600000262260437, 0.6620000004768372, 0.6620000004768372, 0.671999990940094, 0.6679999828338623, 0.6740000247955322, 0.6759999990463257, 0.6809999942779541, 0.6790000200271606, 0.6800000071525574, 0.6809999942779541, 0.6930000185966492, 0.6909999847412109, 0.6850000023841858, 0.6859999895095825, 0.6940000057220459, 0.6940000057220459, 0.6880000233650208, 0.6830000281333923, 0.6859999895095825, 0.6959999799728394, 0.6990000009536743, 0.6970000267028809, 0.6990000009536743, 0.699999988079071, 0.7039999961853027, 0.7049999833106995, 0.7080000042915344, 0.7179999947547913, 0.7269999980926514, 0.7329999804496765, 0.7400000095367432, 0.7450000047683716, 0.7350000143051147, 0.734000027179718, 0.7379999756813049, 0.7429999709129333, 0.746999979019165, 0.746999979019165, 0.7559999823570251, 0.7609999775886536, 0.7649999856948853, 0.7649999856948853, 0.7649999856948853, 0.7680000066757202, 0.7770000100135803]
intensities: [1081.0, 1103.0, 1122.0, 1211.0, 1211.0, 1391.0, 1444.0, 1437.0, 1483.0, 1489.0, 1513.0, 1515.0, 1501.0, 1501.0, 1379.0, 1114.0, 1128.0, 1012.0, 832.0, 911.0, 928.0, 1025.0, 1032.0, 1085.0, 1086.0, 1051.0, 1032.0, 1056.0, 1101.0, 1155.0, 1241.0, 1391.0, 1400.0, 1506.0, 1556.0, 1604.0, 1622.0, 1640.0, 1666.0, 1671.0, 1674.0, 1710.0, 1702.0, 1707.0, 1715.0, 1723.0, 1720.0, 1718.0, 1713.0, 1733.0, 1732.0, 1699.0, 1722.0, 1721.0, 1730.0, 1709.0, 1718.0, 1701.0, 1703.0, 1699.0, 1691.0, 1690.0, 1700.0, 1688.0, 1688.0, 1669.0, 1664.0, 1681.0, 1681.0, 1670.0, 1661.0, 1675.0, 1670.0, 1673.0, 1673.0, 1681.0, 1673.0, 1666.0, 1674.0, 1675.0, 1676.0, 1675.0, 1680.0, 1668.0, 1681.0, 1662.0, 1662.0, 1662.0, 1656.0, 1653.0, 1650.0, 1655.0, 1634.0, 1634.0, 1647.0, 1647.0, 1658.0, 1645.0, 1636.0, 1661.0, 1625.0, 1625.0, 1634.0, 1630.0, 1627.0, 1613.0, 1625.0, 1621.0, 1635.0, 1635.0, 1632.0, 1612.0, 1636.0, 1634.0, 1642.0, 1645.0, 1647.0, 1639.0, 1632.0, 1633.0, 1640.0, 1653.0, 1653.0, 1614.0, 1594.0, 1593.0, 1589.0, 1577.0, 1565.0, 1569.0, 1560.0, 1562.0, 1561.0, 1575.0, 1525.0, 1524.0, 1525.0, 1523.0, 1510.0, 1510.0, 1510.0, 1510.0, 1507.0, 1499.0, 1506.0, 1492.0, 1482.0, 1490.0, 1484.0, 1465.0, 1452.0, 1452.0, 1443.0, 1434.0, 1434.0, 1422.0, 1418.0, 1406.0, 1401.0, 1401.0, 1380.0, 1370.0, 1361.0, 1390.0, 1390.0, 1382.0, 1333.0, 1343.0, 1340.0, 1335.0, 1334.0, 1329.0, 1322.0, 1310.0, 1294.0, 1294.0, 1294.0, 1282.0, 1273.0, 1269.0, 1269.0, 1265.0, 1258.0, 1247.0, 1247.0, 1243.0, 1239.0, 1237.0, 1238.0, 1238.0, 1232.0, 1238.0, 1223.0, 1226.0, 1230.0, 1230.0, 1211.0, 1211.0, 1206.0, 1220.0, 1207.0, 1207.0, 1195.0, 1190.0, 1181.0, 1177.0, 1173.0, 1174.0, 1185.0, 1160.0, 1173.0, 1182.0, 1159.0, 1158.0, 1158.0, 1157.0, 1149.0, 1142.0, 1146.0, 1128.0, 1122.0, 1122.0, 1154.0, 1136.0, 1122.0, 1126.0, 1124.0, 1113.0, 1147.0, 1133.0, 1132.0, 1141.0, 1149.0, 1129.0, 1123.0, 1139.0, 1139.0, 1122.0, 1129.0, 1138.0, 1134.0, 1128.0, 1121.0, 1115.0, 1125.0, 1105.0, 1113.0, 1098.0, 1130.0, 1148.0, 1139.0, 1156.0, 1160.0, 1147.0, 1141.0, 1133.0, 1131.0, 1136.0, 1140.0, 1140.0, 1147.0, 1147.0, 1136.0, 1149.0, 1155.0, 1155.0, 1150.0, 1158.0, 1149.0, 1160.0, 1155.0, 1127.0, 1119.0, 1119.0, 1153.0, 1137.0, 1139.0, 1114.0, 1114.0, 1119.0, 1126.0, 1132.0, 1132.0, 1126.0, 1130.0, 1136.0, 1133.0, 1135.0, 1142.0, 1135.0, 1124.0, 1126.0, 1136.0, 1138.0, 1138.0, 1138.0, 1142.0, 1151.0, 1144.0, 1144.0, 1133.0, 1133.0, 1136.0, 1136.0, 1144.0, 1141.0, 1149.0, 1155.0, 1155.0, 1161.0, 1162.0, 1167.0, 1144.0, 1157.0, 1141.0, 1148.0, 1149.0, 1157.0, 1159.0, 1165.0, 1164.0, 1149.0, 1149.0, 1155.0, 1163.0, 1160.0, 1158.0, 1165.0, 1165.0, 1156.0, 1154.0, 1154.0, 1152.0, 1149.0, 1163.0, 1148.0, 1145.0, 1146.0, 1146.0, 1143.0, 1141.0, 1140.0, 1141.0, 1142.0, 1145.0, 1142.0, 1134.0, 1129.0, 1128.0, 1139.0, 1135.0, 1136.0, 1135.0, 1136.0, 1132.0, 1129.0, 1122.0, 1127.0, 1130.0, 1133.0, 1130.0, 1128.0, 1130.0, 1138.0, 1133.0, 1133.0, 1137.0, 1124.0, 1117.0, 1136.0, 1125.0, 1121.0, 1112.0, 1157.0, 1139.0, 1137.0, 1122.0, 1133.0, 1121.0, 1131.0, 1126.0, 1124.0, 1116.0, 1114.0, 1123.0, 1123.0, 1110.0, 1118.0, 1109.0, 1106.0, 1117.0, 1088.0, 1101.0, 1101.0, 1092.0, 1107.0, 1103.0, 1096.0, 1113.0, 1101.0, 1099.0, 1101.0, 1099.0, 1087.0, 1095.0, 1076.0, 1090.0, 1064.0, 1068.0, 1040.0, 1036.0, 1050.0, 1032.0, 1040.0, 1088.0, 1028.0, 1209.0, 1270.0, 1440.0, 1443.0, 1199.0, 1036.0, 1021.0, 1022.0, 1024.0, 1024.0, 1024.0, 1025.0, 1035.0, 1035.0, 1039.0, 1028.0, 1035.0, 1044.0, 1045.0, 1050.0, 1050.0, 1038.0, 1048.0, 1048.0, 1051.0, 1056.0, 1051.0, 1046.0, 1056.0, 1051.0, 1062.0, 1055.0, 1055.0, 1055.0, 1067.0, 1053.0, 1051.0, 1041.0, 1049.0, 1057.0, 1053.0, 1046.0, 1051.0, 1064.0, 1069.0, 1059.0, 1068.0, 1068.0, 1068.0, 1068.0, 1052.0, 1053.0, 1059.0, 1059.0, 1055.0, 1063.0, 1060.0, 1055.0, 1053.0, 1056.0, 1066.0, 1066.0, 1055.0, 1052.0, 1052.0, 1060.0, 1054.0, 1044.0, 1055.0, 1046.0, 1058.0, 1063.0, 1069.0, 1056.0, 1059.0, 1060.0, 1063.0, 1051.0, 1057.0, 1061.0, 1058.0, 1053.0, 1054.0, 1061.0, 1055.0, 1057.0, 1060.0, 1051.0, 1042.0, 1046.0, 1057.0, 1053.0, 1045.0, 1058.0, 1055.0, 1047.0, 1067.0, 1057.0, 1058.0, 1053.0, 1061.0, 1058.0, 1064.0, 1064.0, 1066.0, 1067.0, 1067.0, 1076.0, 1079.0, 1075.0, 1068.0, 1061.0, 1064.0, 1074.0, 1070.0, 1075.0, 1067.0, 1068.0, 1073.0, 1070.0, 1060.0, 1070.0, 1068.0, 1065.0, 1065.0, 1071.0, 1067.0, 1057.0, 1059.0, 1063.0, 1072.0, 1068.0, 1069.0, 1075.0, 1058.0, 1074.0, 1060.0, 1063.0, 1058.0, 1042.0, 1042.0, 1043.0, 1050.0, 1042.0, 1038.0, 1033.0, 1043.0, 1050.0, 1034.0, 1043.0, 1030.0, 1035.0, 1030.0, 1040.0, 1080.0, 1087.0, 1096.0, 1064.0, 1064.0, 1076.0, 1082.0, 1099.0, 1100.0, 1109.0, 1100.0, 1120.0, 1106.0, 1113.0, 1115.0, 1103.0, 1125.0, 1102.0, 1087.0, 1091.0, 1109.0, 1138.0, 1113.0, 1130.0, 1146.0, 1133.0, 1139.0, 1151.0, 1146.0, 1145.0, 1126.0, 1154.0, 1151.0, 1131.0, 1126.0, 1134.0, 1134.0, 1120.0, 1127.0, 1150.0, 1139.0, 1142.0, 1150.0, 1119.0, 1157.0, 1170.0, 1189.0, 1191.0, 1203.0, 1194.0, 1239.0, 1239.0, 1237.0, 1255.0, 1246.0, 1252.0, 1258.0, 1253.0, 1259.0, 1259.0, 1272.0, 1280.0, 1281.0, 1280.0, 1287.0, 1291.0, 1298.0, 1305.0, 1320.0, 1328.0, 1332.0, 1332.0, 1358.0, 1354.0, 1361.0, 1364.0, 1348.0, 1366.0, 1374.0, 1371.0, 1381.0, 1384.0, 1391.0, 1390.0, 1379.0, 1418.0, 1404.0, 1404.0, 1420.0, 1422.0, 1414.0, 1429.0, 1429.0, 1435.0, 1446.0, 1455.0, 1447.0, 1452.0, 1451.0, 1464.0, 1458.0, 1470.0, 1480.0, 1474.0, 1490.0, 1500.0, 1504.0, 1508.0, 1516.0, 1526.0, 1533.0, 1543.0, 1543.0, 1554.0, 1557.0, 1557.0, 1554.0, 1565.0, 1571.0, 1575.0, 1566.0, 1587.0, 1580.0, 1592.0, 1591.0, 1579.0, 1579.0, 1561.0, 1604.0, 1591.0, 1580.0, 1580.0, 1611.0, 1591.0, 1632.0, 1627.0, 1674.0, 1685.0, 1685.0, 1679.0, 1653.0, 1667.0, 1688.0, 1688.0, 1689.0, 1690.0, 1690.0, 1685.0, 1670.0, 1657.0, 1668.0, 1682.0, 1681.0, 1691.0, 1684.0, 1697.0, 1685.0, 1685.0, 1688.0, 1703.0, 1703.0, 1703.0, 1699.0, 1696.0, 1693.0, 1694.0, 1694.0, 1694.0, 1695.0, 1695.0, 1683.0, 1704.0, 1704.0, 1680.0, 1708.0, 1708.0, 1696.0, 1683.0, 1696.0, 1710.0, 1710.0, 1708.0, 1708.0, 1706.0, 1704.0, 1708.0, 1712.0, 1710.0, 1699.0, 1705.0, 1685.0, 1683.0, 1714.0, 1714.0, 1673.0, 1687.0, 1701.0, 1667.0, 1662.0, 1682.0, 1676.0, 1699.0, 1673.0, 1669.0, 1673.0, 1662.0, 1673.0, 1673.0, 1653.0, 1661.0, 1657.0, 1655.0, 1643.0, 1653.0, 1638.0, 1646.0, 1667.0, 1655.0, 1647.0, 1636.0, 1636.0, 1650.0, 1657.0, 1656.0, 1660.0, 1673.0, 1651.0, 1630.0, 1627.0, 1624.0, 1614.0, 1644.0, 1644.0, 1641.0, 1637.0, 1637.0, 1618.0, 1623.0, 1630.0, 1620.0, 1624.0, 1622.0, 1613.0, 1602.0, 1605.0, 1602.0, 1602.0, 1600.0, 1586.0, 1607.0, 1620.0, 1624.0, 1603.0, 1597.0, 1612.0, 1608.0, 1603.0, 1583.0, 1599.0, 1587.0, 1587.0, 1568.0, 1589.0, 1573.0, 1573.0, 1569.0, 1569.0, 1559.0, 1547.0, 1562.0, 1562.0, 1526.0, 1526.0, 1536.0, 1529.0, 1479.0, 1475.0, 1479.0, 1484.0, 1472.0, 1486.0, 1487.0, 1487.0, 1480.0, 1471.0, 1475.0, 1470.0, 1476.0, 1473.0, 1459.0, 1459.0, 1459.0, 1464.0, 1470.0, 1459.0, 1438.0, 1417.0, 1424.0, 1448.0, 1433.0, 1464.0, 1448.0, 1420.0, 1416.0, 1412.0, 1412.0, 1406.0, 1411.0, 1409.0, 1370.0, 1388.0, 1374.0, 1404.0, 1370.0, 1380.0, 1381.0, 1373.0, 1369.0, 1357.0, 1357.0, 1360.0, 1365.0, 1357.0, 1353.0, 1337.0, 1337.0, 1343.0, 1353.0, 1335.0, 1342.0, 1310.0, 1297.0, 1299.0, 1297.0, 1303.0, 1315.0, 1327.0, 1291.0, 1292.0, 1293.0, 1280.0, 1291.0, 1286.0, 1280.0, 1280.0, 1280.0, 1280.0, 1279.0, 1287.0, 1256.0, 1276.0, 1273.0, 1273.0, 1263.0, 1255.0, 1254.0, 1244.0, 1242.0, 1248.0, 1249.0, 1238.0, 1238.0, 1234.0, 1249.0, 1249.0, 1244.0, 1247.0, 1248.0, 1253.0, 1253.0, 1246.0, 1245.0, 1245.0, 1218.0, 1231.0, 1219.0, 1223.0, 1231.0, 1233.0, 1233.0, 1214.0, 1222.0, 1227.0, 1231.0, 1219.0, 1224.0, 1237.0, 1237.0, 1226.0, 1226.0, 1211.0, 1234.0, 1234.0, 1234.0, 1218.0, 1226.0, 1236.0, 1227.0, 1230.0, 1238.0, 1253.0, 1242.0, 1225.0, 1228.0, 1234.0, 1242.0, 1242.0, 1236.0, 1232.0, 1225.0, 1245.0, 1221.0, 1221.0, 1240.0, 1238.0, 1233.0, 1241.0, 1237.0, 1247.0, 1216.0, 1216.0, 1233.0, 1240.0, 1270.0, 1251.0, 1253.0, 1242.0, 1260.0, 1258.0, 1248.0, 1238.0, 1233.0, 1240.0, 1240.0, 1251.0, 1248.0, 1280.0, 1293.0, 1278.0, 1266.0, 1225.0, 1224.0, 1231.0, 1225.0, 1225.0, 1217.0, 1210.0, 1210.0, 1224.0, 1229.0, 1229.0, 1248.0, 1248.0, 1230.0, 1227.0, 1229.0, 1239.0, 1239.0, 1233.0, 1233.0, 1229.0, 1254.0, 1252.0, 1250.0, 1266.0, 1253.0, 1256.0, 1262.0, 1280.0, 1290.0, 1272.0, 1271.0, 1295.0, 1276.0, 1281.0, 1280.0, 1286.0, 1287.0, 1284.0, 1293.0, 1315.0, 1305.0, 1300.0, 1313.0, 1313.0, 1339.0, 1339.0, 1323.0, 1332.0, 1322.0, 1326.0, 1317.0, 1320.0, 1315.0, 1329.0, 1324.0, 1328.0, 1342.0, 1321.0, 1311.0, 1336.0, 1359.0, 1357.0, 1357.0, 1346.0, 1346.0, 1335.0, 1335.0, 1335.0, 1340.0, 1343.0]