header: 
  seq: 2071
  stamp: 
    secs: 1548820808
    nsecs: 965852850
  frame_id: "base_link"
angle_min: -2.35619449615
angle_max: 2.35619449615
angle_increment: 0.00436332309619
time_increment: 1.73611151695e-05
scan_time: 0.0250000003725
range_min: 0.019999999553
range_max: 30.0
ranges: [0.4790000021457672, 0.48100000619888306, 0.4729999899864197, 0.48100000619888306, 0.48100000619888306, 0.4860000014305115, 0.4970000088214874, 0.4909999966621399, 0.49000000953674316, 0.4950000047683716, 0.5040000081062317, 0.5070000290870667, 0.5009999871253967, 0.4909999966621399, 0.47699999809265137, 0.4359999895095825, 0.4169999957084656, 0.3499999940395355, 0.31200000643730164, 0.33000001311302185, 0.3779999911785126, 0.4359999895095825, 0.4620000123977661, 0.4740000069141388, 0.47699999809265137, 0.4819999933242798, 0.48399999737739563, 0.4860000014305115, 0.47999998927116394, 0.47200000286102295, 0.4860000014305115, 0.47999998927116394, 0.4869999885559082, 0.4779999852180481, 0.4779999852180481, 0.4779999852180481, 0.4749999940395355, 0.47600001096725464, 0.47600001096725464, 0.4740000069141388, 0.4729999899864197, 0.4729999899864197, 0.4699999988079071, 0.47200000286102295, 0.48100000619888306, 0.47999998927116394, 0.4779999852180481, 0.47099998593330383, 0.47200000286102295, 0.46700000762939453, 0.47099998593330383, 0.4749999940395355, 0.4749999940395355, 0.4729999899864197, 0.4749999940395355, 0.4749999940395355, 0.4729999899864197, 0.46299999952316284, 0.460999995470047, 0.4659999907016754, 0.46799999475479126, 0.47099998593330383, 0.4699999988079071, 0.4729999899864197, 0.47099998593330383, 0.4650000035762787, 0.4569999873638153, 0.4560000002384186, 0.4659999907016754, 0.47099998593330383, 0.4659999907016754, 0.4659999907016754, 0.4560000002384186, 0.46399998664855957, 0.46399998664855957, 0.46000000834465027, 0.4560000002384186, 0.46000000834465027, 0.460999995470047, 0.4569999873638153, 0.460999995470047, 0.460999995470047, 0.46299999952316284, 0.46299999952316284, 0.4569999873638153, 0.45399999618530273, 0.45500001311302185, 0.45899999141693115, 0.46000000834465027, 0.4620000123977661, 0.4620000123977661, 0.45500001311302185, 0.4560000002384186, 0.4560000002384186, 0.4659999907016754, 0.46700000762939453, 0.4569999873638153, 0.4560000002384186, 0.45500001311302185, 0.4569999873638153, 0.460999995470047, 0.460999995470047, 0.4560000002384186, 0.4519999921321869, 0.453000009059906, 0.45100000500679016, 0.453000009059906, 0.44999998807907104, 0.44999998807907104, 0.4480000138282776, 0.4490000009536743, 0.4490000009536743, 0.4429999887943268, 0.44999998807907104, 0.4480000138282776, 0.44600000977516174, 0.44600000977516174, 0.4410000145435333, 0.4390000104904175, 0.43799999356269836, 0.44200000166893005, 0.44999998807907104, 0.4449999928474426, 0.4440000057220459, 0.4440000057220459, 0.4490000009536743, 0.45399999618530273, 0.45500001311302185, 0.4569999873638153, 0.460999995470047, 0.45399999618530273, 0.4519999921321869, 0.4490000009536743, 0.44200000166893005, 0.4449999928474426, 0.4449999928474426, 0.4560000002384186, 0.44999998807907104, 0.4480000138282776, 0.44600000977516174, 0.44699999690055847, 0.4480000138282776, 0.4480000138282776, 0.453000009059906, 0.44200000166893005, 0.43799999356269836, 0.4410000145435333, 0.4449999928474426, 0.4480000138282776, 0.4480000138282776, 0.44699999690055847, 0.4620000123977661, 0.44999998807907104, 0.44600000977516174, 0.44600000977516174, 0.4449999928474426, 0.4410000145435333, 0.4410000145435333, 0.4480000138282776, 0.44600000977516174, 0.4429999887943268, 0.4449999928474426, 0.4480000138282776, 0.453000009059906, 0.45500001311302185, 0.453000009059906, 0.453000009059906, 0.453000009059906, 0.4490000009536743, 0.453000009059906, 0.44999998807907104, 0.4560000002384186, 0.4449999928474426, 0.44600000977516174, 0.4410000145435333, 0.4410000145435333, 0.4449999928474426, 0.4449999928474426, 0.44600000977516174, 0.4449999928474426, 0.44699999690055847, 0.4480000138282776, 0.4519999921321869, 0.45100000500679016, 0.44999998807907104, 0.45500001311302185, 0.4490000009536743, 0.4560000002384186, 0.4480000138282776, 0.45500001311302185, 0.45500001311302185, 0.453000009059906, 0.4490000009536743, 0.45100000500679016, 0.44999998807907104, 0.44999998807907104, 0.44699999690055847, 0.44999998807907104, 0.44699999690055847, 0.44699999690055847, 0.44699999690055847, 0.4429999887943268, 0.44699999690055847, 0.45100000500679016, 0.46299999952316284, 0.46299999952316284, 0.4569999873638153, 0.4569999873638153, 0.4650000035762787, 0.4650000035762787, 0.4650000035762787, 0.4569999873638153, 0.46000000834465027, 0.4620000123977661, 0.46399998664855957, 0.4740000069141388, 0.46799999475479126, 0.46700000762939453, 0.46799999475479126, 0.4650000035762787, 0.46299999952316284, 0.4620000123977661, 0.46399998664855957, 0.4690000116825104, 0.47200000286102295, 0.46799999475479126, 0.4659999907016754, 0.4659999907016754, 0.46799999475479126, 0.4690000116825104, 0.46299999952316284, 0.4690000116825104, 0.4690000116825104, 0.47600001096725464, 0.4740000069141388, 0.46700000762939453, 0.46700000762939453, 0.47200000286102295, 0.4749999940395355, 0.4779999852180481, 0.4779999852180481, 0.4790000021457672, 0.48100000619888306, 0.4830000102519989, 0.4790000021457672, 0.47600001096725464, 0.47600001096725464, 0.47600001096725464, 0.4819999933242798, 0.48500001430511475, 0.48500001430511475, 0.4869999885559082, 0.4860000014305115, 0.4860000014305115, 0.4970000088214874, 0.5009999871253967, 0.4880000054836273, 0.4880000054836273, 0.4909999966621399, 0.4959999918937683, 0.5040000081062317, 0.5070000290870667, 0.5040000081062317, 0.49900001287460327, 0.49900001287460327, 0.5070000290870667, 0.5049999952316284, 0.5049999952316284, 0.5120000243186951, 0.5059999823570251, 0.5090000033378601, 0.5090000033378601, 0.5180000066757202, 0.5070000290870667, 0.5189999938011169, 0.5299999713897705, 0.527999997138977, 0.5249999761581421, 0.531000018119812, 0.5339999794960022, 0.5329999923706055, 0.5320000052452087, 0.5339999794960022, 0.5329999923706055, 0.5429999828338623, 0.5509999990463257, 0.5559999942779541, 0.5550000071525574, 0.5609999895095825, 0.5669999718666077, 0.5770000219345093, 0.5929999947547913, 0.5889999866485596, 0.5910000205039978, 0.5960000157356262, 0.6150000095367432, 0.7089999914169312, 0.6100000143051147, 0.6370000243186951, 2.877000093460083, 2.874000072479248, 2.8580000400543213, 2.8440001010894775, 2.8410000801086426, 2.8299999237060547, 2.808000087738037, 2.7860000133514404, 2.7820000648498535, 2.753000020980835, 2.734999895095825, 2.7060000896453857, 2.678999900817871, 2.6700000762939453, 2.6440000534057617, 2.6389999389648438, 2.617000102996826, 2.6040000915527344, 2.5869998931884766, 2.553999900817871, 2.5329999923706055, 2.5169999599456787, 2.4779999256134033, 2.4619998931884766, 2.4509999752044678, 2.4189999103546143, 2.4010000228881836, 2.374000072479248, 2.375, 2.359999895095825, 2.3380000591278076, 2.312000036239624, 2.296999931335449, 2.2780001163482666, 2.26200008392334, 2.247999906539917, 2.2119998931884766, 2.200000047683716, 2.197999954223633, 2.183000087738037, 2.1730000972747803, 2.1589999198913574, 2.130000114440918, 2.11899995803833, 2.109999895095825, 2.0940001010894775, 2.0789999961853027, 2.071000099182129, 2.056999921798706, 2.0480000972747803, 2.0239999294281006, 2.0199999809265137, 1.9980000257492065, 1.996000051498413, 1.9859999418258667, 1.972000002861023, 1.9620000123977661, 1.940000057220459, 1.9290000200271606, 1.9249999523162842, 1.9040000438690186, 1.8839999437332153, 1.88100004196167, 1.86899995803833, 1.8600000143051147, 1.8480000495910645, 1.8420000076293945, 1.8380000591278076, 1.8289999961853027, 1.8140000104904175, 1.7999999523162842, 1.7910000085830688, 1.7829999923706055, 1.7769999504089355, 1.7630000114440918, 1.7569999694824219, 1.7480000257492065, 1.7330000400543213, 1.7300000190734863, 1.725000023841858, 1.7120000123977661, 1.7000000476837158, 1.687999963760376, 1.6829999685287476, 1.6749999523162842, 1.6740000247955322, 1.6770000457763672, 1.6610000133514404, 1.6440000534057617, 1.6440000534057617, 1.6319999694824219, 1.6230000257492065, 1.6160000562667847, 1.6080000400543213, 1.6089999675750732, 1.597000002861023, 1.5829999446868896, 1.5800000429153442, 1.5779999494552612, 1.5679999589920044, 1.565999984741211, 1.5609999895095825, 1.5529999732971191, 1.5449999570846558, 1.5390000343322754, 1.5290000438690186, 1.5199999809265137, 1.5149999856948853, 1.5130000114440918, 1.5080000162124634, 1.5149999856948853, 1.5180000066757202, 1.5099999904632568, 1.4910000562667847, 1.4809999465942383, 1.4780000448226929, 1.4739999771118164, 1.4639999866485596, 1.4539999961853027, 1.4520000219345093, 1.4470000267028809, 1.440999984741211, 1.437999963760376, 1.4290000200271606, 1.4279999732971191, 1.4149999618530273, 1.4110000133514404, 1.409000039100647, 1.406000018119812, 1.406000018119812, 1.3990000486373901, 1.3869999647140503, 1.3899999856948853, 1.3899999856948853, 1.3860000371932983, 1.3799999952316284, 1.3739999532699585, 1.3589999675750732, 1.3600000143051147, 1.3550000190734863, 1.3559999465942383, 1.3480000495910645, 1.3480000495910645, 1.340999960899353, 1.340000033378601, 1.3380000591278076, 1.3289999961853027, 1.3270000219345093, 1.3270000219345093, 1.3229999542236328, 1.3350000381469727, 1.3220000267028809, 1.3179999589920044, 1.312999963760376, 1.3079999685287476, 1.309000015258789, 1.3040000200271606, 1.3020000457763672, 1.2960000038146973, 1.2970000505447388, 1.2949999570846558, 1.2949999570846558, 1.2910000085830688, 1.284000039100647, 1.2829999923706055, 1.281000018119812, 1.2740000486373901, 1.2699999809265137, 1.2669999599456787, 1.2680000066757202, 1.2660000324249268, 1.2630000114440918, 1.2589999437332153, 1.25600004196167, 1.2489999532699585, 1.2419999837875366, 1.24399995803833, 1.246000051498413, 1.246000051498413, 1.2430000305175781, 1.2389999628067017, 1.2330000400543213, 1.2330000400543213, 1.2300000190734863, 1.2339999675750732, 1.2239999771118164, 1.2170000076293945, 1.2130000591278076, 1.2109999656677246, 1.2139999866485596, 1.2039999961853027, 1.2020000219345093, 1.2059999704360962, 1.1950000524520874, 1.1959999799728394, 1.1920000314712524, 1.1859999895095825, 1.1799999475479126, 1.1779999732971191, 1.1790000200271606, 1.1720000505447388, 1.1699999570846558, 1.159000039100647, 1.1619999408721924, 1.1629999876022339, 1.1629999876022339, 1.1640000343322754, 1.156000018119812, 1.1540000438690186, 1.152999997138977, 1.1419999599456787, 1.1419999599456787, 1.1369999647140503, 1.1269999742507935, 1.1230000257492065, 1.1239999532699585, 1.1230000257492065, 1.1160000562667847, 1.11899995803833, 1.11899995803833, 1.1089999675750732, 1.1039999723434448, 1.1030000448226929, 1.1009999513626099, 1.1009999513626099, 1.100000023841858, 1.1019999980926514, 1.0989999771118164, 1.093000054359436, 1.0839999914169312, 1.0809999704360962, 1.0829999446868896, 1.0839999914169312, 1.0720000267028809, 1.062000036239624, 1.0529999732971191, 1.0540000200271606, 1.0540000200271606, 1.0509999990463257, 1.0520000457763672, 1.0509999990463257, 1.0449999570846558, 1.0440000295639038, 1.0399999618530273, 1.034999966621399, 1.0329999923706055, 1.027999997138977, 1.0219999551773071, 1.0230000019073486, 1.0219999551773071, 1.0140000581741333, 1.0080000162124634, 1.0080000162124634, 1.0089999437332153, 0.996999979019165, 0.9980000257492065, 0.9950000047683716, 0.9860000014305115, 0.9860000014305115, 0.9829999804496765, 0.9829999804496765, 0.9769999980926514, 0.9750000238418579, 0.9679999947547913, 0.9679999947547913, 0.9710000157356262, 0.9660000205039978, 0.9559999704360962, 0.953000009059906, 0.9480000138282776, 0.9459999799728394, 0.9470000267028809, 0.9459999799728394, 0.9449999928474426, 0.9399999976158142, 0.9390000104904175, 0.9340000152587891, 0.9300000071525574, 0.925000011920929, 0.9210000038146973, 0.9139999747276306, 0.9089999794960022, 0.9100000262260437, 0.9089999794960022, 0.8999999761581421, 0.8980000019073486, 0.8880000114440918, 0.8830000162124634, 0.8830000162124634, 0.8849999904632568, 0.8870000243186951, 0.8840000033378601, 0.8769999742507935, 0.8740000128746033, 0.8690000176429749, 0.8669999837875366, 0.8650000095367432, 0.8539999723434448, 0.8539999723434448, 0.8539999723434448, 0.8529999852180481, 0.8529999852180481, 0.8479999899864197, 0.8460000157356262, 0.843999981880188, 0.8379999995231628, 0.8270000219345093, 0.828000009059906, 0.828000009059906, 0.8130000233650208, 0.8259999752044678, 0.8259999752044678, 0.8159999847412109, 0.8109999895095825, 0.8100000023841858, 0.8040000200271606, 0.8009999990463257, 0.8040000200271606, 0.8080000281333923, 0.8029999732971191, 0.7900000214576721, 0.7879999876022339, 0.7799999713897705, 0.7730000019073486, 0.7739999890327454, 0.7730000019073486, 0.7680000066757202, 0.7680000066757202, 0.7649999856948853, 0.7609999775886536, 0.7570000290870667, 0.75, 0.75, 0.75, 0.7459999918937683, 0.7490000128746033, 0.7400000095367432, 0.734000027179718, 0.7360000014305115, 0.7360000014305115, 0.7329999804496765, 0.7310000061988831, 0.7289999723434448, 0.722000002861023, 0.7170000076293945, 0.7099999785423279, 0.7059999704360962, 0.7059999704360962, 0.703000009059906, 0.6990000009536743, 0.6980000138282776, 0.7070000171661377, 0.699999988079071, 0.6880000233650208, 0.6800000071525574, 0.6800000071525574, 0.6779999732971191, 0.6759999990463257, 0.6769999861717224, 0.6769999861717224, 0.6800000071525574, 0.675000011920929, 0.6700000166893005, 0.6660000085830688, 0.6660000085830688, 0.6669999957084656, 0.6639999747276306, 0.6600000262260437, 0.6600000262260437, 0.652999997138977, 0.6430000066757202, 0.640999972820282, 0.6399999856948853, 0.6359999775886536, 0.6349999904632568, 0.6340000033378601, 0.6320000290870667, 0.6290000081062317, 0.621999979019165, 0.6240000128746033, 0.6209999918937683, 0.6159999966621399, 0.6110000014305115, 0.6119999885559082, 0.6119999885559082, 0.6110000014305115, 0.609000027179718, 0.6050000190734863, 0.597000002861023, 0.5899999737739563, 0.597000002861023, 0.6039999723434448, 0.5860000252723694, 0.5879999995231628, 0.5899999737739563, 0.5870000123977661, 0.5860000252723694, 0.5830000042915344, 0.5820000171661377, 0.5809999704360962, 0.5720000267028809, 0.5669999718666077, 0.5669999718666077, 0.5659999847412109, 0.5569999814033508, 0.5580000281333923, 0.5540000200271606, 0.5519999861717224, 0.5569999814033508, 0.5580000281333923, 0.5580000281333923, 0.5569999814033508, 0.5569999814033508, 0.546999990940094, 0.5429999828338623, 0.5389999747276306, 0.5450000166893005, 0.5479999780654907, 0.5450000166893005, 0.5379999876022339, 0.5360000133514404, 0.5360000133514404, 0.5289999842643738, 0.5299999713897705, 0.5360000133514404, 0.5370000004768372, 0.5339999794960022, 0.527999997138977, 0.5249999761581421, 0.5230000019073486, 0.5230000019073486, 0.5180000066757202, 0.5170000195503235, 0.5170000195503235, 0.5180000066757202, 0.5149999856948853, 0.515999972820282, 0.5139999985694885, 0.515999972820282, 0.5120000243186951, 0.5099999904632568, 0.5059999823570251, 0.5049999952316284, 0.5049999952316284, 0.5049999952316284, 0.5049999952316284, 0.5049999952316284, 0.5049999952316284, 0.5059999823570251, 0.5049999952316284, 0.503000020980835, 0.5, 0.4959999918937683, 0.4950000047683716, 0.4950000047683716, 0.49799999594688416, 0.49799999594688416, 0.49300000071525574, 0.49399998784065247, 0.4950000047683716, 0.4880000054836273, 0.48100000619888306, 0.48399999737739563, 0.4869999885559082, 0.4909999966621399, 0.4909999966621399, 0.492000013589859, 0.4909999966621399, 0.4909999966621399, 0.4830000102519989, 0.47999998927116394, 0.4819999933242798, 0.4860000014305115, 0.48899999260902405, 0.4860000014305115, 0.48100000619888306, 0.47200000286102295, 0.47200000286102295, 0.47999998927116394, 0.48100000619888306, 0.4779999852180481, 0.4740000069141388, 0.47600001096725464, 0.4779999852180481, 0.47699999809265137, 0.4749999940395355, 0.47200000286102295, 0.4699999988079071, 0.4699999988079071, 0.47099998593330383, 0.4690000116825104, 0.48100000619888306, 0.4819999933242798, 0.47600001096725464, 0.4690000116825104, 0.4659999907016754, 0.4699999988079071, 0.4650000035762787, 0.4650000035762787, 0.4650000035762787, 0.4659999907016754, 0.4690000116825104, 0.46799999475479126, 0.4650000035762787, 0.4690000116825104, 0.4690000116825104, 0.46399998664855957, 0.4580000042915344, 0.4569999873638153, 0.4650000035762787, 0.4650000035762787, 0.45899999141693115, 0.45500001311302185, 0.45899999141693115, 0.460999995470047, 0.46299999952316284, 0.4650000035762787, 0.4650000035762787, 0.4569999873638153, 0.460999995470047, 0.460999995470047, 0.46000000834465027, 0.46000000834465027, 0.4659999907016754, 0.4620000123977661, 0.460999995470047, 0.45500001311302185, 0.45500001311302185, 0.45399999618530273, 0.45500001311302185, 0.4519999921321869, 0.4580000042915344, 0.4569999873638153, 0.4560000002384186, 0.45500001311302185, 0.45500001311302185, 0.45399999618530273, 0.45399999618530273, 0.45899999141693115, 0.46399998664855957, 0.46000000834465027, 0.45399999618530273, 0.45500001311302185, 0.460999995470047, 0.460999995470047, 0.45899999141693115, 0.45899999141693115, 0.46000000834465027, 0.46399998664855957, 0.4659999907016754, 0.4659999907016754, 0.46399998664855957, 0.46299999952316284, 0.4580000042915344, 0.4580000042915344, 0.453000009059906, 0.45399999618530273, 0.45500001311302185, 0.45500001311302185, 0.4569999873638153, 0.460999995470047, 0.46299999952316284, 0.4580000042915344, 0.4580000042915344, 0.4580000042915344, 0.4620000123977661, 0.4620000123977661, 0.46299999952316284, 0.46299999952316284, 0.46299999952316284, 0.45500001311302185, 0.4560000002384186, 0.45899999141693115, 0.46299999952316284, 0.46299999952316284, 0.46399998664855957, 0.46399998664855957, 0.4620000123977661, 0.4620000123977661, 0.4620000123977661, 0.4580000042915344, 0.453000009059906, 0.45500001311302185, 0.4560000002384186, 0.4560000002384186, 0.4560000002384186, 0.45899999141693115, 0.45399999618530273, 0.4560000002384186, 0.4620000123977661, 0.46700000762939453, 0.4650000035762787, 0.45899999141693115, 0.4650000035762787, 0.4659999907016754, 0.46299999952316284, 0.4580000042915344, 0.4659999907016754, 0.46700000762939453, 0.46399998664855957, 0.4650000035762787, 0.4699999988079071, 0.4659999907016754, 0.4659999907016754, 0.4620000123977661, 0.4580000042915344, 0.4620000123977661, 0.4650000035762787, 0.46799999475479126, 0.4580000042915344, 0.460999995470047, 0.4620000123977661, 0.4620000123977661, 0.460999995470047, 0.4620000123977661, 0.4659999907016754, 0.4699999988079071, 0.46700000762939453, 0.46700000762939453, 0.4690000116825104, 0.4699999988079071, 0.47200000286102295, 0.46799999475479126, 0.47200000286102295, 0.4749999940395355, 0.4749999940395355, 0.4650000035762787, 0.46299999952316284, 0.46399998664855957, 0.47099998593330383, 0.4729999899864197, 0.4740000069141388, 0.4740000069141388, 0.47200000286102295, 0.4729999899864197, 0.47699999809265137, 0.47699999809265137, 0.47600001096725464, 0.4740000069141388, 0.47600001096725464, 0.4779999852180481, 0.47999998927116394, 0.47999998927116394, 0.4749999940395355, 0.4749999940395355, 0.4749999940395355, 0.47999998927116394, 0.4779999852180481, 0.47999998927116394, 0.4869999885559082, 0.4869999885559082, 0.48399999737739563, 0.4860000014305115, 0.48899999260902405, 0.4860000014305115, 0.48500001430511475, 0.4830000102519989, 0.4880000054836273, 0.492000013589859, 0.5009999871253967, 0.4959999918937683, 0.4950000047683716, 0.49799999594688416, 0.49799999594688416, 0.5040000081062317, 0.5080000162124634, 0.5, 0.5009999871253967, 0.5, 0.5059999823570251, 0.5059999823570251, 0.5109999775886536, 0.5170000195503235, 0.5170000195503235, 0.5139999985694885, 0.5120000243186951, 0.5120000243186951, 0.5120000243186951, 0.5180000066757202, 0.5180000066757202, 0.5210000276565552, 0.5220000147819519, 0.5210000276565552, 0.5239999890327454, 0.527999997138977, 0.5180000066757202, 0.5260000228881836, 0.5289999842643738, 0.531000018119812, 0.531000018119812, 0.5270000100135803, 0.527999997138977, 0.527999997138977, 0.5389999747276306, 0.550000011920929, 0.5460000038146973, 0.5479999780654907, 0.5479999780654907, 0.5490000247955322, 0.5529999732971191, 0.5529999732971191, 0.5509999990463257, 0.5529999732971191, 0.5580000281333923, 0.5580000281333923, 0.5569999814033508, 0.5640000104904175, 0.5659999847412109, 0.5659999847412109, 0.5669999718666077, 0.5669999718666077, 0.5720000267028809, 0.5680000185966492, 0.5669999718666077, 0.5690000057220459, 0.5720000267028809, 0.5709999799728394, 0.5770000219345093, 0.5770000219345093, 0.578000009059906, 0.578000009059906, 0.5789999961853027, 0.5830000042915344, 0.5879999995231628, 0.5889999866485596, 0.5870000123977661, 0.5849999785423279, 0.5860000252723694, 0.5849999785423279, 0.5910000205039978, 0.5929999947547913, 0.5889999866485596, 0.5889999866485596, 0.5950000286102295, 0.6029999852180481, 0.6029999852180481, 0.6029999852180481, 0.6079999804496765, 0.6100000143051147, 0.6140000224113464, 0.6190000176429749, 0.6209999918937683, 0.625, 0.6290000081062317, 0.6309999823570251, 0.628000020980835, 0.6269999742507935, 0.6359999775886536, 0.6349999904632568, 0.6359999775886536, 0.6380000114440918, 0.6399999856948853, 0.6389999985694885, 0.640999972820282, 0.6449999809265137, 0.6449999809265137, 0.6510000228881836, 0.6480000019073486, 0.6489999890327454, 0.6489999890327454, 0.6489999890327454, 0.656000018119812, 0.6639999747276306, 0.6690000295639038, 0.6710000038146973, 0.6729999780654907, 0.6840000152587891, 0.6880000233650208, 0.6909999847412109, 0.7039999961853027, 0.7049999833106995, 0.699999988079071, 0.7009999752044678, 0.7070000171661377, 0.7139999866485596, 0.718999981880188, 0.7289999723434448, 0.7360000014305115, 0.7419999837875366, 0.7440000176429749, 0.7580000162124634, 0.7639999985694885]
intensities: [1114.0, 1136.0, 1118.0, 1205.0, 1227.0, 1272.0, 1443.0, 1479.0, 1458.0, 1488.0, 1510.0, 1516.0, 1516.0, 1435.0, 1448.0, 1186.0, 1131.0, 952.0, 871.0, 906.0, 977.0, 1045.0, 1117.0, 1127.0, 1123.0, 1100.0, 1071.0, 1074.0, 1113.0, 1120.0, 1295.0, 1310.0, 1414.0, 1497.0, 1497.0, 1556.0, 1660.0, 1712.0, 1686.0, 1711.0, 1722.0, 1733.0, 1722.0, 1747.0, 1741.0, 1741.0, 1739.0, 1742.0, 1745.0, 1742.0, 1745.0, 1745.0, 1745.0, 1744.0, 1748.0, 1752.0, 1749.0, 1738.0, 1740.0, 1737.0, 1737.0, 1720.0, 1727.0, 1711.0, 1730.0, 1704.0, 1713.0, 1698.0, 1715.0, 1713.0, 1716.0, 1716.0, 1684.0, 1675.0, 1675.0, 1676.0, 1665.0, 1662.0, 1659.0, 1674.0, 1666.0, 1675.0, 1662.0, 1651.0, 1663.0, 1654.0, 1656.0, 1666.0, 1651.0, 1632.0, 1628.0, 1640.0, 1626.0, 1637.0, 1625.0, 1626.0, 1610.0, 1622.0, 1607.0, 1604.0, 1599.0, 1589.0, 1578.0, 1583.0, 1575.0, 1586.0, 1604.0, 1584.0, 1567.0, 1569.0, 1575.0, 1575.0, 1578.0, 1563.0, 1553.0, 1559.0, 1559.0, 1549.0, 1545.0, 1529.0, 1532.0, 1532.0, 1524.0, 1532.0, 1532.0, 1515.0, 1508.0, 1501.0, 1494.0, 1513.0, 1496.0, 1497.0, 1496.0, 1494.0, 1503.0, 1503.0, 1503.0, 1473.0, 1475.0, 1483.0, 1479.0, 1466.0, 1466.0, 1446.0, 1459.0, 1440.0, 1418.0, 1413.0, 1428.0, 1412.0, 1396.0, 1390.0, 1361.0, 1386.0, 1385.0, 1381.0, 1344.0, 1347.0, 1367.0, 1363.0, 1352.0, 1346.0, 1338.0, 1343.0, 1343.0, 1346.0, 1335.0, 1320.0, 1320.0, 1312.0, 1310.0, 1312.0, 1309.0, 1309.0, 1285.0, 1285.0, 1298.0, 1281.0, 1287.0, 1284.0, 1293.0, 1273.0, 1264.0, 1263.0, 1249.0, 1243.0, 1244.0, 1246.0, 1252.0, 1232.0, 1232.0, 1246.0, 1234.0, 1237.0, 1226.0, 1226.0, 1227.0, 1230.0, 1228.0, 1228.0, 1228.0, 1228.0, 1227.0, 1228.0, 1222.0, 1222.0, 1221.0, 1221.0, 1222.0, 1222.0, 1222.0, 1205.0, 1221.0, 1220.0, 1214.0, 1213.0, 1196.0, 1193.0, 1198.0, 1194.0, 1195.0, 1161.0, 1164.0, 1174.0, 1172.0, 1184.0, 1179.0, 1179.0, 1180.0, 1182.0, 1174.0, 1176.0, 1176.0, 1179.0, 1170.0, 1174.0, 1174.0, 1156.0, 1158.0, 1159.0, 1159.0, 1159.0, 1143.0, 1146.0, 1143.0, 1146.0, 1149.0, 1146.0, 1148.0, 1141.0, 1141.0, 1146.0, 1135.0, 1112.0, 1133.0, 1134.0, 1118.0, 1118.0, 1121.0, 1114.0, 1124.0, 1122.0, 1123.0, 1124.0, 1119.0, 1135.0, 1129.0, 1129.0, 1131.0, 1140.0, 1126.0, 1114.0, 1132.0, 1127.0, 1133.0, 1133.0, 1139.0, 1145.0, 1138.0, 1146.0, 1141.0, 1139.0, 1147.0, 1135.0, 1117.0, 1104.0, 1110.0, 1109.0, 1108.0, 1099.0, 1114.0, 1077.0, 1063.0, 1062.0, 1034.0, 1005.0, 1546.0, 796.0, 172.0, 864.0, 878.0, 881.0, 875.0, 870.0, 863.0, 865.0, 857.0, 862.0, 856.0, 854.0, 862.0, 847.0, 852.0, 842.0, 851.0, 852.0, 876.0, 880.0, 856.0, 848.0, 876.0, 881.0, 882.0, 893.0, 886.0, 882.0, 888.0, 892.0, 896.0, 905.0, 910.0, 925.0, 925.0, 935.0, 939.0, 920.0, 934.0, 932.0, 932.0, 935.0, 926.0, 948.0, 944.0, 948.0, 952.0, 952.0, 957.0, 947.0, 953.0, 952.0, 965.0, 954.0, 965.0, 970.0, 977.0, 970.0, 982.0, 980.0, 980.0, 981.0, 985.0, 987.0, 985.0, 992.0, 996.0, 999.0, 1005.0, 1005.0, 1006.0, 1018.0, 1010.0, 1026.0, 1023.0, 1027.0, 1053.0, 1046.0, 1059.0, 1057.0, 1062.0, 1077.0, 1073.0, 1085.0, 1071.0, 1072.0, 1071.0, 1082.0, 1084.0, 1080.0, 1093.0, 1088.0, 1080.0, 1101.0, 1096.0, 1093.0, 1085.0, 1094.0, 1106.0, 1105.0, 1105.0, 1122.0, 1124.0, 1107.0, 1108.0, 1104.0, 1109.0, 1106.0, 1105.0, 1107.0, 1098.0, 1112.0, 1117.0, 1110.0, 1110.0, 1097.0, 1110.0, 1109.0, 1127.0, 1096.0, 1099.0, 1105.0, 1108.0, 1108.0, 1106.0, 1101.0, 1101.0, 1098.0, 1112.0, 1094.0, 1092.0, 1116.0, 1130.0, 1144.0, 1138.0, 1118.0, 1131.0, 1146.0, 1103.0, 1107.0, 1103.0, 1145.0, 1124.0, 1133.0, 1127.0, 1125.0, 1143.0, 1152.0, 1144.0, 1144.0, 1143.0, 1176.0, 1158.0, 1181.0, 1172.0, 1173.0, 1184.0, 1194.0, 1202.0, 1210.0, 1217.0, 1209.0, 1211.0, 1218.0, 1233.0, 1239.0, 1240.0, 1223.0, 1222.0, 1224.0, 1220.0, 1224.0, 1224.0, 1235.0, 1234.0, 1237.0, 1231.0, 1234.0, 1237.0, 1235.0, 1230.0, 1234.0, 1231.0, 1231.0, 1230.0, 1219.0, 1229.0, 1231.0, 1235.0, 1228.0, 1248.0, 1235.0, 1221.0, 1252.0, 1239.0, 1242.0, 1235.0, 1252.0, 1251.0, 1244.0, 1249.0, 1240.0, 1243.0, 1229.0, 1253.0, 1252.0, 1252.0, 1252.0, 1248.0, 1260.0, 1273.0, 1269.0, 1269.0, 1264.0, 1252.0, 1242.0, 1261.0, 1253.0, 1261.0, 1274.0, 1274.0, 1272.0, 1261.0, 1266.0, 1254.0, 1268.0, 1266.0, 1271.0, 1273.0, 1275.0, 1266.0, 1266.0, 1271.0, 1277.0, 1276.0, 1290.0, 1279.0, 1281.0, 1281.0, 1267.0, 1272.0, 1288.0, 1275.0, 1281.0, 1284.0, 1283.0, 1278.0, 1295.0, 1294.0, 1305.0, 1321.0, 1328.0, 1310.0, 1310.0, 1308.0, 1309.0, 1316.0, 1325.0, 1330.0, 1325.0, 1315.0, 1332.0, 1342.0, 1333.0, 1327.0, 1327.0, 1341.0, 1324.0, 1331.0, 1325.0, 1333.0, 1326.0, 1336.0, 1341.0, 1343.0, 1341.0, 1349.0, 1353.0, 1357.0, 1351.0, 1371.0, 1365.0, 1359.0, 1370.0, 1365.0, 1375.0, 1374.0, 1363.0, 1352.0, 1352.0, 1368.0, 1363.0, 1375.0, 1365.0, 1371.0, 1378.0, 1367.0, 1364.0, 1363.0, 1373.0, 1369.0, 1365.0, 1367.0, 1370.0, 1375.0, 1393.0, 1379.0, 1386.0, 1395.0, 1398.0, 1407.0, 1418.0, 1418.0, 1428.0, 1413.0, 1410.0, 1415.0, 1418.0, 1416.0, 1414.0, 1412.0, 1418.0, 1411.0, 1405.0, 1427.0, 1415.0, 1429.0, 1447.0, 1431.0, 1432.0, 1459.0, 1454.0, 1442.0, 1461.0, 1461.0, 1476.0, 1467.0, 1460.0, 1437.0, 1452.0, 1452.0, 1451.0, 1451.0, 1447.0, 1467.0, 1474.0, 1474.0, 1487.0, 1474.0, 1482.0, 1488.0, 1478.0, 1495.0, 1475.0, 1492.0, 1481.0, 1481.0, 1490.0, 1494.0, 1504.0, 1504.0, 1506.0, 1508.0, 1508.0, 1506.0, 1504.0, 1495.0, 1506.0, 1505.0, 1498.0, 1527.0, 1524.0, 1521.0, 1538.0, 1531.0, 1527.0, 1541.0, 1523.0, 1526.0, 1546.0, 1539.0, 1561.0, 1547.0, 1530.0, 1564.0, 1603.0, 1602.0, 1601.0, 1592.0, 1577.0, 1602.0, 1609.0, 1616.0, 1602.0, 1605.0, 1614.0, 1596.0, 1605.0, 1613.0, 1625.0, 1602.0, 1623.0, 1632.0, 1644.0, 1632.0, 1634.0, 1647.0, 1643.0, 1647.0, 1640.0, 1642.0, 1656.0, 1648.0, 1671.0, 1681.0, 1664.0, 1662.0, 1677.0, 1689.0, 1687.0, 1688.0, 1651.0, 1651.0, 1675.0, 1662.0, 1659.0, 1650.0, 1667.0, 1694.0, 1676.0, 1648.0, 1662.0, 1685.0, 1669.0, 1662.0, 1667.0, 1659.0, 1667.0, 1677.0, 1683.0, 1678.0, 1685.0, 1684.0, 1695.0, 1695.0, 1701.0, 1694.0, 1694.0, 1678.0, 1694.0, 1666.0, 1694.0, 1679.0, 1677.0, 1697.0, 1697.0, 1668.0, 1668.0, 1683.0, 1660.0, 1678.0, 1654.0, 1658.0, 1685.0, 1687.0, 1660.0, 1660.0, 1666.0, 1660.0, 1649.0, 1667.0, 1654.0, 1652.0, 1648.0, 1645.0, 1633.0, 1636.0, 1632.0, 1630.0, 1628.0, 1617.0, 1633.0, 1649.0, 1639.0, 1609.0, 1587.0, 1590.0, 1621.0, 1616.0, 1616.0, 1634.0, 1603.0, 1597.0, 1617.0, 1626.0, 1596.0, 1618.0, 1616.0, 1597.0, 1602.0, 1591.0, 1599.0, 1568.0, 1585.0, 1584.0, 1580.0, 1620.0, 1615.0, 1610.0, 1616.0, 1602.0, 1602.0, 1579.0, 1578.0, 1581.0, 1590.0, 1576.0, 1572.0, 1568.0, 1559.0, 1561.0, 1561.0, 1537.0, 1537.0, 1581.0, 1573.0, 1581.0, 1549.0, 1569.0, 1548.0, 1591.0, 1553.0, 1568.0, 1567.0, 1583.0, 1563.0, 1567.0, 1554.0, 1542.0, 1539.0, 1531.0, 1525.0, 1542.0, 1513.0, 1502.0, 1496.0, 1491.0, 1490.0, 1486.0, 1487.0, 1487.0, 1487.0, 1470.0, 1458.0, 1462.0, 1462.0, 1442.0, 1446.0, 1432.0, 1432.0, 1430.0, 1429.0, 1432.0, 1442.0, 1443.0, 1443.0, 1447.0, 1447.0, 1441.0, 1425.0, 1414.0, 1409.0, 1392.0, 1393.0, 1390.0, 1388.0, 1383.0, 1383.0, 1361.0, 1361.0, 1371.0, 1348.0, 1332.0, 1350.0, 1343.0, 1330.0, 1330.0, 1326.0, 1318.0, 1317.0, 1322.0, 1312.0, 1309.0, 1314.0, 1322.0, 1326.0, 1321.0, 1299.0, 1309.0, 1302.0, 1303.0, 1307.0, 1297.0, 1300.0, 1300.0, 1276.0, 1289.0, 1279.0, 1294.0, 1287.0, 1272.0, 1260.0, 1236.0, 1245.0, 1241.0, 1245.0, 1242.0, 1240.0, 1221.0, 1221.0, 1247.0, 1221.0, 1262.0, 1229.0, 1228.0, 1222.0, 1222.0, 1220.0, 1219.0, 1202.0, 1216.0, 1215.0, 1217.0, 1217.0, 1212.0, 1206.0, 1215.0, 1215.0, 1211.0, 1217.0, 1206.0, 1195.0, 1205.0, 1205.0, 1197.0, 1188.0, 1187.0, 1205.0, 1196.0, 1188.0, 1196.0, 1188.0, 1174.0, 1171.0, 1171.0, 1178.0, 1170.0, 1171.0, 1159.0, 1173.0, 1178.0, 1175.0, 1182.0, 1182.0, 1182.0, 1186.0, 1185.0, 1174.0, 1175.0, 1187.0, 1195.0, 1195.0, 1188.0, 1198.0, 1200.0, 1200.0, 1198.0, 1201.0, 1204.0, 1199.0, 1197.0, 1216.0, 1183.0, 1197.0, 1202.0, 1226.0, 1207.0, 1220.0, 1217.0, 1217.0, 1217.0, 1218.0, 1214.0, 1214.0, 1240.0, 1249.0, 1221.0, 1233.0, 1233.0, 1211.0, 1209.0, 1200.0, 1194.0, 1214.0, 1233.0, 1233.0, 1194.0, 1206.0, 1216.0, 1202.0, 1194.0, 1191.0, 1199.0, 1200.0, 1201.0, 1209.0, 1223.0, 1215.0, 1209.0, 1214.0, 1222.0, 1222.0, 1226.0, 1226.0, 1228.0, 1228.0, 1225.0, 1208.0, 1212.0, 1194.0, 1226.0, 1214.0, 1210.0, 1210.0, 1222.0, 1226.0, 1224.0, 1224.0, 1228.0, 1218.0, 1221.0, 1206.0, 1220.0, 1227.0, 1220.0, 1220.0, 1220.0, 1221.0, 1232.0, 1235.0, 1233.0, 1228.0, 1226.0, 1224.0, 1224.0, 1222.0, 1217.0, 1231.0, 1224.0, 1230.0, 1230.0, 1224.0, 1218.0, 1208.0, 1196.0, 1188.0, 1175.0, 1166.0, 1176.0, 1180.0, 1180.0, 1180.0, 1156.0, 1156.0, 1176.0, 1181.0, 1168.0, 1163.0, 1166.0, 1159.0, 1162.0, 1197.0, 1198.0]