header: 
  seq: 2132
  stamp: 
    secs: 1548820810
    nsecs: 493355749
  frame_id: "base_link"
angle_min: -2.35619449615
angle_max: 2.35619449615
angle_increment: 0.00436332309619
time_increment: 1.73611151695e-05
scan_time: 0.0250000003725
range_min: 0.019999999553
range_max: 30.0
ranges: [0.5249999761581421, 0.5260000228881836, 0.5249999761581421, 0.5249999761581421, 0.5270000100135803, 0.5080000162124634, 0.5059999823570251, 0.5059999823570251, 0.4959999918937683, 0.4869999885559082, 0.4819999933242798, 0.47099998593330383, 0.460999995470047, 0.4580000042915344, 0.4519999921321869, 0.42899999022483826, 0.4020000100135803, 0.32100000977516174, 0.32100000977516174, 0.2879999876022339, 0.3790000081062317, 0.375, 0.41499999165534973, 0.4259999990463257, 0.4259999990463257, 0.4259999990463257, 0.421999990940094, 0.4169999957084656, 0.4169999957084656, 0.4129999876022339, 0.41100001335144043, 0.4090000092983246, 0.4169999957084656, 0.42100000381469727, 0.4090000092983246, 0.40799999237060547, 0.4059999883174896, 0.40299999713897705, 0.4020000100135803, 0.39899998903274536, 0.39899998903274536, 0.4009999930858612, 0.4000000059604645, 0.4009999930858612, 0.4050000011920929, 0.39800000190734863, 0.39399999380111694, 0.39399999380111694, 0.39399999380111694, 0.38999998569488525, 0.3889999985694885, 0.38499999046325684, 0.38600000739097595, 0.39100000262260437, 0.39100000262260437, 0.3889999985694885, 0.38199999928474426, 0.38999998569488525, 0.38600000739097595, 0.38600000739097595, 0.38499999046325684, 0.3799999952316284, 0.3790000081062317, 0.3779999911785126, 0.38499999046325684, 0.3889999985694885, 0.39100000262260437, 0.38999998569488525, 0.3869999945163727, 0.38499999046325684, 0.38199999928474426, 0.37400001287460327, 0.36800000071525574, 0.3799999952316284, 0.38199999928474426, 0.38199999928474426, 0.3869999945163727, 0.3880000114440918, 0.38600000739097595, 0.3840000033378601, 0.3840000033378601, 0.3840000033378601, 0.382999986410141, 0.3889999985694885, 0.382999986410141, 0.382999986410141, 0.3889999985694885, 0.3889999985694885, 0.38600000739097595, 0.3880000114440918, 0.38999998569488525, 0.39100000262260437, 0.3919999897480011, 0.3959999978542328, 0.3959999978542328, 0.4000000059604645, 0.4000000059604645, 0.382999986410141, 0.382999986410141, 0.382999986410141, 0.38999998569488525, 0.39100000262260437, 0.3919999897480011, 0.39100000262260437, 0.39500001072883606, 0.39500001072883606, 0.39800000190734863, 0.3970000147819519, 0.4000000059604645, 0.4020000100135803, 0.40400001406669617, 0.40400001406669617, 0.4059999883174896, 0.40700000524520874, 0.40700000524520874, 0.40400001406669617, 0.40400001406669617, 0.3970000147819519, 0.4020000100135803, 0.414000004529953, 0.41100001335144043, 0.4129999876022339, 0.4059999883174896, 0.4059999883174896, 0.41200000047683716, 0.41100001335144043, 0.4099999964237213, 0.41100001335144043, 0.41200000047683716, 0.4090000092983246, 0.40400001406669617, 0.40400001406669617, 0.4099999964237213, 0.4230000078678131, 0.421999990940094, 0.41600000858306885, 0.4180000126361847, 0.42100000381469727, 0.42100000381469727, 0.41999998688697815, 0.4169999957084656, 0.4269999861717224, 0.4269999861717224, 0.4269999861717224, 0.42800000309944153, 0.4320000112056732, 0.4269999861717224, 0.42500001192092896, 0.4339999854564667, 0.4300000071525574, 0.42800000309944153, 0.4339999854564667, 0.4339999854564667, 0.4350000023841858, 0.4480000138282776, 0.4449999928474426, 0.4399999976158142, 0.4399999976158142, 0.4440000057220459, 0.4359999895095825, 0.4440000057220459, 0.43799999356269836, 0.43799999356269836, 0.4449999928474426, 0.44699999690055847, 0.4440000057220459, 0.4440000057220459, 0.4449999928474426, 0.4440000057220459, 0.4449999928474426, 0.453000009059906, 0.46399998664855957, 0.4519999921321869, 0.4560000002384186, 0.4569999873638153, 0.46000000834465027, 0.45500001311302185, 0.4580000042915344, 0.4690000116825104, 0.4690000116825104, 0.4740000069141388, 0.47200000286102295, 0.4699999988079071, 0.47200000286102295, 0.4729999899864197, 0.47200000286102295, 0.48399999737739563, 0.4830000102519989, 0.48100000619888306, 0.4819999933242798, 0.48899999260902405, 0.4880000054836273, 0.4830000102519989, 0.48899999260902405, 0.4970000088214874, 0.5, 0.5, 0.49799999594688416, 0.5019999742507935, 0.503000020980835, 0.5070000290870667, 0.5109999775886536, 0.5149999856948853, 0.5180000066757202, 0.5210000276565552, 0.5210000276565552, 0.5239999890327454, 0.5270000100135803, 0.5249999761581421, 0.5289999842643738, 0.5339999794960022, 0.5440000295639038, 0.5450000166893005, 0.5460000038146973, 0.550000011920929, 0.5509999990463257, 0.5559999942779541, 0.5569999814033508, 0.5649999976158142, 0.5630000233650208, 0.5680000185966492, 0.5770000219345093, 0.5770000219345093, 0.5789999961853027, 0.5839999914169312, 0.5899999737739563, 0.5929999947547913, 0.593999981880188, 0.5979999899864197, 0.6019999980926514, 0.6069999933242798, 0.6079999804496765, 0.6150000095367432, 0.6159999966621399, 0.6169999837875366, 0.6209999918937683, 0.628000020980835, 0.6290000081062317, 0.6299999952316284, 0.6359999775886536, 0.6399999856948853, 0.6439999938011169, 0.6449999809265137, 0.6510000228881836, 0.6520000100135803, 0.6600000262260437, 0.6700000166893005, 0.6669999957084656, 0.6660000085830688, 0.671999990940094, 0.6869999766349792, 0.6869999766349792, 0.6869999766349792, 0.6899999976158142, 0.7049999833106995, 0.7070000171661377, 0.7179999947547913, 0.722000002861023, 0.7229999899864197, 0.7350000143051147, 0.7419999837875366, 0.7509999871253967, 0.7540000081062317, 0.7580000162124634, 0.7639999985694885, 0.7739999890327454, 0.7839999794960022, 0.7829999923706055, 0.7889999747276306, 0.796999990940094, 0.8130000233650208, 0.8180000185966492, 0.8199999928474426, 0.8289999961853027, 0.8360000252723694, 0.8379999995231628, 0.8529999852180481, 0.8560000061988831, 0.8600000143051147, 0.8730000257492065, 0.8840000033378601, 0.8930000066757202, 0.9110000133514404, 0.9150000214576721, 0.9259999990463257, 0.9300000071525574, 0.9290000200271606, 0.9520000219345093, 0.9559999704360962, 0.968999981880188, 0.9800000190734863, 0.9919999837875366, 1.0080000162124634, 1.0110000371932983, 1.027999997138977, 1.0479999780654907, 1.059999942779541, 1.065000057220459, 1.0729999542236328, 1.0809999704360962, 1.100000023841858, 1.1119999885559082, 1.13100004196167, 1.1449999809265137, 1.1640000343322754, 1.1859999895095825, 1.1950000524520874, 1.2139999866485596, 1.2289999723434448, 1.2450000047683716, 1.2669999599456787, 1.2799999713897705, 1.2999999523162842, 1.3140000104904175, 1.343000054359436, 1.3660000562667847, 1.3849999904632568, 1.4079999923706055, 1.4270000457763672, 1.4579999446868896, 1.4800000190734863, 1.4950000047683716, 1.5460000038146973, 1.5679999589920044, 1.6440000534057617, 1.6319999694824219, 1.75, 1.906000018119812, 2.734999895095825, 2.743000030517578, 2.74399995803833, 2.73799991607666, 2.746000051498413, 2.740000009536743, 2.742000102996826, 2.744999885559082, 2.746999979019165, 2.747999906539917, 2.736999988555908, 2.736999988555908, 2.744999885559082, 2.746000051498413, 2.740999937057495, 2.7360000610351562, 2.7279999256134033, 2.7309999465942383, 2.7290000915527344, 2.7269999980926514, 2.7260000705718994, 2.7200000286102295, 2.7200000286102295, 2.7190001010894775, 2.7170000076293945, 2.7130000591278076, 2.7049999237060547, 2.7100000381469727, 2.7109999656677246, 2.7090001106262207, 2.696000099182129, 2.693000078201294, 2.694000005722046, 2.694999933242798, 2.687000036239624, 2.684999942779541, 2.687999963760376, 2.683000087738037, 2.677000045776367, 2.674999952316284, 2.6679999828338623, 2.6610000133514404, 2.6589999198913574, 2.6579999923706055, 2.6559998989105225, 2.6530001163482666, 2.640000104904175, 2.6389999389648438, 2.63700008392334, 2.627000093460083, 2.621999979019165, 2.618000030517578, 2.609999895095825, 2.5959999561309814, 2.5889999866485596, 2.5910000801086426, 2.5940001010894775, 2.5859999656677246, 2.578000068664551, 2.566999912261963, 2.559000015258789, 2.5480000972747803, 2.5420000553131104, 2.5409998893737793, 2.5280001163482666, 2.5179998874664307, 2.5169999599456787, 2.509999990463257, 2.505000114440918, 2.503000020980835, 2.4800000190734863, 2.4739999771118164, 2.4700000286102295, 2.4570000171661377, 2.450000047683716, 2.446000099182129, 2.437000036239624, 2.427999973297119, 2.4200000762939453, 2.4110000133514404, 2.4000000953674316, 2.3910000324249268, 2.382999897003174, 2.367000102996826, 2.3510000705718994, 2.3380000591278076, 2.3259999752044678, 2.315000057220459, 2.3010001182556152, 2.2860000133514404, 2.2750000953674316, 2.2730000019073486, 2.260999917984009, 2.249000072479248, 2.2320001125335693, 2.2190001010894775, 2.2109999656677246, 2.190000057220459, 2.177999973297119, 2.1559998989105225, 2.1449999809265137, 2.128999948501587, 2.1110000610351562, 2.0940001010894775, 2.0799999237060547, 2.072999954223633, 2.0350000858306885, 2.0239999294281006, 1.9910000562667847, 1.975000023841858, 1.9500000476837158, 1.9249999523162842, 1.9019999504089355, 1.88100004196167, 1.8639999628067017, 1.8309999704360962, 1.805999994277954, 1.7769999504089355, 1.75600004196167, 1.7330000400543213, 1.7070000171661377, 1.6799999475479126, 1.6720000505447388, 1.6390000581741333, 1.6260000467300415, 1.6050000190734863, 1.565999984741211, 1.5540000200271606, 1.5390000343322754, 1.5199999809265137, 1.5140000581741333, 1.4900000095367432, 1.4809999465942383, 1.4600000381469727, 1.4470000267028809, 1.4279999732971191, 1.4140000343322754, 1.4010000228881836, 1.3849999904632568, 1.3660000562667847, 1.3559999465942383, 1.3380000591278076, 1.3250000476837158, 1.312999963760376, 1.2990000247955322, 1.2940000295639038, 1.2829999923706055, 1.2680000066757202, 1.25, 1.2430000305175781, 1.2300000190734863, 1.2230000495910645, 1.215999960899353, 1.2009999752044678, 1.1890000104904175, 1.1779999732971191, 1.156000018119812, 1.1490000486373901, 1.1380000114440918, 1.1360000371932983, 1.1380000114440918, 1.1169999837875366, 1.1109999418258667, 1.0959999561309814, 1.0759999752044678, 1.0720000267028809, 1.0700000524520874, 1.0570000410079956, 1.0529999732971191, 1.0390000343322754, 1.034999966621399, 1.024999976158142, 1.0240000486373901, 1.0160000324249268, 1.003000020980835, 0.9990000128746033, 0.9810000061988831, 0.9800000190734863, 0.9819999933242798, 0.9649999737739563, 0.9570000171661377, 0.9570000171661377, 0.949999988079071, 0.949999988079071, 0.949999988079071, 0.9459999799728394, 0.9369999766349792, 0.9300000071525574, 0.9300000071525574, 0.921999990940094, 0.9120000004768372, 0.9120000004768372, 0.9039999842643738, 0.9020000100135803, 0.8999999761581421, 0.8889999985694885, 0.8820000290870667, 0.8799999952316284, 0.875, 0.8690000176429749, 0.8659999966621399, 0.8610000014305115, 0.8569999933242798, 0.859000027179718, 0.8479999899864197, 0.843999981880188, 0.843999981880188, 0.8410000205039978, 0.8370000123977661, 0.8349999785423279, 0.8309999704360962, 0.8259999752044678, 0.8169999718666077, 0.8090000152587891, 0.8050000071525574, 0.8059999942779541, 0.8050000071525574, 0.7979999780654907, 0.8029999732971191, 0.8040000200271606, 0.7950000166893005, 0.7929999828338623, 0.7730000019073486, 0.7720000147819519, 0.7720000147819519, 0.7730000019073486, 0.7730000019073486, 0.7639999985694885, 0.7599999904632568, 0.7590000033378601, 0.7540000081062317, 0.7540000081062317, 0.7540000081062317, 0.7490000128746033, 0.7379999756813049, 0.7379999756813049, 0.7369999885559082, 0.7260000109672546, 0.722000002861023, 0.7200000286102295, 0.7179999947547913, 0.7149999737739563, 0.7110000252723694, 0.7149999737739563, 0.7149999737739563, 0.7049999833106995, 0.7049999833106995, 0.7049999833106995, 0.6990000009536743, 0.6940000057220459, 0.6919999718666077, 0.6940000057220459, 0.6940000057220459, 0.6880000233650208, 0.6819999814033508, 0.6809999942779541, 0.675000011920929, 0.6740000247955322, 0.671999990940094, 0.6690000295639038, 0.6710000038146973, 0.6679999828338623, 0.6669999957084656, 0.6650000214576721, 0.6620000004768372, 0.6610000133514404, 0.6629999876022339, 0.6639999747276306, 0.6620000004768372, 0.6600000262260437, 0.652999997138977, 0.6600000262260437, 0.6629999876022339, 0.6489999890327454, 0.6470000147819519, 0.652999997138977, 0.6499999761581421, 0.6439999938011169, 0.6420000195503235, 0.640999972820282, 0.6430000066757202, 0.6420000195503235, 0.6399999856948853, 0.6399999856948853, 0.6370000243186951, 0.6320000290870667, 0.6240000128746033, 0.6230000257492065, 0.6209999918937683, 0.621999979019165, 0.621999979019165, 0.621999979019165, 0.609000027179718, 0.609000027179718, 0.6129999756813049, 0.6079999804496765, 0.6110000014305115, 0.6079999804496765, 0.6069999933242798, 0.6060000061988831, 0.6060000061988831, 0.6060000061988831, 0.609000027179718, 0.6039999723434448, 0.6010000109672546, 0.6050000190734863, 0.6079999804496765, 0.6069999933242798, 0.6039999723434448, 0.597000002861023, 0.597000002861023, 0.5960000157356262, 0.593999981880188, 0.5920000076293945, 0.5920000076293945, 0.5899999737739563, 0.5899999737739563, 0.5879999995231628, 0.5899999737739563, 0.5879999995231628, 0.5839999914169312, 0.5839999914169312, 0.5899999737739563, 0.5899999737739563, 0.5849999785423279, 0.5789999961853027, 0.5830000042915344, 0.5830000042915344, 0.5839999914169312, 0.5830000042915344, 0.5799999833106995, 0.5809999704360962, 0.5849999785423279, 0.578000009059906, 0.5709999799728394, 0.574999988079071, 0.5720000267028809, 0.5690000057220459, 0.5669999718666077, 0.5649999976158142, 0.5669999718666077, 0.5680000185966492, 0.5680000185966492, 0.5680000185966492, 0.5770000219345093, 0.5630000233650208, 0.5590000152587891, 0.5630000233650208, 0.5609999895095825, 0.5630000233650208, 0.5640000104904175, 0.5619999766349792, 0.5640000104904175, 0.5669999718666077, 0.5669999718666077, 0.5590000152587891, 0.5590000152587891, 0.5559999942779541, 0.5590000152587891, 0.5669999718666077, 0.5699999928474426, 0.5559999942779541, 0.5540000200271606, 0.5540000200271606, 0.5619999766349792, 0.5619999766349792, 0.5540000200271606, 0.5540000200271606, 0.5490000247955322, 0.5509999990463257, 0.5509999990463257, 0.5450000166893005, 0.550000011920929, 0.550000011920929, 0.550000011920929, 0.550000011920929, 0.5529999732971191, 0.5509999990463257, 0.5490000247955322, 0.5540000200271606, 0.5580000281333923, 0.5550000071525574, 0.5479999780654907, 0.5479999780654907, 0.5529999732971191, 0.5529999732971191, 0.5479999780654907, 0.5479999780654907, 0.5479999780654907, 0.5419999957084656, 0.5429999828338623, 0.5440000295639038, 0.5410000085830688, 0.5389999747276306, 0.5410000085830688, 0.546999990940094, 0.5429999828338623, 0.5419999957084656, 0.5479999780654907, 0.546999990940094, 0.5450000166893005, 0.5400000214576721, 0.5379999876022339, 0.5379999876022339, 0.5429999828338623, 0.5429999828338623, 0.5429999828338623, 0.5400000214576721, 0.5379999876022339, 0.5379999876022339, 0.5400000214576721, 0.5400000214576721, 0.5400000214576721, 0.5410000085830688, 0.5410000085830688, 0.5440000295639038, 0.5450000166893005, 0.5460000038146973, 0.5479999780654907, 0.5370000004768372, 0.5370000004768372, 0.5419999957084656, 0.5379999876022339, 0.5419999957084656, 0.5389999747276306, 0.5400000214576721, 0.5389999747276306, 0.5379999876022339, 0.5419999957084656, 0.5460000038146973, 0.5410000085830688, 0.5370000004768372, 0.5360000133514404, 0.5440000295639038, 0.5440000295639038, 0.5440000295639038, 0.5429999828338623, 0.5339999794960022, 0.5400000214576721, 0.5400000214576721, 0.5389999747276306, 0.5410000085830688, 0.5429999828338623, 0.5379999876022339, 0.5379999876022339, 0.5419999957084656, 0.5419999957084656, 0.5419999957084656, 0.5410000085830688, 0.5410000085830688, 0.5379999876022339, 0.5360000133514404, 0.5350000262260437, 0.5360000133514404, 0.5410000085830688, 0.5460000038146973, 0.5460000038146973, 0.546999990940094, 0.5509999990463257, 0.5479999780654907, 0.546999990940094, 0.5450000166893005, 0.5440000295639038, 0.5410000085830688, 0.5410000085830688, 0.5410000085830688, 0.5440000295639038, 0.5389999747276306, 0.5370000004768372, 0.5429999828338623, 0.5440000295639038, 0.5440000295639038, 0.5440000295639038, 0.5429999828338623, 0.5479999780654907, 0.5490000247955322, 0.5479999780654907, 0.5460000038146973, 0.5490000247955322, 0.550000011920929, 0.5479999780654907, 0.5429999828338623, 0.5479999780654907, 0.5529999732971191, 0.5559999942779541, 0.5460000038146973, 0.5479999780654907, 0.550000011920929, 0.5519999861717224, 0.5490000247955322, 0.5460000038146973, 0.5460000038146973, 0.5460000038146973, 0.5460000038146973, 0.5460000038146973, 0.5450000166893005, 0.5450000166893005, 0.5460000038146973, 0.5529999732971191, 0.5509999990463257, 0.5450000166893005, 0.5529999732971191, 0.5529999732971191, 0.5529999732971191, 0.5479999780654907, 0.5479999780654907, 0.5529999732971191, 0.550000011920929, 0.550000011920929, 0.5540000200271606, 0.5550000071525574, 0.5550000071525574, 0.5619999766349792, 0.5609999895095825, 0.5550000071525574, 0.5550000071525574, 0.5529999732971191, 0.5590000152587891, 0.5590000152587891, 0.5590000152587891, 0.5529999732971191, 0.5540000200271606, 0.5550000071525574, 0.5550000071525574, 0.5519999861717224, 0.5580000281333923, 0.5600000023841858, 0.5619999766349792, 0.5600000023841858, 0.5590000152587891, 0.5590000152587891, 0.5600000023841858, 0.5600000023841858, 0.5590000152587891, 0.5580000281333923, 0.5540000200271606, 0.5659999847412109, 0.5659999847412109, 0.5680000185966492, 0.5680000185966492, 0.5680000185966492, 0.5680000185966492, 0.5699999928474426, 0.5699999928474426, 0.5709999799728394, 0.5690000057220459, 0.5690000057220459, 0.5659999847412109, 0.5720000267028809, 0.5709999799728394, 0.5709999799728394, 0.5669999718666077, 0.5669999718666077, 0.5740000009536743, 0.578000009059906, 0.574999988079071, 0.5730000138282776, 0.5740000009536743, 0.5820000171661377, 0.5770000219345093, 0.5759999752044678, 0.5740000009536743, 0.5770000219345093, 0.5809999704360962, 0.5889999866485596, 0.5809999704360962, 0.5820000171661377, 0.5820000171661377, 0.5789999961853027, 0.5770000219345093, 0.5799999833106995, 0.5809999704360962, 0.5759999752044678, 0.578000009059906, 0.5849999785423279, 0.5849999785423279, 0.5770000219345093, 0.5889999866485596, 0.5879999995231628, 0.5839999914169312, 0.5830000042915344, 0.5899999737739563, 0.5899999737739563, 0.5889999866485596, 0.5889999866485596, 0.5920000076293945, 0.5920000076293945, 0.5979999899864197, 0.5950000286102295, 0.5950000286102295, 0.5879999995231628, 0.5899999737739563, 0.5920000076293945, 0.597000002861023, 0.593999981880188, 0.5910000205039978, 0.5920000076293945, 0.5979999899864197, 0.5960000157356262, 0.593999981880188, 0.5989999771118164, 0.6010000109672546, 0.6000000238418579, 0.5960000157356262, 0.5950000286102295, 0.6000000238418579, 0.6000000238418579, 0.6029999852180481, 0.597000002861023, 0.6000000238418579, 0.6019999980926514, 0.6039999723434448, 0.6060000061988831, 0.6010000109672546, 0.6000000238418579, 0.6019999980926514, 0.6060000061988831, 0.6140000224113464, 0.6150000095367432, 0.6060000061988831, 0.6060000061988831, 0.6079999804496765, 0.6060000061988831, 0.6110000014305115, 0.6110000014305115, 0.6110000014305115, 0.6129999756813049, 0.609000027179718, 0.6159999966621399, 0.609000027179718, 0.6069999933242798, 0.6050000190734863, 0.6169999837875366, 0.6209999918937683, 0.621999979019165, 0.6330000162124634, 0.6349999904632568, 0.6290000081062317, 0.6290000081062317, 0.6309999823570251, 0.6330000162124634, 0.6290000081062317, 0.6290000081062317, 0.6309999823570251, 0.6299999952316284, 0.628000020980835, 0.6359999775886536, 0.6349999904632568, 0.6430000066757202, 0.640999972820282, 0.640999972820282, 0.6399999856948853, 0.6399999856948853, 0.6420000195503235, 0.6430000066757202, 0.6439999938011169, 0.6449999809265137, 0.6470000147819519, 0.6430000066757202, 0.640999972820282, 0.6420000195503235, 0.6489999890327454, 0.6539999842643738, 0.6520000100135803, 0.652999997138977, 0.652999997138977, 0.6570000052452087, 0.6539999842643738, 0.6570000052452087, 0.656000018119812, 0.6549999713897705, 0.6579999923706055, 0.6600000262260437, 0.6639999747276306, 0.6579999923706055, 0.6679999828338623, 0.6650000214576721, 0.6650000214576721, 0.6650000214576721, 0.6620000004768372, 0.6669999957084656, 0.6700000166893005, 0.6729999780654907, 0.675000011920929, 0.6679999828338623, 0.6629999876022339, 0.6629999876022339, 0.6639999747276306, 0.6650000214576721, 0.6690000295639038, 0.6700000166893005, 0.6690000295639038, 0.6710000038146973, 0.6710000038146973, 0.6740000247955322, 0.6679999828338623, 0.6669999957084656, 0.6710000038146973, 0.6710000038146973, 0.6700000166893005, 0.6710000038146973, 0.675000011920929, 0.6710000038146973, 0.6639999747276306, 0.6660000085830688, 0.6679999828338623, 0.6729999780654907, 0.6769999861717224, 0.6769999861717224, 0.6759999990463257, 0.6769999861717224, 0.6769999861717224, 0.6779999732971191, 0.6790000200271606, 0.6769999861717224, 0.6769999861717224, 0.675000011920929, 0.675000011920929, 0.6800000071525574, 0.6769999861717224, 0.6830000281333923, 0.6800000071525574, 0.6850000023841858, 0.6740000247955322, 0.6769999861717224, 0.6830000281333923, 0.6800000071525574, 0.6759999990463257, 0.671999990940094, 0.6700000166893005, 0.6769999861717224, 0.6809999942779541, 0.6790000200271606, 0.6850000023841858, 0.6850000023841858, 0.6890000104904175, 0.6919999718666077, 0.6970000267028809, 0.7020000219345093, 0.7039999961853027, 0.7059999704360962, 0.7039999961853027, 0.699999988079071, 0.7009999752044678, 0.7089999914169312, 0.7139999866485596, 0.7120000123977661, 0.7120000123977661, 0.7129999995231628, 0.7129999995231628, 0.7129999995231628, 0.7149999737739563, 0.7179999947547913]
intensities: [965.0, 974.0, 1025.0, 1070.0, 1093.0, 1122.0, 1114.0, 1122.0, 1128.0, 1148.0, 1146.0, 1162.0, 1117.0, 1133.0, 1129.0, 1093.0, 1017.0, 886.0, 886.0, 790.0, 919.0, 901.0, 970.0, 972.0, 964.0, 964.0, 961.0, 979.0, 1048.0, 1106.0, 1184.0, 1239.0, 1323.0, 1425.0, 1433.0, 1439.0, 1511.0, 1533.0, 1548.0, 1550.0, 1548.0, 1574.0, 1561.0, 1607.0, 1609.0, 1601.0, 1620.0, 1620.0, 1620.0, 1643.0, 1622.0, 1631.0, 1652.0, 1662.0, 1662.0, 1656.0, 1653.0, 1640.0, 1657.0, 1652.0, 1679.0, 1664.0, 1658.0, 1658.0, 1666.0, 1674.0, 1674.0, 1665.0, 1674.0, 1672.0, 1700.0, 1686.0, 1667.0, 1660.0, 1678.0, 1647.0, 1640.0, 1630.0, 1650.0, 1657.0, 1652.0, 1645.0, 1634.0, 1627.0, 1631.0, 1632.0, 1637.0, 1619.0, 1568.0, 1597.0, 1593.0, 1598.0, 1606.0, 1590.0, 1572.0, 1526.0, 1526.0, 1547.0, 1540.0, 1547.0, 1532.0, 1524.0, 1527.0, 1524.0, 1499.0, 1466.0, 1451.0, 1451.0, 1476.0, 1472.0, 1457.0, 1476.0, 1475.0, 1460.0, 1460.0, 1437.0, 1455.0, 1430.0, 1428.0, 1405.0, 1398.0, 1407.0, 1406.0, 1379.0, 1381.0, 1384.0, 1397.0, 1397.0, 1377.0, 1370.0, 1372.0, 1362.0, 1361.0, 1312.0, 1333.0, 1330.0, 1333.0, 1310.0, 1310.0, 1319.0, 1316.0, 1287.0, 1287.0, 1287.0, 1273.0, 1273.0, 1263.0, 1253.0, 1250.0, 1246.0, 1242.0, 1239.0, 1239.0, 1235.0, 1232.0, 1223.0, 1192.0, 1192.0, 1209.0, 1212.0, 1201.0, 1177.0, 1169.0, 1180.0, 1178.0, 1162.0, 1154.0, 1151.0, 1151.0, 1156.0, 1164.0, 1137.0, 1133.0, 1129.0, 1137.0, 1134.0, 1123.0, 1131.0, 1127.0, 1127.0, 1151.0, 1137.0, 1124.0, 1148.0, 1133.0, 1129.0, 1141.0, 1139.0, 1141.0, 1123.0, 1129.0, 1126.0, 1116.0, 1118.0, 1119.0, 1100.0, 1100.0, 1117.0, 1116.0, 1114.0, 1094.0, 1110.0, 1097.0, 1105.0, 1110.0, 1110.0, 1115.0, 1104.0, 1081.0, 1100.0, 1111.0, 1099.0, 1098.0, 1103.0, 1100.0, 1105.0, 1117.0, 1133.0, 1110.0, 1098.0, 1098.0, 1112.0, 1099.0, 1107.0, 1119.0, 1124.0, 1115.0, 1121.0, 1112.0, 1116.0, 1103.0, 1105.0, 1124.0, 1120.0, 1107.0, 1102.0, 1100.0, 1098.0, 1099.0, 1083.0, 1067.0, 1085.0, 1079.0, 1088.0, 1081.0, 1067.0, 1081.0, 1072.0, 1064.0, 1071.0, 1072.0, 1079.0, 1065.0, 1039.0, 1056.0, 1052.0, 1051.0, 1049.0, 1045.0, 1041.0, 1026.0, 1029.0, 1024.0, 1024.0, 1032.0, 1026.0, 1037.0, 1034.0, 1022.0, 1005.0, 1020.0, 1012.0, 1015.0, 1009.0, 1016.0, 1007.0, 1025.0, 1010.0, 1010.0, 1014.0, 1009.0, 1008.0, 1003.0, 997.0, 1003.0, 994.0, 992.0, 996.0, 990.0, 989.0, 980.0, 970.0, 970.0, 963.0, 961.0, 954.0, 948.0, 947.0, 944.0, 946.0, 942.0, 927.0, 937.0, 934.0, 912.0, 930.0, 907.0, 917.0, 905.0, 906.0, 914.0, 908.0, 907.0, 899.0, 906.0, 915.0, 910.0, 888.0, 890.0, 874.0, 877.0, 881.0, 892.0, 881.0, 990.0, 919.0, 1374.0, 1357.0, 952.0, 961.0, 957.0, 951.0, 976.0, 962.0, 966.0, 970.0, 970.0, 972.0, 989.0, 970.0, 971.0, 966.0, 967.0, 966.0, 958.0, 974.0, 970.0, 967.0, 972.0, 972.0, 972.0, 960.0, 972.0, 979.0, 968.0, 968.0, 967.0, 981.0, 963.0, 969.0, 973.0, 977.0, 974.0, 966.0, 975.0, 969.0, 963.0, 959.0, 960.0, 977.0, 972.0, 983.0, 984.0, 974.0, 971.0, 975.0, 974.0, 974.0, 968.0, 968.0, 972.0, 981.0, 970.0, 964.0, 970.0, 972.0, 980.0, 968.0, 977.0, 973.0, 973.0, 973.0, 971.0, 969.0, 973.0, 969.0, 975.0, 977.0, 970.0, 985.0, 977.0, 975.0, 971.0, 964.0, 958.0, 953.0, 948.0, 962.0, 950.0, 952.0, 944.0, 945.0, 942.0, 939.0, 931.0, 928.0, 943.0, 936.0, 946.0, 950.0, 947.0, 952.0, 957.0, 958.0, 959.0, 957.0, 962.0, 949.0, 953.0, 961.0, 977.0, 958.0, 958.0, 952.0, 958.0, 959.0, 962.0, 964.0, 952.0, 971.0, 993.0, 1012.0, 1002.0, 975.0, 971.0, 982.0, 994.0, 994.0, 1003.0, 998.0, 1009.0, 1011.0, 1027.0, 1034.0, 1024.0, 1051.0, 1054.0, 1043.0, 1047.0, 1051.0, 1070.0, 1056.0, 1073.0, 1056.0, 1061.0, 1074.0, 1072.0, 1082.0, 1089.0, 1097.0, 1103.0, 1112.0, 1111.0, 1119.0, 1114.0, 1115.0, 1131.0, 1131.0, 1099.0, 1118.0, 1096.0, 1106.0, 1100.0, 1108.0, 1084.0, 1112.0, 1129.0, 1120.0, 1131.0, 1130.0, 1121.0, 1123.0, 1119.0, 1114.0, 1138.0, 1132.0, 1146.0, 1129.0, 1128.0, 1138.0, 1146.0, 1139.0, 1150.0, 1157.0, 1158.0, 1164.0, 1188.0, 1195.0, 1223.0, 1263.0, 1248.0, 1274.0, 1278.0, 1276.0, 1288.0, 1291.0, 1291.0, 1297.0, 1289.0, 1289.0, 1312.0, 1295.0, 1308.0, 1305.0, 1316.0, 1331.0, 1326.0, 1321.0, 1336.0, 1334.0, 1383.0, 1367.0, 1350.0, 1350.0, 1363.0, 1375.0, 1373.0, 1371.0, 1367.0, 1386.0, 1395.0, 1393.0, 1365.0, 1390.0, 1398.0, 1402.0, 1405.0, 1415.0, 1421.0, 1428.0, 1437.0, 1442.0, 1453.0, 1467.0, 1461.0, 1453.0, 1466.0, 1475.0, 1503.0, 1503.0, 1503.0, 1509.0, 1489.0, 1499.0, 1493.0, 1533.0, 1522.0, 1524.0, 1523.0, 1534.0, 1536.0, 1548.0, 1554.0, 1570.0, 1569.0, 1562.0, 1559.0, 1586.0, 1591.0, 1586.0, 1586.0, 1582.0, 1583.0, 1609.0, 1603.0, 1604.0, 1596.0, 1575.0, 1585.0, 1596.0, 1621.0, 1625.0, 1615.0, 1623.0, 1619.0, 1607.0, 1598.0, 1625.0, 1627.0, 1626.0, 1630.0, 1650.0, 1646.0, 1657.0, 1662.0, 1665.0, 1648.0, 1648.0, 1648.0, 1665.0, 1671.0, 1671.0, 1675.0, 1662.0, 1679.0, 1676.0, 1677.0, 1679.0, 1676.0, 1678.0, 1682.0, 1682.0, 1682.0, 1687.0, 1692.0, 1689.0, 1692.0, 1692.0, 1693.0, 1692.0, 1701.0, 1698.0, 1713.0, 1712.0, 1734.0, 1707.0, 1703.0, 1730.0, 1733.0, 1745.0, 1740.0, 1747.0, 1748.0, 1753.0, 1746.0, 1742.0, 1745.0, 1753.0, 1760.0, 1760.0, 1784.0, 1784.0, 1777.0, 1760.0, 1786.0, 1774.0, 1764.0, 1765.0, 1780.0, 1775.0, 1784.0, 1777.0, 1770.0, 1775.0, 1784.0, 1788.0, 1797.0, 1789.0, 1797.0, 1783.0, 1774.0, 1783.0, 1825.0, 1837.0, 1814.0, 1819.0, 1824.0, 1837.0, 1822.0, 1826.0, 1831.0, 1853.0, 1853.0, 1827.0, 1828.0, 1831.0, 1814.0, 1815.0, 1841.0, 1842.0, 1817.0, 1811.0, 1853.0, 1853.0, 1826.0, 1830.0, 1837.0, 1828.0, 1828.0, 1791.0, 1841.0, 1841.0, 1841.0, 1841.0, 1836.0, 1848.0, 1847.0, 1849.0, 1857.0, 1825.0, 1792.0, 1758.0, 1836.0, 1836.0, 1846.0, 1842.0, 1846.0, 1856.0, 1864.0, 1872.0, 1864.0, 1856.0, 1851.0, 1858.0, 1871.0, 1881.0, 1872.0, 1866.0, 1861.0, 1872.0, 1865.0, 1865.0, 1867.0, 1867.0, 1864.0, 1853.0, 1848.0, 1848.0, 1854.0, 1854.0, 1854.0, 1832.0, 1832.0, 1826.0, 1811.0, 1834.0, 1849.0, 1842.0, 1844.0, 1813.0, 1802.0, 1817.0, 1844.0, 1835.0, 1844.0, 1866.0, 1820.0, 1847.0, 1839.0, 1841.0, 1843.0, 1849.0, 1825.0, 1825.0, 1828.0, 1801.0, 1799.0, 1799.0, 1824.0, 1827.0, 1831.0, 1825.0, 1825.0, 1796.0, 1796.0, 1803.0, 1784.0, 1798.0, 1793.0, 1801.0, 1785.0, 1764.0, 1759.0, 1766.0, 1748.0, 1764.0, 1773.0, 1762.0, 1793.0, 1765.0, 1760.0, 1768.0, 1764.0, 1764.0, 1735.0, 1734.0, 1725.0, 1718.0, 1728.0, 1742.0, 1729.0, 1713.0, 1712.0, 1716.0, 1710.0, 1710.0, 1707.0, 1704.0, 1713.0, 1712.0, 1706.0, 1704.0, 1711.0, 1708.0, 1707.0, 1690.0, 1673.0, 1667.0, 1702.0, 1690.0, 1692.0, 1684.0, 1684.0, 1654.0, 1643.0, 1636.0, 1650.0, 1601.0, 1590.0, 1624.0, 1622.0, 1624.0, 1607.0, 1607.0, 1623.0, 1613.0, 1613.0, 1588.0, 1590.0, 1575.0, 1588.0, 1586.0, 1563.0, 1563.0, 1544.0, 1523.0, 1518.0, 1520.0, 1515.0, 1495.0, 1536.0, 1536.0, 1510.0, 1492.0, 1510.0, 1524.0, 1519.0, 1499.0, 1499.0, 1476.0, 1476.0, 1468.0, 1493.0, 1471.0, 1458.0, 1458.0, 1465.0, 1462.0, 1462.0, 1462.0, 1442.0, 1442.0, 1441.0, 1445.0, 1437.0, 1423.0, 1416.0, 1433.0, 1433.0, 1423.0, 1423.0, 1419.0, 1418.0, 1411.0, 1416.0, 1411.0, 1396.0, 1384.0, 1390.0, 1393.0, 1396.0, 1376.0, 1394.0, 1361.0, 1355.0, 1351.0, 1357.0, 1355.0, 1353.0, 1341.0, 1336.0, 1340.0, 1341.0, 1341.0, 1324.0, 1334.0, 1333.0, 1330.0, 1323.0, 1321.0, 1319.0, 1312.0, 1312.0, 1339.0, 1318.0, 1317.0, 1311.0, 1311.0, 1294.0, 1281.0, 1295.0, 1304.0, 1298.0, 1292.0, 1285.0, 1290.0, 1280.0, 1270.0, 1286.0, 1276.0, 1271.0, 1266.0, 1260.0, 1263.0, 1263.0, 1292.0, 1264.0, 1255.0, 1251.0, 1247.0, 1247.0, 1255.0, 1257.0, 1258.0, 1254.0, 1264.0, 1268.0, 1255.0, 1255.0, 1266.0, 1253.0, 1238.0, 1238.0, 1242.0, 1239.0, 1240.0, 1234.0, 1238.0, 1235.0, 1233.0, 1267.0, 1267.0, 1255.0, 1249.0, 1258.0, 1255.0, 1255.0, 1247.0, 1251.0, 1260.0, 1260.0, 1271.0, 1266.0, 1267.0, 1310.0, 1297.0, 1281.0, 1280.0, 1298.0, 1287.0, 1284.0, 1295.0, 1292.0, 1298.0, 1293.0, 1277.0, 1289.0, 1310.0, 1315.0, 1305.0, 1307.0, 1307.0, 1296.0, 1294.0, 1292.0, 1317.0, 1319.0, 1311.0, 1305.0, 1319.0, 1319.0, 1319.0, 1301.0, 1310.0, 1321.0, 1321.0, 1326.0, 1327.0, 1332.0, 1334.0, 1337.0, 1338.0, 1342.0, 1340.0, 1340.0, 1367.0, 1364.0, 1346.0, 1354.0, 1365.0, 1375.0, 1375.0, 1372.0, 1388.0, 1384.0, 1373.0, 1389.0, 1393.0, 1389.0, 1390.0, 1392.0, 1392.0, 1389.0, 1399.0, 1397.0, 1395.0, 1396.0, 1396.0, 1404.0, 1404.0, 1406.0, 1402.0, 1405.0, 1395.0, 1407.0, 1407.0, 1416.0, 1415.0, 1405.0, 1395.0, 1415.0, 1421.0, 1434.0, 1421.0, 1428.0, 1444.0, 1453.0, 1452.0, 1447.0, 1465.0, 1440.0, 1450.0, 1450.0, 1448.0, 1444.0, 1448.0, 1456.0, 1456.0, 1462.0, 1466.0, 1443.0, 1458.0, 1456.0, 1470.0, 1472.0, 1468.0, 1456.0, 1457.0, 1459.0, 1474.0, 1489.0]