header: 
  seq: 2745
  stamp: 
    secs: 1548820825
    nsecs: 847806986
  frame_id: "base_link"
angle_min: -2.35619449615
angle_max: 2.35619449615
angle_increment: 0.00436332309619
time_increment: 1.73611151695e-05
scan_time: 0.0250000003725
range_min: 0.019999999553
range_max: 30.0
ranges: [0.4059999883174896, 0.4050000011920929, 0.4169999957084656, 0.4129999876022339, 0.4090000092983246, 0.4099999964237213, 0.4180000126361847, 0.41499999165534973, 0.4129999876022339, 0.41100001335144043, 0.41100001335144043, 0.40700000524520874, 0.40400001406669617, 0.4020000100135803, 0.382999986410141, 0.37299999594688416, 0.35199999809265137, 0.34599998593330383, 0.31200000643730164, 0.2939999997615814, 0.35600000619888306, 0.36899998784065247, 0.3869999945163727, 0.39899998903274536, 0.39500001072883606, 0.3930000066757202, 0.40299999713897705, 0.40299999713897705, 0.3779999911785126, 0.38499999046325684, 0.39800000190734863, 0.39399999380111694, 0.3959999978542328, 0.3970000147819519, 0.3970000147819519, 0.38999998569488525, 0.3889999985694885, 0.39100000262260437, 0.39100000262260437, 0.39100000262260437, 0.382999986410141, 0.38499999046325684, 0.3869999945163727, 0.3880000114440918, 0.3880000114440918, 0.3880000114440918, 0.3880000114440918, 0.38499999046325684, 0.38600000739097595, 0.382999986410141, 0.382999986410141, 0.38499999046325684, 0.3840000033378601, 0.382999986410141, 0.3840000033378601, 0.3840000033378601, 0.3779999911785126, 0.3779999911785126, 0.37400001287460327, 0.37599998712539673, 0.37700000405311584, 0.3779999911785126, 0.3779999911785126, 0.3799999952316284, 0.3799999952316284, 0.37700000405311584, 0.37700000405311584, 0.37700000405311584, 0.375, 0.3709999918937683, 0.3709999918937683, 0.3700000047683716, 0.36899998784065247, 0.367000013589859, 0.367000013589859, 0.3700000047683716, 0.37700000405311584, 0.37400001287460327, 0.375, 0.36899998784065247, 0.36500000953674316, 0.36500000953674316, 0.3700000047683716, 0.3659999966621399, 0.375, 0.37400001287460327, 0.3619999885559082, 0.35899999737739563, 0.36800000071525574, 0.3700000047683716, 0.3720000088214874, 0.3619999885559082, 0.3630000054836273, 0.36399999260902405, 0.36399999260902405, 0.3659999966621399, 0.36800000071525574, 0.36800000071525574, 0.3630000054836273, 0.36000001430511475, 0.3610000014305115, 0.36800000071525574, 0.3659999966621399, 0.3659999966621399, 0.3659999966621399, 0.36800000071525574, 0.36500000953674316, 0.3630000054836273, 0.3630000054836273, 0.36500000953674316, 0.3619999885559082, 0.3610000014305115, 0.3610000014305115, 0.3610000014305115, 0.3580000102519989, 0.36000001430511475, 0.36000001430511475, 0.3619999885559082, 0.3610000014305115, 0.36000001430511475, 0.3580000102519989, 0.35899999737739563, 0.35899999737739563, 0.3630000054836273, 0.36000001430511475, 0.3569999933242798, 0.35499998927116394, 0.3540000021457672, 0.3580000102519989, 0.35600000619888306, 0.3540000021457672, 0.35199999809265137, 0.3529999852180481, 0.3529999852180481, 0.3529999852180481, 0.3529999852180481, 0.3569999933242798, 0.3580000102519989, 0.3580000102519989, 0.3569999933242798, 0.3540000021457672, 0.3540000021457672, 0.3569999933242798, 0.3449999988079071, 0.3449999988079071, 0.3529999852180481, 0.3580000102519989, 0.35600000619888306, 0.35499998927116394, 0.3540000021457672, 0.3569999933242798, 0.35100001096725464, 0.3499999940395355, 0.3499999940395355, 0.35600000619888306, 0.35499998927116394, 0.3580000102519989, 0.35499998927116394, 0.3499999940395355, 0.35499998927116394, 0.3529999852180481, 0.35100001096725464, 0.3440000116825104, 0.3440000116825104, 0.3479999899864197, 0.3569999933242798, 0.35600000619888306, 0.35199999809265137, 0.3569999933242798, 0.3540000021457672, 0.3499999940395355, 0.35199999809265137, 0.3499999940395355, 0.3499999940395355, 0.34599998593330383, 0.35100001096725464, 0.35199999809265137, 0.3499999940395355, 0.3499999940395355, 0.35100001096725464, 0.3540000021457672, 0.35600000619888306, 0.3499999940395355, 0.3490000069141388, 0.3499999940395355, 0.3490000069141388, 0.3490000069141388, 0.3479999899864197, 0.34599998593330383, 0.34700000286102295, 0.3490000069141388, 0.3529999852180481, 0.3490000069141388, 0.3440000116825104, 0.3449999988079071, 0.3449999988079071, 0.3479999899864197, 0.3490000069141388, 0.3490000069141388, 0.3490000069141388, 0.3490000069141388, 0.3499999940395355, 0.34599998593330383, 0.3449999988079071, 0.35199999809265137, 0.35100001096725464, 0.35100001096725464, 0.34700000286102295, 0.35199999809265137, 0.34200000762939453, 0.3409999907016754, 0.3409999907016754, 0.3400000035762787, 0.3400000035762787, 0.3400000035762787, 0.34200000762939453, 0.3449999988079071, 0.35100001096725464, 0.3479999899864197, 0.34200000762939453, 0.3409999907016754, 0.34599998593330383, 0.3499999940395355, 0.34700000286102295, 0.3479999899864197, 0.3479999899864197, 0.35499998927116394, 0.35100001096725464, 0.35100001096725464, 0.3529999852180481, 0.3569999933242798, 0.3569999933242798, 0.3569999933242798, 0.3569999933242798, 0.35600000619888306, 0.3479999899864197, 0.3479999899864197, 0.3580000102519989, 0.3610000014305115, 0.36000001430511475, 0.3580000102519989, 0.3569999933242798, 0.3569999933242798, 0.35100001096725464, 0.35600000619888306, 0.36399999260902405, 0.36399999260902405, 0.3659999966621399, 0.367000013589859, 0.367000013589859, 0.367000013589859, 0.36399999260902405, 0.37299999594688416, 0.36500000953674316, 0.3709999918937683, 0.36899998784065247, 0.3720000088214874, 0.37700000405311584, 0.38100001215934753, 0.38100001215934753, 0.3790000081062317, 0.37299999594688416, 0.38100001215934753, 0.3799999952316284, 0.38100001215934753, 0.38199999928474426, 0.38199999928474426, 0.3799999952316284, 0.38199999928474426, 0.38600000739097595, 0.382999986410141, 0.38499999046325684, 0.3889999985694885, 0.3889999985694885, 0.3880000114440918, 0.3790000081062317, 0.38600000739097595, 0.382999986410141, 0.3869999945163727, 0.3919999897480011, 0.3930000066757202, 0.39399999380111694, 0.39800000190734863, 0.4000000059604645, 0.4009999930858612, 0.3970000147819519, 0.40299999713897705, 0.40299999713897705, 0.40299999713897705, 0.40400001406669617, 0.4009999930858612, 0.4129999876022339, 0.4129999876022339, 0.41200000047683716, 0.4129999876022339, 0.41600000858306885, 0.4180000126361847, 0.4180000126361847, 0.421999990940094, 0.42100000381469727, 0.42100000381469727, 0.42100000381469727, 0.42500001192092896, 0.42399999499320984, 0.4259999990463257, 0.4259999990463257, 0.4269999861717224, 0.4350000023841858, 0.4359999895095825, 0.43700000643730164, 0.4339999854564667, 0.4339999854564667, 0.4429999887943268, 0.4440000057220459, 0.4429999887943268, 0.4480000138282776, 0.45100000500679016, 0.45100000500679016, 0.453000009059906, 0.453000009059906, 0.45399999618530273, 0.46299999952316284, 0.4659999907016754, 0.4659999907016754, 0.4690000116825104, 0.4690000116825104, 0.4699999988079071, 0.46799999475479126, 0.46700000762939453, 0.4699999988079071, 0.4740000069141388, 0.4740000069141388, 0.47699999809265137, 0.47699999809265137, 0.4869999885559082, 0.48399999737739563, 0.48899999260902405, 0.4869999885559082, 0.49300000071525574, 0.49900001287460327, 0.5040000081062317, 0.49900001287460327, 0.4970000088214874, 0.5040000081062317, 0.5109999775886536, 0.5099999904632568, 0.515999972820282, 0.515999972820282, 0.5199999809265137, 0.5189999938011169, 0.5189999938011169, 0.5210000276565552, 0.5249999761581421, 0.5339999794960022, 0.5360000133514404, 0.5299999713897705, 0.5360000133514404, 0.5339999794960022, 0.5440000295639038, 0.5460000038146973, 0.5519999861717224, 0.5519999861717224, 0.5509999990463257, 0.5519999861717224, 0.5649999976158142, 0.5659999847412109, 0.5680000185966492, 0.5699999928474426, 0.578000009059906, 0.5839999914169312, 0.5920000076293945, 0.5920000076293945, 0.593999981880188, 0.593999981880188, 0.5929999947547913, 0.6079999804496765, 0.6100000143051147, 0.6119999885559082, 0.6119999885559082, 0.6159999966621399, 0.6209999918937683, 0.625, 0.6320000290870667, 0.6349999904632568, 0.6389999985694885, 0.6460000276565552, 0.6470000147819519, 0.6539999842643738, 0.6610000133514404, 0.6629999876022339, 0.6660000085830688, 0.6690000295639038, 0.6729999780654907, 0.6759999990463257, 0.6840000152587891, 0.6890000104904175, 0.6930000185966492, 0.7020000219345093, 0.7049999833106995, 0.7059999704360962, 0.7120000123977661, 0.7170000076293945, 0.7170000076293945, 0.7210000157356262, 0.7310000061988831, 0.7400000095367432, 0.7480000257492065, 0.7549999952316284, 0.7599999904632568, 0.7670000195503235, 0.7739999890327454, 0.7839999794960022, 0.796999990940094, 0.8029999732971191, 0.8019999861717224, 0.8159999847412109, 0.8190000057220459, 0.8230000138282776, 0.8360000252723694, 0.8479999899864197, 0.8579999804496765, 0.8669999837875366, 0.875, 0.8880000114440918, 0.8980000019073486, 0.9089999794960022, 0.9210000038146973, 0.9309999942779541, 0.9419999718666077, 0.9480000138282776, 0.9599999785423279, 0.9700000286102295, 0.9919999837875366, 1.0099999904632568, 1.0190000534057617, 1.0360000133514404, 1.0429999828338623, 1.0499999523162842, 1.0720000267028809, 1.121999979019165, 1.1749999523162842, 1.2979999780654907, 2.131999969482422, 2.1530001163482666, 2.1549999713897705, 2.1570000648498535, 2.1579999923706055, 2.1589999198913574, 2.1649999618530273, 2.1619999408721924, 2.1670000553131104, 2.1670000553131104, 2.1689999103546143, 2.1649999618530273, 2.1670000553131104, 2.1689999103546143, 2.1710000038146973, 2.1649999618530273, 2.1670000553131104, 2.1640000343322754, 2.1600000858306885, 2.1570000648498535, 2.1570000648498535, 2.1600000858306885, 2.1649999618530273, 2.1649999618530273, 2.1610000133514404, 2.1559998989105225, 2.1519999504089355, 2.1559998989105225, 2.1530001163482666, 2.1530001163482666, 2.1549999713897705, 2.1559998989105225, 2.1500000953674316, 2.1459999084472656, 2.1459999084472656, 2.1459999084472656, 2.140000104904175, 2.134999990463257, 2.134999990463257, 2.134000062942505, 2.128000020980835, 2.128999948501587, 2.127000093460083, 2.125999927520752, 2.121000051498413, 2.122999906539917, 2.124000072479248, 2.121999979019165, 2.119999885559082, 2.115999937057495, 2.117000102996826, 2.115000009536743, 2.1089999675750732, 2.109999895095825, 2.1080000400543213, 2.1029999256134033, 2.1010000705718994, 2.0959999561309814, 2.0920000076293945, 2.0899999141693115, 2.0910000801086426, 2.0920000076293945, 2.0840001106262207, 2.0829999446868896, 2.0829999446868896, 2.078000068664551, 2.072000026702881, 2.065000057220459, 2.062000036239624, 2.056999921798706, 2.049999952316284, 2.049999952316284, 2.0369999408721924, 2.0369999408721924, 2.0329999923706055, 2.0350000858306885, 2.0290000438690186, 2.0250000953674316, 2.0199999809265137, 2.0139999389648438, 2.006999969482422, 2.006999969482422, 2.005000114440918, 1.9889999628067017, 1.9889999628067017, 1.9930000305175781, 1.9930000305175781, 1.9850000143051147, 1.9769999980926514, 1.9670000076293945, 1.9620000123977661, 1.9570000171661377, 1.9559999704360962, 1.9470000267028809, 1.940999984741211, 1.940000057220459, 1.9359999895095825, 1.9320000410079956, 1.930999994277954, 1.9270000457763672, 1.9110000133514404, 1.906000018119812, 1.8969999551773071, 1.8910000324249268, 1.8799999952316284, 1.878999948501587, 1.88100004196167, 1.878000020980835, 1.8589999675750732, 1.8480000495910645, 1.8420000076293945, 1.840000033378601, 1.8380000591278076, 1.8270000219345093, 1.8240000009536743, 1.819000005722046, 1.815999984741211, 1.805999994277954, 1.7949999570846558, 1.7869999408721924, 1.777999997138977, 1.7680000066757202, 1.7580000162124634, 1.753000020980835, 1.746999979019165, 1.7350000143051147, 1.7269999980926514, 1.7259999513626099, 1.7130000591278076, 1.7059999704360962, 1.6990000009536743, 1.690000057220459, 1.6829999685287476, 1.6690000295639038, 1.6670000553131104, 1.6610000133514404, 1.6460000276565552, 1.6390000581741333, 1.63100004196167, 1.6230000257492065, 1.6100000143051147, 1.5980000495910645, 1.593000054359436, 1.5820000171661377, 1.5679999589920044, 1.5640000104904175, 1.5509999990463257, 1.5360000133514404, 1.5360000133514404, 1.5219999551773071, 1.5140000581741333, 1.5099999904632568, 1.496000051498413, 1.4869999885559082, 1.475000023841858, 1.468000054359436, 1.4539999961853027, 1.434999942779541, 1.4249999523162842, 1.4190000295639038, 1.4110000133514404, 1.3960000276565552, 1.3769999742507935, 1.3639999628067017, 1.347000002861023, 1.340999960899353, 1.3309999704360962, 1.3229999542236328, 1.3179999589920044, 1.2960000038146973, 1.2869999408721924, 1.277999997138977, 1.2630000114440918, 1.2510000467300415, 1.2369999885559082, 1.2289999723434448, 1.2100000381469727, 1.2000000476837158, 1.1920000314712524, 1.1790000200271606, 1.1759999990463257, 1.1649999618530273, 1.156999945640564, 1.1430000066757202, 1.1360000371932983, 1.128999948501587, 1.1069999933242798, 1.1009999513626099, 1.093000054359436, 1.0920000076293945, 1.0839999914169312, 1.0720000267028809, 1.0670000314712524, 1.059000015258789, 1.055999994277954, 1.0440000295639038, 1.0390000343322754, 1.031000018119812, 1.024999976158142, 1.0160000324249268, 1.0080000162124634, 1.003000020980835, 0.9950000047683716, 0.9829999804496765, 0.9810000061988831, 0.9779999852180481, 0.9729999899864197, 0.9660000205039978, 0.9549999833106995, 0.9490000009536743, 0.9449999928474426, 0.9449999928474426, 0.9409999847412109, 0.9390000104904175, 0.9359999895095825, 0.9259999990463257, 0.9210000038146973, 0.9129999876022339, 0.9079999923706055, 0.9039999842643738, 0.8960000276565552, 0.8930000066757202, 0.8899999856948853, 0.8859999775886536, 0.8799999952316284, 0.8740000128746033, 0.8730000257492065, 0.8619999885559082, 0.8610000014305115, 0.8579999804496765, 0.8500000238418579, 0.8510000109672546, 0.8510000109672546, 0.843999981880188, 0.843999981880188, 0.8379999995231628, 0.8299999833106995, 0.8320000171661377, 0.8240000009536743, 0.8209999799728394, 0.8190000057220459, 0.8169999718666077, 0.8169999718666077, 0.8180000185966492, 0.8009999990463257, 0.7990000247955322, 0.7960000038146973, 0.7960000038146973, 0.7910000085830688, 0.7889999747276306, 0.7839999794960022, 0.7789999842643738, 0.7739999890327454, 0.7760000228881836, 0.765999972820282, 0.7720000147819519, 0.7739999890327454, 0.7680000066757202, 0.7590000033378601, 0.7559999823570251, 0.7490000128746033, 0.7440000176429749, 0.7419999837875366, 0.7379999756813049, 0.734000027179718, 0.7289999723434448, 0.7250000238418579, 0.7300000190734863, 0.7329999804496765, 0.7269999980926514, 0.718999981880188, 0.7149999737739563, 0.7160000205039978, 0.7160000205039978, 0.7089999914169312, 0.7009999752044678, 0.6990000009536743, 0.7009999752044678, 0.7009999752044678, 0.699999988079071, 0.6940000057220459, 0.6869999766349792, 0.6859999895095825, 0.6859999895095825, 0.6859999895095825, 0.6850000023841858, 0.6850000023841858, 0.6790000200271606, 0.6779999732971191, 0.6729999780654907, 0.6729999780654907, 0.6729999780654907, 0.6650000214576721, 0.6629999876022339, 0.6629999876022339, 0.6639999747276306, 0.6620000004768372, 0.6610000133514404, 0.6629999876022339, 0.6610000133514404, 0.6610000133514404, 0.6589999794960022, 0.6539999842643738, 0.6510000228881836, 0.6510000228881836, 0.6480000019073486, 0.6439999938011169, 0.6420000195503235, 0.6420000195503235, 0.6449999809265137, 0.640999972820282, 0.640999972820282, 0.6370000243186951, 0.6349999904632568, 0.6359999775886536, 0.6309999823570251, 0.6330000162124634, 0.6359999775886536, 0.6330000162124634, 0.6309999823570251, 0.6230000257492065, 0.6200000047683716, 0.6200000047683716, 0.6200000047683716, 0.621999979019165, 0.621999979019165, 0.6200000047683716, 0.6140000224113464, 0.6129999756813049, 0.6150000095367432, 0.6129999756813049, 0.6110000014305115, 0.6140000224113464, 0.6119999885559082, 0.6150000095367432, 0.6100000143051147, 0.6110000014305115, 0.609000027179718, 0.6060000061988831, 0.6060000061988831, 0.6039999723434448, 0.6039999723434448, 0.6000000238418579, 0.597000002861023, 0.5960000157356262, 0.5950000286102295, 0.5929999947547913, 0.5929999947547913, 0.5950000286102295, 0.597000002861023, 0.5960000157356262, 0.5920000076293945, 0.5920000076293945, 0.5920000076293945, 0.5960000157356262, 0.5920000076293945, 0.5929999947547913, 0.5910000205039978, 0.5889999866485596, 0.5879999995231628, 0.5870000123977661, 0.5870000123977661, 0.5839999914169312, 0.5820000171661377, 0.5820000171661377, 0.5799999833106995, 0.5789999961853027, 0.5799999833106995, 0.5830000042915344, 0.574999988079071, 0.574999988079071, 0.5809999704360962, 0.5799999833106995, 0.5789999961853027, 0.5720000267028809, 0.5720000267028809, 0.5770000219345093, 0.5789999961853027, 0.5759999752044678, 0.5709999799728394, 0.5730000138282776, 0.5740000009536743, 0.5759999752044678, 0.5759999752044678, 0.574999988079071, 0.574999988079071, 0.5720000267028809, 0.5659999847412109, 0.5649999976158142, 0.574999988079071, 0.574999988079071, 0.5720000267028809, 0.5680000185966492, 0.5669999718666077, 0.5640000104904175, 0.5740000009536743, 0.5680000185966492, 0.5720000267028809, 0.5740000009536743, 0.5709999799728394, 0.5630000233650208, 0.5630000233650208, 0.5640000104904175, 0.5649999976158142, 0.5680000185966492, 0.5690000057220459, 0.5690000057220459, 0.5649999976158142, 0.5630000233650208, 0.5630000233650208, 0.5659999847412109, 0.5659999847412109, 0.5709999799728394, 0.5690000057220459, 0.5630000233650208, 0.5569999814033508, 0.5619999766349792, 0.5609999895095825, 0.5600000023841858, 0.5600000023841858, 0.5709999799728394, 0.5640000104904175, 0.5640000104904175, 0.5699999928474426, 0.5699999928474426, 0.5680000185966492, 0.5680000185966492, 0.5669999718666077, 0.5630000233650208, 0.5540000200271606, 0.5590000152587891, 0.5680000185966492, 0.5680000185966492, 0.5690000057220459, 0.5680000185966492, 0.5680000185966492, 0.5609999895095825, 0.5609999895095825, 0.5609999895095825, 0.5680000185966492, 0.5680000185966492, 0.5680000185966492, 0.5669999718666077, 0.5630000233650208, 0.5630000233650208, 0.5649999976158142, 0.5690000057220459, 0.5690000057220459, 0.5730000138282776, 0.5730000138282776, 0.5690000057220459, 0.5680000185966492, 0.5680000185966492, 0.5709999799728394, 0.5659999847412109, 0.5659999847412109, 0.5680000185966492, 0.5699999928474426, 0.5740000009536743, 0.5699999928474426, 0.5720000267028809, 0.574999988079071, 0.5690000057220459, 0.5690000057220459, 0.5690000057220459, 0.5709999799728394, 0.5730000138282776, 0.5759999752044678, 0.578000009059906, 0.5759999752044678, 0.574999988079071, 0.5740000009536743, 0.5740000009536743, 0.5759999752044678, 0.574999988079071, 0.574999988079071, 0.574999988079071, 0.5759999752044678, 0.5759999752044678, 0.5730000138282776, 0.574999988079071, 0.5809999704360962, 0.5830000042915344, 0.5809999704360962, 0.5770000219345093, 0.5799999833106995, 0.5849999785423279, 0.5860000252723694, 0.5870000123977661, 0.5899999737739563, 0.5849999785423279, 0.5839999914169312, 0.5830000042915344, 0.5839999914169312, 0.5839999914169312, 0.5860000252723694, 0.5879999995231628, 0.5879999995231628, 0.5839999914169312, 0.5830000042915344, 0.5839999914169312, 0.5849999785423279, 0.5879999995231628, 0.5920000076293945, 0.593999981880188, 0.5950000286102295, 0.5950000286102295, 0.5950000286102295, 0.5910000205039978, 0.5920000076293945, 0.5989999771118164, 0.6029999852180481, 0.6029999852180481, 0.6039999723434448, 0.6079999804496765, 0.609000027179718, 0.6110000014305115, 0.6029999852180481, 0.6000000238418579, 0.6000000238418579, 0.6079999804496765, 0.6079999804496765, 0.6100000143051147, 0.6110000014305115, 0.6079999804496765, 0.6119999885559082, 0.6129999756813049, 0.6159999966621399, 0.6159999966621399, 0.6179999709129333, 0.621999979019165, 0.621999979019165, 0.621999979019165, 0.628000020980835, 0.628000020980835, 0.6330000162124634, 0.6330000162124634, 0.6370000243186951, 0.6389999985694885, 0.6389999985694885, 0.6380000114440918, 0.6370000243186951, 0.6330000162124634, 0.6320000290870667, 0.6340000033378601, 0.6430000066757202, 0.6449999809265137, 0.6470000147819519, 0.6480000019073486, 0.6480000019073486, 0.6489999890327454, 0.6480000019073486, 0.6510000228881836, 0.6510000228881836, 0.6549999713897705, 0.656000018119812, 0.6520000100135803, 0.6489999890327454, 0.6579999923706055, 0.6589999794960022, 0.6589999794960022, 0.6669999957084656, 0.6690000295639038, 0.6690000295639038, 0.6740000247955322, 0.6819999814033508, 0.6819999814033508, 0.6850000023841858, 0.6740000247955322, 0.6830000281333923, 0.6809999942779541, 0.6819999814033508, 0.6759999990463257, 0.6769999861717224, 0.6790000200271606, 0.6800000071525574, 0.6809999942779541, 0.6850000023841858, 0.6909999847412109, 0.6909999847412109, 0.6890000104904175, 0.6990000009536743, 0.699999988079071, 0.699999988079071, 0.6930000185966492, 0.6949999928474426, 0.6869999766349792, 0.6930000185966492, 0.6949999928474426, 0.7020000219345093, 0.7110000252723694, 0.7080000042915344, 0.7129999995231628, 0.7089999914169312, 0.7179999947547913, 0.718999981880188, 0.7269999980926514, 0.7279999852180481, 0.7250000238418579, 0.7239999771118164, 0.7269999980926514, 0.7319999933242798, 0.734000027179718, 0.7419999837875366, 0.7350000143051147, 0.7369999885559082, 0.7400000095367432, 0.7409999966621399, 0.7409999966621399, 0.7329999804496765, 0.7369999885559082, 0.7419999837875366, 0.7450000047683716, 0.7400000095367432, 0.734000027179718, 0.734000027179718, 0.75, 0.7559999823570251, 0.7570000290870667, 0.7639999985694885, 0.7739999890327454, 0.7670000195503235, 0.7749999761581421, 0.7799999713897705, 0.7870000004768372, 0.8009999990463257, 0.8050000071525574, 0.8069999814033508, 0.8069999814033508, 0.8109999895095825, 0.8140000104904175, 0.8209999799728394, 0.8209999799728394, 0.8209999799728394, 0.8349999785423279, 0.8289999961853027, 0.8289999961853027, 0.8349999785423279, 0.8389999866485596]
intensities: [1086.0, 1092.0, 1182.0, 1212.0, 1231.0, 1353.0, 1455.0, 1500.0, 1510.0, 1510.0, 1510.0, 1529.0, 1527.0, 1473.0, 1202.0, 1135.0, 1068.0, 1053.0, 918.0, 859.0, 959.0, 966.0, 1005.0, 1009.0, 1019.0, 1011.0, 1057.0, 1059.0, 1100.0, 1191.0, 1352.0, 1403.0, 1488.0, 1547.0, 1539.0, 1594.0, 1626.0, 1614.0, 1615.0, 1606.0, 1604.0, 1621.0, 1608.0, 1643.0, 1643.0, 1613.0, 1613.0, 1598.0, 1609.0, 1605.0, 1605.0, 1596.0, 1592.0, 1579.0, 1588.0, 1573.0, 1595.0, 1583.0, 1580.0, 1567.0, 1567.0, 1569.0, 1573.0, 1561.0, 1561.0, 1552.0, 1543.0, 1543.0, 1557.0, 1559.0, 1559.0, 1549.0, 1561.0, 1557.0, 1557.0, 1551.0, 1541.0, 1545.0, 1547.0, 1543.0, 1530.0, 1530.0, 1528.0, 1522.0, 1526.0, 1526.0, 1532.0, 1530.0, 1531.0, 1530.0, 1528.0, 1508.0, 1520.0, 1532.0, 1518.0, 1512.0, 1520.0, 1505.0, 1501.0, 1492.0, 1500.0, 1506.0, 1496.0, 1484.0, 1495.0, 1504.0, 1506.0, 1499.0, 1499.0, 1506.0, 1517.0, 1515.0, 1489.0, 1489.0, 1508.0, 1501.0, 1501.0, 1494.0, 1487.0, 1483.0, 1486.0, 1491.0, 1491.0, 1474.0, 1483.0, 1488.0, 1494.0, 1480.0, 1476.0, 1479.0, 1459.0, 1484.0, 1454.0, 1447.0, 1471.0, 1471.0, 1456.0, 1444.0, 1444.0, 1434.0, 1435.0, 1435.0, 1441.0, 1452.0, 1443.0, 1442.0, 1418.0, 1417.0, 1397.0, 1386.0, 1395.0, 1402.0, 1401.0, 1396.0, 1392.0, 1397.0, 1401.0, 1384.0, 1392.0, 1392.0, 1343.0, 1339.0, 1322.0, 1320.0, 1309.0, 1319.0, 1323.0, 1322.0, 1356.0, 1332.0, 1319.0, 1309.0, 1293.0, 1304.0, 1286.0, 1289.0, 1289.0, 1274.0, 1274.0, 1274.0, 1274.0, 1271.0, 1278.0, 1275.0, 1272.0, 1261.0, 1259.0, 1251.0, 1239.0, 1229.0, 1233.0, 1221.0, 1221.0, 1223.0, 1229.0, 1211.0, 1196.0, 1190.0, 1190.0, 1191.0, 1190.0, 1190.0, 1174.0, 1159.0, 1183.0, 1169.0, 1169.0, 1154.0, 1160.0, 1146.0, 1143.0, 1143.0, 1126.0, 1124.0, 1124.0, 1122.0, 1125.0, 1147.0, 1132.0, 1118.0, 1124.0, 1113.0, 1127.0, 1116.0, 1111.0, 1108.0, 1133.0, 1116.0, 1139.0, 1137.0, 1135.0, 1135.0, 1131.0, 1131.0, 1133.0, 1106.0, 1106.0, 1126.0, 1125.0, 1128.0, 1143.0, 1135.0, 1135.0, 1102.0, 1116.0, 1138.0, 1138.0, 1140.0, 1123.0, 1123.0, 1125.0, 1138.0, 1146.0, 1137.0, 1139.0, 1128.0, 1137.0, 1152.0, 1136.0, 1136.0, 1149.0, 1148.0, 1131.0, 1131.0, 1133.0, 1139.0, 1141.0, 1150.0, 1143.0, 1136.0, 1130.0, 1136.0, 1145.0, 1129.0, 1138.0, 1125.0, 1129.0, 1112.0, 1118.0, 1124.0, 1125.0, 1124.0, 1122.0, 1121.0, 1133.0, 1138.0, 1125.0, 1122.0, 1126.0, 1128.0, 1135.0, 1139.0, 1139.0, 1133.0, 1133.0, 1139.0, 1148.0, 1148.0, 1145.0, 1154.0, 1159.0, 1154.0, 1165.0, 1151.0, 1153.0, 1153.0, 1173.0, 1189.0, 1181.0, 1173.0, 1183.0, 1183.0, 1195.0, 1184.0, 1181.0, 1192.0, 1198.0, 1198.0, 1213.0, 1215.0, 1219.0, 1211.0, 1221.0, 1221.0, 1221.0, 1220.0, 1219.0, 1212.0, 1213.0, 1218.0, 1217.0, 1217.0, 1214.0, 1217.0, 1215.0, 1215.0, 1217.0, 1212.0, 1225.0, 1255.0, 1278.0, 1237.0, 1228.0, 1236.0, 1227.0, 1226.0, 1228.0, 1228.0, 1226.0, 1234.0, 1247.0, 1243.0, 1232.0, 1244.0, 1246.0, 1231.0, 1246.0, 1231.0, 1251.0, 1255.0, 1242.0, 1242.0, 1267.0, 1257.0, 1279.0, 1239.0, 1244.0, 1248.0, 1249.0, 1239.0, 1272.0, 1251.0, 1269.0, 1269.0, 1251.0, 1266.0, 1256.0, 1247.0, 1235.0, 1224.0, 1227.0, 1222.0, 1218.0, 1218.0, 1220.0, 1226.0, 1215.0, 1223.0, 1211.0, 1209.0, 1208.0, 1213.0, 1212.0, 1199.0, 1196.0, 1194.0, 1167.0, 1164.0, 1146.0, 1140.0, 1147.0, 1142.0, 1121.0, 1112.0, 1114.0, 1129.0, 1112.0, 1128.0, 1115.0, 1131.0, 1119.0, 1096.0, 1111.0, 1120.0, 1088.0, 1107.0, 1102.0, 1101.0, 1099.0, 1109.0, 1101.0, 1106.0, 1115.0, 1103.0, 1109.0, 1102.0, 1121.0, 1122.0, 1108.0, 1126.0, 1125.0, 1103.0, 1103.0, 1107.0, 1112.0, 1100.0, 1108.0, 1118.0, 1148.0, 1439.0, 1476.0, 1494.0, 1084.0, 1089.0, 1085.0, 1081.0, 1076.0, 1071.0, 1058.0, 1068.0, 1066.0, 1068.0, 1070.0, 1056.0, 1062.0, 1068.0, 1082.0, 1070.0, 1081.0, 1078.0, 1079.0, 1087.0, 1087.0, 1085.0, 1086.0, 1089.0, 1076.0, 1078.0, 1088.0, 1093.0, 1090.0, 1090.0, 1086.0, 1083.0, 1083.0, 1091.0, 1088.0, 1088.0, 1081.0, 1088.0, 1088.0, 1089.0, 1070.0, 1093.0, 1078.0, 1079.0, 1076.0, 1092.0, 1103.0, 1092.0, 1091.0, 1083.0, 1078.0, 1075.0, 1084.0, 1090.0, 1086.0, 1083.0, 1090.0, 1073.0, 1080.0, 1076.0, 1082.0, 1087.0, 1078.0, 1089.0, 1089.0, 1078.0, 1092.0, 1097.0, 1083.0, 1093.0, 1077.0, 1077.0, 1067.0, 1074.0, 1088.0, 1089.0, 1089.0, 1089.0, 1073.0, 1093.0, 1082.0, 1082.0, 1077.0, 1073.0, 1073.0, 1084.0, 1086.0, 1082.0, 1080.0, 1081.0, 1087.0, 1090.0, 1094.0, 1089.0, 1092.0, 1098.0, 1096.0, 1095.0, 1102.0, 1095.0, 1098.0, 1096.0, 1081.0, 1106.0, 1102.0, 1097.0, 1099.0, 1095.0, 1102.0, 1117.0, 1099.0, 1101.0, 1098.0, 1101.0, 1096.0, 1096.0, 1104.0, 1108.0, 1097.0, 1096.0, 1094.0, 1103.0, 1098.0, 1099.0, 1091.0, 1104.0, 1091.0, 1096.0, 1104.0, 1088.0, 1101.0, 1102.0, 1111.0, 1103.0, 1100.0, 1115.0, 1098.0, 1103.0, 1118.0, 1107.0, 1094.0, 1097.0, 1095.0, 1078.0, 1101.0, 1092.0, 1097.0, 1083.0, 1104.0, 1090.0, 1088.0, 1094.0, 1094.0, 1097.0, 1078.0, 1097.0, 1081.0, 1089.0, 1090.0, 1086.0, 1092.0, 1087.0, 1086.0, 1113.0, 1090.0, 1095.0, 1101.0, 1099.0, 1093.0, 1116.0, 1116.0, 1115.0, 1118.0, 1104.0, 1106.0, 1113.0, 1116.0, 1127.0, 1112.0, 1118.0, 1140.0, 1137.0, 1133.0, 1128.0, 1142.0, 1131.0, 1117.0, 1142.0, 1127.0, 1128.0, 1134.0, 1153.0, 1167.0, 1158.0, 1163.0, 1184.0, 1202.0, 1191.0, 1198.0, 1207.0, 1191.0, 1191.0, 1215.0, 1219.0, 1212.0, 1233.0, 1235.0, 1245.0, 1245.0, 1242.0, 1245.0, 1245.0, 1247.0, 1239.0, 1258.0, 1270.0, 1273.0, 1290.0, 1282.0, 1290.0, 1288.0, 1296.0, 1300.0, 1308.0, 1324.0, 1315.0, 1322.0, 1322.0, 1328.0, 1342.0, 1334.0, 1360.0, 1354.0, 1363.0, 1366.0, 1371.0, 1349.0, 1384.0, 1381.0, 1389.0, 1385.0, 1388.0, 1388.0, 1389.0, 1403.0, 1415.0, 1407.0, 1407.0, 1423.0, 1438.0, 1450.0, 1445.0, 1422.0, 1476.0, 1478.0, 1445.0, 1477.0, 1469.0, 1474.0, 1485.0, 1485.0, 1504.0, 1493.0, 1499.0, 1499.0, 1506.0, 1522.0, 1517.0, 1528.0, 1524.0, 1514.0, 1523.0, 1532.0, 1528.0, 1534.0, 1535.0, 1544.0, 1544.0, 1544.0, 1553.0, 1545.0, 1560.0, 1543.0, 1543.0, 1540.0, 1553.0, 1567.0, 1563.0, 1567.0, 1565.0, 1558.0, 1560.0, 1571.0, 1557.0, 1557.0, 1539.0, 1560.0, 1561.0, 1568.0, 1561.0, 1566.0, 1567.0, 1581.0, 1577.0, 1612.0, 1594.0, 1587.0, 1597.0, 1597.0, 1582.0, 1604.0, 1616.0, 1624.0, 1593.0, 1613.0, 1619.0, 1631.0, 1632.0, 1631.0, 1625.0, 1625.0, 1625.0, 1623.0, 1635.0, 1641.0, 1634.0, 1629.0, 1621.0, 1623.0, 1612.0, 1606.0, 1610.0, 1608.0, 1623.0, 1611.0, 1596.0, 1608.0, 1627.0, 1634.0, 1629.0, 1633.0, 1645.0, 1645.0, 1612.0, 1627.0, 1625.0, 1614.0, 1614.0, 1621.0, 1630.0, 1612.0, 1628.0, 1605.0, 1605.0, 1603.0, 1606.0, 1587.0, 1572.0, 1579.0, 1586.0, 1608.0, 1608.0, 1590.0, 1597.0, 1597.0, 1592.0, 1591.0, 1583.0, 1576.0, 1600.0, 1600.0, 1608.0, 1578.0, 1583.0, 1598.0, 1584.0, 1585.0, 1578.0, 1586.0, 1596.0, 1587.0, 1587.0, 1578.0, 1574.0, 1559.0, 1559.0, 1551.0, 1581.0, 1580.0, 1555.0, 1580.0, 1557.0, 1544.0, 1564.0, 1522.0, 1530.0, 1552.0, 1545.0, 1523.0, 1534.0, 1529.0, 1526.0, 1520.0, 1509.0, 1512.0, 1508.0, 1508.0, 1491.0, 1481.0, 1482.0, 1490.0, 1490.0, 1469.0, 1469.0, 1465.0, 1489.0, 1476.0, 1488.0, 1483.0, 1483.0, 1458.0, 1471.0, 1471.0, 1476.0, 1476.0, 1460.0, 1456.0, 1456.0, 1445.0, 1458.0, 1450.0, 1442.0, 1441.0, 1440.0, 1429.0, 1416.0, 1426.0, 1426.0, 1429.0, 1401.0, 1401.0, 1424.0, 1425.0, 1407.0, 1416.0, 1404.0, 1397.0, 1397.0, 1386.0, 1391.0, 1377.0, 1361.0, 1377.0, 1371.0, 1378.0, 1378.0, 1397.0, 1357.0, 1365.0, 1349.0, 1358.0, 1367.0, 1337.0, 1337.0, 1336.0, 1355.0, 1352.0, 1346.0, 1348.0, 1360.0, 1359.0, 1341.0, 1323.0, 1352.0, 1340.0, 1316.0, 1321.0, 1322.0, 1322.0, 1312.0, 1308.0, 1312.0, 1318.0, 1314.0, 1279.0, 1285.0, 1296.0, 1297.0, 1292.0, 1292.0, 1278.0, 1280.0, 1292.0, 1300.0, 1300.0, 1270.0, 1269.0, 1272.0, 1260.0, 1261.0, 1267.0, 1255.0, 1260.0, 1277.0, 1289.0, 1300.0, 1287.0, 1275.0, 1256.0, 1255.0, 1253.0, 1283.0, 1283.0, 1266.0, 1249.0, 1250.0, 1269.0, 1255.0, 1258.0, 1258.0, 1259.0, 1249.0, 1255.0, 1246.0, 1234.0, 1251.0, 1254.0, 1257.0, 1257.0, 1261.0, 1266.0, 1266.0, 1266.0, 1237.0, 1237.0, 1285.0, 1267.0, 1284.0, 1283.0, 1283.0, 1275.0, 1274.0, 1259.0, 1262.0, 1267.0, 1284.0, 1280.0, 1286.0, 1284.0, 1261.0, 1288.0, 1288.0, 1290.0, 1277.0, 1278.0, 1288.0, 1283.0, 1279.0, 1268.0, 1259.0, 1259.0, 1288.0, 1302.0, 1298.0, 1311.0, 1286.0, 1286.0, 1306.0, 1286.0, 1300.0, 1295.0, 1297.0, 1271.0, 1281.0, 1291.0, 1306.0, 1267.0, 1271.0, 1291.0, 1291.0, 1286.0, 1299.0, 1306.0, 1296.0, 1307.0, 1299.0, 1270.0, 1288.0, 1297.0, 1298.0, 1296.0, 1290.0, 1311.0, 1279.0, 1275.0, 1277.0, 1285.0, 1278.0, 1274.0, 1267.0, 1288.0, 1316.0, 1343.0, 1368.0, 1261.0, 1269.0, 1243.0, 1247.0, 1243.0, 1268.0, 1280.0, 1271.0, 1276.0, 1264.0, 1262.0, 1278.0, 1260.0, 1259.0, 1241.0, 1254.0, 1259.0, 1274.0, 1272.0, 1273.0, 1264.0, 1268.0, 1273.0, 1286.0, 1286.0, 1253.0, 1263.0, 1292.0, 1285.0, 1285.0, 1283.0, 1267.0, 1267.0, 1283.0, 1287.0]