header: 
  seq: 2646
  stamp: 
    secs: 1548820823
    nsecs: 367132635
  frame_id: "base_link"
angle_min: -2.35619449615
angle_max: 2.35619449615
angle_increment: 0.00436332309619
time_increment: 1.73611151695e-05
scan_time: 0.0250000003725
range_min: 0.019999999553
range_max: 30.0
ranges: [0.3930000066757202, 0.3880000114440918, 0.3869999945163727, 0.39899998903274536, 0.4000000059604645, 0.4000000059604645, 0.40299999713897705, 0.4009999930858612, 0.39899998903274536, 0.4020000100135803, 0.4020000100135803, 0.4009999930858612, 0.38999998569488525, 0.3889999985694885, 0.39100000262260437, 0.37700000405311584, 0.35600000619888306, 0.3009999990463257, 0.32600000500679016, 0.27399998903274536, 0.36899998784065247, 0.3700000047683716, 0.3700000047683716, 0.37299999594688416, 0.3869999945163727, 0.3889999985694885, 0.38600000739097595, 0.36899998784065247, 0.37599998712539673, 0.3880000114440918, 0.3869999945163727, 0.3799999952316284, 0.38100001215934753, 0.3799999952316284, 0.3799999952316284, 0.37599998712539673, 0.37599998712539673, 0.3779999911785126, 0.38499999046325684, 0.3799999952316284, 0.3790000081062317, 0.38100001215934753, 0.38199999928474426, 0.37400001287460327, 0.37400001287460327, 0.37400001287460327, 0.375, 0.37299999594688416, 0.37299999594688416, 0.3700000047683716, 0.37400001287460327, 0.37400001287460327, 0.3700000047683716, 0.37700000405311584, 0.37700000405311584, 0.37400001287460327, 0.3709999918937683, 0.3720000088214874, 0.3720000088214874, 0.367000013589859, 0.3630000054836273, 0.3630000054836273, 0.3630000054836273, 0.36800000071525574, 0.36800000071525574, 0.36800000071525574, 0.36800000071525574, 0.36800000071525574, 0.36899998784065247, 0.367000013589859, 0.3709999918937683, 0.3709999918937683, 0.36899998784065247, 0.36899998784065247, 0.367000013589859, 0.36500000953674316, 0.3630000054836273, 0.36000001430511475, 0.3619999885559082, 0.36500000953674316, 0.3659999966621399, 0.3580000102519989, 0.3610000014305115, 0.3630000054836273, 0.3580000102519989, 0.3619999885559082, 0.3619999885559082, 0.3619999885559082, 0.3610000014305115, 0.3580000102519989, 0.3610000014305115, 0.3630000054836273, 0.35899999737739563, 0.35899999737739563, 0.3610000014305115, 0.3619999885559082, 0.3619999885559082, 0.367000013589859, 0.36500000953674316, 0.36000001430511475, 0.3580000102519989, 0.35499998927116394, 0.35600000619888306, 0.3580000102519989, 0.35499998927116394, 0.35199999809265137, 0.35499998927116394, 0.3580000102519989, 0.36000001430511475, 0.3540000021457672, 0.35499998927116394, 0.35199999809265137, 0.36000001430511475, 0.3610000014305115, 0.36000001430511475, 0.35899999737739563, 0.35899999737739563, 0.36000001430511475, 0.35899999737739563, 0.35899999737739563, 0.3630000054836273, 0.36500000953674316, 0.3610000014305115, 0.35499998927116394, 0.3490000069141388, 0.3479999899864197, 0.35899999737739563, 0.35499998927116394, 0.35199999809265137, 0.35899999737739563, 0.3619999885559082, 0.3580000102519989, 0.3580000102519989, 0.3540000021457672, 0.35499998927116394, 0.3580000102519989, 0.3580000102519989, 0.3580000102519989, 0.35499998927116394, 0.35600000619888306, 0.35600000619888306, 0.3569999933242798, 0.3580000102519989, 0.35499998927116394, 0.35499998927116394, 0.35600000619888306, 0.35600000619888306, 0.35100001096725464, 0.35100001096725464, 0.34700000286102295, 0.35100001096725464, 0.35100001096725464, 0.3490000069141388, 0.33899998664855957, 0.34700000286102295, 0.34700000286102295, 0.3580000102519989, 0.35199999809265137, 0.3490000069141388, 0.35499998927116394, 0.3529999852180481, 0.3499999940395355, 0.3499999940395355, 0.3540000021457672, 0.3529999852180481, 0.3449999988079071, 0.3529999852180481, 0.3449999988079071, 0.3449999988079071, 0.34700000286102295, 0.3490000069141388, 0.3499999940395355, 0.3479999899864197, 0.3499999940395355, 0.3449999988079071, 0.35100001096725464, 0.3449999988079071, 0.3529999852180481, 0.35199999809265137, 0.35499998927116394, 0.3540000021457672, 0.3540000021457672, 0.35100001096725464, 0.34700000286102295, 0.3499999940395355, 0.34599998593330383, 0.3499999940395355, 0.3490000069141388, 0.35100001096725464, 0.35100001096725464, 0.3490000069141388, 0.3490000069141388, 0.3490000069141388, 0.3490000069141388, 0.3490000069141388, 0.3490000069141388, 0.35600000619888306, 0.34700000286102295, 0.3499999940395355, 0.3499999940395355, 0.34299999475479126, 0.3499999940395355, 0.35199999809265137, 0.35600000619888306, 0.35600000619888306, 0.35100001096725464, 0.3529999852180481, 0.35100001096725464, 0.3529999852180481, 0.35499998927116394, 0.35899999737739563, 0.3569999933242798, 0.3569999933242798, 0.36000001430511475, 0.3610000014305115, 0.3610000014305115, 0.36000001430511475, 0.3619999885559082, 0.36500000953674316, 0.36000001430511475, 0.3580000102519989, 0.35600000619888306, 0.36000001430511475, 0.36399999260902405, 0.367000013589859, 0.36899998784065247, 0.36500000953674316, 0.367000013589859, 0.367000013589859, 0.367000013589859, 0.367000013589859, 0.36000001430511475, 0.36899998784065247, 0.36399999260902405, 0.36899998784065247, 0.3659999966621399, 0.36800000071525574, 0.3659999966621399, 0.367000013589859, 0.3720000088214874, 0.37400001287460327, 0.37599998712539673, 0.375, 0.3720000088214874, 0.36899998784065247, 0.37700000405311584, 0.37700000405311584, 0.3799999952316284, 0.38100001215934753, 0.3799999952316284, 0.3799999952316284, 0.3799999952316284, 0.38199999928474426, 0.3869999945163727, 0.3840000033378601, 0.382999986410141, 0.3869999945163727, 0.39100000262260437, 0.4009999930858612, 0.3959999978542328, 0.3959999978542328, 0.3959999978542328, 0.39899998903274536, 0.39800000190734863, 0.40400001406669617, 0.40700000524520874, 0.4090000092983246, 0.39800000190734863, 0.40400001406669617, 0.40799999237060547, 0.40799999237060547, 0.4059999883174896, 0.4059999883174896, 0.4099999964237213, 0.41100001335144043, 0.41100001335144043, 0.41100001335144043, 0.4099999964237213, 0.414000004529953, 0.42100000381469727, 0.4259999990463257, 0.42800000309944153, 0.4309999942779541, 0.4320000112056732, 0.4309999942779541, 0.42899999022483826, 0.42899999022483826, 0.4390000104904175, 0.4429999887943268, 0.43700000643730164, 0.4359999895095825, 0.4339999854564667, 0.4429999887943268, 0.4429999887943268, 0.4440000057220459, 0.43700000643730164, 0.4390000104904175, 0.4390000104904175, 0.4410000145435333, 0.4410000145435333, 0.4580000042915344, 0.4560000002384186, 0.46000000834465027, 0.46000000834465027, 0.46000000834465027, 0.46000000834465027, 0.46000000834465027, 0.4560000002384186, 0.4569999873638153, 0.47099998593330383, 0.47600001096725464, 0.4690000116825104, 0.4740000069141388, 0.4740000069141388, 0.4790000021457672, 0.4749999940395355, 0.4779999852180481, 0.48500001430511475, 0.4880000054836273, 0.49300000071525574, 0.5, 0.5019999742507935, 0.5120000243186951, 0.515999972820282, 0.5370000004768372, 0.5410000085830688, 0.5479999780654907, 0.6010000109672546, 0.6589999794960022, 0.8109999895095825, 2.4130001068115234, 2.4030001163482666, 2.382999897003174, 2.3550000190734863, 2.3389999866485596, 2.3259999752044678, 2.306999921798706, 2.299999952316284, 2.2820000648498535, 2.2669999599456787, 2.259000062942505, 2.2330000400543213, 2.2170000076293945, 2.2079999446868896, 2.200000047683716, 2.178999900817871, 2.1589999198913574, 2.1429998874664307, 2.130000114440918, 2.1059999465942383, 2.0980000495910645, 2.0899999141693115, 2.0759999752044678, 2.072999954223633, 2.059999942779541, 2.046999931335449, 2.0299999713897705, 2.013000011444092, 2.006999969482422, 1.9989999532699585, 1.9839999675750732, 1.9769999980926514, 1.9609999656677246, 1.9479999542236328, 1.940999984741211, 1.9270000457763672, 1.9170000553131104, 1.9010000228881836, 1.8910000324249268, 1.8860000371932983, 1.878000020980835, 1.871000051498413, 1.8630000352859497, 1.8589999675750732, 1.847000002861023, 1.8309999704360962, 1.815000057220459, 1.812000036239624, 1.8040000200271606, 1.7960000038146973, 1.7829999923706055, 1.7730000019073486, 1.7610000371932983, 1.7580000162124634, 1.75, 1.7450000047683716, 1.7200000286102295, 1.7200000286102295, 1.722000002861023, 1.7139999866485596, 1.7000000476837158, 1.684999942779541, 1.6790000200271606, 1.6640000343322754, 1.6670000553131104, 1.659999966621399, 1.659999966621399, 1.652999997138977, 1.649999976158142, 1.6410000324249268, 1.6260000467300415, 1.6239999532699585, 1.6119999885559082, 1.6100000143051147, 1.6039999723434448, 1.6019999980926514, 1.5989999771118164, 1.590000033378601, 1.5800000429153442, 1.5670000314712524, 1.565999984741211, 1.5609999895095825, 1.5520000457763672, 1.5470000505447388, 1.5460000038146973, 1.5390000343322754, 1.5360000133514404, 1.531000018119812, 1.5219999551773071, 1.5160000324249268, 1.5119999647140503, 1.5110000371932983, 1.5080000162124634, 1.503000020980835, 1.49399995803833, 1.4889999628067017, 1.4800000190734863, 1.4789999723434448, 1.475000023841858, 1.4769999980926514, 1.4600000381469727, 1.4539999961853027, 1.4509999752044678, 1.4500000476837158, 1.4470000267028809, 1.437000036239624, 1.4420000314712524, 1.444000005722046, 1.4359999895095825, 1.4229999780654907, 1.4210000038146973, 1.4049999713897705, 1.406000018119812, 1.406999945640564, 1.4040000438690186, 1.399999976158142, 1.3949999809265137, 1.3910000324249268, 1.3899999856948853, 1.3890000581741333, 1.378000020980835, 1.378000020980835, 1.3769999742507935, 1.3730000257492065, 1.3630000352859497, 1.3580000400543213, 1.3559999465942383, 1.3550000190734863, 1.3580000400543213, 1.3589999675750732, 1.3569999933242798, 1.3509999513626099, 1.3509999513626099, 1.3489999771118164, 1.347000002861023, 1.3459999561309814, 1.3370000123977661, 1.3350000381469727, 1.3309999704360962, 1.3309999704360962, 1.3320000171661377, 1.3320000171661377, 1.3200000524520874, 1.3200000524520874, 1.3179999589920044, 1.3170000314712524, 1.319000005722046, 1.312000036239624, 1.2970000505447388, 1.2960000038146973, 1.2960000038146973, 1.2949999570846558, 1.2949999570846558, 1.2890000343322754, 1.2890000343322754, 1.2910000085830688, 1.2910000085830688, 1.284000039100647, 1.281000018119812, 1.2829999923706055, 1.2740000486373901, 1.2740000486373901, 1.2740000486373901, 1.2690000534057617, 1.2640000581741333, 1.2569999694824219, 1.2630000114440918, 1.2630000114440918, 1.2630000114440918, 1.2549999952316284, 1.2549999952316284, 1.2549999952316284, 1.2489999532699585, 1.2350000143051147, 1.2339999675750732, 1.2350000143051147, 1.2359999418258667, 1.2369999885559082, 1.2289999723434448, 1.2300000190734863, 1.2350000143051147, 1.2339999675750732, 1.2300000190734863, 1.225000023841858, 1.218999981880188, 1.2200000286102295, 1.2170000076293945, 1.2020000219345093, 1.1979999542236328, 1.1970000267028809, 1.2029999494552612, 1.2079999446868896, 1.1959999799728394, 1.187999963760376, 1.1799999475479126, 1.180999994277954, 1.1820000410079956, 1.180999994277954, 1.1749999523162842, 1.1749999523162842, 1.1699999570846558, 1.1720000505447388, 1.1699999570846558, 1.1649999618530273, 1.159000039100647, 1.1610000133514404, 1.159000039100647, 1.1540000438690186, 1.1519999504089355, 1.1510000228881836, 1.1430000066757202, 1.1380000114440918, 1.1330000162124634, 1.1319999694824219, 1.128999948501587, 1.1230000257492065, 1.121000051498413, 1.11899995803833, 1.1180000305175781, 1.1169999837875366, 1.1130000352859497, 1.1050000190734863, 1.1050000190734863, 1.1050000190734863, 1.1050000190734863, 1.0989999771118164, 1.0959999561309814, 1.093999981880188, 1.093000054359436, 1.093000054359436, 1.090000033378601, 1.0850000381469727, 1.0779999494552612, 1.0740000009536743, 1.0779999494552612, 1.0720000267028809, 1.0700000524520874, 1.0679999589920044, 1.062000036239624, 1.0640000104904175, 1.0540000200271606, 1.0520000457763672, 1.0520000457763672, 1.0520000457763672, 1.0479999780654907, 1.0440000295639038, 1.0399999618530273, 1.0410000085830688, 1.0369999408721924, 1.0360000133514404, 1.0290000438690186, 1.0210000276565552, 1.0160000324249268, 1.0140000581741333, 1.0069999694824219, 1.0069999694824219, 1.003000020980835, 1.0099999904632568, 0.9990000128746033, 0.9950000047683716, 0.9919999837875366, 0.9909999966621399, 0.9909999966621399, 0.9900000095367432, 0.9879999756813049, 0.9769999980926514, 0.9710000157356262, 0.9710000157356262, 0.9710000157356262, 0.9739999771118164, 0.9629999995231628, 0.9559999704360962, 0.9559999704360962, 0.9559999704360962, 0.9649999737739563, 0.9599999785423279, 0.9539999961853027, 0.9539999961853027, 0.953000009059906, 0.9409999847412109, 0.9369999766349792, 0.9350000023841858, 0.9319999814033508, 0.9290000200271606, 0.9259999990463257, 0.9240000247955322, 0.921999990940094, 0.9169999957084656, 0.9150000214576721, 0.9139999747276306, 0.9100000262260437, 0.9010000228881836, 0.8949999809265137, 0.8960000276565552, 0.8960000276565552, 0.8970000147819519, 0.8880000114440918, 0.890999972820282, 0.8949999809265137, 0.8799999952316284, 0.875, 0.8700000047683716, 0.8650000095367432, 0.8640000224113464, 0.8650000095367432, 0.8669999837875366, 0.8640000224113464, 0.8579999804496765, 0.8550000190734863, 0.8510000109672546, 0.8479999899864197, 0.847000002861023, 0.843999981880188, 0.8399999737739563, 0.8379999995231628, 0.8370000123977661, 0.8360000252723694, 0.8370000123977661, 0.8339999914169312, 0.8320000171661377, 0.8259999752044678, 0.8169999718666077, 0.8140000104904175, 0.8119999766349792, 0.8090000152587891, 0.8059999942779541, 0.8019999861717224, 0.8019999861717224, 0.8019999861717224, 0.7990000247955322, 0.7960000038146973, 0.7940000295639038, 0.7820000052452087, 0.781000018119812, 0.7820000052452087, 0.781000018119812, 0.7760000228881836, 0.7730000019073486, 0.7699999809265137, 0.7570000290870667, 0.7540000081062317, 0.7540000081062317, 0.7570000290870667, 0.753000020980835, 0.746999979019165, 0.7480000257492065, 0.7480000257492065, 0.7440000176429749, 0.7400000095367432, 0.7329999804496765, 0.7319999933242798, 0.7310000061988831, 0.734000027179718, 0.7260000109672546, 0.7260000109672546, 0.7229999899864197, 0.7210000157356262, 0.7139999866485596, 0.7149999737739563, 0.7170000076293945, 0.7179999947547913, 0.7110000252723694, 0.699999988079071, 0.6980000138282776, 0.6980000138282776, 0.6990000009536743, 0.6980000138282776, 0.6970000267028809, 0.6919999718666077, 0.6850000023841858, 0.6830000281333923, 0.6809999942779541, 0.6809999942779541, 0.6729999780654907, 0.6729999780654907, 0.6679999828338623, 0.6700000166893005, 0.6729999780654907, 0.6690000295639038, 0.6629999876022339, 0.6629999876022339, 0.6629999876022339, 0.6589999794960022, 0.6579999923706055, 0.6499999761581421, 0.6470000147819519, 0.6579999923706055, 0.6579999923706055, 0.656000018119812, 0.6470000147819519, 0.6420000195503235, 0.6399999856948853, 0.6380000114440918, 0.6349999904632568, 0.6380000114440918, 0.6380000114440918, 0.6389999985694885, 0.6359999775886536, 0.628000020980835, 0.6269999742507935, 0.6259999871253967, 0.625, 0.6200000047683716, 0.6190000176429749, 0.6140000224113464, 0.6150000095367432, 0.6150000095367432, 0.6119999885559082, 0.6129999756813049, 0.6119999885559082, 0.609000027179718, 0.6069999933242798, 0.6110000014305115, 0.6110000014305115, 0.6079999804496765, 0.6060000061988831, 0.6060000061988831, 0.6000000238418579, 0.593999981880188, 0.5979999899864197, 0.5920000076293945, 0.5879999995231628, 0.5879999995231628, 0.5920000076293945, 0.5899999737739563, 0.5899999737739563, 0.5899999737739563, 0.5920000076293945, 0.5920000076293945, 0.5899999737739563, 0.5879999995231628, 0.5849999785423279, 0.5860000252723694, 0.5899999737739563, 0.5929999947547913, 0.5809999704360962, 0.5799999833106995, 0.5809999704360962, 0.578000009059906, 0.578000009059906, 0.5770000219345093, 0.5789999961853027, 0.5839999914169312, 0.5830000042915344, 0.5839999914169312, 0.5799999833106995, 0.574999988079071, 0.5720000267028809, 0.5680000185966492, 0.5619999766349792, 0.5630000233650208, 0.5690000057220459, 0.5690000057220459, 0.5690000057220459, 0.5659999847412109, 0.5709999799728394, 0.5730000138282776, 0.5699999928474426, 0.5630000233650208, 0.5669999718666077, 0.5669999718666077, 0.5669999718666077, 0.5659999847412109, 0.5640000104904175, 0.5609999895095825, 0.5630000233650208, 0.5630000233650208, 0.5609999895095825, 0.5609999895095825, 0.5600000023841858, 0.5590000152587891, 0.5590000152587891, 0.5590000152587891, 0.5569999814033508, 0.5580000281333923, 0.5580000281333923, 0.5580000281333923, 0.5550000071525574, 0.5529999732971191, 0.5529999732971191, 0.5529999732971191, 0.5529999732971191, 0.5479999780654907, 0.5479999780654907, 0.550000011920929, 0.546999990940094, 0.5450000166893005, 0.5460000038146973, 0.5460000038146973, 0.5479999780654907, 0.5519999861717224, 0.5519999861717224, 0.5490000247955322, 0.5419999957084656, 0.5450000166893005, 0.546999990940094, 0.546999990940094, 0.5379999876022339, 0.5379999876022339, 0.5419999957084656, 0.550000011920929, 0.550000011920929, 0.550000011920929, 0.5479999780654907, 0.5450000166893005, 0.5450000166893005, 0.546999990940094, 0.5460000038146973, 0.5440000295639038, 0.5429999828338623, 0.5440000295639038, 0.5479999780654907, 0.5519999861717224, 0.5519999861717224, 0.5429999828338623, 0.5429999828338623, 0.5429999828338623, 0.5490000247955322, 0.550000011920929, 0.5519999861717224, 0.5519999861717224, 0.5429999828338623, 0.5429999828338623, 0.5400000214576721, 0.5410000085830688, 0.550000011920929, 0.5460000038146973, 0.550000011920929, 0.550000011920929, 0.550000011920929, 0.5490000247955322, 0.5460000038146973, 0.5460000038146973, 0.5450000166893005, 0.5450000166893005, 0.546999990940094, 0.550000011920929, 0.5559999942779541, 0.5529999732971191, 0.5509999990463257, 0.550000011920929, 0.5509999990463257, 0.5509999990463257, 0.5519999861717224, 0.5529999732971191, 0.5519999861717224, 0.5519999861717224, 0.5519999861717224, 0.550000011920929, 0.5509999990463257, 0.5529999732971191, 0.5559999942779541, 0.5529999732971191, 0.5550000071525574, 0.5540000200271606, 0.5540000200271606, 0.5550000071525574, 0.5550000071525574, 0.5559999942779541, 0.5590000152587891, 0.5540000200271606, 0.5540000200271606, 0.5580000281333923, 0.5569999814033508, 0.5559999942779541, 0.5540000200271606, 0.5540000200271606, 0.5540000200271606, 0.5540000200271606, 0.5479999780654907, 0.5559999942779541, 0.5569999814033508, 0.5590000152587891, 0.5559999942779541, 0.5540000200271606, 0.5630000233650208, 0.5630000233650208, 0.5640000104904175, 0.5619999766349792, 0.5609999895095825, 0.5569999814033508, 0.5580000281333923, 0.5600000023841858, 0.5590000152587891, 0.5569999814033508, 0.5590000152587891, 0.5680000185966492, 0.5730000138282776, 0.5699999928474426, 0.5680000185966492, 0.5680000185966492, 0.5690000057220459, 0.5720000267028809, 0.5759999752044678, 0.5770000219345093, 0.5759999752044678, 0.5709999799728394, 0.5669999718666077, 0.5699999928474426, 0.5730000138282776, 0.5730000138282776, 0.5709999799728394, 0.5720000267028809, 0.5709999799728394, 0.5690000057220459, 0.5690000057220459, 0.5759999752044678, 0.5839999914169312, 0.5809999704360962, 0.5740000009536743, 0.5740000009536743, 0.5740000009536743, 0.5820000171661377, 0.5849999785423279, 0.5899999737739563, 0.5950000286102295, 0.5889999866485596, 0.5889999866485596, 0.5899999737739563, 0.5889999866485596, 0.5889999866485596, 0.5899999737739563, 0.5989999771118164, 0.5960000157356262, 0.5929999947547913, 0.597000002861023, 0.6069999933242798, 0.6100000143051147, 0.6010000109672546, 0.6010000109672546, 0.6029999852180481, 0.6029999852180481, 0.6100000143051147, 0.6079999804496765, 0.6069999933242798, 0.6050000190734863, 0.6140000224113464, 0.6179999709129333, 0.6179999709129333, 0.6179999709129333, 0.6230000257492065, 0.6240000128746033, 0.6240000128746033, 0.6259999871253967, 0.628000020980835, 0.6309999823570251, 0.6330000162124634, 0.6309999823570251, 0.6299999952316284, 0.628000020980835, 0.6299999952316284, 0.6299999952316284, 0.6389999985694885, 0.640999972820282, 0.6480000019073486, 0.6480000019073486, 0.6470000147819519, 0.6460000276565552, 0.6480000019073486, 0.6499999761581421, 0.6489999890327454, 0.6520000100135803, 0.6539999842643738, 0.652999997138977, 0.652999997138977, 0.652999997138977, 0.6549999713897705, 0.6600000262260437, 0.6660000085830688, 0.6740000247955322, 0.6700000166893005, 0.6660000085830688, 0.6759999990463257, 0.6790000200271606, 0.6809999942779541, 0.6790000200271606, 0.6759999990463257, 0.6800000071525574, 0.6859999895095825, 0.6919999718666077, 0.6949999928474426, 0.6959999799728394, 0.6940000057220459, 0.6930000185966492, 0.6869999766349792, 0.6880000233650208, 0.6959999799728394, 0.7049999833106995, 0.7049999833106995, 0.7049999833106995, 0.7099999785423279, 0.7099999785423279, 0.7110000252723694, 0.7139999866485596, 0.7110000252723694, 0.7170000076293945, 0.718999981880188, 0.7210000157356262, 0.7210000157356262, 0.7210000157356262, 0.7160000205039978, 0.7129999995231628, 0.7110000252723694, 0.7139999866485596, 0.7279999852180481, 0.7369999885559082, 0.7379999756813049, 0.7429999709129333, 0.7459999918937683, 0.7509999871253967, 0.753000020980835, 0.7590000033378601, 0.7559999823570251, 0.7609999775886536, 0.7599999904632568, 0.7649999856948853, 0.7739999890327454, 0.7760000228881836, 0.7760000228881836, 0.7670000195503235, 0.7639999985694885, 0.7770000100135803, 0.7960000038146973, 0.800000011920929, 0.8019999861717224, 0.7990000247955322, 0.7979999780654907, 0.7979999780654907, 0.8119999766349792, 0.8149999976158142, 0.8180000185966492, 0.8169999718666077, 0.8240000009536743, 0.8270000219345093, 0.8379999995231628, 0.847000002861023, 0.847000002861023, 0.859000027179718, 0.8640000224113464, 0.8700000047683716, 0.8740000128746033, 0.8889999985694885, 0.8809999823570251, 0.8809999823570251, 0.890999972820282, 0.8899999856948853, 0.8999999761581421, 0.8949999809265137, 0.9070000052452087, 0.9100000262260437, 0.9240000247955322]
intensities: [1114.0, 1151.0, 1173.0, 1354.0, 1408.0, 1408.0, 1517.0, 1547.0, 1555.0, 1597.0, 1597.0, 1611.0, 1595.0, 1588.0, 1481.0, 1269.0, 1096.0, 888.0, 941.0, 776.0, 989.0, 1001.0, 1001.0, 1013.0, 1031.0, 1030.0, 1034.0, 1098.0, 1179.0, 1277.0, 1432.0, 1437.0, 1566.0, 1613.0, 1634.0, 1673.0, 1673.0, 1674.0, 1700.0, 1703.0, 1701.0, 1702.0, 1698.0, 1703.0, 1695.0, 1691.0, 1697.0, 1668.0, 1668.0, 1659.0, 1665.0, 1668.0, 1668.0, 1664.0, 1664.0, 1659.0, 1653.0, 1645.0, 1645.0, 1627.0, 1625.0, 1625.0, 1607.0, 1616.0, 1616.0, 1609.0, 1611.0, 1611.0, 1620.0, 1592.0, 1604.0, 1623.0, 1613.0, 1613.0, 1583.0, 1576.0, 1577.0, 1553.0, 1592.0, 1565.0, 1554.0, 1540.0, 1551.0, 1546.0, 1544.0, 1558.0, 1535.0, 1551.0, 1542.0, 1531.0, 1531.0, 1532.0, 1532.0, 1534.0, 1530.0, 1530.0, 1530.0, 1479.0, 1497.0, 1508.0, 1516.0, 1502.0, 1497.0, 1500.0, 1499.0, 1506.0, 1499.0, 1493.0, 1483.0, 1491.0, 1505.0, 1469.0, 1483.0, 1478.0, 1466.0, 1458.0, 1475.0, 1491.0, 1460.0, 1458.0, 1450.0, 1450.0, 1443.0, 1461.0, 1421.0, 1412.0, 1414.0, 1408.0, 1402.0, 1399.0, 1422.0, 1402.0, 1408.0, 1388.0, 1387.0, 1374.0, 1374.0, 1375.0, 1370.0, 1367.0, 1367.0, 1372.0, 1374.0, 1357.0, 1357.0, 1346.0, 1330.0, 1327.0, 1325.0, 1325.0, 1309.0, 1319.0, 1305.0, 1291.0, 1301.0, 1295.0, 1284.0, 1293.0, 1270.0, 1314.0, 1273.0, 1272.0, 1272.0, 1268.0, 1269.0, 1273.0, 1273.0, 1273.0, 1273.0, 1273.0, 1274.0, 1270.0, 1268.0, 1273.0, 1238.0, 1248.0, 1239.0, 1240.0, 1234.0, 1229.0, 1213.0, 1202.0, 1206.0, 1206.0, 1206.0, 1202.0, 1206.0, 1195.0, 1203.0, 1208.0, 1201.0, 1187.0, 1179.0, 1179.0, 1185.0, 1185.0, 1182.0, 1177.0, 1165.0, 1165.0, 1168.0, 1173.0, 1162.0, 1157.0, 1152.0, 1171.0, 1178.0, 1158.0, 1155.0, 1152.0, 1154.0, 1141.0, 1138.0, 1140.0, 1149.0, 1148.0, 1142.0, 1144.0, 1152.0, 1128.0, 1147.0, 1134.0, 1145.0, 1137.0, 1135.0, 1143.0, 1142.0, 1143.0, 1146.0, 1146.0, 1147.0, 1122.0, 1142.0, 1120.0, 1120.0, 1120.0, 1124.0, 1128.0, 1137.0, 1138.0, 1146.0, 1153.0, 1144.0, 1145.0, 1137.0, 1137.0, 1137.0, 1127.0, 1134.0, 1130.0, 1128.0, 1124.0, 1106.0, 1121.0, 1130.0, 1121.0, 1123.0, 1107.0, 1146.0, 1127.0, 1145.0, 1145.0, 1140.0, 1128.0, 1128.0, 1115.0, 1136.0, 1113.0, 1136.0, 1125.0, 1119.0, 1110.0, 1110.0, 1122.0, 1121.0, 1121.0, 1126.0, 1121.0, 1129.0, 1140.0, 1149.0, 1135.0, 1128.0, 1133.0, 1150.0, 1148.0, 1148.0, 1146.0, 1167.0, 1155.0, 1157.0, 1141.0, 1162.0, 1162.0, 1169.0, 1153.0, 1153.0, 1160.0, 1182.0, 1182.0, 1174.0, 1156.0, 1177.0, 1174.0, 1174.0, 1172.0, 1168.0, 1163.0, 1154.0, 1174.0, 1179.0, 1166.0, 1172.0, 1137.0, 1135.0, 1132.0, 1119.0, 1126.0, 1119.0, 1139.0, 1123.0, 1094.0, 1103.0, 1101.0, 1122.0, 1075.0, 1080.0, 1301.0, 1561.0, 1595.0, 880.0, 887.0, 902.0, 901.0, 902.0, 910.0, 917.0, 927.0, 928.0, 942.0, 941.0, 933.0, 943.0, 939.0, 948.0, 936.0, 931.0, 950.0, 961.0, 945.0, 958.0, 955.0, 959.0, 958.0, 961.0, 971.0, 960.0, 974.0, 978.0, 976.0, 977.0, 965.0, 978.0, 981.0, 996.0, 997.0, 1002.0, 1000.0, 1002.0, 993.0, 1015.0, 1017.0, 1016.0, 1014.0, 1019.0, 1015.0, 1011.0, 1024.0, 1027.0, 1037.0, 1047.0, 1036.0, 1047.0, 1053.0, 1064.0, 1062.0, 1062.0, 1073.0, 1078.0, 1076.0, 1079.0, 1096.0, 1092.0, 1084.0, 1105.0, 1099.0, 1099.0, 1084.0, 1113.0, 1111.0, 1090.0, 1093.0, 1089.0, 1112.0, 1114.0, 1112.0, 1106.0, 1090.0, 1092.0, 1093.0, 1086.0, 1085.0, 1099.0, 1085.0, 1096.0, 1099.0, 1100.0, 1115.0, 1106.0, 1104.0, 1109.0, 1112.0, 1106.0, 1104.0, 1120.0, 1110.0, 1099.0, 1137.0, 1109.0, 1123.0, 1096.0, 1125.0, 1112.0, 1118.0, 1128.0, 1120.0, 1146.0, 1159.0, 1135.0, 1124.0, 1128.0, 1120.0, 1114.0, 1108.0, 1125.0, 1110.0, 1112.0, 1129.0, 1122.0, 1127.0, 1131.0, 1135.0, 1135.0, 1138.0, 1146.0, 1148.0, 1144.0, 1147.0, 1152.0, 1159.0, 1155.0, 1161.0, 1161.0, 1177.0, 1197.0, 1199.0, 1198.0, 1205.0, 1221.0, 1224.0, 1216.0, 1220.0, 1227.0, 1227.0, 1221.0, 1224.0, 1235.0, 1239.0, 1241.0, 1235.0, 1249.0, 1222.0, 1222.0, 1220.0, 1216.0, 1213.0, 1218.0, 1225.0, 1215.0, 1228.0, 1218.0, 1213.0, 1217.0, 1222.0, 1230.0, 1240.0, 1223.0, 1225.0, 1226.0, 1229.0, 1226.0, 1226.0, 1226.0, 1223.0, 1232.0, 1236.0, 1232.0, 1235.0, 1236.0, 1245.0, 1238.0, 1247.0, 1254.0, 1256.0, 1238.0, 1242.0, 1242.0, 1240.0, 1249.0, 1244.0, 1244.0, 1249.0, 1234.0, 1228.0, 1237.0, 1241.0, 1246.0, 1237.0, 1246.0, 1249.0, 1253.0, 1244.0, 1246.0, 1252.0, 1263.0, 1265.0, 1253.0, 1261.0, 1255.0, 1249.0, 1254.0, 1269.0, 1266.0, 1267.0, 1269.0, 1253.0, 1267.0, 1274.0, 1269.0, 1276.0, 1272.0, 1287.0, 1284.0, 1284.0, 1286.0, 1287.0, 1281.0, 1280.0, 1289.0, 1271.0, 1281.0, 1300.0, 1292.0, 1285.0, 1315.0, 1305.0, 1299.0, 1293.0, 1294.0, 1301.0, 1309.0, 1303.0, 1296.0, 1317.0, 1315.0, 1313.0, 1302.0, 1311.0, 1316.0, 1321.0, 1298.0, 1297.0, 1308.0, 1317.0, 1297.0, 1297.0, 1293.0, 1328.0, 1332.0, 1315.0, 1330.0, 1334.0, 1336.0, 1329.0, 1318.0, 1323.0, 1327.0, 1328.0, 1330.0, 1348.0, 1327.0, 1329.0, 1323.0, 1323.0, 1342.0, 1347.0, 1348.0, 1351.0, 1340.0, 1370.0, 1366.0, 1361.0, 1381.0, 1377.0, 1376.0, 1368.0, 1378.0, 1388.0, 1381.0, 1385.0, 1368.0, 1376.0, 1391.0, 1384.0, 1384.0, 1400.0, 1387.0, 1400.0, 1414.0, 1389.0, 1394.0, 1383.0, 1388.0, 1393.0, 1391.0, 1408.0, 1400.0, 1422.0, 1416.0, 1415.0, 1412.0, 1429.0, 1409.0, 1430.0, 1433.0, 1428.0, 1424.0, 1437.0, 1440.0, 1431.0, 1441.0, 1438.0, 1451.0, 1453.0, 1450.0, 1459.0, 1446.0, 1446.0, 1446.0, 1443.0, 1449.0, 1451.0, 1461.0, 1475.0, 1467.0, 1459.0, 1454.0, 1466.0, 1468.0, 1496.0, 1490.0, 1486.0, 1478.0, 1488.0, 1483.0, 1496.0, 1496.0, 1485.0, 1479.0, 1493.0, 1490.0, 1493.0, 1503.0, 1485.0, 1485.0, 1490.0, 1495.0, 1490.0, 1523.0, 1512.0, 1501.0, 1519.0, 1529.0, 1531.0, 1545.0, 1562.0, 1570.0, 1571.0, 1586.0, 1574.0, 1575.0, 1586.0, 1586.0, 1581.0, 1581.0, 1569.0, 1576.0, 1584.0, 1581.0, 1593.0, 1593.0, 1606.0, 1608.0, 1612.0, 1610.0, 1596.0, 1627.0, 1627.0, 1637.0, 1624.0, 1629.0, 1634.0, 1653.0, 1651.0, 1664.0, 1666.0, 1646.0, 1626.0, 1643.0, 1631.0, 1635.0, 1636.0, 1645.0, 1646.0, 1637.0, 1641.0, 1646.0, 1656.0, 1649.0, 1647.0, 1649.0, 1643.0, 1647.0, 1647.0, 1659.0, 1669.0, 1674.0, 1679.0, 1686.0, 1686.0, 1679.0, 1679.0, 1679.0, 1688.0, 1684.0, 1670.0, 1670.0, 1677.0, 1677.0, 1664.0, 1662.0, 1680.0, 1685.0, 1688.0, 1674.0, 1664.0, 1662.0, 1667.0, 1653.0, 1653.0, 1671.0, 1668.0, 1646.0, 1654.0, 1667.0, 1662.0, 1663.0, 1661.0, 1684.0, 1627.0, 1627.0, 1663.0, 1663.0, 1672.0, 1670.0, 1697.0, 1664.0, 1663.0, 1662.0, 1665.0, 1667.0, 1667.0, 1660.0, 1648.0, 1647.0, 1643.0, 1647.0, 1654.0, 1661.0, 1654.0, 1664.0, 1664.0, 1647.0, 1624.0, 1627.0, 1627.0, 1616.0, 1620.0, 1614.0, 1614.0, 1608.0, 1600.0, 1600.0, 1626.0, 1606.0, 1615.0, 1616.0, 1622.0, 1622.0, 1633.0, 1642.0, 1642.0, 1623.0, 1633.0, 1625.0, 1589.0, 1589.0, 1615.0, 1615.0, 1613.0, 1558.0, 1558.0, 1568.0, 1558.0, 1548.0, 1543.0, 1537.0, 1539.0, 1556.0, 1526.0, 1518.0, 1522.0, 1518.0, 1521.0, 1543.0, 1526.0, 1545.0, 1514.0, 1520.0, 1526.0, 1505.0, 1479.0, 1479.0, 1479.0, 1483.0, 1484.0, 1479.0, 1461.0, 1465.0, 1462.0, 1456.0, 1449.0, 1449.0, 1449.0, 1449.0, 1449.0, 1449.0, 1452.0, 1449.0, 1448.0, 1448.0, 1449.0, 1449.0, 1433.0, 1418.0, 1417.0, 1420.0, 1420.0, 1408.0, 1406.0, 1419.0, 1403.0, 1397.0, 1380.0, 1374.0, 1371.0, 1381.0, 1384.0, 1389.0, 1394.0, 1370.0, 1366.0, 1389.0, 1370.0, 1370.0, 1368.0, 1368.0, 1361.0, 1361.0, 1371.0, 1346.0, 1351.0, 1356.0, 1341.0, 1326.0, 1329.0, 1329.0, 1339.0, 1320.0, 1307.0, 1328.0, 1310.0, 1302.0, 1318.0, 1300.0, 1313.0, 1313.0, 1306.0, 1302.0, 1288.0, 1288.0, 1292.0, 1296.0, 1287.0, 1295.0, 1283.0, 1255.0, 1265.0, 1262.0, 1264.0, 1264.0, 1258.0, 1244.0, 1239.0, 1243.0, 1243.0, 1242.0, 1250.0, 1252.0, 1241.0, 1241.0, 1241.0, 1250.0, 1243.0, 1242.0, 1229.0, 1233.0, 1244.0, 1251.0, 1246.0, 1241.0, 1244.0, 1260.0, 1236.0, 1212.0, 1222.0, 1233.0, 1234.0, 1236.0, 1234.0, 1230.0, 1230.0, 1232.0, 1199.0, 1212.0, 1225.0, 1224.0, 1226.0, 1229.0, 1221.0, 1216.0, 1221.0, 1221.0, 1221.0, 1228.0, 1200.0, 1219.0, 1223.0, 1215.0, 1211.0, 1209.0, 1209.0, 1232.0, 1209.0, 1216.0, 1213.0, 1211.0, 1201.0, 1212.0, 1215.0, 1211.0, 1222.0, 1214.0, 1227.0, 1217.0, 1217.0, 1204.0, 1210.0, 1212.0, 1231.0, 1217.0, 1204.0, 1227.0, 1200.0, 1196.0, 1201.0, 1202.0, 1207.0, 1202.0, 1197.0, 1202.0, 1200.0, 1200.0, 1195.0, 1194.0, 1197.0, 1204.0, 1197.0, 1214.0, 1194.0, 1205.0, 1205.0, 1192.0, 1188.0, 1185.0, 1180.0, 1186.0, 1192.0, 1187.0, 1185.0, 1176.0, 1176.0, 1176.0, 1176.0, 1175.0, 1156.0, 1158.0, 1155.0, 1158.0, 1158.0, 1167.0, 1160.0, 1177.0, 1194.0, 1172.0, 1166.0, 1168.0, 1166.0, 1168.0, 1171.0, 1177.0, 1188.0, 1219.0, 1211.0, 1203.0, 1199.0, 1195.0, 1195.0, 1210.0, 1220.0, 1202.0, 1210.0, 1202.0, 1204.0, 1210.0, 1219.0, 1200.0, 1223.0, 1221.0, 1219.0, 1228.0, 1219.0, 1239.0, 1239.0, 1246.0, 1211.0, 1237.0, 1230.0, 1233.0, 1231.0, 1206.0]