header: 
  seq: 1341
  stamp: 
    secs: 1548820790
    nsecs: 680103254
  frame_id: "base_link"
angle_min: -2.35619449615
angle_max: 2.35619449615
angle_increment: 0.00436332309619
time_increment: 1.73611151695e-05
scan_time: 0.0250000003725
range_min: 0.019999999553
range_max: 30.0
ranges: [0.45500001311302185, 0.4620000123977661, 0.45899999141693115, 0.4740000069141388, 0.46399998664855957, 0.47699999809265137, 0.47200000286102295, 0.4749999940395355, 0.4779999852180481, 0.4779999852180481, 0.4740000069141388, 0.4690000116825104, 0.46799999475479126, 0.46700000762939453, 0.45100000500679016, 0.4569999873638153, 0.39500001072883606, 0.3580000102519989, 0.33399999141693115, 0.30799999833106995, 0.367000013589859, 0.4090000092983246, 0.44200000166893005, 0.44699999690055847, 0.46299999952316284, 0.4659999907016754, 0.4569999873638153, 0.4440000057220459, 0.4410000145435333, 0.4560000002384186, 0.4480000138282776, 0.4569999873638153, 0.4580000042915344, 0.4560000002384186, 0.4620000123977661, 0.45500001311302185, 0.45500001311302185, 0.4560000002384186, 0.45399999618530273, 0.45899999141693115, 0.4580000042915344, 0.4560000002384186, 0.4569999873638153, 0.4569999873638153, 0.44200000166893005, 0.43799999356269836, 0.4390000104904175, 0.4410000145435333, 0.4480000138282776, 0.4490000009536743, 0.4410000145435333, 0.4390000104904175, 0.43799999356269836, 0.4320000112056732, 0.4309999942779541, 0.4300000071525574, 0.4320000112056732, 0.4320000112056732, 0.43700000643730164, 0.43799999356269836, 0.4429999887943268, 0.4399999976158142, 0.4390000104904175, 0.43299999833106995, 0.43299999833106995, 0.4350000023841858, 0.4350000023841858, 0.4309999942779541, 0.4230000078678131, 0.42800000309944153, 0.4309999942779541, 0.43700000643730164, 0.4359999895095825, 0.4350000023841858, 0.4339999854564667, 0.4269999861717224, 0.4300000071525574, 0.4269999861717224, 0.4309999942779541, 0.42800000309944153, 0.42500001192092896, 0.4259999990463257, 0.42800000309944153, 0.42800000309944153, 0.42399999499320984, 0.42399999499320984, 0.4259999990463257, 0.42800000309944153, 0.42800000309944153, 0.41999998688697815, 0.41999998688697815, 0.41999998688697815, 0.42399999499320984, 0.42399999499320984, 0.42500001192092896, 0.42399999499320984, 0.4230000078678131, 0.4230000078678131, 0.41999998688697815, 0.41499999165534973, 0.4129999876022339, 0.414000004529953, 0.4169999957084656, 0.41999998688697815, 0.41999998688697815, 0.4189999997615814, 0.41999998688697815, 0.4129999876022339, 0.41100001335144043, 0.4129999876022339, 0.4169999957084656, 0.41999998688697815, 0.4230000078678131, 0.421999990940094, 0.4180000126361847, 0.41499999165534973, 0.41499999165534973, 0.4189999997615814, 0.42100000381469727, 0.42399999499320984, 0.421999990940094, 0.41999998688697815, 0.41499999165534973, 0.41200000047683716, 0.41200000047683716, 0.4129999876022339, 0.414000004529953, 0.41600000858306885, 0.41499999165534973, 0.41499999165534973, 0.41499999165534973, 0.41600000858306885, 0.41600000858306885, 0.414000004529953, 0.4129999876022339, 0.4059999883174896, 0.4129999876022339, 0.41100001335144043, 0.4090000092983246, 0.4090000092983246, 0.41200000047683716, 0.41600000858306885, 0.4180000126361847, 0.4180000126361847, 0.41600000858306885, 0.41600000858306885, 0.41499999165534973, 0.414000004529953, 0.414000004529953, 0.4180000126361847, 0.42399999499320984, 0.4230000078678131, 0.4169999957084656, 0.41600000858306885, 0.4169999957084656, 0.4189999997615814, 0.41999998688697815, 0.4169999957084656, 0.4169999957084656, 0.4169999957084656, 0.41600000858306885, 0.41600000858306885, 0.41600000858306885, 0.42100000381469727, 0.41200000047683716, 0.41499999165534973, 0.4129999876022339, 0.4129999876022339, 0.414000004529953, 0.41499999165534973, 0.41200000047683716, 0.4099999964237213, 0.4090000092983246, 0.41499999165534973, 0.41499999165534973, 0.42100000381469727, 0.421999990940094, 0.42399999499320984, 0.42100000381469727, 0.4180000126361847, 0.41499999165534973, 0.4169999957084656, 0.41100001335144043, 0.40700000524520874, 0.40799999237060547, 0.41499999165534973, 0.41600000858306885, 0.421999990940094, 0.42500001192092896, 0.42500001192092896, 0.421999990940094, 0.42100000381469727, 0.4180000126361847, 0.4180000126361847, 0.414000004529953, 0.41200000047683716, 0.41200000047683716, 0.414000004529953, 0.4169999957084656, 0.4180000126361847, 0.42899999022483826, 0.42800000309944153, 0.42399999499320984, 0.41999998688697815, 0.4230000078678131, 0.42800000309944153, 0.4300000071525574, 0.4309999942779541, 0.42800000309944153, 0.4259999990463257, 0.42500001192092896, 0.42399999499320984, 0.42399999499320984, 0.4230000078678131, 0.42399999499320984, 0.4269999861717224, 0.42899999022483826, 0.42899999022483826, 0.42899999022483826, 0.42500001192092896, 0.42500001192092896, 0.421999990940094, 0.421999990940094, 0.4359999895095825, 0.44200000166893005, 0.4359999895095825, 0.4300000071525574, 0.4320000112056732, 0.43700000643730164, 0.43299999833106995, 0.4339999854564667, 0.4320000112056732, 0.4320000112056732, 0.4320000112056732, 0.43799999356269836, 0.43700000643730164, 0.4359999895095825, 0.4440000057220459, 0.44600000977516174, 0.4449999928474426, 0.4399999976158142, 0.4399999976158142, 0.4429999887943268, 0.4440000057220459, 0.4440000057220459, 0.44200000166893005, 0.4410000145435333, 0.43799999356269836, 0.44200000166893005, 0.4440000057220459, 0.44699999690055847, 0.4490000009536743, 0.44699999690055847, 0.4480000138282776, 0.45500001311302185, 0.45500001311302185, 0.4659999907016754, 0.46799999475479126, 0.4650000035762787, 0.4560000002384186, 0.4690000116825104, 0.4729999899864197, 0.47200000286102295, 0.4659999907016754, 0.4699999988079071, 0.4699999988079071, 0.4729999899864197, 0.4650000035762787, 0.4699999988079071, 0.4699999988079071, 0.4729999899864197, 0.4880000054836273, 0.47999998927116394, 0.47699999809265137, 0.4740000069141388, 0.47699999809265137, 0.48100000619888306, 0.4830000102519989, 0.48500001430511475, 0.49000000953674316, 0.4909999966621399, 0.4909999966621399, 0.492000013589859, 0.492000013589859, 0.4950000047683716, 0.492000013589859, 0.4970000088214874, 0.503000020980835, 0.5019999742507935, 0.49900001287460327, 0.5040000081062317, 0.5080000162124634, 0.5059999823570251, 0.5080000162124634, 0.5109999775886536, 0.5090000033378601, 0.5109999775886536, 0.5120000243186951, 0.5199999809265137, 0.5170000195503235, 0.5230000019073486, 0.5230000019073486, 0.527999997138977, 0.5289999842643738, 0.5370000004768372, 0.5419999957084656, 0.546999990940094, 0.5379999876022339, 0.5350000262260437, 0.5370000004768372, 0.5410000085830688, 0.5440000295639038, 0.5490000247955322, 0.5529999732971191, 0.5490000247955322, 0.550000011920929, 0.5619999766349792, 0.5630000233650208, 0.5619999766349792, 0.5619999766349792, 0.5669999718666077, 0.5720000267028809, 0.5720000267028809, 0.574999988079071, 0.578000009059906, 0.5830000042915344, 0.5830000042915344, 0.5860000252723694, 0.5889999866485596, 0.5889999866485596, 0.593999981880188, 0.597000002861023, 0.597000002861023, 0.6010000109672546, 0.6129999756813049, 0.6150000095367432, 0.6150000095367432, 0.6190000176429749, 0.6240000128746033, 0.6259999871253967, 0.6309999823570251, 0.6330000162124634, 0.628000020980835, 0.6320000290870667, 0.640999972820282, 0.6430000066757202, 0.640999972820282, 0.6420000195503235, 0.6470000147819519, 0.6539999842643738, 0.6570000052452087, 0.6589999794960022, 0.6660000085830688, 0.6669999957084656, 0.6779999732971191, 0.6809999942779541, 0.6779999732971191, 0.6840000152587891, 0.6880000233650208, 0.6909999847412109, 0.6970000267028809, 0.7049999833106995, 0.7129999995231628, 0.7170000076293945, 0.718999981880188, 0.718999981880188, 0.722000002861023, 0.7260000109672546, 0.7329999804496765, 0.7450000047683716, 0.7480000257492065, 0.7490000128746033, 0.753000020980835, 0.7649999856948853, 0.7720000147819519, 0.7730000019073486, 0.7770000100135803, 0.7850000262260437, 0.7929999828338623, 0.7950000166893005, 0.8019999861717224, 0.8119999766349792, 0.8140000104904175, 0.8220000267028809, 0.8299999833106995, 0.8339999914169312, 0.8479999899864197, 0.8529999852180481, 0.859000027179718, 0.8659999966621399, 0.875, 0.8799999952316284, 0.8899999856948853, 0.906000018119812, 0.9089999794960022, 0.9129999876022339, 0.9179999828338623, 0.9259999990463257, 0.9449999928474426, 0.9449999928474426, 0.9559999704360962, 0.9649999737739563, 0.9779999852180481, 0.9789999723434448, 0.996999979019165, 1.0240000486373901, 1.0299999713897705, 1.034000039100647, 1.034000039100647, 1.0379999876022339, 1.0950000286102295, 1.1670000553131104, 1.2569999694824219, 1.4910000562667847, 1.5800000429153442, 1.725000023841858, 2.125, 2.128999948501587, 2.128999948501587, 2.130000114440918, 2.128000020980835, 2.125, 2.11899995803833, 2.115999937057495, 2.111999988555908, 2.114000082015991, 2.111999988555908, 2.111999988555908, 2.1019999980926514, 2.0999999046325684, 2.1070001125335693, 2.1059999465942383, 2.0969998836517334, 2.0980000495910645, 2.0989999771118164, 2.0950000286102295, 2.0899999141693115, 2.0840001106262207, 2.0810000896453857, 2.0810000896453857, 2.0739998817443848, 2.0799999237060547, 2.0799999237060547, 2.0769999027252197, 2.0759999752044678, 2.061000108718872, 2.061000108718872, 2.062000036239624, 2.063999891281128, 2.062999963760376, 2.063999891281128, 2.062999963760376, 2.058000087738037, 2.055000066757202, 2.052999973297119, 2.046999931335449, 2.0399999618530273, 2.0390000343322754, 2.0399999618530273, 2.0360000133514404, 2.0390000343322754, 2.0439999103546143, 2.0409998893737793, 2.0329999923706055, 2.0350000858306885, 2.0299999713897705, 2.0290000438690186, 2.0299999713897705, 2.0250000953674316, 2.0260000228881836, 2.0209999084472656, 2.0139999389648438, 2.013000011444092, 2.0160000324249268, 2.013000011444092, 2.00600004196167, 1.9989999532699585, 1.9930000305175781, 1.9930000305175781, 1.99399995803833, 1.9980000257492065, 1.9989999532699585, 1.9830000400543213, 1.9800000190734863, 1.9739999771118164, 1.9700000286102295, 1.965999960899353, 1.9630000591278076, 1.9639999866485596, 1.9609999656677246, 1.9539999961853027, 1.9539999961853027, 1.9539999961853027, 1.9479999542236328, 1.940999984741211, 1.9329999685287476, 1.9270000457763672, 1.9290000200271606, 1.9179999828338623, 1.9160000085830688, 1.9129999876022339, 1.906999945640564, 1.9040000438690186, 1.9010000228881836, 1.8960000276565552, 1.8969999551773071, 1.8969999551773071, 1.8860000371932983, 1.8860000371932983, 1.878000020980835, 1.871000051498413, 1.8669999837875366, 1.8700000047683716, 1.8519999980926514, 1.843999981880188, 1.840999960899353, 1.8380000591278076, 1.8359999656677246, 1.8320000171661377, 1.8250000476837158, 1.8229999542236328, 1.815000057220459, 1.8070000410079956, 1.8020000457763672, 1.7979999780654907, 1.784000039100647, 1.781000018119812, 1.7640000581741333, 1.7630000114440918, 1.7619999647140503, 1.753000020980835, 1.7510000467300415, 1.7480000257492065, 1.74399995803833, 1.7339999675750732, 1.7300000190734863, 1.7200000286102295, 1.715000033378601, 1.7070000171661377, 1.7020000219345093, 1.6959999799728394, 1.690000057220459, 1.684000015258789, 1.6690000295639038, 1.6660000085830688, 1.6619999408721924, 1.6490000486373901, 1.6469999551773071, 1.6399999856948853, 1.6319999694824219, 1.621999979019165, 1.6109999418258667, 1.6059999465942383, 1.6050000190734863, 1.597000002861023, 1.5850000381469727, 1.5740000009536743, 1.562000036239624, 1.555999994277954, 1.5529999732971191, 1.5379999876022339, 1.524999976158142, 1.5169999599456787, 1.5149999856948853, 1.5149999856948853, 1.5080000162124634, 1.5, 1.4869999885559082, 1.4830000400543213, 1.4670000076293945, 1.4620000123977661, 1.4529999494552612, 1.4479999542236328, 1.437000036239624, 1.4279999732971191, 1.4160000085830688, 1.4129999876022339, 1.3899999856948853, 1.3880000114440918, 1.3730000257492065, 1.3580000400543213, 1.3550000190734863, 1.3530000448226929, 1.343999981880188, 1.3339999914169312, 1.3220000267028809, 1.309999942779541, 1.3009999990463257, 1.2910000085830688, 1.281999945640564, 1.2680000066757202, 1.2480000257492065, 1.2389999628067017, 1.2300000190734863, 1.215999960899353, 1.2039999961853027, 1.190999984741211, 1.180999994277954, 1.1710000038146973, 1.159999966621399, 1.1469999551773071, 1.1319999694824219, 1.1139999628067017, 1.1089999675750732, 1.1059999465942383, 1.0959999561309814, 1.0729999542236328, 1.065999984741211, 1.0609999895095825, 1.055999994277954, 1.0440000295639038, 1.034000039100647, 1.0269999504089355, 1.0140000581741333, 1.0119999647140503, 0.9980000257492065, 0.9950000047683716, 0.9890000224113464, 0.9789999723434448, 0.9700000286102295, 0.9580000042915344, 0.9470000267028809, 0.9419999718666077, 0.9399999976158142, 0.9399999976158142, 0.9369999766349792, 0.921999990940094, 0.921999990940094, 0.9150000214576721, 0.9049999713897705, 0.8980000019073486, 0.8970000147819519, 0.8970000147819519, 0.8880000114440918, 0.8799999952316284, 0.875, 0.871999979019165, 0.8669999837875366, 0.8629999756813049, 0.8519999980926514, 0.8500000238418579, 0.8479999899864197, 0.8410000205039978, 0.8410000205039978, 0.8389999866485596, 0.8270000219345093, 0.8230000138282776, 0.8180000185966492, 0.8109999895095825, 0.8100000023841858, 0.8069999814033508, 0.8019999861717224, 0.7979999780654907, 0.7979999780654907, 0.7960000038146973, 0.7860000133514404, 0.7789999842643738, 0.781000018119812, 0.777999997138977, 0.7739999890327454, 0.7649999856948853, 0.7599999904632568, 0.7590000033378601, 0.7570000290870667, 0.7490000128746033, 0.7440000176429749, 0.7409999966621399, 0.7400000095367432, 0.7369999885559082, 0.7300000190734863, 0.718999981880188, 0.7160000205039978, 0.7160000205039978, 0.7200000286102295, 0.7200000286102295, 0.7129999995231628, 0.7059999704360962, 0.703000009059906, 0.699999988079071, 0.6980000138282776, 0.6940000057220459, 0.6869999766349792, 0.6869999766349792, 0.6850000023841858, 0.6830000281333923, 0.6779999732971191, 0.675000011920929, 0.6729999780654907, 0.6729999780654907, 0.6669999957084656, 0.6620000004768372, 0.6620000004768372, 0.6669999957084656, 0.6660000085830688, 0.6620000004768372, 0.6579999923706055, 0.6579999923706055, 0.6600000262260437, 0.652999997138977, 0.6449999809265137, 0.640999972820282, 0.6399999856948853, 0.6399999856948853, 0.6399999856948853, 0.6399999856948853, 0.6460000276565552, 0.6320000290870667, 0.6309999823570251, 0.6309999823570251, 0.6200000047683716, 0.6169999837875366, 0.6129999756813049, 0.6150000095367432, 0.6140000224113464, 0.6129999756813049, 0.6119999885559082, 0.6110000014305115, 0.6100000143051147, 0.6110000014305115, 0.6050000190734863, 0.5979999899864197, 0.593999981880188, 0.5910000205039978, 0.5889999866485596, 0.5879999995231628, 0.5870000123977661, 0.5870000123977661, 0.5820000171661377, 0.5809999704360962, 0.5830000042915344, 0.5830000042915344, 0.5820000171661377, 0.5830000042915344, 0.5799999833106995, 0.5770000219345093, 0.5770000219345093, 0.5740000009536743, 0.5740000009536743, 0.5720000267028809, 0.5680000185966492, 0.5669999718666077, 0.5649999976158142, 0.5649999976158142, 0.5649999976158142, 0.5630000233650208, 0.5609999895095825, 0.5619999766349792, 0.5580000281333923, 0.5580000281333923, 0.5600000023841858, 0.5619999766349792, 0.5590000152587891, 0.5450000166893005, 0.5419999957084656, 0.5509999990463257, 0.5519999861717224, 0.5460000038146973, 0.5490000247955322, 0.5450000166893005, 0.5519999861717224, 0.550000011920929, 0.550000011920929, 0.5450000166893005, 0.546999990940094, 0.550000011920929, 0.5450000166893005, 0.5410000085830688, 0.5299999713897705, 0.5299999713897705, 0.5339999794960022, 0.5400000214576721, 0.5389999747276306, 0.5370000004768372, 0.5320000052452087, 0.5350000262260437, 0.5379999876022339, 0.5379999876022339, 0.5320000052452087, 0.531000018119812, 0.5299999713897705, 0.527999997138977, 0.5249999761581421, 0.5289999842643738, 0.5289999842643738, 0.527999997138977, 0.5289999842643738, 0.5299999713897705, 0.5270000100135803, 0.527999997138977, 0.5249999761581421, 0.5210000276565552, 0.5189999938011169, 0.5170000195503235, 0.5130000114440918, 0.5210000276565552, 0.5210000276565552, 0.5210000276565552, 0.5149999856948853, 0.5130000114440918, 0.5120000243186951, 0.5270000100135803, 0.5149999856948853, 0.5130000114440918, 0.5130000114440918, 0.5130000114440918, 0.5109999775886536, 0.5090000033378601, 0.5090000033378601, 0.5090000033378601, 0.5090000033378601, 0.5049999952316284, 0.5109999775886536, 0.5120000243186951, 0.5099999904632568, 0.5070000290870667, 0.5070000290870667, 0.5059999823570251, 0.5090000033378601, 0.5070000290870667, 0.5080000162124634, 0.5059999823570251, 0.49900001287460327, 0.5040000081062317, 0.5070000290870667, 0.5049999952316284, 0.5019999742507935, 0.5040000081062317, 0.5, 0.5040000081062317, 0.5070000290870667, 0.5019999742507935, 0.5009999871253967, 0.5009999871253967, 0.5049999952316284, 0.5070000290870667, 0.5059999823570251, 0.503000020980835, 0.5009999871253967, 0.503000020980835, 0.49399998784065247, 0.49799999594688416, 0.492000013589859, 0.49799999594688416, 0.503000020980835, 0.503000020980835, 0.503000020980835, 0.5059999823570251, 0.503000020980835, 0.5009999871253967, 0.49900001287460327, 0.49900001287460327, 0.49900001287460327, 0.5, 0.5, 0.5, 0.49900001287460327, 0.5, 0.49900001287460327, 0.49900001287460327, 0.5019999742507935, 0.5070000290870667, 0.5070000290870667, 0.5080000162124634, 0.5059999823570251, 0.5040000081062317, 0.49900001287460327, 0.49799999594688416, 0.49799999594688416, 0.5019999742507935, 0.5080000162124634, 0.5070000290870667, 0.5070000290870667, 0.5059999823570251, 0.503000020980835, 0.503000020980835, 0.503000020980835, 0.5049999952316284, 0.5080000162124634, 0.5070000290870667, 0.5070000290870667, 0.5019999742507935, 0.5049999952316284, 0.5040000081062317, 0.5040000081062317, 0.5040000081062317, 0.5040000081062317, 0.5070000290870667, 0.5070000290870667, 0.5040000081062317, 0.5040000081062317, 0.5109999775886536, 0.5070000290870667, 0.5059999823570251, 0.5059999823570251, 0.5049999952316284, 0.5099999904632568, 0.5099999904632568, 0.5090000033378601, 0.5130000114440918, 0.5109999775886536, 0.5109999775886536, 0.5099999904632568, 0.5090000033378601, 0.5099999904632568, 0.5109999775886536, 0.5130000114440918, 0.5130000114440918, 0.5120000243186951, 0.515999972820282, 0.5180000066757202, 0.5180000066757202, 0.515999972820282, 0.5180000066757202, 0.5180000066757202, 0.515999972820282, 0.5109999775886536, 0.5099999904632568, 0.5120000243186951, 0.5170000195503235, 0.5170000195503235, 0.5130000114440918, 0.5139999985694885, 0.5139999985694885, 0.5180000066757202, 0.5180000066757202, 0.5149999856948853, 0.5189999938011169, 0.5149999856948853, 0.5189999938011169, 0.5210000276565552, 0.5210000276565552, 0.5180000066757202, 0.5149999856948853, 0.5149999856948853, 0.5270000100135803, 0.5220000147819519, 0.5220000147819519, 0.5220000147819519, 0.5230000019073486, 0.527999997138977, 0.5230000019073486, 0.5180000066757202, 0.5199999809265137, 0.5270000100135803, 0.5299999713897705, 0.5299999713897705, 0.5270000100135803, 0.527999997138977, 0.5299999713897705, 0.5299999713897705, 0.531000018119812, 0.5370000004768372, 0.5379999876022339, 0.5339999794960022, 0.5339999794960022, 0.5299999713897705, 0.5299999713897705, 0.5320000052452087, 0.5379999876022339, 0.5450000166893005, 0.5440000295639038, 0.5429999828338623, 0.5429999828338623, 0.5479999780654907, 0.5519999861717224, 0.550000011920929, 0.5450000166893005, 0.5479999780654907, 0.5479999780654907, 0.5490000247955322, 0.5509999990463257, 0.5540000200271606, 0.5580000281333923, 0.5600000023841858, 0.5619999766349792, 0.5649999976158142, 0.5649999976158142, 0.5609999895095825, 0.5619999766349792, 0.5649999976158142, 0.5649999976158142, 0.5659999847412109, 0.5690000057220459, 0.5720000267028809, 0.5680000185966492, 0.5740000009536743, 0.578000009059906, 0.578000009059906, 0.5809999704360962, 0.5839999914169312, 0.5889999866485596, 0.5860000252723694, 0.5820000171661377, 0.5820000171661377, 0.5920000076293945, 0.5950000286102295, 0.5950000286102295, 0.593999981880188, 0.5989999771118164, 0.6010000109672546, 0.6060000061988831, 0.6050000190734863, 0.6060000061988831, 0.6029999852180481, 0.6110000014305115, 0.6100000143051147, 0.6129999756813049, 0.6209999918937683, 0.6179999709129333, 0.6190000176429749, 0.6169999837875366, 0.6179999709129333, 0.6179999709129333, 0.625, 0.6230000257492065, 0.625, 0.6269999742507935, 0.6269999742507935, 0.6259999871253967, 0.6430000066757202, 0.6430000066757202, 0.6430000066757202, 0.640999972820282, 0.6389999985694885, 0.6420000195503235, 0.6389999985694885, 0.6430000066757202, 0.6399999856948853, 0.6449999809265137, 0.6449999809265137, 0.6489999890327454, 0.6510000228881836, 0.6520000100135803, 0.6549999713897705, 0.6549999713897705, 0.6520000100135803, 0.6549999713897705, 0.6629999876022339, 0.6620000004768372, 0.6650000214576721, 0.6669999957084656, 0.6690000295639038, 0.6700000166893005, 0.6700000166893005, 0.6700000166893005, 0.6759999990463257, 0.6740000247955322, 0.6790000200271606, 0.6840000152587891, 0.6840000152587891, 0.6809999942779541, 0.6779999732971191, 0.6869999766349792, 0.6949999928474426, 0.6919999718666077, 0.6819999814033508, 0.6869999766349792, 0.6850000023841858, 0.6970000267028809, 0.7009999752044678, 0.7139999866485596, 0.7149999737739563, 0.7170000076293945, 0.7229999899864197, 0.7369999885559082, 0.7490000128746033, 0.7509999871253967, 0.7509999871253967, 0.7509999871253967, 0.7580000162124634, 0.765999972820282, 0.7680000066757202, 0.7699999809265137, 0.7699999809265137, 0.7799999713897705, 0.7879999876022339, 0.7889999747276306, 0.7889999747276306, 0.7870000004768372, 0.7870000004768372, 0.7979999780654907]
intensities: [1082.0, 1133.0, 1128.0, 1253.0, 1187.0, 1326.0, 1388.0, 1436.0, 1488.0, 1488.0, 1504.0, 1513.0, 1508.0, 1488.0, 1273.0, 1348.0, 1079.0, 984.0, 996.0, 859.0, 957.0, 1004.0, 1045.0, 1056.0, 1075.0, 1082.0, 1063.0, 1057.0, 1083.0, 1191.0, 1182.0, 1367.0, 1421.0, 1469.0, 1568.0, 1594.0, 1598.0, 1635.0, 1635.0, 1656.0, 1667.0, 1672.0, 1686.0, 1693.0, 1700.0, 1702.0, 1697.0, 1686.0, 1723.0, 1738.0, 1696.0, 1721.0, 1698.0, 1695.0, 1695.0, 1702.0, 1732.0, 1713.0, 1700.0, 1699.0, 1701.0, 1686.0, 1685.0, 1697.0, 1697.0, 1679.0, 1679.0, 1676.0, 1670.0, 1663.0, 1658.0, 1667.0, 1676.0, 1664.0, 1650.0, 1660.0, 1659.0, 1653.0, 1660.0, 1660.0, 1660.0, 1658.0, 1657.0, 1658.0, 1647.0, 1656.0, 1650.0, 1655.0, 1655.0, 1655.0, 1655.0, 1661.0, 1647.0, 1627.0, 1637.0, 1621.0, 1617.0, 1620.0, 1628.0, 1641.0, 1633.0, 1624.0, 1610.0, 1606.0, 1599.0, 1647.0, 1624.0, 1637.0, 1627.0, 1637.0, 1614.0, 1610.0, 1622.0, 1608.0, 1605.0, 1620.0, 1603.0, 1587.0, 1596.0, 1581.0, 1570.0, 1576.0, 1590.0, 1582.0, 1572.0, 1566.0, 1570.0, 1572.0, 1582.0, 1564.0, 1564.0, 1546.0, 1536.0, 1545.0, 1557.0, 1558.0, 1542.0, 1528.0, 1522.0, 1522.0, 1515.0, 1508.0, 1506.0, 1505.0, 1507.0, 1510.0, 1503.0, 1503.0, 1489.0, 1470.0, 1463.0, 1449.0, 1461.0, 1455.0, 1448.0, 1426.0, 1423.0, 1406.0, 1406.0, 1405.0, 1385.0, 1390.0, 1390.0, 1385.0, 1369.0, 1375.0, 1346.0, 1346.0, 1337.0, 1328.0, 1339.0, 1345.0, 1340.0, 1323.0, 1323.0, 1316.0, 1308.0, 1306.0, 1308.0, 1297.0, 1273.0, 1273.0, 1264.0, 1260.0, 1269.0, 1248.0, 1250.0, 1260.0, 1268.0, 1268.0, 1241.0, 1238.0, 1235.0, 1241.0, 1230.0, 1226.0, 1219.0, 1212.0, 1212.0, 1217.0, 1222.0, 1217.0, 1212.0, 1212.0, 1198.0, 1202.0, 1190.0, 1200.0, 1204.0, 1198.0, 1187.0, 1182.0, 1178.0, 1177.0, 1170.0, 1165.0, 1162.0, 1162.0, 1162.0, 1157.0, 1165.0, 1160.0, 1159.0, 1140.0, 1147.0, 1140.0, 1142.0, 1148.0, 1142.0, 1133.0, 1133.0, 1128.0, 1128.0, 1132.0, 1133.0, 1129.0, 1126.0, 1144.0, 1132.0, 1125.0, 1126.0, 1128.0, 1133.0, 1130.0, 1130.0, 1123.0, 1129.0, 1118.0, 1130.0, 1129.0, 1116.0, 1114.0, 1117.0, 1118.0, 1131.0, 1131.0, 1156.0, 1149.0, 1141.0, 1125.0, 1127.0, 1131.0, 1127.0, 1122.0, 1138.0, 1138.0, 1154.0, 1130.0, 1136.0, 1129.0, 1123.0, 1156.0, 1133.0, 1134.0, 1117.0, 1126.0, 1124.0, 1129.0, 1132.0, 1137.0, 1129.0, 1126.0, 1128.0, 1133.0, 1156.0, 1128.0, 1138.0, 1141.0, 1134.0, 1132.0, 1135.0, 1135.0, 1126.0, 1136.0, 1149.0, 1141.0, 1146.0, 1141.0, 1131.0, 1154.0, 1168.0, 1161.0, 1161.0, 1158.0, 1170.0, 1161.0, 1170.0, 1164.0, 1169.0, 1170.0, 1166.0, 1152.0, 1164.0, 1173.0, 1175.0, 1182.0, 1179.0, 1177.0, 1178.0, 1179.0, 1167.0, 1175.0, 1164.0, 1169.0, 1169.0, 1172.0, 1172.0, 1169.0, 1177.0, 1177.0, 1179.0, 1184.0, 1184.0, 1176.0, 1183.0, 1184.0, 1184.0, 1190.0, 1201.0, 1177.0, 1172.0, 1168.0, 1148.0, 1154.0, 1188.0, 1186.0, 1168.0, 1177.0, 1157.0, 1169.0, 1165.0, 1155.0, 1178.0, 1164.0, 1160.0, 1185.0, 1145.0, 1153.0, 1159.0, 1166.0, 1171.0, 1176.0, 1185.0, 1178.0, 1182.0, 1180.0, 1158.0, 1167.0, 1140.0, 1128.0, 1119.0, 1123.0, 1117.0, 1138.0, 1123.0, 1111.0, 1113.0, 1121.0, 1122.0, 1116.0, 1120.0, 1115.0, 1113.0, 1123.0, 1141.0, 1135.0, 1119.0, 1119.0, 1119.0, 1121.0, 1125.0, 1108.0, 1110.0, 1103.0, 1107.0, 1101.0, 1088.0, 1105.0, 1111.0, 1087.0, 1097.0, 1100.0, 1114.0, 1104.0, 1110.0, 1128.0, 1134.0, 1152.0, 1134.0, 1136.0, 1316.0, 1429.0, 1445.0, 1313.0, 1270.0, 1216.0, 1026.0, 1020.0, 1020.0, 1024.0, 1021.0, 1030.0, 1019.0, 1020.0, 1021.0, 1033.0, 1033.0, 1037.0, 1040.0, 1038.0, 1055.0, 1057.0, 1064.0, 1070.0, 1080.0, 1083.0, 1071.0, 1070.0, 1088.0, 1088.0, 1078.0, 1092.0, 1092.0, 1100.0, 1092.0, 1087.0, 1087.0, 1103.0, 1112.0, 1107.0, 1106.0, 1111.0, 1098.0, 1084.0, 1097.0, 1100.0, 1085.0, 1082.0, 1090.0, 1082.0, 1102.0, 1109.0, 1101.0, 1091.0, 1099.0, 1092.0, 1103.0, 1114.0, 1100.0, 1097.0, 1118.0, 1100.0, 1107.0, 1110.0, 1112.0, 1110.0, 1098.0, 1102.0, 1094.0, 1092.0, 1102.0, 1108.0, 1098.0, 1115.0, 1101.0, 1088.0, 1089.0, 1089.0, 1097.0, 1105.0, 1108.0, 1108.0, 1108.0, 1094.0, 1116.0, 1105.0, 1106.0, 1125.0, 1105.0, 1115.0, 1104.0, 1108.0, 1112.0, 1113.0, 1105.0, 1113.0, 1113.0, 1110.0, 1110.0, 1124.0, 1123.0, 1118.0, 1123.0, 1131.0, 1121.0, 1107.0, 1102.0, 1124.0, 1119.0, 1110.0, 1127.0, 1119.0, 1119.0, 1125.0, 1124.0, 1105.0, 1113.0, 1118.0, 1117.0, 1116.0, 1113.0, 1119.0, 1128.0, 1148.0, 1122.0, 1116.0, 1122.0, 1118.0, 1117.0, 1109.0, 1116.0, 1119.0, 1118.0, 1120.0, 1110.0, 1127.0, 1101.0, 1098.0, 1110.0, 1117.0, 1137.0, 1113.0, 1125.0, 1118.0, 1107.0, 1113.0, 1129.0, 1106.0, 1109.0, 1109.0, 1117.0, 1107.0, 1103.0, 1105.0, 1108.0, 1107.0, 1088.0, 1103.0, 1111.0, 1097.0, 1108.0, 1101.0, 1103.0, 1092.0, 1104.0, 1104.0, 1108.0, 1091.0, 1107.0, 1109.0, 1108.0, 1098.0, 1133.0, 1113.0, 1098.0, 1104.0, 1116.0, 1108.0, 1114.0, 1103.0, 1113.0, 1102.0, 1113.0, 1114.0, 1117.0, 1106.0, 1101.0, 1111.0, 1121.0, 1115.0, 1115.0, 1098.0, 1110.0, 1112.0, 1129.0, 1118.0, 1131.0, 1145.0, 1147.0, 1144.0, 1142.0, 1133.0, 1145.0, 1150.0, 1146.0, 1140.0, 1140.0, 1147.0, 1150.0, 1149.0, 1151.0, 1173.0, 1184.0, 1195.0, 1195.0, 1185.0, 1194.0, 1194.0, 1199.0, 1222.0, 1228.0, 1242.0, 1241.0, 1257.0, 1257.0, 1278.0, 1277.0, 1282.0, 1299.0, 1294.0, 1302.0, 1307.0, 1323.0, 1323.0, 1324.0, 1333.0, 1329.0, 1332.0, 1332.0, 1337.0, 1335.0, 1359.0, 1361.0, 1373.0, 1374.0, 1385.0, 1378.0, 1418.0, 1412.0, 1395.0, 1417.0, 1414.0, 1422.0, 1419.0, 1413.0, 1428.0, 1464.0, 1503.0, 1494.0, 1508.0, 1543.0, 1537.0, 1522.0, 1499.0, 1499.0, 1491.0, 1485.0, 1505.0, 1495.0, 1486.0, 1492.0, 1498.0, 1509.0, 1510.0, 1523.0, 1520.0, 1529.0, 1535.0, 1541.0, 1518.0, 1527.0, 1527.0, 1531.0, 1534.0, 1545.0, 1575.0, 1564.0, 1566.0, 1568.0, 1561.0, 1567.0, 1571.0, 1588.0, 1603.0, 1603.0, 1587.0, 1617.0, 1613.0, 1613.0, 1612.0, 1616.0, 1618.0, 1608.0, 1598.0, 1634.0, 1622.0, 1610.0, 1616.0, 1622.0, 1622.0, 1623.0, 1645.0, 1627.0, 1632.0, 1642.0, 1633.0, 1638.0, 1648.0, 1663.0, 1665.0, 1663.0, 1635.0, 1653.0, 1667.0, 1665.0, 1678.0, 1673.0, 1673.0, 1673.0, 1658.0, 1684.0, 1682.0, 1703.0, 1692.0, 1690.0, 1697.0, 1695.0, 1676.0, 1676.0, 1690.0, 1696.0, 1707.0, 1699.0, 1704.0, 1664.0, 1687.0, 1689.0, 1695.0, 1672.0, 1691.0, 1681.0, 1679.0, 1668.0, 1679.0, 1691.0, 1665.0, 1673.0, 1653.0, 1652.0, 1663.0, 1674.0, 1668.0, 1650.0, 1636.0, 1636.0, 1636.0, 1640.0, 1653.0, 1655.0, 1660.0, 1668.0, 1671.0, 1690.0, 1690.0, 1667.0, 1662.0, 1658.0, 1662.0, 1671.0, 1677.0, 1648.0, 1657.0, 1649.0, 1648.0, 1676.0, 1674.0, 1672.0, 1658.0, 1639.0, 1630.0, 1652.0, 1627.0, 1641.0, 1640.0, 1640.0, 1613.0, 1606.0, 1606.0, 1622.0, 1620.0, 1610.0, 1611.0, 1594.0, 1590.0, 1582.0, 1582.0, 1609.0, 1601.0, 1601.0, 1606.0, 1618.0, 1589.0, 1605.0, 1570.0, 1587.0, 1572.0, 1571.0, 1573.0, 1574.0, 1577.0, 1569.0, 1562.0, 1564.0, 1561.0, 1519.0, 1553.0, 1540.0, 1535.0, 1535.0, 1530.0, 1520.0, 1519.0, 1516.0, 1531.0, 1513.0, 1524.0, 1497.0, 1501.0, 1509.0, 1487.0, 1487.0, 1480.0, 1518.0, 1502.0, 1492.0, 1484.0, 1485.0, 1478.0, 1486.0, 1471.0, 1471.0, 1455.0, 1462.0, 1453.0, 1456.0, 1460.0, 1439.0, 1451.0, 1452.0, 1452.0, 1443.0, 1435.0, 1428.0, 1430.0, 1430.0, 1418.0, 1411.0, 1417.0, 1417.0, 1419.0, 1407.0, 1402.0, 1409.0, 1401.0, 1380.0, 1380.0, 1375.0, 1368.0, 1369.0, 1369.0, 1384.0, 1369.0, 1376.0, 1376.0, 1365.0, 1349.0, 1349.0, 1338.0, 1343.0, 1325.0, 1325.0, 1318.0, 1311.0, 1317.0, 1330.0, 1317.0, 1317.0, 1335.0, 1307.0, 1303.0, 1303.0, 1298.0, 1315.0, 1315.0, 1301.0, 1299.0, 1289.0, 1275.0, 1288.0, 1290.0, 1262.0, 1268.0, 1259.0, 1280.0, 1280.0, 1282.0, 1283.0, 1225.0, 1247.0, 1243.0, 1243.0, 1248.0, 1239.0, 1232.0, 1247.0, 1270.0, 1270.0, 1228.0, 1231.0, 1249.0, 1229.0, 1223.0, 1240.0, 1243.0, 1223.0, 1213.0, 1220.0, 1230.0, 1217.0, 1217.0, 1206.0, 1223.0, 1232.0, 1212.0, 1220.0, 1211.0, 1211.0, 1206.0, 1212.0, 1217.0, 1223.0, 1219.0, 1209.0, 1223.0, 1233.0, 1222.0, 1211.0, 1205.0, 1203.0, 1195.0, 1213.0, 1239.0, 1227.0, 1220.0, 1221.0, 1224.0, 1222.0, 1220.0, 1236.0, 1202.0, 1211.0, 1221.0, 1204.0, 1221.0, 1211.0, 1202.0, 1218.0, 1218.0, 1239.0, 1240.0, 1242.0, 1222.0, 1240.0, 1240.0, 1235.0, 1224.0, 1224.0, 1214.0, 1240.0, 1231.0, 1230.0, 1241.0, 1251.0, 1223.0, 1258.0, 1263.0, 1245.0, 1229.0, 1217.0, 1270.0, 1267.0, 1268.0, 1268.0, 1298.0, 1274.0, 1290.0, 1309.0, 1309.0, 1319.0, 1330.0, 1330.0, 1330.0, 1337.0, 1324.0, 1333.0, 1296.0, 1292.0, 1293.0, 1290.0, 1290.0, 1327.0, 1352.0, 1349.0, 1317.0, 1317.0, 1298.0, 1280.0, 1280.0, 1237.0, 1241.0, 1246.0, 1256.0, 1243.0, 1220.0, 1220.0, 1280.0, 1252.0, 1279.0, 1283.0, 1283.0, 1292.0, 1298.0, 1260.0, 1265.0, 1242.0, 1269.0, 1291.0, 1280.0, 1275.0, 1269.0, 1275.0, 1274.0, 1275.0, 1273.0, 1282.0, 1300.0, 1304.0, 1304.0, 1302.0, 1290.0, 1292.0, 1307.0, 1313.0, 1311.0, 1305.0, 1318.0, 1314.0, 1306.0, 1301.0, 1297.0, 1294.0]