header: 
  seq: 1181
  stamp: 
    secs: 1548820786
    nsecs: 668334453
  frame_id: "base_link"
angle_min: -2.35619449615
angle_max: 2.35619449615
angle_increment: 0.00436332309619
time_increment: 1.73611151695e-05
scan_time: 0.0250000003725
range_min: 0.019999999553
range_max: 30.0
ranges: [0.4020000100135803, 0.39899998903274536, 0.4050000011920929, 0.41100001335144043, 0.414000004529953, 0.414000004529953, 0.40700000524520874, 0.40799999237060547, 0.414000004529953, 0.41600000858306885, 0.41200000047683716, 0.4129999876022339, 0.40700000524520874, 0.4050000011920929, 0.40299999713897705, 0.4050000011920929, 0.36399999260902405, 0.3230000138282776, 0.3449999988079071, 0.28600001335144043, 0.3619999885559082, 0.3610000014305115, 0.39399999380111694, 0.4009999930858612, 0.4059999883174896, 0.4050000011920929, 0.40299999713897705, 0.40799999237060547, 0.39399999380111694, 0.4189999997615814, 0.39399999380111694, 0.41999998688697815, 0.414000004529953, 0.41100001335144043, 0.40799999237060547, 0.4090000092983246, 0.4129999876022339, 0.41200000047683716, 0.41100001335144043, 0.41100001335144043, 0.41100001335144043, 0.41499999165534973, 0.414000004529953, 0.40799999237060547, 0.4050000011920929, 0.40700000524520874, 0.40799999237060547, 0.4090000092983246, 0.4090000092983246, 0.41100001335144043, 0.40799999237060547, 0.4099999964237213, 0.4099999964237213, 0.40799999237060547, 0.40700000524520874, 0.4129999876022339, 0.4129999876022339, 0.41200000047683716, 0.41600000858306885, 0.414000004529953, 0.41600000858306885, 0.41200000047683716, 0.4099999964237213, 0.40400001406669617, 0.41100001335144043, 0.4129999876022339, 0.4129999876022339, 0.4050000011920929, 0.40700000524520874, 0.4090000092983246, 0.41200000047683716, 0.4129999876022339, 0.41200000047683716, 0.41600000858306885, 0.4169999957084656, 0.4169999957084656, 0.41600000858306885, 0.41499999165534973, 0.41200000047683716, 0.414000004529953, 0.4129999876022339, 0.40799999237060547, 0.40799999237060547, 0.4090000092983246, 0.4099999964237213, 0.414000004529953, 0.41600000858306885, 0.414000004529953, 0.41100001335144043, 0.4099999964237213, 0.4129999876022339, 0.4129999876022339, 0.4129999876022339, 0.414000004529953, 0.414000004529953, 0.41499999165534973, 0.4180000126361847, 0.41999998688697815, 0.4180000126361847, 0.4129999876022339, 0.414000004529953, 0.41600000858306885, 0.41600000858306885, 0.4180000126361847, 0.4230000078678131, 0.4230000078678131, 0.41600000858306885, 0.41600000858306885, 0.41200000047683716, 0.4189999997615814, 0.4189999997615814, 0.42100000381469727, 0.41999998688697815, 0.4189999997615814, 0.42100000381469727, 0.42100000381469727, 0.421999990940094, 0.41999998688697815, 0.42100000381469727, 0.42500001192092896, 0.4189999997615814, 0.4180000126361847, 0.4180000126361847, 0.41499999165534973, 0.4180000126361847, 0.421999990940094, 0.42899999022483826, 0.4309999942779541, 0.4320000112056732, 0.4309999942779541, 0.4300000071525574, 0.4300000071525574, 0.4350000023841858, 0.4300000071525574, 0.4230000078678131, 0.4230000078678131, 0.4269999861717224, 0.42800000309944153, 0.4269999861717224, 0.4300000071525574, 0.4300000071525574, 0.4320000112056732, 0.4410000145435333, 0.4440000057220459, 0.44200000166893005, 0.4410000145435333, 0.4410000145435333, 0.4440000057220459, 0.4440000057220459, 0.4440000057220459, 0.4440000057220459, 0.44200000166893005, 0.4429999887943268, 0.4440000057220459, 0.4440000057220459, 0.4410000145435333, 0.44699999690055847, 0.45100000500679016, 0.45100000500679016, 0.453000009059906, 0.4519999921321869, 0.4440000057220459, 0.4440000057220459, 0.4480000138282776, 0.44999998807907104, 0.4490000009536743, 0.45100000500679016, 0.45500001311302185, 0.4519999921321869, 0.4490000009536743, 0.4480000138282776, 0.4490000009536743, 0.4519999921321869, 0.4569999873638153, 0.4560000002384186, 0.45100000500679016, 0.453000009059906, 0.45500001311302185, 0.4569999873638153, 0.4560000002384186, 0.4560000002384186, 0.46000000834465027, 0.46299999952316284, 0.4659999907016754, 0.4650000035762787, 0.4650000035762787, 0.46299999952316284, 0.46399998664855957, 0.46799999475479126, 0.46799999475479126, 0.4690000116825104, 0.47099998593330383, 0.4729999899864197, 0.46399998664855957, 0.46000000834465027, 0.46399998664855957, 0.47200000286102295, 0.4729999899864197, 0.47699999809265137, 0.48100000619888306, 0.4790000021457672, 0.4779999852180481, 0.47999998927116394, 0.48100000619888306, 0.47999998927116394, 0.48100000619888306, 0.48100000619888306, 0.4880000054836273, 0.4880000054836273, 0.48500001430511475, 0.48399999737739563, 0.4950000047683716, 0.5009999871253967, 0.49799999594688416, 0.49399998784065247, 0.4950000047683716, 0.4970000088214874, 0.49900001287460327, 0.5049999952316284, 0.5049999952316284, 0.5019999742507935, 0.5019999742507935, 0.5120000243186951, 0.5139999985694885, 0.5139999985694885, 0.5149999856948853, 0.5109999775886536, 0.5189999938011169, 0.5180000066757202, 0.5239999890327454, 0.5210000276565552, 0.5249999761581421, 0.5230000019073486, 0.527999997138977, 0.5360000133514404, 0.5370000004768372, 0.5389999747276306, 0.5389999747276306, 0.5389999747276306, 0.5509999990463257, 0.5490000247955322, 0.546999990940094, 0.5440000295639038, 0.5450000166893005, 0.546999990940094, 0.5529999732971191, 0.5550000071525574, 0.5659999847412109, 0.5680000185966492, 0.5699999928474426, 0.5680000185966492, 0.5669999718666077, 0.5649999976158142, 0.5649999976158142, 0.5709999799728394, 0.5789999961853027, 0.5809999704360962, 0.5830000042915344, 0.5860000252723694, 0.5910000205039978, 0.5920000076293945, 0.5910000205039978, 0.5920000076293945, 0.6069999933242798, 0.6100000143051147, 0.6150000095367432, 0.6200000047683716, 0.6200000047683716, 0.6230000257492065, 0.6290000081062317, 0.6359999775886536, 0.6370000243186951, 0.6370000243186951, 0.6370000243186951, 0.6380000114440918, 0.6439999938011169, 0.6499999761581421, 0.6480000019073486, 0.6449999809265137, 0.6539999842643738, 0.6589999794960022, 0.6660000085830688, 0.6660000085830688, 0.6660000085830688, 0.671999990940094, 0.6779999732971191, 0.6819999814033508, 0.6850000023841858, 0.6919999718666077, 0.6930000185966492, 0.7039999961853027, 0.7089999914169312, 0.7120000123977661, 0.7139999866485596, 0.7210000157356262, 0.7260000109672546, 0.734000027179718, 0.7390000224113464, 0.7419999837875366, 0.7459999918937683, 0.7580000162124634, 0.765999972820282, 0.7689999938011169, 0.7689999938011169, 0.7730000019073486, 0.7850000262260437, 0.7900000214576721, 0.8019999861717224, 0.8040000200271606, 0.8069999814033508, 0.8080000281333923, 0.8230000138282776, 0.8299999833106995, 0.8360000252723694, 0.8550000190734863, 0.8539999723434448, 0.8550000190734863, 0.8539999723434448, 0.8619999885559082, 0.8679999709129333, 0.8759999871253967, 0.8830000162124634, 0.890999972820282, 0.8980000019073486, 0.9100000262260437, 0.9120000004768372, 0.9269999861717224, 0.9340000152587891, 0.9480000138282776, 0.9480000138282776, 0.9620000123977661, 0.9660000205039978, 0.9819999933242798, 0.9919999837875366, 1.0010000467300415, 1.0099999904632568, 1.0190000534057617, 1.034000039100647, 1.0470000505447388, 1.0579999685287476, 1.0759999752044678, 1.1740000247955322, 1.3029999732971191, 1.9199999570846558, 2.1760001182556152, 2.1730000972747803, 2.178999900817871, 2.177000045776367, 2.1730000972747803, 2.1689999103546143, 2.1640000343322754, 2.1579999923706055, 2.1589999198913574, 2.1510000228881836, 2.1470000743865967, 2.1419999599456787, 2.134999990463257, 2.132999897003174, 2.132999897003174, 2.125999927520752, 2.121000051498413, 2.125999927520752, 2.125999927520752, 2.1089999675750732, 2.1089999675750732, 2.115999937057495, 2.1059999465942383, 2.1080000400543213, 2.1040000915527344, 2.1010000705718994, 2.0969998836517334, 2.0999999046325684, 2.0999999046325684, 2.0920000076293945, 2.0940001010894775, 2.0889999866485596, 2.0889999866485596, 2.0840001106262207, 2.0810000896453857, 2.0810000896453857, 2.0799999237060547, 2.0759999752044678, 2.0769999027252197, 2.0739998817443848, 2.0820000171661377, 2.0739998817443848, 2.072000026702881, 2.058000087738037, 2.065000057220459, 2.075000047683716, 2.072999954223633, 2.062999963760376, 2.062000036239624, 2.059999942779541, 2.052999973297119, 2.0439999103546143, 2.0429999828338623, 2.0429999828338623, 2.0439999103546143, 2.0460000038146973, 2.0309998989105225, 2.0280001163482666, 2.0239999294281006, 2.0220000743865967, 2.0230000019073486, 2.0250000953674316, 2.0269999504089355, 2.0209999084472656, 2.0160000324249268, 2.0139999389648438, 1.9989999532699585, 1.9989999532699585, 1.9980000257492065, 1.9950000047683716, 1.9889999628067017, 1.9889999628067017, 1.996000051498413, 1.9889999628067017, 1.9869999885559082, 1.9800000190734863, 1.9739999771118164, 1.9739999771118164, 1.968999981880188, 1.9609999656677246, 1.9479999542236328, 1.9459999799728394, 1.9470000267028809, 1.9470000267028809, 1.944000005722046, 1.9299999475479126, 1.9299999475479126, 1.9199999570846558, 1.9160000085830688, 1.9129999876022339, 1.906999945640564, 1.9019999504089355, 1.8990000486373901, 1.8890000581741333, 1.8849999904632568, 1.8819999694824219, 1.871000051498413, 1.871000051498413, 1.8600000143051147, 1.8580000400543213, 1.8580000400543213, 1.850000023841858, 1.8459999561309814, 1.8329999446868896, 1.8329999446868896, 1.8309999704360962, 1.8240000009536743, 1.8200000524520874, 1.809000015258789, 1.7979999780654907, 1.7940000295639038, 1.7829999923706055, 1.784999966621399, 1.781999945640564, 1.7699999809265137, 1.7580000162124634, 1.7489999532699585, 1.746000051498413, 1.7380000352859497, 1.7309999465942383, 1.7259999513626099, 1.718000054359436, 1.715999960899353, 1.7120000123977661, 1.7029999494552612, 1.690000057220459, 1.6859999895095825, 1.680999994277954, 1.6740000247955322, 1.6610000133514404, 1.659000039100647, 1.659999966621399, 1.6480000019073486, 1.6369999647140503, 1.6260000467300415, 1.6260000467300415, 1.6100000143051147, 1.6080000400543213, 1.593999981880188, 1.5889999866485596, 1.5779999494552612, 1.5679999589920044, 1.5579999685287476, 1.5490000247955322, 1.5429999828338623, 1.534000039100647, 1.5199999809265137, 1.5199999809265137, 1.5149999856948853, 1.5019999742507935, 1.4930000305175781, 1.4889999628067017, 1.4819999933242798, 1.4700000286102295, 1.4559999704360962, 1.4470000267028809, 1.437000036239624, 1.430999994277954, 1.4160000085830688, 1.409999966621399, 1.409999966621399, 1.3940000534057617, 1.3769999742507935, 1.371999979019165, 1.3600000143051147, 1.350000023841858, 1.3309999704360962, 1.3289999961853027, 1.312999963760376, 1.305999994277954, 1.2890000343322754, 1.277999997138977, 1.2610000371932983, 1.246999979019165, 1.2400000095367432, 1.2259999513626099, 1.2089999914169312, 1.2059999704360962, 1.187999963760376, 1.1619999408721924, 1.1549999713897705, 1.1430000066757202, 1.1349999904632568, 1.128999948501587, 1.1089999675750732, 1.100000023841858, 1.093000054359436, 1.0850000381469727, 1.0740000009536743, 1.0720000267028809, 1.059000015258789, 1.0490000247955322, 1.0410000085830688, 1.0369999408721924, 1.0169999599456787, 1.0110000371932983, 0.9959999918937683, 0.9860000014305115, 0.9819999933242798, 0.9710000157356262, 0.9660000205039978, 0.9539999961853027, 0.9509999752044678, 0.9480000138282776, 0.9440000057220459, 0.9340000152587891, 0.9350000023841858, 0.9279999732971191, 0.9240000247955322, 0.9110000133514404, 0.9010000228881836, 0.8999999761581421, 0.8960000276565552, 0.8899999856948853, 0.8790000081062317, 0.875, 0.871999979019165, 0.8669999837875366, 0.8629999756813049, 0.8569999933242798, 0.847000002861023, 0.8450000286102295, 0.8460000157356262, 0.8399999737739563, 0.8349999785423279, 0.8299999833106995, 0.8220000267028809, 0.8149999976158142, 0.8109999895095825, 0.8100000023841858, 0.8059999942779541, 0.796999990940094, 0.7950000166893005, 0.7860000133514404, 0.7839999794960022, 0.7820000052452087, 0.777999997138977, 0.7710000276565552, 0.7689999938011169, 0.7689999938011169, 0.7549999952316284, 0.7549999952316284, 0.7480000257492065, 0.7429999709129333, 0.7379999756813049, 0.7369999885559082, 0.7350000143051147, 0.7269999980926514, 0.722000002861023, 0.7149999737739563, 0.7139999866485596, 0.7139999866485596, 0.7110000252723694, 0.7049999833106995, 0.7039999961853027, 0.703000009059906, 0.6990000009536743, 0.6930000185966492, 0.6909999847412109, 0.6919999718666077, 0.6949999928474426, 0.6919999718666077, 0.6850000023841858, 0.6800000071525574, 0.6800000071525574, 0.675000011920929, 0.6710000038146973, 0.6650000214576721, 0.6639999747276306, 0.6650000214576721, 0.6639999747276306, 0.6620000004768372, 0.656000018119812, 0.652999997138977, 0.6520000100135803, 0.6579999923706055, 0.6489999890327454, 0.6430000066757202, 0.6399999856948853, 0.6359999775886536, 0.6389999985694885, 0.6330000162124634, 0.6320000290870667, 0.6320000290870667, 0.6299999952316284, 0.625, 0.6240000128746033, 0.6200000047683716, 0.6200000047683716, 0.6200000047683716, 0.6169999837875366, 0.6179999709129333, 0.6179999709129333, 0.6129999756813049, 0.597000002861023, 0.597000002861023, 0.6019999980926514, 0.6019999980926514, 0.597000002861023, 0.5920000076293945, 0.5920000076293945, 0.5910000205039978, 0.593999981880188, 0.5889999866485596, 0.5879999995231628, 0.5899999737739563, 0.5899999737739563, 0.578000009059906, 0.578000009059906, 0.5789999961853027, 0.5789999961853027, 0.5720000267028809, 0.5669999718666077, 0.5669999718666077, 0.5630000233650208, 0.5659999847412109, 0.5659999847412109, 0.5640000104904175, 0.5680000185966492, 0.5680000185966492, 0.5640000104904175, 0.5619999766349792, 0.5590000152587891, 0.5559999942779541, 0.5559999942779541, 0.5529999732971191, 0.5550000071525574, 0.5550000071525574, 0.5580000281333923, 0.5600000023841858, 0.5550000071525574, 0.5450000166893005, 0.5450000166893005, 0.5479999780654907, 0.5479999780654907, 0.5429999828338623, 0.5440000295639038, 0.5410000085830688, 0.5429999828338623, 0.5410000085830688, 0.5400000214576721, 0.5400000214576721, 0.5400000214576721, 0.5389999747276306, 0.5389999747276306, 0.5339999794960022, 0.5289999842643738, 0.5289999842643738, 0.5289999842643738, 0.5289999842643738, 0.527999997138977, 0.5289999842643738, 0.527999997138977, 0.5270000100135803, 0.5249999761581421, 0.5199999809265137, 0.5180000066757202, 0.5149999856948853, 0.5180000066757202, 0.5180000066757202, 0.515999972820282, 0.515999972820282, 0.5220000147819519, 0.5180000066757202, 0.5180000066757202, 0.5180000066757202, 0.5180000066757202, 0.5120000243186951, 0.5099999904632568, 0.5090000033378601, 0.5109999775886536, 0.5090000033378601, 0.5099999904632568, 0.5099999904632568, 0.5049999952316284, 0.5049999952316284, 0.5049999952316284, 0.5059999823570251, 0.5059999823570251, 0.5049999952316284, 0.5040000081062317, 0.503000020980835, 0.5040000081062317, 0.49799999594688416, 0.5049999952316284, 0.5019999742507935, 0.5019999742507935, 0.5, 0.49900001287460327, 0.49799999594688416, 0.4959999918937683, 0.49799999594688416, 0.5, 0.5, 0.48899999260902405, 0.48899999260902405, 0.4959999918937683, 0.5, 0.5, 0.4970000088214874, 0.4950000047683716, 0.49300000071525574, 0.49300000071525574, 0.492000013589859, 0.492000013589859, 0.49000000953674316, 0.4909999966621399, 0.492000013589859, 0.4950000047683716, 0.49799999594688416, 0.4970000088214874, 0.49399998784065247, 0.4950000047683716, 0.4970000088214874, 0.4950000047683716, 0.492000013589859, 0.4860000014305115, 0.492000013589859, 0.492000013589859, 0.492000013589859, 0.492000013589859, 0.492000013589859, 0.492000013589859, 0.48500001430511475, 0.48899999260902405, 0.48899999260902405, 0.4909999966621399, 0.4959999918937683, 0.5, 0.5, 0.5, 0.49300000071525574, 0.4860000014305115, 0.4869999885559082, 0.4880000054836273, 0.4869999885559082, 0.4860000014305115, 0.48100000619888306, 0.48100000619888306, 0.4819999933242798, 0.48500001430511475, 0.48399999737739563, 0.48399999737739563, 0.48399999737739563, 0.4880000054836273, 0.49000000953674316, 0.4860000014305115, 0.4860000014305115, 0.4860000014305115, 0.48399999737739563, 0.4830000102519989, 0.48399999737739563, 0.48500001430511475, 0.48500001430511475, 0.49300000071525574, 0.49399998784065247, 0.49300000071525574, 0.49000000953674316, 0.49399998784065247, 0.49799999594688416, 0.49300000071525574, 0.492000013589859, 0.49300000071525574, 0.49000000953674316, 0.48899999260902405, 0.4860000014305115, 0.48500001430511475, 0.4880000054836273, 0.4869999885559082, 0.4880000054836273, 0.492000013589859, 0.4950000047683716, 0.4959999918937683, 0.49399998784065247, 0.49399998784065247, 0.49399998784065247, 0.4909999966621399, 0.4909999966621399, 0.4909999966621399, 0.48899999260902405, 0.492000013589859, 0.4959999918937683, 0.5019999742507935, 0.5019999742507935, 0.5, 0.5, 0.4959999918937683, 0.49300000071525574, 0.4959999918937683, 0.5, 0.49799999594688416, 0.49799999594688416, 0.49799999594688416, 0.49900001287460327, 0.4950000047683716, 0.49900001287460327, 0.5090000033378601, 0.5059999823570251, 0.503000020980835, 0.5, 0.503000020980835, 0.5040000081062317, 0.5059999823570251, 0.5059999823570251, 0.5040000081062317, 0.5040000081062317, 0.5049999952316284, 0.5120000243186951, 0.5109999775886536, 0.5109999775886536, 0.5120000243186951, 0.5149999856948853, 0.5130000114440918, 0.5170000195503235, 0.5180000066757202, 0.5149999856948853, 0.5149999856948853, 0.515999972820282, 0.5180000066757202, 0.5199999809265137, 0.5170000195503235, 0.5149999856948853, 0.5199999809265137, 0.5210000276565552, 0.5199999809265137, 0.5210000276565552, 0.5199999809265137, 0.5230000019073486, 0.5239999890327454, 0.5249999761581421, 0.5260000228881836, 0.5210000276565552, 0.5260000228881836, 0.5270000100135803, 0.5299999713897705, 0.5320000052452087, 0.5320000052452087, 0.531000018119812, 0.5249999761581421, 0.5379999876022339, 0.5379999876022339, 0.5379999876022339, 0.5329999923706055, 0.5350000262260437, 0.5289999842643738, 0.5389999747276306, 0.5429999828338623, 0.5440000295639038, 0.5410000085830688, 0.5479999780654907, 0.5450000166893005, 0.5479999780654907, 0.5410000085830688, 0.5440000295639038, 0.5419999957084656, 0.5529999732971191, 0.5490000247955322, 0.5450000166893005, 0.5490000247955322, 0.5519999861717224, 0.5490000247955322, 0.546999990940094, 0.5519999861717224, 0.5529999732971191, 0.5559999942779541, 0.5590000152587891, 0.5609999895095825, 0.5649999976158142, 0.5649999976158142, 0.5669999718666077, 0.5680000185966492, 0.5669999718666077, 0.5640000104904175, 0.5609999895095825, 0.5609999895095825, 0.5619999766349792, 0.5649999976158142, 0.5669999718666077, 0.5649999976158142, 0.5649999976158142, 0.574999988079071, 0.5799999833106995, 0.5799999833106995, 0.5789999961853027, 0.5809999704360962, 0.5879999995231628, 0.597000002861023, 0.597000002861023, 0.593999981880188, 0.5920000076293945, 0.5950000286102295, 0.5920000076293945, 0.5989999771118164, 0.5989999771118164, 0.6000000238418579, 0.5989999771118164, 0.6060000061988831, 0.6010000109672546, 0.6069999933242798, 0.6079999804496765, 0.6069999933242798, 0.6179999709129333, 0.6269999742507935, 0.6290000081062317, 0.625, 0.625, 0.625, 0.625, 0.6269999742507935, 0.6309999823570251, 0.6309999823570251, 0.6309999823570251, 0.6370000243186951, 0.6399999856948853, 0.6420000195503235, 0.6480000019073486, 0.6510000228881836, 0.6549999713897705, 0.6589999794960022, 0.6639999747276306, 0.6639999747276306, 0.6610000133514404, 0.6579999923706055, 0.6650000214576721, 0.6669999957084656, 0.671999990940094, 0.6740000247955322, 0.6859999895095825, 0.6940000057220459, 0.6930000185966492, 0.6940000057220459, 0.6930000185966492, 0.6980000138282776, 0.7059999704360962, 0.7059999704360962, 0.7059999704360962, 0.7110000252723694, 0.718999981880188, 0.7289999723434448, 0.7289999723434448, 0.722000002861023, 0.7250000238418579, 0.7319999933242798, 0.7360000014305115, 0.7390000224113464, 0.7409999966621399, 0.7440000176429749, 0.7440000176429749, 0.7549999952316284, 0.7590000033378601, 0.7590000033378601, 0.7590000033378601, 0.7620000243186951, 0.7649999856948853, 0.7630000114440918, 0.7620000243186951, 0.7760000228881836, 0.7799999713897705, 0.7870000004768372, 0.7960000038146973, 0.7960000038146973, 0.800000011920929, 0.8029999732971191, 0.8029999732971191, 0.8050000071525574, 0.8069999814033508, 0.8090000152587891, 0.8109999895095825, 0.8169999718666077, 0.8169999718666077, 0.8149999976158142, 0.8169999718666077, 0.8309999704360962, 0.8330000042915344, 0.8289999961853027, 0.8289999961853027, 0.8289999961853027, 0.8320000171661377, 0.8320000171661377, 0.8330000042915344, 0.8370000123977661, 0.8420000076293945, 0.8550000190734863, 0.8529999852180481, 0.8529999852180481, 0.8560000061988831, 0.8579999804496765, 0.8709999918937683, 0.8659999966621399, 0.8659999966621399, 0.8659999966621399, 0.8690000176429749, 0.878000020980835, 0.8769999742507935, 0.8769999742507935, 0.8799999952316284, 0.8870000243186951, 0.890999972820282, 0.8999999761581421, 0.9010000228881836, 0.9010000228881836, 0.9039999842643738, 0.9079999923706055, 0.9110000133514404, 0.9110000133514404, 0.9150000214576721, 0.9120000004768372, 0.9179999828338623, 0.925000011920929, 0.925000011920929, 0.9269999861717224, 0.9269999861717224, 0.9190000295639038, 0.921999990940094, 0.9259999990463257, 0.9330000281333923, 0.9330000281333923, 0.9480000138282776, 0.9449999928474426, 0.9419999718666077, 0.9620000123977661, 0.9700000286102295, 0.9779999852180481, 0.9760000109672546, 0.9800000190734863, 0.9819999933242798, 0.9860000014305115, 0.9900000095367432, 0.9959999918937683, 0.9900000095367432, 0.996999979019165, 1.0089999437332153, 1.0160000324249268, 1.0190000534057617, 1.024999976158142, 1.0369999408721924, 1.0429999828338623]
intensities: [1140.0, 1159.0, 1303.0, 1355.0, 1434.0, 1531.0, 1586.0, 1628.0, 1685.0, 1698.0, 1705.0, 1707.0, 1709.0, 1553.0, 1516.0, 1553.0, 1089.0, 935.0, 1010.0, 822.0, 941.0, 936.0, 1032.0, 1049.0, 1058.0, 1053.0, 1052.0, 1106.0, 1116.0, 1399.0, 1244.0, 1562.0, 1641.0, 1654.0, 1685.0, 1718.0, 1749.0, 1755.0, 1785.0, 1799.0, 1800.0, 1814.0, 1810.0, 1812.0, 1821.0, 1806.0, 1805.0, 1799.0, 1790.0, 1792.0, 1788.0, 1783.0, 1783.0, 1776.0, 1775.0, 1769.0, 1769.0, 1769.0, 1764.0, 1768.0, 1769.0, 1732.0, 1744.0, 1743.0, 1731.0, 1743.0, 1743.0, 1721.0, 1734.0, 1721.0, 1705.0, 1707.0, 1705.0, 1708.0, 1709.0, 1709.0, 1705.0, 1690.0, 1659.0, 1705.0, 1701.0, 1687.0, 1698.0, 1679.0, 1668.0, 1666.0, 1673.0, 1670.0, 1662.0, 1652.0, 1628.0, 1637.0, 1637.0, 1618.0, 1611.0, 1619.0, 1607.0, 1607.0, 1601.0, 1609.0, 1592.0, 1576.0, 1601.0, 1610.0, 1607.0, 1607.0, 1581.0, 1588.0, 1581.0, 1556.0, 1563.0, 1552.0, 1559.0, 1566.0, 1548.0, 1548.0, 1556.0, 1552.0, 1538.0, 1512.0, 1533.0, 1518.0, 1518.0, 1508.0, 1508.0, 1504.0, 1501.0, 1480.0, 1479.0, 1482.0, 1463.0, 1465.0, 1458.0, 1477.0, 1461.0, 1458.0, 1457.0, 1462.0, 1452.0, 1422.0, 1407.0, 1421.0, 1426.0, 1420.0, 1423.0, 1413.0, 1394.0, 1384.0, 1384.0, 1387.0, 1383.0, 1393.0, 1381.0, 1344.0, 1344.0, 1348.0, 1322.0, 1323.0, 1323.0, 1316.0, 1311.0, 1286.0, 1298.0, 1287.0, 1292.0, 1286.0, 1280.0, 1279.0, 1269.0, 1259.0, 1254.0, 1249.0, 1247.0, 1245.0, 1262.0, 1246.0, 1244.0, 1245.0, 1243.0, 1240.0, 1231.0, 1226.0, 1224.0, 1221.0, 1205.0, 1213.0, 1222.0, 1221.0, 1210.0, 1203.0, 1211.0, 1203.0, 1210.0, 1205.0, 1201.0, 1209.0, 1213.0, 1209.0, 1207.0, 1202.0, 1196.0, 1186.0, 1186.0, 1181.0, 1177.0, 1177.0, 1164.0, 1168.0, 1167.0, 1159.0, 1157.0, 1158.0, 1144.0, 1145.0, 1140.0, 1138.0, 1138.0, 1148.0, 1139.0, 1144.0, 1140.0, 1140.0, 1140.0, 1143.0, 1145.0, 1138.0, 1130.0, 1122.0, 1112.0, 1119.0, 1131.0, 1134.0, 1131.0, 1129.0, 1137.0, 1142.0, 1151.0, 1137.0, 1137.0, 1141.0, 1128.0, 1124.0, 1126.0, 1137.0, 1138.0, 1125.0, 1131.0, 1133.0, 1140.0, 1121.0, 1120.0, 1126.0, 1132.0, 1128.0, 1118.0, 1114.0, 1114.0, 1096.0, 1102.0, 1103.0, 1102.0, 1099.0, 1104.0, 1097.0, 1106.0, 1096.0, 1106.0, 1101.0, 1114.0, 1117.0, 1105.0, 1111.0, 1111.0, 1109.0, 1102.0, 1101.0, 1112.0, 1111.0, 1108.0, 1117.0, 1112.0, 1125.0, 1118.0, 1118.0, 1124.0, 1124.0, 1122.0, 1117.0, 1119.0, 1105.0, 1112.0, 1109.0, 1107.0, 1106.0, 1105.0, 1101.0, 1097.0, 1101.0, 1098.0, 1098.0, 1102.0, 1105.0, 1099.0, 1108.0, 1090.0, 1093.0, 1084.0, 1086.0, 1087.0, 1093.0, 1091.0, 1104.0, 1106.0, 1109.0, 1108.0, 1101.0, 1128.0, 1098.0, 1106.0, 1112.0, 1109.0, 1105.0, 1103.0, 1089.0, 1090.0, 1077.0, 1080.0, 1064.0, 1063.0, 1063.0, 1064.0, 1059.0, 1076.0, 1078.0, 1087.0, 1077.0, 1068.0, 1062.0, 1102.0, 1102.0, 1074.0, 1367.0, 1403.0, 1124.0, 1008.0, 1000.0, 1008.0, 1007.0, 1005.0, 1015.0, 1014.0, 1019.0, 1021.0, 1013.0, 1015.0, 1015.0, 1031.0, 1020.0, 1009.0, 1024.0, 1021.0, 1036.0, 1036.0, 1028.0, 1032.0, 1041.0, 1027.0, 1024.0, 1030.0, 1046.0, 1039.0, 1050.0, 1050.0, 1046.0, 1050.0, 1040.0, 1051.0, 1044.0, 1038.0, 1042.0, 1056.0, 1058.0, 1060.0, 1051.0, 1055.0, 1071.0, 1059.0, 1057.0, 1058.0, 1066.0, 1059.0, 1061.0, 1056.0, 1060.0, 1062.0, 1053.0, 1054.0, 1061.0, 1064.0, 1058.0, 1059.0, 1066.0, 1066.0, 1063.0, 1058.0, 1058.0, 1058.0, 1061.0, 1057.0, 1055.0, 1050.0, 1051.0, 1051.0, 1054.0, 1041.0, 1041.0, 1038.0, 1045.0, 1053.0, 1066.0, 1068.0, 1068.0, 1058.0, 1048.0, 1046.0, 1058.0, 1064.0, 1064.0, 1066.0, 1054.0, 1071.0, 1077.0, 1083.0, 1090.0, 1093.0, 1106.0, 1105.0, 1095.0, 1099.0, 1107.0, 1096.0, 1104.0, 1096.0, 1114.0, 1112.0, 1112.0, 1123.0, 1108.0, 1119.0, 1119.0, 1101.0, 1108.0, 1108.0, 1104.0, 1099.0, 1108.0, 1116.0, 1120.0, 1113.0, 1111.0, 1107.0, 1106.0, 1106.0, 1110.0, 1122.0, 1114.0, 1120.0, 1119.0, 1121.0, 1130.0, 1118.0, 1107.0, 1117.0, 1110.0, 1106.0, 1121.0, 1095.0, 1113.0, 1107.0, 1117.0, 1114.0, 1110.0, 1123.0, 1120.0, 1111.0, 1120.0, 1109.0, 1118.0, 1111.0, 1107.0, 1106.0, 1104.0, 1104.0, 1092.0, 1110.0, 1109.0, 1102.0, 1093.0, 1106.0, 1112.0, 1113.0, 1097.0, 1123.0, 1105.0, 1111.0, 1094.0, 1100.0, 1101.0, 1098.0, 1113.0, 1107.0, 1114.0, 1108.0, 1111.0, 1117.0, 1110.0, 1111.0, 1113.0, 1114.0, 1102.0, 1105.0, 1104.0, 1099.0, 1100.0, 1113.0, 1095.0, 1113.0, 1105.0, 1120.0, 1118.0, 1123.0, 1132.0, 1114.0, 1137.0, 1140.0, 1129.0, 1114.0, 1131.0, 1126.0, 1136.0, 1123.0, 1120.0, 1131.0, 1130.0, 1162.0, 1163.0, 1179.0, 1200.0, 1209.0, 1192.0, 1213.0, 1203.0, 1246.0, 1266.0, 1261.0, 1259.0, 1268.0, 1299.0, 1304.0, 1288.0, 1303.0, 1296.0, 1291.0, 1293.0, 1320.0, 1320.0, 1323.0, 1328.0, 1330.0, 1338.0, 1335.0, 1341.0, 1345.0, 1349.0, 1367.0, 1375.0, 1368.0, 1386.0, 1393.0, 1388.0, 1391.0, 1395.0, 1405.0, 1405.0, 1393.0, 1404.0, 1424.0, 1427.0, 1432.0, 1448.0, 1442.0, 1419.0, 1420.0, 1432.0, 1433.0, 1433.0, 1434.0, 1451.0, 1464.0, 1455.0, 1454.0, 1467.0, 1485.0, 1498.0, 1511.0, 1508.0, 1530.0, 1538.0, 1523.0, 1533.0, 1530.0, 1546.0, 1566.0, 1568.0, 1571.0, 1569.0, 1571.0, 1568.0, 1571.0, 1568.0, 1575.0, 1594.0, 1580.0, 1605.0, 1591.0, 1599.0, 1616.0, 1618.0, 1613.0, 1620.0, 1645.0, 1625.0, 1623.0, 1625.0, 1649.0, 1652.0, 1652.0, 1650.0, 1645.0, 1644.0, 1643.0, 1658.0, 1645.0, 1666.0, 1660.0, 1665.0, 1654.0, 1683.0, 1687.0, 1694.0, 1705.0, 1705.0, 1702.0, 1703.0, 1703.0, 1718.0, 1713.0, 1716.0, 1722.0, 1727.0, 1727.0, 1749.0, 1751.0, 1751.0, 1749.0, 1744.0, 1738.0, 1736.0, 1744.0, 1734.0, 1753.0, 1753.0, 1761.0, 1766.0, 1759.0, 1757.0, 1757.0, 1769.0, 1769.0, 1756.0, 1762.0, 1760.0, 1777.0, 1759.0, 1759.0, 1770.0, 1780.0, 1792.0, 1792.0, 1791.0, 1779.0, 1776.0, 1780.0, 1781.0, 1767.0, 1791.0, 1786.0, 1806.0, 1791.0, 1791.0, 1795.0, 1788.0, 1793.0, 1788.0, 1792.0, 1792.0, 1808.0, 1797.0, 1818.0, 1838.0, 1838.0, 1812.0, 1800.0, 1808.0, 1793.0, 1804.0, 1806.0, 1810.0, 1812.0, 1825.0, 1825.0, 1831.0, 1831.0, 1805.0, 1795.0, 1782.0, 1795.0, 1794.0, 1813.0, 1809.0, 1809.0, 1808.0, 1805.0, 1810.0, 1796.0, 1802.0, 1812.0, 1812.0, 1807.0, 1807.0, 1814.0, 1788.0, 1788.0, 1828.0, 1827.0, 1847.0, 1864.0, 1806.0, 1843.0, 1835.0, 1838.0, 1827.0, 1820.0, 1815.0, 1804.0, 1797.0, 1801.0, 1810.0, 1794.0, 1810.0, 1820.0, 1827.0, 1818.0, 1818.0, 1815.0, 1814.0, 1814.0, 1794.0, 1785.0, 1785.0, 1779.0, 1772.0, 1778.0, 1778.0, 1801.0, 1772.0, 1772.0, 1771.0, 1776.0, 1761.0, 1776.0, 1753.0, 1753.0, 1750.0, 1750.0, 1744.0, 1741.0, 1738.0, 1758.0, 1772.0, 1736.0, 1736.0, 1733.0, 1732.0, 1720.0, 1728.0, 1724.0, 1721.0, 1734.0, 1716.0, 1706.0, 1676.0, 1673.0, 1670.0, 1666.0, 1661.0, 1644.0, 1644.0, 1649.0, 1658.0, 1636.0, 1647.0, 1632.0, 1639.0, 1607.0, 1601.0, 1606.0, 1620.0, 1620.0, 1625.0, 1599.0, 1607.0, 1610.0, 1617.0, 1610.0, 1577.0, 1585.0, 1585.0, 1567.0, 1567.0, 1564.0, 1555.0, 1557.0, 1554.0, 1525.0, 1510.0, 1522.0, 1528.0, 1511.0, 1521.0, 1499.0, 1490.0, 1490.0, 1485.0, 1476.0, 1479.0, 1472.0, 1469.0, 1468.0, 1467.0, 1468.0, 1457.0, 1449.0, 1442.0, 1447.0, 1430.0, 1453.0, 1431.0, 1437.0, 1425.0, 1412.0, 1404.0, 1402.0, 1393.0, 1388.0, 1385.0, 1381.0, 1385.0, 1371.0, 1375.0, 1362.0, 1354.0, 1341.0, 1345.0, 1343.0, 1325.0, 1326.0, 1314.0, 1330.0, 1315.0, 1314.0, 1330.0, 1320.0, 1313.0, 1313.0, 1297.0, 1294.0, 1307.0, 1276.0, 1309.0, 1302.0, 1287.0, 1278.0, 1273.0, 1268.0, 1258.0, 1258.0, 1245.0, 1249.0, 1253.0, 1257.0, 1230.0, 1250.0, 1268.0, 1244.0, 1229.0, 1248.0, 1237.0, 1212.0, 1215.0, 1214.0, 1226.0, 1226.0, 1193.0, 1198.0, 1212.0, 1206.0, 1190.0, 1185.0, 1181.0, 1181.0, 1186.0, 1174.0, 1174.0, 1174.0, 1171.0, 1168.0, 1166.0, 1163.0, 1166.0, 1157.0, 1156.0, 1163.0, 1163.0, 1155.0, 1151.0, 1153.0, 1155.0, 1151.0, 1149.0, 1148.0, 1141.0, 1157.0, 1148.0, 1136.0, 1148.0, 1142.0, 1149.0, 1149.0, 1148.0, 1149.0, 1148.0, 1144.0, 1143.0, 1143.0, 1143.0, 1146.0, 1144.0, 1140.0, 1143.0, 1135.0, 1142.0, 1143.0, 1139.0, 1139.0, 1139.0, 1150.0, 1142.0, 1135.0, 1124.0, 1123.0, 1142.0, 1150.0, 1154.0, 1174.0, 1171.0, 1169.0, 1181.0, 1181.0, 1167.0, 1171.0, 1174.0, 1174.0, 1174.0, 1152.0, 1155.0, 1148.0, 1152.0, 1151.0, 1138.0, 1125.0, 1125.0, 1137.0, 1130.0, 1133.0, 1137.0, 1133.0, 1113.0, 1126.0, 1139.0, 1150.0, 1145.0, 1154.0, 1153.0, 1147.0, 1135.0, 1144.0, 1144.0, 1148.0, 1142.0, 1137.0, 1143.0, 1161.0, 1161.0, 1154.0, 1162.0, 1182.0, 1184.0, 1180.0, 1195.0, 1184.0, 1198.0, 1198.0, 1197.0, 1201.0, 1207.0, 1221.0, 1207.0, 1207.0, 1202.0, 1199.0, 1204.0, 1195.0, 1195.0, 1196.0, 1199.0, 1194.0, 1191.0, 1186.0, 1182.0, 1190.0, 1200.0, 1207.0, 1213.0, 1220.0, 1236.0, 1240.0, 1228.0, 1234.0, 1248.0, 1247.0, 1229.0, 1245.0, 1239.0, 1263.0, 1263.0, 1251.0, 1262.0, 1262.0, 1251.0, 1251.0, 1258.0, 1259.0, 1260.0, 1259.0, 1228.0, 1231.0, 1228.0, 1223.0, 1226.0, 1215.0, 1228.0, 1253.0, 1225.0, 1227.0, 1245.0, 1236.0, 1240.0, 1231.0, 1233.0, 1233.0]