header: 
  seq: 1366
  stamp: 
    secs: 1548820791
    nsecs: 306196795
  frame_id: "base_link"
angle_min: -2.35619449615
angle_max: 2.35619449615
angle_increment: 0.00436332309619
time_increment: 1.73611151695e-05
scan_time: 0.0250000003725
range_min: 0.019999999553
range_max: 30.0
ranges: [0.4790000021457672, 0.4880000054836273, 0.49000000953674316, 0.4880000054836273, 0.4819999933242798, 0.48399999737739563, 0.48500001430511475, 0.4869999885559082, 0.4869999885559082, 0.4909999966621399, 0.48899999260902405, 0.47999998927116394, 0.4790000021457672, 0.4749999940395355, 0.4580000042915344, 0.4390000104904175, 0.40299999713897705, 0.3799999952316284, 0.29600000381469727, 0.29600000381469727, 0.3630000054836273, 0.41200000047683716, 0.4350000023841858, 0.43700000643730164, 0.45100000500679016, 0.45899999141693115, 0.45899999141693115, 0.45500001311302185, 0.46299999952316284, 0.46000000834465027, 0.44600000977516174, 0.45399999618530273, 0.45899999141693115, 0.45899999141693115, 0.4620000123977661, 0.4659999907016754, 0.46000000834465027, 0.4569999873638153, 0.4569999873638153, 0.4519999921321869, 0.4410000145435333, 0.4410000145435333, 0.44600000977516174, 0.4490000009536743, 0.44600000977516174, 0.4449999928474426, 0.4399999976158142, 0.4350000023841858, 0.4339999854564667, 0.4339999854564667, 0.4339999854564667, 0.4269999861717224, 0.4269999861717224, 0.4259999990463257, 0.421999990940094, 0.421999990940094, 0.42399999499320984, 0.4230000078678131, 0.42100000381469727, 0.4180000126361847, 0.42100000381469727, 0.42100000381469727, 0.4180000126361847, 0.4180000126361847, 0.41499999165534973, 0.4180000126361847, 0.414000004529953, 0.414000004529953, 0.41200000047683716, 0.4129999876022339, 0.414000004529953, 0.41499999165534973, 0.41600000858306885, 0.41100001335144043, 0.4050000011920929, 0.40299999713897705, 0.3970000147819519, 0.3970000147819519, 0.40700000524520874, 0.4099999964237213, 0.4099999964237213, 0.40400001406669617, 0.40400001406669617, 0.40400001406669617, 0.4009999930858612, 0.4009999930858612, 0.40299999713897705, 0.4000000059604645, 0.39899998903274536, 0.39800000190734863, 0.39899998903274536, 0.39399999380111694, 0.39500001072883606, 0.39500001072883606, 0.39399999380111694, 0.3970000147819519, 0.3970000147819519, 0.3959999978542328, 0.39399999380111694, 0.3930000066757202, 0.39399999380111694, 0.39399999380111694, 0.3930000066757202, 0.3919999897480011, 0.38999998569488525, 0.3889999985694885, 0.3880000114440918, 0.38199999928474426, 0.3790000081062317, 0.38499999046325684, 0.38600000739097595, 0.382999986410141, 0.37700000405311584, 0.37400001287460327, 0.38100001215934753, 0.38600000739097595, 0.3840000033378601, 0.38199999928474426, 0.38100001215934753, 0.3799999952316284, 0.38600000739097595, 0.382999986410141, 0.37599998712539673, 0.3779999911785126, 0.3799999952316284, 0.3779999911785126, 0.38100001215934753, 0.38499999046325684, 0.38100001215934753, 0.37700000405311584, 0.375, 0.37700000405311584, 0.3790000081062317, 0.3790000081062317, 0.3790000081062317, 0.37299999594688416, 0.3709999918937683, 0.37299999594688416, 0.375, 0.37599998712539673, 0.375, 0.37599998712539673, 0.36800000071525574, 0.3610000014305115, 0.3720000088214874, 0.3709999918937683, 0.36899998784065247, 0.36800000071525574, 0.36899998784065247, 0.367000013589859, 0.36899998784065247, 0.36800000071525574, 0.36399999260902405, 0.3630000054836273, 0.3619999885559082, 0.3630000054836273, 0.36000001430511475, 0.36000001430511475, 0.3610000014305115, 0.3619999885559082, 0.3659999966621399, 0.3569999933242798, 0.3619999885559082, 0.3580000102519989, 0.35600000619888306, 0.3580000102519989, 0.3610000014305115, 0.3630000054836273, 0.36399999260902405, 0.35600000619888306, 0.35100001096725464, 0.3499999940395355, 0.3580000102519989, 0.35499998927116394, 0.3580000102519989, 0.3580000102519989, 0.3569999933242798, 0.3569999933242798, 0.3610000014305115, 0.36000001430511475, 0.3610000014305115, 0.3619999885559082, 0.36500000953674316, 0.3569999933242798, 0.35499998927116394, 0.3529999852180481, 0.3529999852180481, 0.35499998927116394, 0.35199999809265137, 0.35499998927116394, 0.35499998927116394, 0.35499998927116394, 0.35499998927116394, 0.35499998927116394, 0.35600000619888306, 0.35600000619888306, 0.35600000619888306, 0.35600000619888306, 0.35499998927116394, 0.35600000619888306, 0.36000001430511475, 0.35899999737739563, 0.3540000021457672, 0.35899999737739563, 0.3619999885559082, 0.3580000102519989, 0.35100001096725464, 0.35100001096725464, 0.35100001096725464, 0.3499999940395355, 0.3540000021457672, 0.3569999933242798, 0.35899999737739563, 0.3529999852180481, 0.3490000069141388, 0.3479999899864197, 0.35199999809265137, 0.3529999852180481, 0.3529999852180481, 0.3529999852180481, 0.3529999852180481, 0.35100001096725464, 0.35600000619888306, 0.3569999933242798, 0.3569999933242798, 0.3449999988079071, 0.34599998593330383, 0.35100001096725464, 0.3529999852180481, 0.3529999852180481, 0.35600000619888306, 0.3580000102519989, 0.3580000102519989, 0.35199999809265137, 0.35199999809265137, 0.35199999809265137, 0.35499998927116394, 0.35100001096725464, 0.35100001096725464, 0.3499999940395355, 0.3490000069141388, 0.3569999933242798, 0.3580000102519989, 0.3540000021457672, 0.35199999809265137, 0.3499999940395355, 0.34599998593330383, 0.3440000116825104, 0.35100001096725464, 0.35100001096725464, 0.35100001096725464, 0.3540000021457672, 0.3490000069141388, 0.3490000069141388, 0.3490000069141388, 0.3540000021457672, 0.3540000021457672, 0.3569999933242798, 0.35600000619888306, 0.35199999809265137, 0.35499998927116394, 0.35100001096725464, 0.35100001096725464, 0.35899999737739563, 0.36500000953674316, 0.36500000953674316, 0.36500000953674316, 0.3630000054836273, 0.3610000014305115, 0.3610000014305115, 0.36899998784065247, 0.3659999966621399, 0.3619999885559082, 0.3610000014305115, 0.36399999260902405, 0.36500000953674316, 0.36899998784065247, 0.36800000071525574, 0.36800000071525574, 0.3659999966621399, 0.36800000071525574, 0.36899998784065247, 0.3720000088214874, 0.3720000088214874, 0.36500000953674316, 0.3659999966621399, 0.375, 0.37400001287460327, 0.37400001287460327, 0.37599998712539673, 0.37599998712539673, 0.37700000405311584, 0.375, 0.375, 0.38100001215934753, 0.38499999046325684, 0.3919999897480011, 0.3869999945163727, 0.39100000262260437, 0.38100001215934753, 0.382999986410141, 0.38600000739097595, 0.3869999945163727, 0.39100000262260437, 0.38999998569488525, 0.3919999897480011, 0.3970000147819519, 0.4000000059604645, 0.3959999978542328, 0.39899998903274536, 0.39899998903274536, 0.39899998903274536, 0.4000000059604645, 0.39899998903274536, 0.39899998903274536, 0.4009999930858612, 0.4009999930858612, 0.4099999964237213, 0.41600000858306885, 0.41600000858306885, 0.4169999957084656, 0.4180000126361847, 0.4180000126361847, 0.4189999997615814, 0.4189999997615814, 0.42100000381469727, 0.4230000078678131, 0.4230000078678131, 0.4259999990463257, 0.4269999861717224, 0.4269999861717224, 0.42500001192092896, 0.4300000071525574, 0.43299999833106995, 0.4350000023841858, 0.4350000023841858, 0.43799999356269836, 0.43799999356269836, 0.44200000166893005, 0.44600000977516174, 0.44699999690055847, 0.44600000977516174, 0.44600000977516174, 0.44600000977516174, 0.4449999928474426, 0.44699999690055847, 0.45100000500679016, 0.45399999618530273, 0.4519999921321869, 0.4620000123977661, 0.4569999873638153, 0.4620000123977661, 0.45899999141693115, 0.460999995470047, 0.47099998593330383, 0.47099998593330383, 0.46700000762939453, 0.46799999475479126, 0.47200000286102295, 0.47200000286102295, 0.47200000286102295, 0.47699999809265137, 0.48100000619888306, 0.48100000619888306, 0.48100000619888306, 0.48899999260902405, 0.4880000054836273, 0.4869999885559082, 0.49300000071525574, 0.49300000071525574, 0.49399998784065247, 0.5, 0.4950000047683716, 0.503000020980835, 0.503000020980835, 0.5099999904632568, 0.5109999775886536, 0.5090000033378601, 0.5090000033378601, 0.5120000243186951, 0.5180000066757202, 0.5230000019073486, 0.5230000019073486, 0.5199999809265137, 0.5230000019073486, 0.527999997138977, 0.5350000262260437, 0.5400000214576721, 0.5400000214576721, 0.5429999828338623, 0.5490000247955322, 0.550000011920929, 0.5519999861717224, 0.5519999861717224, 0.5580000281333923, 0.5669999718666077, 0.5649999976158142, 0.5619999766349792, 0.5649999976158142, 0.5720000267028809, 0.5759999752044678, 0.574999988079071, 0.5799999833106995, 0.5830000042915344, 0.5839999914169312, 0.5849999785423279, 0.5879999995231628, 0.5910000205039978, 0.5979999899864197, 0.6079999804496765, 0.6060000061988831, 0.6079999804496765, 0.6119999885559082, 0.6100000143051147, 0.6129999756813049, 0.6190000176429749, 0.6209999918937683, 0.6259999871253967, 0.6299999952316284, 0.6309999823570251, 0.6330000162124634, 0.6389999985694885, 0.6439999938011169, 0.6470000147819519, 0.6539999842643738, 0.6579999923706055, 0.6589999794960022, 0.6589999794960022, 0.6669999957084656, 0.6830000281333923, 0.6830000281333923, 0.6830000281333923, 0.6970000267028809, 0.7179999947547913, 0.7179999947547913, 0.7179999947547913, 0.7179999947547913, 0.7360000014305115, 0.7329999804496765, 0.7310000061988831, 0.7630000114440918, 0.8059999942779541, 0.8930000066757202, 1.065999984741211, 1.4639999866485596, 1.8389999866485596, 1.850000023841858, 1.8489999771118164, 1.8459999561309814, 1.843000054359436, 1.8380000591278076, 1.8380000591278076, 1.840999960899353, 1.840000033378601, 1.8320000171661377, 1.8300000429153442, 1.8309999704360962, 1.8270000219345093, 1.8200000524520874, 1.815999984741211, 1.812000036239624, 1.8079999685287476, 1.8029999732971191, 1.7970000505447388, 1.7910000085830688, 1.7910000085830688, 1.7890000343322754, 1.7790000438690186, 1.7719999551773071, 1.7730000019073486, 1.7710000276565552, 1.7740000486373901, 1.7710000276565552, 1.7640000581741333, 1.7649999856948853, 1.7589999437332153, 1.7589999437332153, 1.7580000162124634, 1.7580000162124634, 1.746000051498413, 1.7400000095367432, 1.74399995803833, 1.7480000257492065, 1.746000051498413, 1.7350000143051147, 1.7339999675750732, 1.7350000143051147, 1.7319999933242798, 1.7300000190734863, 1.722000002861023, 1.7209999561309814, 1.7200000286102295, 1.715999960899353, 1.718000054359436, 1.7170000076293945, 1.7100000381469727, 1.7109999656677246, 1.7059999704360962, 1.7059999704360962, 1.7059999704360962, 1.7050000429153442, 1.7039999961853027, 1.7009999752044678, 1.7029999494552612, 1.6990000009536743, 1.6979999542236328, 1.6950000524520874, 1.6920000314712524, 1.690999984741211, 1.690000057220459, 1.687999963760376, 1.6929999589920044, 1.6820000410079956, 1.6779999732971191, 1.6770000457763672, 1.684999942779541, 1.6859999895095825, 1.6820000410079956, 1.6779999732971191, 1.6790000200271606, 1.6670000553131104, 1.6790000200271606, 1.6759999990463257, 1.6679999828338623, 1.6610000133514404, 1.659999966621399, 1.6619999408721924, 1.6640000343322754, 1.6629999876022339, 1.6549999713897705, 1.656999945640564, 1.656000018119812, 1.6549999713897705, 1.6449999809265137, 1.6380000114440918, 1.6369999647140503, 1.6360000371932983, 1.6339999437332153, 1.6349999904632568, 1.6339999437332153, 1.63100004196167, 1.6269999742507935, 1.6260000467300415, 1.61899995803833, 1.6109999418258667, 1.6139999628067017, 1.6050000190734863, 1.6100000143051147, 1.6100000143051147, 1.6059999465942383, 1.600000023841858, 1.593000054359436, 1.597000002861023, 1.590000033378601, 1.5820000171661377, 1.5759999752044678, 1.5759999752044678, 1.5709999799728394, 1.5729999542236328, 1.5700000524520874, 1.5609999895095825, 1.562000036239624, 1.562000036239624, 1.559999942779541, 1.5499999523162842, 1.5429999828338623, 1.5440000295639038, 1.5449999570846558, 1.5399999618530273, 1.531999945640564, 1.5290000438690186, 1.5219999551773071, 1.5149999856948853, 1.5199999809265137, 1.5180000066757202, 1.5160000324249268, 1.5140000581741333, 1.5169999599456787, 1.5099999904632568, 1.50600004196167, 1.5, 1.5019999742507935, 1.503000020980835, 1.5019999742507935, 1.49399995803833, 1.4919999837875366, 1.4839999675750732, 1.4759999513626099, 1.4700000286102295, 1.465999960899353, 1.4620000123977661, 1.4490000009536743, 1.4459999799728394, 1.4450000524520874, 1.437999963760376, 1.4390000104904175, 1.4329999685287476, 1.430999994277954, 1.4259999990463257, 1.4259999990463257, 1.4119999408721924, 1.4110000133514404, 1.409000039100647, 1.4040000438690186, 1.4019999504089355, 1.3930000066757202, 1.3919999599456787, 1.3860000371932983, 1.38100004196167, 1.3799999952316284, 1.3760000467300415, 1.36899995803833, 1.3680000305175781, 1.3639999628067017, 1.3600000143051147, 1.3509999513626099, 1.3459999561309814, 1.3370000123977661, 1.3339999914169312, 1.3309999704360962, 1.3329999446868896, 1.3270000219345093, 1.319000005722046, 1.312000036239624, 1.3020000457763672, 1.2990000247955322, 1.2970000505447388, 1.2970000505447388, 1.2879999876022339, 1.284999966621399, 1.2879999876022339, 1.2760000228881836, 1.2699999809265137, 1.2669999599456787, 1.2610000371932983, 1.25600004196167, 1.2519999742507935, 1.246000051498413, 1.2410000562667847, 1.2389999628067017, 1.2309999465942383, 1.222000002861023, 1.2200000286102295, 1.218999981880188, 1.218999981880188, 1.2200000286102295, 1.2070000171661377, 1.2009999752044678, 1.1859999895095825, 1.1820000410079956, 1.1790000200271606, 1.1720000505447388, 1.1690000295639038, 1.156000018119812, 1.1549999713897705, 1.1540000438690186, 1.152999997138977, 1.1399999856948853, 1.1360000371932983, 1.1360000371932983, 1.1269999742507935, 1.11899995803833, 1.1180000305175781, 1.1180000305175781, 1.1019999980926514, 1.1019999980926514, 1.093999981880188, 1.0859999656677246, 1.0839999914169312, 1.0820000171661377, 1.069000005722046, 1.0640000104904175, 1.065999984741211, 1.0549999475479126, 1.0490000247955322, 1.0449999570846558, 1.034000039100647, 1.034000039100647, 1.0290000438690186, 1.0160000324249268, 1.0089999437332153, 1.003999948501587, 0.9929999709129333, 0.9879999756813049, 0.9879999756813049, 0.9850000143051147, 0.9779999852180481, 0.9760000109672546, 0.9760000109672546, 0.9670000076293945, 0.9570000171661377, 0.949999988079071, 0.9430000185966492, 0.9359999895095825, 0.9240000247955322, 0.9240000247955322, 0.9200000166893005, 0.9150000214576721, 0.9049999713897705, 0.9039999842643738, 0.9039999842643738, 0.9020000100135803, 0.8960000276565552, 0.8920000195503235, 0.8809999823570251, 0.875, 0.871999979019165, 0.8730000257492065, 0.859000027179718, 0.859000027179718, 0.8550000190734863, 0.8500000238418579, 0.8479999899864197, 0.8479999899864197, 0.8460000157356262, 0.8420000076293945, 0.8339999914169312, 0.8259999752044678, 0.8220000267028809, 0.8190000057220459, 0.8149999976158142, 0.8159999847412109, 0.8050000071525574, 0.8019999861717224, 0.7960000038146973, 0.7950000166893005, 0.7919999957084656, 0.7919999957084656, 0.7820000052452087, 0.781000018119812, 0.781000018119812, 0.7799999713897705, 0.7770000100135803, 0.7739999890327454, 0.7630000114440918, 0.753000020980835, 0.753000020980835, 0.753000020980835, 0.7509999871253967, 0.7480000257492065, 0.7459999918937683, 0.7409999966621399, 0.7419999837875366, 0.7419999837875366, 0.7400000095367432, 0.7310000061988831, 0.7310000061988831, 0.7289999723434448, 0.7260000109672546, 0.7210000157356262, 0.722000002861023, 0.7210000157356262, 0.7179999947547913, 0.7120000123977661, 0.7049999833106995, 0.7049999833106995, 0.6990000009536743, 0.6990000009536743, 0.7039999961853027, 0.7009999752044678, 0.6990000009536743, 0.6919999718666077, 0.6880000233650208, 0.6880000233650208, 0.6880000233650208, 0.6809999942779541, 0.6790000200271606, 0.6769999861717224, 0.6779999732971191, 0.6759999990463257, 0.6740000247955322, 0.6740000247955322, 0.6769999861717224, 0.6729999780654907, 0.6729999780654907, 0.6679999828338623, 0.6679999828338623, 0.6660000085830688, 0.6650000214576721, 0.6660000085830688, 0.6610000133514404, 0.6610000133514404, 0.6570000052452087, 0.6520000100135803, 0.6439999938011169, 0.6420000195503235, 0.6449999809265137, 0.6460000276565552, 0.640999972820282, 0.640999972820282, 0.6420000195503235, 0.6430000066757202, 0.6349999904632568, 0.640999972820282, 0.625, 0.6349999904632568, 0.6299999952316284, 0.6299999952316284, 0.6259999871253967, 0.6230000257492065, 0.625, 0.625, 0.625, 0.6209999918937683, 0.6100000143051147, 0.6179999709129333, 0.6179999709129333, 0.6179999709129333, 0.6179999709129333, 0.6179999709129333, 0.6140000224113464, 0.6100000143051147, 0.6100000143051147, 0.6100000143051147, 0.609000027179718, 0.6019999980926514, 0.6019999980926514, 0.6050000190734863, 0.6060000061988831, 0.6010000109672546, 0.597000002861023, 0.6019999980926514, 0.5989999771118164, 0.593999981880188, 0.5920000076293945, 0.5910000205039978, 0.5920000076293945, 0.5920000076293945, 0.5839999914169312, 0.5920000076293945, 0.5920000076293945, 0.5879999995231628, 0.5860000252723694, 0.5860000252723694, 0.5899999737739563, 0.5950000286102295, 0.5950000286102295, 0.5889999866485596, 0.5849999785423279, 0.5799999833106995, 0.5740000009536743, 0.578000009059906, 0.5809999704360962, 0.5820000171661377, 0.5789999961853027, 0.578000009059906, 0.5789999961853027, 0.5789999961853027, 0.574999988079071, 0.574999988079071, 0.578000009059906, 0.5789999961853027, 0.5770000219345093, 0.578000009059906, 0.5740000009536743, 0.5759999752044678, 0.5770000219345093, 0.5709999799728394, 0.5630000233650208, 0.5640000104904175, 0.5699999928474426, 0.5789999961853027, 0.578000009059906, 0.5709999799728394, 0.5669999718666077, 0.5709999799728394, 0.5720000267028809, 0.5720000267028809, 0.5690000057220459, 0.5680000185966492, 0.5630000233650208, 0.5630000233650208, 0.5640000104904175, 0.5690000057220459, 0.5709999799728394, 0.5709999799728394, 0.5720000267028809, 0.5740000009536743, 0.5720000267028809, 0.5699999928474426, 0.5669999718666077, 0.5630000233650208, 0.5659999847412109, 0.5609999895095825, 0.5559999942779541, 0.550000011920929, 0.550000011920929, 0.5590000152587891, 0.5619999766349792, 0.5529999732971191, 0.5540000200271606, 0.5600000023841858, 0.5619999766349792, 0.5559999942779541, 0.5590000152587891, 0.5609999895095825, 0.5690000057220459, 0.5690000057220459, 0.5600000023841858, 0.5509999990463257, 0.550000011920929, 0.5609999895095825, 0.5580000281333923, 0.5630000233650208, 0.5569999814033508, 0.5509999990463257, 0.5490000247955322, 0.5519999861717224, 0.5580000281333923, 0.5580000281333923, 0.5529999732971191, 0.5490000247955322, 0.5519999861717224, 0.5519999861717224, 0.5550000071525574, 0.5550000071525574, 0.5550000071525574, 0.5580000281333923, 0.5540000200271606, 0.5540000200271606, 0.5529999732971191, 0.5600000023841858, 0.5559999942779541, 0.5559999942779541, 0.5569999814033508, 0.5569999814033508, 0.5569999814033508, 0.5529999732971191, 0.5519999861717224, 0.5580000281333923, 0.5550000071525574, 0.5559999942779541, 0.5519999861717224, 0.5550000071525574, 0.5550000071525574, 0.5550000071525574, 0.546999990940094, 0.5440000295639038, 0.5540000200271606, 0.5569999814033508, 0.5569999814033508, 0.5580000281333923, 0.5609999895095825, 0.5580000281333923, 0.5580000281333923, 0.5600000023841858, 0.5669999718666077, 0.5709999799728394, 0.5600000023841858, 0.5529999732971191, 0.5550000071525574, 0.5580000281333923, 0.5580000281333923, 0.5550000071525574, 0.5529999732971191, 0.5569999814033508, 0.5600000023841858, 0.5640000104904175, 0.5640000104904175, 0.5640000104904175, 0.5640000104904175, 0.5640000104904175, 0.5580000281333923, 0.5640000104904175, 0.5669999718666077, 0.5720000267028809, 0.5720000267028809, 0.5740000009536743, 0.5789999961853027, 0.5740000009536743, 0.5690000057220459, 0.5699999928474426, 0.574999988079071, 0.5799999833106995, 0.5839999914169312, 0.5839999914169312, 0.5830000042915344, 0.5820000171661377, 0.5799999833106995, 0.5789999961853027, 0.5759999752044678, 0.5799999833106995, 0.5830000042915344, 0.5849999785423279, 0.5849999785423279, 0.5960000157356262, 0.5960000157356262, 0.5979999899864197, 0.5929999947547913, 0.5929999947547913, 0.5950000286102295, 0.5879999995231628, 0.5899999737739563, 0.5960000157356262, 0.6010000109672546, 0.6010000109672546, 0.6000000238418579, 0.6010000109672546, 0.6010000109672546, 0.5960000157356262, 0.5929999947547913, 0.597000002861023, 0.6000000238418579, 0.609000027179718, 0.6079999804496765, 0.6079999804496765, 0.609000027179718, 0.6100000143051147, 0.6079999804496765, 0.6060000061988831, 0.6079999804496765, 0.6060000061988831, 0.6050000190734863, 0.6050000190734863, 0.6039999723434448, 0.6110000014305115, 0.6140000224113464, 0.6159999966621399, 0.6110000014305115, 0.6209999918937683, 0.6230000257492065, 0.6190000176429749, 0.6119999885559082, 0.6159999966621399, 0.6190000176429749, 0.6140000224113464, 0.6119999885559082, 0.6129999756813049, 0.6150000095367432, 0.6179999709129333, 0.6179999709129333, 0.6129999756813049, 0.6209999918937683, 0.6209999918937683, 0.6200000047683716, 0.625, 0.6299999952316284, 0.628000020980835, 0.6259999871253967, 0.6309999823570251, 0.6359999775886536, 0.6309999823570251, 0.6309999823570251, 0.6359999775886536, 0.6389999985694885, 0.6399999856948853, 0.6399999856948853, 0.640999972820282, 0.6370000243186951, 0.6299999952316284, 0.6320000290870667, 0.6380000114440918, 0.6399999856948853, 0.6439999938011169, 0.6449999809265137, 0.6370000243186951, 0.6309999823570251, 0.6349999904632568, 0.6389999985694885, 0.6430000066757202, 0.6499999761581421, 0.6510000228881836, 0.6449999809265137, 0.6620000004768372, 0.6690000295639038, 0.6650000214576721, 0.6650000214576721, 0.6650000214576721, 0.6710000038146973, 0.6779999732971191, 0.6800000071525574, 0.6830000281333923, 0.6830000281333923, 0.6840000152587891, 0.6940000057220459, 0.6949999928474426, 0.699999988079071, 0.699999988079071, 0.6850000023841858, 0.703000009059906, 0.703000009059906]
intensities: [1019.0, 1087.0, 1119.0, 1136.0, 1150.0, 1184.0, 1269.0, 1325.0, 1325.0, 1370.0, 1389.0, 1380.0, 1392.0, 1383.0, 1242.0, 1208.0, 1112.0, 1041.0, 841.0, 841.0, 922.0, 1001.0, 1028.0, 1036.0, 1062.0, 1015.0, 1015.0, 1014.0, 1057.0, 1098.0, 1126.0, 1282.0, 1328.0, 1387.0, 1438.0, 1463.0, 1493.0, 1504.0, 1511.0, 1542.0, 1527.0, 1536.0, 1546.0, 1543.0, 1572.0, 1577.0, 1586.0, 1582.0, 1562.0, 1564.0, 1564.0, 1564.0, 1560.0, 1565.0, 1556.0, 1556.0, 1556.0, 1562.0, 1546.0, 1547.0, 1527.0, 1527.0, 1537.0, 1528.0, 1540.0, 1527.0, 1524.0, 1517.0, 1544.0, 1539.0, 1525.0, 1515.0, 1539.0, 1530.0, 1514.0, 1520.0, 1536.0, 1527.0, 1513.0, 1510.0, 1510.0, 1509.0, 1514.0, 1514.0, 1514.0, 1496.0, 1479.0, 1490.0, 1496.0, 1505.0, 1500.0, 1491.0, 1482.0, 1475.0, 1481.0, 1471.0, 1473.0, 1461.0, 1461.0, 1459.0, 1446.0, 1440.0, 1450.0, 1465.0, 1461.0, 1477.0, 1471.0, 1448.0, 1439.0, 1452.0, 1453.0, 1452.0, 1470.0, 1453.0, 1431.0, 1435.0, 1427.0, 1427.0, 1436.0, 1421.0, 1442.0, 1439.0, 1422.0, 1421.0, 1420.0, 1393.0, 1405.0, 1418.0, 1405.0, 1396.0, 1396.0, 1409.0, 1399.0, 1399.0, 1401.0, 1386.0, 1361.0, 1373.0, 1391.0, 1385.0, 1390.0, 1380.0, 1389.0, 1371.0, 1385.0, 1350.0, 1356.0, 1375.0, 1389.0, 1354.0, 1355.0, 1345.0, 1359.0, 1346.0, 1343.0, 1331.0, 1335.0, 1340.0, 1335.0, 1330.0, 1329.0, 1312.0, 1313.0, 1297.0, 1287.0, 1283.0, 1280.0, 1320.0, 1317.0, 1314.0, 1313.0, 1305.0, 1314.0, 1307.0, 1317.0, 1331.0, 1308.0, 1311.0, 1314.0, 1314.0, 1329.0, 1322.0, 1316.0, 1304.0, 1304.0, 1303.0, 1297.0, 1297.0, 1297.0, 1300.0, 1301.0, 1300.0, 1295.0, 1295.0, 1303.0, 1292.0, 1292.0, 1294.0, 1288.0, 1285.0, 1289.0, 1285.0, 1273.0, 1275.0, 1266.0, 1255.0, 1244.0, 1258.0, 1260.0, 1247.0, 1254.0, 1237.0, 1233.0, 1224.0, 1237.0, 1233.0, 1233.0, 1202.0, 1209.0, 1226.0, 1226.0, 1204.0, 1209.0, 1190.0, 1190.0, 1177.0, 1176.0, 1164.0, 1172.0, 1172.0, 1172.0, 1134.0, 1164.0, 1155.0, 1155.0, 1152.0, 1159.0, 1151.0, 1157.0, 1156.0, 1145.0, 1159.0, 1162.0, 1148.0, 1140.0, 1144.0, 1143.0, 1138.0, 1129.0, 1129.0, 1128.0, 1148.0, 1149.0, 1133.0, 1118.0, 1135.0, 1128.0, 1127.0, 1147.0, 1125.0, 1142.0, 1118.0, 1118.0, 1137.0, 1143.0, 1143.0, 1143.0, 1131.0, 1122.0, 1122.0, 1140.0, 1133.0, 1132.0, 1122.0, 1123.0, 1127.0, 1159.0, 1162.0, 1166.0, 1161.0, 1156.0, 1160.0, 1159.0, 1159.0, 1188.0, 1187.0, 1178.0, 1187.0, 1185.0, 1196.0, 1193.0, 1181.0, 1188.0, 1188.0, 1190.0, 1195.0, 1201.0, 1211.0, 1215.0, 1222.0, 1210.0, 1199.0, 1211.0, 1229.0, 1227.0, 1243.0, 1250.0, 1250.0, 1251.0, 1251.0, 1251.0, 1251.0, 1254.0, 1251.0, 1251.0, 1254.0, 1254.0, 1260.0, 1264.0, 1264.0, 1262.0, 1274.0, 1281.0, 1290.0, 1290.0, 1292.0, 1291.0, 1280.0, 1306.0, 1302.0, 1303.0, 1304.0, 1303.0, 1305.0, 1307.0, 1307.0, 1313.0, 1313.0, 1323.0, 1331.0, 1330.0, 1322.0, 1323.0, 1341.0, 1354.0, 1344.0, 1332.0, 1342.0, 1333.0, 1343.0, 1356.0, 1348.0, 1357.0, 1346.0, 1362.0, 1354.0, 1371.0, 1365.0, 1376.0, 1376.0, 1376.0, 1393.0, 1380.0, 1385.0, 1385.0, 1367.0, 1387.0, 1407.0, 1374.0, 1374.0, 1383.0, 1390.0, 1379.0, 1400.0, 1397.0, 1397.0, 1405.0, 1395.0, 1395.0, 1388.0, 1398.0, 1406.0, 1406.0, 1385.0, 1385.0, 1407.0, 1391.0, 1401.0, 1410.0, 1409.0, 1397.0, 1396.0, 1394.0, 1405.0, 1409.0, 1411.0, 1402.0, 1395.0, 1393.0, 1371.0, 1383.0, 1369.0, 1373.0, 1361.0, 1358.0, 1354.0, 1355.0, 1315.0, 1302.0, 1306.0, 1282.0, 1285.0, 1289.0, 1272.0, 1282.0, 1282.0, 1254.0, 1271.0, 1259.0, 1256.0, 1256.0, 1237.0, 1250.0, 1244.0, 1243.0, 1246.0, 1244.0, 1240.0, 1250.0, 1262.0, 1275.0, 1275.0, 1280.0, 1462.0, 1462.0, 1561.0, 1406.0, 1345.0, 1273.0, 1180.0, 1295.0, 1480.0, 1532.0, 1454.0, 1303.0, 1134.0, 1117.0, 1117.0, 1121.0, 1130.0, 1117.0, 1124.0, 1131.0, 1133.0, 1121.0, 1118.0, 1114.0, 1120.0, 1108.0, 1110.0, 1120.0, 1117.0, 1113.0, 1106.0, 1107.0, 1104.0, 1102.0, 1101.0, 1114.0, 1115.0, 1108.0, 1110.0, 1115.0, 1114.0, 1136.0, 1101.0, 1096.0, 1109.0, 1109.0, 1115.0, 1094.0, 1110.0, 1127.0, 1115.0, 1111.0, 1109.0, 1112.0, 1116.0, 1120.0, 1114.0, 1119.0, 1124.0, 1126.0, 1133.0, 1133.0, 1119.0, 1121.0, 1132.0, 1132.0, 1132.0, 1132.0, 1134.0, 1139.0, 1121.0, 1142.0, 1147.0, 1141.0, 1129.0, 1121.0, 1117.0, 1106.0, 1156.0, 1122.0, 1143.0, 1120.0, 1134.0, 1136.0, 1127.0, 1119.0, 1125.0, 1118.0, 1117.0, 1131.0, 1138.0, 1130.0, 1124.0, 1117.0, 1139.0, 1133.0, 1120.0, 1136.0, 1149.0, 1149.0, 1122.0, 1113.0, 1129.0, 1145.0, 1136.0, 1152.0, 1144.0, 1125.0, 1128.0, 1116.0, 1104.0, 1122.0, 1154.0, 1135.0, 1137.0, 1137.0, 1131.0, 1164.0, 1140.0, 1143.0, 1141.0, 1176.0, 1148.0, 1154.0, 1135.0, 1147.0, 1156.0, 1138.0, 1145.0, 1139.0, 1142.0, 1145.0, 1139.0, 1153.0, 1154.0, 1139.0, 1130.0, 1122.0, 1117.0, 1126.0, 1151.0, 1129.0, 1138.0, 1125.0, 1146.0, 1146.0, 1147.0, 1149.0, 1147.0, 1152.0, 1158.0, 1127.0, 1135.0, 1155.0, 1151.0, 1123.0, 1122.0, 1137.0, 1131.0, 1124.0, 1125.0, 1154.0, 1157.0, 1130.0, 1133.0, 1138.0, 1138.0, 1114.0, 1116.0, 1114.0, 1122.0, 1119.0, 1125.0, 1129.0, 1124.0, 1121.0, 1133.0, 1140.0, 1130.0, 1131.0, 1120.0, 1130.0, 1137.0, 1126.0, 1146.0, 1155.0, 1149.0, 1158.0, 1139.0, 1141.0, 1137.0, 1123.0, 1141.0, 1144.0, 1144.0, 1149.0, 1145.0, 1156.0, 1135.0, 1149.0, 1151.0, 1169.0, 1168.0, 1177.0, 1159.0, 1158.0, 1161.0, 1153.0, 1156.0, 1178.0, 1160.0, 1169.0, 1185.0, 1184.0, 1185.0, 1172.0, 1181.0, 1196.0, 1187.0, 1194.0, 1187.0, 1207.0, 1201.0, 1201.0, 1209.0, 1212.0, 1212.0, 1201.0, 1205.0, 1204.0, 1204.0, 1209.0, 1209.0, 1209.0, 1209.0, 1213.0, 1214.0, 1228.0, 1223.0, 1221.0, 1216.0, 1213.0, 1227.0, 1232.0, 1233.0, 1222.0, 1226.0, 1218.0, 1214.0, 1218.0, 1243.0, 1261.0, 1260.0, 1260.0, 1285.0, 1285.0, 1287.0, 1279.0, 1272.0, 1273.0, 1278.0, 1283.0, 1282.0, 1285.0, 1269.0, 1278.0, 1289.0, 1298.0, 1306.0, 1301.0, 1312.0, 1307.0, 1310.0, 1321.0, 1324.0, 1322.0, 1349.0, 1378.0, 1387.0, 1436.0, 1436.0, 1390.0, 1394.0, 1429.0, 1413.0, 1408.0, 1414.0, 1420.0, 1404.0, 1414.0, 1423.0, 1433.0, 1443.0, 1430.0, 1441.0, 1445.0, 1414.0, 1414.0, 1396.0, 1404.0, 1444.0, 1459.0, 1449.0, 1445.0, 1442.0, 1449.0, 1453.0, 1453.0, 1460.0, 1461.0, 1461.0, 1451.0, 1465.0, 1468.0, 1476.0, 1476.0, 1478.0, 1495.0, 1486.0, 1490.0, 1471.0, 1470.0, 1479.0, 1498.0, 1510.0, 1498.0, 1484.0, 1505.0, 1514.0, 1491.0, 1504.0, 1502.0, 1495.0, 1524.0, 1511.0, 1510.0, 1511.0, 1497.0, 1497.0, 1500.0, 1520.0, 1520.0, 1493.0, 1505.0, 1535.0, 1523.0, 1531.0, 1529.0, 1526.0, 1522.0, 1514.0, 1522.0, 1523.0, 1536.0, 1530.0, 1529.0, 1516.0, 1511.0, 1516.0, 1537.0, 1508.0, 1526.0, 1501.0, 1502.0, 1502.0, 1524.0, 1520.0, 1524.0, 1527.0, 1527.0, 1515.0, 1512.0, 1508.0, 1519.0, 1519.0, 1519.0, 1526.0, 1531.0, 1530.0, 1513.0, 1496.0, 1511.0, 1515.0, 1515.0, 1511.0, 1531.0, 1534.0, 1529.0, 1511.0, 1508.0, 1516.0, 1530.0, 1520.0, 1557.0, 1557.0, 1546.0, 1560.0, 1548.0, 1536.0, 1530.0, 1530.0, 1526.0, 1516.0, 1509.0, 1481.0, 1460.0, 1493.0, 1481.0, 1482.0, 1470.0, 1465.0, 1472.0, 1492.0, 1454.0, 1455.0, 1459.0, 1459.0, 1459.0, 1455.0, 1460.0, 1457.0, 1455.0, 1458.0, 1456.0, 1468.0, 1441.0, 1441.0, 1449.0, 1448.0, 1446.0, 1441.0, 1453.0, 1447.0, 1470.0, 1464.0, 1458.0, 1450.0, 1449.0, 1443.0, 1452.0, 1437.0, 1435.0, 1434.0, 1438.0, 1441.0, 1416.0, 1430.0, 1417.0, 1441.0, 1403.0, 1435.0, 1429.0, 1417.0, 1417.0, 1438.0, 1435.0, 1427.0, 1436.0, 1421.0, 1402.0, 1388.0, 1395.0, 1399.0, 1394.0, 1394.0, 1402.0, 1409.0, 1407.0, 1407.0, 1391.0, 1362.0, 1371.0, 1398.0, 1381.0, 1394.0, 1389.0, 1388.0, 1401.0, 1382.0, 1380.0, 1391.0, 1366.0, 1373.0, 1373.0, 1352.0, 1345.0, 1345.0, 1334.0, 1326.0, 1321.0, 1321.0, 1308.0, 1322.0, 1322.0, 1318.0, 1303.0, 1314.0, 1302.0, 1308.0, 1301.0, 1311.0, 1297.0, 1297.0, 1286.0, 1293.0, 1299.0, 1296.0, 1296.0, 1302.0, 1305.0, 1284.0, 1279.0, 1290.0, 1294.0, 1284.0, 1307.0, 1302.0, 1302.0, 1281.0, 1284.0, 1286.0, 1285.0, 1279.0, 1274.0, 1289.0, 1289.0, 1295.0, 1278.0, 1278.0, 1284.0, 1297.0, 1292.0, 1268.0, 1268.0, 1281.0, 1296.0, 1296.0, 1285.0, 1295.0, 1318.0, 1310.0, 1322.0, 1322.0, 1324.0, 1323.0, 1321.0, 1337.0, 1331.0, 1338.0, 1335.0, 1329.0, 1329.0, 1332.0, 1332.0, 1340.0, 1339.0, 1339.0, 1363.0, 1339.0, 1357.0, 1346.0, 1331.0, 1338.0, 1333.0, 1342.0, 1342.0, 1338.0, 1320.0, 1327.0, 1325.0, 1330.0, 1323.0, 1325.0, 1342.0, 1348.0, 1334.0, 1327.0, 1348.0, 1356.0, 1357.0, 1351.0, 1352.0, 1356.0, 1356.0, 1360.0, 1364.0, 1356.0, 1360.0, 1353.0, 1361.0, 1368.0, 1375.0, 1363.0, 1374.0, 1352.0, 1376.0, 1411.0, 1422.0, 1411.0, 1401.0, 1383.0, 1372.0, 1402.0, 1381.0, 1400.0, 1397.0, 1393.0, 1387.0, 1393.0, 1393.0, 1388.0, 1398.0, 1402.0, 1402.0, 1412.0, 1402.0, 1406.0, 1406.0, 1412.0, 1397.0, 1407.0, 1409.0, 1410.0, 1414.0, 1412.0, 1415.0, 1409.0, 1416.0, 1405.0, 1409.0, 1399.0, 1398.0, 1386.0, 1371.0, 1388.0, 1393.0, 1387.0, 1390.0, 1386.0, 1392.0, 1395.0, 1389.0, 1389.0, 1370.0, 1370.0, 1391.0, 1387.0, 1387.0]