header: 
  seq: 1533
  stamp: 
    secs: 1548820795
    nsecs: 488901226
  frame_id: "base_link"
angle_min: -2.35619449615
angle_max: 2.35619449615
angle_increment: 0.00436332309619
time_increment: 1.73611151695e-05
scan_time: 0.0250000003725
range_min: 0.019999999553
range_max: 30.0
ranges: [0.4189999997615814, 0.4309999942779541, 0.4359999895095825, 0.4309999942779541, 0.4339999854564667, 0.4350000023841858, 0.4359999895095825, 0.4399999976158142, 0.44200000166893005, 0.42899999022483826, 0.42500001192092896, 0.4269999861717224, 0.4320000112056732, 0.42899999022483826, 0.41100001335144043, 0.39500001072883606, 0.35899999737739563, 0.3310000002384186, 0.3190000057220459, 0.28700000047683716, 0.32199999690055847, 0.38199999928474426, 0.38999998569488525, 0.4050000011920929, 0.4050000011920929, 0.40799999237060547, 0.41100001335144043, 0.40400001406669617, 0.4090000092983246, 0.38499999046325684, 0.40299999713897705, 0.4009999930858612, 0.4050000011920929, 0.4009999930858612, 0.3930000066757202, 0.38999998569488525, 0.39100000262260437, 0.38999998569488525, 0.3869999945163727, 0.382999986410141, 0.3869999945163727, 0.3869999945163727, 0.3869999945163727, 0.382999986410141, 0.38499999046325684, 0.382999986410141, 0.3799999952316284, 0.37700000405311584, 0.3779999911785126, 0.3779999911785126, 0.3799999952316284, 0.37700000405311584, 0.375, 0.3700000047683716, 0.37599998712539673, 0.3779999911785126, 0.37599998712539673, 0.3630000054836273, 0.3700000047683716, 0.3700000047683716, 0.3630000054836273, 0.36800000071525574, 0.3659999966621399, 0.367000013589859, 0.3619999885559082, 0.3610000014305115, 0.3610000014305115, 0.36500000953674316, 0.36399999260902405, 0.36399999260902405, 0.3630000054836273, 0.36399999260902405, 0.35899999737739563, 0.35899999737739563, 0.36000001430511475, 0.367000013589859, 0.36399999260902405, 0.35499998927116394, 0.3490000069141388, 0.35100001096725464, 0.3580000102519989, 0.3580000102519989, 0.3569999933242798, 0.35100001096725464, 0.34599998593330383, 0.34599998593330383, 0.34700000286102295, 0.3490000069141388, 0.3479999899864197, 0.3449999988079071, 0.34700000286102295, 0.34200000762939453, 0.3440000116825104, 0.34299999475479126, 0.3400000035762787, 0.335999995470047, 0.33500000834465027, 0.33500000834465027, 0.335999995470047, 0.3400000035762787, 0.34200000762939453, 0.33899998664855957, 0.33899998664855957, 0.34299999475479126, 0.34299999475479126, 0.34200000762939453, 0.3370000123977661, 0.328000009059906, 0.32899999618530273, 0.3319999873638153, 0.3310000002384186, 0.3319999873638153, 0.33500000834465027, 0.33500000834465027, 0.33000001311302185, 0.328000009059906, 0.32199999690055847, 0.3230000138282776, 0.328000009059906, 0.3310000002384186, 0.3330000042915344, 0.33500000834465027, 0.3330000042915344, 0.32600000500679016, 0.32499998807907104, 0.32199999690055847, 0.32199999690055847, 0.32899999618530273, 0.33000001311302185, 0.3330000042915344, 0.3330000042915344, 0.33000001311302185, 0.3310000002384186, 0.3330000042915344, 0.33000001311302185, 0.3310000002384186, 0.32899999618530273, 0.33000001311302185, 0.335999995470047, 0.3330000042915344, 0.32600000500679016, 0.32899999618530273, 0.328000009059906, 0.33000001311302185, 0.33000001311302185, 0.32899999618530273, 0.32899999618530273, 0.3310000002384186, 0.3319999873638153, 0.3230000138282776, 0.3330000042915344, 0.32199999690055847, 0.32199999690055847, 0.3230000138282776, 0.32600000500679016, 0.33500000834465027, 0.33399999141693115, 0.33799999952316284, 0.33799999952316284, 0.335999995470047, 0.33399999141693115, 0.33399999141693115, 0.33399999141693115, 0.3330000042915344, 0.335999995470047, 0.33399999141693115, 0.3330000042915344, 0.3330000042915344, 0.33799999952316284, 0.34299999475479126, 0.34299999475479126, 0.33799999952316284, 0.34200000762939453, 0.34200000762939453, 0.34200000762939453, 0.34299999475479126, 0.34599998593330383, 0.34299999475479126, 0.3479999899864197, 0.3499999940395355, 0.3499999940395355, 0.35499998927116394, 0.35600000619888306, 0.3580000102519989, 0.36000001430511475, 0.3619999885559082, 0.3619999885559082, 0.37700000405311584, 0.37299999594688416, 0.3700000047683716, 0.36899998784065247, 0.38999998569488525, 0.39100000262260437, 0.39800000190734863, 0.40299999713897705, 0.40700000524520874, 0.4099999964237213, 0.41100001335144043, 0.4189999997615814, 0.4259999990463257, 0.4269999861717224, 0.43299999833106995, 0.4339999854564667, 0.4399999976158142, 0.44999998807907104, 0.45500001311302185, 0.45899999141693115, 0.4620000123977661, 0.47099998593330383, 0.4860000014305115, 0.4909999966621399, 0.48899999260902405, 0.492000013589859, 0.49900001287460327, 0.5099999904632568, 0.5189999938011169, 0.5339999794960022, 0.5339999794960022, 0.5550000071525574, 0.5659999847412109, 0.5669999718666077, 0.574999988079071, 0.5870000123977661, 0.5929999947547913, 0.6029999852180481, 0.6169999837875366, 0.6269999742507935, 0.6470000147819519, 0.6470000147819519, 0.6629999876022339, 0.6660000085830688, 0.6790000200271606, 0.7020000219345093, 0.7200000286102295, 0.7319999933242798, 0.75, 0.7590000033378601, 0.7879999876022339, 0.8069999814033508, 0.8259999752044678, 0.847000002861023, 0.8650000095367432, 0.8870000243186951, 0.9190000295639038, 0.9459999799728394, 0.968999981880188, 1.0, 1.0219999551773071, 1.0540000200271606, 1.0889999866485596, 1.1180000305175781, 1.1629999876022339, 1.2089999914169312, 1.2510000467300415, 1.2940000295639038, 1.340000033378601, 1.4049999713897705, 1.4589999914169312, 1.5180000066757202, 1.6109999418258667, 1.7059999704360962, 1.843000054359436, 1.9980000257492065, 2.500999927520752, 2.947000026702881, 2.940000057220459, 2.940000057220459, 2.937999963760376, 2.936000108718872, 2.947999954223633, 2.946000099182129, 2.944000005722046, 2.934999942779541, 2.934000015258789, 2.931999921798706, 2.933000087738037, 2.930999994277954, 2.928999900817871, 2.927000045776367, 2.927000045776367, 2.927000045776367, 2.924999952316284, 2.9179999828338623, 2.9170000553131104, 2.9110000133514404, 2.9079999923706055, 2.9079999923706055, 2.9049999713897705, 2.9019999504089355, 2.8940000534057617, 2.8940000534057617, 2.8959999084472656, 2.8940000534057617, 2.8919999599456787, 2.8889999389648438, 2.884999990463257, 2.871999979019165, 2.871999979019165, 2.867000102996826, 2.8610000610351562, 2.8580000400543213, 2.8510000705718994, 2.8420000076293945, 2.8459999561309814, 2.8440001010894775, 2.8359999656677246, 2.8320000171661377, 2.818000078201294, 2.811000108718872, 2.805999994277954, 2.7980000972747803, 2.7990000247955322, 2.7920000553131104, 2.7820000648498535, 2.7720000743865967, 2.760999917984009, 2.750999927520752, 2.74399995803833, 2.736999988555908, 2.7290000915527344, 2.7200000286102295, 2.7149999141693115, 2.7019999027252197, 2.693000078201294, 2.684000015258789, 2.677999973297119, 2.6679999828338623, 2.6700000762939453, 2.6540000438690186, 2.6480000019073486, 2.63700008392334, 2.625, 2.6040000915527344, 2.5940001010894775, 2.5810000896453857, 2.5789999961853027, 2.569000005722046, 2.552999973297119, 2.5399999618530273, 2.5320000648498535, 2.5179998874664307, 2.51200008392334, 2.502000093460083, 2.4790000915527344, 2.4639999866485596, 2.447000026702881, 2.427000045776367, 2.4200000762939453, 2.3889999389648438, 2.378000020980835, 2.371000051498413, 2.3540000915527344, 2.3329999446868896, 2.325000047683716, 2.302999973297119, 2.2829999923706055, 2.250999927520752, 2.243000030517578, 2.2090001106262207, 2.193000078201294, 2.1659998893737793, 2.1500000953674316, 2.121999979019165, 2.0910000801086426, 2.075000047683716, 2.056999921798706, 2.0269999504089355, 2.007999897003174, 1.9839999675750732, 1.9630000591278076, 1.9450000524520874, 1.9199999570846558, 1.9049999713897705, 1.8839999437332153, 1.875, 1.850000023841858, 1.8389999866485596, 1.8109999895095825, 1.7890000343322754, 1.781999945640564, 1.7610000371932983, 1.746000051498413, 1.7309999465942383, 1.715999960899353, 1.6959999799728394, 1.687000036239624, 1.6619999408721924, 1.6510000228881836, 1.6419999599456787, 1.621999979019165, 1.6069999933242798, 1.6019999980926514, 1.5880000591278076, 1.5670000314712524, 1.555999994277954, 1.5379999876022339, 1.5269999504089355, 1.5089999437332153, 1.5069999694824219, 1.4919999837875366, 1.4850000143051147, 1.4769999980926514, 1.4670000076293945, 1.4550000429153442, 1.4450000524520874, 1.434000015258789, 1.4249999523162842, 1.4179999828338623, 1.406000018119812, 1.3980000019073486, 1.3919999599456787, 1.3819999694824219, 1.3669999837875366, 1.3580000400543213, 1.3519999980926514, 1.3420000076293945, 1.3359999656677246, 1.3259999752044678, 1.3179999589920044, 1.3079999685287476, 1.2940000295639038, 1.2920000553131104, 1.2869999408721924, 1.2740000486373901, 1.2690000534057617, 1.2680000066757202, 1.2430000305175781, 1.2380000352859497, 1.2300000190734863, 1.2269999980926514, 1.2209999561309814, 1.2170000076293945, 1.2020000219345093, 1.1979999542236328, 1.1920000314712524, 1.184000015258789, 1.184000015258789, 1.1710000038146973, 1.1649999618530273, 1.1579999923706055, 1.1469999551773071, 1.1440000534057617, 1.1430000066757202, 1.1349999904632568, 1.1269999742507935, 1.1260000467300415, 1.1299999952316284, 1.1230000257492065, 1.1089999675750732, 1.1039999723434448, 1.1019999980926514, 1.1019999980926514, 1.0950000286102295, 1.0859999656677246, 1.0859999656677246, 1.0740000009536743, 1.0700000524520874, 1.0670000314712524, 1.0700000524520874, 1.0679999589920044, 1.062000036239624, 1.0509999990463257, 1.0490000247955322, 1.0470000505447388, 1.0420000553131104, 1.0399999618530273, 1.0429999828338623, 1.034000039100647, 1.0219999551773071, 1.0130000114440918, 1.0089999437332153, 1.0069999694824219, 1.003999948501587, 1.003999948501587, 0.996999979019165, 0.9929999709129333, 0.9890000224113464, 0.9890000224113464, 0.9890000224113464, 0.9819999933242798, 0.9800000190734863, 0.9769999980926514, 0.9679999947547913, 0.968999981880188, 0.9670000076293945, 0.9660000205039978, 0.9629999995231628, 0.9599999785423279, 0.9580000042915344, 0.9559999704360962, 0.953000009059906, 0.9459999799728394, 0.9490000009536743, 0.9440000057220459, 0.9330000281333923, 0.9290000200271606, 0.9269999861717224, 0.9269999861717224, 0.9240000247955322, 0.921999990940094, 0.9169999957084656, 0.9169999957084656, 0.9120000004768372, 0.9160000085830688, 0.9079999923706055, 0.9039999842643738, 0.902999997138977, 0.902999997138977, 0.8939999938011169, 0.8939999938011169, 0.8949999809265137, 0.8920000195503235, 0.8880000114440918, 0.8889999985694885, 0.8820000290870667, 0.8799999952316284, 0.8769999742507935, 0.8769999742507935, 0.8769999742507935, 0.878000020980835, 0.8669999837875366, 0.8690000176429749, 0.8730000257492065, 0.8690000176429749, 0.8669999837875366, 0.8619999885559082, 0.8510000109672546, 0.8539999723434448, 0.8569999933242798, 0.8569999933242798, 0.8539999723434448, 0.8539999723434448, 0.8550000190734863, 0.8550000190734863, 0.8550000190734863, 0.8489999771118164, 0.8420000076293945, 0.8399999737739563, 0.8429999947547913, 0.8389999866485596, 0.8349999785423279, 0.8370000123977661, 0.8370000123977661, 0.8349999785423279, 0.8339999914169312, 0.8330000042915344, 0.8299999833106995, 0.8259999752044678, 0.824999988079071, 0.8230000138282776, 0.8199999928474426, 0.8190000057220459, 0.8190000057220459, 0.8149999976158142, 0.8140000104904175, 0.8149999976158142, 0.8149999976158142, 0.8019999861717224, 0.7979999780654907, 0.8090000152587891, 0.8090000152587891, 0.8059999942779541, 0.8009999990463257, 0.8050000071525574, 0.8019999861717224, 0.800000011920929, 0.7940000295639038, 0.7900000214576721, 0.7900000214576721, 0.7860000133514404, 0.7860000133514404, 0.7799999713897705, 0.7829999923706055, 0.7799999713897705, 0.7850000262260437, 0.7860000133514404, 0.7839999794960022, 0.7820000052452087, 0.781000018119812, 0.781000018119812, 0.777999997138977, 0.7710000276565552, 0.7730000019073486, 0.7760000228881836, 0.7710000276565552, 0.7699999809265137, 0.7639999985694885, 0.7639999985694885, 0.7649999856948853, 0.7649999856948853, 0.7620000243186951, 0.7599999904632568, 0.7570000290870667, 0.7609999775886536, 0.7599999904632568, 0.7549999952316284, 0.753000020980835, 0.7580000162124634, 0.7599999904632568, 0.7540000081062317, 0.7480000257492065, 0.7459999918937683, 0.746999979019165, 0.7490000128746033, 0.7440000176429749, 0.7440000176429749, 0.7440000176429749, 0.7450000047683716, 0.7429999709129333, 0.7429999709129333, 0.7419999837875366, 0.7440000176429749, 0.7379999756813049, 0.7390000224113464, 0.7390000224113464, 0.7360000014305115, 0.7350000143051147, 0.7390000224113464, 0.7409999966621399, 0.7289999723434448, 0.7289999723434448, 0.7289999723434448, 0.7400000095367432, 0.7390000224113464, 0.7369999885559082, 0.7289999723434448, 0.7300000190734863, 0.7269999980926514, 0.7269999980926514, 0.7269999980926514, 0.7210000157356262, 0.718999981880188, 0.718999981880188, 0.7160000205039978, 0.7160000205039978, 0.7160000205039978, 0.7160000205039978, 0.7160000205039978, 0.7170000076293945, 0.7139999866485596, 0.7080000042915344, 0.7080000042915344, 0.703000009059906, 0.7039999961853027, 0.7039999961853027, 0.7049999833106995, 0.7009999752044678, 0.699999988079071, 0.699999988079071, 0.7039999961853027, 0.703000009059906, 0.7009999752044678, 0.6990000009536743, 0.6919999718666077, 0.6919999718666077, 0.6930000185966492, 0.6959999799728394, 0.6959999799728394, 0.6949999928474426, 0.6940000057220459, 0.6940000057220459, 0.6930000185966492, 0.6919999718666077, 0.6930000185966492, 0.6930000185966492, 0.6959999799728394, 0.6959999799728394, 0.6880000233650208, 0.6880000233650208, 0.6830000281333923, 0.6819999814033508, 0.6819999814033508, 0.6800000071525574, 0.6809999942779541, 0.6850000023841858, 0.6809999942779541, 0.6859999895095825, 0.6819999814033508, 0.6759999990463257, 0.6769999861717224, 0.6800000071525574, 0.6769999861717224, 0.6710000038146973, 0.6700000166893005, 0.6700000166893005, 0.6729999780654907, 0.6700000166893005, 0.6710000038146973, 0.6710000038146973, 0.6710000038146973, 0.6710000038146973, 0.6740000247955322, 0.675000011920929, 0.6729999780654907, 0.6710000038146973, 0.6700000166893005, 0.6660000085830688, 0.6629999876022339, 0.6650000214576721, 0.6650000214576721, 0.6710000038146973, 0.6669999957084656, 0.6639999747276306, 0.6600000262260437, 0.6639999747276306, 0.6690000295639038, 0.6639999747276306, 0.6610000133514404, 0.6589999794960022, 0.6549999713897705, 0.652999997138977, 0.6600000262260437, 0.6610000133514404, 0.6610000133514404, 0.6610000133514404, 0.6520000100135803, 0.6539999842643738, 0.6539999842643738, 0.6480000019073486, 0.6489999890327454, 0.6460000276565552, 0.6420000195503235, 0.6420000195503235, 0.6460000276565552, 0.6480000019073486, 0.6499999761581421, 0.6499999761581421, 0.6460000276565552, 0.6439999938011169, 0.6470000147819519, 0.6460000276565552, 0.6449999809265137, 0.6389999985694885, 0.640999972820282, 0.6430000066757202, 0.6430000066757202, 0.6359999775886536, 0.6359999775886536, 0.6370000243186951, 0.640999972820282, 0.640999972820282, 0.6399999856948853, 0.6349999904632568, 0.6330000162124634, 0.6340000033378601, 0.6330000162124634, 0.6330000162124634, 0.6320000290870667, 0.6330000162124634, 0.6340000033378601, 0.6330000162124634, 0.6299999952316284, 0.628000020980835, 0.6309999823570251, 0.6309999823570251, 0.6330000162124634, 0.6290000081062317, 0.6309999823570251, 0.628000020980835, 0.6240000128746033, 0.6240000128746033, 0.628000020980835, 0.6269999742507935, 0.6290000081062317, 0.628000020980835, 0.6200000047683716, 0.6200000047683716, 0.6230000257492065, 0.625, 0.625, 0.625, 0.625, 0.625, 0.6320000290870667, 0.6380000114440918, 0.628000020980835, 0.6290000081062317, 0.6240000128746033, 0.6190000176429749, 0.6169999837875366, 0.6159999966621399, 0.6159999966621399, 0.6159999966621399, 0.6150000095367432, 0.6159999966621399, 0.6150000095367432, 0.6150000095367432, 0.6159999966621399, 0.6159999966621399, 0.6169999837875366, 0.6200000047683716, 0.6159999966621399, 0.6119999885559082, 0.6110000014305115, 0.6119999885559082, 0.6150000095367432, 0.6100000143051147, 0.6069999933242798, 0.6069999933242798, 0.6100000143051147, 0.6069999933242798, 0.6110000014305115, 0.6110000014305115, 0.6110000014305115, 0.6060000061988831, 0.5989999771118164, 0.6079999804496765, 0.6110000014305115, 0.6190000176429749, 0.6190000176429749, 0.6140000224113464, 0.6110000014305115, 0.6060000061988831, 0.6060000061988831, 0.6069999933242798, 0.609000027179718, 0.6060000061988831, 0.6039999723434448, 0.6100000143051147, 0.6100000143051147, 0.6060000061988831, 0.6069999933242798, 0.6159999966621399, 0.6119999885559082, 0.6029999852180481, 0.6029999852180481, 0.6029999852180481, 0.6060000061988831, 0.6010000109672546, 0.5979999899864197, 0.5979999899864197, 0.5979999899864197, 0.5989999771118164, 0.5989999771118164, 0.5989999771118164, 0.6029999852180481, 0.6069999933242798, 0.6029999852180481, 0.6039999723434448, 0.6010000109672546, 0.597000002861023, 0.597000002861023, 0.6000000238418579, 0.6039999723434448, 0.6029999852180481, 0.5979999899864197, 0.5910000205039978, 0.5929999947547913, 0.5950000286102295, 0.5960000157356262, 0.5960000157356262, 0.5960000157356262, 0.5929999947547913, 0.5950000286102295, 0.6000000238418579, 0.6029999852180481, 0.6029999852180481, 0.6039999723434448, 0.6029999852180481, 0.6029999852180481, 0.6029999852180481, 0.6000000238418579, 0.5979999899864197, 0.5960000157356262, 0.6010000109672546, 0.6010000109672546, 0.6019999980926514, 0.6019999980926514, 0.6019999980926514, 0.5960000157356262, 0.5910000205039978, 0.5929999947547913, 0.6019999980926514, 0.6050000190734863, 0.6019999980926514, 0.6029999852180481, 0.5979999899864197, 0.5979999899864197, 0.593999981880188, 0.5950000286102295, 0.6019999980926514, 0.6019999980926514, 0.5979999899864197, 0.593999981880188, 0.5929999947547913, 0.5929999947547913, 0.5950000286102295, 0.593999981880188, 0.5979999899864197, 0.6019999980926514, 0.6010000109672546, 0.6010000109672546, 0.6019999980926514, 0.6010000109672546, 0.6010000109672546, 0.6000000238418579, 0.6000000238418579, 0.6000000238418579, 0.6000000238418579, 0.6029999852180481, 0.6029999852180481, 0.6029999852180481, 0.5989999771118164, 0.5950000286102295, 0.5910000205039978, 0.6000000238418579, 0.6000000238418579, 0.6000000238418579, 0.6000000238418579, 0.6000000238418579, 0.6000000238418579, 0.6019999980926514, 0.6069999933242798, 0.6039999723434448, 0.6019999980926514, 0.597000002861023, 0.5989999771118164, 0.5989999771118164, 0.6029999852180481, 0.6079999804496765, 0.609000027179718, 0.6129999756813049, 0.6039999723434448, 0.6029999852180481, 0.6029999852180481, 0.5989999771118164, 0.5989999771118164, 0.5979999899864197, 0.6010000109672546, 0.6039999723434448, 0.6029999852180481, 0.5950000286102295, 0.5929999947547913, 0.593999981880188, 0.597000002861023, 0.5989999771118164, 0.6039999723434448, 0.6110000014305115, 0.6110000014305115, 0.6029999852180481, 0.5989999771118164, 0.6079999804496765, 0.6060000061988831, 0.6050000190734863, 0.6000000238418579, 0.6079999804496765, 0.597000002861023, 0.6069999933242798, 0.6069999933242798, 0.609000027179718, 0.6079999804496765, 0.6039999723434448, 0.5979999899864197, 0.6029999852180481, 0.6110000014305115, 0.6110000014305115, 0.6110000014305115, 0.6119999885559082, 0.6100000143051147, 0.6100000143051147, 0.609000027179718, 0.6150000095367432, 0.6110000014305115, 0.6069999933242798, 0.609000027179718, 0.6150000095367432, 0.6200000047683716, 0.6209999918937683, 0.6209999918937683, 0.6209999918937683, 0.6150000095367432, 0.6129999756813049, 0.6110000014305115, 0.6159999966621399, 0.6140000224113464, 0.6230000257492065, 0.6179999709129333, 0.6200000047683716, 0.621999979019165, 0.6209999918937683, 0.6209999918937683, 0.6230000257492065, 0.6269999742507935, 0.6209999918937683, 0.625, 0.6299999952316284, 0.628000020980835, 0.6209999918937683, 0.6230000257492065, 0.625, 0.6240000128746033, 0.6290000081062317, 0.6309999823570251, 0.6309999823570251, 0.6299999952316284, 0.6340000033378601, 0.6320000290870667, 0.6340000033378601, 0.6320000290870667, 0.6299999952316284, 0.6340000033378601, 0.6359999775886536, 0.6349999904632568, 0.6349999904632568, 0.6389999985694885, 0.6420000195503235, 0.6389999985694885, 0.6380000114440918, 0.6420000195503235, 0.6470000147819519, 0.6460000276565552, 0.6449999809265137, 0.6420000195503235, 0.6430000066757202, 0.6430000066757202, 0.6430000066757202, 0.6449999809265137, 0.6439999938011169, 0.6449999809265137, 0.6449999809265137, 0.6520000100135803, 0.6510000228881836, 0.6510000228881836, 0.6480000019073486, 0.6439999938011169, 0.6449999809265137, 0.652999997138977, 0.6499999761581421, 0.6480000019073486, 0.6470000147819519, 0.6470000147819519, 0.652999997138977, 0.6489999890327454, 0.6460000276565552, 0.6470000147819519, 0.6549999713897705, 0.6610000133514404, 0.6579999923706055, 0.652999997138977, 0.656000018119812, 0.6629999876022339, 0.6740000247955322, 0.671999990940094, 0.6700000166893005, 0.6690000295639038, 0.6679999828338623, 0.671999990940094, 0.671999990940094, 0.675000011920929, 0.6790000200271606, 0.6700000166893005, 0.6629999876022339, 0.6579999923706055, 0.6620000004768372, 0.6679999828338623, 0.6690000295639038, 0.671999990940094, 0.671999990940094, 0.6729999780654907, 0.6759999990463257, 0.6740000247955322, 0.6759999990463257, 0.6830000281333923, 0.6800000071525574, 0.6850000023841858, 0.6919999718666077, 0.6930000185966492, 0.699999988079071, 0.7020000219345093, 0.703000009059906, 0.7120000123977661, 0.7110000252723694, 0.7149999737739563, 0.7179999947547913, 0.718999981880188, 0.7210000157356262, 0.7250000238418579, 0.734000027179718, 0.7279999852180481, 0.7310000061988831, 0.7329999804496765]
intensities: [1046.0, 1105.0, 1139.0, 1145.0, 1233.0, 1269.0, 1312.0, 1397.0, 1436.0, 1452.0, 1457.0, 1488.0, 1498.0, 1480.0, 1326.0, 1241.0, 1024.0, 931.0, 893.0, 811.0, 862.0, 979.0, 976.0, 1014.0, 1012.0, 1017.0, 1031.0, 1044.0, 1116.0, 1138.0, 1317.0, 1437.0, 1450.0, 1437.0, 1510.0, 1522.0, 1524.0, 1533.0, 1557.0, 1565.0, 1548.0, 1548.0, 1556.0, 1576.0, 1559.0, 1544.0, 1536.0, 1550.0, 1541.0, 1541.0, 1532.0, 1536.0, 1526.0, 1542.0, 1524.0, 1515.0, 1519.0, 1503.0, 1529.0, 1529.0, 1529.0, 1504.0, 1494.0, 1502.0, 1492.0, 1476.0, 1483.0, 1480.0, 1483.0, 1479.0, 1488.0, 1483.0, 1480.0, 1488.0, 1476.0, 1479.0, 1482.0, 1447.0, 1471.0, 1462.0, 1433.0, 1431.0, 1430.0, 1429.0, 1432.0, 1442.0, 1452.0, 1452.0, 1453.0, 1436.0, 1416.0, 1427.0, 1421.0, 1418.0, 1419.0, 1405.0, 1408.0, 1409.0, 1423.0, 1416.0, 1399.0, 1399.0, 1417.0, 1436.0, 1432.0, 1426.0, 1422.0, 1429.0, 1439.0, 1433.0, 1451.0, 1437.0, 1426.0, 1426.0, 1437.0, 1459.0, 1442.0, 1459.0, 1442.0, 1426.0, 1446.0, 1418.0, 1427.0, 1471.0, 1453.0, 1436.0, 1436.0, 1424.0, 1381.0, 1383.0, 1387.0, 1399.0, 1393.0, 1387.0, 1378.0, 1366.0, 1370.0, 1348.0, 1334.0, 1345.0, 1332.0, 1339.0, 1318.0, 1309.0, 1309.0, 1305.0, 1293.0, 1282.0, 1278.0, 1285.0, 1281.0, 1247.0, 1247.0, 1237.0, 1203.0, 1235.0, 1201.0, 1213.0, 1206.0, 1201.0, 1190.0, 1190.0, 1186.0, 1170.0, 1171.0, 1157.0, 1145.0, 1143.0, 1130.0, 1139.0, 1125.0, 1090.0, 1109.0, 1128.0, 1141.0, 1145.0, 1157.0, 1129.0, 1112.0, 1103.0, 1095.0, 1102.0, 1100.0, 1112.0, 1107.0, 1089.0, 1089.0, 1125.0, 1118.0, 1112.0, 1093.0, 1099.0, 1075.0, 1057.0, 1006.0, 993.0, 996.0, 996.0, 974.0, 963.0, 964.0, 964.0, 962.0, 961.0, 967.0, 969.0, 964.0, 960.0, 986.0, 966.0, 962.0, 951.0, 955.0, 957.0, 977.0, 972.0, 980.0, 973.0, 942.0, 938.0, 927.0, 929.0, 926.0, 912.0, 923.0, 920.0, 915.0, 888.0, 877.0, 906.0, 905.0, 908.0, 910.0, 906.0, 888.0, 884.0, 863.0, 870.0, 854.0, 851.0, 847.0, 838.0, 829.0, 821.0, 816.0, 831.0, 834.0, 813.0, 808.0, 803.0, 807.0, 798.0, 796.0, 789.0, 796.0, 792.0, 788.0, 794.0, 818.0, 830.0, 834.0, 979.0, 1324.0, 1115.0, 924.0, 909.0, 909.0, 910.0, 909.0, 916.0, 917.0, 921.0, 916.0, 913.0, 912.0, 914.0, 919.0, 921.0, 916.0, 916.0, 921.0, 923.0, 921.0, 928.0, 917.0, 917.0, 923.0, 923.0, 922.0, 925.0, 926.0, 925.0, 925.0, 927.0, 926.0, 929.0, 935.0, 935.0, 928.0, 936.0, 937.0, 930.0, 923.0, 932.0, 928.0, 932.0, 927.0, 918.0, 919.0, 932.0, 920.0, 935.0, 922.0, 925.0, 919.0, 923.0, 925.0, 930.0, 922.0, 929.0, 923.0, 930.0, 919.0, 924.0, 922.0, 925.0, 906.0, 927.0, 914.0, 920.0, 918.0, 930.0, 905.0, 914.0, 913.0, 914.0, 905.0, 916.0, 900.0, 908.0, 909.0, 905.0, 901.0, 900.0, 904.0, 903.0, 889.0, 886.0, 886.0, 888.0, 888.0, 892.0, 900.0, 904.0, 902.0, 895.0, 884.0, 889.0, 896.0, 934.0, 929.0, 944.0, 907.0, 915.0, 934.0, 938.0, 947.0, 944.0, 944.0, 950.0, 958.0, 959.0, 961.0, 973.0, 978.0, 986.0, 983.0, 992.0, 976.0, 980.0, 997.0, 983.0, 987.0, 985.0, 995.0, 1004.0, 1011.0, 1014.0, 1024.0, 1019.0, 1024.0, 1029.0, 1019.0, 1019.0, 1032.0, 1030.0, 1047.0, 1040.0, 1049.0, 1038.0, 1044.0, 1051.0, 1056.0, 1054.0, 1055.0, 1053.0, 1058.0, 1059.0, 1080.0, 1064.0, 1068.0, 1063.0, 1080.0, 1083.0, 1088.0, 1092.0, 1094.0, 1101.0, 1104.0, 1103.0, 1100.0, 1102.0, 1115.0, 1109.0, 1105.0, 1104.0, 1099.0, 1119.0, 1111.0, 1130.0, 1131.0, 1132.0, 1140.0, 1145.0, 1129.0, 1139.0, 1139.0, 1158.0, 1166.0, 1166.0, 1174.0, 1170.0, 1183.0, 1180.0, 1189.0, 1190.0, 1198.0, 1196.0, 1193.0, 1198.0, 1203.0, 1208.0, 1209.0, 1214.0, 1215.0, 1227.0, 1222.0, 1238.0, 1236.0, 1245.0, 1277.0, 1259.0, 1252.0, 1277.0, 1279.0, 1289.0, 1304.0, 1293.0, 1286.0, 1313.0, 1316.0, 1315.0, 1330.0, 1319.0, 1354.0, 1325.0, 1345.0, 1351.0, 1345.0, 1359.0, 1370.0, 1370.0, 1347.0, 1354.0, 1359.0, 1377.0, 1365.0, 1385.0, 1385.0, 1395.0, 1383.0, 1376.0, 1411.0, 1393.0, 1411.0, 1423.0, 1415.0, 1418.0, 1410.0, 1438.0, 1426.0, 1432.0, 1437.0, 1438.0, 1436.0, 1439.0, 1428.0, 1428.0, 1468.0, 1468.0, 1471.0, 1460.0, 1449.0, 1479.0, 1476.0, 1476.0, 1480.0, 1482.0, 1477.0, 1495.0, 1504.0, 1498.0, 1518.0, 1489.0, 1490.0, 1507.0, 1509.0, 1510.0, 1510.0, 1525.0, 1521.0, 1533.0, 1524.0, 1531.0, 1536.0, 1541.0, 1555.0, 1554.0, 1568.0, 1569.0, 1570.0, 1577.0, 1576.0, 1566.0, 1571.0, 1577.0, 1589.0, 1570.0, 1588.0, 1588.0, 1591.0, 1593.0, 1594.0, 1592.0, 1593.0, 1594.0, 1594.0, 1597.0, 1597.0, 1589.0, 1589.0, 1601.0, 1602.0, 1605.0, 1600.0, 1602.0, 1608.0, 1603.0, 1602.0, 1605.0, 1604.0, 1605.0, 1606.0, 1608.0, 1610.0, 1622.0, 1607.0, 1609.0, 1609.0, 1609.0, 1610.0, 1611.0, 1613.0, 1612.0, 1610.0, 1597.0, 1603.0, 1603.0, 1615.0, 1616.0, 1603.0, 1610.0, 1615.0, 1614.0, 1620.0, 1618.0, 1620.0, 1615.0, 1620.0, 1605.0, 1617.0, 1623.0, 1625.0, 1621.0, 1623.0, 1625.0, 1625.0, 1624.0, 1626.0, 1627.0, 1626.0, 1628.0, 1628.0, 1625.0, 1625.0, 1633.0, 1641.0, 1639.0, 1641.0, 1649.0, 1657.0, 1644.0, 1636.0, 1637.0, 1639.0, 1635.0, 1641.0, 1640.0, 1640.0, 1658.0, 1658.0, 1661.0, 1660.0, 1645.0, 1661.0, 1659.0, 1657.0, 1652.0, 1666.0, 1669.0, 1680.0, 1673.0, 1663.0, 1675.0, 1679.0, 1664.0, 1656.0, 1654.0, 1654.0, 1664.0, 1671.0, 1666.0, 1672.0, 1682.0, 1682.0, 1693.0, 1698.0, 1698.0, 1683.0, 1689.0, 1696.0, 1696.0, 1684.0, 1695.0, 1698.0, 1713.0, 1713.0, 1699.0, 1697.0, 1705.0, 1706.0, 1706.0, 1702.0, 1698.0, 1729.0, 1717.0, 1729.0, 1717.0, 1714.0, 1722.0, 1731.0, 1725.0, 1717.0, 1717.0, 1716.0, 1714.0, 1716.0, 1732.0, 1740.0, 1726.0, 1727.0, 1732.0, 1733.0, 1732.0, 1730.0, 1733.0, 1734.0, 1710.0, 1708.0, 1708.0, 1747.0, 1749.0, 1729.0, 1718.0, 1729.0, 1765.0, 1748.0, 1772.0, 1792.0, 1761.0, 1746.0, 1759.0, 1769.0, 1776.0, 1774.0, 1732.0, 1742.0, 1742.0, 1734.0, 1752.0, 1746.0, 1750.0, 1750.0, 1744.0, 1742.0, 1746.0, 1756.0, 1763.0, 1761.0, 1749.0, 1752.0, 1747.0, 1740.0, 1738.0, 1731.0, 1731.0, 1742.0, 1742.0, 1730.0, 1742.0, 1729.0, 1736.0, 1735.0, 1712.0, 1703.0, 1698.0, 1703.0, 1716.0, 1742.0, 1760.0, 1762.0, 1768.0, 1757.0, 1765.0, 1765.0, 1748.0, 1745.0, 1747.0, 1739.0, 1746.0, 1739.0, 1768.0, 1772.0, 1747.0, 1741.0, 1723.0, 1723.0, 1742.0, 1736.0, 1736.0, 1743.0, 1727.0, 1727.0, 1721.0, 1721.0, 1723.0, 1722.0, 1718.0, 1712.0, 1703.0, 1723.0, 1723.0, 1723.0, 1705.0, 1718.0, 1693.0, 1702.0, 1709.0, 1694.0, 1701.0, 1685.0, 1715.0, 1711.0, 1722.0, 1713.0, 1705.0, 1701.0, 1697.0, 1699.0, 1696.0, 1698.0, 1693.0, 1688.0, 1688.0, 1702.0, 1710.0, 1686.0, 1685.0, 1685.0, 1683.0, 1682.0, 1683.0, 1674.0, 1676.0, 1683.0, 1670.0, 1658.0, 1637.0, 1678.0, 1678.0, 1683.0, 1669.0, 1677.0, 1666.0, 1684.0, 1688.0, 1688.0, 1669.0, 1658.0, 1648.0, 1657.0, 1662.0, 1665.0, 1673.0, 1636.0, 1603.0, 1614.0, 1597.0, 1623.0, 1616.0, 1618.0, 1629.0, 1605.0, 1605.0, 1603.0, 1610.0, 1582.0, 1573.0, 1565.0, 1619.0, 1622.0, 1622.0, 1618.0, 1591.0, 1594.0, 1598.0, 1592.0, 1604.0, 1590.0, 1582.0, 1574.0, 1572.0, 1568.0, 1571.0, 1556.0, 1556.0, 1550.0, 1508.0, 1552.0, 1531.0, 1526.0, 1528.0, 1546.0, 1536.0, 1521.0, 1519.0, 1513.0, 1520.0, 1518.0, 1523.0, 1512.0, 1512.0, 1513.0, 1497.0, 1490.0, 1494.0, 1499.0, 1488.0, 1480.0, 1485.0, 1488.0, 1475.0, 1467.0, 1477.0, 1477.0, 1454.0, 1444.0, 1456.0, 1454.0, 1436.0, 1436.0, 1436.0, 1450.0, 1456.0, 1429.0, 1434.0, 1431.0, 1432.0, 1438.0, 1437.0, 1435.0, 1426.0, 1425.0, 1424.0, 1429.0, 1415.0, 1408.0, 1408.0, 1398.0, 1410.0, 1407.0, 1415.0, 1388.0, 1383.0, 1383.0, 1391.0, 1390.0, 1359.0, 1366.0, 1373.0, 1361.0, 1354.0, 1341.0, 1336.0, 1323.0, 1320.0, 1320.0, 1324.0, 1324.0, 1332.0, 1313.0, 1323.0, 1312.0, 1301.0, 1248.0, 1298.0, 1296.0, 1327.0, 1336.0, 1340.0, 1331.0, 1316.0, 1300.0, 1319.0, 1329.0, 1329.0, 1335.0, 1337.0, 1321.0, 1314.0, 1306.0, 1324.0, 1317.0, 1310.0, 1322.0, 1303.0, 1323.0, 1331.0, 1329.0, 1329.0, 1319.0, 1329.0, 1346.0, 1324.0, 1311.0, 1335.0, 1308.0, 1331.0, 1346.0, 1331.0, 1317.0, 1330.0, 1344.0, 1322.0, 1332.0, 1343.0, 1326.0, 1319.0, 1330.0, 1341.0, 1336.0, 1350.0, 1341.0, 1341.0, 1327.0, 1332.0, 1332.0, 1328.0, 1332.0, 1331.0, 1333.0, 1351.0, 1335.0, 1340.0, 1346.0, 1348.0, 1337.0, 1338.0, 1354.0, 1343.0, 1334.0, 1343.0, 1359.0, 1367.0, 1366.0, 1367.0, 1372.0, 1364.0, 1352.0, 1349.0, 1380.0, 1376.0, 1378.0, 1359.0, 1359.0, 1363.0, 1378.0, 1373.0, 1376.0, 1384.0, 1384.0, 1369.0, 1381.0, 1374.0, 1384.0, 1373.0, 1362.0, 1388.0, 1387.0, 1385.0, 1354.0, 1373.0, 1400.0, 1393.0, 1387.0, 1392.0, 1378.0, 1378.0, 1380.0, 1400.0, 1392.0, 1398.0, 1400.0, 1392.0, 1384.0, 1391.0, 1399.0, 1397.0, 1395.0, 1395.0, 1395.0, 1392.0, 1390.0, 1392.0, 1386.0, 1379.0, 1369.0, 1373.0, 1379.0, 1366.0, 1366.0, 1379.0, 1378.0, 1378.0, 1379.0, 1374.0, 1374.0, 1383.0, 1374.0, 1378.0, 1363.0]