header: 
  seq: 1875
  stamp: 
    secs: 1548820804
    nsecs:  55994511
  frame_id: "base_link"
angle_min: -2.35619449615
angle_max: 2.35619449615
angle_increment: 0.00436332309619
time_increment: 1.73611151695e-05
scan_time: 0.0250000003725
range_min: 0.019999999553
range_max: 30.0
ranges: [0.2460000067949295, 0.24500000476837158, 0.24400000274181366, 0.23600000143051147, 0.23600000143051147, 0.2290000021457672, 0.23000000417232513, 0.23199999332427979, 0.23199999332427979, 0.23199999332427979, 0.22599999606609344, 0.2280000001192093, 0.22499999403953552, 0.2280000001192093, 0.23000000417232513, 0.23499999940395355, 0.2240000069141388, 0.2240000069141388, 0.2029999941587448, 0.19099999964237213, 0.21699999272823334, 0.22100000083446503, 0.22300000488758087, 0.24199999868869781, 0.23499999940395355, 0.23600000143051147, 0.2240000069141388, 0.22300000488758087, 0.22200000286102295, 0.2240000069141388, 0.2240000069141388, 0.2240000069141388, 0.2290000021457672, 0.22699999809265137, 0.22699999809265137, 0.22699999809265137, 0.23100000619888306, 0.23100000619888306, 0.2280000001192093, 0.2240000069141388, 0.2240000069141388, 0.23000000417232513, 0.23100000619888306, 0.2290000021457672, 0.22599999606609344, 0.22599999606609344, 0.22599999606609344, 0.22599999606609344, 0.23000000417232513, 0.23100000619888306, 0.2290000021457672, 0.23000000417232513, 0.2290000021457672, 0.2280000001192093, 0.2280000001192093, 0.22699999809265137, 0.22699999809265137, 0.22699999809265137, 0.22300000488758087, 0.2240000069141388, 0.2240000069141388, 0.22100000083446503, 0.22499999403953552, 0.23399999737739563, 0.23399999737739563, 0.23100000619888306, 0.2240000069141388, 0.2240000069141388, 0.2290000021457672, 0.2240000069141388, 0.21899999678134918, 0.22100000083446503, 0.23000000417232513, 0.2329999953508377, 0.23399999737739563, 0.23899999260902405, 0.23399999737739563, 0.23399999737739563, 0.2290000021457672, 0.2290000021457672, 0.23100000619888306, 0.23199999332427979, 0.23000000417232513, 0.23000000417232513, 0.23000000417232513, 0.22599999606609344, 0.2290000021457672, 0.2240000069141388, 0.22300000488758087, 0.22499999403953552, 0.22499999403953552, 0.22699999809265137, 0.23100000619888306, 0.23100000619888306, 0.2290000021457672, 0.22699999809265137, 0.22499999403953552, 0.23199999332427979, 0.23199999332427979, 0.2290000021457672, 0.2240000069141388, 0.21199999749660492, 0.21199999749660492, 0.22300000488758087, 0.22300000488758087, 0.2280000001192093, 0.2280000001192093, 0.22100000083446503, 0.21400000154972076, 0.2160000056028366, 0.2199999988079071, 0.22599999606609344, 0.22599999606609344, 0.21899999678134918, 0.21899999678134918, 0.22599999606609344, 0.21699999272823334, 0.2199999988079071, 0.22100000083446503, 0.21699999272823334, 0.2240000069141388, 0.22499999403953552, 0.22499999403953552, 0.21699999272823334, 0.21799999475479126, 0.22100000083446503, 0.22100000083446503, 0.21799999475479126, 0.22100000083446503, 0.22599999606609344, 0.22599999606609344, 0.22300000488758087, 0.22300000488758087, 0.23199999332427979, 0.22699999809265137, 0.22599999606609344, 0.23199999332427979, 0.2290000021457672, 0.22699999809265137, 0.22499999403953552, 0.2329999953508377, 0.2329999953508377, 0.2290000021457672, 0.2290000021457672, 0.2370000034570694, 0.23999999463558197, 0.23499999940395355, 0.23399999737739563, 0.23399999737739563, 0.23899999260902405, 0.24400000274181366, 0.23999999463558197, 0.2409999966621399, 0.23800000548362732, 0.2370000034570694, 0.2370000034570694, 0.23899999260902405, 0.24899999797344208, 0.24799999594688416, 0.2460000067949295, 0.2409999966621399, 0.23800000548362732, 0.24400000274181366, 0.25, 0.24899999797344208, 0.25, 0.2540000081062317, 0.2529999911785126, 0.2540000081062317, 0.24899999797344208, 0.24899999797344208, 0.25, 0.25200000405311584, 0.24799999594688416, 0.24500000476837158, 0.24400000274181366, 0.24899999797344208, 0.25699999928474426, 0.26100000739097595, 0.2590000033378601, 0.2529999911785126, 0.25099998712539673, 0.24899999797344208, 0.2680000066757202, 0.27000001072883606, 0.27300000190734863, 0.2720000147819519, 0.2669999897480011, 0.2669999897480011, 0.2709999978542328, 0.2770000100135803, 0.2800000011920929, 0.2750000059604645, 0.2720000147819519, 0.2720000147819519, 0.2770000100135803, 0.2759999930858612, 0.2800000011920929, 0.28200000524520874, 0.28299999237060547, 0.28200000524520874, 0.2879999876022339, 0.29100000858306885, 0.296999990940094, 0.29899999499320984, 0.29899999499320984, 0.29600000381469727, 0.296999990940094, 0.3009999990463257, 0.3009999990463257, 0.29899999499320984, 0.2980000078678131, 0.3070000112056732, 0.3109999895095825, 0.3149999976158142, 0.3140000104904175, 0.3149999976158142, 0.3149999976158142, 0.3199999928474426, 0.32199999690055847, 0.3230000138282776, 0.32499998807907104, 0.32499998807907104, 0.3240000009536743, 0.32899999618530273, 0.3319999873638153, 0.3310000002384186, 0.3310000002384186, 0.3330000042915344, 0.3319999873638153, 0.33399999141693115, 0.335999995470047, 0.34700000286102295, 0.3499999940395355, 0.34700000286102295, 0.34700000286102295, 0.35199999809265137, 0.35199999809265137, 0.35100001096725464, 0.3490000069141388, 0.3529999852180481, 0.3540000021457672, 0.3529999852180481, 0.35499998927116394, 0.35499998927116394, 0.36000001430511475, 0.3630000054836273, 0.3659999966621399, 0.3659999966621399, 0.3720000088214874, 0.38199999928474426, 0.3779999911785126, 0.3779999911785126, 0.382999986410141, 0.3840000033378601, 0.3889999985694885, 0.39500001072883606, 0.4009999930858612, 0.40299999713897705, 0.40400001406669617, 0.4059999883174896, 0.40400001406669617, 0.4050000011920929, 0.41100001335144043, 0.41499999165534973, 0.41200000047683716, 0.41600000858306885, 0.42500001192092896, 0.43299999833106995, 0.42899999022483826, 0.4309999942779541, 0.4399999976158142, 0.44200000166893005, 0.4410000145435333, 0.4440000057220459, 0.4480000138282776, 0.4560000002384186, 0.4659999907016754, 0.45899999141693115, 0.45899999141693115, 0.4620000123977661, 0.4779999852180481, 0.4790000021457672, 0.48399999737739563, 0.48399999737739563, 0.4880000054836273, 0.4869999885559082, 0.4970000088214874, 0.5019999742507935, 0.5149999856948853, 0.5149999856948853, 0.5260000228881836, 0.5299999713897705, 0.5329999923706055, 0.5350000262260437, 0.5450000166893005, 0.5529999732971191, 0.5540000200271606, 0.5569999814033508, 0.5609999895095825, 0.5699999928474426, 0.5759999752044678, 0.5809999704360962, 0.5929999947547913, 0.6000000238418579, 0.6019999980926514, 0.6079999804496765, 0.6140000224113464, 0.625, 0.6290000081062317, 0.6420000195503235, 0.6499999761581421, 0.6570000052452087, 0.6610000133514404, 0.6759999990463257, 0.6850000023841858, 0.6959999799728394, 0.7049999833106995, 0.7070000171661377, 0.7200000286102295, 0.734000027179718, 0.7409999966621399, 0.753000020980835, 0.7699999809265137, 0.7799999713897705, 0.7919999957084656, 0.8019999861717224, 0.8169999718666077, 0.8270000219345093, 0.8510000109672546, 0.8610000014305115, 0.8790000081062317, 0.8790000081062317, 0.8930000066757202, 0.9240000247955322, 0.9419999718666077, 0.9629999995231628, 0.9769999980926514, 1.0019999742507935, 1.024999976158142, 1.0379999876022339, 1.0640000104904175, 1.0770000219345093, 1.1050000190734863, 1.125, 1.1640000343322754, 1.1820000410079956, 1.2070000171661377, 1.2380000352859497, 1.281000018119812, 1.3209999799728394, 1.350000023841858, 1.3969999551773071, 1.430999994277954, 1.4950000047683716, 1.5410000085830688, 1.7230000495910645, 2.507999897003174, 2.5139999389648438, 2.5139999389648438, 2.509000062942505, 2.505000114440918, 2.50600004196167, 2.509999990463257, 2.507999897003174, 2.503999948501587, 2.50600004196167, 2.503999948501587, 2.505000114440918, 2.503000020980835, 2.509999990463257, 2.509999990463257, 2.505000114440918, 2.503999948501587, 2.499000072479248, 2.503000020980835, 2.494999885559082, 2.497999906539917, 2.492000102996826, 2.49399995803833, 2.496000051498413, 2.486999988555908, 2.4860000610351562, 2.4860000610351562, 2.486999988555908, 2.489000082015991, 2.4820001125335693, 2.4790000915527344, 2.4790000915527344, 2.4709999561309814, 2.4670000076293945, 2.4679999351501465, 2.4590001106262207, 2.453000068664551, 2.4509999752044678, 2.450000047683716, 2.4489998817443848, 2.4489998817443848, 2.440999984741211, 2.436000108718872, 2.434000015258789, 2.434999942779541, 2.434999942779541, 2.4260001182556152, 2.4230000972747803, 2.4170000553131104, 2.4140000343322754, 2.4040000438690186, 2.4019999504089355, 2.4019999504089355, 2.388000011444092, 2.385999917984009, 2.382999897003174, 2.38100004196167, 2.36899995803833, 2.365999937057495, 2.364000082015991, 2.3550000190734863, 2.3499999046325684, 2.3399999141693115, 2.3389999866485596, 2.3329999446868896, 2.3239998817443848, 2.312999963760376, 2.308000087738037, 2.306999921798706, 2.299999952316284, 2.2980000972747803, 2.2939999103546143, 2.2860000133514404, 2.2739999294281006, 2.2690000534057617, 2.26200008392334, 2.253000020980835, 2.242000102996826, 2.240999937057495, 2.2300000190734863, 2.2260000705718994, 2.2149999141693115, 2.2039999961853027, 2.200000047683716, 2.190999984741211, 2.180000066757202, 2.174999952316284, 2.1619999408721924, 2.1559998989105225, 2.1519999504089355, 2.1389999389648438, 2.125999927520752, 2.119999885559082, 2.121000051498413, 2.1040000915527344, 2.0950000286102295, 2.0899999141693115, 2.0820000171661377, 2.075000047683716, 2.061000108718872, 2.0510001182556152, 2.0409998893737793, 2.0339999198913574, 2.0260000228881836, 2.0160000324249268, 1.9919999837875366, 1.9809999465942383, 1.9800000190734863, 1.9579999446868896, 1.9470000267028809, 1.9359999895095825, 1.9249999523162842, 1.909999966621399, 1.8990000486373901, 1.8799999952316284, 1.8660000562667847, 1.8519999980926514, 1.8350000381469727, 1.8209999799728394, 1.8049999475479126, 1.7910000085830688, 1.7740000486373901, 1.7569999694824219, 1.7380000352859497, 1.7170000076293945, 1.6970000267028809, 1.6740000247955322, 1.6619999408721924, 1.649999976158142, 1.6430000066757202, 1.6200000047683716, 1.6030000448226929, 1.5880000591278076, 1.565999984741211, 1.5429999828338623, 1.5390000343322754, 1.524999976158142, 1.5080000162124634, 1.5, 1.4950000047683716, 1.4759999513626099, 1.4639999866485596, 1.4529999494552612, 1.4479999542236328, 1.4259999990463257, 1.4160000085830688, 1.4110000133514404, 1.4040000438690186, 1.3930000066757202, 1.3760000467300415, 1.371000051498413, 1.3489999771118164, 1.3459999561309814, 1.3450000286102295, 1.3109999895095825, 1.312999963760376, 1.3070000410079956, 1.2949999570846558, 1.284000039100647, 1.2769999504089355, 1.2769999504089355, 1.2640000581741333, 1.25600004196167, 1.246000051498413, 1.2350000143051147, 1.2269999980926514, 1.2109999656677246, 1.2059999704360962, 1.1970000267028809, 1.184000015258789, 1.1820000410079956, 1.1829999685287476, 1.1770000457763672, 1.1610000133514404, 1.149999976158142, 1.1480000019073486, 1.1330000162124634, 1.1319999694824219, 1.1239999532699585, 1.121999979019165, 1.1180000305175781, 1.1030000448226929, 1.0950000286102295, 1.090000033378601, 1.0839999914169312, 1.0789999961853027, 1.0779999494552612, 1.0770000219345093, 1.0640000104904175, 1.059999942779541, 1.0570000410079956, 1.0520000457763672, 1.0470000505447388, 1.0460000038146973, 1.0410000085830688, 1.0420000553131104, 1.031999945640564, 1.0199999809265137, 1.0169999599456787, 1.0149999856948853, 1.0089999437332153, 0.996999979019165, 0.9980000257492065, 0.9990000128746033, 0.9929999709129333, 0.9829999804496765, 0.9750000238418579, 0.9750000238418579, 0.9710000157356262, 0.968999981880188, 0.9649999737739563, 0.9620000123977661, 0.9509999752044678, 0.9480000138282776, 0.9480000138282776, 0.9470000267028809, 0.9459999799728394, 0.9430000185966492, 0.9330000281333923, 0.9259999990463257, 0.9240000247955322, 0.9200000166893005, 0.9179999828338623, 0.9139999747276306, 0.9120000004768372, 0.9100000262260437, 0.9039999842643738, 0.9039999842643738, 0.8960000276565552, 0.8960000276565552, 0.8930000066757202, 0.8920000195503235, 0.890999972820282, 0.8889999985694885, 0.8730000257492065, 0.8700000047683716, 0.8690000176429749, 0.8690000176429749, 0.8679999709129333, 0.859000027179718, 0.859000027179718, 0.8619999885559082, 0.859000027179718, 0.8569999933242798, 0.8560000061988831, 0.8519999980926514, 0.8489999771118164, 0.8489999771118164, 0.847000002861023, 0.8399999737739563, 0.8389999866485596, 0.8399999737739563, 0.8360000252723694, 0.8360000252723694, 0.8320000171661377, 0.8309999704360962, 0.828000009059906, 0.824999988079071, 0.8199999928474426, 0.8159999847412109, 0.8159999847412109, 0.8159999847412109, 0.8119999766349792, 0.8069999814033508, 0.8050000071525574, 0.8040000200271606, 0.8019999861717224, 0.8040000200271606, 0.800000011920929, 0.800000011920929, 0.7960000038146973, 0.7950000166893005, 0.7889999747276306, 0.7870000004768372, 0.7839999794960022, 0.7820000052452087, 0.7860000133514404, 0.7789999842643738, 0.7760000228881836, 0.7760000228881836, 0.7739999890327454, 0.7739999890327454, 0.7739999890327454, 0.7730000019073486, 0.7649999856948853, 0.7630000114440918, 0.7620000243186951, 0.7620000243186951, 0.7620000243186951, 0.7590000033378601, 0.7559999823570251, 0.7559999823570251, 0.753000020980835, 0.75, 0.75, 0.7519999742507935, 0.7540000081062317, 0.75, 0.7490000128746033, 0.7450000047683716, 0.7429999709129333, 0.7409999966621399, 0.7409999966621399, 0.7390000224113464, 0.7350000143051147, 0.7360000014305115, 0.7350000143051147, 0.734000027179718, 0.7369999885559082, 0.7300000190734863, 0.7260000109672546, 0.7289999723434448, 0.7239999771118164, 0.7229999899864197, 0.7269999980926514, 0.7310000061988831, 0.7210000157356262, 0.7210000157356262, 0.7260000109672546, 0.7239999771118164, 0.7229999899864197, 0.7200000286102295, 0.7170000076293945, 0.7160000205039978, 0.7160000205039978, 0.7210000157356262, 0.7210000157356262, 0.7160000205039978, 0.7110000252723694, 0.7070000171661377, 0.7049999833106995, 0.7049999833106995, 0.6990000009536743, 0.7049999833106995, 0.7049999833106995, 0.7059999704360962, 0.7099999785423279, 0.7120000123977661, 0.7099999785423279, 0.7099999785423279, 0.7059999704360962, 0.7009999752044678, 0.7020000219345093, 0.699999988079071, 0.6980000138282776, 0.6980000138282776, 0.6980000138282776, 0.7009999752044678, 0.6990000009536743, 0.6980000138282776, 0.6959999799728394, 0.6930000185966492, 0.6940000057220459, 0.6940000057220459, 0.6940000057220459, 0.6980000138282776, 0.6940000057220459, 0.6940000057220459, 0.6940000057220459, 0.6869999766349792, 0.6869999766349792, 0.6919999718666077, 0.6940000057220459, 0.6970000267028809, 0.6949999928474426, 0.6940000057220459, 0.6930000185966492, 0.6930000185966492, 0.6930000185966492, 0.6909999847412109, 0.6890000104904175, 0.6869999766349792, 0.6880000233650208, 0.6869999766349792, 0.6869999766349792, 0.6850000023841858, 0.6850000023841858, 0.6859999895095825, 0.6909999847412109, 0.6909999847412109, 0.6880000233650208, 0.6859999895095825, 0.6869999766349792, 0.6899999976158142, 0.6880000233650208, 0.6859999895095825, 0.6840000152587891, 0.6809999942779541, 0.6880000233650208, 0.6840000152587891, 0.6819999814033508, 0.6819999814033508, 0.6840000152587891, 0.6779999732971191, 0.6869999766349792, 0.6890000104904175, 0.6919999718666077, 0.6909999847412109, 0.6899999976158142, 0.6840000152587891, 0.6880000233650208, 0.6890000104904175, 0.6909999847412109, 0.6909999847412109, 0.6899999976158142, 0.6909999847412109, 0.6909999847412109, 0.6909999847412109, 0.6940000057220459, 0.6930000185966492, 0.6890000104904175, 0.6880000233650208, 0.6890000104904175, 0.6909999847412109, 0.6930000185966492, 0.6899999976158142, 0.6909999847412109, 0.6959999799728394, 0.6990000009536743, 0.6959999799728394, 0.6940000057220459, 0.6980000138282776, 0.6949999928474426, 0.7009999752044678, 0.703000009059906, 0.703000009059906, 0.7009999752044678, 0.699999988079071, 0.699999988079071, 0.7009999752044678, 0.7009999752044678, 0.7009999752044678, 0.7009999752044678, 0.7009999752044678, 0.7059999704360962, 0.7039999961853027, 0.7020000219345093, 0.703000009059906, 0.7059999704360962, 0.7049999833106995, 0.7039999961853027, 0.7039999961853027, 0.7039999961853027, 0.7070000171661377, 0.7080000042915344, 0.7059999704360962, 0.7039999961853027, 0.7020000219345093, 0.7059999704360962, 0.7080000042915344, 0.7039999961853027, 0.7089999914169312, 0.7129999995231628, 0.7110000252723694, 0.7120000123977661, 0.7129999995231628, 0.7129999995231628, 0.7089999914169312, 0.7129999995231628, 0.7129999995231628, 0.7129999995231628, 0.7129999995231628, 0.7160000205039978, 0.7179999947547913, 0.7229999899864197, 0.7229999899864197, 0.7179999947547913, 0.7160000205039978, 0.7160000205039978, 0.722000002861023, 0.7229999899864197, 0.7200000286102295, 0.7200000286102295, 0.7210000157356262, 0.7229999899864197, 0.7229999899864197, 0.7250000238418579, 0.7260000109672546, 0.7260000109672546, 0.7260000109672546, 0.7289999723434448, 0.7250000238418579, 0.7250000238418579, 0.7250000238418579, 0.7279999852180481, 0.7319999933242798, 0.7319999933242798, 0.7319999933242798, 0.7369999885559082, 0.7379999756813049, 0.7390000224113464, 0.7400000095367432, 0.7350000143051147, 0.7250000238418579, 0.7289999723434448, 0.734000027179718, 0.7350000143051147, 0.7350000143051147, 0.7429999709129333, 0.7419999837875366, 0.7429999709129333, 0.7400000095367432, 0.7429999709129333, 0.7409999966621399, 0.7369999885559082, 0.7329999804496765, 0.7409999966621399, 0.7450000047683716, 0.746999979019165, 0.7519999742507935, 0.7509999871253967, 0.75, 0.75, 0.7509999871253967, 0.7509999871253967, 0.7509999871253967, 0.75, 0.7559999823570251, 0.7580000162124634, 0.753000020980835, 0.7540000081062317, 0.7559999823570251, 0.7540000081062317, 0.7509999871253967, 0.7509999871253967, 0.753000020980835, 0.7559999823570251, 0.7580000162124634, 0.7620000243186951, 0.7599999904632568, 0.7599999904632568, 0.7599999904632568, 0.7630000114440918, 0.7670000195503235, 0.7630000114440918, 0.7599999904632568, 0.7580000162124634, 0.7609999775886536, 0.7670000195503235, 0.7699999809265137, 0.7720000147819519, 0.7739999890327454, 0.7680000066757202, 0.7710000276565552, 0.7639999985694885, 0.7689999938011169, 0.7710000276565552, 0.7739999890327454, 0.7739999890327454, 0.7760000228881836, 0.7739999890327454, 0.7760000228881836, 0.7749999761581421, 0.777999997138977, 0.7720000147819519, 0.777999997138977, 0.7739999890327454, 0.7739999890327454, 0.7749999761581421, 0.7770000100135803, 0.7739999890327454, 0.7760000228881836, 0.781000018119812, 0.777999997138977, 0.7850000262260437, 0.7850000262260437, 0.7850000262260437, 0.7870000004768372, 0.7870000004768372, 0.7860000133514404, 0.7850000262260437, 0.7850000262260437, 0.7910000085830688, 0.7940000295639038, 0.7940000295639038, 0.7950000166893005, 0.7960000038146973, 0.7929999828338623, 0.7929999828338623, 0.7950000166893005, 0.7919999957084656, 0.7940000295639038, 0.7960000038146973, 0.800000011920929, 0.7990000247955322, 0.7990000247955322, 0.7979999780654907, 0.8040000200271606, 0.8040000200271606, 0.8019999861717224, 0.800000011920929, 0.8029999732971191, 0.8019999861717224, 0.800000011920929, 0.7990000247955322, 0.8050000071525574, 0.8069999814033508, 0.8050000071525574, 0.8080000281333923, 0.8169999718666077, 0.8149999976158142, 0.8130000233650208, 0.8140000104904175, 0.8159999847412109, 0.8159999847412109, 0.8180000185966492, 0.8159999847412109, 0.8180000185966492, 0.8180000185966492, 0.8169999718666077, 0.8199999928474426, 0.8220000267028809, 0.8240000009536743, 0.8259999752044678, 0.8199999928474426, 0.8199999928474426, 0.8240000009536743, 0.824999988079071, 0.824999988079071, 0.8270000219345093, 0.828000009059906, 0.8259999752044678, 0.8240000009536743, 0.8240000009536743, 0.8299999833106995, 0.8259999752044678, 0.8339999914169312, 0.8389999866485596, 0.8399999737739563, 0.8370000123977661, 0.8379999995231628, 0.8370000123977661, 0.8370000123977661, 0.8429999947547913, 0.8429999947547913, 0.8410000205039978, 0.8389999866485596, 0.8389999866485596, 0.8410000205039978, 0.843999981880188, 0.8420000076293945, 0.8420000076293945, 0.8420000076293945, 0.8420000076293945, 0.8410000205039978, 0.8450000286102295, 0.843999981880188, 0.8489999771118164, 0.8510000109672546, 0.8460000157356262, 0.8460000157356262, 0.847000002861023, 0.8479999899864197, 0.8489999771118164, 0.8519999980926514, 0.8510000109672546, 0.8479999899864197, 0.8479999899864197, 0.8399999737739563, 0.8410000205039978, 0.8410000205039978, 0.8450000286102295, 0.8450000286102295, 0.8489999771118164, 0.8500000238418579, 0.843999981880188, 0.8450000286102295, 0.847000002861023, 0.8479999899864197, 0.8500000238418579, 0.8489999771118164, 0.8510000109672546, 0.8510000109672546, 0.8500000238418579, 0.847000002861023, 0.8510000109672546, 0.8479999899864197, 0.8479999899864197, 0.8479999899864197, 0.8560000061988831, 0.859000027179718, 0.8550000190734863, 0.847000002861023, 0.847000002861023, 0.8519999980926514, 0.8569999933242798, 0.8569999933242798, 0.8460000157356262, 0.847000002861023, 0.8479999899864197, 0.8500000238418579, 0.8450000286102295, 0.8460000157356262, 0.8399999737739563, 0.8399999737739563, 0.8479999899864197, 0.8510000109672546, 0.843999981880188, 0.8429999947547913, 0.8360000252723694, 0.8360000252723694, 0.8479999899864197, 0.8479999899864197, 0.8489999771118164, 0.8529999852180481, 0.8429999947547913, 0.8399999737739563, 0.8489999771118164, 0.8610000014305115, 0.8539999723434448, 0.8600000143051147, 0.8679999709129333, 0.871999979019165, 0.8709999918937683, 0.8679999709129333, 0.8629999756813049, 0.8690000176429749, 0.8709999918937683, 0.8799999952316284, 0.8690000176429749, 0.8690000176429749, 0.8769999742507935, 0.8809999823570251, 0.8809999823570251]
intensities: [1055.0, 1075.0, 1092.0, 1108.0, 1111.0, 1126.0, 1139.0, 1161.0, 1178.0, 1180.0, 1155.0, 1153.0, 1126.0, 1114.0, 1098.0, 1098.0, 1004.0, 954.0, 810.0, 773.0, 864.0, 938.0, 955.0, 1029.0, 1032.0, 1083.0, 1066.0, 1141.0, 1147.0, 1220.0, 1220.0, 1237.0, 1302.0, 1278.0, 1278.0, 1271.0, 1306.0, 1288.0, 1295.0, 1305.0, 1305.0, 1311.0, 1314.0, 1302.0, 1301.0, 1321.0, 1321.0, 1321.0, 1322.0, 1328.0, 1328.0, 1328.0, 1328.0, 1329.0, 1329.0, 1330.0, 1330.0, 1330.0, 1328.0, 1338.0, 1338.0, 1331.0, 1341.0, 1346.0, 1346.0, 1327.0, 1329.0, 1330.0, 1328.0, 1329.0, 1330.0, 1318.0, 1326.0, 1318.0, 1310.0, 1319.0, 1306.0, 1306.0, 1294.0, 1294.0, 1305.0, 1317.0, 1300.0, 1300.0, 1297.0, 1319.0, 1319.0, 1279.0, 1309.0, 1324.0, 1306.0, 1292.0, 1283.0, 1283.0, 1280.0, 1282.0, 1284.0, 1292.0, 1291.0, 1267.0, 1254.0, 1218.0, 1218.0, 1197.0, 1197.0, 1185.0, 1185.0, 1181.0, 1176.0, 1176.0, 1177.0, 1145.0, 1158.0, 1165.0, 1165.0, 1174.0, 1140.0, 1170.0, 1173.0, 1156.0, 1146.0, 1152.0, 1152.0, 1149.0, 1140.0, 1131.0, 1131.0, 1148.0, 1139.0, 1145.0, 1143.0, 1124.0, 1124.0, 1122.0, 1130.0, 1129.0, 1126.0, 1117.0, 1113.0, 1133.0, 1130.0, 1130.0, 1112.0, 1106.0, 1123.0, 1130.0, 1118.0, 1121.0, 1125.0, 1115.0, 1114.0, 1109.0, 1133.0, 1118.0, 1113.0, 1113.0, 1101.0, 1130.0, 1126.0, 1132.0, 1135.0, 1130.0, 1131.0, 1138.0, 1138.0, 1144.0, 1120.0, 1105.0, 1126.0, 1115.0, 1115.0, 1117.0, 1123.0, 1113.0, 1107.0, 1107.0, 1124.0, 1089.0, 1100.0, 1101.0, 1085.0, 1083.0, 1063.0, 1106.0, 1102.0, 1088.0, 1088.0, 1081.0, 1080.0, 1085.0, 1098.0, 1098.0, 1070.0, 1095.0, 1092.0, 1113.0, 1102.0, 1110.0, 1117.0, 1123.0, 1097.0, 1101.0, 1096.0, 1098.0, 1095.0, 1110.0, 1101.0, 1094.0, 1097.0, 1102.0, 1106.0, 1110.0, 1086.0, 1084.0, 1077.0, 1087.0, 1107.0, 1107.0, 1090.0, 1098.0, 1106.0, 1071.0, 1075.0, 1075.0, 1080.0, 1075.0, 1067.0, 1067.0, 1064.0, 1071.0, 1071.0, 1071.0, 1075.0, 1075.0, 1069.0, 1064.0, 1072.0, 1064.0, 1076.0, 1074.0, 1083.0, 1075.0, 1068.0, 1066.0, 1064.0, 1068.0, 1074.0, 1082.0, 1082.0, 1081.0, 1068.0, 1043.0, 1043.0, 1069.0, 1044.0, 1036.0, 1038.0, 1044.0, 1037.0, 1043.0, 1049.0, 1051.0, 1055.0, 1051.0, 1045.0, 1038.0, 1043.0, 1043.0, 1048.0, 1050.0, 1049.0, 1065.0, 1052.0, 1050.0, 1039.0, 1051.0, 1043.0, 1050.0, 1048.0, 1046.0, 1054.0, 1064.0, 1067.0, 1067.0, 1062.0, 1058.0, 1065.0, 1042.0, 1024.0, 1040.0, 1039.0, 1036.0, 1034.0, 1036.0, 1034.0, 1038.0, 1034.0, 1039.0, 1045.0, 1023.0, 1033.0, 1033.0, 1021.0, 1020.0, 1021.0, 1011.0, 1015.0, 1011.0, 1014.0, 1008.0, 1016.0, 1016.0, 1024.0, 1022.0, 1030.0, 1001.0, 1010.0, 1025.0, 1006.0, 998.0, 1002.0, 976.0, 976.0, 971.0, 978.0, 983.0, 987.0, 968.0, 957.0, 956.0, 956.0, 963.0, 956.0, 967.0, 958.0, 960.0, 962.0, 945.0, 946.0, 945.0, 940.0, 939.0, 931.0, 931.0, 913.0, 908.0, 894.0, 891.0, 887.0, 893.0, 895.0, 898.0, 932.0, 1005.0, 1303.0, 1438.0, 1380.0, 996.0, 997.0, 997.0, 1003.0, 999.0, 1011.0, 1008.0, 1012.0, 1003.0, 1006.0, 1003.0, 998.0, 1000.0, 1008.0, 1008.0, 1003.0, 1003.0, 985.0, 1003.0, 1001.0, 1003.0, 989.0, 992.0, 1001.0, 1009.0, 1013.0, 1008.0, 1008.0, 1008.0, 1002.0, 1000.0, 1012.0, 1007.0, 1010.0, 1005.0, 1006.0, 1008.0, 1006.0, 1005.0, 1000.0, 1005.0, 1008.0, 1005.0, 999.0, 1001.0, 1001.0, 1004.0, 1001.0, 996.0, 988.0, 992.0, 989.0, 999.0, 984.0, 983.0, 978.0, 983.0, 977.0, 968.0, 985.0, 979.0, 994.0, 980.0, 993.0, 992.0, 993.0, 991.0, 990.0, 994.0, 1002.0, 1016.0, 1005.0, 1004.0, 1009.0, 1005.0, 1022.0, 1021.0, 1027.0, 1027.0, 1016.0, 1033.0, 1028.0, 1028.0, 1029.0, 1026.0, 1029.0, 1036.0, 1044.0, 1025.0, 1021.0, 1025.0, 1021.0, 1029.0, 1031.0, 1023.0, 1023.0, 1027.0, 1024.0, 1032.0, 1037.0, 1029.0, 1028.0, 1035.0, 1026.0, 1025.0, 1030.0, 1030.0, 1041.0, 1034.0, 1038.0, 1030.0, 1025.0, 1034.0, 1038.0, 1036.0, 1038.0, 1029.0, 1037.0, 1025.0, 1028.0, 1025.0, 1035.0, 1039.0, 1042.0, 1028.0, 1020.0, 1022.0, 1015.0, 1027.0, 1030.0, 1054.0, 1056.0, 1072.0, 1080.0, 1077.0, 1094.0, 1084.0, 1080.0, 1068.0, 1068.0, 1085.0, 1088.0, 1085.0, 1096.0, 1085.0, 1086.0, 1115.0, 1101.0, 1103.0, 1122.0, 1110.0, 1095.0, 1101.0, 1106.0, 1089.0, 1104.0, 1110.0, 1108.0, 1109.0, 1101.0, 1101.0, 1124.0, 1115.0, 1112.0, 1122.0, 1121.0, 1132.0, 1134.0, 1122.0, 1120.0, 1138.0, 1148.0, 1146.0, 1142.0, 1136.0, 1145.0, 1131.0, 1152.0, 1121.0, 1110.0, 1127.0, 1137.0, 1149.0, 1157.0, 1150.0, 1153.0, 1169.0, 1165.0, 1167.0, 1184.0, 1190.0, 1198.0, 1229.0, 1231.0, 1232.0, 1233.0, 1236.0, 1237.0, 1256.0, 1267.0, 1266.0, 1268.0, 1282.0, 1288.0, 1288.0, 1292.0, 1302.0, 1302.0, 1310.0, 1307.0, 1308.0, 1318.0, 1314.0, 1326.0, 1326.0, 1352.0, 1347.0, 1351.0, 1363.0, 1380.0, 1366.0, 1363.0, 1361.0, 1381.0, 1408.0, 1398.0, 1390.0, 1396.0, 1387.0, 1388.0, 1408.0, 1406.0, 1407.0, 1423.0, 1419.0, 1398.0, 1413.0, 1422.0, 1414.0, 1417.0, 1417.0, 1404.0, 1430.0, 1430.0, 1438.0, 1451.0, 1436.0, 1436.0, 1439.0, 1448.0, 1444.0, 1459.0, 1480.0, 1490.0, 1496.0, 1502.0, 1516.0, 1511.0, 1508.0, 1515.0, 1513.0, 1519.0, 1528.0, 1524.0, 1528.0, 1530.0, 1549.0, 1541.0, 1552.0, 1537.0, 1544.0, 1534.0, 1561.0, 1579.0, 1572.0, 1577.0, 1582.0, 1608.0, 1581.0, 1581.0, 1585.0, 1577.0, 1577.0, 1582.0, 1589.0, 1593.0, 1594.0, 1594.0, 1606.0, 1613.0, 1622.0, 1623.0, 1620.0, 1620.0, 1622.0, 1619.0, 1622.0, 1625.0, 1627.0, 1636.0, 1628.0, 1641.0, 1641.0, 1638.0, 1627.0, 1630.0, 1641.0, 1653.0, 1672.0, 1664.0, 1657.0, 1669.0, 1659.0, 1662.0, 1668.0, 1675.0, 1673.0, 1673.0, 1680.0, 1684.0, 1698.0, 1690.0, 1684.0, 1685.0, 1685.0, 1717.0, 1721.0, 1709.0, 1726.0, 1723.0, 1729.0, 1729.0, 1737.0, 1739.0, 1739.0, 1717.0, 1722.0, 1742.0, 1743.0, 1743.0, 1740.0, 1717.0, 1733.0, 1745.0, 1751.0, 1760.0, 1751.0, 1750.0, 1746.0, 1746.0, 1746.0, 1742.0, 1762.0, 1747.0, 1747.0, 1752.0, 1728.0, 1735.0, 1735.0, 1737.0, 1737.0, 1725.0, 1726.0, 1739.0, 1728.0, 1739.0, 1734.0, 1752.0, 1769.0, 1736.0, 1730.0, 1729.0, 1729.0, 1728.0, 1728.0, 1754.0, 1758.0, 1743.0, 1727.0, 1740.0, 1711.0, 1699.0, 1713.0, 1712.0, 1738.0, 1738.0, 1768.0, 1745.0, 1756.0, 1733.0, 1697.0, 1697.0, 1698.0, 1705.0, 1740.0, 1751.0, 1753.0, 1740.0, 1718.0, 1716.0, 1712.0, 1708.0, 1719.0, 1727.0, 1724.0, 1740.0, 1740.0, 1700.0, 1661.0, 1649.0, 1649.0, 1674.0, 1701.0, 1703.0, 1730.0, 1679.0, 1696.0, 1679.0, 1669.0, 1679.0, 1682.0, 1668.0, 1659.0, 1654.0, 1654.0, 1656.0, 1651.0, 1651.0, 1647.0, 1646.0, 1646.0, 1649.0, 1644.0, 1644.0, 1635.0, 1629.0, 1632.0, 1630.0, 1626.0, 1644.0, 1632.0, 1632.0, 1632.0, 1642.0, 1628.0, 1634.0, 1616.0, 1611.0, 1611.0, 1609.0, 1618.0, 1603.0, 1601.0, 1602.0, 1602.0, 1602.0, 1585.0, 1592.0, 1589.0, 1589.0, 1573.0, 1566.0, 1584.0, 1582.0, 1570.0, 1570.0, 1557.0, 1570.0, 1567.0, 1555.0, 1544.0, 1549.0, 1535.0, 1542.0, 1549.0, 1544.0, 1534.0, 1530.0, 1532.0, 1515.0, 1510.0, 1509.0, 1504.0, 1501.0, 1490.0, 1472.0, 1472.0, 1491.0, 1482.0, 1505.0, 1479.0, 1487.0, 1488.0, 1483.0, 1470.0, 1458.0, 1458.0, 1450.0, 1458.0, 1450.0, 1459.0, 1444.0, 1443.0, 1447.0, 1430.0, 1427.0, 1433.0, 1428.0, 1429.0, 1434.0, 1424.0, 1407.0, 1399.0, 1421.0, 1411.0, 1411.0, 1410.0, 1400.0, 1402.0, 1372.0, 1372.0, 1373.0, 1382.0, 1384.0, 1388.0, 1377.0, 1377.0, 1387.0, 1391.0, 1384.0, 1372.0, 1361.0, 1358.0, 1358.0, 1355.0, 1359.0, 1356.0, 1356.0, 1354.0, 1347.0, 1337.0, 1354.0, 1349.0, 1355.0, 1354.0, 1351.0, 1352.0, 1354.0, 1354.0, 1346.0, 1346.0, 1346.0, 1351.0, 1350.0, 1350.0, 1351.0, 1340.0, 1340.0, 1341.0, 1342.0, 1332.0, 1341.0, 1333.0, 1331.0, 1333.0, 1333.0, 1324.0, 1327.0, 1321.0, 1333.0, 1328.0, 1332.0, 1324.0, 1332.0, 1346.0, 1332.0, 1344.0, 1320.0, 1334.0, 1336.0, 1307.0, 1323.0, 1340.0, 1337.0, 1322.0, 1310.0, 1312.0, 1335.0, 1335.0, 1316.0, 1298.0, 1327.0, 1312.0, 1305.0, 1302.0, 1307.0, 1312.0, 1315.0, 1310.0, 1309.0, 1309.0, 1309.0, 1304.0, 1312.0, 1306.0, 1300.0, 1279.0, 1314.0, 1326.0, 1321.0, 1315.0, 1309.0, 1314.0, 1319.0, 1311.0, 1311.0, 1330.0, 1328.0, 1328.0, 1325.0, 1326.0, 1329.0, 1326.0, 1326.0, 1315.0, 1320.0, 1318.0, 1322.0, 1323.0, 1323.0, 1323.0, 1323.0, 1323.0, 1323.0, 1323.0, 1323.0, 1321.0, 1321.0, 1325.0, 1323.0, 1320.0, 1320.0, 1320.0, 1321.0, 1320.0, 1334.0, 1325.0, 1330.0, 1330.0, 1320.0, 1326.0, 1329.0, 1338.0, 1323.0, 1328.0, 1331.0, 1340.0, 1347.0, 1328.0, 1331.0, 1331.0, 1347.0, 1347.0, 1353.0, 1356.0, 1360.0, 1364.0, 1361.0, 1336.0, 1342.0, 1348.0, 1357.0, 1373.0, 1372.0, 1368.0, 1383.0, 1380.0, 1385.0, 1385.0, 1375.0, 1387.0, 1371.0, 1385.0, 1405.0, 1391.0, 1386.0, 1388.0, 1402.0, 1414.0, 1413.0, 1413.0, 1390.0, 1403.0, 1409.0, 1409.0, 1414.0, 1439.0, 1448.0, 1444.0, 1444.0, 1444.0, 1445.0, 1440.0, 1438.0, 1434.0, 1445.0, 1443.0, 1443.0, 1445.0, 1444.0, 1448.0, 1442.0, 1452.0, 1450.0, 1437.0, 1446.0, 1450.0, 1448.0, 1442.0, 1462.0, 1462.0, 1468.0, 1470.0, 1461.0]