header: 
  seq: 1038
  stamp: 
    secs: 1548820783
    nsecs:  83586745
  frame_id: "base_link"
angle_min: -2.35619449615
angle_max: 2.35619449615
angle_increment: 0.00436332309619
time_increment: 1.73611151695e-05
scan_time: 0.0250000003725
range_min: 0.019999999553
range_max: 30.0
ranges: [0.5180000066757202, 0.5189999938011169, 0.5180000066757202, 0.5210000276565552, 0.5210000276565552, 0.527999997138977, 0.5230000019073486, 0.5230000019073486, 0.5299999713897705, 0.5350000262260437, 0.5339999794960022, 0.5379999876022339, 0.5270000100135803, 0.5180000066757202, 0.5090000033378601, 0.45899999141693115, 0.41999998688697815, 0.34299999475479126, 0.3330000042915344, 0.30799999833106995, 0.38499999046325684, 0.4410000145435333, 0.49000000953674316, 0.5, 0.5139999985694885, 0.515999972820282, 0.5130000114440918, 0.5040000081062317, 0.49799999594688416, 0.49900001287460327, 0.492000013589859, 0.4950000047683716, 0.5120000243186951, 0.4909999966621399, 0.5049999952316284, 0.4909999966621399, 0.492000013589859, 0.48899999260902405, 0.4909999966621399, 0.492000013589859, 0.492000013589859, 0.48899999260902405, 0.48399999737739563, 0.48100000619888306, 0.4819999933242798, 0.4819999933242798, 0.47699999809265137, 0.47200000286102295, 0.47200000286102295, 0.4779999852180481, 0.4790000021457672, 0.4790000021457672, 0.4740000069141388, 0.4690000116825104, 0.4690000116825104, 0.4690000116825104, 0.4690000116825104, 0.4659999907016754, 0.4690000116825104, 0.4690000116825104, 0.4690000116825104, 0.47200000286102295, 0.46799999475479126, 0.4620000123977661, 0.45899999141693115, 0.45899999141693115, 0.45899999141693115, 0.45899999141693115, 0.46000000834465027, 0.4620000123977661, 0.4580000042915344, 0.4580000042915344, 0.4580000042915344, 0.4560000002384186, 0.45500001311302185, 0.45500001311302185, 0.46000000834465027, 0.4620000123977661, 0.453000009059906, 0.4490000009536743, 0.4490000009536743, 0.44999998807907104, 0.4449999928474426, 0.4429999887943268, 0.4429999887943268, 0.44200000166893005, 0.4429999887943268, 0.4410000145435333, 0.4429999887943268, 0.4429999887943268, 0.4410000145435333, 0.44200000166893005, 0.4390000104904175, 0.4410000145435333, 0.43799999356269836, 0.4399999976158142, 0.44200000166893005, 0.4490000009536743, 0.4339999854564667, 0.43299999833106995, 0.43299999833106995, 0.4269999861717224, 0.4259999990463257, 0.42500001192092896, 0.42500001192092896, 0.42500001192092896, 0.42500001192092896, 0.4180000126361847, 0.4180000126361847, 0.4230000078678131, 0.4230000078678131, 0.42500001192092896, 0.42500001192092896, 0.42800000309944153, 0.4300000071525574, 0.42500001192092896, 0.42100000381469727, 0.42100000381469727, 0.4180000126361847, 0.41200000047683716, 0.4180000126361847, 0.421999990940094, 0.42500001192092896, 0.4169999957084656, 0.41600000858306885, 0.4169999957084656, 0.41600000858306885, 0.41999998688697815, 0.4169999957084656, 0.4169999957084656, 0.4090000092983246, 0.4050000011920929, 0.4050000011920929, 0.40799999237060547, 0.40400001406669617, 0.40299999713897705, 0.4090000092983246, 0.41100001335144043, 0.4099999964237213, 0.4090000092983246, 0.4090000092983246, 0.4090000092983246, 0.4090000092983246, 0.4059999883174896, 0.4090000092983246, 0.4090000092983246, 0.4090000092983246, 0.41100001335144043, 0.41200000047683716, 0.4099999964237213, 0.40799999237060547, 0.40700000524520874, 0.4050000011920929, 0.4050000011920929, 0.40400001406669617, 0.40700000524520874, 0.40700000524520874, 0.40400001406669617, 0.40299999713897705, 0.40299999713897705, 0.40400001406669617, 0.40299999713897705, 0.4099999964237213, 0.4090000092983246, 0.40400001406669617, 0.4020000100135803, 0.4020000100135803, 0.4009999930858612, 0.4059999883174896, 0.40299999713897705, 0.39399999380111694, 0.3959999978542328, 0.39800000190734863, 0.4009999930858612, 0.4009999930858612, 0.4020000100135803, 0.3930000066757202, 0.39500001072883606, 0.39500001072883606, 0.39500001072883606, 0.4009999930858612, 0.4000000059604645, 0.40299999713897705, 0.39500001072883606, 0.39399999380111694, 0.39100000262260437, 0.39100000262260437, 0.39500001072883606, 0.4000000059604645, 0.39800000190734863, 0.38999998569488525, 0.39800000190734863, 0.4009999930858612, 0.4009999930858612, 0.3880000114440918, 0.3869999945163727, 0.38999998569488525, 0.3959999978542328, 0.3959999978542328, 0.39500001072883606, 0.3959999978542328, 0.3970000147819519, 0.3889999985694885, 0.3889999985694885, 0.39800000190734863, 0.39800000190734863, 0.39399999380111694, 0.3930000066757202, 0.39500001072883606, 0.39899998903274536, 0.3970000147819519, 0.3869999945163727, 0.3869999945163727, 0.39399999380111694, 0.3930000066757202, 0.3930000066757202, 0.3930000066757202, 0.3930000066757202, 0.39800000190734863, 0.39800000190734863, 0.3930000066757202, 0.3930000066757202, 0.3930000066757202, 0.3970000147819519, 0.3970000147819519, 0.3869999945163727, 0.382999986410141, 0.382999986410141, 0.3930000066757202, 0.3930000066757202, 0.38499999046325684, 0.38499999046325684, 0.3919999897480011, 0.3930000066757202, 0.3930000066757202, 0.3970000147819519, 0.3970000147819519, 0.3919999897480011, 0.3970000147819519, 0.3970000147819519, 0.39500001072883606, 0.3970000147819519, 0.39899998903274536, 0.39800000190734863, 0.4000000059604645, 0.4000000059604645, 0.3970000147819519, 0.39100000262260437, 0.3889999985694885, 0.39500001072883606, 0.4009999930858612, 0.3959999978542328, 0.3919999897480011, 0.39399999380111694, 0.4000000059604645, 0.4059999883174896, 0.4009999930858612, 0.39800000190734863, 0.39800000190734863, 0.4090000092983246, 0.40700000524520874, 0.41200000047683716, 0.41499999165534973, 0.4129999876022339, 0.40700000524520874, 0.4059999883174896, 0.40299999713897705, 0.40799999237060547, 0.4050000011920929, 0.4129999876022339, 0.4090000092983246, 0.4099999964237213, 0.4099999964237213, 0.41200000047683716, 0.41499999165534973, 0.4189999997615814, 0.4300000071525574, 0.42899999022483826, 0.4259999990463257, 0.42399999499320984, 0.42399999499320984, 0.4230000078678131, 0.4269999861717224, 0.4269999861717224, 0.4309999942779541, 0.4320000112056732, 0.4320000112056732, 0.4309999942779541, 0.43299999833106995, 0.43299999833106995, 0.43799999356269836, 0.44200000166893005, 0.4300000071525574, 0.42899999022483826, 0.4339999854564667, 0.4399999976158142, 0.4399999976158142, 0.43799999356269836, 0.4399999976158142, 0.44200000166893005, 0.44600000977516174, 0.44999998807907104, 0.4490000009536743, 0.44699999690055847, 0.4440000057220459, 0.4449999928474426, 0.4480000138282776, 0.4490000009536743, 0.4480000138282776, 0.4480000138282776, 0.4560000002384186, 0.45500001311302185, 0.453000009059906, 0.453000009059906, 0.46000000834465027, 0.46000000834465027, 0.46000000834465027, 0.4650000035762787, 0.46299999952316284, 0.46700000762939453, 0.46399998664855957, 0.4690000116825104, 0.4690000116825104, 0.4740000069141388, 0.47699999809265137, 0.47699999809265137, 0.4790000021457672, 0.48399999737739563, 0.48500001430511475, 0.4869999885559082, 0.4869999885559082, 0.4869999885559082, 0.4880000054836273, 0.48500001430511475, 0.49000000953674316, 0.49000000953674316, 0.5, 0.5049999952316284, 0.5070000290870667, 0.5040000081062317, 0.5009999871253967, 0.5, 0.5040000081062317, 0.5120000243186951, 0.5139999985694885, 0.5090000033378601, 0.5099999904632568, 0.5149999856948853, 0.5189999938011169, 0.5199999809265137, 0.5210000276565552, 0.5239999890327454, 0.5299999713897705, 0.5329999923706055, 0.5329999923706055, 0.5320000052452087, 0.5320000052452087, 0.5289999842643738, 0.5400000214576721, 0.5410000085830688, 0.5440000295639038, 0.550000011920929, 0.550000011920929, 0.5419999957084656, 0.5440000295639038, 0.5509999990463257, 0.550000011920929, 0.5540000200271606, 0.5640000104904175, 0.5669999718666077, 0.5730000138282776, 0.5730000138282776, 0.5699999928474426, 0.5699999928474426, 0.5809999704360962, 0.5830000042915344, 0.5849999785423279, 0.5830000042915344, 0.5860000252723694, 0.5950000286102295, 0.593999981880188, 0.5950000286102295, 0.5950000286102295, 0.5950000286102295, 0.6039999723434448, 0.6129999756813049, 0.6110000014305115, 0.6110000014305115, 0.6159999966621399, 0.621999979019165, 0.621999979019165, 0.6290000081062317, 0.640999972820282, 0.6309999823570251, 0.6320000290870667, 0.6439999938011169, 0.6489999890327454, 0.6499999761581421, 0.6520000100135803, 0.6539999842643738, 0.6539999842643738, 0.6579999923706055, 0.6690000295639038, 0.6690000295639038, 0.6679999828338623, 0.6729999780654907, 0.6769999861717224, 0.6819999814033508, 0.6850000023841858, 0.6850000023841858, 0.6830000281333923, 0.6919999718666077, 0.7020000219345093, 0.6959999799728394, 0.6940000057220459, 0.699999988079071, 0.7059999704360962, 0.718999981880188, 0.7210000157356262, 0.7250000238418579, 0.7310000061988831, 0.7390000224113464, 0.7429999709129333, 0.7390000224113464, 0.7429999709129333, 0.7490000128746033, 0.7580000162124634, 0.7649999856948853, 0.7799999713897705, 0.7860000133514404, 0.7910000085830688, 0.8019999861717224, 0.8080000281333923, 0.8130000233650208, 0.8169999718666077, 0.8209999799728394, 0.8289999961853027, 0.8429999947547913, 0.8429999947547913, 0.8429999947547913, 0.8550000190734863, 0.8650000095367432, 0.8679999709129333, 0.8799999952316284, 0.8880000114440918, 0.8999999761581421, 0.9049999713897705, 0.9229999780654907, 0.925000011920929, 0.9359999895095825, 0.9419999718666077, 0.9819999933242798, 1.0460000038146973, 1.1419999599456787, 1.3910000324249268, 1.5479999780654907, 1.996000051498413, 2.0209999084472656, 2.0280001163482666, 2.0369999408721924, 2.0369999408721924, 2.0369999408721924, 2.0299999713897705, 2.0299999713897705, 2.0299999713897705, 2.0309998989105225, 2.0439999103546143, 2.0399999618530273, 2.0290000438690186, 2.0290000438690186, 2.0329999923706055, 2.0390000343322754, 2.0369999408721924, 2.0350000858306885, 2.0329999923706055, 2.0309998989105225, 2.0350000858306885, 2.0350000858306885, 2.0290000438690186, 2.0280001163482666, 2.0290000438690186, 2.0250000953674316, 2.0260000228881836, 2.0269999504089355, 2.0290000438690186, 2.0280001163482666, 2.0260000228881836, 2.0280001163482666, 2.0280001163482666, 2.0309998989105225, 2.0239999294281006, 2.0190000534057617, 2.0169999599456787, 2.0190000534057617, 2.0209999084472656, 2.0209999084472656, 2.009999990463257, 2.005000114440918, 2.010999917984009, 2.009999990463257, 2.009000062942505, 2.009000062942505, 2.006999969482422, 1.996999979019165, 1.9930000305175781, 1.9980000257492065, 1.9980000257492065, 1.9930000305175781, 1.9850000143051147, 1.9839999675750732, 1.9869999885559082, 1.9850000143051147, 1.9809999465942383, 1.968000054359436, 1.9739999771118164, 1.968000054359436, 1.968999981880188, 1.9609999656677246, 1.9670000076293945, 1.9739999771118164, 1.9570000171661377, 1.9559999704360962, 1.9539999961853027, 1.9500000476837158, 1.9500000476837158, 1.9500000476837158, 1.9500000476837158, 1.940999984741211, 1.940999984741211, 1.9359999895095825, 1.934000015258789, 1.9279999732971191, 1.9160000085830688, 1.9190000295639038, 1.9210000038146973, 1.9179999828338623, 1.9140000343322754, 1.909000039100647, 1.8980000019073486, 1.8940000534057617, 1.8849999904632568, 1.8839999437332153, 1.8849999904632568, 1.8869999647140503, 1.8739999532699585, 1.8730000257492065, 1.875, 1.8739999532699585, 1.8669999837875366, 1.8539999723434448, 1.8539999723434448, 1.8480000495910645, 1.8480000495910645, 1.843999981880188, 1.843999981880188, 1.8329999446868896, 1.8289999961853027, 1.8220000267028809, 1.8220000267028809, 1.819000005722046, 1.812000036239624, 1.809000015258789, 1.8020000457763672, 1.8020000457763672, 1.8020000457763672, 1.7929999828338623, 1.777999997138977, 1.7760000228881836, 1.7740000486373901, 1.7619999647140503, 1.7610000371932983, 1.746999979019165, 1.7389999628067017, 1.7380000352859497, 1.7380000352859497, 1.7209999561309814, 1.715999960899353, 1.715000033378601, 1.7139999866485596, 1.7079999446868896, 1.7000000476837158, 1.690999984741211, 1.6790000200271606, 1.6749999523162842, 1.6699999570846558, 1.6649999618530273, 1.6629999876022339, 1.659000039100647, 1.6469999551773071, 1.6380000114440918, 1.6339999437332153, 1.621000051498413, 1.621000051498413, 1.6180000305175781, 1.6100000143051147, 1.6009999513626099, 1.5950000286102295, 1.5870000123977661, 1.5729999542236328, 1.5720000267028809, 1.5570000410079956, 1.5499999523162842, 1.5449999570846558, 1.5399999618530273, 1.534999966621399, 1.5219999551773071, 1.5169999599456787, 1.5149999856948853, 1.5089999437332153, 1.503999948501587, 1.4900000095367432, 1.4769999980926514, 1.4730000495910645, 1.465999960899353, 1.4550000429153442, 1.444000005722046, 1.440000057220459, 1.434000015258789, 1.4299999475479126, 1.4249999523162842, 1.4049999713897705, 1.406000018119812, 1.402999997138977, 1.3919999599456787, 1.3919999599456787, 1.378000020980835, 1.3619999885559082, 1.3530000448226929, 1.3509999513626099, 1.3380000591278076, 1.3229999542236328, 1.3200000524520874, 1.3079999685287476, 1.3020000457763672, 1.2920000553131104, 1.281999945640564, 1.2699999809265137, 1.2640000581741333, 1.2489999532699585, 1.2380000352859497, 1.2309999465942383, 1.2269999980926514, 1.2200000286102295, 1.1929999589920044, 1.180999994277954, 1.1779999732971191, 1.1690000295639038, 1.1610000133514404, 1.1480000019073486, 1.1390000581741333, 1.125, 1.1130000352859497, 1.1039999723434448, 1.1030000448226929, 1.0859999656677246, 1.0720000267028809, 1.062999963760376, 1.0609999895095825, 1.0499999523162842, 1.0420000553131104, 1.0329999923706055, 1.024999976158142, 1.0190000534057617, 1.0080000162124634, 1.003000020980835, 0.9950000047683716, 0.9819999933242798, 0.9769999980926514, 0.9700000286102295, 0.9660000205039978, 0.9610000252723694, 0.9610000252723694, 0.9539999961853027, 0.9440000057220459, 0.9419999718666077, 0.9350000023841858, 0.9330000281333923, 0.9120000004768372, 0.9089999794960022, 0.9089999794960022, 0.9049999713897705, 0.8930000066757202, 0.890999972820282, 0.8899999856948853, 0.8820000290870667, 0.878000020980835, 0.8740000128746033, 0.8730000257492065, 0.8740000128746033, 0.8640000224113464, 0.8500000238418579, 0.8349999785423279, 0.8370000123977661, 0.8349999785423279, 0.8349999785423279, 0.8349999785423279, 0.8230000138282776, 0.8190000057220459, 0.8149999976158142, 0.8130000233650208, 0.8069999814033508, 0.800000011920929, 0.7929999828338623, 0.7889999747276306, 0.7860000133514404, 0.7789999842643738, 0.781000018119812, 0.777999997138977, 0.7760000228881836, 0.7720000147819519, 0.7570000290870667, 0.753000020980835, 0.7519999742507935, 0.7490000128746033, 0.7440000176429749, 0.7429999709129333, 0.7459999918937683, 0.7429999709129333, 0.7409999966621399, 0.7429999709129333, 0.7250000238418579, 0.7239999771118164, 0.7210000157356262, 0.718999981880188, 0.7179999947547913, 0.7149999737739563, 0.7120000123977661, 0.699999988079071, 0.6980000138282776, 0.699999988079071, 0.7080000042915344, 0.7049999833106995, 0.6859999895095825, 0.6859999895095825, 0.6819999814033508, 0.6840000152587891, 0.6840000152587891, 0.6830000281333923, 0.671999990940094, 0.6660000085830688, 0.6660000085830688, 0.6729999780654907, 0.6660000085830688, 0.6629999876022339, 0.6660000085830688, 0.6650000214576721, 0.6639999747276306, 0.6610000133514404, 0.6489999890327454, 0.6489999890327454, 0.6449999809265137, 0.6420000195503235, 0.6420000195503235, 0.6380000114440918, 0.6349999904632568, 0.6349999904632568, 0.6370000243186951, 0.6389999985694885, 0.6349999904632568, 0.6290000081062317, 0.6209999918937683, 0.6209999918937683, 0.6259999871253967, 0.6169999837875366, 0.6129999756813049, 0.6179999709129333, 0.6179999709129333, 0.6140000224113464, 0.6119999885559082, 0.6110000014305115, 0.6119999885559082, 0.6060000061988831, 0.6069999933242798, 0.6039999723434448, 0.6039999723434448, 0.6010000109672546, 0.6000000238418579, 0.597000002861023, 0.5910000205039978, 0.5920000076293945, 0.5899999737739563, 0.5849999785423279, 0.5870000123977661, 0.5870000123977661, 0.5849999785423279, 0.5830000042915344, 0.5830000042915344, 0.5789999961853027, 0.5740000009536743, 0.574999988079071, 0.5740000009536743, 0.5709999799728394, 0.5690000057220459, 0.5770000219345093, 0.5770000219345093, 0.5720000267028809, 0.5709999799728394, 0.5720000267028809, 0.5720000267028809, 0.5720000267028809, 0.5649999976158142, 0.5630000233650208, 0.5559999942779541, 0.5600000023841858, 0.5559999942779541, 0.5559999942779541, 0.5609999895095825, 0.5669999718666077, 0.5640000104904175, 0.5600000023841858, 0.5569999814033508, 0.5540000200271606, 0.5529999732971191, 0.550000011920929, 0.5460000038146973, 0.5450000166893005, 0.5450000166893005, 0.546999990940094, 0.5479999780654907, 0.5479999780654907, 0.5509999990463257, 0.550000011920929, 0.550000011920929, 0.5479999780654907, 0.5450000166893005, 0.5440000295639038, 0.5410000085830688, 0.5370000004768372, 0.5410000085830688, 0.5410000085830688, 0.5410000085830688, 0.5360000133514404, 0.5320000052452087, 0.5360000133514404, 0.5370000004768372, 0.5360000133514404, 0.5329999923706055, 0.5329999923706055, 0.5299999713897705, 0.5270000100135803, 0.531000018119812, 0.5360000133514404, 0.5350000262260437, 0.5320000052452087, 0.5320000052452087, 0.5389999747276306, 0.5350000262260437, 0.5289999842643738, 0.5239999890327454, 0.5270000100135803, 0.5289999842643738, 0.5289999842643738, 0.5270000100135803, 0.5260000228881836, 0.5260000228881836, 0.5260000228881836, 0.5249999761581421, 0.5239999890327454, 0.5239999890327454, 0.5249999761581421, 0.5230000019073486, 0.5220000147819519, 0.5230000019073486, 0.5199999809265137, 0.5230000019073486, 0.5189999938011169, 0.5199999809265137, 0.5249999761581421, 0.5239999890327454, 0.5239999890327454, 0.5189999938011169, 0.5239999890327454, 0.5180000066757202, 0.5170000195503235, 0.5130000114440918, 0.5130000114440918, 0.5130000114440918, 0.515999972820282, 0.5149999856948853, 0.515999972820282, 0.515999972820282, 0.5149999856948853, 0.5149999856948853, 0.5080000162124634, 0.5059999823570251, 0.5139999985694885, 0.5189999938011169, 0.5189999938011169, 0.515999972820282, 0.5139999985694885, 0.5139999985694885, 0.5149999856948853, 0.5149999856948853, 0.5149999856948853, 0.5120000243186951, 0.5090000033378601, 0.5070000290870667, 0.5049999952316284, 0.5049999952316284, 0.5059999823570251, 0.5130000114440918, 0.5170000195503235, 0.5189999938011169, 0.5210000276565552, 0.5199999809265137, 0.5120000243186951, 0.5080000162124634, 0.5080000162124634, 0.5120000243186951, 0.5120000243186951, 0.5090000033378601, 0.5070000290870667, 0.5080000162124634, 0.5080000162124634, 0.5049999952316284, 0.5049999952316284, 0.5080000162124634, 0.5080000162124634, 0.5080000162124634, 0.5099999904632568, 0.5049999952316284, 0.5049999952316284, 0.5099999904632568, 0.5080000162124634, 0.5040000081062317, 0.5109999775886536, 0.5139999985694885, 0.5130000114440918, 0.5040000081062317, 0.5040000081062317, 0.5040000081062317, 0.5099999904632568, 0.5139999985694885, 0.5149999856948853, 0.5109999775886536, 0.5099999904632568, 0.5099999904632568, 0.515999972820282, 0.5170000195503235, 0.515999972820282, 0.5149999856948853, 0.5109999775886536, 0.5120000243186951, 0.5120000243186951, 0.5149999856948853, 0.5199999809265137, 0.5180000066757202, 0.5249999761581421, 0.527999997138977, 0.5260000228881836, 0.5180000066757202, 0.5189999938011169, 0.5189999938011169, 0.5149999856948853, 0.5170000195503235, 0.5180000066757202, 0.5210000276565552, 0.5199999809265137, 0.5170000195503235, 0.5199999809265137, 0.5210000276565552, 0.531000018119812, 0.531000018119812, 0.531000018119812, 0.5320000052452087, 0.5320000052452087, 0.5299999713897705, 0.5270000100135803, 0.5249999761581421, 0.5210000276565552, 0.5230000019073486, 0.5239999890327454, 0.5260000228881836, 0.5270000100135803, 0.5289999842643738, 0.5360000133514404, 0.5360000133514404, 0.5350000262260437, 0.5350000262260437, 0.5350000262260437, 0.5360000133514404, 0.5360000133514404, 0.5360000133514404, 0.5379999876022339, 0.5410000085830688, 0.5460000038146973, 0.5450000166893005, 0.5450000166893005, 0.550000011920929, 0.550000011920929, 0.550000011920929, 0.550000011920929, 0.5509999990463257, 0.5509999990463257, 0.5450000166893005, 0.5450000166893005, 0.5509999990463257, 0.5509999990463257, 0.5519999861717224, 0.5519999861717224, 0.5529999732971191, 0.5540000200271606, 0.5580000281333923, 0.5580000281333923, 0.5580000281333923, 0.5600000023841858, 0.5600000023841858, 0.5569999814033508, 0.5630000233650208, 0.5669999718666077, 0.5659999847412109, 0.5659999847412109, 0.5600000023841858, 0.5669999718666077, 0.5699999928474426, 0.5709999799728394, 0.5720000267028809, 0.5720000267028809, 0.5630000233650208, 0.5640000104904175, 0.5669999718666077, 0.5669999718666077, 0.5659999847412109, 0.5680000185966492, 0.5709999799728394, 0.5740000009536743, 0.5759999752044678, 0.5839999914169312, 0.5830000042915344, 0.5799999833106995, 0.578000009059906, 0.5820000171661377, 0.5789999961853027, 0.578000009059906, 0.578000009059906, 0.5799999833106995, 0.5899999737739563, 0.5899999737739563, 0.5899999737739563, 0.5950000286102295, 0.6000000238418579, 0.6000000238418579, 0.5960000157356262, 0.5989999771118164, 0.6010000109672546, 0.6010000109672546, 0.593999981880188, 0.5960000157356262, 0.6039999723434448, 0.5989999771118164, 0.6029999852180481, 0.5920000076293945, 0.5889999866485596, 0.597000002861023, 0.6060000061988831, 0.6069999933242798, 0.6069999933242798, 0.6129999756813049, 0.6129999756813049, 0.6100000143051147, 0.6079999804496765, 0.6079999804496765, 0.6159999966621399, 0.6240000128746033, 0.625, 0.6309999823570251, 0.6380000114440918, 0.6430000066757202, 0.6430000066757202, 0.6480000019073486, 0.6480000019073486, 0.652999997138977, 0.6480000019073486, 0.6539999842643738, 0.6589999794960022, 0.656000018119812, 0.6579999923706055, 0.6589999794960022, 0.6660000085830688, 0.6690000295639038, 0.6650000214576721]
intensities: [1027.0, 1088.0, 1110.0, 1131.0, 1139.0, 1192.0, 1206.0, 1206.0, 1301.0, 1305.0, 1322.0, 1337.0, 1357.0, 1333.0, 1272.0, 1143.0, 1100.0, 921.0, 933.0, 845.0, 954.0, 1017.0, 1085.0, 1085.0, 1090.0, 1071.0, 1038.0, 1023.0, 1037.0, 1101.0, 1110.0, 1159.0, 1327.0, 1256.0, 1427.0, 1448.0, 1462.0, 1475.0, 1491.0, 1516.0, 1506.0, 1535.0, 1546.0, 1540.0, 1547.0, 1560.0, 1577.0, 1576.0, 1583.0, 1593.0, 1589.0, 1576.0, 1579.0, 1583.0, 1578.0, 1584.0, 1560.0, 1577.0, 1577.0, 1598.0, 1600.0, 1580.0, 1569.0, 1561.0, 1578.0, 1573.0, 1565.0, 1565.0, 1569.0, 1562.0, 1544.0, 1536.0, 1536.0, 1533.0, 1561.0, 1561.0, 1565.0, 1554.0, 1535.0, 1539.0, 1534.0, 1536.0, 1534.0, 1565.0, 1565.0, 1548.0, 1536.0, 1533.0, 1526.0, 1526.0, 1520.0, 1519.0, 1529.0, 1509.0, 1511.0, 1501.0, 1510.0, 1508.0, 1509.0, 1507.0, 1507.0, 1507.0, 1501.0, 1501.0, 1501.0, 1501.0, 1501.0, 1502.0, 1506.0, 1495.0, 1495.0, 1498.0, 1504.0, 1503.0, 1505.0, 1499.0, 1499.0, 1499.0, 1496.0, 1492.0, 1472.0, 1460.0, 1460.0, 1482.0, 1492.0, 1499.0, 1492.0, 1464.0, 1467.0, 1467.0, 1453.0, 1436.0, 1444.0, 1465.0, 1457.0, 1470.0, 1441.0, 1432.0, 1438.0, 1426.0, 1426.0, 1430.0, 1423.0, 1405.0, 1416.0, 1414.0, 1414.0, 1411.0, 1398.0, 1397.0, 1397.0, 1391.0, 1402.0, 1402.0, 1411.0, 1385.0, 1385.0, 1372.0, 1372.0, 1372.0, 1390.0, 1389.0, 1357.0, 1347.0, 1371.0, 1378.0, 1380.0, 1377.0, 1377.0, 1357.0, 1342.0, 1343.0, 1364.0, 1355.0, 1374.0, 1366.0, 1350.0, 1331.0, 1337.0, 1337.0, 1347.0, 1338.0, 1334.0, 1323.0, 1320.0, 1305.0, 1305.0, 1302.0, 1304.0, 1293.0, 1277.0, 1283.0, 1274.0, 1274.0, 1271.0, 1265.0, 1278.0, 1274.0, 1264.0, 1254.0, 1254.0, 1255.0, 1282.0, 1280.0, 1288.0, 1288.0, 1273.0, 1255.0, 1261.0, 1261.0, 1254.0, 1254.0, 1254.0, 1251.0, 1252.0, 1254.0, 1244.0, 1235.0, 1252.0, 1252.0, 1239.0, 1239.0, 1230.0, 1235.0, 1235.0, 1217.0, 1211.0, 1206.0, 1211.0, 1211.0, 1201.0, 1199.0, 1175.0, 1179.0, 1179.0, 1189.0, 1166.0, 1175.0, 1185.0, 1185.0, 1171.0, 1180.0, 1170.0, 1183.0, 1162.0, 1165.0, 1169.0, 1173.0, 1173.0, 1163.0, 1153.0, 1143.0, 1143.0, 1143.0, 1146.0, 1133.0, 1132.0, 1132.0, 1135.0, 1156.0, 1139.0, 1127.0, 1151.0, 1137.0, 1139.0, 1131.0, 1130.0, 1133.0, 1134.0, 1133.0, 1133.0, 1137.0, 1139.0, 1144.0, 1149.0, 1140.0, 1169.0, 1172.0, 1176.0, 1183.0, 1190.0, 1176.0, 1188.0, 1188.0, 1192.0, 1193.0, 1215.0, 1204.0, 1199.0, 1189.0, 1198.0, 1207.0, 1204.0, 1218.0, 1231.0, 1222.0, 1222.0, 1222.0, 1226.0, 1225.0, 1230.0, 1230.0, 1228.0, 1228.0, 1233.0, 1237.0, 1239.0, 1243.0, 1242.0, 1240.0, 1248.0, 1253.0, 1260.0, 1260.0, 1268.0, 1241.0, 1241.0, 1266.0, 1265.0, 1273.0, 1256.0, 1276.0, 1276.0, 1280.0, 1301.0, 1281.0, 1280.0, 1284.0, 1295.0, 1304.0, 1304.0, 1304.0, 1315.0, 1320.0, 1337.0, 1345.0, 1329.0, 1336.0, 1352.0, 1345.0, 1328.0, 1319.0, 1327.0, 1342.0, 1345.0, 1340.0, 1314.0, 1342.0, 1333.0, 1332.0, 1330.0, 1335.0, 1360.0, 1348.0, 1348.0, 1372.0, 1372.0, 1357.0, 1365.0, 1362.0, 1373.0, 1367.0, 1367.0, 1367.0, 1364.0, 1364.0, 1363.0, 1365.0, 1376.0, 1370.0, 1366.0, 1366.0, 1374.0, 1374.0, 1377.0, 1368.0, 1371.0, 1367.0, 1372.0, 1354.0, 1384.0, 1365.0, 1365.0, 1359.0, 1392.0, 1366.0, 1362.0, 1359.0, 1358.0, 1371.0, 1337.0, 1360.0, 1360.0, 1345.0, 1330.0, 1355.0, 1340.0, 1344.0, 1350.0, 1348.0, 1348.0, 1311.0, 1292.0, 1292.0, 1308.0, 1285.0, 1298.0, 1271.0, 1236.0, 1256.0, 1210.0, 1218.0, 1226.0, 1221.0, 1211.0, 1217.0, 1204.0, 1178.0, 1174.0, 1170.0, 1172.0, 1172.0, 1170.0, 1157.0, 1160.0, 1157.0, 1150.0, 1161.0, 1162.0, 1153.0, 1142.0, 1160.0, 1163.0, 1168.0, 1172.0, 1176.0, 1176.0, 1183.0, 1167.0, 1151.0, 1145.0, 1140.0, 1127.0, 1115.0, 1119.0, 1132.0, 1126.0, 1205.0, 1184.0, 1223.0, 1152.0, 1368.0, 1476.0, 1502.0, 1377.0, 1327.0, 1132.0, 1120.0, 1122.0, 1109.0, 1109.0, 1111.0, 1112.0, 1112.0, 1112.0, 1103.0, 1121.0, 1117.0, 1096.0, 1095.0, 1106.0, 1118.0, 1109.0, 1101.0, 1089.0, 1101.0, 1145.0, 1145.0, 1103.0, 1097.0, 1108.0, 1089.0, 1101.0, 1108.0, 1101.0, 1101.0, 1112.0, 1099.0, 1099.0, 1112.0, 1099.0, 1108.0, 1087.0, 1100.0, 1110.0, 1110.0, 1111.0, 1108.0, 1116.0, 1109.0, 1103.0, 1102.0, 1102.0, 1096.0, 1089.0, 1112.0, 1105.0, 1103.0, 1104.0, 1096.0, 1102.0, 1095.0, 1100.0, 1092.0, 1110.0, 1100.0, 1105.0, 1093.0, 1104.0, 1115.0, 1097.0, 1102.0, 1100.0, 1112.0, 1114.0, 1114.0, 1108.0, 1099.0, 1099.0, 1101.0, 1101.0, 1102.0, 1108.0, 1109.0, 1111.0, 1108.0, 1106.0, 1107.0, 1115.0, 1116.0, 1111.0, 1115.0, 1117.0, 1123.0, 1099.0, 1102.0, 1127.0, 1129.0, 1119.0, 1123.0, 1115.0, 1117.0, 1126.0, 1120.0, 1111.0, 1115.0, 1118.0, 1135.0, 1135.0, 1128.0, 1122.0, 1118.0, 1110.0, 1126.0, 1122.0, 1118.0, 1114.0, 1121.0, 1123.0, 1102.0, 1121.0, 1117.0, 1117.0, 1128.0, 1128.0, 1107.0, 1103.0, 1112.0, 1115.0, 1123.0, 1128.0, 1113.0, 1118.0, 1132.0, 1101.0, 1107.0, 1113.0, 1119.0, 1120.0, 1122.0, 1136.0, 1103.0, 1110.0, 1100.0, 1110.0, 1093.0, 1127.0, 1111.0, 1122.0, 1125.0, 1120.0, 1111.0, 1094.0, 1111.0, 1110.0, 1115.0, 1101.0, 1108.0, 1104.0, 1121.0, 1091.0, 1107.0, 1094.0, 1109.0, 1103.0, 1090.0, 1093.0, 1075.0, 1082.0, 1093.0, 1084.0, 1095.0, 1106.0, 1089.0, 1100.0, 1095.0, 1091.0, 1089.0, 1091.0, 1097.0, 1100.0, 1107.0, 1108.0, 1113.0, 1102.0, 1109.0, 1106.0, 1123.0, 1117.0, 1103.0, 1107.0, 1107.0, 1116.0, 1097.0, 1118.0, 1158.0, 1150.0, 1140.0, 1102.0, 1109.0, 1116.0, 1134.0, 1123.0, 1153.0, 1129.0, 1123.0, 1140.0, 1152.0, 1155.0, 1161.0, 1152.0, 1156.0, 1153.0, 1164.0, 1172.0, 1187.0, 1199.0, 1202.0, 1205.0, 1227.0, 1231.0, 1231.0, 1268.0, 1247.0, 1264.0, 1274.0, 1281.0, 1289.0, 1295.0, 1295.0, 1305.0, 1321.0, 1304.0, 1313.0, 1314.0, 1309.0, 1330.0, 1314.0, 1327.0, 1321.0, 1319.0, 1326.0, 1359.0, 1341.0, 1341.0, 1341.0, 1353.0, 1347.0, 1362.0, 1360.0, 1365.0, 1347.0, 1362.0, 1353.0, 1374.0, 1390.0, 1414.0, 1394.0, 1398.0, 1395.0, 1397.0, 1421.0, 1420.0, 1415.0, 1410.0, 1440.0, 1437.0, 1433.0, 1435.0, 1441.0, 1425.0, 1443.0, 1439.0, 1452.0, 1462.0, 1455.0, 1461.0, 1474.0, 1480.0, 1477.0, 1473.0, 1478.0, 1491.0, 1478.0, 1465.0, 1493.0, 1493.0, 1491.0, 1495.0, 1506.0, 1499.0, 1506.0, 1503.0, 1474.0, 1499.0, 1493.0, 1500.0, 1519.0, 1495.0, 1495.0, 1514.0, 1513.0, 1513.0, 1514.0, 1528.0, 1528.0, 1536.0, 1539.0, 1531.0, 1550.0, 1536.0, 1536.0, 1557.0, 1559.0, 1557.0, 1552.0, 1544.0, 1555.0, 1565.0, 1567.0, 1563.0, 1549.0, 1549.0, 1553.0, 1553.0, 1550.0, 1566.0, 1575.0, 1543.0, 1559.0, 1551.0, 1539.0, 1559.0, 1575.0, 1560.0, 1544.0, 1544.0, 1556.0, 1552.0, 1560.0, 1556.0, 1560.0, 1562.0, 1558.0, 1553.0, 1559.0, 1568.0, 1559.0, 1544.0, 1543.0, 1563.0, 1546.0, 1528.0, 1530.0, 1545.0, 1545.0, 1531.0, 1545.0, 1527.0, 1514.0, 1520.0, 1521.0, 1533.0, 1522.0, 1526.0, 1518.0, 1522.0, 1518.0, 1529.0, 1524.0, 1524.0, 1517.0, 1517.0, 1525.0, 1523.0, 1519.0, 1522.0, 1537.0, 1527.0, 1527.0, 1526.0, 1511.0, 1519.0, 1508.0, 1517.0, 1503.0, 1499.0, 1499.0, 1500.0, 1482.0, 1500.0, 1498.0, 1480.0, 1478.0, 1478.0, 1482.0, 1482.0, 1485.0, 1476.0, 1464.0, 1461.0, 1470.0, 1474.0, 1469.0, 1462.0, 1461.0, 1467.0, 1469.0, 1461.0, 1452.0, 1452.0, 1456.0, 1464.0, 1464.0, 1457.0, 1449.0, 1445.0, 1423.0, 1420.0, 1418.0, 1405.0, 1413.0, 1404.0, 1420.0, 1415.0, 1414.0, 1414.0, 1383.0, 1381.0, 1390.0, 1385.0, 1371.0, 1371.0, 1365.0, 1365.0, 1360.0, 1346.0, 1352.0, 1371.0, 1355.0, 1356.0, 1345.0, 1338.0, 1338.0, 1326.0, 1310.0, 1315.0, 1321.0, 1326.0, 1336.0, 1322.0, 1321.0, 1322.0, 1335.0, 1332.0, 1333.0, 1335.0, 1335.0, 1334.0, 1334.0, 1326.0, 1308.0, 1306.0, 1306.0, 1296.0, 1296.0, 1305.0, 1297.0, 1297.0, 1321.0, 1309.0, 1312.0, 1315.0, 1298.0, 1284.0, 1296.0, 1299.0, 1287.0, 1242.0, 1260.0, 1276.0, 1267.0, 1274.0, 1254.0, 1268.0, 1289.0, 1272.0, 1263.0, 1271.0, 1280.0, 1259.0, 1270.0, 1284.0, 1288.0, 1272.0, 1272.0, 1261.0, 1272.0, 1274.0, 1272.0, 1260.0, 1261.0, 1267.0, 1261.0, 1263.0, 1253.0, 1262.0, 1270.0, 1277.0, 1266.0, 1263.0, 1296.0, 1274.0, 1274.0, 1283.0, 1261.0, 1269.0, 1272.0, 1287.0, 1277.0, 1267.0, 1278.0, 1267.0, 1269.0, 1276.0, 1295.0, 1289.0, 1286.0, 1279.0, 1279.0, 1292.0, 1289.0, 1291.0, 1300.0, 1298.0, 1319.0, 1322.0, 1322.0, 1320.0, 1311.0, 1311.0, 1303.0, 1317.0, 1323.0, 1334.0, 1327.0, 1326.0, 1323.0, 1328.0, 1321.0, 1313.0, 1317.0, 1342.0, 1342.0, 1337.0, 1351.0, 1351.0, 1336.0, 1329.0, 1342.0, 1328.0, 1324.0, 1347.0, 1339.0, 1337.0, 1344.0, 1349.0, 1351.0, 1371.0, 1371.0, 1357.0, 1347.0, 1356.0, 1358.0, 1357.0, 1364.0, 1372.0, 1356.0, 1353.0, 1386.0, 1386.0, 1387.0, 1362.0, 1381.0, 1409.0, 1394.0, 1374.0, 1369.0, 1376.0, 1384.0, 1383.0, 1392.0, 1392.0, 1404.0, 1406.0, 1416.0, 1418.0, 1422.0, 1406.0, 1426.0, 1385.0, 1389.0, 1376.0, 1388.0, 1400.0, 1426.0, 1426.0, 1411.0, 1415.0, 1410.0, 1410.0, 1410.0, 1417.0, 1416.0, 1408.0, 1412.0, 1411.0, 1407.0, 1408.0, 1409.0, 1409.0, 1411.0, 1404.0, 1417.0, 1404.0, 1389.0, 1390.0, 1400.0, 1401.0, 1401.0, 1400.0]