header: 
  seq: 1244
  stamp: 
    secs: 1548820788
    nsecs: 247509132
  frame_id: "base_link"
angle_min: -2.35619449615
angle_max: 2.35619449615
angle_increment: 0.00436332309619
time_increment: 1.73611151695e-05
scan_time: 0.0250000003725
range_min: 0.019999999553
range_max: 30.0
ranges: [0.5, 0.5070000290870667, 0.5009999871253967, 0.5070000290870667, 0.5099999904632568, 0.503000020980835, 0.5109999775886536, 0.5109999775886536, 0.5099999904632568, 0.5070000290870667, 0.5070000290870667, 0.5080000162124634, 0.5080000162124634, 0.5040000081062317, 0.4909999966621399, 0.45399999618530273, 0.42100000381469727, 0.37299999594688416, 0.3269999921321869, 0.30399999022483826, 0.3799999952316284, 0.4129999876022339, 0.4569999873638153, 0.47099998593330383, 0.4790000021457672, 0.4790000021457672, 0.48500001430511475, 0.4869999885559082, 0.4749999940395355, 0.4729999899864197, 0.46299999952316284, 0.4830000102519989, 0.4860000014305115, 0.4869999885559082, 0.4869999885559082, 0.4819999933242798, 0.47600001096725464, 0.47600001096725464, 0.4779999852180481, 0.47600001096725464, 0.4729999899864197, 0.4729999899864197, 0.47099998593330383, 0.4699999988079071, 0.4699999988079071, 0.4650000035762787, 0.4580000042915344, 0.4580000042915344, 0.4560000002384186, 0.4560000002384186, 0.4569999873638153, 0.4580000042915344, 0.45500001311302185, 0.4569999873638153, 0.45399999618530273, 0.453000009059906, 0.4429999887943268, 0.4429999887943268, 0.4490000009536743, 0.4480000138282776, 0.44699999690055847, 0.44600000977516174, 0.44699999690055847, 0.4480000138282776, 0.44699999690055847, 0.4399999976158142, 0.4399999976158142, 0.44200000166893005, 0.4449999928474426, 0.43700000643730164, 0.43299999833106995, 0.43299999833106995, 0.4320000112056732, 0.4300000071525574, 0.43299999833106995, 0.42899999022483826, 0.4320000112056732, 0.43299999833106995, 0.4320000112056732, 0.43299999833106995, 0.43299999833106995, 0.4320000112056732, 0.4259999990463257, 0.4259999990463257, 0.42399999499320984, 0.4189999997615814, 0.4169999957084656, 0.4169999957084656, 0.4169999957084656, 0.414000004529953, 0.414000004529953, 0.42100000381469727, 0.4169999957084656, 0.4169999957084656, 0.4169999957084656, 0.4169999957084656, 0.41100001335144043, 0.4129999876022339, 0.4059999883174896, 0.4099999964237213, 0.40799999237060547, 0.4169999957084656, 0.41200000047683716, 0.41100001335144043, 0.41100001335144043, 0.41200000047683716, 0.41100001335144043, 0.41100001335144043, 0.40299999713897705, 0.39800000190734863, 0.4009999930858612, 0.40700000524520874, 0.4050000011920929, 0.40299999713897705, 0.40299999713897705, 0.40299999713897705, 0.4020000100135803, 0.40299999713897705, 0.40299999713897705, 0.39800000190734863, 0.3959999978542328, 0.39500001072883606, 0.3959999978542328, 0.4020000100135803, 0.4000000059604645, 0.39800000190734863, 0.3970000147819519, 0.39800000190734863, 0.40299999713897705, 0.4090000092983246, 0.3959999978542328, 0.4009999930858612, 0.39800000190734863, 0.39899998903274536, 0.39899998903274536, 0.4000000059604645, 0.39500001072883606, 0.3930000066757202, 0.3930000066757202, 0.3930000066757202, 0.39500001072883606, 0.39500001072883606, 0.39399999380111694, 0.39100000262260437, 0.38499999046325684, 0.38600000739097595, 0.3869999945163727, 0.38999998569488525, 0.38999998569488525, 0.39399999380111694, 0.39100000262260437, 0.38999998569488525, 0.39399999380111694, 0.39100000262260437, 0.38600000739097595, 0.3840000033378601, 0.382999986410141, 0.3880000114440918, 0.3840000033378601, 0.38199999928474426, 0.3790000081062317, 0.37599998712539673, 0.3779999911785126, 0.3799999952316284, 0.3869999945163727, 0.3840000033378601, 0.3840000033378601, 0.3799999952316284, 0.38199999928474426, 0.3779999911785126, 0.37599998712539673, 0.3779999911785126, 0.3799999952316284, 0.3779999911785126, 0.37700000405311584, 0.3779999911785126, 0.3799999952316284, 0.382999986410141, 0.3840000033378601, 0.38100001215934753, 0.3840000033378601, 0.38199999928474426, 0.382999986410141, 0.3840000033378601, 0.38600000739097595, 0.382999986410141, 0.3790000081062317, 0.3720000088214874, 0.37400001287460327, 0.38100001215934753, 0.38499999046325684, 0.38199999928474426, 0.375, 0.375, 0.38100001215934753, 0.38499999046325684, 0.375, 0.37599998712539673, 0.37700000405311584, 0.37700000405311584, 0.3779999911785126, 0.3779999911785126, 0.3799999952316284, 0.382999986410141, 0.3840000033378601, 0.3790000081062317, 0.3709999918937683, 0.36800000071525574, 0.36800000071525574, 0.37400001287460327, 0.375, 0.38199999928474426, 0.38600000739097595, 0.382999986410141, 0.382999986410141, 0.38199999928474426, 0.38199999928474426, 0.38199999928474426, 0.3779999911785126, 0.3779999911785126, 0.37700000405311584, 0.37700000405311584, 0.37599998712539673, 0.37400001287460327, 0.37400001287460327, 0.37400001287460327, 0.37400001287460327, 0.3709999918937683, 0.3790000081062317, 0.3779999911785126, 0.37700000405311584, 0.37299999594688416, 0.37299999594688416, 0.37299999594688416, 0.37299999594688416, 0.37700000405311584, 0.3779999911785126, 0.38199999928474426, 0.3959999978542328, 0.3880000114440918, 0.3799999952316284, 0.37599998712539673, 0.375, 0.375, 0.37599998712539673, 0.37700000405311584, 0.37700000405311584, 0.3790000081062317, 0.382999986410141, 0.3799999952316284, 0.38199999928474426, 0.3790000081062317, 0.3779999911785126, 0.38199999928474426, 0.3930000066757202, 0.3880000114440918, 0.3840000033378601, 0.38199999928474426, 0.3840000033378601, 0.3840000033378601, 0.3889999985694885, 0.3869999945163727, 0.38600000739097595, 0.38999998569488525, 0.38999998569488525, 0.39399999380111694, 0.39399999380111694, 0.3919999897480011, 0.3959999978542328, 0.40299999713897705, 0.4059999883174896, 0.4000000059604645, 0.4009999930858612, 0.39899998903274536, 0.39899998903274536, 0.4009999930858612, 0.41100001335144043, 0.4129999876022339, 0.4099999964237213, 0.4050000011920929, 0.41100001335144043, 0.4169999957084656, 0.4169999957084656, 0.4189999997615814, 0.4180000126361847, 0.42399999499320984, 0.4309999942779541, 0.42800000309944153, 0.42800000309944153, 0.4300000071525574, 0.4300000071525574, 0.43299999833106995, 0.4410000145435333, 0.4449999928474426, 0.4440000057220459, 0.4440000057220459, 0.4440000057220459, 0.45100000500679016, 0.4519999921321869, 0.46000000834465027, 0.4790000021457672, 0.4860000014305115, 0.5170000195503235, 0.5580000281333923, 0.6790000200271606, 0.5149999856948853, 2.388000011444092, 2.375999927520752, 2.3580000400543213, 2.3440001010894775, 2.328000068664551, 2.305999994277954, 2.2960000038146973, 2.2660000324249268, 2.253000020980835, 2.236999988555908, 2.2260000705718994, 2.2149999141693115, 2.197000026702881, 2.181999921798706, 2.1649999618530273, 2.1480000019073486, 2.122999906539917, 2.115999937057495, 2.1070001125335693, 2.1040000915527344, 2.075000047683716, 2.072000026702881, 2.059999942779541, 2.0460000038146973, 2.0380001068115234, 2.0250000953674316, 2.006999969482422, 1.9950000047683716, 1.9780000448226929, 1.9670000076293945, 1.9609999656677246, 1.9539999961853027, 1.9299999475479126, 1.9210000038146973, 1.8980000019073486, 1.8969999551773071, 1.8899999856948853, 1.8769999742507935, 1.871000051498413, 1.8550000190734863, 1.843000054359436, 1.8300000429153442, 1.8259999752044678, 1.8140000104904175, 1.8079999685287476, 1.7979999780654907, 1.7940000295639038, 1.781000018119812, 1.7660000324249268, 1.7580000162124634, 1.7510000467300415, 1.7510000467300415, 1.74399995803833, 1.7259999513626099, 1.715999960899353, 1.715999960899353, 1.7120000123977661, 1.7029999494552612, 1.6890000104904175, 1.6799999475479126, 1.6640000343322754, 1.6540000438690186, 1.649999976158142, 1.6449999809265137, 1.6449999809265137, 1.6430000066757202, 1.6319999694824219, 1.6260000467300415, 1.6119999885559082, 1.6030000448226929, 1.5980000495910645, 1.5959999561309814, 1.5789999961853027, 1.5709999799728394, 1.565000057220459, 1.559999942779541, 1.562000036239624, 1.555999994277954, 1.5449999570846558, 1.5329999923706055, 1.531999945640564, 1.5169999599456787, 1.5149999856948853, 1.5149999856948853, 1.5080000162124634, 1.5010000467300415, 1.496000051498413, 1.49399995803833, 1.4919999837875366, 1.4919999837875366, 1.4839999675750732, 1.4730000495910645, 1.465000033378601, 1.4589999914169312, 1.4570000171661377, 1.4570000171661377, 1.4529999494552612, 1.4459999799728394, 1.4320000410079956, 1.4259999990463257, 1.4249999523162842, 1.4190000295639038, 1.4220000505447388, 1.4190000295639038, 1.4190000295639038, 1.409000039100647, 1.409999966621399, 1.4110000133514404, 1.3930000066757202, 1.3910000324249268, 1.3899999856948853, 1.3899999856948853, 1.3899999856948853, 1.3739999532699585, 1.36899995803833, 1.3569999933242798, 1.3530000448226929, 1.3530000448226929, 1.3519999980926514, 1.347000002861023, 1.3420000076293945, 1.340000033378601, 1.3370000123977661, 1.3289999961853027, 1.3270000219345093, 1.3279999494552612, 1.3209999799728394, 1.319000005722046, 1.319000005722046, 1.3179999589920044, 1.319000005722046, 1.3240000009536743, 1.3200000524520874, 1.3140000104904175, 1.3070000410079956, 1.2979999780654907, 1.2979999780654907, 1.3070000410079956, 1.305999994277954, 1.2990000247955322, 1.2890000343322754, 1.2860000133514404, 1.281000018119812, 1.2790000438690186, 1.2769999504089355, 1.277999997138977, 1.281000018119812, 1.2760000228881836, 1.2730000019073486, 1.2769999504089355, 1.2799999713897705, 1.2730000019073486, 1.2619999647140503, 1.2649999856948853, 1.2649999856948853, 1.2649999856948853, 1.2649999856948853, 1.2649999856948853, 1.2569999694824219, 1.246999979019165, 1.2489999532699585, 1.2489999532699585, 1.2489999532699585, 1.2569999694824219, 1.2480000257492065, 1.246999979019165, 1.2400000095367432, 1.2400000095367432, 1.25, 1.2480000257492065, 1.2430000305175781, 1.2350000143051147, 1.2319999933242798, 1.2309999465942383, 1.2330000400543213, 1.2330000400543213, 1.2339999675750732, 1.2319999933242798, 1.2309999465942383, 1.2300000190734863, 1.2239999771118164, 1.2209999561309814, 1.218000054359436, 1.215000033378601, 1.2120000123977661, 1.2029999494552612, 1.1979999542236328, 1.2000000476837158, 1.2120000123977661, 1.2050000429153442, 1.2000000476837158, 1.1920000314712524, 1.1890000104904175, 1.1929999589920044, 1.190999984741211, 1.190000057220459, 1.1829999685287476, 1.187000036239624, 1.1820000410079956, 1.1749999523162842, 1.1759999990463257, 1.1740000247955322, 1.1679999828338623, 1.1670000553131104, 1.1649999618530273, 1.1670000553131104, 1.1660000085830688, 1.1629999876022339, 1.1610000133514404, 1.156999945640564, 1.1519999504089355, 1.1449999809265137, 1.1510000228881836, 1.1519999504089355, 1.1619999408721924, 1.1440000534057617, 1.1410000324249268, 1.1410000324249268, 1.1399999856948853, 1.1349999904632568, 1.1390000581741333, 1.1299999952316284, 1.13100004196167, 1.1239999532699585, 1.121000051498413, 1.1180000305175781, 1.1139999628067017, 1.1100000143051147, 1.1089999675750732, 1.1039999723434448, 1.1050000190734863, 1.1039999723434448, 1.1100000143051147, 1.1089999675750732, 1.1100000143051147, 1.1009999513626099, 1.090000033378601, 1.0859999656677246, 1.0870000123977661, 1.0859999656677246, 1.0859999656677246, 1.0850000381469727, 1.0850000381469727, 1.0820000171661377, 1.0820000171661377, 1.0789999961853027, 1.0779999494552612, 1.0740000009536743, 1.069000005722046, 1.069000005722046, 1.0670000314712524, 1.0609999895095825, 1.055999994277954, 1.0549999475479126, 1.0499999523162842, 1.0499999523162842, 1.0499999523162842, 1.0440000295639038, 1.0440000295639038, 1.0390000343322754, 1.0379999876022339, 1.0420000553131104, 1.0240000486373901, 1.0199999809265137, 1.0269999504089355, 1.027999997138977, 1.0210000276565552, 1.0140000581741333, 1.0089999437332153, 1.0099999904632568, 1.0080000162124634, 1.0010000467300415, 1.0049999952316284, 1.0019999742507935, 0.9990000128746033, 0.9959999918937683, 0.9959999918937683, 0.9929999709129333, 0.9829999804496765, 0.984000027179718, 0.984000027179718, 0.9800000190734863, 0.9739999771118164, 0.9769999980926514, 0.972000002861023, 0.9729999899864197, 0.9739999771118164, 0.9679999947547913, 0.9629999995231628, 0.9620000123977661, 0.9559999704360962, 0.9570000171661377, 0.9589999914169312, 0.9539999961853027, 0.9470000267028809, 0.9440000057220459, 0.9459999799728394, 0.9440000057220459, 0.9449999928474426, 0.9440000057220459, 0.9419999718666077, 0.9350000023841858, 0.9309999942779541, 0.9330000281333923, 0.9290000200271606, 0.925000011920929, 0.9179999828338623, 0.9190000295639038, 0.9129999876022339, 0.9100000262260437, 0.9079999923706055, 0.9079999923706055, 0.9070000052452087, 0.9039999842643738, 0.8989999890327454, 0.8980000019073486, 0.8989999890327454, 0.8970000147819519, 0.8920000195503235, 0.8859999775886536, 0.8859999775886536, 0.8849999904632568, 0.8849999904632568, 0.8830000162124634, 0.8830000162124634, 0.8799999952316284, 0.8740000128746033, 0.875, 0.875, 0.8730000257492065, 0.8629999756813049, 0.8650000095367432, 0.8659999966621399, 0.8610000014305115, 0.8539999723434448, 0.8519999980926514, 0.8510000109672546, 0.8500000238418579, 0.8510000109672546, 0.8460000157356262, 0.843999981880188, 0.8479999899864197, 0.8519999980926514, 0.8410000205039978, 0.8360000252723694, 0.8370000123977661, 0.8379999995231628, 0.8379999995231628, 0.8330000042915344, 0.8230000138282776, 0.8220000267028809, 0.8169999718666077, 0.8169999718666077, 0.8230000138282776, 0.8190000057220459, 0.8090000152587891, 0.8059999942779541, 0.800000011920929, 0.7990000247955322, 0.8019999861717224, 0.8040000200271606, 0.8019999861717224, 0.796999990940094, 0.7919999957084656, 0.7850000262260437, 0.7799999713897705, 0.781000018119812, 0.7950000166893005, 0.7760000228881836, 0.7770000100135803, 0.781000018119812, 0.7749999761581421, 0.7689999938011169, 0.7649999856948853, 0.7639999985694885, 0.765999972820282, 0.7649999856948853, 0.7639999985694885, 0.7559999823570251, 0.7630000114440918, 0.7630000114440918, 0.7379999756813049, 0.7350000143051147, 0.7519999742507935, 0.7540000081062317, 0.7379999756813049, 0.746999979019165, 0.7400000095367432, 0.7369999885559082, 0.7329999804496765, 0.7329999804496765, 0.7329999804496765, 0.7360000014305115, 0.7310000061988831, 0.7289999723434448, 0.7269999980926514, 0.718999981880188, 0.7200000286102295, 0.7170000076293945, 0.7039999961853027, 0.7089999914169312, 0.703000009059906, 0.7020000219345093, 0.7009999752044678, 0.703000009059906, 0.6949999928474426, 0.7009999752044678, 0.6909999847412109, 0.6959999799728394, 0.6959999799728394, 0.6990000009536743, 0.6990000009536743, 0.6940000057220459, 0.6909999847412109, 0.6800000071525574, 0.675000011920929, 0.675000011920929, 0.675000011920929, 0.6819999814033508, 0.6819999814033508, 0.6740000247955322, 0.6610000133514404, 0.6690000295639038, 0.6669999957084656, 0.6620000004768372, 0.6579999923706055, 0.6570000052452087, 0.6549999713897705, 0.6549999713897705, 0.6579999923706055, 0.6570000052452087, 0.6539999842643738, 0.6480000019073486, 0.6489999890327454, 0.6470000147819519, 0.6470000147819519, 0.6460000276565552, 0.6470000147819519, 0.6470000147819519, 0.6430000066757202, 0.6370000243186951, 0.6359999775886536, 0.6330000162124634, 0.6320000290870667, 0.6299999952316284, 0.628000020980835, 0.6269999742507935, 0.625, 0.6230000257492065, 0.6230000257492065, 0.6209999918937683, 0.6190000176429749, 0.6209999918937683, 0.6209999918937683, 0.6179999709129333, 0.6119999885559082, 0.609000027179718, 0.609000027179718, 0.6159999966621399, 0.6129999756813049, 0.6100000143051147, 0.6029999852180481, 0.6029999852180481, 0.6050000190734863, 0.6010000109672546, 0.593999981880188, 0.593999981880188, 0.5960000157356262, 0.597000002861023, 0.5899999737739563, 0.5839999914169312, 0.5879999995231628, 0.5899999737739563, 0.5889999866485596, 0.5809999704360962, 0.5789999961853027, 0.5830000042915344, 0.5830000042915344, 0.5709999799728394, 0.5669999718666077, 0.5669999718666077, 0.5680000185966492, 0.5740000009536743, 0.574999988079071, 0.5730000138282776, 0.5699999928474426, 0.5699999928474426, 0.5690000057220459, 0.5669999718666077, 0.5630000233650208, 0.5609999895095825, 0.5580000281333923, 0.5569999814033508, 0.5590000152587891, 0.5600000023841858, 0.5600000023841858, 0.5600000023841858, 0.5590000152587891, 0.5550000071525574, 0.5479999780654907, 0.5450000166893005, 0.5519999861717224, 0.5490000247955322, 0.546999990940094, 0.5450000166893005, 0.5419999957084656, 0.5350000262260437, 0.531000018119812, 0.5329999923706055, 0.5490000247955322, 0.5370000004768372, 0.5389999747276306, 0.5370000004768372, 0.5419999957084656, 0.5460000038146973, 0.5460000038146973, 0.5350000262260437, 0.5350000262260437, 0.5429999828338623, 0.5440000295639038, 0.5419999957084656, 0.5410000085830688, 0.5370000004768372, 0.5370000004768372, 0.5350000262260437, 0.5350000262260437, 0.5329999923706055, 0.5299999713897705, 0.5270000100135803, 0.5270000100135803, 0.527999997138977, 0.531000018119812, 0.5320000052452087, 0.5320000052452087, 0.5329999923706055, 0.5270000100135803, 0.527999997138977, 0.5230000019073486, 0.5220000147819519, 0.5220000147819519, 0.5270000100135803, 0.5329999923706055, 0.5289999842643738, 0.5220000147819519, 0.5189999938011169, 0.5189999938011169, 0.5189999938011169, 0.5189999938011169, 0.5189999938011169, 0.5210000276565552, 0.5189999938011169, 0.515999972820282, 0.5139999985694885, 0.5139999985694885, 0.5120000243186951, 0.5109999775886536, 0.5130000114440918, 0.5170000195503235, 0.5149999856948853, 0.5149999856948853, 0.5130000114440918, 0.5180000066757202, 0.5199999809265137, 0.5220000147819519, 0.5210000276565552, 0.5189999938011169, 0.5189999938011169, 0.5189999938011169, 0.5149999856948853, 0.5099999904632568, 0.5130000114440918, 0.515999972820282, 0.515999972820282, 0.515999972820282, 0.515999972820282, 0.515999972820282, 0.515999972820282, 0.5180000066757202, 0.5180000066757202, 0.5109999775886536, 0.5109999775886536, 0.5090000033378601, 0.5070000290870667, 0.5090000033378601, 0.5090000033378601, 0.5120000243186951, 0.5070000290870667, 0.5099999904632568, 0.5090000033378601, 0.5099999904632568, 0.5130000114440918, 0.5230000019073486, 0.5249999761581421, 0.5139999985694885, 0.5109999775886536, 0.5109999775886536, 0.5109999775886536, 0.5139999985694885, 0.5090000033378601, 0.5109999775886536, 0.5099999904632568, 0.5099999904632568, 0.5080000162124634, 0.5090000033378601, 0.5099999904632568, 0.5120000243186951, 0.5139999985694885, 0.5149999856948853, 0.5149999856948853, 0.515999972820282, 0.503000020980835, 0.503000020980835, 0.5049999952316284, 0.5059999823570251, 0.5090000033378601, 0.5070000290870667, 0.5090000033378601, 0.5080000162124634, 0.5040000081062317, 0.5040000081062317, 0.5080000162124634, 0.5059999823570251, 0.5049999952316284, 0.5149999856948853, 0.5149999856948853, 0.5090000033378601, 0.5109999775886536, 0.5139999985694885, 0.5139999985694885, 0.5109999775886536, 0.5080000162124634, 0.5120000243186951, 0.5080000162124634, 0.5080000162124634, 0.5090000033378601, 0.5109999775886536, 0.5139999985694885, 0.515999972820282, 0.5170000195503235, 0.5099999904632568, 0.5139999985694885, 0.5139999985694885, 0.515999972820282, 0.515999972820282, 0.5180000066757202, 0.515999972820282, 0.5099999904632568, 0.5130000114440918, 0.5170000195503235, 0.5249999761581421, 0.5270000100135803, 0.5230000019073486, 0.531000018119812, 0.5249999761581421, 0.5230000019073486, 0.5210000276565552, 0.5180000066757202, 0.5170000195503235, 0.5230000019073486, 0.5239999890327454, 0.5270000100135803, 0.5260000228881836, 0.5270000100135803, 0.5260000228881836, 0.5270000100135803, 0.5270000100135803, 0.5260000228881836, 0.5329999923706055, 0.5320000052452087, 0.5320000052452087, 0.5339999794960022, 0.5329999923706055, 0.5289999842643738, 0.531000018119812, 0.5329999923706055, 0.5329999923706055, 0.5370000004768372, 0.5350000262260437, 0.5450000166893005, 0.5490000247955322, 0.5540000200271606, 0.5410000085830688, 0.5389999747276306, 0.5490000247955322, 0.5519999861717224, 0.5580000281333923, 0.5509999990463257, 0.5460000038146973, 0.5450000166893005, 0.5429999828338623, 0.550000011920929, 0.5509999990463257, 0.5559999942779541, 0.5540000200271606, 0.5509999990463257, 0.5519999861717224, 0.5550000071525574, 0.5640000104904175, 0.5699999928474426, 0.5699999928474426, 0.5659999847412109, 0.5680000185966492, 0.5690000057220459, 0.5730000138282776, 0.5709999799728394, 0.5649999976158142, 0.5640000104904175, 0.5640000104904175, 0.5649999976158142, 0.5619999766349792, 0.5619999766349792, 0.5619999766349792, 0.5619999766349792, 0.5640000104904175, 0.5659999847412109, 0.5699999928474426, 0.5699999928474426, 0.5799999833106995, 0.578000009059906, 0.574999988079071, 0.5759999752044678, 0.5789999961853027, 0.5809999704360962, 0.5799999833106995, 0.574999988079071, 0.5709999799728394, 0.5720000267028809, 0.574999988079071, 0.5799999833106995, 0.5839999914169312, 0.5830000042915344, 0.5910000205039978, 0.5950000286102295, 0.6000000238418579, 0.6039999723434448, 0.6010000109672546, 0.6019999980926514, 0.6019999980926514, 0.5989999771118164, 0.5950000286102295, 0.5960000157356262, 0.597000002861023, 0.6000000238418579, 0.6019999980926514, 0.6060000061988831, 0.6010000109672546, 0.5989999771118164, 0.5989999771118164, 0.6060000061988831, 0.6060000061988831, 0.6060000061988831, 0.6110000014305115, 0.6179999709129333, 0.6179999709129333, 0.6209999918937683, 0.6209999918937683, 0.6209999918937683, 0.625, 0.628000020980835, 0.6299999952316284, 0.6370000243186951, 0.640999972820282, 0.6499999761581421, 0.6520000100135803, 0.6510000228881836, 0.6510000228881836, 0.6449999809265137, 0.6449999809265137, 0.652999997138977, 0.6610000133514404, 0.6669999957084656, 0.6650000214576721, 0.6629999876022339, 0.6690000295639038, 0.6729999780654907]
intensities: [1057.0, 1099.0, 1129.0, 1154.0, 1185.0, 1172.0, 1307.0, 1335.0, 1350.0, 1368.0, 1368.0, 1433.0, 1412.0, 1403.0, 1297.0, 1171.0, 1082.0, 974.0, 933.0, 858.0, 956.0, 1003.0, 1089.0, 1107.0, 1097.0, 1097.0, 1074.0, 1069.0, 1047.0, 1112.0, 1107.0, 1293.0, 1328.0, 1425.0, 1484.0, 1512.0, 1588.0, 1588.0, 1602.0, 1611.0, 1621.0, 1621.0, 1613.0, 1624.0, 1627.0, 1635.0, 1632.0, 1632.0, 1661.0, 1661.0, 1617.0, 1623.0, 1623.0, 1620.0, 1623.0, 1611.0, 1612.0, 1604.0, 1596.0, 1595.0, 1594.0, 1573.0, 1570.0, 1605.0, 1611.0, 1595.0, 1587.0, 1612.0, 1610.0, 1607.0, 1583.0, 1605.0, 1580.0, 1573.0, 1572.0, 1564.0, 1562.0, 1564.0, 1560.0, 1569.0, 1569.0, 1568.0, 1564.0, 1560.0, 1558.0, 1541.0, 1551.0, 1536.0, 1542.0, 1529.0, 1529.0, 1531.0, 1531.0, 1522.0, 1527.0, 1520.0, 1520.0, 1518.0, 1525.0, 1528.0, 1529.0, 1508.0, 1509.0, 1521.0, 1521.0, 1515.0, 1510.0, 1510.0, 1507.0, 1507.0, 1512.0, 1514.0, 1512.0, 1511.0, 1511.0, 1511.0, 1492.0, 1505.0, 1505.0, 1488.0, 1488.0, 1492.0, 1470.0, 1484.0, 1479.0, 1464.0, 1461.0, 1449.0, 1452.0, 1461.0, 1456.0, 1460.0, 1439.0, 1440.0, 1440.0, 1411.0, 1424.0, 1411.0, 1411.0, 1422.0, 1415.0, 1406.0, 1415.0, 1408.0, 1384.0, 1394.0, 1379.0, 1364.0, 1364.0, 1363.0, 1370.0, 1362.0, 1334.0, 1333.0, 1337.0, 1342.0, 1337.0, 1342.0, 1311.0, 1291.0, 1292.0, 1294.0, 1308.0, 1323.0, 1315.0, 1329.0, 1329.0, 1314.0, 1314.0, 1306.0, 1288.0, 1302.0, 1294.0, 1287.0, 1281.0, 1287.0, 1276.0, 1277.0, 1288.0, 1277.0, 1289.0, 1281.0, 1287.0, 1281.0, 1268.0, 1272.0, 1285.0, 1260.0, 1272.0, 1260.0, 1258.0, 1259.0, 1260.0, 1252.0, 1251.0, 1258.0, 1238.0, 1261.0, 1259.0, 1259.0, 1251.0, 1251.0, 1252.0, 1242.0, 1246.0, 1236.0, 1237.0, 1217.0, 1203.0, 1220.0, 1213.0, 1220.0, 1235.0, 1213.0, 1213.0, 1236.0, 1238.0, 1238.0, 1230.0, 1205.0, 1198.0, 1201.0, 1223.0, 1193.0, 1193.0, 1218.0, 1218.0, 1177.0, 1189.0, 1182.0, 1175.0, 1163.0, 1171.0, 1166.0, 1166.0, 1173.0, 1166.0, 1164.0, 1183.0, 1173.0, 1175.0, 1178.0, 1179.0, 1179.0, 1181.0, 1170.0, 1173.0, 1183.0, 1194.0, 1161.0, 1166.0, 1159.0, 1162.0, 1154.0, 1166.0, 1152.0, 1157.0, 1144.0, 1153.0, 1153.0, 1147.0, 1139.0, 1144.0, 1145.0, 1145.0, 1143.0, 1135.0, 1138.0, 1138.0, 1132.0, 1137.0, 1142.0, 1136.0, 1125.0, 1125.0, 1128.0, 1132.0, 1132.0, 1153.0, 1135.0, 1129.0, 1121.0, 1121.0, 1137.0, 1124.0, 1131.0, 1139.0, 1123.0, 1103.0, 1096.0, 1092.0, 1094.0, 1099.0, 1106.0, 1098.0, 1098.0, 1098.0, 1118.0, 1086.0, 1069.0, 1035.0, 1036.0, 1184.0, 1222.0, 1587.0, 435.0, 891.0, 882.0, 904.0, 899.0, 902.0, 901.0, 917.0, 932.0, 939.0, 937.0, 939.0, 944.0, 930.0, 933.0, 931.0, 942.0, 929.0, 930.0, 928.0, 948.0, 933.0, 940.0, 937.0, 943.0, 952.0, 954.0, 953.0, 960.0, 977.0, 960.0, 972.0, 972.0, 969.0, 981.0, 995.0, 1006.0, 1005.0, 995.0, 995.0, 988.0, 988.0, 990.0, 995.0, 985.0, 992.0, 995.0, 994.0, 1010.0, 1015.0, 1009.0, 1008.0, 1026.0, 1023.0, 1036.0, 1038.0, 1041.0, 1046.0, 1055.0, 1056.0, 1078.0, 1057.0, 1069.0, 1072.0, 1073.0, 1073.0, 1073.0, 1074.0, 1089.0, 1094.0, 1102.0, 1100.0, 1106.0, 1103.0, 1102.0, 1090.0, 1098.0, 1103.0, 1108.0, 1122.0, 1100.0, 1114.0, 1105.0, 1108.0, 1108.0, 1110.0, 1101.0, 1100.0, 1101.0, 1102.0, 1104.0, 1109.0, 1097.0, 1093.0, 1087.0, 1101.0, 1098.0, 1089.0, 1101.0, 1088.0, 1101.0, 1126.0, 1091.0, 1111.0, 1113.0, 1113.0, 1088.0, 1095.0, 1117.0, 1088.0, 1089.0, 1086.0, 1086.0, 1088.0, 1097.0, 1117.0, 1113.0, 1114.0, 1110.0, 1126.0, 1138.0, 1134.0, 1135.0, 1148.0, 1110.0, 1111.0, 1110.0, 1125.0, 1128.0, 1128.0, 1161.0, 1170.0, 1174.0, 1180.0, 1192.0, 1195.0, 1207.0, 1207.0, 1199.0, 1197.0, 1224.0, 1215.0, 1217.0, 1219.0, 1240.0, 1238.0, 1238.0, 1233.0, 1237.0, 1241.0, 1249.0, 1252.0, 1266.0, 1257.0, 1264.0, 1264.0, 1264.0, 1274.0, 1276.0, 1277.0, 1263.0, 1288.0, 1288.0, 1292.0, 1280.0, 1279.0, 1292.0, 1293.0, 1293.0, 1303.0, 1299.0, 1292.0, 1289.0, 1294.0, 1298.0, 1297.0, 1295.0, 1299.0, 1298.0, 1304.0, 1323.0, 1327.0, 1310.0, 1316.0, 1307.0, 1303.0, 1319.0, 1309.0, 1302.0, 1309.0, 1306.0, 1306.0, 1313.0, 1310.0, 1316.0, 1324.0, 1314.0, 1311.0, 1316.0, 1308.0, 1312.0, 1337.0, 1320.0, 1326.0, 1319.0, 1311.0, 1323.0, 1325.0, 1319.0, 1320.0, 1318.0, 1326.0, 1322.0, 1319.0, 1315.0, 1313.0, 1315.0, 1324.0, 1324.0, 1322.0, 1316.0, 1328.0, 1331.0, 1331.0, 1339.0, 1333.0, 1333.0, 1323.0, 1336.0, 1331.0, 1326.0, 1335.0, 1326.0, 1319.0, 1329.0, 1329.0, 1326.0, 1332.0, 1336.0, 1343.0, 1345.0, 1345.0, 1347.0, 1352.0, 1353.0, 1355.0, 1338.0, 1345.0, 1368.0, 1357.0, 1362.0, 1370.0, 1382.0, 1369.0, 1369.0, 1371.0, 1369.0, 1369.0, 1378.0, 1378.0, 1381.0, 1373.0, 1378.0, 1378.0, 1394.0, 1374.0, 1377.0, 1374.0, 1397.0, 1406.0, 1406.0, 1398.0, 1391.0, 1391.0, 1395.0, 1400.0, 1408.0, 1399.0, 1396.0, 1389.0, 1383.0, 1377.0, 1378.0, 1382.0, 1398.0, 1401.0, 1414.0, 1411.0, 1394.0, 1398.0, 1409.0, 1400.0, 1405.0, 1407.0, 1400.0, 1405.0, 1413.0, 1409.0, 1407.0, 1418.0, 1435.0, 1436.0, 1436.0, 1433.0, 1438.0, 1432.0, 1451.0, 1454.0, 1450.0, 1452.0, 1451.0, 1465.0, 1458.0, 1451.0, 1455.0, 1448.0, 1459.0, 1460.0, 1458.0, 1465.0, 1466.0, 1462.0, 1462.0, 1464.0, 1464.0, 1464.0, 1477.0, 1487.0, 1496.0, 1496.0, 1486.0, 1480.0, 1485.0, 1482.0, 1488.0, 1489.0, 1491.0, 1490.0, 1491.0, 1512.0, 1506.0, 1501.0, 1499.0, 1503.0, 1506.0, 1509.0, 1508.0, 1513.0, 1513.0, 1506.0, 1497.0, 1514.0, 1505.0, 1505.0, 1510.0, 1524.0, 1524.0, 1529.0, 1537.0, 1541.0, 1535.0, 1537.0, 1533.0, 1534.0, 1538.0, 1561.0, 1552.0, 1561.0, 1537.0, 1561.0, 1553.0, 1547.0, 1553.0, 1563.0, 1565.0, 1564.0, 1558.0, 1559.0, 1568.0, 1562.0, 1579.0, 1579.0, 1575.0, 1577.0, 1577.0, 1583.0, 1590.0, 1588.0, 1586.0, 1568.0, 1581.0, 1581.0, 1563.0, 1570.0, 1574.0, 1594.0, 1578.0, 1574.0, 1592.0, 1582.0, 1587.0, 1604.0, 1599.0, 1596.0, 1606.0, 1622.0, 1609.0, 1617.0, 1621.0, 1622.0, 1622.0, 1619.0, 1612.0, 1601.0, 1603.0, 1606.0, 1610.0, 1612.0, 1606.0, 1620.0, 1620.0, 1604.0, 1634.0, 1603.0, 1608.0, 1616.0, 1620.0, 1611.0, 1616.0, 1616.0, 1591.0, 1602.0, 1609.0, 1620.0, 1636.0, 1630.0, 1633.0, 1603.0, 1612.0, 1621.0, 1613.0, 1628.0, 1636.0, 1629.0, 1625.0, 1625.0, 1615.0, 1628.0, 1622.0, 1616.0, 1616.0, 1634.0, 1656.0, 1657.0, 1657.0, 1625.0, 1612.0, 1615.0, 1615.0, 1588.0, 1603.0, 1608.0, 1621.0, 1621.0, 1618.0, 1617.0, 1605.0, 1584.0, 1571.0, 1585.0, 1595.0, 1595.0, 1596.0, 1586.0, 1587.0, 1596.0, 1602.0, 1602.0, 1600.0, 1622.0, 1614.0, 1594.0, 1592.0, 1584.0, 1580.0, 1589.0, 1603.0, 1608.0, 1604.0, 1612.0, 1606.0, 1601.0, 1584.0, 1570.0, 1574.0, 1553.0, 1553.0, 1547.0, 1581.0, 1575.0, 1579.0, 1571.0, 1589.0, 1576.0, 1563.0, 1573.0, 1570.0, 1560.0, 1556.0, 1547.0, 1555.0, 1543.0, 1548.0, 1552.0, 1544.0, 1555.0, 1557.0, 1562.0, 1562.0, 1536.0, 1543.0, 1541.0, 1540.0, 1549.0, 1547.0, 1554.0, 1554.0, 1541.0, 1530.0, 1523.0, 1523.0, 1522.0, 1507.0, 1493.0, 1493.0, 1511.0, 1506.0, 1514.0, 1486.0, 1490.0, 1492.0, 1495.0, 1487.0, 1478.0, 1477.0, 1470.0, 1461.0, 1470.0, 1470.0, 1467.0, 1469.0, 1470.0, 1465.0, 1487.0, 1487.0, 1465.0, 1448.0, 1488.0, 1477.0, 1466.0, 1466.0, 1465.0, 1463.0, 1456.0, 1455.0, 1449.0, 1438.0, 1433.0, 1433.0, 1423.0, 1428.0, 1423.0, 1421.0, 1407.0, 1421.0, 1405.0, 1405.0, 1407.0, 1380.0, 1380.0, 1384.0, 1392.0, 1390.0, 1386.0, 1384.0, 1388.0, 1382.0, 1365.0, 1359.0, 1358.0, 1374.0, 1371.0, 1368.0, 1375.0, 1354.0, 1334.0, 1334.0, 1334.0, 1334.0, 1347.0, 1357.0, 1332.0, 1325.0, 1327.0, 1327.0, 1323.0, 1328.0, 1335.0, 1326.0, 1312.0, 1318.0, 1302.0, 1302.0, 1310.0, 1315.0, 1314.0, 1294.0, 1289.0, 1286.0, 1311.0, 1311.0, 1284.0, 1283.0, 1282.0, 1269.0, 1269.0, 1289.0, 1280.0, 1271.0, 1297.0, 1280.0, 1286.0, 1271.0, 1262.0, 1259.0, 1269.0, 1253.0, 1249.0, 1265.0, 1273.0, 1268.0, 1272.0, 1271.0, 1270.0, 1265.0, 1264.0, 1265.0, 1242.0, 1262.0, 1269.0, 1282.0, 1294.0, 1262.0, 1283.0, 1249.0, 1257.0, 1261.0, 1248.0, 1253.0, 1248.0, 1259.0, 1272.0, 1270.0, 1274.0, 1266.0, 1275.0, 1275.0, 1256.0, 1305.0, 1296.0, 1287.0, 1291.0, 1282.0, 1268.0, 1286.0, 1282.0, 1292.0, 1293.0, 1299.0, 1285.0, 1290.0, 1314.0, 1312.0, 1309.0, 1317.0, 1319.0, 1325.0, 1325.0, 1323.0, 1321.0, 1315.0, 1326.0, 1314.0, 1321.0, 1311.0, 1303.0, 1318.0, 1338.0, 1342.0, 1333.0, 1328.0, 1325.0, 1351.0, 1344.0, 1334.0, 1335.0, 1329.0, 1335.0, 1342.0, 1343.0, 1338.0, 1338.0, 1338.0, 1337.0, 1342.0, 1351.0, 1369.0, 1343.0, 1383.0, 1364.0, 1358.0, 1374.0, 1357.0, 1362.0, 1359.0, 1361.0, 1338.0, 1342.0, 1344.0, 1334.0, 1356.0, 1344.0, 1371.0, 1348.0, 1345.0, 1344.0, 1352.0, 1362.0, 1366.0, 1366.0, 1363.0, 1376.0, 1390.0, 1400.0, 1400.0, 1403.0, 1405.0, 1426.0, 1407.0, 1411.0, 1420.0, 1426.0, 1421.0, 1417.0, 1412.0, 1402.0, 1410.0, 1414.0, 1414.0, 1416.0, 1415.0, 1415.0, 1390.0, 1395.0, 1390.0, 1377.0, 1379.0, 1361.0, 1361.0, 1378.0, 1365.0, 1378.0, 1368.0, 1373.0, 1366.0, 1351.0]