header: 
  seq: 2760
  stamp: 
    secs: 1548820826
    nsecs: 224001652
  frame_id: "base_link"
angle_min: -2.35619449615
angle_max: 2.35619449615
angle_increment: 0.00436332309619
time_increment: 1.73611151695e-05
scan_time: 0.0250000003725
range_min: 0.019999999553
range_max: 30.0
ranges: [0.4320000112056732, 0.42800000309944153, 0.42899999022483826, 0.43299999833106995, 0.4429999887943268, 0.44200000166893005, 0.44600000977516174, 0.4449999928474426, 0.44200000166893005, 0.4429999887943268, 0.44200000166893005, 0.44200000166893005, 0.43700000643730164, 0.42399999499320984, 0.42100000381469727, 0.39100000262260437, 0.3659999966621399, 0.35899999737739563, 0.2840000092983246, 0.25600001215934753, 0.3619999885559082, 0.40400001406669617, 0.41499999165534973, 0.42100000381469727, 0.4169999957084656, 0.4189999997615814, 0.4099999964237213, 0.4129999876022339, 0.4099999964237213, 0.40799999237060547, 0.40400001406669617, 0.41499999165534973, 0.41499999165534973, 0.41499999165534973, 0.4059999883174896, 0.40400001406669617, 0.3970000147819519, 0.39899998903274536, 0.4090000092983246, 0.4090000092983246, 0.4059999883174896, 0.39899998903274536, 0.3970000147819519, 0.40299999713897705, 0.39899998903274536, 0.39899998903274536, 0.39899998903274536, 0.39899998903274536, 0.39899998903274536, 0.4020000100135803, 0.4020000100135803, 0.4009999930858612, 0.4009999930858612, 0.39800000190734863, 0.39500001072883606, 0.3930000066757202, 0.3919999897480011, 0.3930000066757202, 0.39399999380111694, 0.3930000066757202, 0.3930000066757202, 0.4009999930858612, 0.3930000066757202, 0.3880000114440918, 0.382999986410141, 0.3959999978542328, 0.3930000066757202, 0.38199999928474426, 0.38199999928474426, 0.38499999046325684, 0.38499999046325684, 0.38600000739097595, 0.38100001215934753, 0.3880000114440918, 0.3799999952316284, 0.3790000081062317, 0.3779999911785126, 0.382999986410141, 0.3880000114440918, 0.3869999945163727, 0.3869999945163727, 0.38199999928474426, 0.38199999928474426, 0.3840000033378601, 0.38199999928474426, 0.3880000114440918, 0.38199999928474426, 0.3799999952316284, 0.3779999911785126, 0.3779999911785126, 0.3799999952316284, 0.3799999952316284, 0.38199999928474426, 0.3779999911785126, 0.37599998712539673, 0.375, 0.37599998712539673, 0.3779999911785126, 0.38100001215934753, 0.3799999952316284, 0.3799999952316284, 0.3779999911785126, 0.3779999911785126, 0.3779999911785126, 0.367000013589859, 0.36899998784065247, 0.3709999918937683, 0.375, 0.3709999918937683, 0.36899998784065247, 0.37299999594688416, 0.37700000405311584, 0.375, 0.37400001287460327, 0.37599998712539673, 0.37599998712539673, 0.3720000088214874, 0.3720000088214874, 0.36800000071525574, 0.367000013589859, 0.3659999966621399, 0.3659999966621399, 0.36500000953674316, 0.36899998784065247, 0.3659999966621399, 0.35899999737739563, 0.36500000953674316, 0.36500000953674316, 0.36500000953674316, 0.367000013589859, 0.36800000071525574, 0.367000013589859, 0.367000013589859, 0.3610000014305115, 0.3619999885559082, 0.36500000953674316, 0.36500000953674316, 0.3659999966621399, 0.3659999966621399, 0.36399999260902405, 0.3619999885559082, 0.3659999966621399, 0.3659999966621399, 0.36899998784065247, 0.36899998784065247, 0.36899998784065247, 0.36899998784065247, 0.3619999885559082, 0.36800000071525574, 0.36399999260902405, 0.36399999260902405, 0.3540000021457672, 0.3540000021457672, 0.3580000102519989, 0.3630000054836273, 0.3569999933242798, 0.3540000021457672, 0.35499998927116394, 0.36399999260902405, 0.3610000014305115, 0.36399999260902405, 0.3630000054836273, 0.35600000619888306, 0.35899999737739563, 0.35100001096725464, 0.35899999737739563, 0.35100001096725464, 0.35199999809265137, 0.35499998927116394, 0.3580000102519989, 0.35899999737739563, 0.3619999885559082, 0.36000001430511475, 0.3619999885559082, 0.36399999260902405, 0.36000001430511475, 0.35600000619888306, 0.3630000054836273, 0.3610000014305115, 0.35499998927116394, 0.3580000102519989, 0.3610000014305115, 0.3610000014305115, 0.35899999737739563, 0.3529999852180481, 0.35100001096725464, 0.3449999988079071, 0.3479999899864197, 0.35600000619888306, 0.35499998927116394, 0.35100001096725464, 0.3529999852180481, 0.35899999737739563, 0.35499998927116394, 0.3580000102519989, 0.35600000619888306, 0.3499999940395355, 0.35199999809265137, 0.3499999940395355, 0.3400000035762787, 0.3400000035762787, 0.34599998593330383, 0.3499999940395355, 0.3499999940395355, 0.3479999899864197, 0.35199999809265137, 0.35199999809265137, 0.3580000102519989, 0.3569999933242798, 0.3580000102519989, 0.3569999933242798, 0.35600000619888306, 0.35199999809265137, 0.36800000071525574, 0.3529999852180481, 0.3499999940395355, 0.3479999899864197, 0.3479999899864197, 0.3569999933242798, 0.3569999933242798, 0.3569999933242798, 0.35199999809265137, 0.3540000021457672, 0.3569999933242798, 0.36000001430511475, 0.35499998927116394, 0.3499999940395355, 0.3580000102519989, 0.3619999885559082, 0.3610000014305115, 0.3580000102519989, 0.3580000102519989, 0.35600000619888306, 0.3540000021457672, 0.3610000014305115, 0.367000013589859, 0.3630000054836273, 0.36500000953674316, 0.3630000054836273, 0.3659999966621399, 0.3709999918937683, 0.3700000047683716, 0.36899998784065247, 0.3659999966621399, 0.367000013589859, 0.367000013589859, 0.3659999966621399, 0.3630000054836273, 0.36500000953674316, 0.3700000047683716, 0.3610000014305115, 0.36800000071525574, 0.36800000071525574, 0.37599998712539673, 0.38199999928474426, 0.38100001215934753, 0.3720000088214874, 0.3779999911785126, 0.375, 0.3779999911785126, 0.37599998712539673, 0.37599998712539673, 0.3840000033378601, 0.3840000033378601, 0.3880000114440918, 0.39500001072883606, 0.39500001072883606, 0.3889999985694885, 0.38499999046325684, 0.39100000262260437, 0.39100000262260437, 0.3880000114440918, 0.3889999985694885, 0.3970000147819519, 0.39800000190734863, 0.3970000147819519, 0.3919999897480011, 0.3880000114440918, 0.39100000262260437, 0.3959999978542328, 0.39800000190734863, 0.39800000190734863, 0.3959999978542328, 0.39500001072883606, 0.3959999978542328, 0.39800000190734863, 0.39899998903274536, 0.4009999930858612, 0.4000000059604645, 0.4059999883174896, 0.40799999237060547, 0.4050000011920929, 0.4050000011920929, 0.40400001406669617, 0.4169999957084656, 0.42500001192092896, 0.42800000309944153, 0.421999990940094, 0.41600000858306885, 0.42100000381469727, 0.42100000381469727, 0.4320000112056732, 0.4300000071525574, 0.4300000071525574, 0.4309999942779541, 0.4309999942779541, 0.43700000643730164, 0.4440000057220459, 0.4359999895095825, 0.4350000023841858, 0.4350000023841858, 0.4399999976158142, 0.44200000166893005, 0.4429999887943268, 0.4410000145435333, 0.44600000977516174, 0.45500001311302185, 0.45399999618530273, 0.45399999618530273, 0.44999998807907104, 0.44699999690055847, 0.44699999690055847, 0.45100000500679016, 0.45899999141693115, 0.46399998664855957, 0.46399998664855957, 0.46399998664855957, 0.46399998664855957, 0.46299999952316284, 0.46799999475479126, 0.4729999899864197, 0.4729999899864197, 0.47600001096725464, 0.47600001096725464, 0.47999998927116394, 0.4819999933242798, 0.4830000102519989, 0.4860000014305115, 0.48399999737739563, 0.49000000953674316, 0.49399998784065247, 0.4959999918937683, 0.5040000081062317, 0.5149999856948853, 0.5149999856948853, 0.5139999985694885, 0.5059999823570251, 0.5040000081062317, 0.5099999904632568, 0.5130000114440918, 0.515999972820282, 0.515999972820282, 0.5249999761581421, 0.5249999761581421, 0.527999997138977, 0.5339999794960022, 0.5389999747276306, 0.5389999747276306, 0.5379999876022339, 0.5389999747276306, 0.5400000214576721, 0.5519999861717224, 0.5540000200271606, 0.5540000200271606, 0.5600000023841858, 0.5640000104904175, 0.5640000104904175, 0.5680000185966492, 0.5690000057220459, 0.5649999976158142, 0.5649999976158142, 0.5740000009536743, 0.5860000252723694, 0.5870000123977661, 0.5879999995231628, 0.5889999866485596, 0.5910000205039978, 0.5950000286102295, 0.5960000157356262, 0.5979999899864197, 0.6100000143051147, 0.6169999837875366, 0.6259999871253967, 0.6290000081062317, 0.628000020980835, 0.6299999952316284, 0.6309999823570251, 0.6320000290870667, 0.640999972820282, 0.652999997138977, 0.6570000052452087, 0.6589999794960022, 0.6589999794960022, 0.6589999794960022, 0.6710000038146973, 0.6700000166893005, 0.6690000295639038, 0.6660000085830688, 0.671999990940094, 0.6859999895095825, 0.6919999718666077, 0.6919999718666077, 0.6919999718666077, 0.6940000057220459, 0.699999988079071, 0.7070000171661377, 0.7160000205039978, 0.7239999771118164, 0.7250000238418579, 0.7350000143051147, 0.7429999709129333, 0.7480000257492065, 0.7519999742507935, 0.7590000033378601, 0.7649999856948853, 0.7680000066757202, 0.7720000147819519, 0.7820000052452087, 0.7990000247955322, 0.8140000104904175, 0.8109999895095825, 0.8140000104904175, 0.8220000267028809, 0.824999988079071, 0.8399999737739563, 0.8410000205039978, 0.8529999852180481, 0.8659999966621399, 0.8730000257492065, 0.9089999794960022, 0.9649999737739563, 1.0230000019073486, 1.1859999895095825, 1.5369999408721924, 1.9550000429153442, 1.9620000123977661, 1.9759999513626099, 1.9759999513626099, 1.9759999513626099, 1.9780000448226929, 1.9830000400543213, 1.9819999933242798, 1.9819999933242798, 1.9859999418258667, 1.9809999465942383, 1.9789999723434448, 1.9889999628067017, 1.9830000400543213, 1.9769999980926514, 1.9780000448226929, 1.9869999885559082, 1.9919999837875366, 1.9900000095367432, 1.9880000352859497, 1.9850000143051147, 1.9830000400543213, 1.9780000448226929, 1.9739999771118164, 1.975000023841858, 1.9739999771118164, 1.9769999980926514, 1.9769999980926514, 1.975000023841858, 1.9739999771118164, 1.9739999771118164, 1.972000002861023, 1.9670000076293945, 1.9670000076293945, 1.968000054359436, 1.9670000076293945, 1.9639999866485596, 1.9630000591278076, 1.9630000591278076, 1.9570000171661377, 1.9570000171661377, 1.9609999656677246, 1.9589999914169312, 1.9550000429153442, 1.9539999961853027, 1.9559999704360962, 1.9579999446868896, 1.9529999494552612, 1.9479999542236328, 1.944000005722046, 1.944000005722046, 1.9470000267028809, 1.940999984741211, 1.937999963760376, 1.934000015258789, 1.9420000314712524, 1.9420000314712524, 1.9299999475479126, 1.9220000505447388, 1.9170000553131104, 1.9170000553131104, 1.9199999570846558, 1.9259999990463257, 1.9220000505447388, 1.9160000085830688, 1.909000039100647, 1.9119999408721924, 1.906000018119812, 1.8969999551773071, 1.8919999599456787, 1.8930000066757202, 1.8940000534057617, 1.8910000324249268, 1.8949999809265137, 1.8940000534057617, 1.8830000162124634, 1.8739999532699585, 1.8730000257492065, 1.8700000047683716, 1.8680000305175781, 1.8669999837875366, 1.8669999837875366, 1.8569999933242798, 1.8569999933242798, 1.8559999465942383, 1.8489999771118164, 1.8530000448226929, 1.8389999866485596, 1.8370000123977661, 1.8370000123977661, 1.8380000591278076, 1.8320000171661377, 1.8259999752044678, 1.8270000219345093, 1.8259999752044678, 1.809000015258789, 1.809999942779541, 1.805999994277954, 1.7999999523162842, 1.8009999990463257, 1.8040000200271606, 1.7949999570846558, 1.7799999713897705, 1.7799999713897705, 1.777999997138977, 1.774999976158142, 1.7719999551773071, 1.7690000534057617, 1.7599999904632568, 1.7419999837875366, 1.7389999628067017, 1.7359999418258667, 1.7389999628067017, 1.7280000448226929, 1.722000002861023, 1.722000002861023, 1.7130000591278076, 1.7109999656677246, 1.7079999446868896, 1.6950000524520874, 1.684999942779541, 1.680999994277954, 1.6799999475479126, 1.6790000200271606, 1.6720000505447388, 1.659999966621399, 1.6519999504089355, 1.656000018119812, 1.652999997138977, 1.6449999809265137, 1.6390000581741333, 1.6330000162124634, 1.6260000467300415, 1.621000051498413, 1.6109999418258667, 1.6039999723434448, 1.5980000495910645, 1.590000033378601, 1.5880000591278076, 1.5880000591278076, 1.5829999446868896, 1.5670000314712524, 1.559999942779541, 1.562999963760376, 1.559999942779541, 1.5470000505447388, 1.5399999618530273, 1.534000039100647, 1.5219999551773071, 1.5169999599456787, 1.5160000324249268, 1.503000020980835, 1.496999979019165, 1.4900000095367432, 1.4900000095367432, 1.4910000562667847, 1.4789999723434448, 1.465000033378601, 1.4550000429153442, 1.4509999752044678, 1.4429999589920044, 1.4390000104904175, 1.4390000104904175, 1.4270000457763672, 1.4129999876022339, 1.3980000019073486, 1.3980000019073486, 1.3980000019073486, 1.3949999809265137, 1.3819999694824219, 1.36899995803833, 1.3619999885559082, 1.3619999885559082, 1.343000054359436, 1.3370000123977661, 1.3279999494552612, 1.319000005722046, 1.3179999589920044, 1.3140000104904175, 1.2940000295639038, 1.2829999923706055, 1.281999945640564, 1.274999976158142, 1.2640000581741333, 1.25600004196167, 1.2430000305175781, 1.2350000143051147, 1.2350000143051147, 1.2300000190734863, 1.215000033378601, 1.1979999542236328, 1.1920000314712524, 1.1770000457763672, 1.1640000343322754, 1.1549999713897705, 1.1469999551773071, 1.1540000438690186, 1.1449999809265137, 1.1299999952316284, 1.1169999837875366, 1.1100000143051147, 1.100000023841858, 1.093999981880188, 1.0820000171661377, 1.0679999589920044, 1.0640000104904175, 1.059000015258789, 1.059000015258789, 1.0440000295639038, 1.0369999408721924, 1.027999997138977, 1.0219999551773071, 1.0199999809265137, 1.0149999856948853, 1.0069999694824219, 0.9990000128746033, 0.996999979019165, 0.9779999852180481, 0.9779999852180481, 0.9710000157356262, 0.9620000123977661, 0.9649999737739563, 0.9610000252723694, 0.9490000009536743, 0.9490000009536743, 0.9369999766349792, 0.9340000152587891, 0.925000011920929, 0.9139999747276306, 0.9129999876022339, 0.9120000004768372, 0.9089999794960022, 0.9020000100135803, 0.8980000019073486, 0.8970000147819519, 0.890999972820282, 0.8870000243186951, 0.8880000114440918, 0.8669999837875366, 0.8640000224113464, 0.8539999723434448, 0.8550000190734863, 0.8550000190734863, 0.8610000014305115, 0.8510000109672546, 0.8420000076293945, 0.8360000252723694, 0.8349999785423279, 0.8320000171661377, 0.8240000009536743, 0.8220000267028809, 0.8230000138282776, 0.8240000009536743, 0.8130000233650208, 0.8130000233650208, 0.8009999990463257, 0.8019999861717224, 0.8009999990463257, 0.7990000247955322, 0.7960000038146973, 0.7850000262260437, 0.7820000052452087, 0.7820000052452087, 0.777999997138977, 0.7770000100135803, 0.7689999938011169, 0.765999972820282, 0.7570000290870667, 0.753000020980835, 0.753000020980835, 0.753000020980835, 0.7490000128746033, 0.7450000047683716, 0.7409999966621399, 0.7409999966621399, 0.7350000143051147, 0.7329999804496765, 0.7239999771118164, 0.7229999899864197, 0.7229999899864197, 0.7239999771118164, 0.7210000157356262, 0.7210000157356262, 0.7210000157356262, 0.7129999995231628, 0.6990000009536743, 0.6990000009536743, 0.7009999752044678, 0.6980000138282776, 0.6940000057220459, 0.6899999976158142, 0.6880000233650208, 0.6869999766349792, 0.6790000200271606, 0.6800000071525574, 0.6819999814033508, 0.6809999942779541, 0.6740000247955322, 0.6710000038146973, 0.6710000038146973, 0.6729999780654907, 0.6759999990463257, 0.6679999828338623, 0.6639999747276306, 0.6669999957084656, 0.6710000038146973, 0.6589999794960022, 0.6600000262260437, 0.6570000052452087, 0.6570000052452087, 0.6520000100135803, 0.6510000228881836, 0.656000018119812, 0.6470000147819519, 0.6439999938011169, 0.640999972820282, 0.640999972820282, 0.6420000195503235, 0.6380000114440918, 0.6330000162124634, 0.6309999823570251, 0.6330000162124634, 0.6340000033378601, 0.6330000162124634, 0.6290000081062317, 0.6290000081062317, 0.6269999742507935, 0.6290000081062317, 0.6290000081062317, 0.6240000128746033, 0.6190000176429749, 0.6190000176429749, 0.6190000176429749, 0.6190000176429749, 0.6209999918937683, 0.6240000128746033, 0.6200000047683716, 0.6179999709129333, 0.6119999885559082, 0.6110000014305115, 0.6110000014305115, 0.6110000014305115, 0.6079999804496765, 0.6029999852180481, 0.6010000109672546, 0.5950000286102295, 0.5960000157356262, 0.5960000157356262, 0.597000002861023, 0.5950000286102295, 0.5920000076293945, 0.597000002861023, 0.5960000157356262, 0.597000002861023, 0.597000002861023, 0.5960000157356262, 0.593999981880188, 0.5839999914169312, 0.5839999914169312, 0.5839999914169312, 0.5839999914169312, 0.5809999704360962, 0.5789999961853027, 0.5789999961853027, 0.578000009059906, 0.578000009059906, 0.5720000267028809, 0.5809999704360962, 0.5809999704360962, 0.5789999961853027, 0.5789999961853027, 0.5759999752044678, 0.5730000138282776, 0.5730000138282776, 0.5699999928474426, 0.574999988079071, 0.574999988079071, 0.5730000138282776, 0.5699999928474426, 0.5649999976158142, 0.5669999718666077, 0.5720000267028809, 0.5730000138282776, 0.5770000219345093, 0.5759999752044678, 0.5699999928474426, 0.5640000104904175, 0.5640000104904175, 0.5529999732971191, 0.5590000152587891, 0.5640000104904175, 0.5609999895095825, 0.5609999895095825, 0.5609999895095825, 0.5569999814033508, 0.5540000200271606, 0.5550000071525574, 0.5640000104904175, 0.5630000233650208, 0.5609999895095825, 0.5600000023841858, 0.5559999942779541, 0.5630000233650208, 0.5640000104904175, 0.5580000281333923, 0.5540000200271606, 0.5540000200271606, 0.5580000281333923, 0.5659999847412109, 0.5640000104904175, 0.5619999766349792, 0.5559999942779541, 0.5600000023841858, 0.5609999895095825, 0.5630000233650208, 0.5630000233650208, 0.5630000233650208, 0.5659999847412109, 0.5669999718666077, 0.5580000281333923, 0.5519999861717224, 0.5529999732971191, 0.5529999732971191, 0.5540000200271606, 0.5559999942779541, 0.5550000071525574, 0.5479999780654907, 0.5479999780654907, 0.5609999895095825, 0.5630000233650208, 0.5590000152587891, 0.5580000281333923, 0.5590000152587891, 0.5640000104904175, 0.5640000104904175, 0.5590000152587891, 0.5550000071525574, 0.5519999861717224, 0.5519999861717224, 0.550000011920929, 0.550000011920929, 0.5540000200271606, 0.5490000247955322, 0.5490000247955322, 0.5509999990463257, 0.550000011920929, 0.5479999780654907, 0.546999990940094, 0.5529999732971191, 0.5559999942779541, 0.5550000071525574, 0.5519999861717224, 0.550000011920929, 0.5529999732971191, 0.5529999732971191, 0.5519999861717224, 0.5519999861717224, 0.5529999732971191, 0.5529999732971191, 0.5550000071525574, 0.5630000233650208, 0.5550000071525574, 0.5529999732971191, 0.5529999732971191, 0.5600000023841858, 0.5540000200271606, 0.5519999861717224, 0.5509999990463257, 0.5529999732971191, 0.5519999861717224, 0.5550000071525574, 0.5590000152587891, 0.5590000152587891, 0.5580000281333923, 0.5550000071525574, 0.5550000071525574, 0.5600000023841858, 0.5580000281333923, 0.5559999942779541, 0.5569999814033508, 0.5590000152587891, 0.5580000281333923, 0.5600000023841858, 0.5529999732971191, 0.5519999861717224, 0.5600000023841858, 0.5559999942779541, 0.5529999732971191, 0.5590000152587891, 0.5590000152587891, 0.5590000152587891, 0.5600000023841858, 0.5630000233650208, 0.5630000233650208, 0.5669999718666077, 0.5559999942779541, 0.5559999942779541, 0.5580000281333923, 0.5619999766349792, 0.5630000233650208, 0.5649999976158142, 0.5619999766349792, 0.5619999766349792, 0.5640000104904175, 0.5669999718666077, 0.5709999799728394, 0.5709999799728394, 0.5659999847412109, 0.5649999976158142, 0.5640000104904175, 0.5649999976158142, 0.5690000057220459, 0.5720000267028809, 0.5720000267028809, 0.5860000252723694, 0.5820000171661377, 0.5799999833106995, 0.574999988079071, 0.574999988079071, 0.5740000009536743, 0.5759999752044678, 0.5820000171661377, 0.5889999866485596, 0.5830000042915344, 0.5839999914169312, 0.5839999914169312, 0.5849999785423279, 0.5830000042915344, 0.5899999737739563, 0.5870000123977661, 0.5839999914169312, 0.5830000042915344, 0.5839999914169312, 0.5899999737739563, 0.5910000205039978, 0.5979999899864197, 0.6039999723434448, 0.5989999771118164, 0.5920000076293945, 0.5950000286102295, 0.6019999980926514, 0.6019999980926514, 0.6000000238418579, 0.6000000238418579, 0.6010000109672546, 0.6029999852180481, 0.609000027179718, 0.6060000061988831, 0.6100000143051147, 0.6200000047683716, 0.621999979019165, 0.621999979019165, 0.6129999756813049, 0.6150000095367432, 0.6129999756813049, 0.6169999837875366, 0.6200000047683716, 0.6230000257492065, 0.621999979019165, 0.6269999742507935, 0.6269999742507935, 0.6269999742507935, 0.6259999871253967, 0.6259999871253967, 0.6340000033378601, 0.6340000033378601, 0.6290000081062317, 0.6290000081062317, 0.6380000114440918, 0.6380000114440918, 0.6399999856948853, 0.6449999809265137, 0.6449999809265137, 0.6480000019073486, 0.6480000019073486, 0.6510000228881836, 0.6539999842643738, 0.6520000100135803, 0.656000018119812, 0.6470000147819519, 0.6520000100135803, 0.6489999890327454, 0.6499999761581421, 0.6520000100135803, 0.656000018119812, 0.6620000004768372, 0.6660000085830688, 0.6650000214576721, 0.6610000133514404, 0.6610000133514404, 0.6650000214576721, 0.6650000214576721, 0.6629999876022339, 0.6629999876022339, 0.6600000262260437, 0.6570000052452087, 0.6679999828338623, 0.6690000295639038, 0.6710000038146973, 0.675000011920929, 0.675000011920929, 0.6850000023841858, 0.6819999814033508, 0.6800000071525574, 0.6800000071525574, 0.6869999766349792, 0.6909999847412109, 0.6940000057220459, 0.6940000057220459, 0.6940000057220459, 0.6949999928474426, 0.6970000267028809, 0.7049999833106995, 0.7110000252723694, 0.7070000171661377, 0.7049999833106995, 0.7049999833106995, 0.7049999833106995, 0.7049999833106995, 0.7120000123977661, 0.7139999866485596, 0.7080000042915344, 0.7080000042915344, 0.7120000123977661, 0.7120000123977661, 0.7200000286102295, 0.7289999723434448, 0.7310000061988831, 0.734000027179718, 0.7400000095367432, 0.75, 0.753000020980835, 0.7570000290870667, 0.7570000290870667, 0.765999972820282, 0.7689999938011169, 0.7720000147819519, 0.7720000147819519, 0.7720000147819519, 0.7730000019073486, 0.7789999842643738, 0.7979999780654907, 0.8029999732971191, 0.8050000071525574, 0.8050000071525574, 0.800000011920929, 0.800000011920929]
intensities: [1121.0, 1105.0, 1121.0, 1142.0, 1279.0, 1297.0, 1388.0, 1411.0, 1437.0, 1470.0, 1483.0, 1501.0, 1495.0, 1380.0, 1411.0, 1189.0, 1049.0, 1018.0, 828.0, 773.0, 945.0, 988.0, 1010.0, 1028.0, 1026.0, 1020.0, 1008.0, 1040.0, 1118.0, 1185.0, 1264.0, 1449.0, 1449.0, 1501.0, 1516.0, 1569.0, 1581.0, 1593.0, 1593.0, 1596.0, 1597.0, 1613.0, 1601.0, 1651.0, 1631.0, 1628.0, 1630.0, 1628.0, 1605.0, 1607.0, 1607.0, 1599.0, 1593.0, 1597.0, 1579.0, 1581.0, 1580.0, 1579.0, 1578.0, 1577.0, 1564.0, 1579.0, 1564.0, 1580.0, 1577.0, 1589.0, 1568.0, 1568.0, 1569.0, 1545.0, 1545.0, 1566.0, 1554.0, 1569.0, 1547.0, 1533.0, 1534.0, 1526.0, 1522.0, 1527.0, 1527.0, 1537.0, 1537.0, 1531.0, 1526.0, 1530.0, 1537.0, 1533.0, 1517.0, 1519.0, 1518.0, 1518.0, 1522.0, 1515.0, 1511.0, 1515.0, 1525.0, 1524.0, 1500.0, 1513.0, 1524.0, 1509.0, 1509.0, 1503.0, 1482.0, 1473.0, 1479.0, 1490.0, 1500.0, 1514.0, 1502.0, 1487.0, 1500.0, 1501.0, 1499.0, 1491.0, 1487.0, 1487.0, 1484.0, 1483.0, 1491.0, 1500.0, 1494.0, 1500.0, 1483.0, 1487.0, 1468.0, 1462.0, 1454.0, 1440.0, 1446.0, 1436.0, 1436.0, 1479.0, 1452.0, 1463.0, 1463.0, 1418.0, 1424.0, 1421.0, 1409.0, 1412.0, 1412.0, 1426.0, 1424.0, 1422.0, 1430.0, 1399.0, 1399.0, 1384.0, 1379.0, 1403.0, 1403.0, 1396.0, 1407.0, 1377.0, 1358.0, 1370.0, 1383.0, 1373.0, 1377.0, 1364.0, 1358.0, 1347.0, 1341.0, 1334.0, 1337.0, 1345.0, 1347.0, 1334.0, 1339.0, 1356.0, 1320.0, 1318.0, 1323.0, 1321.0, 1306.0, 1311.0, 1314.0, 1318.0, 1308.0, 1298.0, 1284.0, 1297.0, 1269.0, 1273.0, 1269.0, 1266.0, 1268.0, 1254.0, 1243.0, 1238.0, 1215.0, 1210.0, 1233.0, 1228.0, 1227.0, 1231.0, 1227.0, 1186.0, 1202.0, 1206.0, 1212.0, 1207.0, 1204.0, 1198.0, 1190.0, 1181.0, 1180.0, 1179.0, 1175.0, 1177.0, 1172.0, 1173.0, 1167.0, 1169.0, 1157.0, 1157.0, 1144.0, 1145.0, 1141.0, 1142.0, 1144.0, 1126.0, 1130.0, 1132.0, 1114.0, 1124.0, 1143.0, 1137.0, 1128.0, 1128.0, 1135.0, 1143.0, 1120.0, 1137.0, 1134.0, 1123.0, 1129.0, 1128.0, 1133.0, 1113.0, 1128.0, 1132.0, 1137.0, 1134.0, 1132.0, 1111.0, 1118.0, 1142.0, 1120.0, 1147.0, 1124.0, 1131.0, 1147.0, 1139.0, 1115.0, 1152.0, 1143.0, 1126.0, 1127.0, 1127.0, 1152.0, 1152.0, 1143.0, 1145.0, 1145.0, 1130.0, 1121.0, 1131.0, 1131.0, 1129.0, 1138.0, 1125.0, 1132.0, 1138.0, 1137.0, 1137.0, 1128.0, 1135.0, 1148.0, 1148.0, 1137.0, 1128.0, 1128.0, 1130.0, 1135.0, 1143.0, 1145.0, 1154.0, 1159.0, 1157.0, 1150.0, 1157.0, 1166.0, 1163.0, 1171.0, 1164.0, 1160.0, 1178.0, 1175.0, 1186.0, 1172.0, 1174.0, 1193.0, 1178.0, 1190.0, 1188.0, 1197.0, 1200.0, 1201.0, 1201.0, 1209.0, 1226.0, 1223.0, 1225.0, 1221.0, 1220.0, 1224.0, 1224.0, 1226.0, 1226.0, 1224.0, 1220.0, 1244.0, 1244.0, 1234.0, 1224.0, 1224.0, 1230.0, 1237.0, 1237.0, 1233.0, 1233.0, 1228.0, 1231.0, 1232.0, 1242.0, 1257.0, 1264.0, 1267.0, 1259.0, 1264.0, 1257.0, 1261.0, 1273.0, 1257.0, 1254.0, 1268.0, 1270.0, 1259.0, 1270.0, 1276.0, 1276.0, 1275.0, 1276.0, 1275.0, 1275.0, 1276.0, 1287.0, 1287.0, 1287.0, 1276.0, 1276.0, 1281.0, 1287.0, 1287.0, 1282.0, 1280.0, 1268.0, 1268.0, 1284.0, 1280.0, 1279.0, 1288.0, 1287.0, 1281.0, 1290.0, 1276.0, 1274.0, 1269.0, 1287.0, 1292.0, 1292.0, 1286.0, 1259.0, 1268.0, 1245.0, 1245.0, 1271.0, 1245.0, 1253.0, 1265.0, 1265.0, 1246.0, 1234.0, 1228.0, 1229.0, 1211.0, 1199.0, 1193.0, 1174.0, 1164.0, 1171.0, 1168.0, 1152.0, 1135.0, 1113.0, 1114.0, 1110.0, 1109.0, 1105.0, 1104.0, 1122.0, 1137.0, 1104.0, 1098.0, 1110.0, 1116.0, 1140.0, 1096.0, 1108.0, 1113.0, 1087.0, 1120.0, 1094.0, 1127.0, 1155.0, 1150.0, 1242.0, 1446.0, 1486.0, 1460.0, 1294.0, 1110.0, 1129.0, 1113.0, 1106.0, 1106.0, 1111.0, 1099.0, 1102.0, 1102.0, 1103.0, 1106.0, 1110.0, 1104.0, 1098.0, 1096.0, 1095.0, 1103.0, 1104.0, 1093.0, 1099.0, 1100.0, 1103.0, 1098.0, 1097.0, 1098.0, 1106.0, 1098.0, 1098.0, 1098.0, 1113.0, 1113.0, 1101.0, 1105.0, 1105.0, 1113.0, 1117.0, 1101.0, 1112.0, 1110.0, 1104.0, 1094.0, 1106.0, 1102.0, 1114.0, 1106.0, 1101.0, 1109.0, 1101.0, 1110.0, 1099.0, 1099.0, 1098.0, 1106.0, 1105.0, 1101.0, 1110.0, 1110.0, 1105.0, 1125.0, 1102.0, 1102.0, 1108.0, 1108.0, 1105.0, 1112.0, 1105.0, 1108.0, 1114.0, 1116.0, 1113.0, 1115.0, 1113.0, 1117.0, 1112.0, 1116.0, 1122.0, 1114.0, 1116.0, 1116.0, 1121.0, 1125.0, 1127.0, 1114.0, 1114.0, 1121.0, 1125.0, 1133.0, 1120.0, 1115.0, 1118.0, 1119.0, 1131.0, 1137.0, 1134.0, 1128.0, 1113.0, 1113.0, 1112.0, 1099.0, 1108.0, 1117.0, 1117.0, 1116.0, 1116.0, 1115.0, 1116.0, 1118.0, 1120.0, 1125.0, 1129.0, 1121.0, 1110.0, 1122.0, 1119.0, 1124.0, 1124.0, 1126.0, 1117.0, 1123.0, 1110.0, 1107.0, 1094.0, 1100.0, 1109.0, 1115.0, 1111.0, 1106.0, 1106.0, 1105.0, 1107.0, 1102.0, 1115.0, 1103.0, 1116.0, 1116.0, 1101.0, 1108.0, 1106.0, 1107.0, 1106.0, 1104.0, 1093.0, 1100.0, 1097.0, 1120.0, 1090.0, 1087.0, 1094.0, 1108.0, 1090.0, 1092.0, 1106.0, 1104.0, 1100.0, 1100.0, 1101.0, 1097.0, 1105.0, 1103.0, 1095.0, 1089.0, 1094.0, 1127.0, 1096.0, 1089.0, 1084.0, 1098.0, 1080.0, 1102.0, 1103.0, 1098.0, 1082.0, 1090.0, 1103.0, 1102.0, 1102.0, 1101.0, 1108.0, 1097.0, 1121.0, 1100.0, 1107.0, 1116.0, 1092.0, 1115.0, 1100.0, 1113.0, 1115.0, 1108.0, 1117.0, 1111.0, 1118.0, 1104.0, 1103.0, 1112.0, 1150.0, 1141.0, 1128.0, 1113.0, 1111.0, 1148.0, 1137.0, 1134.0, 1142.0, 1124.0, 1153.0, 1169.0, 1177.0, 1161.0, 1169.0, 1169.0, 1165.0, 1193.0, 1194.0, 1214.0, 1209.0, 1227.0, 1214.0, 1217.0, 1222.0, 1233.0, 1260.0, 1263.0, 1270.0, 1261.0, 1276.0, 1280.0, 1281.0, 1284.0, 1287.0, 1290.0, 1306.0, 1317.0, 1327.0, 1328.0, 1343.0, 1346.0, 1356.0, 1350.0, 1352.0, 1350.0, 1354.0, 1354.0, 1374.0, 1365.0, 1372.0, 1364.0, 1386.0, 1372.0, 1389.0, 1401.0, 1405.0, 1409.0, 1400.0, 1404.0, 1407.0, 1421.0, 1419.0, 1423.0, 1433.0, 1423.0, 1426.0, 1432.0, 1430.0, 1407.0, 1425.0, 1443.0, 1462.0, 1463.0, 1460.0, 1466.0, 1454.0, 1466.0, 1487.0, 1494.0, 1479.0, 1487.0, 1503.0, 1494.0, 1494.0, 1505.0, 1509.0, 1510.0, 1517.0, 1521.0, 1550.0, 1534.0, 1526.0, 1535.0, 1541.0, 1528.0, 1528.0, 1527.0, 1536.0, 1532.0, 1538.0, 1532.0, 1548.0, 1554.0, 1539.0, 1553.0, 1543.0, 1548.0, 1536.0, 1562.0, 1560.0, 1561.0, 1560.0, 1549.0, 1549.0, 1566.0, 1562.0, 1589.0, 1584.0, 1582.0, 1598.0, 1600.0, 1606.0, 1588.0, 1604.0, 1603.0, 1617.0, 1608.0, 1606.0, 1601.0, 1602.0, 1600.0, 1603.0, 1601.0, 1605.0, 1612.0, 1610.0, 1613.0, 1612.0, 1600.0, 1597.0, 1608.0, 1624.0, 1605.0, 1608.0, 1610.0, 1608.0, 1599.0, 1613.0, 1600.0, 1601.0, 1588.0, 1588.0, 1609.0, 1592.0, 1592.0, 1630.0, 1601.0, 1617.0, 1617.0, 1625.0, 1598.0, 1600.0, 1620.0, 1589.0, 1589.0, 1601.0, 1592.0, 1592.0, 1588.0, 1585.0, 1580.0, 1601.0, 1601.0, 1597.0, 1590.0, 1592.0, 1569.0, 1577.0, 1584.0, 1555.0, 1555.0, 1559.0, 1554.0, 1565.0, 1595.0, 1579.0, 1577.0, 1574.0, 1577.0, 1571.0, 1580.0, 1576.0, 1576.0, 1568.0, 1573.0, 1590.0, 1594.0, 1598.0, 1568.0, 1559.0, 1585.0, 1581.0, 1550.0, 1553.0, 1546.0, 1534.0, 1528.0, 1536.0, 1537.0, 1536.0, 1531.0, 1530.0, 1532.0, 1518.0, 1526.0, 1516.0, 1506.0, 1510.0, 1494.0, 1494.0, 1494.0, 1494.0, 1492.0, 1478.0, 1481.0, 1497.0, 1496.0, 1496.0, 1497.0, 1463.0, 1454.0, 1454.0, 1452.0, 1461.0, 1443.0, 1446.0, 1446.0, 1445.0, 1445.0, 1441.0, 1427.0, 1425.0, 1406.0, 1412.0, 1412.0, 1398.0, 1406.0, 1406.0, 1394.0, 1388.0, 1380.0, 1370.0, 1362.0, 1361.0, 1367.0, 1367.0, 1353.0, 1361.0, 1361.0, 1352.0, 1352.0, 1356.0, 1361.0, 1361.0, 1361.0, 1358.0, 1349.0, 1349.0, 1352.0, 1340.0, 1347.0, 1341.0, 1347.0, 1344.0, 1353.0, 1321.0, 1321.0, 1325.0, 1353.0, 1350.0, 1330.0, 1332.0, 1327.0, 1316.0, 1312.0, 1290.0, 1307.0, 1316.0, 1311.0, 1305.0, 1303.0, 1302.0, 1302.0, 1302.0, 1302.0, 1305.0, 1305.0, 1305.0, 1302.0, 1283.0, 1280.0, 1287.0, 1283.0, 1283.0, 1289.0, 1277.0, 1290.0, 1303.0, 1282.0, 1260.0, 1260.0, 1269.0, 1272.0, 1263.0, 1269.0, 1265.0, 1259.0, 1259.0, 1272.0, 1253.0, 1260.0, 1259.0, 1252.0, 1256.0, 1262.0, 1262.0, 1262.0, 1259.0, 1263.0, 1263.0, 1272.0, 1271.0, 1271.0, 1261.0, 1257.0, 1248.0, 1255.0, 1254.0, 1259.0, 1255.0, 1264.0, 1264.0, 1260.0, 1265.0, 1283.0, 1283.0, 1270.0, 1265.0, 1273.0, 1268.0, 1276.0, 1285.0, 1273.0, 1287.0, 1279.0, 1282.0, 1275.0, 1284.0, 1286.0, 1292.0, 1300.0, 1280.0, 1277.0, 1268.0, 1275.0, 1278.0, 1279.0, 1279.0, 1285.0, 1285.0, 1279.0, 1279.0, 1299.0, 1284.0, 1288.0, 1292.0, 1283.0, 1284.0, 1284.0, 1297.0, 1283.0, 1292.0, 1298.0, 1292.0, 1293.0, 1292.0, 1290.0, 1294.0, 1299.0, 1315.0, 1319.0, 1308.0, 1300.0, 1300.0, 1304.0, 1307.0, 1289.0, 1289.0, 1289.0, 1289.0, 1295.0, 1299.0, 1303.0, 1311.0, 1311.0, 1344.0, 1325.0, 1307.0, 1311.0, 1302.0, 1324.0, 1322.0, 1322.0, 1322.0, 1329.0, 1337.0, 1335.0, 1332.0, 1317.0, 1332.0, 1332.0, 1344.0, 1344.0, 1334.0, 1343.0, 1340.0, 1345.0, 1338.0, 1338.0, 1333.0, 1335.0, 1332.0, 1329.0, 1314.0, 1310.0, 1308.0, 1299.0, 1292.0, 1332.0, 1285.0, 1285.0, 1285.0, 1285.0, 1290.0, 1290.0, 1282.0, 1277.0, 1272.0, 1272.0, 1233.0, 1233.0]