header: 
  seq: 1947
  stamp: 
    secs: 1548820805
    nsecs: 861192187
  frame_id: "base_link"
angle_min: -2.35619449615
angle_max: 2.35619449615
angle_increment: 0.00436332309619
time_increment: 1.73611151695e-05
scan_time: 0.0250000003725
range_min: 0.019999999553
range_max: 30.0
ranges: [0.3449999988079071, 0.34299999475479126, 0.35199999809265137, 0.3440000116825104, 0.3529999852180481, 0.35499998927116394, 0.36000001430511475, 0.35899999737739563, 0.3569999933242798, 0.35600000619888306, 0.3580000102519989, 0.3569999933242798, 0.3499999940395355, 0.3499999940395355, 0.34200000762939453, 0.32100000977516174, 0.3160000145435333, 0.3140000104904175, 0.26899999380111694, 0.2370000034570694, 0.2770000100135803, 0.3140000104904175, 0.3319999873638153, 0.3330000042915344, 0.3330000042915344, 0.33799999952316284, 0.33000001311302185, 0.32600000500679016, 0.32600000500679016, 0.3240000009536743, 0.3310000002384186, 0.3319999873638153, 0.34299999475479126, 0.3409999907016754, 0.3370000123977661, 0.335999995470047, 0.33399999141693115, 0.3330000042915344, 0.32499998807907104, 0.32499998807907104, 0.32499998807907104, 0.3269999921321869, 0.3269999921321869, 0.3240000009536743, 0.31700000166893005, 0.31700000166893005, 0.3179999887943268, 0.32100000977516174, 0.3269999921321869, 0.31299999356269836, 0.3149999976158142, 0.31299999356269836, 0.31299999356269836, 0.3070000112056732, 0.30799999833106995, 0.3100000023841858, 0.31299999356269836, 0.31299999356269836, 0.3140000104904175, 0.3109999895095825, 0.3089999854564667, 0.31299999356269836, 0.3190000057220459, 0.3160000145435333, 0.31299999356269836, 0.3109999895095825, 0.30799999833106995, 0.3059999942779541, 0.3070000112056732, 0.3089999854564667, 0.30300000309944153, 0.30000001192092896, 0.3019999861717224, 0.30799999833106995, 0.30300000309944153, 0.3019999861717224, 0.30300000309944153, 0.3050000071525574, 0.30300000309944153, 0.29600000381469727, 0.2939999997615814, 0.29600000381469727, 0.29499998688697815, 0.29499998688697815, 0.30000001192092896, 0.30000001192092896, 0.29100000858306885, 0.289000004529953, 0.2980000078678131, 0.30300000309944153, 0.3009999990463257, 0.29600000381469727, 0.2939999997615814, 0.2939999997615814, 0.2939999997615814, 0.289000004529953, 0.2849999964237213, 0.2840000092983246, 0.28299999237060547, 0.2800000011920929, 0.2800000011920929, 0.28299999237060547, 0.28299999237060547, 0.2809999883174896, 0.2849999964237213, 0.28600001335144043, 0.28600001335144043, 0.2840000092983246, 0.2809999883174896, 0.2800000011920929, 0.28200000524520874, 0.28700000047683716, 0.289000004529953, 0.29100000858306885, 0.2840000092983246, 0.28299999237060547, 0.2809999883174896, 0.2809999883174896, 0.2800000011920929, 0.2800000011920929, 0.2849999964237213, 0.2849999964237213, 0.2770000100135803, 0.2800000011920929, 0.27399998903274536, 0.27300000190734863, 0.2800000011920929, 0.27900001406669617, 0.2770000100135803, 0.27900001406669617, 0.27900001406669617, 0.28299999237060547, 0.2800000011920929, 0.27900001406669617, 0.2759999930858612, 0.27900001406669617, 0.2770000100135803, 0.27399998903274536, 0.2800000011920929, 0.2800000011920929, 0.27900001406669617, 0.2750000059604645, 0.2800000011920929, 0.2750000059604645, 0.2750000059604645, 0.2759999930858612, 0.2759999930858612, 0.27799999713897705, 0.27799999713897705, 0.2759999930858612, 0.27399998903274536, 0.2750000059604645, 0.27399998903274536, 0.2750000059604645, 0.2809999883174896, 0.2849999964237213, 0.27799999713897705, 0.2750000059604645, 0.27399998903274536, 0.27300000190734863, 0.27300000190734863, 0.27300000190734863, 0.2840000092983246, 0.27799999713897705, 0.2680000066757202, 0.2619999945163727, 0.25999999046325684, 0.2639999985694885, 0.27300000190734863, 0.27300000190734863, 0.26899999380111694, 0.2680000066757202, 0.26600000262260437, 0.2669999897480011, 0.2680000066757202, 0.26600000262260437, 0.26499998569488525, 0.2720000147819519, 0.27399998903274536, 0.2750000059604645, 0.2720000147819519, 0.2720000147819519, 0.2709999978542328, 0.2709999978542328, 0.27000001072883606, 0.26899999380111694, 0.2709999978542328, 0.2720000147819519, 0.2709999978542328, 0.2720000147819519, 0.2709999978542328, 0.2709999978542328, 0.2680000066757202, 0.26499998569488525, 0.2639999985694885, 0.26499998569488525, 0.26600000262260437, 0.26600000262260437, 0.2669999897480011, 0.2630000114440918, 0.26100000739097595, 0.2680000066757202, 0.2750000059604645, 0.2720000147819519, 0.2720000147819519, 0.26600000262260437, 0.26100000739097595, 0.2669999897480011, 0.27000001072883606, 0.2750000059604645, 0.2619999945163727, 0.25699999928474426, 0.25099998712539673, 0.2549999952316284, 0.257999986410141, 0.257999986410141, 0.2590000033378601, 0.26100000739097595, 0.2630000114440918, 0.25999999046325684, 0.2630000114440918, 0.26899999380111694, 0.2680000066757202, 0.27000001072883606, 0.2720000147819519, 0.2720000147819519, 0.27000001072883606, 0.2669999897480011, 0.2669999897480011, 0.2639999985694885, 0.2639999985694885, 0.26499998569488525, 0.2619999945163727, 0.257999986410141, 0.2639999985694885, 0.27399998903274536, 0.2759999930858612, 0.2759999930858612, 0.27799999713897705, 0.27399998903274536, 0.2720000147819519, 0.2770000100135803, 0.27799999713897705, 0.2750000059604645, 0.2770000100135803, 0.27900001406669617, 0.27900001406669617, 0.2800000011920929, 0.2770000100135803, 0.2770000100135803, 0.2800000011920929, 0.28299999237060547, 0.28600001335144043, 0.289000004529953, 0.289000004529953, 0.2919999957084656, 0.28600001335144043, 0.27799999713897705, 0.27900001406669617, 0.27799999713897705, 0.2849999964237213, 0.27900001406669617, 0.28200000524520874, 0.2840000092983246, 0.2879999876022339, 0.2879999876022339, 0.2849999964237213, 0.2840000092983246, 0.28600001335144043, 0.2879999876022339, 0.28999999165534973, 0.2919999957084656, 0.2919999957084656, 0.2930000126361847, 0.2930000126361847, 0.29100000858306885, 0.30000001192092896, 0.29899999499320984, 0.3009999990463257, 0.30399999022483826, 0.2980000078678131, 0.3050000071525574, 0.3019999861717224, 0.3050000071525574, 0.3050000071525574, 0.30300000309944153, 0.3050000071525574, 0.3050000071525574, 0.30799999833106995, 0.3070000112056732, 0.30399999022483826, 0.3050000071525574, 0.3059999942779541, 0.3059999942779541, 0.30799999833106995, 0.30399999022483826, 0.3089999854564667, 0.31200000643730164, 0.31200000643730164, 0.31200000643730164, 0.31299999356269836, 0.3160000145435333, 0.31299999356269836, 0.31299999356269836, 0.32199999690055847, 0.3230000138282776, 0.3230000138282776, 0.3190000057220459, 0.32199999690055847, 0.32600000500679016, 0.32600000500679016, 0.32100000977516174, 0.3179999887943268, 0.3230000138282776, 0.328000009059906, 0.32600000500679016, 0.3269999921321869, 0.33399999141693115, 0.3400000035762787, 0.33899998664855957, 0.335999995470047, 0.33399999141693115, 0.33500000834465027, 0.34200000762939453, 0.34200000762939453, 0.34200000762939453, 0.3409999907016754, 0.34200000762939453, 0.3479999899864197, 0.3499999940395355, 0.3499999940395355, 0.35100001096725464, 0.3440000116825104, 0.35100001096725464, 0.3569999933242798, 0.3569999933242798, 0.35499998927116394, 0.35499998927116394, 0.36000001430511475, 0.3700000047683716, 0.3779999911785126, 0.3779999911785126, 0.3779999911785126, 0.375, 0.375, 0.3709999918937683, 0.37400001287460327, 0.37400001287460327, 0.375, 0.3790000081062317, 0.38100001215934753, 0.38600000739097595, 0.38600000739097595, 0.382999986410141, 0.3790000081062317, 0.38499999046325684, 0.39399999380111694, 0.39399999380111694, 0.3919999897480011, 0.3919999897480011, 0.3930000066757202, 0.4009999930858612, 0.39800000190734863, 0.40299999713897705, 0.41200000047683716, 0.42100000381469727, 0.42399999499320984, 0.421999990940094, 0.41999998688697815, 0.41999998688697815, 0.4189999997615814, 0.4230000078678131, 0.42899999022483826, 0.4309999942779541, 0.4359999895095825, 0.43299999833106995, 0.43299999833106995, 0.4399999976158142, 0.44699999690055847, 0.44600000977516174, 0.4449999928474426, 0.44699999690055847, 0.4519999921321869, 0.45500001311302185, 0.45500001311302185, 0.45500001311302185, 0.460999995470047, 0.4690000116825104, 0.4699999988079071, 0.47099998593330383, 0.4819999933242798, 0.4819999933242798, 0.4830000102519989, 0.4819999933242798, 0.4819999933242798, 0.48899999260902405, 0.48899999260902405, 0.49300000071525574, 0.49399998784065247, 0.5, 0.5090000033378601, 0.5090000033378601, 0.5149999856948853, 0.515999972820282, 0.5189999938011169, 0.5239999890327454, 0.5249999761581421, 0.531000018119812, 0.5339999794960022, 0.5379999876022339, 0.5419999957084656, 0.5429999828338623, 0.5450000166893005, 0.5410000085830688, 0.5429999828338623, 0.5419999957084656, 0.5559999942779541, 0.5649999976158142, 0.6209999918937683, 0.6620000004768372, 0.7400000095367432, 0.8339999914169312, 0.8550000190734863, 0.9259999990463257, 0.9789999723434448, 1.11899995803833, 1.3459999561309814, 1.6510000228881836, 1.656999945640564, 1.6579999923706055, 1.659000039100647, 1.6519999504089355, 1.6519999504089355, 1.649999976158142, 1.6490000486373901, 1.6410000324249268, 1.6369999647140503, 1.6349999904632568, 1.6369999647140503, 1.6339999437332153, 1.6299999952316284, 1.6260000467300415, 1.621000051498413, 1.6150000095367432, 1.6139999628067017, 1.6109999418258667, 1.6109999418258667, 1.6109999418258667, 1.6100000143051147, 1.6069999933242798, 1.6039999723434448, 1.600000023841858, 1.593999981880188, 1.5950000286102295, 1.5800000429153442, 1.5809999704360962, 1.5789999961853027, 1.5809999704360962, 1.5829999446868896, 1.5829999446868896, 1.5740000009536743, 1.562999963760376, 1.5670000314712524, 1.562999963760376, 1.5579999685287476, 1.5570000410079956, 1.559000015258789, 1.555999994277954, 1.5520000457763672, 1.5509999990463257, 1.5509999990463257, 1.5449999570846558, 1.5449999570846558, 1.5460000038146973, 1.5460000038146973, 1.5470000505447388, 1.5460000038146973, 1.5440000295639038, 1.5440000295639038, 1.5449999570846558, 1.5440000295639038, 1.5390000343322754, 1.531999945640564, 1.5230000019073486, 1.5269999504089355, 1.5269999504089355, 1.5290000438690186, 1.5290000438690186, 1.531999945640564, 1.5269999504089355, 1.524999976158142, 1.5240000486373901, 1.5230000019073486, 1.5190000534057617, 1.5230000019073486, 1.527999997138977, 1.5240000486373901, 1.5240000486373901, 1.5240000486373901, 1.5230000019073486, 1.5149999856948853, 1.5149999856948853, 1.5149999856948853, 1.5119999647140503, 1.5130000114440918, 1.5110000371932983, 1.5119999647140503, 1.5110000371932983, 1.5130000114440918, 1.5119999647140503, 1.5089999437332153, 1.5080000162124634, 1.5080000162124634, 1.5049999952316284, 1.503999948501587, 1.503000020980835, 1.496999979019165, 1.5010000467300415, 1.4930000305175781, 1.4850000143051147, 1.4839999675750732, 1.4830000400543213, 1.4819999933242798, 1.4830000400543213, 1.4809999465942383, 1.4789999723434448, 1.475000023841858, 1.472000002861023, 1.4739999771118164, 1.4730000495910645, 1.4730000495910645, 1.4709999561309814, 1.465999960899353, 1.4620000123977661, 1.4620000123977661, 1.4600000381469727, 1.4529999494552612, 1.4500000476837158, 1.4490000009536743, 1.4490000009536743, 1.444000005722046, 1.440000057220459, 1.437000036239624, 1.434000015258789, 1.4359999895095825, 1.434000015258789, 1.434000015258789, 1.4320000410079956, 1.4279999732971191, 1.4279999732971191, 1.4199999570846558, 1.4190000295639038, 1.4210000038146973, 1.4199999570846558, 1.4160000085830688, 1.4079999923706055, 1.4129999876022339, 1.4160000085830688, 1.4140000343322754, 1.4119999408721924, 1.4040000438690186, 1.4019999504089355, 1.4019999504089355, 1.3930000066757202, 1.3910000324249268, 1.3880000114440918, 1.3839999437332153, 1.378999948501587, 1.378000020980835, 1.3760000467300415, 1.3760000467300415, 1.3769999742507935, 1.3680000305175781, 1.3669999837875366, 1.3669999837875366, 1.3650000095367432, 1.3589999675750732, 1.3509999513626099, 1.3509999513626099, 1.347000002861023, 1.3450000286102295, 1.3420000076293945, 1.340999960899353, 1.3380000591278076, 1.3339999914169312, 1.3300000429153442, 1.3270000219345093, 1.3250000476837158, 1.3220000267028809, 1.3200000524520874, 1.319000005722046, 1.3200000524520874, 1.315999984741211, 1.315000057220459, 1.3009999990463257, 1.2990000247955322, 1.2979999780654907, 1.2970000505447388, 1.2940000295639038, 1.2910000085830688, 1.2869999408721924, 1.284000039100647, 1.2769999504089355, 1.2719999551773071, 1.2740000486373901, 1.2710000276565552, 1.2680000066757202, 1.2630000114440918, 1.2599999904632568, 1.2599999904632568, 1.2580000162124634, 1.253000020980835, 1.2480000257492065, 1.24399995803833, 1.2419999837875366, 1.2389999628067017, 1.2330000400543213, 1.2309999465942383, 1.2269999980926514, 1.222000002861023, 1.2209999561309814, 1.2230000495910645, 1.215999960899353, 1.215999960899353, 1.2120000123977661, 1.2089999914169312, 1.1979999542236328, 1.190999984741211, 1.1929999589920044, 1.1950000524520874, 1.1829999685287476, 1.1799999475479126, 1.1799999475479126, 1.1690000295639038, 1.1670000553131104, 1.1619999408721924, 1.1649999618530273, 1.1579999923706055, 1.1579999923706055, 1.1480000019073486, 1.1480000019073486, 1.1480000019073486, 1.1410000324249268, 1.1390000581741333, 1.1319999694824219, 1.1330000162124634, 1.13100004196167, 1.1260000467300415, 1.1239999532699585, 1.1230000257492065, 1.1160000562667847, 1.1130000352859497, 1.1069999933242798, 1.0989999771118164, 1.0950000286102295, 1.093000054359436, 1.090999960899353, 1.0889999866485596, 1.0859999656677246, 1.0850000381469727, 1.0850000381469727, 1.0809999704360962, 1.0779999494552612, 1.0720000267028809, 1.062999963760376, 1.059000015258789, 1.0529999732971191, 1.0529999732971191, 1.0509999990463257, 1.0499999523162842, 1.0410000085830688, 1.0369999408721924, 1.0390000343322754, 1.0360000133514404, 1.024999976158142, 1.0149999856948853, 1.0099999904632568, 1.003999948501587, 1.0, 1.0, 0.996999979019165, 0.9909999966621399, 0.9860000014305115, 0.9810000061988831, 0.9810000061988831, 0.9769999980926514, 0.9760000109672546, 0.9670000076293945, 0.9639999866485596, 0.953000009059906, 0.953000009059906, 0.949999988079071, 0.949999988079071, 0.9470000267028809, 0.9350000023841858, 0.9350000023841858, 0.9359999895095825, 0.9330000281333923, 0.9269999861717224, 0.9190000295639038, 0.9160000085830688, 0.9229999780654907, 0.9129999876022339, 0.9100000262260437, 0.8999999761581421, 0.8960000276565552, 0.8970000147819519, 0.8899999856948853, 0.8899999856948853, 0.8899999856948853, 0.8809999823570251, 0.8740000128746033, 0.871999979019165, 0.8659999966621399, 0.8650000095367432, 0.8629999756813049, 0.859000027179718, 0.8519999980926514, 0.8519999980926514, 0.847000002861023, 0.8460000157356262, 0.8460000157356262, 0.8429999947547913, 0.8360000252723694, 0.8370000123977661, 0.8299999833106995, 0.8259999752044678, 0.8230000138282776, 0.8209999799728394, 0.8190000057220459, 0.8130000233650208, 0.8140000104904175, 0.8140000104904175, 0.8050000071525574, 0.8040000200271606, 0.8050000071525574, 0.8009999990463257, 0.7900000214576721, 0.7839999794960022, 0.7829999923706055, 0.7829999923706055, 0.7820000052452087, 0.777999997138977, 0.777999997138977, 0.7789999842643738, 0.777999997138977, 0.777999997138977, 0.7760000228881836, 0.7710000276565552, 0.7689999938011169, 0.7620000243186951, 0.7620000243186951, 0.7639999985694885, 0.7599999904632568, 0.7519999742507935, 0.753000020980835, 0.7519999742507935, 0.7519999742507935, 0.75, 0.7419999837875366, 0.7400000095367432, 0.7440000176429749, 0.7440000176429749, 0.7269999980926514, 0.7260000109672546, 0.7260000109672546, 0.7260000109672546, 0.7260000109672546, 0.7260000109672546, 0.7269999980926514, 0.7279999852180481, 0.7279999852180481, 0.7210000157356262, 0.7139999866485596, 0.7120000123977661, 0.7129999995231628, 0.7129999995231628, 0.7120000123977661, 0.7139999866485596, 0.7160000205039978, 0.7110000252723694, 0.7070000171661377, 0.7070000171661377, 0.6970000267028809, 0.6959999799728394, 0.699999988079071, 0.7009999752044678, 0.703000009059906, 0.7009999752044678, 0.7009999752044678, 0.6909999847412109, 0.6890000104904175, 0.6890000104904175, 0.6869999766349792, 0.6869999766349792, 0.6869999766349792, 0.6840000152587891, 0.6819999814033508, 0.6819999814033508, 0.6880000233650208, 0.6880000233650208, 0.6880000233650208, 0.6819999814033508, 0.6769999861717224, 0.6769999861717224, 0.6690000295639038, 0.6710000038146973, 0.6729999780654907, 0.675000011920929, 0.6769999861717224, 0.6729999780654907, 0.6710000038146973, 0.6690000295639038, 0.6690000295639038, 0.6679999828338623, 0.6679999828338623, 0.6669999957084656, 0.6650000214576721, 0.6679999828338623, 0.6679999828338623, 0.6629999876022339, 0.6639999747276306, 0.6629999876022339, 0.6589999794960022, 0.6579999923706055, 0.6579999923706055, 0.6579999923706055, 0.6579999923706055, 0.6499999761581421, 0.6499999761581421, 0.6520000100135803, 0.656000018119812, 0.656000018119812, 0.6549999713897705, 0.6539999842643738, 0.6520000100135803, 0.6549999713897705, 0.6549999713897705, 0.6549999713897705, 0.6549999713897705, 0.6549999713897705, 0.6539999842643738, 0.6539999842643738, 0.6480000019073486, 0.6430000066757202, 0.6420000195503235, 0.6420000195503235, 0.6420000195503235, 0.6480000019073486, 0.6489999890327454, 0.6480000019073486, 0.6460000276565552, 0.6449999809265137, 0.6489999890327454, 0.6489999890327454, 0.6510000228881836, 0.6520000100135803, 0.6510000228881836, 0.6449999809265137, 0.6439999938011169, 0.6449999809265137, 0.6480000019073486, 0.6449999809265137, 0.6460000276565552, 0.6330000162124634, 0.6349999904632568, 0.6370000243186951, 0.6370000243186951, 0.6370000243186951, 0.6430000066757202, 0.6449999809265137, 0.6399999856948853, 0.6399999856948853, 0.6470000147819519, 0.6420000195503235, 0.6380000114440918, 0.6359999775886536, 0.6359999775886536, 0.6359999775886536, 0.6370000243186951, 0.6349999904632568, 0.6359999775886536, 0.6349999904632568, 0.6340000033378601, 0.6359999775886536, 0.6359999775886536, 0.6340000033378601, 0.6389999985694885, 0.6359999775886536, 0.6359999775886536, 0.6359999775886536, 0.6380000114440918, 0.6370000243186951, 0.6359999775886536, 0.6359999775886536, 0.6359999775886536, 0.6359999775886536, 0.6399999856948853, 0.640999972820282, 0.6380000114440918, 0.6389999985694885, 0.6420000195503235, 0.6460000276565552, 0.6420000195503235, 0.6359999775886536, 0.6349999904632568, 0.6349999904632568, 0.6430000066757202, 0.6399999856948853, 0.6399999856948853, 0.6380000114440918, 0.6460000276565552, 0.6460000276565552, 0.6430000066757202, 0.640999972820282, 0.640999972820282, 0.640999972820282, 0.6420000195503235, 0.6449999809265137, 0.6399999856948853, 0.6399999856948853, 0.6449999809265137, 0.6480000019073486, 0.640999972820282, 0.640999972820282, 0.6420000195503235, 0.6489999890327454, 0.6499999761581421, 0.6470000147819519, 0.6520000100135803, 0.6520000100135803, 0.6499999761581421, 0.6430000066757202, 0.6430000066757202, 0.6449999809265137, 0.6480000019073486, 0.6499999761581421, 0.6489999890327454, 0.6489999890327454, 0.6520000100135803, 0.652999997138977, 0.6510000228881836, 0.6510000228881836, 0.656000018119812, 0.6549999713897705, 0.6549999713897705, 0.6589999794960022, 0.6589999794960022, 0.6570000052452087, 0.6570000052452087, 0.6570000052452087, 0.6650000214576721, 0.6600000262260437, 0.6600000262260437, 0.6589999794960022, 0.6579999923706055, 0.6589999794960022, 0.6570000052452087, 0.6610000133514404, 0.6639999747276306, 0.6660000085830688, 0.6660000085830688, 0.6639999747276306, 0.6639999747276306, 0.6660000085830688, 0.6740000247955322, 0.6710000038146973, 0.6679999828338623, 0.6729999780654907, 0.6729999780654907, 0.6740000247955322, 0.6779999732971191, 0.6819999814033508, 0.6830000281333923, 0.6869999766349792, 0.6800000071525574, 0.6809999942779541, 0.6819999814033508, 0.6850000023841858, 0.6869999766349792, 0.6859999895095825, 0.6859999895095825, 0.6859999895095825, 0.6919999718666077, 0.6919999718666077, 0.6990000009536743, 0.6980000138282776, 0.6940000057220459, 0.6899999976158142, 0.6919999718666077, 0.6930000185966492, 0.6959999799728394, 0.6970000267028809, 0.699999988079071, 0.699999988079071, 0.7099999785423279, 0.7099999785423279, 0.7120000123977661, 0.7149999737739563, 0.7139999866485596, 0.7179999947547913, 0.718999981880188, 0.7210000157356262, 0.7229999899864197, 0.7269999980926514, 0.7229999899864197, 0.7239999771118164, 0.7239999771118164, 0.7260000109672546, 0.7229999899864197, 0.7279999852180481, 0.7279999852180481, 0.722000002861023, 0.718999981880188, 0.7239999771118164, 0.7279999852180481, 0.7329999804496765, 0.7360000014305115, 0.7419999837875366, 0.7319999933242798, 0.7319999933242798, 0.7319999933242798, 0.7350000143051147, 0.7400000095367432, 0.7400000095367432, 0.7409999966621399, 0.7459999918937683, 0.7440000176429749, 0.7440000176429749, 0.7429999709129333, 0.7429999709129333, 0.7429999709129333, 0.753000020980835, 0.7559999823570251, 0.7590000033378601, 0.7649999856948853, 0.7630000114440918, 0.7540000081062317, 0.7620000243186951, 0.765999972820282, 0.7680000066757202, 0.7680000066757202, 0.7680000066757202, 0.777999997138977, 0.777999997138977, 0.7820000052452087, 0.7870000004768372, 0.7829999923706055, 0.7770000100135803, 0.7799999713897705, 0.7829999923706055, 0.7720000147819519, 0.7730000019073486, 0.7870000004768372, 0.7960000038146973, 0.7940000295639038, 0.7889999747276306, 0.7850000262260437, 0.7929999828338623, 0.8040000200271606, 0.8040000200271606, 0.8009999990463257, 0.8059999942779541, 0.8240000009536743, 0.824999988079071, 0.828000009059906, 0.8349999785423279, 0.8389999866485596, 0.8389999866485596, 0.8479999899864197, 0.8600000143051147, 0.8600000143051147, 0.8569999933242798, 0.8539999723434448, 0.8550000190734863, 0.8700000047683716, 0.8759999871253967, 0.878000020980835, 0.875, 0.875, 0.8820000290870667]
intensities: [1139.0, 1158.0, 1210.0, 1215.0, 1307.0, 1346.0, 1395.0, 1450.0, 1451.0, 1448.0, 1460.0, 1455.0, 1436.0, 1435.0, 1288.0, 1121.0, 1102.0, 1044.0, 841.0, 763.0, 834.0, 914.0, 970.0, 995.0, 995.0, 1011.0, 1007.0, 1080.0, 1114.0, 1247.0, 1414.0, 1430.0, 1460.0, 1479.0, 1490.0, 1482.0, 1490.0, 1486.0, 1485.0, 1480.0, 1470.0, 1467.0, 1473.0, 1455.0, 1456.0, 1459.0, 1455.0, 1460.0, 1470.0, 1428.0, 1423.0, 1429.0, 1429.0, 1414.0, 1404.0, 1404.0, 1411.0, 1414.0, 1425.0, 1430.0, 1412.0, 1398.0, 1399.0, 1395.0, 1424.0, 1414.0, 1410.0, 1415.0, 1402.0, 1390.0, 1388.0, 1388.0, 1385.0, 1396.0, 1375.0, 1388.0, 1374.0, 1384.0, 1358.0, 1358.0, 1364.0, 1366.0, 1336.0, 1326.0, 1348.0, 1348.0, 1336.0, 1340.0, 1338.0, 1339.0, 1314.0, 1339.0, 1328.0, 1328.0, 1326.0, 1325.0, 1306.0, 1315.0, 1318.0, 1320.0, 1320.0, 1305.0, 1305.0, 1303.0, 1308.0, 1309.0, 1309.0, 1312.0, 1301.0, 1311.0, 1307.0, 1302.0, 1307.0, 1306.0, 1309.0, 1305.0, 1306.0, 1301.0, 1310.0, 1310.0, 1296.0, 1296.0, 1320.0, 1309.0, 1312.0, 1305.0, 1305.0, 1303.0, 1302.0, 1299.0, 1294.0, 1275.0, 1278.0, 1281.0, 1265.0, 1266.0, 1280.0, 1285.0, 1297.0, 1305.0, 1290.0, 1282.0, 1295.0, 1265.0, 1280.0, 1275.0, 1275.0, 1280.0, 1280.0, 1278.0, 1270.0, 1289.0, 1276.0, 1278.0, 1280.0, 1277.0, 1270.0, 1266.0, 1256.0, 1259.0, 1271.0, 1248.0, 1249.0, 1254.0, 1270.0, 1262.0, 1269.0, 1258.0, 1266.0, 1254.0, 1252.0, 1266.0, 1250.0, 1257.0, 1265.0, 1253.0, 1242.0, 1261.0, 1248.0, 1241.0, 1248.0, 1248.0, 1247.0, 1240.0, 1228.0, 1230.0, 1229.0, 1200.0, 1210.0, 1222.0, 1209.0, 1194.0, 1188.0, 1192.0, 1187.0, 1185.0, 1183.0, 1175.0, 1167.0, 1171.0, 1176.0, 1167.0, 1170.0, 1152.0, 1152.0, 1141.0, 1137.0, 1140.0, 1138.0, 1141.0, 1132.0, 1147.0, 1147.0, 1146.0, 1134.0, 1133.0, 1133.0, 1131.0, 1123.0, 1107.0, 1123.0, 1135.0, 1128.0, 1129.0, 1132.0, 1130.0, 1119.0, 1111.0, 1122.0, 1122.0, 1130.0, 1127.0, 1124.0, 1113.0, 1120.0, 1145.0, 1110.0, 1110.0, 1125.0, 1126.0, 1114.0, 1116.0, 1121.0, 1106.0, 1115.0, 1143.0, 1143.0, 1140.0, 1131.0, 1131.0, 1116.0, 1121.0, 1138.0, 1148.0, 1120.0, 1138.0, 1132.0, 1132.0, 1135.0, 1111.0, 1115.0, 1110.0, 1119.0, 1116.0, 1124.0, 1115.0, 1107.0, 1101.0, 1110.0, 1122.0, 1135.0, 1131.0, 1110.0, 1117.0, 1117.0, 1125.0, 1127.0, 1135.0, 1136.0, 1134.0, 1131.0, 1121.0, 1112.0, 1097.0, 1097.0, 1131.0, 1139.0, 1140.0, 1122.0, 1125.0, 1156.0, 1138.0, 1103.0, 1103.0, 1160.0, 1138.0, 1127.0, 1133.0, 1133.0, 1133.0, 1114.0, 1110.0, 1110.0, 1110.0, 1118.0, 1127.0, 1127.0, 1123.0, 1131.0, 1141.0, 1141.0, 1119.0, 1102.0, 1128.0, 1154.0, 1156.0, 1166.0, 1161.0, 1158.0, 1152.0, 1177.0, 1175.0, 1180.0, 1190.0, 1190.0, 1193.0, 1195.0, 1185.0, 1199.0, 1198.0, 1198.0, 1213.0, 1202.0, 1216.0, 1208.0, 1208.0, 1209.0, 1225.0, 1240.0, 1245.0, 1247.0, 1236.0, 1236.0, 1239.0, 1249.0, 1243.0, 1243.0, 1249.0, 1253.0, 1245.0, 1232.0, 1258.0, 1258.0, 1258.0, 1260.0, 1258.0, 1259.0, 1259.0, 1265.0, 1265.0, 1259.0, 1286.0, 1273.0, 1293.0, 1278.0, 1282.0, 1293.0, 1291.0, 1290.0, 1308.0, 1308.0, 1310.0, 1312.0, 1318.0, 1309.0, 1303.0, 1302.0, 1318.0, 1328.0, 1330.0, 1313.0, 1307.0, 1318.0, 1333.0, 1327.0, 1327.0, 1339.0, 1344.0, 1336.0, 1325.0, 1348.0, 1351.0, 1344.0, 1340.0, 1327.0, 1329.0, 1313.0, 1311.0, 1322.0, 1326.0, 1309.0, 1309.0, 1308.0, 1289.0, 1288.0, 1285.0, 1270.0, 1279.0, 1301.0, 1369.0, 1530.0, 1490.0, 1295.0, 1265.0, 1252.0, 1209.0, 1163.0, 1160.0, 1395.0, 1480.0, 1526.0, 1472.0, 1456.0, 1449.0, 1425.0, 1370.0, 1279.0, 1122.0, 1135.0, 1133.0, 1129.0, 1108.0, 1114.0, 1107.0, 1105.0, 1100.0, 1109.0, 1098.0, 1127.0, 1126.0, 1120.0, 1125.0, 1128.0, 1113.0, 1115.0, 1117.0, 1132.0, 1129.0, 1130.0, 1122.0, 1135.0, 1140.0, 1135.0, 1139.0, 1126.0, 1132.0, 1130.0, 1165.0, 1152.0, 1152.0, 1133.0, 1120.0, 1141.0, 1127.0, 1121.0, 1127.0, 1131.0, 1122.0, 1124.0, 1125.0, 1141.0, 1134.0, 1140.0, 1146.0, 1148.0, 1153.0, 1146.0, 1141.0, 1139.0, 1147.0, 1141.0, 1150.0, 1154.0, 1137.0, 1155.0, 1155.0, 1144.0, 1143.0, 1140.0, 1134.0, 1137.0, 1148.0, 1146.0, 1128.0, 1134.0, 1140.0, 1141.0, 1146.0, 1141.0, 1143.0, 1135.0, 1140.0, 1140.0, 1108.0, 1126.0, 1130.0, 1133.0, 1127.0, 1127.0, 1126.0, 1143.0, 1139.0, 1139.0, 1137.0, 1139.0, 1147.0, 1137.0, 1139.0, 1139.0, 1141.0, 1138.0, 1135.0, 1136.0, 1140.0, 1141.0, 1149.0, 1133.0, 1136.0, 1152.0, 1151.0, 1140.0, 1156.0, 1149.0, 1132.0, 1132.0, 1139.0, 1151.0, 1148.0, 1140.0, 1140.0, 1145.0, 1147.0, 1145.0, 1145.0, 1147.0, 1135.0, 1135.0, 1153.0, 1160.0, 1169.0, 1152.0, 1164.0, 1171.0, 1168.0, 1176.0, 1168.0, 1179.0, 1179.0, 1179.0, 1176.0, 1183.0, 1171.0, 1187.0, 1175.0, 1173.0, 1160.0, 1177.0, 1174.0, 1187.0, 1196.0, 1196.0, 1178.0, 1191.0, 1197.0, 1192.0, 1186.0, 1172.0, 1167.0, 1174.0, 1178.0, 1177.0, 1171.0, 1162.0, 1169.0, 1172.0, 1182.0, 1180.0, 1179.0, 1173.0, 1179.0, 1191.0, 1210.0, 1195.0, 1207.0, 1203.0, 1197.0, 1191.0, 1197.0, 1189.0, 1211.0, 1209.0, 1215.0, 1211.0, 1199.0, 1203.0, 1206.0, 1209.0, 1217.0, 1219.0, 1233.0, 1231.0, 1224.0, 1228.0, 1218.0, 1222.0, 1219.0, 1234.0, 1227.0, 1227.0, 1230.0, 1240.0, 1239.0, 1223.0, 1235.0, 1240.0, 1237.0, 1253.0, 1244.0, 1256.0, 1268.0, 1256.0, 1247.0, 1246.0, 1246.0, 1253.0, 1238.0, 1251.0, 1252.0, 1250.0, 1262.0, 1267.0, 1267.0, 1261.0, 1264.0, 1277.0, 1282.0, 1283.0, 1273.0, 1275.0, 1296.0, 1284.0, 1280.0, 1280.0, 1293.0, 1283.0, 1283.0, 1286.0, 1280.0, 1312.0, 1302.0, 1328.0, 1311.0, 1295.0, 1310.0, 1309.0, 1319.0, 1318.0, 1337.0, 1339.0, 1334.0, 1337.0, 1332.0, 1337.0, 1344.0, 1339.0, 1332.0, 1317.0, 1340.0, 1336.0, 1326.0, 1337.0, 1344.0, 1333.0, 1325.0, 1325.0, 1307.0, 1321.0, 1335.0, 1322.0, 1342.0, 1342.0, 1329.0, 1328.0, 1344.0, 1342.0, 1334.0, 1335.0, 1336.0, 1347.0, 1365.0, 1356.0, 1405.0, 1385.0, 1389.0, 1415.0, 1391.0, 1414.0, 1376.0, 1376.0, 1376.0, 1406.0, 1423.0, 1415.0, 1413.0, 1403.0, 1409.0, 1414.0, 1402.0, 1401.0, 1415.0, 1414.0, 1414.0, 1408.0, 1419.0, 1423.0, 1434.0, 1440.0, 1439.0, 1446.0, 1452.0, 1470.0, 1476.0, 1476.0, 1516.0, 1507.0, 1531.0, 1508.0, 1506.0, 1492.0, 1510.0, 1525.0, 1524.0, 1526.0, 1524.0, 1557.0, 1537.0, 1535.0, 1530.0, 1537.0, 1548.0, 1547.0, 1554.0, 1540.0, 1556.0, 1576.0, 1557.0, 1520.0, 1509.0, 1536.0, 1540.0, 1550.0, 1567.0, 1567.0, 1558.0, 1567.0, 1550.0, 1544.0, 1558.0, 1568.0, 1555.0, 1565.0, 1561.0, 1544.0, 1569.0, 1538.0, 1564.0, 1560.0, 1559.0, 1559.0, 1559.0, 1551.0, 1523.0, 1551.0, 1549.0, 1548.0, 1554.0, 1563.0, 1565.0, 1565.0, 1565.0, 1561.0, 1552.0, 1552.0, 1568.0, 1555.0, 1558.0, 1543.0, 1544.0, 1544.0, 1542.0, 1533.0, 1542.0, 1553.0, 1563.0, 1563.0, 1550.0, 1563.0, 1555.0, 1548.0, 1547.0, 1545.0, 1539.0, 1558.0, 1558.0, 1547.0, 1547.0, 1552.0, 1550.0, 1548.0, 1548.0, 1553.0, 1563.0, 1541.0, 1549.0, 1536.0, 1531.0, 1535.0, 1549.0, 1547.0, 1548.0, 1539.0, 1564.0, 1566.0, 1535.0, 1523.0, 1509.0, 1531.0, 1526.0, 1535.0, 1544.0, 1528.0, 1527.0, 1527.0, 1533.0, 1530.0, 1535.0, 1535.0, 1536.0, 1511.0, 1504.0, 1493.0, 1494.0, 1495.0, 1512.0, 1512.0, 1525.0, 1508.0, 1496.0, 1459.0, 1473.0, 1490.0, 1504.0, 1509.0, 1501.0, 1440.0, 1438.0, 1437.0, 1436.0, 1436.0, 1438.0, 1420.0, 1436.0, 1436.0, 1437.0, 1428.0, 1419.0, 1421.0, 1429.0, 1429.0, 1440.0, 1410.0, 1414.0, 1426.0, 1413.0, 1423.0, 1423.0, 1429.0, 1424.0, 1425.0, 1415.0, 1426.0, 1438.0, 1429.0, 1424.0, 1418.0, 1412.0, 1411.0, 1409.0, 1409.0, 1410.0, 1411.0, 1417.0, 1423.0, 1417.0, 1405.0, 1410.0, 1410.0, 1390.0, 1375.0, 1375.0, 1378.0, 1381.0, 1383.0, 1391.0, 1362.0, 1361.0, 1362.0, 1373.0, 1358.0, 1352.0, 1351.0, 1357.0, 1357.0, 1340.0, 1340.0, 1337.0, 1333.0, 1323.0, 1336.0, 1326.0, 1332.0, 1330.0, 1322.0, 1325.0, 1313.0, 1315.0, 1316.0, 1311.0, 1319.0, 1309.0, 1308.0, 1309.0, 1309.0, 1308.0, 1310.0, 1309.0, 1301.0, 1301.0, 1291.0, 1291.0, 1271.0, 1293.0, 1274.0, 1287.0, 1281.0, 1277.0, 1282.0, 1288.0, 1297.0, 1283.0, 1289.0, 1303.0, 1308.0, 1308.0, 1303.0, 1307.0, 1292.0, 1277.0, 1297.0, 1300.0, 1311.0, 1317.0, 1314.0, 1301.0, 1288.0, 1290.0, 1312.0, 1316.0, 1312.0, 1309.0, 1301.0, 1295.0, 1301.0, 1304.0, 1302.0, 1293.0, 1290.0, 1287.0, 1291.0, 1280.0, 1270.0, 1290.0, 1282.0, 1286.0, 1286.0, 1310.0, 1310.0, 1306.0, 1306.0, 1309.0, 1305.0, 1300.0, 1307.0, 1310.0, 1313.0, 1308.0, 1275.0, 1275.0, 1293.0, 1298.0, 1311.0, 1311.0, 1276.0, 1281.0, 1304.0, 1307.0, 1305.0, 1313.0, 1306.0, 1317.0, 1318.0, 1326.0, 1309.0, 1292.0, 1292.0, 1297.0, 1298.0, 1293.0, 1303.0, 1295.0, 1295.0, 1294.0, 1317.0, 1326.0, 1338.0, 1331.0, 1325.0, 1311.0, 1313.0, 1311.0, 1289.0, 1289.0, 1289.0, 1317.0, 1317.0, 1308.0, 1300.0, 1322.0, 1306.0, 1306.0, 1306.0, 1290.0, 1292.0, 1305.0, 1297.0, 1300.0, 1313.0, 1321.0, 1314.0, 1302.0, 1298.0, 1293.0, 1300.0, 1286.0, 1293.0, 1293.0, 1275.0, 1253.0, 1253.0, 1264.0, 1267.0, 1271.0, 1276.0, 1283.0, 1278.0, 1253.0, 1247.0, 1243.0, 1236.0, 1229.0, 1230.0]