header: 
  seq: 2184
  stamp: 
    secs: 1548820811
    nsecs: 795638524
  frame_id: "base_link"
angle_min: -2.35619449615
angle_max: 2.35619449615
angle_increment: 0.00436332309619
time_increment: 1.73611151695e-05
scan_time: 0.0250000003725
range_min: 0.019999999553
range_max: 30.0
ranges: [0.47999998927116394, 0.48399999737739563, 0.47699999809265137, 0.47699999809265137, 0.48500001430511475, 0.4909999966621399, 0.492000013589859, 0.4950000047683716, 0.4950000047683716, 0.492000013589859, 0.49300000071525574, 0.4869999885559082, 0.48500001430511475, 0.4819999933242798, 0.45500001311302185, 0.453000009059906, 0.42100000381469727, 0.37700000405311584, 0.2800000011920929, 0.2800000011920929, 0.36399999260902405, 0.39500001072883606, 0.4490000009536743, 0.460999995470047, 0.46000000834465027, 0.460999995470047, 0.4650000035762787, 0.46299999952316284, 0.4659999907016754, 0.45899999141693115, 0.4449999928474426, 0.47099998593330383, 0.4580000042915344, 0.4699999988079071, 0.4699999988079071, 0.4659999907016754, 0.4659999907016754, 0.4580000042915344, 0.4580000042915344, 0.45100000500679016, 0.45100000500679016, 0.44999998807907104, 0.4560000002384186, 0.453000009059906, 0.453000009059906, 0.44999998807907104, 0.4440000057220459, 0.4480000138282776, 0.453000009059906, 0.44600000977516174, 0.43700000643730164, 0.4440000057220459, 0.4429999887943268, 0.4429999887943268, 0.4490000009536743, 0.44600000977516174, 0.43799999356269836, 0.43700000643730164, 0.4339999854564667, 0.4300000071525574, 0.42899999022483826, 0.4300000071525574, 0.4339999854564667, 0.43299999833106995, 0.42500001192092896, 0.4230000078678131, 0.42500001192092896, 0.42500001192092896, 0.4230000078678131, 0.42500001192092896, 0.4180000126361847, 0.42500001192092896, 0.42500001192092896, 0.4230000078678131, 0.4230000078678131, 0.42100000381469727, 0.421999990940094, 0.4169999957084656, 0.4129999876022339, 0.4090000092983246, 0.4090000092983246, 0.41600000858306885, 0.41600000858306885, 0.41499999165534973, 0.41499999165534973, 0.42100000381469727, 0.4180000126361847, 0.41200000047683716, 0.41200000047683716, 0.41200000047683716, 0.4169999957084656, 0.4169999957084656, 0.4169999957084656, 0.41600000858306885, 0.414000004529953, 0.414000004529953, 0.41499999165534973, 0.41600000858306885, 0.4129999876022339, 0.4059999883174896, 0.40799999237060547, 0.41100001335144043, 0.4059999883174896, 0.4050000011920929, 0.40299999713897705, 0.40400001406669617, 0.40299999713897705, 0.4000000059604645, 0.4000000059604645, 0.4020000100135803, 0.40799999237060547, 0.40799999237060547, 0.41100001335144043, 0.4099999964237213, 0.4059999883174896, 0.40299999713897705, 0.4059999883174896, 0.4009999930858612, 0.39800000190734863, 0.39800000190734863, 0.39500001072883606, 0.3970000147819519, 0.38999998569488525, 0.3889999985694885, 0.4000000059604645, 0.40299999713897705, 0.3970000147819519, 0.39399999380111694, 0.39100000262260437, 0.3880000114440918, 0.3869999945163727, 0.3919999897480011, 0.3930000066757202, 0.3930000066757202, 0.3919999897480011, 0.38999998569488525, 0.39100000262260437, 0.3959999978542328, 0.3959999978542328, 0.38999998569488525, 0.38499999046325684, 0.3889999985694885, 0.39100000262260437, 0.38999998569488525, 0.3840000033378601, 0.3799999952316284, 0.3799999952316284, 0.38999998569488525, 0.38999998569488525, 0.39100000262260437, 0.39100000262260437, 0.3889999985694885, 0.38999998569488525, 0.3970000147819519, 0.39100000262260437, 0.3799999952316284, 0.3779999911785126, 0.3779999911785126, 0.38199999928474426, 0.38199999928474426, 0.3799999952316284, 0.3790000081062317, 0.38199999928474426, 0.38499999046325684, 0.38199999928474426, 0.38199999928474426, 0.37700000405311584, 0.3720000088214874, 0.37599998712539673, 0.3799999952316284, 0.3799999952316284, 0.37400001287460327, 0.375, 0.375, 0.3779999911785126, 0.38100001215934753, 0.3840000033378601, 0.382999986410141, 0.3799999952316284, 0.3799999952316284, 0.38100001215934753, 0.38100001215934753, 0.38100001215934753, 0.38499999046325684, 0.3799999952316284, 0.38100001215934753, 0.3799999952316284, 0.3799999952316284, 0.3779999911785126, 0.3779999911785126, 0.3790000081062317, 0.382999986410141, 0.38100001215934753, 0.3790000081062317, 0.3790000081062317, 0.3790000081062317, 0.37700000405311584, 0.37599998712539673, 0.37700000405311584, 0.37599998712539673, 0.375, 0.375, 0.3709999918937683, 0.37599998712539673, 0.3720000088214874, 0.37700000405311584, 0.382999986410141, 0.37700000405311584, 0.37400001287460327, 0.375, 0.3790000081062317, 0.37599998712539673, 0.37299999594688416, 0.3720000088214874, 0.37700000405311584, 0.37599998712539673, 0.3790000081062317, 0.3720000088214874, 0.36399999260902405, 0.375, 0.37400001287460327, 0.37400001287460327, 0.375, 0.3720000088214874, 0.3700000047683716, 0.3700000047683716, 0.36399999260902405, 0.37299999594688416, 0.37700000405311584, 0.37400001287460327, 0.37299999594688416, 0.37400001287460327, 0.3799999952316284, 0.3779999911785126, 0.367000013589859, 0.367000013589859, 0.37700000405311584, 0.3779999911785126, 0.3779999911785126, 0.3790000081062317, 0.38100001215934753, 0.3799999952316284, 0.38199999928474426, 0.38199999928474426, 0.38199999928474426, 0.3799999952316284, 0.38100001215934753, 0.375, 0.375, 0.38100001215934753, 0.3799999952316284, 0.3799999952316284, 0.382999986410141, 0.382999986410141, 0.382999986410141, 0.38100001215934753, 0.382999986410141, 0.3799999952316284, 0.38100001215934753, 0.38199999928474426, 0.3889999985694885, 0.38999998569488525, 0.38999998569488525, 0.3869999945163727, 0.38499999046325684, 0.3889999985694885, 0.3959999978542328, 0.3970000147819519, 0.3970000147819519, 0.3919999897480011, 0.3959999978542328, 0.4009999930858612, 0.40700000524520874, 0.3959999978542328, 0.3959999978542328, 0.4000000059604645, 0.4020000100135803, 0.4050000011920929, 0.40799999237060547, 0.4129999876022339, 0.4129999876022339, 0.4169999957084656, 0.4189999997615814, 0.41600000858306885, 0.41600000858306885, 0.4180000126361847, 0.4180000126361847, 0.4180000126361847, 0.42100000381469727, 0.4189999997615814, 0.4129999876022339, 0.4180000126361847, 0.42399999499320984, 0.42500001192092896, 0.4269999861717224, 0.4269999861717224, 0.4230000078678131, 0.4269999861717224, 0.42899999022483826, 0.4309999942779541, 0.42899999022483826, 0.43299999833106995, 0.4350000023841858, 0.43700000643730164, 0.44200000166893005, 0.4440000057220459, 0.4449999928474426, 0.4429999887943268, 0.4449999928474426, 0.4429999887943268, 0.453000009059906, 0.4519999921321869, 0.44999998807907104, 0.44999998807907104, 0.453000009059906, 0.453000009059906, 0.453000009059906, 0.45399999618530273, 0.453000009059906, 0.4560000002384186, 0.460999995470047, 0.46299999952316284, 0.46700000762939453, 0.47099998593330383, 0.47099998593330383, 0.47200000286102295, 0.4659999907016754, 0.47099998593330383, 0.47099998593330383, 0.47699999809265137, 0.4740000069141388, 0.47600001096725464, 0.47999998927116394, 0.4779999852180481, 0.48399999737739563, 0.4790000021457672, 0.48399999737739563, 0.48399999737739563, 0.4860000014305115, 0.4880000054836273, 0.48899999260902405, 0.49799999594688416, 0.5009999871253967, 0.5009999871253967, 0.5059999823570251, 0.5059999823570251, 0.5049999952316284, 0.5049999952316284, 0.5070000290870667, 0.5059999823570251, 0.5099999904632568, 0.5189999938011169, 0.5289999842643738, 0.531000018119812, 0.5320000052452087, 0.527999997138977, 0.5289999842643738, 0.5329999923706055, 0.5329999923706055, 0.5370000004768372, 0.5370000004768372, 0.5419999957084656, 0.5460000038146973, 0.5479999780654907, 0.5479999780654907, 0.5479999780654907, 0.5540000200271606, 0.5569999814033508, 0.5529999732971191, 0.5569999814033508, 0.5630000233650208, 0.5640000104904175, 0.5640000104904175, 0.5770000219345093, 0.5789999961853027, 0.5789999961853027, 0.5860000252723694, 0.5860000252723694, 0.5789999961853027, 0.578000009059906, 0.5950000286102295, 0.6010000109672546, 0.6000000238418579, 0.6010000109672546, 0.6010000109672546, 0.6110000014305115, 0.6159999966621399, 0.6150000095367432, 0.6159999966621399, 0.6200000047683716, 0.6259999871253967, 0.628000020980835, 0.6309999823570251, 0.6370000243186951, 0.6430000066757202, 0.6430000066757202, 0.6489999890327454, 0.6510000228881836, 0.6510000228881836, 0.6549999713897705, 0.6639999747276306, 0.6669999957084656, 0.6700000166893005, 0.6740000247955322, 0.6740000247955322, 0.6809999942779541, 0.6859999895095825, 0.6859999895095825, 0.6880000233650208, 0.6919999718666077, 0.6970000267028809, 0.699999988079071, 0.7039999961853027, 0.7049999833106995, 0.7110000252723694, 0.7080000042915344, 0.7160000205039978, 0.7179999947547913, 0.7289999723434448, 0.734000027179718, 0.746999979019165, 0.7549999952316284, 0.7570000290870667, 0.7570000290870667, 0.7670000195503235, 0.7749999761581421, 0.7820000052452087, 0.7919999957084656, 0.796999990940094, 0.8009999990463257, 0.8119999766349792, 0.8209999799728394, 0.8220000267028809, 0.8349999785423279, 0.8360000252723694, 0.843999981880188, 0.8550000190734863, 0.8629999756813049, 0.8709999918937683, 0.8759999871253967, 0.8980000019073486, 0.9079999923706055, 0.9150000214576721, 0.9160000085830688, 0.9290000200271606, 0.9340000152587891, 0.9369999766349792, 0.9570000171661377, 1.0019999742507935, 1.0520000457763672, 1.1629999876022339, 1.3730000257492065, 2.0160000324249268, 2.0290000438690186, 2.0409998893737793, 2.052999973297119, 2.059999942779541, 2.065000057220459, 2.061000108718872, 2.061000108718872, 2.065000057220459, 2.055000066757202, 2.055000066757202, 2.055000066757202, 2.063999891281128, 2.061000108718872, 2.052999973297119, 2.055999994277954, 2.059000015258789, 2.056999921798706, 2.053999900817871, 2.0510001182556152, 2.055999994277954, 2.065000057220459, 2.059000015258789, 2.056999921798706, 2.056999921798706, 2.059000015258789, 2.055000066757202, 2.053999900817871, 2.061000108718872, 2.059999942779541, 2.055999994277954, 2.055000066757202, 2.046999931335449, 2.046999931335449, 2.049999952316284, 2.0420000553131104, 2.0399999618530273, 2.0390000343322754, 2.0439999103546143, 2.055000066757202, 2.0429999828338623, 2.0339999198913574, 2.0350000858306885, 2.0290000438690186, 2.0290000438690186, 2.0239999294281006, 2.0239999294281006, 2.0230000019073486, 2.0209999084472656, 2.0160000324249268, 2.0160000324249268, 2.015000104904175, 2.015000104904175, 2.013000011444092, 2.013000011444092, 2.006999969482422, 2.009000062942505, 2.00600004196167, 2.0, 2.000999927520752, 2.003999948501587, 2.003999948501587, 1.9910000562667847, 1.9850000143051147, 1.9789999723434448, 1.9789999723434448, 1.9800000190734863, 1.9819999933242798, 1.9780000448226929, 1.9639999866485596, 1.9639999866485596, 1.9600000381469727, 1.9570000171661377, 1.9570000171661377, 1.9539999961853027, 1.9539999961853027, 1.940000057220459, 1.940000057220459, 1.9459999799728394, 1.9450000524520874, 1.934999942779541, 1.9279999732971191, 1.9199999570846558, 1.9179999828338623, 1.9179999828338623, 1.9160000085830688, 1.909999966621399, 1.9110000133514404, 1.902999997138977, 1.8960000276565552, 1.8910000324249268, 1.8899999856948853, 1.8860000371932983, 1.8819999694824219, 1.8769999742507935, 1.8680000305175781, 1.8630000352859497, 1.8600000143051147, 1.8559999465942383, 1.8530000448226929, 1.847000002861023, 1.8420000076293945, 1.8350000381469727, 1.8320000171661377, 1.8289999961853027, 1.8289999961853027, 1.8200000524520874, 1.8109999895095825, 1.8070000410079956, 1.8079999685287476, 1.8040000200271606, 1.7910000085830688, 1.781999945640564, 1.7799999713897705, 1.7680000066757202, 1.7690000534057617, 1.75600004196167, 1.7549999952316284, 1.753000020980835, 1.7480000257492065, 1.7369999885559082, 1.7309999465942383, 1.7209999561309814, 1.715000033378601, 1.7100000381469727, 1.7039999961853027, 1.6979999542236328, 1.690999984741211, 1.694000005722046, 1.6970000267028809, 1.6720000505447388, 1.6720000505447388, 1.6610000133514404, 1.6549999713897705, 1.656000018119812, 1.6480000019073486, 1.6369999647140503, 1.628999948501587, 1.6150000095367432, 1.6119999885559082, 1.6119999885559082, 1.600000023841858, 1.5820000171661377, 1.5709999799728394, 1.565999984741211, 1.559000015258789, 1.5490000247955322, 1.5420000553131104, 1.534000039100647, 1.527999997138977, 1.524999976158142, 1.5169999599456787, 1.5089999437332153, 1.5089999437332153, 1.503999948501587, 1.4930000305175781, 1.4780000448226929, 1.4700000286102295, 1.4620000123977661, 1.4459999799728394, 1.4420000314712524, 1.4320000410079956, 1.4279999732971191, 1.4279999732971191, 1.4119999408721924, 1.409000039100647, 1.3960000276565552, 1.3860000371932983, 1.3739999532699585, 1.3669999837875366, 1.3619999885559082, 1.3380000591278076, 1.3329999446868896, 1.3339999914169312, 1.3220000267028809, 1.315000057220459, 1.3009999990463257, 1.2990000247955322, 1.2760000228881836, 1.2660000324249268, 1.2510000467300415, 1.246000051498413, 1.2319999933242798, 1.2300000190734863, 1.2200000286102295, 1.2059999704360962, 1.2000000476837158, 1.194000005722046, 1.1779999732971191, 1.1679999828338623, 1.1579999923706055, 1.1449999809265137, 1.1299999952316284, 1.121999979019165, 1.1080000400543213, 1.097000002861023, 1.093999981880188, 1.0870000123977661, 1.0729999542236328, 1.065000057220459, 1.0540000200271606, 1.0449999570846558, 1.0420000553131104, 1.0369999408721924, 1.0230000019073486, 1.0210000276565552, 1.0130000114440918, 0.9959999918937683, 0.9919999837875366, 0.9829999804496765, 0.9769999980926514, 0.968999981880188, 0.9679999947547913, 0.9580000042915344, 0.953000009059906, 0.9490000009536743, 0.9470000267028809, 0.9440000057220459, 0.9309999942779541, 0.9240000247955322, 0.9229999780654907, 0.9200000166893005, 0.9169999957084656, 0.9010000228881836, 0.8970000147819519, 0.8930000066757202, 0.8889999985694885, 0.8830000162124634, 0.8830000162124634, 0.8769999742507935, 0.871999979019165, 0.8690000176429749, 0.8709999918937683, 0.8629999756813049, 0.8479999899864197, 0.8410000205039978, 0.8399999737739563, 0.8360000252723694, 0.8299999833106995, 0.8240000009536743, 0.8230000138282776, 0.8199999928474426, 0.8190000057220459, 0.8220000267028809, 0.8159999847412109, 0.8080000281333923, 0.8050000071525574, 0.7960000038146973, 0.7910000085830688, 0.7950000166893005, 0.7940000295639038, 0.7860000133514404, 0.7820000052452087, 0.7799999713897705, 0.7770000100135803, 0.7670000195503235, 0.7559999823570251, 0.7549999952316284, 0.7570000290870667, 0.7519999742507935, 0.7480000257492065, 0.7429999709129333, 0.7429999709129333, 0.7429999709129333, 0.7329999804496765, 0.7319999933242798, 0.7310000061988831, 0.7250000238418579, 0.718999981880188, 0.718999981880188, 0.7129999995231628, 0.7059999704360962, 0.7049999833106995, 0.7020000219345093, 0.6970000267028809, 0.6970000267028809, 0.7020000219345093, 0.6959999799728394, 0.6899999976158142, 0.6880000233650208, 0.6859999895095825, 0.6819999814033508, 0.6809999942779541, 0.6800000071525574, 0.6809999942779541, 0.6809999942779541, 0.6729999780654907, 0.6729999780654907, 0.6629999876022339, 0.6660000085830688, 0.6690000295639038, 0.6639999747276306, 0.6570000052452087, 0.6570000052452087, 0.6489999890327454, 0.6449999809265137, 0.6489999890327454, 0.6510000228881836, 0.6589999794960022, 0.6579999923706055, 0.6499999761581421, 0.6420000195503235, 0.6359999775886536, 0.6359999775886536, 0.6380000114440918, 0.6299999952316284, 0.6269999742507935, 0.6259999871253967, 0.628000020980835, 0.6370000243186951, 0.6340000033378601, 0.6290000081062317, 0.6209999918937683, 0.6200000047683716, 0.6190000176429749, 0.6150000095367432, 0.6179999709129333, 0.6129999756813049, 0.6150000095367432, 0.6079999804496765, 0.6079999804496765, 0.6019999980926514, 0.6079999804496765, 0.6029999852180481, 0.6039999723434448, 0.6010000109672546, 0.6069999933242798, 0.6050000190734863, 0.6029999852180481, 0.6000000238418579, 0.597000002861023, 0.5889999866485596, 0.5870000123977661, 0.5899999737739563, 0.5910000205039978, 0.5879999995231628, 0.5839999914169312, 0.5860000252723694, 0.5910000205039978, 0.5899999737739563, 0.5860000252723694, 0.5820000171661377, 0.578000009059906, 0.5740000009536743, 0.574999988079071, 0.574999988079071, 0.578000009059906, 0.578000009059906, 0.5809999704360962, 0.5799999833106995, 0.5809999704360962, 0.5809999704360962, 0.5740000009536743, 0.5699999928474426, 0.5659999847412109, 0.5640000104904175, 0.5630000233650208, 0.5630000233650208, 0.5699999928474426, 0.5730000138282776, 0.5680000185966492, 0.5600000023841858, 0.5559999942779541, 0.5580000281333923, 0.5559999942779541, 0.5580000281333923, 0.5559999942779541, 0.5529999732971191, 0.5559999942779541, 0.5559999942779541, 0.5519999861717224, 0.5559999942779541, 0.5509999990463257, 0.5519999861717224, 0.5519999861717224, 0.5529999732971191, 0.5519999861717224, 0.5519999861717224, 0.550000011920929, 0.5519999861717224, 0.5519999861717224, 0.5460000038146973, 0.5429999828338623, 0.5419999957084656, 0.5460000038146973, 0.5490000247955322, 0.5450000166893005, 0.5410000085830688, 0.5370000004768372, 0.5440000295639038, 0.5419999957084656, 0.5419999957084656, 0.5419999957084656, 0.5410000085830688, 0.5370000004768372, 0.5370000004768372, 0.5370000004768372, 0.5360000133514404, 0.5360000133514404, 0.5360000133514404, 0.5419999957084656, 0.5440000295639038, 0.5350000262260437, 0.5410000085830688, 0.5410000085830688, 0.5360000133514404, 0.5370000004768372, 0.5350000262260437, 0.5350000262260437, 0.5350000262260437, 0.5329999923706055, 0.5320000052452087, 0.5320000052452087, 0.5400000214576721, 0.5370000004768372, 0.5350000262260437, 0.5339999794960022, 0.5339999794960022, 0.5379999876022339, 0.5370000004768372, 0.5370000004768372, 0.5339999794960022, 0.5360000133514404, 0.5360000133514404, 0.5410000085830688, 0.5329999923706055, 0.5299999713897705, 0.5299999713897705, 0.5329999923706055, 0.5389999747276306, 0.5360000133514404, 0.5370000004768372, 0.5320000052452087, 0.5270000100135803, 0.5249999761581421, 0.5270000100135803, 0.5289999842643738, 0.5379999876022339, 0.5350000262260437, 0.5350000262260437, 0.5339999794960022, 0.5360000133514404, 0.5320000052452087, 0.5360000133514404, 0.5339999794960022, 0.5289999842643738, 0.527999997138977, 0.527999997138977, 0.5289999842643738, 0.527999997138977, 0.5320000052452087, 0.5360000133514404, 0.5379999876022339, 0.5370000004768372, 0.5370000004768372, 0.5289999842643738, 0.5249999761581421, 0.5260000228881836, 0.5289999842643738, 0.5289999842643738, 0.5249999761581421, 0.5210000276565552, 0.5210000276565552, 0.5320000052452087, 0.5289999842643738, 0.5289999842643738, 0.5289999842643738, 0.5299999713897705, 0.5299999713897705, 0.5270000100135803, 0.5239999890327454, 0.5360000133514404, 0.5320000052452087, 0.5289999842643738, 0.5270000100135803, 0.5260000228881836, 0.5270000100135803, 0.5339999794960022, 0.5379999876022339, 0.5320000052452087, 0.5270000100135803, 0.5289999842643738, 0.5299999713897705, 0.5299999713897705, 0.5299999713897705, 0.5360000133514404, 0.5339999794960022, 0.5379999876022339, 0.5419999957084656, 0.5419999957084656, 0.5389999747276306, 0.5350000262260437, 0.5339999794960022, 0.5320000052452087, 0.5370000004768372, 0.5389999747276306, 0.5389999747276306, 0.5379999876022339, 0.5389999747276306, 0.5400000214576721, 0.5440000295639038, 0.5440000295639038, 0.5419999957084656, 0.5400000214576721, 0.5370000004768372, 0.5360000133514404, 0.5450000166893005, 0.5400000214576721, 0.5479999780654907, 0.550000011920929, 0.5540000200271606, 0.5519999861717224, 0.5509999990463257, 0.5460000038146973, 0.5460000038146973, 0.5490000247955322, 0.550000011920929, 0.5529999732971191, 0.5569999814033508, 0.5550000071525574, 0.5540000200271606, 0.5550000071525574, 0.5640000104904175, 0.5640000104904175, 0.5619999766349792, 0.5609999895095825, 0.5640000104904175, 0.5680000185966492, 0.5680000185966492, 0.5640000104904175, 0.5609999895095825, 0.5669999718666077, 0.5669999718666077, 0.5649999976158142, 0.5699999928474426, 0.5680000185966492, 0.5680000185966492, 0.5699999928474426, 0.574999988079071, 0.5740000009536743, 0.5740000009536743, 0.574999988079071, 0.5770000219345093, 0.5870000123977661, 0.5860000252723694, 0.5860000252723694, 0.5860000252723694, 0.5870000123977661, 0.5889999866485596, 0.5879999995231628, 0.5899999737739563, 0.5929999947547913, 0.597000002861023, 0.5950000286102295, 0.5920000076293945, 0.593999981880188, 0.6000000238418579, 0.6039999723434448, 0.6010000109672546, 0.6000000238418579, 0.5960000157356262, 0.5899999737739563, 0.5920000076293945, 0.593999981880188, 0.6000000238418579, 0.6010000109672546, 0.609000027179718, 0.609000027179718, 0.6079999804496765, 0.6079999804496765, 0.6100000143051147, 0.6110000014305115, 0.6140000224113464, 0.6140000224113464, 0.6100000143051147, 0.6050000190734863, 0.6050000190734863, 0.6100000143051147, 0.6129999756813049, 0.6110000014305115, 0.6110000014305115, 0.6190000176429749, 0.6240000128746033, 0.6259999871253967, 0.6309999823570251, 0.6340000033378601, 0.6309999823570251, 0.628000020980835, 0.625, 0.625, 0.6309999823570251, 0.6349999904632568, 0.6349999904632568, 0.6349999904632568, 0.6299999952316284, 0.6290000081062317, 0.6489999890327454, 0.6420000195503235, 0.6349999904632568, 0.6389999985694885, 0.6399999856948853, 0.6460000276565552, 0.6389999985694885, 0.6389999985694885, 0.6389999985694885, 0.6439999938011169, 0.652999997138977, 0.6549999713897705, 0.656000018119812, 0.6710000038146973, 0.6589999794960022, 0.6629999876022339, 0.6690000295639038, 0.6819999814033508, 0.6830000281333923, 0.6830000281333923, 0.6840000152587891, 0.6930000185966492, 0.6899999976158142, 0.6940000057220459, 0.6890000104904175, 0.6959999799728394, 0.6949999928474426, 0.7020000219345093, 0.7049999833106995, 0.7049999833106995, 0.7070000171661377, 0.7139999866485596, 0.7160000205039978]
intensities: [1062.0, 1084.0, 1124.0, 1137.0, 1174.0, 1234.0, 1261.0, 1309.0, 1374.0, 1378.0, 1392.0, 1429.0, 1425.0, 1395.0, 1191.0, 1232.0, 1117.0, 1018.0, 815.0, 815.0, 974.0, 957.0, 1063.0, 1092.0, 1074.0, 1058.0, 1046.0, 1029.0, 1056.0, 1141.0, 1126.0, 1324.0, 1249.0, 1431.0, 1431.0, 1453.0, 1502.0, 1531.0, 1560.0, 1571.0, 1571.0, 1558.0, 1581.0, 1583.0, 1583.0, 1594.0, 1596.0, 1596.0, 1596.0, 1610.0, 1611.0, 1604.0, 1596.0, 1596.0, 1599.0, 1582.0, 1583.0, 1584.0, 1588.0, 1588.0, 1597.0, 1593.0, 1571.0, 1613.0, 1573.0, 1568.0, 1572.0, 1567.0, 1563.0, 1554.0, 1575.0, 1558.0, 1556.0, 1539.0, 1537.0, 1545.0, 1570.0, 1541.0, 1546.0, 1536.0, 1536.0, 1535.0, 1535.0, 1540.0, 1540.0, 1526.0, 1532.0, 1543.0, 1541.0, 1546.0, 1521.0, 1536.0, 1525.0, 1511.0, 1495.0, 1495.0, 1509.0, 1508.0, 1509.0, 1514.0, 1512.0, 1510.0, 1499.0, 1494.0, 1505.0, 1512.0, 1503.0, 1501.0, 1501.0, 1497.0, 1506.0, 1497.0, 1494.0, 1499.0, 1508.0, 1501.0, 1512.0, 1491.0, 1490.0, 1500.0, 1494.0, 1473.0, 1481.0, 1474.0, 1472.0, 1462.0, 1472.0, 1467.0, 1458.0, 1454.0, 1450.0, 1446.0, 1451.0, 1441.0, 1427.0, 1455.0, 1442.0, 1450.0, 1438.0, 1435.0, 1430.0, 1438.0, 1433.0, 1432.0, 1415.0, 1431.0, 1418.0, 1413.0, 1413.0, 1408.0, 1404.0, 1394.0, 1393.0, 1409.0, 1398.0, 1378.0, 1382.0, 1382.0, 1383.0, 1388.0, 1408.0, 1413.0, 1379.0, 1381.0, 1367.0, 1367.0, 1361.0, 1363.0, 1358.0, 1354.0, 1364.0, 1351.0, 1355.0, 1355.0, 1366.0, 1342.0, 1341.0, 1347.0, 1351.0, 1348.0, 1357.0, 1306.0, 1306.0, 1332.0, 1301.0, 1307.0, 1301.0, 1296.0, 1288.0, 1306.0, 1272.0, 1284.0, 1275.0, 1266.0, 1266.0, 1259.0, 1260.0, 1258.0, 1258.0, 1251.0, 1247.0, 1247.0, 1230.0, 1238.0, 1235.0, 1237.0, 1260.0, 1249.0, 1260.0, 1242.0, 1235.0, 1218.0, 1210.0, 1220.0, 1226.0, 1218.0, 1215.0, 1217.0, 1188.0, 1191.0, 1182.0, 1182.0, 1185.0, 1187.0, 1190.0, 1186.0, 1162.0, 1158.0, 1171.0, 1148.0, 1156.0, 1158.0, 1148.0, 1150.0, 1137.0, 1135.0, 1146.0, 1165.0, 1156.0, 1149.0, 1139.0, 1143.0, 1146.0, 1145.0, 1144.0, 1130.0, 1137.0, 1145.0, 1145.0, 1135.0, 1132.0, 1130.0, 1122.0, 1122.0, 1133.0, 1149.0, 1133.0, 1117.0, 1112.0, 1110.0, 1123.0, 1128.0, 1128.0, 1123.0, 1123.0, 1128.0, 1114.0, 1124.0, 1133.0, 1119.0, 1124.0, 1127.0, 1139.0, 1124.0, 1137.0, 1138.0, 1131.0, 1138.0, 1141.0, 1154.0, 1154.0, 1163.0, 1172.0, 1165.0, 1165.0, 1187.0, 1181.0, 1181.0, 1176.0, 1187.0, 1197.0, 1200.0, 1189.0, 1188.0, 1196.0, 1196.0, 1188.0, 1187.0, 1199.0, 1194.0, 1187.0, 1206.0, 1215.0, 1213.0, 1219.0, 1231.0, 1232.0, 1232.0, 1231.0, 1230.0, 1228.0, 1230.0, 1233.0, 1237.0, 1236.0, 1238.0, 1241.0, 1247.0, 1246.0, 1237.0, 1238.0, 1240.0, 1252.0, 1268.0, 1268.0, 1267.0, 1273.0, 1270.0, 1270.0, 1274.0, 1273.0, 1282.0, 1276.0, 1279.0, 1282.0, 1291.0, 1300.0, 1294.0, 1284.0, 1278.0, 1277.0, 1284.0, 1286.0, 1286.0, 1312.0, 1312.0, 1303.0, 1285.0, 1302.0, 1294.0, 1316.0, 1317.0, 1314.0, 1313.0, 1310.0, 1336.0, 1337.0, 1319.0, 1319.0, 1334.0, 1330.0, 1345.0, 1349.0, 1346.0, 1311.0, 1311.0, 1334.0, 1337.0, 1334.0, 1346.0, 1328.0, 1330.0, 1330.0, 1344.0, 1348.0, 1348.0, 1338.0, 1339.0, 1342.0, 1333.0, 1345.0, 1340.0, 1340.0, 1352.0, 1340.0, 1329.0, 1338.0, 1329.0, 1327.0, 1323.0, 1316.0, 1317.0, 1319.0, 1312.0, 1297.0, 1297.0, 1300.0, 1300.0, 1303.0, 1296.0, 1293.0, 1289.0, 1289.0, 1275.0, 1275.0, 1233.0, 1243.0, 1233.0, 1227.0, 1202.0, 1176.0, 1167.0, 1157.0, 1137.0, 1152.0, 1151.0, 1156.0, 1136.0, 1123.0, 1124.0, 1141.0, 1107.0, 1117.0, 1117.0, 1115.0, 1133.0, 1121.0, 1129.0, 1118.0, 1121.0, 1144.0, 1117.0, 1104.0, 1120.0, 1126.0, 1126.0, 1132.0, 1115.0, 1134.0, 1142.0, 1170.0, 1122.0, 1135.0, 1108.0, 1138.0, 1139.0, 1147.0, 1163.0, 1346.0, 1482.0, 1489.0, 1379.0, 1103.0, 1119.0, 1105.0, 1115.0, 1107.0, 1106.0, 1095.0, 1094.0, 1110.0, 1105.0, 1105.0, 1105.0, 1112.0, 1103.0, 1091.0, 1096.0, 1102.0, 1096.0, 1092.0, 1093.0, 1103.0, 1117.0, 1109.0, 1104.0, 1101.0, 1098.0, 1095.0, 1090.0, 1092.0, 1103.0, 1099.0, 1107.0, 1104.0, 1107.0, 1107.0, 1094.0, 1095.0, 1096.0, 1095.0, 1111.0, 1101.0, 1095.0, 1103.0, 1106.0, 1107.0, 1089.0, 1097.0, 1104.0, 1109.0, 1087.0, 1093.0, 1099.0, 1097.0, 1091.0, 1105.0, 1096.0, 1104.0, 1099.0, 1105.0, 1099.0, 1110.0, 1110.0, 1095.0, 1094.0, 1101.0, 1100.0, 1100.0, 1103.0, 1102.0, 1096.0, 1096.0, 1097.0, 1101.0, 1099.0, 1100.0, 1105.0, 1101.0, 1101.0, 1098.0, 1105.0, 1099.0, 1099.0, 1101.0, 1103.0, 1103.0, 1107.0, 1108.0, 1117.0, 1112.0, 1114.0, 1115.0, 1112.0, 1107.0, 1122.0, 1122.0, 1123.0, 1125.0, 1126.0, 1126.0, 1126.0, 1114.0, 1114.0, 1115.0, 1109.0, 1106.0, 1115.0, 1119.0, 1118.0, 1107.0, 1121.0, 1117.0, 1118.0, 1124.0, 1123.0, 1107.0, 1118.0, 1130.0, 1134.0, 1133.0, 1117.0, 1109.0, 1111.0, 1110.0, 1119.0, 1115.0, 1118.0, 1123.0, 1120.0, 1125.0, 1136.0, 1118.0, 1123.0, 1118.0, 1106.0, 1135.0, 1113.0, 1118.0, 1105.0, 1112.0, 1120.0, 1117.0, 1115.0, 1126.0, 1115.0, 1118.0, 1109.0, 1109.0, 1107.0, 1107.0, 1106.0, 1113.0, 1106.0, 1101.0, 1101.0, 1103.0, 1106.0, 1104.0, 1108.0, 1100.0, 1077.0, 1114.0, 1109.0, 1099.0, 1099.0, 1083.0, 1117.0, 1087.0, 1093.0, 1107.0, 1102.0, 1107.0, 1096.0, 1102.0, 1107.0, 1105.0, 1117.0, 1096.0, 1104.0, 1108.0, 1120.0, 1110.0, 1125.0, 1125.0, 1124.0, 1142.0, 1132.0, 1095.0, 1097.0, 1099.0, 1118.0, 1110.0, 1126.0, 1132.0, 1143.0, 1126.0, 1126.0, 1130.0, 1124.0, 1144.0, 1115.0, 1125.0, 1140.0, 1139.0, 1147.0, 1155.0, 1174.0, 1173.0, 1188.0, 1180.0, 1204.0, 1205.0, 1211.0, 1230.0, 1237.0, 1253.0, 1265.0, 1273.0, 1276.0, 1278.0, 1287.0, 1282.0, 1288.0, 1297.0, 1302.0, 1297.0, 1296.0, 1301.0, 1309.0, 1307.0, 1310.0, 1316.0, 1317.0, 1321.0, 1320.0, 1319.0, 1334.0, 1330.0, 1328.0, 1347.0, 1345.0, 1339.0, 1362.0, 1347.0, 1365.0, 1358.0, 1372.0, 1377.0, 1368.0, 1362.0, 1399.0, 1392.0, 1410.0, 1398.0, 1416.0, 1408.0, 1412.0, 1409.0, 1398.0, 1447.0, 1430.0, 1428.0, 1461.0, 1464.0, 1463.0, 1475.0, 1472.0, 1466.0, 1463.0, 1450.0, 1457.0, 1470.0, 1475.0, 1472.0, 1502.0, 1493.0, 1478.0, 1474.0, 1483.0, 1484.0, 1487.0, 1481.0, 1488.0, 1522.0, 1507.0, 1513.0, 1513.0, 1515.0, 1508.0, 1488.0, 1507.0, 1527.0, 1539.0, 1550.0, 1545.0, 1551.0, 1542.0, 1539.0, 1562.0, 1554.0, 1563.0, 1566.0, 1565.0, 1556.0, 1556.0, 1572.0, 1565.0, 1572.0, 1585.0, 1555.0, 1571.0, 1562.0, 1563.0, 1568.0, 1556.0, 1545.0, 1570.0, 1574.0, 1569.0, 1574.0, 1582.0, 1557.0, 1553.0, 1574.0, 1561.0, 1574.0, 1549.0, 1566.0, 1577.0, 1583.0, 1588.0, 1576.0, 1571.0, 1557.0, 1576.0, 1564.0, 1561.0, 1557.0, 1560.0, 1556.0, 1556.0, 1577.0, 1559.0, 1554.0, 1565.0, 1559.0, 1544.0, 1536.0, 1536.0, 1538.0, 1552.0, 1540.0, 1540.0, 1548.0, 1545.0, 1543.0, 1541.0, 1530.0, 1528.0, 1552.0, 1550.0, 1552.0, 1528.0, 1538.0, 1533.0, 1538.0, 1542.0, 1532.0, 1551.0, 1526.0, 1548.0, 1540.0, 1547.0, 1551.0, 1545.0, 1545.0, 1551.0, 1550.0, 1531.0, 1523.0, 1533.0, 1533.0, 1549.0, 1530.0, 1531.0, 1522.0, 1502.0, 1523.0, 1510.0, 1526.0, 1496.0, 1488.0, 1493.0, 1495.0, 1468.0, 1477.0, 1478.0, 1478.0, 1477.0, 1465.0, 1465.0, 1464.0, 1454.0, 1452.0, 1455.0, 1454.0, 1454.0, 1453.0, 1454.0, 1437.0, 1435.0, 1440.0, 1446.0, 1443.0, 1454.0, 1429.0, 1432.0, 1425.0, 1425.0, 1391.0, 1394.0, 1399.0, 1405.0, 1408.0, 1408.0, 1397.0, 1394.0, 1399.0, 1400.0, 1397.0, 1385.0, 1384.0, 1402.0, 1397.0, 1390.0, 1362.0, 1367.0, 1383.0, 1379.0, 1346.0, 1346.0, 1366.0, 1362.0, 1374.0, 1362.0, 1354.0, 1341.0, 1339.0, 1342.0, 1340.0, 1344.0, 1314.0, 1326.0, 1322.0, 1324.0, 1341.0, 1321.0, 1320.0, 1328.0, 1329.0, 1329.0, 1324.0, 1320.0, 1320.0, 1327.0, 1330.0, 1330.0, 1317.0, 1302.0, 1307.0, 1306.0, 1300.0, 1297.0, 1292.0, 1287.0, 1285.0, 1281.0, 1284.0, 1289.0, 1288.0, 1276.0, 1265.0, 1270.0, 1284.0, 1293.0, 1285.0, 1277.0, 1264.0, 1270.0, 1264.0, 1291.0, 1280.0, 1270.0, 1274.0, 1242.0, 1254.0, 1275.0, 1275.0, 1257.0, 1268.0, 1262.0, 1270.0, 1270.0, 1259.0, 1266.0, 1272.0, 1269.0, 1281.0, 1275.0, 1276.0, 1263.0, 1262.0, 1259.0, 1281.0, 1270.0, 1253.0, 1255.0, 1273.0, 1268.0, 1274.0, 1274.0, 1275.0, 1285.0, 1305.0, 1305.0, 1305.0, 1311.0, 1301.0, 1295.0, 1296.0, 1293.0, 1288.0, 1292.0, 1292.0, 1288.0, 1314.0, 1301.0, 1301.0, 1284.0, 1303.0, 1302.0, 1302.0, 1311.0, 1302.0, 1315.0, 1312.0, 1307.0, 1306.0, 1315.0, 1310.0, 1311.0, 1327.0, 1318.0, 1318.0, 1316.0, 1321.0, 1318.0, 1327.0, 1333.0, 1339.0, 1336.0, 1330.0, 1309.0, 1320.0, 1320.0, 1323.0, 1320.0, 1350.0, 1350.0, 1338.0, 1340.0, 1358.0, 1374.0, 1380.0, 1359.0, 1356.0, 1342.0, 1342.0, 1362.0, 1352.0, 1342.0, 1342.0, 1361.0, 1350.0, 1360.0, 1375.0, 1339.0, 1333.0, 1339.0, 1355.0, 1373.0, 1384.0, 1382.0, 1382.0, 1382.0, 1360.0, 1369.0, 1404.0, 1403.0, 1404.0, 1393.0, 1394.0, 1391.0, 1397.0, 1397.0, 1398.0, 1392.0, 1396.0, 1402.0, 1405.0, 1394.0, 1388.0, 1383.0, 1388.0, 1392.0, 1384.0, 1382.0, 1375.0, 1367.0, 1346.0, 1363.0, 1362.0, 1376.0, 1348.0, 1369.0, 1365.0, 1357.0, 1367.0, 1352.0, 1354.0]