header: 
  seq: 1681
  stamp: 
    secs: 1548820799
    nsecs: 194122022
  frame_id: "base_link"
angle_min: -2.35619449615
angle_max: 2.35619449615
angle_increment: 0.00436332309619
time_increment: 1.73611151695e-05
scan_time: 0.0250000003725
range_min: 0.019999999553
range_max: 30.0
ranges: [0.4950000047683716, 0.5009999871253967, 0.5109999775886536, 0.5120000243186951, 0.5090000033378601, 0.5090000033378601, 0.4950000047683716, 0.49799999594688416, 0.49799999594688416, 0.49900001287460327, 0.5019999742507935, 0.5, 0.5009999871253967, 0.4909999966621399, 0.47600001096725464, 0.4690000116825104, 0.3970000147819519, 0.3059999942779541, 0.3149999976158142, 0.3190000057220459, 0.36500000953674316, 0.4259999990463257, 0.4519999921321869, 0.4560000002384186, 0.4659999907016754, 0.46799999475479126, 0.4580000042915344, 0.45500001311302185, 0.46700000762939453, 0.45100000500679016, 0.4569999873638153, 0.4569999873638153, 0.460999995470047, 0.4519999921321869, 0.4569999873638153, 0.46000000834465027, 0.45899999141693115, 0.460999995470047, 0.460999995470047, 0.4569999873638153, 0.44600000977516174, 0.4449999928474426, 0.4449999928474426, 0.4399999976158142, 0.44200000166893005, 0.43700000643730164, 0.43299999833106995, 0.43299999833106995, 0.4320000112056732, 0.4300000071525574, 0.4300000071525574, 0.4300000071525574, 0.4300000071525574, 0.421999990940094, 0.4169999957084656, 0.4169999957084656, 0.4230000078678131, 0.42100000381469727, 0.4059999883174896, 0.40299999713897705, 0.41200000047683716, 0.41499999165534973, 0.4099999964237213, 0.4090000092983246, 0.414000004529953, 0.414000004529953, 0.4050000011920929, 0.4020000100135803, 0.3959999978542328, 0.3959999978542328, 0.39500001072883606, 0.39500001072883606, 0.3959999978542328, 0.3970000147819519, 0.39500001072883606, 0.3930000066757202, 0.3930000066757202, 0.39100000262260437, 0.39100000262260437, 0.3930000066757202, 0.3930000066757202, 0.39100000262260437, 0.38499999046325684, 0.382999986410141, 0.3790000081062317, 0.37400001287460327, 0.382999986410141, 0.38100001215934753, 0.3779999911785126, 0.3790000081062317, 0.3779999911785126, 0.3799999952316284, 0.38100001215934753, 0.382999986410141, 0.3799999952316284, 0.3779999911785126, 0.375, 0.37299999594688416, 0.37299999594688416, 0.3709999918937683, 0.36500000953674316, 0.3619999885559082, 0.3659999966621399, 0.3700000047683716, 0.375, 0.375, 0.3709999918937683, 0.36899998784065247, 0.3610000014305115, 0.35899999737739563, 0.3569999933242798, 0.3610000014305115, 0.3610000014305115, 0.3630000054836273, 0.3610000014305115, 0.35100001096725464, 0.3499999940395355, 0.3529999852180481, 0.35100001096725464, 0.35199999809265137, 0.3449999988079071, 0.34599998593330383, 0.34599998593330383, 0.34599998593330383, 0.3440000116825104, 0.34299999475479126, 0.34299999475479126, 0.34200000762939453, 0.3440000116825104, 0.34200000762939453, 0.34200000762939453, 0.3490000069141388, 0.3479999899864197, 0.3440000116825104, 0.3440000116825104, 0.33899998664855957, 0.33799999952316284, 0.34700000286102295, 0.3449999988079071, 0.34200000762939453, 0.3440000116825104, 0.34299999475479126, 0.33399999141693115, 0.32899999618530273, 0.32899999618530273, 0.3330000042915344, 0.33000001311302185, 0.328000009059906, 0.3240000009536743, 0.32499998807907104, 0.3330000042915344, 0.3269999921321869, 0.32499998807907104, 0.32100000977516174, 0.32499998807907104, 0.33000001311302185, 0.33000001311302185, 0.32199999690055847, 0.31700000166893005, 0.32100000977516174, 0.32100000977516174, 0.32100000977516174, 0.33000001311302185, 0.32600000500679016, 0.3240000009536743, 0.3199999928474426, 0.31700000166893005, 0.3149999976158142, 0.31700000166893005, 0.3160000145435333, 0.3149999976158142, 0.31700000166893005, 0.31700000166893005, 0.3149999976158142, 0.32199999690055847, 0.3230000138282776, 0.32199999690055847, 0.3240000009536743, 0.3269999921321869, 0.3199999928474426, 0.3179999887943268, 0.32100000977516174, 0.32199999690055847, 0.3149999976158142, 0.3070000112056732, 0.3100000023841858, 0.3240000009536743, 0.3199999928474426, 0.31200000643730164, 0.3109999895095825, 0.3190000057220459, 0.3199999928474426, 0.31700000166893005, 0.3140000104904175, 0.3140000104904175, 0.31700000166893005, 0.3179999887943268, 0.31700000166893005, 0.31200000643730164, 0.3160000145435333, 0.3160000145435333, 0.32100000977516174, 0.3240000009536743, 0.32600000500679016, 0.32600000500679016, 0.3230000138282776, 0.3199999928474426, 0.32199999690055847, 0.32100000977516174, 0.3230000138282776, 0.32100000977516174, 0.3269999921321869, 0.32899999618530273, 0.328000009059906, 0.328000009059906, 0.32600000500679016, 0.32499998807907104, 0.328000009059906, 0.3269999921321869, 0.33000001311302185, 0.3310000002384186, 0.3319999873638153, 0.33500000834465027, 0.33799999952316284, 0.33899998664855957, 0.33899998664855957, 0.33899998664855957, 0.34299999475479126, 0.34299999475479126, 0.33799999952316284, 0.335999995470047, 0.3400000035762787, 0.3440000116825104, 0.35499998927116394, 0.3580000102519989, 0.3580000102519989, 0.35899999737739563, 0.367000013589859, 0.3700000047683716, 0.36899998784065247, 0.3619999885559082, 0.367000013589859, 0.3720000088214874, 0.37700000405311584, 0.38100001215934753, 0.382999986410141, 0.3930000066757202, 0.38999998569488525, 0.4020000100135803, 0.4099999964237213, 0.460999995470047, 0.5249999761581421, 0.6079999804496765, 0.4059999883174896, 2.4179999828338623, 2.4230000972747803, 2.4119999408721924, 2.3910000324249268, 2.381999969482422, 2.374000072479248, 2.368000030517578, 2.3459999561309814, 2.3389999866485596, 2.318000078201294, 2.318000078201294, 2.2890000343322754, 2.2760000228881836, 2.2669999599456787, 2.253000020980835, 2.239000082015991, 2.2239999771118164, 2.2079999446868896, 2.187999963760376, 2.171999931335449, 2.1519999504089355, 2.1429998874664307, 2.111999988555908, 2.1029999256134033, 2.0910000801086426, 2.0840001106262207, 2.066999912261963, 2.0510001182556152, 2.0390000343322754, 2.0199999809265137, 2.005000114440918, 2.003999948501587, 1.9819999933242798, 1.9730000495910645, 1.965999960899353, 1.9490000009536743, 1.934000015258789, 1.9179999828338623, 1.906999945640564, 1.8990000486373901, 1.88100004196167, 1.8739999532699585, 1.8580000400543213, 1.8459999561309814, 1.8300000429153442, 1.8240000009536743, 1.8179999589920044, 1.8070000410079956, 1.7960000038146973, 1.7860000133514404, 1.7760000228881836, 1.7690000534057617, 1.753999948501587, 1.7419999837875366, 1.7350000143051147, 1.718000054359436, 1.7089999914169312, 1.7029999494552612, 1.6890000104904175, 1.684999942779541, 1.6749999523162842, 1.6629999876022339, 1.6629999876022339, 1.652999997138977, 1.6349999904632568, 1.628999948501587, 1.628000020980835, 1.6180000305175781, 1.6100000143051147, 1.6039999723434448, 1.5959999561309814, 1.590000033378601, 1.5829999446868896, 1.5729999542236328, 1.562000036239624, 1.5540000200271606, 1.5479999780654907, 1.5379999876022339, 1.5299999713897705, 1.5219999551773071, 1.5119999647140503, 1.5069999694824219, 1.5099999904632568, 1.5080000162124634, 1.5080000162124634, 1.5010000467300415, 1.4880000352859497, 1.4839999675750732, 1.4759999513626099, 1.468000054359436, 1.4609999656677246, 1.4600000381469727, 1.4529999494552612, 1.4479999542236328, 1.4420000314712524, 1.4329999685287476, 1.4290000200271606, 1.4210000038146973, 1.4149999618530273, 1.4149999618530273, 1.409999966621399, 1.406000018119812, 1.3940000534057617, 1.3910000324249268, 1.3890000581741333, 1.3860000371932983, 1.375, 1.36899995803833, 1.3650000095367432, 1.3639999628067017, 1.3589999675750732, 1.3519999980926514, 1.3480000495910645, 1.3370000123977661, 1.3370000123977661, 1.3339999914169312, 1.3359999656677246, 1.3250000476837158, 1.3220000267028809, 1.3179999589920044, 1.3170000314712524, 1.315000057220459, 1.3009999990463257, 1.2970000505447388, 1.2979999780654907, 1.2990000247955322, 1.2960000038146973, 1.2869999408721924, 1.2860000133514404, 1.281000018119812, 1.2760000228881836, 1.2669999599456787, 1.2619999647140503, 1.2680000066757202, 1.2630000114440918, 1.2619999647140503, 1.253999948501587, 1.2489999532699585, 1.24399995803833, 1.2419999837875366, 1.2419999837875366, 1.2430000305175781, 1.2419999837875366, 1.2380000352859497, 1.2330000400543213, 1.2300000190734863, 1.2300000190734863, 1.2269999980926514, 1.2209999561309814, 1.222000002861023, 1.218000054359436, 1.2120000123977661, 1.2100000381469727, 1.2059999704360962, 1.2000000476837158, 1.1990000009536743, 1.2020000219345093, 1.190999984741211, 1.1929999589920044, 1.194000005722046, 1.187000036239624, 1.1859999895095825, 1.1779999732971191, 1.1790000200271606, 1.1799999475479126, 1.180999994277954, 1.180999994277954, 1.1740000247955322, 1.1699999570846558, 1.1660000085830688, 1.1619999408721924, 1.1640000343322754, 1.1679999828338623, 1.1629999876022339, 1.156000018119812, 1.156000018119812, 1.156999945640564, 1.1549999713897705, 1.156999945640564, 1.1619999408721924, 1.1619999408721924, 1.159000039100647, 1.1490000486373901, 1.149999976158142, 1.149999976158142, 1.1460000276565552, 1.1460000276565552, 1.1480000019073486, 1.149999976158142, 1.149999976158142, 1.1460000276565552, 1.1449999809265137, 1.1469999551773071, 1.1469999551773071, 1.1480000019073486, 1.1480000019073486, 1.1360000371932983, 1.1339999437332153, 1.1299999952316284, 1.128999948501587, 1.13100004196167, 1.1319999694824219, 1.13100004196167, 1.1319999694824219, 1.1330000162124634, 1.1330000162124634, 1.128000020980835, 1.1239999532699585, 1.121999979019165, 1.1230000257492065, 1.125, 1.1230000257492065, 1.11899995803833, 1.11899995803833, 1.11899995803833, 1.1139999628067017, 1.1130000352859497, 1.1130000352859497, 1.1130000352859497, 1.1080000400543213, 1.1109999418258667, 1.1109999418258667, 1.1089999675750732, 1.1069999933242798, 1.1050000190734863, 1.1009999513626099, 1.1009999513626099, 1.0950000286102295, 1.0950000286102295, 1.0950000286102295, 1.0950000286102295, 1.0889999866485596, 1.093000054359436, 1.090000033378601, 1.0920000076293945, 1.090000033378601, 1.0889999866485596, 1.0889999866485596, 1.090000033378601, 1.090000033378601, 1.0880000591278076, 1.0809999704360962, 1.0789999961853027, 1.0779999494552612, 1.0779999494552612, 1.069000005722046, 1.065999984741211, 1.065999984741211, 1.0720000267028809, 1.0720000267028809, 1.065999984741211, 1.065000057220459, 1.0670000314712524, 1.065000057220459, 1.0570000410079956, 1.0570000410079956, 1.059000015258789, 1.059999942779541, 1.059999942779541, 1.062000036239624, 1.059999942779541, 1.0509999990463257, 1.0470000505447388, 1.0509999990463257, 1.0529999732971191, 1.0499999523162842, 1.0470000505447388, 1.0449999570846558, 1.0499999523162842, 1.0520000457763672, 1.0470000505447388, 1.0379999876022339, 1.0379999876022339, 1.0399999618530273, 1.034999966621399, 1.0299999713897705, 1.0230000019073486, 1.0240000486373901, 1.024999976158142, 1.0269999504089355, 1.027999997138977, 1.031000018119812, 1.0240000486373901, 1.0119999647140503, 1.0119999647140503, 1.0130000114440918, 1.0160000324249268, 1.0140000581741333, 1.0149999856948853, 1.0149999856948853, 1.0149999856948853, 1.003999948501587, 1.0010000467300415, 1.003999948501587, 1.003000020980835, 0.9990000128746033, 0.9959999918937683, 0.9950000047683716, 0.9950000047683716, 0.9959999918937683, 0.9950000047683716, 0.9890000224113464, 0.9909999966621399, 0.9890000224113464, 0.9890000224113464, 0.9819999933242798, 0.9789999723434448, 0.9789999723434448, 0.9819999933242798, 0.9789999723434448, 0.9769999980926514, 0.9829999804496765, 0.9879999756813049, 0.9879999756813049, 0.9729999899864197, 0.9700000286102295, 0.9589999914169312, 0.9589999914169312, 0.9580000042915344, 0.9679999947547913, 0.9620000123977661, 0.9679999947547913, 0.9660000205039978, 0.9639999866485596, 0.9570000171661377, 0.9570000171661377, 0.9610000252723694, 0.9580000042915344, 0.9559999704360962, 0.9549999833106995, 0.9549999833106995, 0.949999988079071, 0.9520000219345093, 0.9520000219345093, 0.9449999928474426, 0.9440000057220459, 0.9440000057220459, 0.9440000057220459, 0.9440000057220459, 0.9399999976158142, 0.9369999766349792, 0.9330000281333923, 0.9319999814033508, 0.9319999814033508, 0.9279999732971191, 0.9279999732971191, 0.9290000200271606, 0.9290000200271606, 0.925000011920929, 0.9200000166893005, 0.9179999828338623, 0.9169999957084656, 0.9160000085830688, 0.9139999747276306, 0.9120000004768372, 0.9110000133514404, 0.9079999923706055, 0.9089999794960022, 0.9139999747276306, 0.902999997138977, 0.9020000100135803, 0.9039999842643738, 0.906000018119812, 0.906000018119812, 0.8989999890327454, 0.890999972820282, 0.890999972820282, 0.890999972820282, 0.890999972820282, 0.8930000066757202, 0.8960000276565552, 0.8870000243186951, 0.8859999775886536, 0.8849999904632568, 0.8809999823570251, 0.8830000162124634, 0.8769999742507935, 0.8740000128746033, 0.8709999918937683, 0.8709999918937683, 0.871999979019165, 0.8740000128746033, 0.8709999918937683, 0.8709999918937683, 0.8709999918937683, 0.8690000176429749, 0.8690000176429749, 0.8679999709129333, 0.8650000095367432, 0.8669999837875366, 0.8610000014305115, 0.8600000143051147, 0.8600000143051147, 0.8579999804496765, 0.8510000109672546, 0.8460000157356262, 0.8519999980926514, 0.8550000190734863, 0.8550000190734863, 0.8529999852180481, 0.8479999899864197, 0.8429999947547913, 0.843999981880188, 0.8429999947547913, 0.8410000205039978, 0.8399999737739563, 0.8399999737739563, 0.8349999785423279, 0.8339999914169312, 0.8349999785423279, 0.8349999785423279, 0.8349999785423279, 0.8309999704360962, 0.8259999752044678, 0.8259999752044678, 0.824999988079071, 0.824999988079071, 0.8180000185966492, 0.8180000185966492, 0.8220000267028809, 0.8159999847412109, 0.8140000104904175, 0.8149999976158142, 0.8109999895095825, 0.8109999895095825, 0.8059999942779541, 0.8019999861717224, 0.8009999990463257, 0.8050000071525574, 0.8029999732971191, 0.7979999780654907, 0.7979999780654907, 0.8009999990463257, 0.800000011920929, 0.796999990940094, 0.796999990940094, 0.7929999828338623, 0.7929999828338623, 0.7940000295639038, 0.7929999828338623, 0.7929999828338623, 0.7870000004768372, 0.781000018119812, 0.7850000262260437, 0.781000018119812, 0.7799999713897705, 0.781000018119812, 0.777999997138977, 0.7710000276565552, 0.7689999938011169, 0.7670000195503235, 0.7670000195503235, 0.7689999938011169, 0.765999972820282, 0.7620000243186951, 0.7649999856948853, 0.7649999856948853, 0.765999972820282, 0.7620000243186951, 0.7599999904632568, 0.7570000290870667, 0.7570000290870667, 0.7570000290870667, 0.7570000290870667, 0.7570000290870667, 0.7509999871253967, 0.746999979019165, 0.7450000047683716, 0.7450000047683716, 0.7450000047683716, 0.7440000176429749, 0.7440000176429749, 0.7440000176429749, 0.7400000095367432, 0.7369999885559082, 0.7400000095367432, 0.7350000143051147, 0.7350000143051147, 0.7319999933242798, 0.7279999852180481, 0.7279999852180481, 0.7289999723434448, 0.7319999933242798, 0.7289999723434448, 0.7269999980926514, 0.7229999899864197, 0.7229999899864197, 0.7229999899864197, 0.722000002861023, 0.722000002861023, 0.722000002861023, 0.722000002861023, 0.722000002861023, 0.718999981880188, 0.718999981880188, 0.7149999737739563, 0.7149999737739563, 0.7149999737739563, 0.7089999914169312, 0.7080000042915344, 0.7070000171661377, 0.7080000042915344, 0.7080000042915344, 0.7080000042915344, 0.7070000171661377, 0.6990000009536743, 0.6959999799728394, 0.6959999799728394, 0.6990000009536743, 0.7020000219345093, 0.7009999752044678, 0.7009999752044678, 0.6959999799728394, 0.6930000185966492, 0.6940000057220459, 0.699999988079071, 0.7020000219345093, 0.6949999928474426, 0.6890000104904175, 0.6890000104904175, 0.6890000104904175, 0.6890000104904175, 0.6850000023841858, 0.6850000023841858, 0.6869999766349792, 0.6890000104904175, 0.6890000104904175, 0.6859999895095825, 0.6840000152587891, 0.6779999732971191, 0.6769999861717224, 0.6759999990463257, 0.6769999861717224, 0.6790000200271606, 0.6800000071525574, 0.6790000200271606, 0.6790000200271606, 0.6759999990463257, 0.6740000247955322, 0.6759999990463257, 0.6700000166893005, 0.6639999747276306, 0.6639999747276306, 0.6690000295639038, 0.6740000247955322, 0.6710000038146973, 0.6679999828338623, 0.6679999828338623, 0.6639999747276306, 0.6600000262260437, 0.6600000262260437, 0.6660000085830688, 0.6679999828338623, 0.6679999828338623, 0.6700000166893005, 0.675000011920929, 0.6650000214576721, 0.6589999794960022, 0.6600000262260437, 0.6600000262260437, 0.6600000262260437, 0.6589999794960022, 0.6610000133514404, 0.6600000262260437, 0.652999997138977, 0.6520000100135803, 0.6499999761581421, 0.6510000228881836, 0.6549999713897705, 0.656000018119812, 0.656000018119812, 0.6620000004768372, 0.656000018119812, 0.6489999890327454, 0.6489999890327454, 0.6449999809265137, 0.6449999809265137, 0.6399999856948853, 0.6359999775886536, 0.6349999904632568, 0.6439999938011169, 0.6420000195503235, 0.6420000195503235, 0.6420000195503235, 0.640999972820282, 0.640999972820282, 0.6349999904632568, 0.6330000162124634, 0.6349999904632568, 0.6349999904632568, 0.6349999904632568, 0.6349999904632568, 0.6359999775886536, 0.6349999904632568, 0.6370000243186951, 0.6340000033378601, 0.6370000243186951, 0.6349999904632568, 0.6309999823570251, 0.6299999952316284, 0.6259999871253967, 0.6290000081062317, 0.628000020980835, 0.6290000081062317, 0.6269999742507935, 0.6230000257492065, 0.6230000257492065, 0.625, 0.625, 0.628000020980835, 0.6330000162124634, 0.6299999952316284, 0.6299999952316284, 0.6240000128746033, 0.6200000047683716, 0.6190000176429749, 0.621999979019165, 0.621999979019165, 0.621999979019165, 0.628000020980835, 0.6209999918937683, 0.6209999918937683, 0.6190000176429749, 0.6150000095367432, 0.6140000224113464, 0.6150000095367432, 0.6110000014305115, 0.6100000143051147, 0.6169999837875366, 0.6169999837875366, 0.6140000224113464, 0.6060000061988831, 0.6050000190734863, 0.6039999723434448, 0.6050000190734863, 0.6019999980926514, 0.5979999899864197, 0.6050000190734863, 0.6100000143051147, 0.6069999933242798, 0.6019999980926514, 0.6019999980926514, 0.6039999723434448, 0.6050000190734863, 0.6029999852180481, 0.6029999852180481, 0.6019999980926514, 0.6050000190734863, 0.6000000238418579, 0.6000000238418579, 0.6050000190734863, 0.6039999723434448, 0.6029999852180481, 0.6029999852180481, 0.5989999771118164, 0.6029999852180481, 0.6029999852180481, 0.6060000061988831, 0.6019999980926514, 0.6019999980926514, 0.6019999980926514, 0.6019999980926514, 0.6019999980926514, 0.5960000157356262, 0.6000000238418579, 0.6000000238418579, 0.6000000238418579, 0.5929999947547913, 0.5929999947547913, 0.5910000205039978, 0.5920000076293945, 0.5960000157356262, 0.5929999947547913, 0.593999981880188, 0.593999981880188, 0.5910000205039978, 0.5889999866485596, 0.5979999899864197, 0.6000000238418579, 0.5960000157356262, 0.5960000157356262, 0.5960000157356262, 0.5950000286102295, 0.5879999995231628, 0.5860000252723694, 0.5860000252723694, 0.5960000157356262, 0.5960000157356262, 0.593999981880188, 0.5920000076293945, 0.5889999866485596, 0.5889999866485596, 0.5889999866485596, 0.5899999737739563, 0.5889999866485596, 0.5889999866485596, 0.5929999947547913, 0.5960000157356262, 0.597000002861023, 0.5889999866485596, 0.5899999737739563, 0.5899999737739563, 0.5960000157356262, 0.5960000157356262, 0.5950000286102295, 0.5960000157356262, 0.5929999947547913, 0.5910000205039978, 0.5929999947547913, 0.5960000157356262, 0.5960000157356262, 0.597000002861023, 0.5979999899864197, 0.593999981880188, 0.5899999737739563, 0.5920000076293945, 0.593999981880188, 0.5929999947547913, 0.5989999771118164, 0.6039999723434448, 0.6050000190734863, 0.5989999771118164, 0.6000000238418579, 0.5950000286102295, 0.6000000238418579, 0.6019999980926514, 0.6039999723434448, 0.6039999723434448, 0.6019999980926514, 0.6019999980926514, 0.6069999933242798, 0.6029999852180481, 0.6019999980926514, 0.6019999980926514, 0.6029999852180481, 0.609000027179718, 0.6100000143051147, 0.609000027179718, 0.6110000014305115, 0.6129999756813049, 0.6179999709129333, 0.6159999966621399, 0.6190000176429749, 0.6060000061988831, 0.6079999804496765, 0.6100000143051147, 0.6100000143051147, 0.6100000143051147, 0.6110000014305115, 0.6129999756813049, 0.6140000224113464, 0.6200000047683716, 0.6200000047683716, 0.6230000257492065, 0.625, 0.621999979019165, 0.6209999918937683, 0.6209999918937683, 0.6169999837875366, 0.6140000224113464, 0.6179999709129333, 0.6179999709129333, 0.6190000176429749, 0.6209999918937683, 0.6150000095367432, 0.6150000095367432, 0.6150000095367432, 0.6169999837875366, 0.6159999966621399, 0.6209999918937683, 0.6179999709129333, 0.6179999709129333, 0.6169999837875366, 0.6159999966621399, 0.621999979019165, 0.6100000143051147, 0.6069999933242798, 0.609000027179718, 0.6150000095367432, 0.6169999837875366, 0.6190000176429749, 0.6150000095367432, 0.6230000257492065, 0.6240000128746033, 0.6240000128746033, 0.6240000128746033, 0.6230000257492065, 0.6209999918937683, 0.6269999742507935, 0.6330000162124634, 0.6359999775886536, 0.6370000243186951, 0.628000020980835, 0.6259999871253967, 0.6269999742507935, 0.6309999823570251, 0.6359999775886536, 0.6340000033378601, 0.6309999823570251, 0.628000020980835, 0.625, 0.625, 0.6299999952316284, 0.6309999823570251, 0.6330000162124634, 0.6330000162124634, 0.6330000162124634, 0.6309999823570251, 0.6349999904632568, 0.6420000195503235, 0.6489999890327454, 0.6520000100135803, 0.6520000100135803, 0.6620000004768372, 0.6610000133514404, 0.6570000052452087, 0.6600000262260437, 0.6600000262260437, 0.6600000262260437, 0.6610000133514404, 0.6620000004768372, 0.6690000295639038, 0.6650000214576721, 0.6759999990463257, 0.6669999957084656, 0.6650000214576721, 0.6700000166893005]
intensities: [990.0, 1016.0, 1095.0, 1129.0, 1132.0, 1132.0, 1171.0, 1205.0, 1205.0, 1250.0, 1274.0, 1262.0, 1289.0, 1280.0, 1212.0, 1179.0, 1080.0, 847.0, 886.0, 850.0, 915.0, 1011.0, 1023.0, 1021.0, 1027.0, 1013.0, 983.0, 990.0, 1064.0, 1057.0, 1112.0, 1162.0, 1275.0, 1259.0, 1340.0, 1369.0, 1372.0, 1418.0, 1418.0, 1444.0, 1454.0, 1484.0, 1484.0, 1482.0, 1484.0, 1474.0, 1477.0, 1495.0, 1496.0, 1492.0, 1476.0, 1472.0, 1481.0, 1470.0, 1476.0, 1467.0, 1467.0, 1470.0, 1461.0, 1464.0, 1467.0, 1466.0, 1453.0, 1455.0, 1450.0, 1446.0, 1444.0, 1460.0, 1464.0, 1466.0, 1451.0, 1430.0, 1435.0, 1440.0, 1451.0, 1428.0, 1427.0, 1424.0, 1424.0, 1423.0, 1435.0, 1433.0, 1426.0, 1430.0, 1430.0, 1387.0, 1405.0, 1409.0, 1409.0, 1416.0, 1428.0, 1437.0, 1421.0, 1405.0, 1399.0, 1395.0, 1386.0, 1389.0, 1389.0, 1362.0, 1367.0, 1359.0, 1381.0, 1370.0, 1355.0, 1363.0, 1339.0, 1336.0, 1330.0, 1342.0, 1357.0, 1367.0, 1357.0, 1365.0, 1336.0, 1327.0, 1320.0, 1334.0, 1314.0, 1338.0, 1313.0, 1310.0, 1310.0, 1319.0, 1310.0, 1304.0, 1304.0, 1295.0, 1295.0, 1288.0, 1281.0, 1284.0, 1280.0, 1276.0, 1274.0, 1276.0, 1275.0, 1276.0, 1276.0, 1275.0, 1270.0, 1263.0, 1271.0, 1281.0, 1277.0, 1285.0, 1261.0, 1261.0, 1247.0, 1256.0, 1250.0, 1252.0, 1249.0, 1248.0, 1266.0, 1282.0, 1282.0, 1286.0, 1286.0, 1287.0, 1287.0, 1293.0, 1289.0, 1275.0, 1286.0, 1283.0, 1289.0, 1284.0, 1283.0, 1276.0, 1286.0, 1289.0, 1289.0, 1283.0, 1276.0, 1286.0, 1250.0, 1264.0, 1254.0, 1261.0, 1243.0, 1245.0, 1229.0, 1222.0, 1209.0, 1198.0, 1196.0, 1200.0, 1195.0, 1187.0, 1180.0, 1177.0, 1182.0, 1183.0, 1183.0, 1168.0, 1169.0, 1156.0, 1167.0, 1160.0, 1160.0, 1155.0, 1136.0, 1140.0, 1130.0, 1122.0, 1114.0, 1113.0, 1121.0, 1135.0, 1125.0, 1140.0, 1152.0, 1149.0, 1146.0, 1136.0, 1141.0, 1141.0, 1135.0, 1127.0, 1119.0, 1105.0, 1113.0, 1099.0, 1096.0, 1095.0, 1094.0, 1090.0, 1090.0, 1076.0, 1071.0, 1091.0, 1102.0, 1108.0, 1088.0, 1124.0, 1114.0, 1097.0, 1108.0, 1100.0, 1084.0, 1084.0, 1063.0, 1043.0, 1037.0, 1030.0, 1032.0, 998.0, 985.0, 973.0, 1103.0, 1506.0, 1633.0, 475.0, 877.0, 890.0, 899.0, 893.0, 901.0, 902.0, 908.0, 902.0, 901.0, 910.0, 914.0, 925.0, 913.0, 920.0, 915.0, 911.0, 912.0, 921.0, 908.0, 906.0, 912.0, 921.0, 919.0, 924.0, 927.0, 933.0, 921.0, 929.0, 931.0, 927.0, 927.0, 940.0, 928.0, 937.0, 943.0, 936.0, 949.0, 941.0, 936.0, 947.0, 953.0, 963.0, 956.0, 958.0, 959.0, 971.0, 971.0, 964.0, 964.0, 976.0, 977.0, 981.0, 990.0, 974.0, 979.0, 988.0, 984.0, 997.0, 985.0, 987.0, 1000.0, 998.0, 1010.0, 1013.0, 1008.0, 1009.0, 1029.0, 1020.0, 1031.0, 1034.0, 1020.0, 1026.0, 1042.0, 1039.0, 1031.0, 1044.0, 1045.0, 1056.0, 1060.0, 1053.0, 1076.0, 1055.0, 1083.0, 1071.0, 1088.0, 1075.0, 1076.0, 1074.0, 1089.0, 1096.0, 1081.0, 1091.0, 1095.0, 1103.0, 1111.0, 1090.0, 1106.0, 1095.0, 1092.0, 1099.0, 1099.0, 1107.0, 1087.0, 1096.0, 1095.0, 1094.0, 1095.0, 1088.0, 1095.0, 1108.0, 1087.0, 1094.0, 1098.0, 1095.0, 1095.0, 1091.0, 1107.0, 1104.0, 1117.0, 1110.0, 1118.0, 1114.0, 1126.0, 1126.0, 1123.0, 1120.0, 1122.0, 1121.0, 1133.0, 1122.0, 1120.0, 1124.0, 1129.0, 1129.0, 1131.0, 1131.0, 1133.0, 1139.0, 1138.0, 1138.0, 1144.0, 1153.0, 1163.0, 1152.0, 1155.0, 1152.0, 1152.0, 1152.0, 1157.0, 1159.0, 1152.0, 1158.0, 1160.0, 1159.0, 1156.0, 1157.0, 1159.0, 1144.0, 1137.0, 1141.0, 1149.0, 1148.0, 1150.0, 1155.0, 1170.0, 1170.0, 1170.0, 1176.0, 1185.0, 1200.0, 1209.0, 1211.0, 1214.0, 1231.0, 1225.0, 1237.0, 1267.0, 1260.0, 1279.0, 1325.0, 1325.0, 1320.0, 1330.0, 1334.0, 1336.0, 1342.0, 1346.0, 1351.0, 1350.0, 1341.0, 1366.0, 1367.0, 1361.0, 1363.0, 1369.0, 1373.0, 1365.0, 1379.0, 1387.0, 1373.0, 1370.0, 1390.0, 1393.0, 1396.0, 1403.0, 1404.0, 1393.0, 1412.0, 1399.0, 1394.0, 1385.0, 1389.0, 1406.0, 1406.0, 1406.0, 1401.0, 1399.0, 1398.0, 1402.0, 1393.0, 1403.0, 1403.0, 1404.0, 1394.0, 1404.0, 1398.0, 1395.0, 1402.0, 1406.0, 1406.0, 1401.0, 1406.0, 1401.0, 1411.0, 1405.0, 1397.0, 1390.0, 1390.0, 1416.0, 1416.0, 1417.0, 1410.0, 1403.0, 1414.0, 1417.0, 1416.0, 1417.0, 1419.0, 1430.0, 1430.0, 1415.0, 1413.0, 1415.0, 1414.0, 1428.0, 1416.0, 1417.0, 1418.0, 1418.0, 1416.0, 1417.0, 1422.0, 1407.0, 1409.0, 1409.0, 1409.0, 1412.0, 1410.0, 1408.0, 1414.0, 1406.0, 1410.0, 1410.0, 1403.0, 1410.0, 1417.0, 1420.0, 1428.0, 1426.0, 1426.0, 1412.0, 1411.0, 1416.0, 1425.0, 1414.0, 1402.0, 1414.0, 1430.0, 1421.0, 1429.0, 1429.0, 1440.0, 1455.0, 1452.0, 1443.0, 1437.0, 1444.0, 1453.0, 1447.0, 1449.0, 1450.0, 1447.0, 1446.0, 1453.0, 1460.0, 1459.0, 1464.0, 1463.0, 1459.0, 1460.0, 1462.0, 1442.0, 1457.0, 1457.0, 1453.0, 1453.0, 1465.0, 1468.0, 1460.0, 1469.0, 1483.0, 1489.0, 1489.0, 1474.0, 1464.0, 1463.0, 1476.0, 1475.0, 1468.0, 1467.0, 1467.0, 1464.0, 1476.0, 1476.0, 1472.0, 1470.0, 1479.0, 1478.0, 1467.0, 1463.0, 1474.0, 1474.0, 1466.0, 1479.0, 1475.0, 1475.0, 1473.0, 1470.0, 1459.0, 1452.0, 1482.0, 1480.0, 1489.0, 1482.0, 1476.0, 1487.0, 1492.0, 1501.0, 1501.0, 1503.0, 1499.0, 1492.0, 1513.0, 1526.0, 1511.0, 1509.0, 1509.0, 1513.0, 1508.0, 1517.0, 1522.0, 1511.0, 1514.0, 1517.0, 1532.0, 1529.0, 1523.0, 1512.0, 1523.0, 1523.0, 1528.0, 1524.0, 1521.0, 1528.0, 1526.0, 1538.0, 1533.0, 1534.0, 1540.0, 1540.0, 1509.0, 1530.0, 1530.0, 1543.0, 1527.0, 1543.0, 1545.0, 1563.0, 1561.0, 1559.0, 1561.0, 1546.0, 1576.0, 1572.0, 1568.0, 1563.0, 1563.0, 1564.0, 1578.0, 1583.0, 1577.0, 1578.0, 1586.0, 1580.0, 1582.0, 1588.0, 1588.0, 1589.0, 1589.0, 1591.0, 1586.0, 1593.0, 1593.0, 1594.0, 1597.0, 1598.0, 1598.0, 1597.0, 1597.0, 1598.0, 1602.0, 1596.0, 1600.0, 1601.0, 1604.0, 1604.0, 1603.0, 1601.0, 1609.0, 1605.0, 1606.0, 1608.0, 1609.0, 1608.0, 1609.0, 1601.0, 1607.0, 1609.0, 1611.0, 1615.0, 1615.0, 1615.0, 1615.0, 1616.0, 1616.0, 1616.0, 1616.0, 1617.0, 1617.0, 1619.0, 1624.0, 1622.0, 1619.0, 1619.0, 1622.0, 1628.0, 1628.0, 1625.0, 1628.0, 1628.0, 1625.0, 1617.0, 1617.0, 1627.0, 1627.0, 1625.0, 1630.0, 1622.0, 1615.0, 1630.0, 1630.0, 1631.0, 1609.0, 1630.0, 1631.0, 1629.0, 1629.0, 1634.0, 1634.0, 1635.0, 1635.0, 1635.0, 1621.0, 1628.0, 1628.0, 1637.0, 1636.0, 1637.0, 1639.0, 1641.0, 1642.0, 1641.0, 1641.0, 1627.0, 1633.0, 1634.0, 1617.0, 1620.0, 1633.0, 1638.0, 1634.0, 1626.0, 1632.0, 1636.0, 1645.0, 1616.0, 1632.0, 1622.0, 1619.0, 1626.0, 1626.0, 1620.0, 1620.0, 1620.0, 1622.0, 1620.0, 1632.0, 1590.0, 1591.0, 1601.0, 1584.0, 1592.0, 1597.0, 1594.0, 1594.0, 1597.0, 1597.0, 1581.0, 1573.0, 1587.0, 1602.0, 1590.0, 1583.0, 1581.0, 1571.0, 1581.0, 1592.0, 1592.0, 1566.0, 1575.0, 1575.0, 1550.0, 1580.0, 1574.0, 1578.0, 1571.0, 1539.0, 1540.0, 1523.0, 1561.0, 1557.0, 1553.0, 1576.0, 1556.0, 1548.0, 1556.0, 1557.0, 1550.0, 1561.0, 1560.0, 1557.0, 1536.0, 1553.0, 1540.0, 1542.0, 1525.0, 1525.0, 1536.0, 1529.0, 1525.0, 1501.0, 1510.0, 1509.0, 1502.0, 1526.0, 1518.0, 1493.0, 1480.0, 1483.0, 1483.0, 1486.0, 1486.0, 1486.0, 1471.0, 1475.0, 1481.0, 1457.0, 1466.0, 1474.0, 1474.0, 1430.0, 1482.0, 1484.0, 1459.0, 1435.0, 1430.0, 1430.0, 1463.0, 1453.0, 1443.0, 1439.0, 1443.0, 1426.0, 1426.0, 1420.0, 1412.0, 1418.0, 1418.0, 1418.0, 1422.0, 1404.0, 1404.0, 1426.0, 1419.0, 1402.0, 1416.0, 1417.0, 1401.0, 1401.0, 1396.0, 1404.0, 1400.0, 1395.0, 1391.0, 1395.0, 1398.0, 1386.0, 1386.0, 1384.0, 1375.0, 1384.0, 1384.0, 1369.0, 1366.0, 1373.0, 1358.0, 1358.0, 1397.0, 1391.0, 1380.0, 1404.0, 1391.0, 1381.0, 1383.0, 1397.0, 1398.0, 1385.0, 1375.0, 1359.0, 1363.0, 1359.0, 1363.0, 1363.0, 1352.0, 1358.0, 1342.0, 1358.0, 1338.0, 1358.0, 1351.0, 1345.0, 1335.0, 1339.0, 1350.0, 1344.0, 1340.0, 1345.0, 1338.0, 1337.0, 1334.0, 1337.0, 1337.0, 1365.0, 1331.0, 1324.0, 1324.0, 1339.0, 1300.0, 1321.0, 1309.0, 1300.0, 1284.0, 1271.0, 1284.0, 1281.0, 1287.0, 1287.0, 1292.0, 1297.0, 1300.0, 1308.0, 1300.0, 1301.0, 1301.0, 1294.0, 1309.0, 1299.0, 1290.0, 1309.0, 1314.0, 1301.0, 1299.0, 1310.0, 1316.0, 1308.0, 1320.0, 1336.0, 1308.0, 1324.0, 1350.0, 1336.0, 1340.0, 1326.0, 1330.0, 1332.0, 1338.0, 1343.0, 1345.0, 1327.0, 1327.0, 1355.0, 1352.0, 1344.0, 1351.0, 1359.0, 1344.0, 1346.0, 1352.0, 1357.0, 1348.0, 1360.0, 1355.0, 1369.0, 1358.0, 1357.0, 1354.0, 1350.0, 1350.0, 1364.0, 1382.0, 1375.0, 1378.0, 1378.0, 1386.0, 1385.0, 1381.0, 1394.0, 1394.0, 1393.0, 1379.0, 1405.0, 1405.0, 1401.0, 1398.0, 1414.0, 1422.0, 1419.0, 1414.0, 1419.0, 1416.0, 1417.0, 1422.0, 1420.0, 1420.0, 1424.0, 1424.0, 1422.0, 1426.0, 1425.0, 1424.0, 1426.0, 1422.0, 1421.0, 1418.0, 1424.0, 1430.0, 1418.0, 1419.0, 1445.0, 1423.0, 1424.0, 1435.0, 1445.0, 1453.0, 1447.0, 1446.0, 1434.0, 1434.0, 1445.0, 1443.0, 1451.0, 1464.0, 1462.0, 1464.0, 1464.0, 1459.0, 1462.0, 1448.0, 1437.0, 1448.0, 1450.0, 1455.0, 1455.0, 1444.0, 1442.0, 1439.0, 1435.0, 1435.0, 1449.0, 1436.0, 1424.0, 1435.0, 1427.0, 1450.0, 1441.0, 1423.0, 1430.0]